

15:30:27	17/03/21


Ell Cont: 5,0x10,0

SMU1	V name:		V1
	I name:		I1
	Mode:		V
	Function:	VAR1
SMU2	V name:		V2
	I name:		I2
	Mode:		common
	Function:	const.
SMU3	off
SMU4	off
VMUs	off

Primary Source (VAR1):	single
	Sweep Spacing:	linear
	Start:		-0.500000
	Stop:		0.500000
	Step:		0.010000
	Compliance:	0.050000
Power Compliance OFF

Timing:		Integration Time:	medium
	Delay Time (sec):	0.000000
	Hold Time (sec):	0.000000
	Wait Time (sec):	1.000000

Secondary Source (VAR2):	OFF


   V1	   I1	Abs(I)	J (A\um²)	Abs(J)
-5.000000E-1	-8.429410E-6	8.429410E-6	-2.146527E-7	2.146527E-7
-4.900000E-1	-8.132720E-6	8.132720E-6	-2.070975E-7	2.070975E-7
-4.800000E-1	-7.894100E-6	7.894100E-6	-2.010211E-7	2.010211E-7
-4.700000E-1	-7.509360E-6	7.509360E-6	-1.912238E-7	1.912238E-7
-4.600000E-1	-7.243580E-6	7.243580E-6	-1.844558E-7	1.844558E-7
-4.500000E-1	-6.959620E-6	6.959620E-6	-1.772249E-7	1.772249E-7
-4.400000E-1	-6.715250E-6	6.715250E-6	-1.710020E-7	1.710020E-7
-4.300000E-1	-6.482040E-6	6.482040E-6	-1.650634E-7	1.650634E-7
-4.200000E-1	-6.324720E-6	6.324720E-6	-1.610573E-7	1.610573E-7
-4.100000E-1	-6.075890E-6	6.075890E-6	-1.547209E-7	1.547209E-7
-4.000000E-1	-5.853990E-6	5.853990E-6	-1.490703E-7	1.490703E-7
-3.900000E-1	-5.644220E-6	5.644220E-6	-1.437285E-7	1.437285E-7
-3.800000E-1	-5.426030E-6	5.426030E-6	-1.381724E-7	1.381724E-7
-3.700000E-1	-5.231090E-6	5.231090E-6	-1.332083E-7	1.332083E-7
-3.600000E-1	-5.035970E-6	5.035970E-6	-1.282396E-7	1.282396E-7
-3.500000E-1	-4.831070E-6	4.831070E-6	-1.230219E-7	1.230219E-7
-3.400000E-1	-4.653660E-6	4.653660E-6	-1.185042E-7	1.185042E-7
-3.300000E-1	-4.478230E-6	4.478230E-6	-1.140369E-7	1.140369E-7
-3.200000E-1	-4.290120E-6	4.290120E-6	-1.092468E-7	1.092468E-7
-3.100000E-1	-4.099280E-6	4.099280E-6	-1.043871E-7	1.043871E-7
-3.000000E-1	-3.925180E-6	3.925180E-6	-9.995365E-8	9.995365E-8
-2.900000E-1	-3.750220E-6	3.750220E-6	-9.549834E-8	9.549834E-8
-2.800000E-1	-3.561440E-6	3.561440E-6	-9.069111E-8	9.069111E-8
-2.700000E-1	-3.399250E-6	3.399250E-6	-8.656099E-8	8.656099E-8
-2.600000E-1	-3.231290E-6	3.231290E-6	-8.228393E-8	8.228393E-8
-2.500000E-1	-3.067510E-6	3.067510E-6	-7.811332E-8	7.811332E-8
-2.400000E-1	-2.895030E-6	2.895030E-6	-7.372116E-8	7.372116E-8
-2.300000E-1	-2.733440E-6	2.733440E-6	-6.960631E-8	6.960631E-8
-2.200000E-1	-2.579940E-6	2.579940E-6	-6.569748E-8	6.569748E-8
-2.100000E-1	-2.416050E-6	2.416050E-6	-6.152406E-8	6.152406E-8
-2.000000E-1	-2.265580E-6	2.265580E-6	-5.769239E-8	5.769239E-8
-1.900000E-1	-2.129900E-6	2.129900E-6	-5.423733E-8	5.423733E-8
-1.800000E-1	-1.994410E-6	1.994410E-6	-5.078711E-8	5.078711E-8
-1.700000E-1	-1.868890E-6	1.868890E-6	-4.759078E-8	4.759078E-8
-1.600000E-1	-1.737880E-6	1.737880E-6	-4.425465E-8	4.425465E-8
-1.500000E-1	-1.617100E-6	1.617100E-6	-4.117902E-8	4.117902E-8
-1.400000E-1	-1.499990E-6	1.499990E-6	-3.819684E-8	3.819684E-8
-1.300000E-1	-1.377460E-6	1.377460E-6	-3.507665E-8	3.507665E-8
-1.200000E-1	-1.261040E-6	1.261040E-6	-3.211204E-8	3.211204E-8
-1.100000E-1	-1.148350E-6	1.148350E-6	-2.924242E-8	2.924242E-8
-1.000000E-1	-1.033330E-6	1.033330E-6	-2.631347E-8	2.631347E-8
-9.000000E-2	-9.229120E-7	9.229120E-7	-2.350171E-8	2.350171E-8
-8.000000E-2	-8.129270E-7	8.129270E-7	-2.070097E-8	2.070097E-8
-7.000000E-2	-7.059900E-7	7.059900E-7	-1.797785E-8	1.797785E-8
-6.000000E-2	-6.013320E-7	6.013320E-7	-1.531276E-8	1.531276E-8
-5.000000E-2	-4.979230E-7	4.979230E-7	-1.267948E-8	1.267948E-8
-4.000000E-2	-3.959810E-7	3.959810E-7	-1.008355E-8	1.008355E-8
-3.000000E-2	-2.943870E-7	2.943870E-7	-7.496486E-9	7.496486E-9
-2.000000E-2	-1.942490E-7	1.942490E-7	-4.946499E-9	4.946499E-9
-1.000000E-2	-9.610340E-8	9.610340E-8	-2.447247E-9	2.447247E-9
0.000000E+0	2.330140E-9	2.330140E-9	5.933639E-11	5.933639E-11
1.000000E-2	9.937600E-8	9.937600E-8	2.530583E-9	2.530583E-9
2.000000E-2	1.991970E-7	1.991970E-7	5.072498E-9	5.072498E-9
3.000000E-2	2.995360E-7	2.995360E-7	7.627604E-9	7.627604E-9
4.000000E-2	4.005950E-7	4.005950E-7	1.020104E-8	1.020104E-8
5.000000E-2	5.026390E-7	5.026390E-7	1.279957E-8	1.279957E-8
6.000000E-2	6.062150E-7	6.062150E-7	1.543710E-8	1.543710E-8
7.000000E-2	7.124700E-7	7.124700E-7	1.814286E-8	1.814286E-8
8.000000E-2	8.184080E-7	8.184080E-7	2.084054E-8	2.084054E-8
9.000000E-2	9.275030E-7	9.275030E-7	2.361861E-8	2.361861E-8
1.000000E-1	1.039729E-6	1.039729E-6	2.647642E-8	2.647642E-8
1.100000E-1	1.152120E-6	1.152120E-6	2.933843E-8	2.933843E-8
1.200000E-1	1.267990E-6	1.267990E-6	3.228902E-8	3.228902E-8
1.300000E-1	1.387530E-6	1.387530E-6	3.533308E-8	3.533308E-8
1.400000E-1	1.511210E-6	1.511210E-6	3.848256E-8	3.848256E-8
1.500000E-1	1.636790E-6	1.636790E-6	4.168042E-8	4.168042E-8
1.600000E-1	1.769570E-6	1.769570E-6	4.506162E-8	4.506162E-8
1.700000E-1	1.901020E-6	1.901020E-6	4.840896E-8	4.840896E-8
1.800000E-1	2.039260E-6	2.039260E-6	5.192921E-8	5.192921E-8
1.900000E-1	2.167460E-6	2.167460E-6	5.519379E-8	5.519379E-8
2.000000E-1	2.317590E-6	2.317590E-6	5.901681E-8	5.901681E-8
2.100000E-1	2.460850E-6	2.460850E-6	6.266488E-8	6.266488E-8
2.200000E-1	2.609380E-6	2.609380E-6	6.644716E-8	6.644716E-8
2.300000E-1	2.762240E-6	2.762240E-6	7.033970E-8	7.033970E-8
2.400000E-1	2.914750E-6	2.914750E-6	7.422332E-8	7.422332E-8
2.500000E-1	3.077550E-6	3.077550E-6	7.836898E-8	7.836898E-8
2.600000E-1	3.235760E-6	3.235760E-6	8.239776E-8	8.239776E-8
2.700000E-1	3.397130E-6	3.397130E-6	8.650700E-8	8.650700E-8
2.800000E-1	3.554690E-6	3.554690E-6	9.051922E-8	9.051922E-8
2.900000E-1	3.728860E-6	3.728860E-6	9.495442E-8	9.495442E-8
3.000000E-1	3.905130E-6	3.905130E-6	9.944309E-8	9.944309E-8
3.100000E-1	4.094290E-6	4.094290E-6	1.042600E-7	1.042600E-7
3.200000E-1	4.280060E-6	4.280060E-6	1.089906E-7	1.089906E-7
3.300000E-1	4.477440E-6	4.477440E-6	1.140168E-7	1.140168E-7
3.400000E-1	4.690410E-6	4.690410E-6	1.194400E-7	1.194400E-7
3.500000E-1	4.901550E-6	4.901550E-6	1.248167E-7	1.248167E-7
3.600000E-1	5.116420E-6	5.116420E-6	1.302883E-7	1.302883E-7
3.700000E-1	5.324200E-6	5.324200E-6	1.355793E-7	1.355793E-7
3.800000E-1	5.534960E-6	5.534960E-6	1.409463E-7	1.409463E-7
3.900000E-1	5.749200E-6	5.749200E-6	1.464018E-7	1.464018E-7
4.000000E-1	5.969590E-6	5.969590E-6	1.520140E-7	1.520140E-7
4.100000E-1	6.211690E-6	6.211690E-6	1.581790E-7	1.581790E-7
4.200000E-1	6.387040E-6	6.387040E-6	1.626443E-7	1.626443E-7
4.300000E-1	6.640930E-6	6.640930E-6	1.691095E-7	1.691095E-7
4.400000E-1	6.895880E-6	6.895880E-6	1.756017E-7	1.756017E-7
4.500000E-1	7.096180E-6	7.096180E-6	1.807023E-7	1.807023E-7
4.600000E-1	7.370300E-6	7.370300E-6	1.876827E-7	1.876827E-7
4.700000E-1	7.639600E-6	7.639600E-6	1.945404E-7	1.945404E-7
4.800000E-1	7.842320E-6	7.842320E-6	1.997026E-7	1.997026E-7
4.900000E-1	8.042170E-6	8.042170E-6	2.047917E-7	2.047917E-7
5.000000E-1	8.288670E-6	8.288670E-6	2.110688E-7	2.110688E-7
