

15:20:44	17/03/21


Ell Cont: 5,0x10,0

SMU1	V name:		V1
	I name:		I1
	Mode:		V
	Function:	VAR1
SMU2	V name:		V2
	I name:		I2
	Mode:		common
	Function:	const.
SMU3	off
SMU4	off
VMUs	off

Primary Source (VAR1):	single
	Sweep Spacing:	linear
	Start:		-1.500000
	Stop:		1.500000
	Step:		0.010000
	Compliance:	0.050000
Power Compliance OFF

Timing:		Integration Time:	medium
	Delay Time (sec):	0.000000
	Hold Time (sec):	0.000000
	Wait Time (sec):	1.000000

Secondary Source (VAR2):	OFF


   V1	   I1	Abs(I)	J (A\µm²)	Abs(J)
-1.500000E+0	-1.145650E-2	1.145650E-2	-2.917367E-4	2.917367E-4
-1.490000E+0	-1.022120E-2	1.022120E-2	-2.602801E-4	2.602801E-4
-1.480000E+0	-1.100860E-2	1.100860E-2	-2.803310E-4	2.803310E-4
-1.470000E+0	-1.078920E-2	1.078920E-2	-2.747441E-4	2.747441E-4
-1.460000E+0	-1.163110E-2	1.163110E-2	-2.961828E-4	2.961828E-4
-1.450000E+0	-1.235360E-2	1.235360E-2	-3.145811E-4	3.145811E-4
-1.440000E+0	-1.087520E-2	1.087520E-2	-2.769340E-4	2.769340E-4
-1.430000E+0	-1.016640E-2	1.016640E-2	-2.588846E-4	2.588846E-4
-1.420000E+0	-9.680460E-3	9.680460E-3	-2.465103E-4	2.465103E-4
-1.410000E+0	-9.483780E-3	9.483780E-3	-2.415019E-4	2.415019E-4
-1.400000E+0	-1.026316E-2	1.026316E-2	-2.613486E-4	2.613486E-4
-1.390000E+0	-1.081090E-2	1.081090E-2	-2.752967E-4	2.752967E-4
-1.380000E+0	-1.022992E-2	1.022992E-2	-2.605022E-4	2.605022E-4
-1.370000E+0	-1.055868E-2	1.055868E-2	-2.688739E-4	2.688739E-4
-1.360000E+0	-1.039340E-2	1.039340E-2	-2.646651E-4	2.646651E-4
-1.350000E+0	-1.047517E-2	1.047517E-2	-2.667474E-4	2.667474E-4
-1.340000E+0	-1.091056E-2	1.091056E-2	-2.778345E-4	2.778345E-4
-1.330000E+0	-1.061617E-2	1.061617E-2	-2.703379E-4	2.703379E-4
-1.320000E+0	-1.057213E-2	1.057213E-2	-2.692164E-4	2.692164E-4
-1.310000E+0	-1.012388E-2	1.012388E-2	-2.578019E-4	2.578019E-4
-1.300000E+0	-1.010084E-2	1.010084E-2	-2.572152E-4	2.572152E-4
-1.290000E+0	-9.947330E-3	9.947330E-3	-2.533061E-4	2.533061E-4
-1.280000E+0	-1.006059E-2	1.006059E-2	-2.561902E-4	2.561902E-4
-1.270000E+0	-9.982710E-3	9.982710E-3	-2.542070E-4	2.542070E-4
-1.260000E+0	-9.995150E-3	9.995150E-3	-2.545238E-4	2.545238E-4
-1.250000E+0	-9.916830E-3	9.916830E-3	-2.525294E-4	2.525294E-4
-1.240000E+0	-9.891370E-3	9.891370E-3	-2.518811E-4	2.518811E-4
-1.230000E+0	-9.865980E-3	9.865980E-3	-2.512345E-4	2.512345E-4
-1.220000E+0	-9.754550E-3	9.754550E-3	-2.483970E-4	2.483970E-4
-1.210000E+0	-9.641920E-3	9.641920E-3	-2.455289E-4	2.455289E-4
-1.200000E+0	-9.461750E-3	9.461750E-3	-2.409409E-4	2.409409E-4
-1.190000E+0	-9.338720E-3	9.338720E-3	-2.378080E-4	2.378080E-4
-1.180000E+0	-9.190900E-3	9.190900E-3	-2.340438E-4	2.340438E-4
-1.170000E+0	-9.075990E-3	9.075990E-3	-2.311176E-4	2.311176E-4
-1.160000E+0	-8.932260E-3	8.932260E-3	-2.274576E-4	2.274576E-4
-1.150000E+0	-8.794380E-3	8.794380E-3	-2.239465E-4	2.239465E-4
-1.140000E+0	-8.584700E-3	8.584700E-3	-2.186071E-4	2.186071E-4
-1.130000E+0	-8.409970E-3	8.409970E-3	-2.141576E-4	2.141576E-4
-1.120000E+0	-8.280780E-3	8.280780E-3	-2.108678E-4	2.108678E-4
-1.110000E+0	-8.126340E-3	8.126340E-3	-2.069351E-4	2.069351E-4
-1.100000E+0	-7.945130E-3	7.945130E-3	-2.023206E-4	2.023206E-4
-1.090000E+0	-7.774110E-3	7.774110E-3	-1.979656E-4	1.979656E-4
-1.080000E+0	-7.843190E-3	7.843190E-3	-1.997247E-4	1.997247E-4
-1.070000E+0	-7.497220E-3	7.497220E-3	-1.909147E-4	1.909147E-4
-1.060000E+0	-7.070400E-3	7.070400E-3	-1.800458E-4	1.800458E-4
-1.050000E+0	-6.832510E-3	6.832510E-3	-1.739880E-4	1.739880E-4
-1.040000E+0	-6.676600E-3	6.676600E-3	-1.700178E-4	1.700178E-4
-1.030000E+0	-6.516450E-3	6.516450E-3	-1.659396E-4	1.659396E-4
-1.020000E+0	-6.402580E-3	6.402580E-3	-1.630400E-4	1.630400E-4
-1.010000E+0	-6.228040E-3	6.228040E-3	-1.585954E-4	1.585954E-4
-1.000000E+0	-6.023550E-3	6.023550E-3	-1.533881E-4	1.533881E-4
-9.900000E-1	-5.873080E-3	5.873080E-3	-1.495564E-4	1.495564E-4
-9.800000E-1	-5.676250E-3	5.676250E-3	-1.445442E-4	1.445442E-4
-9.700000E-1	-5.520940E-3	5.520940E-3	-1.405893E-4	1.405893E-4
-9.600000E-1	-5.390560E-3	5.390560E-3	-1.372692E-4	1.372692E-4
-9.500000E-1	-5.246470E-3	5.246470E-3	-1.335999E-4	1.335999E-4
-9.400000E-1	-5.099310E-3	5.099310E-3	-1.298526E-4	1.298526E-4
-9.300000E-1	-4.966530E-3	4.966530E-3	-1.264714E-4	1.264714E-4
-9.200000E-1	-4.841860E-3	4.841860E-3	-1.232967E-4	1.232967E-4
-9.100000E-1	-4.710810E-3	4.710810E-3	-1.199595E-4	1.199595E-4
-9.000000E-1	-4.583710E-3	4.583710E-3	-1.167229E-4	1.167229E-4
-8.900000E-1	-4.471780E-3	4.471780E-3	-1.138727E-4	1.138727E-4
-8.800000E-1	-4.343710E-3	4.343710E-3	-1.106114E-4	1.106114E-4
-8.700000E-1	-4.250220E-3	4.250220E-3	-1.082307E-4	1.082307E-4
-8.600000E-1	-4.154180E-3	4.154180E-3	-1.057851E-4	1.057851E-4
-8.500000E-1	-4.022610E-3	4.022610E-3	-1.024347E-4	1.024347E-4
-8.400000E-1	-3.916970E-3	3.916970E-3	-9.974459E-5	9.974459E-5
-8.300000E-1	-3.822150E-3	3.822150E-3	-9.733002E-5	9.733002E-5
-8.200000E-1	-3.735290E-3	3.735290E-3	-9.511816E-5	9.511816E-5
-8.100000E-1	-3.661810E-3	3.661810E-3	-9.324701E-5	9.324701E-5
-8.000000E-1	-3.581480E-3	3.581480E-3	-9.120142E-5	9.120142E-5
-7.900000E-1	-3.512200E-3	3.512200E-3	-8.943723E-5	8.943723E-5
-7.800000E-1	-3.438940E-3	3.438940E-3	-8.757168E-5	8.757168E-5
-7.700000E-1	-3.377810E-3	3.377810E-3	-8.601502E-5	8.601502E-5
-7.600000E-1	-3.299900E-3	3.299900E-3	-8.403107E-5	8.403107E-5
-7.500000E-1	-3.233510E-3	3.233510E-3	-8.234046E-5	8.234046E-5
-7.400000E-1	-3.178030E-3	3.178030E-3	-8.092768E-5	8.092768E-5
-7.300000E-1	-3.097100E-3	3.097100E-3	-7.886682E-5	7.886682E-5
-7.200000E-1	-3.036050E-3	3.036050E-3	-7.731220E-5	7.731220E-5
-7.100000E-1	-2.972330E-3	2.972330E-3	-7.568958E-5	7.568958E-5
-7.000000E-1	-2.914950E-3	2.914950E-3	-7.422842E-5	7.422842E-5
-6.900000E-1	-2.859040E-3	2.859040E-3	-7.280468E-5	7.280468E-5
-6.800000E-1	-2.812960E-3	2.812960E-3	-7.163127E-5	7.163127E-5
-6.700000E-1	-2.748030E-3	2.748030E-3	-6.997784E-5	6.997784E-5
-6.600000E-1	-2.697050E-3	2.697050E-3	-6.867965E-5	6.867965E-5
-6.500000E-1	-2.639090E-3	2.639090E-3	-6.720372E-5	6.720372E-5
-6.400000E-1	-2.589070E-3	2.589070E-3	-6.592997E-5	6.592997E-5
-6.300000E-1	-2.529010E-3	2.529010E-3	-6.440056E-5	6.440056E-5
-6.200000E-1	-2.472870E-3	2.472870E-3	-6.297097E-5	6.297097E-5
-6.100000E-1	-2.411030E-3	2.411030E-3	-6.139623E-5	6.139623E-5
-6.000000E-1	-2.358070E-3	2.358070E-3	-6.004762E-5	6.004762E-5
-5.900000E-1	-2.306740E-3	2.306740E-3	-5.874051E-5	5.874051E-5
-5.800000E-1	-2.249950E-3	2.249950E-3	-5.729437E-5	5.729437E-5
-5.700000E-1	-2.204500E-3	2.204500E-3	-5.613700E-5	5.613700E-5
-5.600000E-1	-2.151070E-3	2.151070E-3	-5.477642E-5	5.477642E-5
-5.500000E-1	-2.097590E-3	2.097590E-3	-5.341457E-5	5.341457E-5
-5.400000E-1	-2.043120E-3	2.043120E-3	-5.202750E-5	5.202750E-5
-5.300000E-1	-1.995740E-3	1.995740E-3	-5.082098E-5	5.082098E-5
-5.200000E-1	-1.951250E-3	1.951250E-3	-4.968806E-5	4.968806E-5
-5.100000E-1	-1.909930E-3	1.909930E-3	-4.863585E-5	4.863585E-5
-5.000000E-1	-1.858070E-3	1.858070E-3	-4.731525E-5	4.731525E-5
-4.900000E-1	-1.803420E-3	1.803420E-3	-4.592361E-5	4.592361E-5
-4.800000E-1	-1.755700E-3	1.755700E-3	-4.470843E-5	4.470843E-5
-4.700000E-1	-1.715000E-3	1.715000E-3	-4.367201E-5	4.367201E-5
-4.600000E-1	-1.653900E-3	1.653900E-3	-4.211612E-5	4.211612E-5
-4.500000E-1	-1.596910E-3	1.596910E-3	-4.066488E-5	4.066488E-5
-4.400000E-1	-1.553090E-3	1.553090E-3	-3.954902E-5	3.954902E-5
-4.300000E-1	-1.502620E-3	1.502620E-3	-3.826381E-5	3.826381E-5
-4.200000E-1	-1.452440E-3	1.452440E-3	-3.698599E-5	3.698599E-5
-4.100000E-1	-1.407310E-3	1.407310E-3	-3.583677E-5	3.583677E-5
-4.000000E-1	-1.354090E-3	1.354090E-3	-3.448154E-5	3.448154E-5
-3.900000E-1	-1.310860E-3	1.310860E-3	-3.338070E-5	3.338070E-5
-3.800000E-1	-1.266760E-3	1.266760E-3	-3.225770E-5	3.225770E-5
-3.700000E-1	-1.222500E-3	1.222500E-3	-3.113063E-5	3.113063E-5
-3.600000E-1	-1.176810E-3	1.176810E-3	-2.996715E-5	2.996715E-5
-3.500000E-1	-1.141390E-3	1.141390E-3	-2.906519E-5	2.906519E-5
-3.400000E-1	-1.091550E-3	1.091550E-3	-2.779603E-5	2.779603E-5
-3.300000E-1	-1.052160E-3	1.052160E-3	-2.679297E-5	2.679297E-5
-3.200000E-1	-1.011840E-3	1.011840E-3	-2.576623E-5	2.576623E-5
-3.100000E-1	-9.688540E-4	9.688540E-4	-2.467161E-5	2.467161E-5
-3.000000E-1	-9.255130E-4	9.255130E-4	-2.356794E-5	2.356794E-5
-2.900000E-1	-8.925950E-4	8.925950E-4	-2.272969E-5	2.272969E-5
-2.800000E-1	-8.582200E-4	8.582200E-4	-2.185434E-5	2.185434E-5
-2.700000E-1	-8.231790E-4	8.231790E-4	-2.096203E-5	2.096203E-5
-2.600000E-1	-7.883690E-4	7.883690E-4	-2.007560E-5	2.007560E-5
-2.500000E-1	-7.541700E-4	7.541700E-4	-1.920474E-5	1.920474E-5
-2.400000E-1	-7.198970E-4	7.198970E-4	-1.833198E-5	1.833198E-5
-2.300000E-1	-6.865920E-4	6.865920E-4	-1.748388E-5	1.748388E-5
-2.200000E-1	-6.505150E-4	6.505150E-4	-1.656519E-5	1.656519E-5
-2.100000E-1	-6.168090E-4	6.168090E-4	-1.570688E-5	1.570688E-5
-2.000000E-1	-5.851070E-4	5.851070E-4	-1.489959E-5	1.489959E-5
-1.900000E-1	-5.546890E-4	5.546890E-4	-1.412501E-5	1.412501E-5
-1.800000E-1	-5.205530E-4	5.205530E-4	-1.325574E-5	1.325574E-5
-1.700000E-1	-4.844990E-4	4.844990E-4	-1.233764E-5	1.233764E-5
-1.600000E-1	-4.542600E-4	4.542600E-4	-1.156761E-5	1.156761E-5
-1.500000E-1	-4.240430E-4	4.240430E-4	-1.079814E-5	1.079814E-5
-1.400000E-1	-3.954400E-4	3.954400E-4	-1.006977E-5	1.006977E-5
-1.300000E-1	-3.635200E-4	3.635200E-4	-9.256939E-6	9.256939E-6
-1.200000E-1	-3.340890E-4	3.340890E-4	-8.507487E-6	8.507487E-6
-1.100000E-1	-3.049190E-4	3.049190E-4	-7.764680E-6	7.764680E-6
-1.000000E-1	-2.770830E-4	2.770830E-4	-7.055844E-6	7.055844E-6
-9.000000E-2	-2.486530E-4	2.486530E-4	-6.331882E-6	6.331882E-6
-8.000000E-2	-2.206690E-4	2.206690E-4	-5.619277E-6	5.619277E-6
-7.000000E-2	-1.929380E-4	1.929380E-4	-4.913114E-6	4.913114E-6
-6.000000E-2	-1.648070E-4	1.648070E-4	-4.196766E-6	4.196766E-6
-5.000000E-2	-1.374050E-4	1.374050E-4	-3.498981E-6	3.498981E-6
-4.000000E-2	-1.095650E-4	1.095650E-4	-2.790043E-6	2.790043E-6
-3.000000E-2	-8.264040E-5	8.264040E-5	-2.104416E-6	2.104416E-6
-2.000000E-2	-5.508660E-5	5.508660E-5	-1.402765E-6	1.402765E-6
-1.000000E-2	-2.758940E-5	2.758940E-5	-7.025567E-7	7.025567E-7
0.000000E+0	-1.150468E-7	1.150468E-7	-2.929636E-9	2.929636E-9
1.000000E-2	2.666180E-5	2.666180E-5	6.789356E-7	6.789356E-7
2.000000E-2	5.320750E-5	5.320750E-5	1.354915E-6	1.354915E-6
3.000000E-2	7.954750E-5	7.954750E-5	2.025656E-6	2.025656E-6
4.000000E-2	1.062741E-4	1.062741E-4	2.706241E-6	2.706241E-6
5.000000E-2	1.327520E-4	1.327520E-4	3.380494E-6	3.380494E-6
6.000000E-2	1.596440E-4	1.596440E-4	4.065292E-6	4.065292E-6
7.000000E-2	1.863050E-4	1.863050E-4	4.744207E-6	4.744207E-6
8.000000E-2	2.124550E-4	2.124550E-4	5.410109E-6	5.410109E-6
9.000000E-2	2.384240E-4	2.384240E-4	6.071403E-6	6.071403E-6
1.000000E-1	2.623700E-4	2.623700E-4	6.681181E-6	6.681181E-6
1.100000E-1	2.905430E-4	2.905430E-4	7.398599E-6	7.398599E-6
1.200000E-1	3.157100E-4	3.157100E-4	8.039470E-6	8.039470E-6
1.300000E-1	3.432150E-4	3.432150E-4	8.739878E-6	8.739878E-6
1.400000E-1	3.691150E-4	3.691150E-4	9.399414E-6	9.399414E-6
1.500000E-1	3.983170E-4	3.983170E-4	1.014304E-5	1.014304E-5
1.600000E-1	4.234900E-4	4.234900E-4	1.078406E-5	1.078406E-5
1.700000E-1	4.515690E-4	4.515690E-4	1.149908E-5	1.149908E-5
1.800000E-1	4.818220E-4	4.818220E-4	1.226947E-5	1.226947E-5
1.900000E-1	5.123920E-4	5.123920E-4	1.304792E-5	1.304792E-5
2.000000E-1	5.385440E-4	5.385440E-4	1.371388E-5	1.371388E-5
2.100000E-1	5.638560E-4	5.638560E-4	1.435844E-5	1.435844E-5
2.200000E-1	5.901080E-4	5.901080E-4	1.502694E-5	1.502694E-5
2.300000E-1	6.121960E-4	6.121960E-4	1.558941E-5	1.558941E-5
2.400000E-1	6.376680E-4	6.376680E-4	1.623804E-5	1.623804E-5
2.500000E-1	6.680150E-4	6.680150E-4	1.701082E-5	1.701082E-5
2.600000E-1	6.873190E-4	6.873190E-4	1.750239E-5	1.750239E-5
2.700000E-1	7.107780E-4	7.107780E-4	1.809977E-5	1.809977E-5
2.800000E-1	7.309770E-4	7.309770E-4	1.861413E-5	1.861413E-5
2.900000E-1	7.527680E-4	7.527680E-4	1.916903E-5	1.916903E-5
3.000000E-1	7.792430E-4	7.792430E-4	1.984321E-5	1.984321E-5
3.100000E-1	8.007720E-4	8.007720E-4	2.039144E-5	2.039144E-5
3.200000E-1	8.302170E-4	8.302170E-4	2.114125E-5	2.114125E-5
3.300000E-1	8.519490E-4	8.519490E-4	2.169465E-5	2.169465E-5
3.400000E-1	8.801260E-4	8.801260E-4	2.241217E-5	2.241217E-5
3.500000E-1	8.989990E-4	8.989990E-4	2.289277E-5	2.289277E-5
3.600000E-1	9.147170E-4	9.147170E-4	2.329302E-5	2.329302E-5
3.700000E-1	9.401090E-4	9.401090E-4	2.393962E-5	2.393962E-5
3.800000E-1	9.606490E-4	9.606490E-4	2.446267E-5	2.446267E-5
3.900000E-1	9.963780E-4	9.963780E-4	2.537250E-5	2.537250E-5
4.000000E-1	1.018708E-3	1.018708E-3	2.594113E-5	2.594113E-5
4.100000E-1	9.897990E-4	9.897990E-4	2.520497E-5	2.520497E-5
4.200000E-1	1.009825E-3	1.009825E-3	2.571492E-5	2.571492E-5
4.300000E-1	1.017362E-3	1.017362E-3	2.590685E-5	2.590685E-5
4.400000E-1	1.040245E-3	1.040245E-3	2.648956E-5	2.648956E-5
4.500000E-1	1.606680E-3	1.606680E-3	4.091367E-5	4.091367E-5
4.600000E-1	1.339990E-3	1.339990E-3	3.412248E-5	3.412248E-5
4.700000E-1	1.303450E-3	1.303450E-3	3.319200E-5	3.319200E-5
4.800000E-1	1.346940E-3	1.346940E-3	3.429946E-5	3.429946E-5
4.900000E-1	1.371280E-3	1.371280E-3	3.491928E-5	3.491928E-5
5.000000E-1	1.378920E-3	1.378920E-3	3.511383E-5	3.511383E-5
5.100000E-1	1.387390E-3	1.387390E-3	3.532951E-5	3.532951E-5
5.200000E-1	1.238350E-3	1.238350E-3	3.153425E-5	3.153425E-5
5.300000E-1	1.202990E-3	1.202990E-3	3.063382E-5	3.063382E-5
5.400000E-1	1.227790E-3	1.227790E-3	3.126534E-5	3.126534E-5
5.500000E-1	1.278050E-3	1.278050E-3	3.254520E-5	3.254520E-5
5.600000E-1	1.265040E-3	1.265040E-3	3.221390E-5	3.221390E-5
5.700000E-1	1.281930E-3	1.281930E-3	3.264400E-5	3.264400E-5
5.800000E-1	1.304950E-3	1.304950E-3	3.323020E-5	3.323020E-5
5.900000E-1	1.342580E-3	1.342580E-3	3.418844E-5	3.418844E-5
6.000000E-1	1.406180E-3	1.406180E-3	3.580800E-5	3.580800E-5
6.100000E-1	1.465600E-3	1.465600E-3	3.732111E-5	3.732111E-5
6.200000E-1	1.571840E-3	1.571840E-3	4.002648E-5	4.002648E-5
6.300000E-1	1.598780E-3	1.598780E-3	4.071250E-5	4.071250E-5
6.400000E-1	1.607490E-3	1.607490E-3	4.093430E-5	4.093430E-5
6.500000E-1	1.695860E-3	1.695860E-3	4.318462E-5	4.318462E-5
6.600000E-1	2.026900E-3	2.026900E-3	5.161446E-5	5.161446E-5
6.700000E-1	2.203860E-3	2.203860E-3	5.612070E-5	5.612070E-5
6.800000E-1	2.545870E-3	2.545870E-3	6.482989E-5	6.482989E-5
6.900000E-1	3.007840E-3	3.007840E-3	7.659384E-5	7.659384E-5
7.000000E-1	3.203640E-3	3.203640E-3	8.157983E-5	8.157983E-5
7.100000E-1	3.400880E-3	3.400880E-3	8.660249E-5	8.660249E-5
7.200000E-1	3.889870E-3	3.889870E-3	9.905449E-5	9.905449E-5
7.300000E-1	3.950450E-3	3.950450E-3	1.005971E-4	1.005971E-4
7.400000E-1	4.099190E-3	4.099190E-3	1.043848E-4	1.043848E-4
7.500000E-1	3.729240E-3	3.729240E-3	9.496409E-5	9.496409E-5
7.600000E-1	4.144740E-3	4.144740E-3	1.055447E-4	1.055447E-4
7.700000E-1	4.362410E-3	4.362410E-3	1.110876E-4	1.110876E-4
7.800000E-1	4.357010E-3	4.357010E-3	1.109501E-4	1.109501E-4
7.900000E-1	4.841980E-3	4.841980E-3	1.232997E-4	1.232997E-4
8.000000E-1	5.284560E-3	5.284560E-3	1.345699E-4	1.345699E-4
8.100000E-1	5.271050E-3	5.271050E-3	1.342259E-4	1.342259E-4
8.200000E-1	5.401420E-3	5.401420E-3	1.375457E-4	1.375457E-4
8.300000E-1	5.344680E-3	5.344680E-3	1.361008E-4	1.361008E-4
8.400000E-1	4.972030E-3	4.972030E-3	1.266114E-4	1.266114E-4
8.500000E-1	5.043090E-3	5.043090E-3	1.284209E-4	1.284209E-4
8.600000E-1	5.290330E-3	5.290330E-3	1.347168E-4	1.347168E-4
8.700000E-1	5.368080E-3	5.368080E-3	1.366967E-4	1.366967E-4
8.800000E-1	5.578240E-3	5.578240E-3	1.420484E-4	1.420484E-4
8.900000E-1	5.655090E-3	5.655090E-3	1.440053E-4	1.440053E-4
9.000000E-1	5.506470E-3	5.506470E-3	1.402208E-4	1.402208E-4
9.100000E-1	5.595770E-3	5.595770E-3	1.424948E-4	1.424948E-4
9.200000E-1	5.723680E-3	5.723680E-3	1.457520E-4	1.457520E-4
9.300000E-1	5.690930E-3	5.690930E-3	1.449180E-4	1.449180E-4
9.400000E-1	5.745130E-3	5.745130E-3	1.462982E-4	1.462982E-4
9.500000E-1	6.693460E-3	6.693460E-3	1.704472E-4	1.704472E-4
9.600000E-1	6.663010E-3	6.663010E-3	1.696718E-4	1.696718E-4
9.700000E-1	6.897840E-3	6.897840E-3	1.756516E-4	1.756516E-4
9.800000E-1	6.707620E-3	6.707620E-3	1.708077E-4	1.708077E-4
9.900000E-1	5.984580E-3	5.984580E-3	1.523957E-4	1.523957E-4
1.000000E+0	6.662300E-3	6.662300E-3	1.696537E-4	1.696537E-4
1.010000E+0	7.132170E-3	7.132170E-3	1.816188E-4	1.816188E-4
1.020000E+0	6.453670E-3	6.453670E-3	1.643410E-4	1.643410E-4
1.030000E+0	4.646590E-3	4.646590E-3	1.183242E-4	1.183242E-4
1.040000E+0	4.836740E-3	4.836740E-3	1.231663E-4	1.231663E-4
1.050000E+0	4.397310E-3	4.397310E-3	1.119763E-4	1.119763E-4
1.060000E+0	5.351130E-3	5.351130E-3	1.362651E-4	1.362651E-4
1.070000E+0	4.656280E-3	4.656280E-3	1.185709E-4	1.185709E-4
1.080000E+0	4.931810E-3	4.931810E-3	1.255872E-4	1.255872E-4
1.090000E+0	4.604860E-3	4.604860E-3	1.172615E-4	1.172615E-4
1.100000E+0	4.401570E-3	4.401570E-3	1.120848E-4	1.120848E-4
1.110000E+0	4.014320E-3	4.014320E-3	1.022236E-4	1.022236E-4
1.120000E+0	4.365120E-3	4.365120E-3	1.111566E-4	1.111566E-4
1.130000E+0	4.291410E-3	4.291410E-3	1.092796E-4	1.092796E-4
1.140000E+0	4.206840E-3	4.206840E-3	1.071260E-4	1.071260E-4
1.150000E+0	4.190040E-3	4.190040E-3	1.066982E-4	1.066982E-4
1.160000E+0	4.464670E-3	4.464670E-3	1.136916E-4	1.136916E-4
1.170000E+0	4.785750E-3	4.785750E-3	1.218678E-4	1.218678E-4
1.180000E+0	5.032910E-3	5.032910E-3	1.281617E-4	1.281617E-4
1.190000E+0	4.913200E-3	4.913200E-3	1.251133E-4	1.251133E-4
1.200000E+0	4.634840E-3	4.634840E-3	1.180250E-4	1.180250E-4
1.210000E+0	4.931850E-3	4.931850E-3	1.255882E-4	1.255882E-4
1.220000E+0	5.841480E-3	5.841480E-3	1.487517E-4	1.487517E-4
1.230000E+0	5.495860E-3	5.495860E-3	1.399506E-4	1.399506E-4
1.240000E+0	6.644850E-3	6.644850E-3	1.692093E-4	1.692093E-4
1.250000E+0	7.815970E-3	7.815970E-3	1.990316E-4	1.990316E-4
1.260000E+0	8.086700E-3	8.086700E-3	2.059256E-4	2.059256E-4
1.270000E+0	7.801730E-3	7.801730E-3	1.986690E-4	1.986690E-4
1.280000E+0	7.700460E-3	7.700460E-3	1.960901E-4	1.960901E-4
1.290000E+0	8.096540E-3	8.096540E-3	2.061762E-4	2.061762E-4
1.300000E+0	8.417780E-3	8.417780E-3	2.143565E-4	2.143565E-4
1.310000E+0	8.078520E-3	8.078520E-3	2.057173E-4	2.057173E-4
1.320000E+0	7.275490E-3	7.275490E-3	1.852684E-4	1.852684E-4
1.330000E+0	8.511380E-3	8.511380E-3	2.167400E-4	2.167400E-4
1.340000E+0	7.153500E-3	7.153500E-3	1.821620E-4	1.821620E-4
1.350000E+0	6.940140E-3	6.940140E-3	1.767288E-4	1.767288E-4
1.360000E+0	6.715060E-3	6.715060E-3	1.709972E-4	1.709972E-4
1.370000E+0	6.802620E-3	6.802620E-3	1.732269E-4	1.732269E-4
1.380000E+0	6.500500E-3	6.500500E-3	1.655335E-4	1.655335E-4
1.390000E+0	8.359600E-3	8.359600E-3	2.128750E-4	2.128750E-4
1.400000E+0	7.249130E-3	7.249130E-3	1.845971E-4	1.845971E-4
1.410000E+0	9.538100E-3	9.538100E-3	2.428852E-4	2.428852E-4
1.420000E+0	8.796530E-3	8.796530E-3	2.240013E-4	2.240013E-4
1.430000E+0	9.949100E-3	9.949100E-3	2.533512E-4	2.533512E-4
1.440000E+0	9.928890E-3	9.928890E-3	2.528365E-4	2.528365E-4
1.450000E+0	8.541070E-3	8.541070E-3	2.174961E-4	2.174961E-4
1.460000E+0	9.050800E-3	9.050800E-3	2.304762E-4	2.304762E-4
1.470000E+0	9.718200E-3	9.718200E-3	2.474713E-4	2.474713E-4
1.480000E+0	9.618890E-3	9.618890E-3	2.449424E-4	2.449424E-4
1.490000E+0	8.726780E-3	8.726780E-3	2.222251E-4	2.222251E-4
1.500000E+0	9.860250E-3	9.860250E-3	2.510886E-4	2.510886E-4
