

15:46:24	17/03/21


Ell Cont: 5,0x10,0

SMU1	V name:		V1
	I name:		I1
	Mode:		V
	Function:	VAR1
SMU2	V name:		V2
	I name:		I2
	Mode:		common
	Function:	const.
SMU3	off
SMU4	off
VMUs	off

Primary Source (VAR1):	single
	Sweep Spacing:	linear
	Start:		-0.500000
	Stop:		0.500000
	Step:		0.010000
	Compliance:	0.050000
Power Compliance OFF

Timing:		Integration Time:	medium
	Delay Time (sec):	0.000000
	Hold Time (sec):	0.000000
	Wait Time (sec):	1.000000

Secondary Source (VAR2):	OFF


   V1	   I1	Abs(I)	J (A\µm²)	Abs(J)
-5.000000E-1	-2.801780E-7	2.801780E-7	-7.134657E-9	7.134657E-9
-4.900000E-1	-2.663370E-7	2.663370E-7	-6.782200E-9	6.782200E-9
-4.800000E-1	-2.554260E-7	2.554260E-7	-6.504354E-9	6.504354E-9
-4.700000E-1	-2.454570E-7	2.454570E-7	-6.250496E-9	6.250496E-9
-4.600000E-1	-2.361820E-7	2.361820E-7	-6.014311E-9	6.014311E-9
-4.500000E-1	-2.272370E-7	2.272370E-7	-5.786529E-9	5.786529E-9
-4.400000E-1	-2.187400E-7	2.187400E-7	-5.570155E-9	5.570155E-9
-4.300000E-1	-2.106350E-7	2.106350E-7	-5.363764E-9	5.363764E-9
-4.200000E-1	-2.028580E-7	2.028580E-7	-5.165724E-9	5.165724E-9
-4.100000E-1	-1.954480E-7	1.954480E-7	-4.977031E-9	4.977031E-9
-4.000000E-1	-1.879040E-7	1.879040E-7	-4.784925E-9	4.784925E-9
-3.900000E-1	-1.805330E-7	1.805330E-7	-4.597224E-9	4.597224E-9
-3.800000E-1	-1.731190E-7	1.731190E-7	-4.408429E-9	4.408429E-9
-3.700000E-1	-1.657280E-7	1.657280E-7	-4.220219E-9	4.220219E-9
-3.600000E-1	-1.592640E-7	1.592640E-7	-4.055615E-9	4.055615E-9
-3.500000E-1	-1.522020E-7	1.522020E-7	-3.875783E-9	3.875783E-9
-3.400000E-1	-1.453820E-7	1.453820E-7	-3.702114E-9	3.702114E-9
-3.300000E-1	-1.388410E-7	1.388410E-7	-3.535549E-9	3.535549E-9
-3.200000E-1	-1.321190E-7	1.321190E-7	-3.364375E-9	3.364375E-9
-3.100000E-1	-1.254450E-7	1.254450E-7	-3.194423E-9	3.194423E-9
-3.000000E-1	-1.186220E-7	1.186220E-7	-3.020677E-9	3.020677E-9
-2.900000E-1	-1.142630E-7	1.142630E-7	-2.909677E-9	2.909677E-9
-2.800000E-1	-1.095420E-7	1.095420E-7	-2.789458E-9	2.789458E-9
-2.700000E-1	-1.055061E-7	1.055061E-7	-2.686684E-9	2.686684E-9
-2.600000E-1	-9.965470E-8	9.965470E-8	-2.537680E-9	2.537680E-9
-2.500000E-1	-9.476440E-8	9.476440E-8	-2.413150E-9	2.413150E-9
-2.400000E-1	-8.920180E-8	8.920180E-8	-2.271500E-9	2.271500E-9
-2.300000E-1	-8.472890E-8	8.472890E-8	-2.157599E-9	2.157599E-9
-2.200000E-1	-7.979970E-8	7.979970E-8	-2.032078E-9	2.032078E-9
-2.100000E-1	-7.507170E-8	7.507170E-8	-1.911681E-9	1.911681E-9
-2.000000E-1	-7.039780E-8	7.039780E-8	-1.792661E-9	1.792661E-9
-1.900000E-1	-6.582400E-8	6.582400E-8	-1.676190E-9	1.676190E-9
-1.800000E-1	-6.151670E-8	6.151670E-8	-1.566506E-9	1.566506E-9
-1.700000E-1	-5.718920E-8	5.718920E-8	-1.456308E-9	1.456308E-9
-1.600000E-1	-5.295680E-8	5.295680E-8	-1.348531E-9	1.348531E-9
-1.500000E-1	-4.876040E-8	4.876040E-8	-1.241670E-9	1.241670E-9
-1.400000E-1	-4.474060E-8	4.474060E-8	-1.139307E-9	1.139307E-9
-1.300000E-1	-4.073530E-8	4.073530E-8	-1.037313E-9	1.037313E-9
-1.200000E-1	-3.688380E-8	3.688380E-8	-9.392360E-10	9.392360E-10
-1.100000E-1	-3.307090E-8	3.307090E-8	-8.421416E-10	8.421416E-10
-1.000000E-1	-2.936470E-8	2.936470E-8	-7.477642E-10	7.477642E-10
-9.000000E-2	-2.572950E-8	2.572950E-8	-6.551948E-10	6.551948E-10
-8.000000E-2	-2.220130E-8	2.220130E-8	-5.653501E-10	5.653501E-10
-7.000000E-2	-1.867870E-8	1.867870E-8	-4.756481E-10	4.756481E-10
-6.000000E-2	-1.534020E-8	1.534020E-8	-3.906341E-10	3.906341E-10
-5.000000E-2	-1.223820E-8	1.223820E-8	-3.116425E-10	3.116425E-10
-4.000000E-2	-1.014706E-8	1.014706E-8	-2.583922E-10	2.583922E-10
-3.000000E-2	-6.751480E-9	6.751480E-9	-1.719246E-10	1.719246E-10
-2.000000E-2	-4.300310E-9	4.300310E-9	-1.095062E-10	1.095062E-10
-1.000000E-2	-1.370310E-9	1.370310E-9	-3.489458E-11	3.489458E-11
0.000000E+0	1.692870E-9	1.692870E-9	4.310848E-11	4.310848E-11
1.000000E-2	4.786010E-9	4.786010E-9	1.218745E-10	1.218745E-10
2.000000E-2	7.931190E-9	7.931190E-9	2.019656E-10	2.019656E-10
3.000000E-2	1.121760E-8	1.121760E-8	2.856532E-10	2.856532E-10
4.000000E-2	1.578500E-8	1.578500E-8	4.019608E-10	4.019608E-10
5.000000E-2	1.939070E-8	1.939070E-8	4.937790E-10	4.937790E-10
6.000000E-2	2.296580E-8	2.296580E-8	5.848179E-10	5.848179E-10
7.000000E-2	2.651930E-8	2.651930E-8	6.753068E-10	6.753068E-10
8.000000E-2	3.007170E-8	3.007170E-8	7.657678E-10	7.657678E-10
9.000000E-2	3.380380E-8	3.380380E-8	8.608047E-10	8.608047E-10
1.000000E-1	3.749470E-8	3.749470E-8	9.547925E-10	9.547925E-10
1.100000E-1	4.125980E-8	4.125980E-8	1.050670E-9	1.050670E-9
1.200000E-1	4.514070E-8	4.514070E-8	1.149496E-9	1.149496E-9
1.300000E-1	4.917210E-8	4.917210E-8	1.252154E-9	1.252154E-9
1.400000E-1	5.169810E-8	5.169810E-8	1.316478E-9	1.316478E-9
1.500000E-1	5.557390E-8	5.557390E-8	1.415174E-9	1.415174E-9
1.600000E-1	5.976820E-8	5.976820E-8	1.521981E-9	1.521981E-9
1.700000E-1	6.396640E-8	6.396640E-8	1.628887E-9	1.628887E-9
1.800000E-1	6.840940E-8	6.840940E-8	1.742027E-9	1.742027E-9
1.900000E-1	7.290210E-8	7.290210E-8	1.856432E-9	1.856432E-9
2.000000E-1	7.754530E-8	7.754530E-8	1.974670E-9	1.974670E-9
2.100000E-1	8.235990E-8	8.235990E-8	2.097273E-9	2.097273E-9
2.200000E-1	8.715650E-8	8.715650E-8	2.219417E-9	2.219417E-9
2.300000E-1	9.215220E-8	9.215220E-8	2.346631E-9	2.346631E-9
2.400000E-1	9.759780E-8	9.759780E-8	2.485302E-9	2.485302E-9
2.500000E-1	1.028640E-7	1.028640E-7	2.619404E-9	2.619404E-9
2.600000E-1	1.094830E-7	1.094830E-7	2.787955E-9	2.787955E-9
2.700000E-1	1.153170E-7	1.153170E-7	2.936516E-9	2.936516E-9
2.800000E-1	1.211900E-7	1.211900E-7	3.086071E-9	3.086071E-9
2.900000E-1	1.270910E-7	1.270910E-7	3.236338E-9	3.236338E-9
3.000000E-1	1.331900E-7	1.331900E-7	3.391648E-9	3.391648E-9
3.100000E-1	1.396190E-7	1.396190E-7	3.555360E-9	3.555360E-9
3.200000E-1	1.458860E-7	1.458860E-7	3.714948E-9	3.714948E-9
3.300000E-1	1.521180E-7	1.521180E-7	3.873644E-9	3.873644E-9
3.400000E-1	1.589580E-7	1.589580E-7	4.047823E-9	4.047823E-9
3.500000E-1	1.654670E-7	1.654670E-7	4.213573E-9	4.213573E-9
3.600000E-1	1.724160E-7	1.724160E-7	4.390527E-9	4.390527E-9
3.700000E-1	1.792330E-7	1.792330E-7	4.564120E-9	4.564120E-9
3.800000E-1	1.867480E-7	1.867480E-7	4.755488E-9	4.755488E-9
3.900000E-1	1.941390E-7	1.941390E-7	4.943697E-9	4.943697E-9
4.000000E-1	2.020690E-7	2.020690E-7	5.145633E-9	5.145633E-9
4.100000E-1	2.090980E-7	2.090980E-7	5.324624E-9	5.324624E-9
4.200000E-1	2.172320E-7	2.172320E-7	5.531754E-9	5.531754E-9
4.300000E-1	2.252670E-7	2.252670E-7	5.736364E-9	5.736364E-9
4.400000E-1	2.336660E-7	2.336660E-7	5.950242E-9	5.950242E-9
4.500000E-1	2.420940E-7	2.420940E-7	6.164859E-9	6.164859E-9
4.600000E-1	2.502750E-7	2.502750E-7	6.373186E-9	6.373186E-9
4.700000E-1	2.591040E-7	2.591040E-7	6.598014E-9	6.598014E-9
4.800000E-1	2.679030E-7	2.679030E-7	6.822078E-9	6.822078E-9
4.900000E-1	2.771500E-7	2.771500E-7	7.057550E-9	7.057550E-9
5.000000E-1	2.861370E-7	2.861370E-7	7.286402E-9	7.286402E-9
