

15:42:45	17/03/21


Ell Cont: 5,0x10,0

SMU1	V name:		V1
	I name:		I1
	Mode:		V
	Function:	VAR1
SMU2	V name:		V2
	I name:		I2
	Mode:		common
	Function:	const.
SMU3	off
SMU4	off
VMUs	off

Primary Source (VAR1):	single
	Sweep Spacing:	linear
	Start:		-0.500000
	Stop:		0.500000
	Step:		0.010000
	Compliance:	0.050000
Power Compliance OFF

Timing:		Integration Time:	medium
	Delay Time (sec):	0.000000
	Hold Time (sec):	0.000000
	Wait Time (sec):	1.000000

Secondary Source (VAR2):	OFF


   V1	   I1	Abs(I)	J (A\µm²)	Abs(J)
-5.000000E-1	-2.146470E-7	2.146470E-7	-5.465928E-9	5.465928E-9
-4.900000E-1	-2.035460E-7	2.035460E-7	-5.183244E-9	5.183244E-9
-4.800000E-1	-1.948410E-7	1.948410E-7	-4.961574E-9	4.961574E-9
-4.700000E-1	-1.867970E-7	1.867970E-7	-4.756735E-9	4.756735E-9
-4.600000E-1	-1.792490E-7	1.792490E-7	-4.564528E-9	4.564528E-9
-4.500000E-1	-1.722570E-7	1.722570E-7	-4.386478E-9	4.386478E-9
-4.400000E-1	-1.654220E-7	1.654220E-7	-4.212427E-9	4.212427E-9
-4.300000E-1	-1.589730E-7	1.589730E-7	-4.048205E-9	4.048205E-9
-4.200000E-1	-1.526200E-7	1.526200E-7	-3.886427E-9	3.886427E-9
-4.100000E-1	-1.465400E-7	1.465400E-7	-3.731602E-9	3.731602E-9
-4.000000E-1	-1.403390E-7	1.403390E-7	-3.573695E-9	3.573695E-9
-3.900000E-1	-1.345490E-7	1.345490E-7	-3.426254E-9	3.426254E-9
-3.800000E-1	-1.292640E-7	1.292640E-7	-3.291673E-9	3.291673E-9
-3.700000E-1	-1.234130E-7	1.234130E-7	-3.142679E-9	3.142679E-9
-3.600000E-1	-1.179110E-7	1.179110E-7	-3.002572E-9	3.002572E-9
-3.500000E-1	-1.129170E-7	1.129170E-7	-2.875401E-9	2.875401E-9
-3.400000E-1	-1.085851E-7	1.085851E-7	-2.765090E-9	2.765090E-9
-3.300000E-1	-1.030728E-7	1.030728E-7	-2.624721E-9	2.624721E-9
-3.200000E-1	-9.805310E-8	9.805310E-8	-2.496896E-9	2.496896E-9
-3.100000E-1	-9.347780E-8	9.347780E-8	-2.380387E-9	2.380387E-9
-3.000000E-1	-8.884150E-8	8.884150E-8	-2.262325E-9	2.262325E-9
-2.900000E-1	-8.455690E-8	8.455690E-8	-2.153219E-9	2.153219E-9
-2.800000E-1	-7.993010E-8	7.993010E-8	-2.035398E-9	2.035398E-9
-2.700000E-1	-7.577200E-8	7.577200E-8	-1.929514E-9	1.929514E-9
-2.600000E-1	-7.146060E-8	7.146060E-8	-1.819725E-9	1.819725E-9
-2.500000E-1	-6.710690E-8	6.710690E-8	-1.708859E-9	1.708859E-9
-2.400000E-1	-6.342010E-8	6.342010E-8	-1.614976E-9	1.614976E-9
-2.300000E-1	-5.946700E-8	5.946700E-8	-1.514311E-9	1.514311E-9
-2.200000E-1	-5.577180E-8	5.577180E-8	-1.420214E-9	1.420214E-9
-2.100000E-1	-5.230790E-8	5.230790E-8	-1.332007E-9	1.332007E-9
-2.000000E-1	-4.879480E-8	4.879480E-8	-1.242546E-9	1.242546E-9
-1.900000E-1	-4.526470E-8	4.526470E-8	-1.152653E-9	1.152653E-9
-1.800000E-1	-4.214750E-8	4.214750E-8	-1.073275E-9	1.073275E-9
-1.700000E-1	-3.875430E-8	3.875430E-8	-9.868678E-10	9.868678E-10
-1.600000E-1	-3.559780E-8	3.559780E-8	-9.064884E-10	9.064884E-10
-1.500000E-1	-3.262110E-8	3.262110E-8	-8.306875E-10	8.306875E-10
-1.400000E-1	-2.975280E-8	2.975280E-8	-7.576470E-10	7.576470E-10
-1.300000E-1	-2.688520E-8	2.688520E-8	-6.846244E-10	6.846244E-10
-1.200000E-1	-2.417150E-8	2.417150E-8	-6.155207E-10	6.155207E-10
-1.100000E-1	-2.147400E-8	2.147400E-8	-5.468296E-10	5.468296E-10
-1.000000E-1	-1.894850E-8	1.894850E-8	-4.825185E-10	4.825185E-10
-9.000000E-2	-1.646780E-8	1.646780E-8	-4.193481E-10	4.193481E-10
-8.000000E-2	-1.428420E-8	1.428420E-8	-3.637433E-10	3.637433E-10
-7.000000E-2	-1.196140E-8	1.196140E-8	-3.045938E-10	3.045938E-10
-6.000000E-2	-1.022930E-8	1.022930E-8	-2.604864E-10	2.604864E-10
-5.000000E-2	-8.380100E-9	8.380100E-9	-2.133970E-10	2.133970E-10
-4.000000E-2	-6.709810E-9	6.709810E-9	-1.708635E-10	1.708635E-10
-3.000000E-2	-4.722590E-9	4.722590E-9	-1.202595E-10	1.202595E-10
-2.000000E-2	-2.665800E-9	2.665800E-9	-6.788388E-11	6.788388E-11
-1.000000E-2	-7.114400E-10	7.114400E-10	-1.811663E-11	1.811663E-11
0.000000E+0	1.417810E-9	1.417810E-9	3.610415E-11	3.610415E-11
1.000000E-2	3.461880E-9	3.461880E-9	8.815584E-11	8.815584E-11
2.000000E-2	5.578220E-9	5.578220E-9	1.420479E-10	1.420479E-10
3.000000E-2	7.700470E-9	7.700470E-9	1.960904E-10	1.960904E-10
4.000000E-2	9.945600E-9	9.945600E-9	2.532620E-10	2.532620E-10
5.000000E-2	1.329150E-8	1.329150E-8	3.384645E-10	3.384645E-10
6.000000E-2	1.576810E-8	1.576810E-8	4.015304E-10	4.015304E-10
7.000000E-2	1.745940E-8	1.745940E-8	4.445989E-10	4.445989E-10
8.000000E-2	1.947820E-8	1.947820E-8	4.960071E-10	4.960071E-10
9.000000E-2	2.173700E-8	2.173700E-8	5.535269E-10	5.535269E-10
1.000000E-1	2.438160E-8	2.438160E-8	6.208709E-10	6.208709E-10
1.100000E-1	2.692680E-8	2.692680E-8	6.856837E-10	6.856837E-10
1.200000E-1	2.956730E-8	2.956730E-8	7.529233E-10	7.529233E-10
1.300000E-1	3.228670E-8	3.228670E-8	8.221721E-10	8.221721E-10
1.400000E-1	3.513260E-8	3.513260E-8	8.946422E-10	8.946422E-10
1.500000E-1	3.821270E-8	3.821270E-8	9.730761E-10	9.730761E-10
1.600000E-1	4.122270E-8	4.122270E-8	1.049725E-9	1.049725E-9
1.700000E-1	4.455560E-8	4.455560E-8	1.134596E-9	1.134596E-9
1.800000E-1	4.787720E-8	4.787720E-8	1.219180E-9	1.219180E-9
1.900000E-1	5.118810E-8	5.118810E-8	1.303491E-9	1.303491E-9
2.000000E-1	5.452640E-8	5.452640E-8	1.388500E-9	1.388500E-9
2.100000E-1	5.816090E-8	5.816090E-8	1.481052E-9	1.481052E-9
2.200000E-1	6.198690E-8	6.198690E-8	1.578480E-9	1.578480E-9
2.300000E-1	6.568560E-8	6.568560E-8	1.672666E-9	1.672666E-9
2.400000E-1	6.971750E-8	6.971750E-8	1.775337E-9	1.775337E-9
2.500000E-1	7.372550E-8	7.372550E-8	1.877400E-9	1.877400E-9
2.600000E-1	7.800350E-8	7.800350E-8	1.986338E-9	1.986338E-9
2.700000E-1	8.218210E-8	8.218210E-8	2.092745E-9	2.092745E-9
2.800000E-1	8.673090E-8	8.673090E-8	2.208579E-9	2.208579E-9
2.900000E-1	9.127670E-8	9.127670E-8	2.324337E-9	2.324337E-9
3.000000E-1	9.592250E-8	9.592250E-8	2.442641E-9	2.442641E-9
3.100000E-1	1.011150E-7	1.011150E-7	2.574866E-9	2.574866E-9
3.200000E-1	1.069590E-7	1.069590E-7	2.723682E-9	2.723682E-9
3.300000E-1	1.124900E-7	1.124900E-7	2.864528E-9	2.864528E-9
3.400000E-1	1.180110E-7	1.180110E-7	3.005118E-9	3.005118E-9
3.500000E-1	1.236200E-7	1.236200E-7	3.147950E-9	3.147950E-9
3.600000E-1	1.289770E-7	1.289770E-7	3.284365E-9	3.284365E-9
3.700000E-1	1.343330E-7	1.343330E-7	3.420754E-9	3.420754E-9
3.800000E-1	1.405150E-7	1.405150E-7	3.578177E-9	3.578177E-9
3.900000E-1	1.473330E-7	1.473330E-7	3.751795E-9	3.751795E-9
4.000000E-1	1.538610E-7	1.538610E-7	3.918029E-9	3.918029E-9
4.100000E-1	1.601560E-7	1.601560E-7	4.078329E-9	4.078329E-9
4.200000E-1	1.671530E-7	1.671530E-7	4.256506E-9	4.256506E-9
4.300000E-1	1.736560E-7	1.736560E-7	4.422103E-9	4.422103E-9
4.400000E-1	1.810110E-7	1.810110E-7	4.609396E-9	4.609396E-9
4.500000E-1	1.882730E-7	1.882730E-7	4.794321E-9	4.794321E-9
4.600000E-1	1.958050E-7	1.958050E-7	4.986122E-9	4.986122E-9
4.700000E-1	2.034010E-7	2.034010E-7	5.179552E-9	5.179552E-9
4.800000E-1	2.101990E-7	2.101990E-7	5.352661E-9	5.352661E-9
4.900000E-1	2.187470E-7	2.187470E-7	5.570334E-9	5.570334E-9
5.000000E-1	2.266940E-7	2.266940E-7	5.772702E-9	5.772702E-9
