

15:47:31	17/03/21


Ell Cont: 5,0x10,0

SMU1	V name:		V1
	I name:		I1
	Mode:		V
	Function:	VAR1
SMU2	V name:		V2
	I name:		I2
	Mode:		common
	Function:	const.
SMU3	off
SMU4	off
VMUs	off

Primary Source (VAR1):	single
	Sweep Spacing:	linear
	Start:		-0.500000
	Stop:		0.500000
	Step:		0.010000
	Compliance:	0.050000
Power Compliance OFF

Timing:		Integration Time:	medium
	Delay Time (sec):	0.000000
	Hold Time (sec):	0.000000
	Wait Time (sec):	1.000000

Secondary Source (VAR2):	OFF


   V1	   I1	Abs(I)	J (A\µm²)	Abs(J)
-5.000000E-1	-1.826860E-9	1.826860E-9	-4.652050E-11	4.652050E-11
-4.900000E-1	-1.978780E-9	1.978780E-9	-5.038910E-11	5.038910E-11
-4.800000E-1	-1.650150E-9	1.650150E-9	-4.202063E-11	4.202063E-11
-4.700000E-1	-1.439900E-9	1.439900E-9	-3.666667E-11	3.666667E-11
-4.600000E-1	-1.595290E-9	1.595290E-9	-4.062363E-11	4.062363E-11
-4.500000E-1	-1.911530E-9	1.911530E-9	-4.867660E-11	4.867660E-11
-4.400000E-1	-1.770060E-9	1.770060E-9	-4.507410E-11	4.507410E-11
-4.300000E-1	-1.512730E-9	1.512730E-9	-3.852126E-11	3.852126E-11
-4.200000E-1	-1.454270E-9	1.454270E-9	-3.703259E-11	3.703259E-11
-4.100000E-1	-1.096230E-9	1.096230E-9	-2.791520E-11	2.791520E-11
-4.000000E-1	-1.178640E-9	1.178640E-9	-3.001375E-11	3.001375E-11
-3.900000E-1	-1.051130E-9	1.051130E-9	-2.676674E-11	2.676674E-11
-3.800000E-1	-9.282000E-10	9.282000E-10	-2.363636E-11	2.363636E-11
-3.700000E-1	-8.203400E-10	8.203400E-10	-2.088974E-11	2.088974E-11
-3.600000E-1	-6.465000E-10	6.465000E-10	-1.646295E-11	1.646295E-11
-3.500000E-1	-6.689800E-10	6.689800E-10	-1.703540E-11	1.703540E-11
-3.400000E-1	-8.511700E-10	8.511700E-10	-2.167482E-11	2.167482E-11
-3.300000E-1	-9.724500E-10	9.724500E-10	-2.476318E-11	2.476318E-11
-3.200000E-1	-9.322700E-10	9.322700E-10	-2.374000E-11	2.374000E-11
-3.100000E-1	-9.760700E-10	9.760700E-10	-2.485536E-11	2.485536E-11
-3.000000E-1	-1.012480E-9	1.012480E-9	-2.578253E-11	2.578253E-11
-2.900000E-1	-1.093580E-9	1.093580E-9	-2.784772E-11	2.784772E-11
-2.800000E-1	-1.238200E-9	1.238200E-9	-3.153043E-11	3.153043E-11
-2.700000E-1	-1.243920E-9	1.243920E-9	-3.167609E-11	3.167609E-11
-2.600000E-1	-1.175920E-9	1.175920E-9	-2.994449E-11	2.994449E-11
-2.500000E-1	-1.205640E-9	1.205640E-9	-3.070130E-11	3.070130E-11
-2.400000E-1	-1.073840E-9	1.073840E-9	-2.734505E-11	2.734505E-11
-2.300000E-1	-9.064300E-10	9.064300E-10	-2.308200E-11	2.308200E-11
-2.200000E-1	-7.496400E-10	7.496400E-10	-1.908938E-11	1.908938E-11
-2.100000E-1	-6.846400E-10	6.846400E-10	-1.743417E-11	1.743417E-11
-2.000000E-1	-5.355800E-10	5.355800E-10	-1.363840E-11	1.363840E-11
-1.900000E-1	-4.674400E-10	4.674400E-10	-1.190323E-11	1.190323E-11
-1.800000E-1	-4.170000E-10	4.170000E-10	-1.061879E-11	1.061879E-11
-1.700000E-1	-3.724500E-10	3.724500E-10	-9.484339E-12	9.484339E-12
-1.600000E-1	-3.854900E-10	3.854900E-10	-9.816399E-12	9.816399E-12
-1.500000E-1	-2.825000E-10	2.825000E-10	-7.193787E-12	7.193787E-12
-1.400000E-1	-2.596100E-10	2.596100E-10	-6.610899E-12	6.610899E-12
-1.300000E-1	-2.359000E-10	2.359000E-10	-6.007130E-12	6.007130E-12
-1.200000E-1	-2.182500E-10	2.182500E-10	-5.557678E-12	5.557678E-12
-1.100000E-1	-2.274900E-10	2.274900E-10	-5.792972E-12	5.792972E-12
-1.000000E-1	-1.678000E-10	1.678000E-10	-4.272982E-12	4.272982E-12
-9.000000E-2	-1.452700E-10	1.452700E-10	-3.699261E-12	3.699261E-12
-8.000000E-2	-1.366100E-10	1.366100E-10	-3.478737E-12	3.478737E-12
-7.000000E-2	-1.136700E-10	1.136700E-10	-2.894576E-12	2.894576E-12
-6.000000E-2	-8.666000E-11	8.666000E-11	-2.206774E-12	2.206774E-12
-5.000000E-2	-9.976000E-11	9.976000E-11	-2.540362E-12	2.540362E-12
-4.000000E-2	-1.082000E-10	1.082000E-10	-2.755284E-12	2.755284E-12
-3.000000E-2	-9.526000E-11	9.526000E-11	-2.425770E-12	2.425770E-12
-2.000000E-2	-7.146000E-11	7.146000E-11	-1.819710E-12	1.819710E-12
-1.000000E-2	-3.344000E-11	3.344000E-11	-8.515406E-13	8.515406E-13
0.000000E+0	1.360000E-12	1.360000E-12	3.463203E-14	3.463203E-14
1.000000E-2	2.712000E-11	2.712000E-11	6.906035E-13	6.906035E-13
2.000000E-2	5.487000E-11	5.487000E-11	1.397250E-12	1.397250E-12
3.000000E-2	9.081000E-11	9.081000E-11	2.312452E-12	2.312452E-12
4.000000E-2	1.230100E-10	1.230100E-10	3.132417E-12	3.132417E-12
5.000000E-2	1.451800E-10	1.451800E-10	3.696970E-12	3.696970E-12
6.000000E-2	1.886600E-10	1.886600E-10	4.804176E-12	4.804176E-12
7.000000E-2	1.504500E-10	1.504500E-10	3.831169E-12	3.831169E-12
8.000000E-2	1.618600E-10	1.618600E-10	4.121721E-12	4.121721E-12
9.000000E-2	1.543200E-10	1.543200E-10	3.929717E-12	3.929717E-12
1.000000E-1	1.077000E-10	1.077000E-10	2.742552E-12	2.742552E-12
1.100000E-1	8.614000E-11	8.614000E-11	2.193532E-12	2.193532E-12
1.200000E-1	5.710000E-11	5.710000E-11	1.454036E-12	1.454036E-12
1.300000E-1	6.102000E-11	6.102000E-11	1.553858E-12	1.553858E-12
1.400000E-1	8.926000E-11	8.926000E-11	2.272982E-12	2.272982E-12
1.500000E-1	1.266300E-10	1.266300E-10	3.224599E-12	3.224599E-12
1.600000E-1	9.408000E-11	9.408000E-11	2.395722E-12	2.395722E-12
1.700000E-1	8.978000E-11	8.978000E-11	2.286224E-12	2.286224E-12
1.800000E-1	1.027700E-10	1.027700E-10	2.617010E-12	2.617010E-12
1.900000E-1	5.708000E-11	5.708000E-11	1.453527E-12	1.453527E-12
2.000000E-1	7.115000E-11	7.115000E-11	1.811816E-12	1.811816E-12
2.100000E-1	1.023600E-10	1.023600E-10	2.606570E-12	2.606570E-12
2.200000E-1	7.894000E-11	7.894000E-11	2.010186E-12	2.010186E-12
2.300000E-1	8.693000E-11	8.693000E-11	2.213649E-12	2.213649E-12
2.400000E-1	9.249000E-11	9.249000E-11	2.355233E-12	2.355233E-12
2.500000E-1	1.302200E-10	1.302200E-10	3.316017E-12	3.316017E-12
2.600000E-1	1.441500E-10	1.441500E-10	3.670741E-12	3.670741E-12
2.700000E-1	9.384000E-11	9.384000E-11	2.389610E-12	2.389610E-12
2.800000E-1	1.221200E-10	1.221200E-10	3.109753E-12	3.109753E-12
2.900000E-1	1.409600E-10	1.409600E-10	3.589508E-12	3.589508E-12
3.000000E-1	1.866200E-10	1.866200E-10	4.752228E-12	4.752228E-12
3.100000E-1	1.739300E-10	1.739300E-10	4.429081E-12	4.429081E-12
3.200000E-1	1.652300E-10	1.652300E-10	4.207538E-12	4.207538E-12
3.300000E-1	1.772600E-10	1.772600E-10	4.513878E-12	4.513878E-12
3.400000E-1	1.878700E-10	1.878700E-10	4.784059E-12	4.784059E-12
3.500000E-1	1.816800E-10	1.816800E-10	4.626432E-12	4.626432E-12
3.600000E-1	1.946300E-10	1.946300E-10	4.956201E-12	4.956201E-12
3.700000E-1	2.057800E-10	2.057800E-10	5.240132E-12	5.240132E-12
3.800000E-1	2.634500E-10	2.634500E-10	6.708683E-12	6.708683E-12
3.900000E-1	1.997500E-10	1.997500E-10	5.086580E-12	5.086580E-12
4.000000E-1	2.151500E-10	2.151500E-10	5.478737E-12	5.478737E-12
4.100000E-1	2.520000E-10	2.520000E-10	6.417112E-12	6.417112E-12
4.200000E-1	2.738200E-10	2.738200E-10	6.972753E-12	6.972753E-12
4.300000E-1	2.068900E-10	2.068900E-10	5.268398E-12	5.268398E-12
4.400000E-1	1.827200E-10	1.827200E-10	4.652916E-12	4.652916E-12
4.500000E-1	1.587300E-10	1.587300E-10	4.042017E-12	4.042017E-12
4.600000E-1	1.844500E-10	1.844500E-10	4.696970E-12	4.696970E-12
4.700000E-1	1.604000E-10	1.604000E-10	4.084543E-12	4.084543E-12
4.800000E-1	1.429000E-10	1.429000E-10	3.638910E-12	3.638910E-12
4.900000E-1	1.704100E-10	1.704100E-10	4.339445E-12	4.339445E-12
5.000000E-1	1.284000E-10	1.284000E-10	3.269671E-12	3.269671E-12
