

15:27:48	17/03/21


Ell Cont: 5,0x10,0

SMU1	V name:		V1
	I name:		I1
	Mode:		V
	Function:	VAR1
SMU2	V name:		V2
	I name:		I2
	Mode:		common
	Function:	const.
SMU3	off
SMU4	off
VMUs	off

Primary Source (VAR1):	single
	Sweep Spacing:	linear
	Start:		-0.500000
	Stop:		0.500000
	Step:		0.010000
	Compliance:	0.050000
Power Compliance OFF

Timing:		Integration Time:	medium
	Delay Time (sec):	0.000000
	Hold Time (sec):	0.000000
	Wait Time (sec):	1.000000

Secondary Source (VAR2):	OFF


   V1	   I1	Abs(I)	J (A\um²)	Abs(J)
-5.000000E-1	-6.134110E-6	6.134110E-6	-1.562035E-7	1.562035E-7
-4.900000E-1	-5.927280E-6	5.927280E-6	-1.509366E-7	1.509366E-7
-4.800000E-1	-5.728630E-6	5.728630E-6	-1.458780E-7	1.458780E-7
-4.700000E-1	-5.534880E-6	5.534880E-6	-1.409442E-7	1.409442E-7
-4.600000E-1	-5.341940E-6	5.341940E-6	-1.360311E-7	1.360311E-7
-4.500000E-1	-5.154070E-6	5.154070E-6	-1.312470E-7	1.312470E-7
-4.400000E-1	-4.970600E-6	4.970600E-6	-1.265750E-7	1.265750E-7
-4.300000E-1	-4.790690E-6	4.790690E-6	-1.219936E-7	1.219936E-7
-4.200000E-1	-4.615980E-6	4.615980E-6	-1.175447E-7	1.175447E-7
-4.100000E-1	-4.443660E-6	4.443660E-6	-1.131566E-7	1.131566E-7
-4.000000E-1	-4.276510E-6	4.276510E-6	-1.089002E-7	1.089002E-7
-3.900000E-1	-4.112060E-6	4.112060E-6	-1.047125E-7	1.047125E-7
-3.800000E-1	-3.954440E-6	3.954440E-6	-1.006988E-7	1.006988E-7
-3.700000E-1	-3.796640E-6	3.796640E-6	-9.668042E-8	9.668042E-8
-3.600000E-1	-3.644800E-6	3.644800E-6	-9.281385E-8	9.281385E-8
-3.500000E-1	-3.493620E-6	3.493620E-6	-8.896409E-8	8.896409E-8
-3.400000E-1	-3.344150E-6	3.344150E-6	-8.515788E-8	8.515788E-8
-3.300000E-1	-3.199540E-6	3.199540E-6	-8.147543E-8	8.147543E-8
-3.200000E-1	-3.058980E-6	3.058980E-6	-7.789610E-8	7.789610E-8
-3.100000E-1	-2.919830E-6	2.919830E-6	-7.435269E-8	7.435269E-8
-3.000000E-1	-2.784910E-6	2.784910E-6	-7.091698E-8	7.091698E-8
-2.900000E-1	-2.655780E-6	2.655780E-6	-6.762872E-8	6.762872E-8
-2.800000E-1	-2.525300E-6	2.525300E-6	-6.430609E-8	6.430609E-8
-2.700000E-1	-2.399830E-6	2.399830E-6	-6.111103E-8	6.111103E-8
-2.600000E-1	-2.277460E-6	2.277460E-6	-5.799491E-8	5.799491E-8
-2.500000E-1	-2.157540E-6	2.157540E-6	-5.494118E-8	5.494118E-8
-2.400000E-1	-2.040820E-6	2.040820E-6	-5.196893E-8	5.196893E-8
-2.300000E-1	-1.928240E-6	1.928240E-6	-4.910211E-8	4.910211E-8
-2.200000E-1	-1.818470E-6	1.818470E-6	-4.630685E-8	4.630685E-8
-2.100000E-1	-1.710520E-6	1.710520E-6	-4.355793E-8	4.355793E-8
-2.000000E-1	-1.606100E-6	1.606100E-6	-4.089890E-8	4.089890E-8
-1.900000E-1	-1.504870E-6	1.504870E-6	-3.832111E-8	3.832111E-8
-1.800000E-1	-1.404450E-6	1.404450E-6	-3.576394E-8	3.576394E-8
-1.700000E-1	-1.308750E-6	1.308750E-6	-3.332697E-8	3.332697E-8
-1.600000E-1	-1.215740E-6	1.215740E-6	-3.095849E-8	3.095849E-8
-1.500000E-1	-1.123610E-6	1.123610E-6	-2.861243E-8	2.861243E-8
-1.400000E-1	-1.034520E-6	1.034520E-6	-2.634377E-8	2.634377E-8
-1.300000E-1	-9.488130E-7	9.488130E-7	-2.416127E-8	2.416127E-8
-1.200000E-1	-8.647150E-7	8.647150E-7	-2.201973E-8	2.201973E-8
-1.100000E-1	-7.831480E-7	7.831480E-7	-1.994265E-8	1.994265E-8
-1.000000E-1	-7.039280E-7	7.039280E-7	-1.792534E-8	1.792534E-8
-9.000000E-2	-6.263490E-7	6.263490E-7	-1.594981E-8	1.594981E-8
-8.000000E-2	-5.514210E-7	5.514210E-7	-1.404179E-8	1.404179E-8
-7.000000E-2	-4.773830E-7	4.773830E-7	-1.215643E-8	1.215643E-8
-6.000000E-2	-4.057050E-7	4.057050E-7	-1.033117E-8	1.033117E-8
-5.000000E-2	-3.347930E-7	3.347930E-7	-8.525414E-9	8.525414E-9
-4.000000E-2	-2.657650E-7	2.657650E-7	-6.767634E-9	6.767634E-9
-3.000000E-2	-1.974000E-7	1.974000E-7	-5.026738E-9	5.026738E-9
-2.000000E-2	-1.297440E-7	1.297440E-7	-3.303896E-9	3.303896E-9
-1.000000E-2	-6.379760E-8	6.379760E-8	-1.624589E-9	1.624589E-9
0.000000E+0	2.366230E-9	2.366230E-9	6.025541E-11	6.025541E-11
1.000000E-2	6.820360E-8	6.820360E-8	1.736786E-9	1.736786E-9
2.000000E-2	1.351280E-7	1.351280E-7	3.440998E-9	3.440998E-9
3.000000E-2	2.039010E-7	2.039010E-7	5.192284E-9	5.192284E-9
4.000000E-2	2.718510E-7	2.718510E-7	6.922613E-9	6.922613E-9
5.000000E-2	3.415200E-7	3.415200E-7	8.696715E-9	8.696715E-9
6.000000E-2	4.118610E-7	4.118610E-7	1.048793E-8	1.048793E-8
7.000000E-2	4.837550E-7	4.837550E-7	1.231869E-8	1.231869E-8
8.000000E-2	5.570390E-7	5.570390E-7	1.418485E-8	1.418485E-8
9.000000E-2	6.324030E-7	6.324030E-7	1.610397E-8	1.610397E-8
1.000000E-1	7.093640E-7	7.093640E-7	1.806376E-8	1.806376E-8
1.100000E-1	7.884010E-7	7.884010E-7	2.007642E-8	2.007642E-8
1.200000E-1	8.692900E-7	8.692900E-7	2.213624E-8	2.213624E-8
1.300000E-1	9.533590E-7	9.533590E-7	2.427703E-8	2.427703E-8
1.400000E-1	1.038100E-6	1.038100E-6	2.643494E-8	2.643494E-8
1.500000E-1	1.127560E-6	1.127560E-6	2.871301E-8	2.871301E-8
1.600000E-1	1.219350E-6	1.219350E-6	3.105042E-8	3.105042E-8
1.700000E-1	1.312540E-6	1.312540E-6	3.342348E-8	3.342348E-8
1.800000E-1	1.409270E-6	1.409270E-6	3.588668E-8	3.588668E-8
1.900000E-1	1.506790E-6	1.506790E-6	3.837000E-8	3.837000E-8
2.000000E-1	1.609170E-6	1.609170E-6	4.097708E-8	4.097708E-8
2.100000E-1	1.713730E-6	1.713730E-6	4.363967E-8	4.363967E-8
2.200000E-1	1.821510E-6	1.821510E-6	4.638426E-8	4.638426E-8
2.300000E-1	1.931690E-6	1.931690E-6	4.918997E-8	4.918997E-8
2.400000E-1	2.045000E-6	2.045000E-6	5.207537E-8	5.207537E-8
2.500000E-1	2.160330E-6	2.160330E-6	5.501222E-8	5.501222E-8
2.600000E-1	2.278860E-6	2.278860E-6	5.803056E-8	5.803056E-8
2.700000E-1	2.400890E-6	2.400890E-6	6.113802E-8	6.113802E-8
2.800000E-1	2.525550E-6	2.525550E-6	6.431245E-8	6.431245E-8
2.900000E-1	2.653570E-6	2.653570E-6	6.757245E-8	6.757245E-8
3.000000E-1	2.783390E-6	2.783390E-6	7.087828E-8	7.087828E-8
3.100000E-1	2.918190E-6	2.918190E-6	7.431092E-8	7.431092E-8
3.200000E-1	3.055140E-6	3.055140E-6	7.779832E-8	7.779832E-8
3.300000E-1	3.195890E-6	3.195890E-6	8.138248E-8	8.138248E-8
3.400000E-1	3.340740E-6	3.340740E-6	8.507105E-8	8.507105E-8
3.500000E-1	3.487840E-6	3.487840E-6	8.881691E-8	8.881691E-8
3.600000E-1	3.636370E-6	3.636370E-6	9.259918E-8	9.259918E-8
3.700000E-1	3.789320E-6	3.789320E-6	9.649401E-8	9.649401E-8
3.800000E-1	3.947310E-6	3.947310E-6	1.005172E-7	1.005172E-7
3.900000E-1	4.109540E-6	4.109540E-6	1.046483E-7	1.046483E-7
4.000000E-1	4.270490E-6	4.270490E-6	1.087469E-7	1.087469E-7
4.100000E-1	4.439090E-6	4.439090E-6	1.130402E-7	1.130402E-7
4.200000E-1	4.609390E-6	4.609390E-6	1.173769E-7	1.173769E-7
4.300000E-1	4.781980E-6	4.781980E-6	1.217718E-7	1.217718E-7
4.400000E-1	4.963050E-6	4.963050E-6	1.263827E-7	1.263827E-7
4.500000E-1	5.144750E-6	5.144750E-6	1.310097E-7	1.310097E-7
4.600000E-1	5.331540E-6	5.331540E-6	1.357662E-7	1.357662E-7
4.700000E-1	5.517310E-6	5.517310E-6	1.404968E-7	1.404968E-7
4.800000E-1	5.709920E-6	5.709920E-6	1.454016E-7	1.454016E-7
4.900000E-1	5.908270E-6	5.908270E-6	1.504525E-7	1.504525E-7
5.000000E-1	6.106390E-6	6.106390E-6	1.554976E-7	1.554976E-7
