

15:33:05	17/03/21


Ell Cont: 5,0x10,0

SMU1	V name:		V1
	I name:		I1
	Mode:		V
	Function:	VAR1
SMU2	V name:		V2
	I name:		I2
	Mode:		common
	Function:	const.
SMU3	off
SMU4	off
VMUs	off

Primary Source (VAR1):	single
	Sweep Spacing:	linear
	Start:		-0.500000
	Stop:		0.500000
	Step:		0.010000
	Compliance:	0.050000
Power Compliance OFF

Timing:		Integration Time:	medium
	Delay Time (sec):	0.000000
	Hold Time (sec):	0.000000
	Wait Time (sec):	1.000000

Secondary Source (VAR2):	OFF


   V1	   I1	Abs(I)	J (A\µm²)	Abs(J)
-5.000000E-1	-5.844550E-6	5.844550E-6	-1.488299E-7	1.488299E-7
-4.900000E-1	-5.657830E-6	5.657830E-6	-1.440751E-7	1.440751E-7
-4.800000E-1	-5.474100E-6	5.474100E-6	-1.393965E-7	1.393965E-7
-4.700000E-1	-5.292700E-6	5.292700E-6	-1.347772E-7	1.347772E-7
-4.600000E-1	-5.119940E-6	5.119940E-6	-1.303779E-7	1.303779E-7
-4.500000E-1	-4.941400E-6	4.941400E-6	-1.258314E-7	1.258314E-7
-4.400000E-1	-4.769300E-6	4.769300E-6	-1.214489E-7	1.214489E-7
-4.300000E-1	-4.604880E-6	4.604880E-6	-1.172620E-7	1.172620E-7
-4.200000E-1	-4.440600E-6	4.440600E-6	-1.130787E-7	1.130787E-7
-4.100000E-1	-4.283200E-6	4.283200E-6	-1.090705E-7	1.090705E-7
-4.000000E-1	-4.129470E-6	4.129470E-6	-1.051558E-7	1.051558E-7
-3.900000E-1	-3.970310E-6	3.970310E-6	-1.011029E-7	1.011029E-7
-3.800000E-1	-3.822790E-6	3.822790E-6	-9.734632E-8	9.734632E-8
-3.700000E-1	-3.672560E-6	3.672560E-6	-9.352075E-8	9.352075E-8
-3.600000E-1	-3.525680E-6	3.525680E-6	-8.978049E-8	8.978049E-8
-3.500000E-1	-3.385840E-6	3.385840E-6	-8.621950E-8	8.621950E-8
-3.400000E-1	-3.244860E-6	3.244860E-6	-8.262949E-8	8.262949E-8
-3.300000E-1	-3.105990E-6	3.105990E-6	-7.909320E-8	7.909320E-8
-3.200000E-1	-2.971250E-6	2.971250E-6	-7.566208E-8	7.566208E-8
-3.100000E-1	-2.836610E-6	2.836610E-6	-7.223351E-8	7.223351E-8
-3.000000E-1	-2.711510E-6	2.711510E-6	-6.904787E-8	6.904787E-8
-2.900000E-1	-2.583090E-6	2.583090E-6	-6.577769E-8	6.577769E-8
-2.800000E-1	-2.461890E-6	2.461890E-6	-6.269137E-8	6.269137E-8
-2.700000E-1	-2.342120E-6	2.342120E-6	-5.964146E-8	5.964146E-8
-2.600000E-1	-2.224450E-6	2.224450E-6	-5.664502E-8	5.664502E-8
-2.500000E-1	-2.111060E-6	2.111060E-6	-5.375758E-8	5.375758E-8
-2.400000E-1	-1.997850E-6	1.997850E-6	-5.087471E-8	5.087471E-8
-2.300000E-1	-1.887240E-6	1.887240E-6	-4.805806E-8	4.805806E-8
-2.200000E-1	-1.780570E-6	1.780570E-6	-4.534174E-8	4.534174E-8
-2.100000E-1	-1.676930E-6	1.676930E-6	-4.270257E-8	4.270257E-8
-2.000000E-1	-1.576470E-6	1.576470E-6	-4.014438E-8	4.014438E-8
-1.900000E-1	-1.478020E-6	1.478020E-6	-3.763738E-8	3.763738E-8
-1.800000E-1	-1.379400E-6	1.379400E-6	-3.512605E-8	3.512605E-8
-1.700000E-1	-1.286280E-6	1.286280E-6	-3.275477E-8	3.275477E-8
-1.600000E-1	-1.194340E-6	1.194340E-6	-3.041355E-8	3.041355E-8
-1.500000E-1	-1.104950E-6	1.104950E-6	-2.813725E-8	2.813725E-8
-1.400000E-1	-1.018520E-6	1.018520E-6	-2.593634E-8	2.593634E-8
-1.300000E-1	-9.343420E-7	9.343420E-7	-2.379277E-8	2.379277E-8
-1.200000E-1	-8.517790E-7	8.517790E-7	-2.169032E-8	2.169032E-8
-1.100000E-1	-7.712170E-7	7.712170E-7	-1.963883E-8	1.963883E-8
-1.000000E-1	-6.930580E-7	6.930580E-7	-1.764854E-8	1.764854E-8
-9.000000E-2	-6.165660E-7	6.165660E-7	-1.570069E-8	1.570069E-8
-8.000000E-2	-5.428540E-7	5.428540E-7	-1.382363E-8	1.382363E-8
-7.000000E-2	-4.703680E-7	4.703680E-7	-1.197779E-8	1.197779E-8
-6.000000E-2	-3.999100E-7	3.999100E-7	-1.018360E-8	1.018360E-8
-5.000000E-2	-3.303370E-7	3.303370E-7	-8.411943E-9	8.411943E-9
-4.000000E-2	-2.621950E-7	2.621950E-7	-6.676725E-9	6.676725E-9
-3.000000E-2	-1.949200E-7	1.949200E-7	-4.963585E-9	4.963585E-9
-2.000000E-2	-1.282920E-7	1.282920E-7	-3.266921E-9	3.266921E-9
-1.000000E-2	-6.331860E-8	6.331860E-8	-1.612391E-9	1.612391E-9
0.000000E+0	2.066460E-9	2.066460E-9	5.262185E-11	5.262185E-11
1.000000E-2	6.702740E-8	6.702740E-8	1.706835E-9	1.706835E-9
2.000000E-2	1.331130E-7	1.331130E-7	3.389687E-9	3.389687E-9
3.000000E-2	2.007400E-7	2.007400E-7	5.111790E-9	5.111790E-9
4.000000E-2	2.680510E-7	2.680510E-7	6.825847E-9	6.825847E-9
5.000000E-2	3.363300E-7	3.363300E-7	8.564553E-9	8.564553E-9
6.000000E-2	4.059070E-7	4.059070E-7	1.033631E-8	1.033631E-8
7.000000E-2	4.766770E-7	4.766770E-7	1.213845E-8	1.213845E-8
8.000000E-2	5.485020E-7	5.485020E-7	1.396746E-8	1.396746E-8
9.000000E-2	6.234130E-7	6.234130E-7	1.587504E-8	1.587504E-8
1.000000E-1	6.987770E-7	6.987770E-7	1.779417E-8	1.779417E-8
1.100000E-1	7.775220E-7	7.775220E-7	1.979939E-8	1.979939E-8
1.200000E-1	8.572830E-7	8.572830E-7	2.183048E-8	2.183048E-8
1.300000E-1	9.396320E-7	9.396320E-7	2.392748E-8	2.392748E-8
1.400000E-1	1.023916E-6	1.023916E-6	2.607375E-8	2.607375E-8
1.500000E-1	1.109650E-6	1.109650E-6	2.825694E-8	2.825694E-8
1.600000E-1	1.199330E-6	1.199330E-6	3.054062E-8	3.054062E-8
1.700000E-1	1.291540E-6	1.291540E-6	3.288872E-8	3.288872E-8
1.800000E-1	1.385840E-6	1.385840E-6	3.529004E-8	3.529004E-8
1.900000E-1	1.480880E-6	1.480880E-6	3.771021E-8	3.771021E-8
2.000000E-1	1.580440E-6	1.580440E-6	4.024548E-8	4.024548E-8
2.100000E-1	1.682710E-6	1.682710E-6	4.284976E-8	4.284976E-8
2.200000E-1	1.787800E-6	1.787800E-6	4.552585E-8	4.552585E-8
2.300000E-1	1.892060E-6	1.892060E-6	4.818080E-8	4.818080E-8
2.400000E-1	2.004190E-6	2.004190E-6	5.103616E-8	5.103616E-8
2.500000E-1	2.114060E-6	2.114060E-6	5.383397E-8	5.383397E-8
2.600000E-1	2.230750E-6	2.230750E-6	5.680545E-8	5.680545E-8
2.700000E-1	2.349120E-6	2.349120E-6	5.981971E-8	5.981971E-8
2.800000E-1	2.467820E-6	2.467820E-6	6.284237E-8	6.284237E-8
2.900000E-1	2.588380E-6	2.588380E-6	6.591240E-8	6.591240E-8
3.000000E-1	2.713330E-6	2.713330E-6	6.909422E-8	6.909422E-8
3.100000E-1	2.841780E-6	2.841780E-6	7.236516E-8	7.236516E-8
3.200000E-1	2.969380E-6	2.969380E-6	7.561446E-8	7.561446E-8
3.300000E-1	3.104100E-6	3.104100E-6	7.904507E-8	7.904507E-8
3.400000E-1	3.240650E-6	3.240650E-6	8.252228E-8	8.252228E-8
3.500000E-1	3.380650E-6	3.380650E-6	8.608734E-8	8.608734E-8
3.600000E-1	3.520410E-6	3.520410E-6	8.964629E-8	8.964629E-8
3.700000E-1	3.668850E-6	3.668850E-6	9.342628E-8	9.342628E-8
3.800000E-1	3.817270E-6	3.817270E-6	9.720575E-8	9.720575E-8
3.900000E-1	3.964010E-6	3.964010E-6	1.009424E-7	1.009424E-7
4.000000E-1	4.122520E-6	4.122520E-6	1.049789E-7	1.049789E-7
4.100000E-1	4.276410E-6	4.276410E-6	1.088976E-7	1.088976E-7
4.200000E-1	4.436100E-6	4.436100E-6	1.129641E-7	1.129641E-7
4.300000E-1	4.601950E-6	4.601950E-6	1.171874E-7	1.171874E-7
4.400000E-1	4.763090E-6	4.763090E-6	1.212908E-7	1.212908E-7
4.500000E-1	4.929700E-6	4.929700E-6	1.255335E-7	1.255335E-7
4.600000E-1	5.099350E-6	5.099350E-6	1.298536E-7	1.298536E-7
4.700000E-1	5.276240E-6	5.276240E-6	1.343580E-7	1.343580E-7
4.800000E-1	5.455440E-6	5.455440E-6	1.389213E-7	1.389213E-7
4.900000E-1	5.637330E-6	5.637330E-6	1.435531E-7	1.435531E-7
5.000000E-1	5.813170E-6	5.813170E-6	1.480308E-7	1.480308E-7
