

15:26:33	17/03/21


Ell Cont: 5,0x10,0

SMU1	V name:		V1
	I name:		I1
	Mode:		V
	Function:	VAR1
SMU2	V name:		V2
	I name:		I2
	Mode:		common
	Function:	const.
SMU3	off
SMU4	off
VMUs	off

Primary Source (VAR1):	single
	Sweep Spacing:	linear
	Start:		-0.500000
	Stop:		0.500000
	Step:		0.010000
	Compliance:	0.050000
Power Compliance OFF

Timing:		Integration Time:	medium
	Delay Time (sec):	0.000000
	Hold Time (sec):	0.000000
	Wait Time (sec):	1.000000

Secondary Source (VAR2):	OFF


   V1	   I1	Abs(I)	J (A\um²)	Abs(J)
-5.000000E-1	-1.522130E-6	1.522130E-6	-3.876063E-8	3.876063E-8
-4.900000E-1	-1.467760E-6	1.467760E-6	-3.737611E-8	3.737611E-8
-4.800000E-1	-1.417270E-6	1.417270E-6	-3.609040E-8	3.609040E-8
-4.700000E-1	-1.368370E-6	1.368370E-6	-3.484517E-8	3.484517E-8
-4.600000E-1	-1.342510E-6	1.342510E-6	-3.418666E-8	3.418666E-8
-4.500000E-1	-1.287950E-6	1.287950E-6	-3.279730E-8	3.279730E-8
-4.400000E-1	-1.253840E-6	1.253840E-6	-3.192870E-8	3.192870E-8
-4.300000E-1	-1.222270E-6	1.222270E-6	-3.112478E-8	3.112478E-8
-4.200000E-1	-1.183250E-6	1.183250E-6	-3.013114E-8	3.013114E-8
-4.100000E-1	-1.151260E-6	1.151260E-6	-2.931653E-8	2.931653E-8
-4.000000E-1	-1.082820E-6	1.082820E-6	-2.757372E-8	2.757372E-8
-3.900000E-1	-1.048250E-6	1.048250E-6	-2.669340E-8	2.669340E-8
-3.800000E-1	-1.018910E-6	1.018910E-6	-2.594627E-8	2.594627E-8
-3.700000E-1	-9.916320E-7	9.916320E-7	-2.525164E-8	2.525164E-8
-3.600000E-1	-9.578090E-7	9.578090E-7	-2.439035E-8	2.439035E-8
-3.500000E-1	-9.272640E-7	9.272640E-7	-2.361253E-8	2.361253E-8
-3.400000E-1	-8.921240E-7	8.921240E-7	-2.271770E-8	2.271770E-8
-3.300000E-1	-8.457080E-7	8.457080E-7	-2.153573E-8	2.153573E-8
-3.200000E-1	-8.143540E-7	8.143540E-7	-2.073731E-8	2.073731E-8
-3.100000E-1	-7.811620E-7	7.811620E-7	-1.989208E-8	1.989208E-8
-3.000000E-1	-7.511020E-7	7.511020E-7	-1.912661E-8	1.912661E-8
-2.900000E-1	-7.230210E-7	7.230210E-7	-1.841154E-8	1.841154E-8
-2.800000E-1	-6.931800E-7	6.931800E-7	-1.765164E-8	1.765164E-8
-2.700000E-1	-6.639320E-7	6.639320E-7	-1.690685E-8	1.690685E-8
-2.600000E-1	-6.389970E-7	6.389970E-7	-1.627189E-8	1.627189E-8
-2.500000E-1	-6.180060E-7	6.180060E-7	-1.573736E-8	1.573736E-8
-2.400000E-1	-5.890630E-7	5.890630E-7	-1.500033E-8	1.500033E-8
-2.300000E-1	-5.601870E-7	5.601870E-7	-1.426501E-8	1.426501E-8
-2.200000E-1	-5.336220E-7	5.336220E-7	-1.358854E-8	1.358854E-8
-2.100000E-1	-5.061260E-7	5.061260E-7	-1.288836E-8	1.288836E-8
-2.000000E-1	-4.829950E-7	4.829950E-7	-1.229934E-8	1.229934E-8
-1.900000E-1	-4.584170E-7	4.584170E-7	-1.167347E-8	1.167347E-8
-1.800000E-1	-4.303930E-7	4.303930E-7	-1.095984E-8	1.095984E-8
-1.700000E-1	-3.866930E-7	3.866930E-7	-9.847033E-9	9.847033E-9
-1.600000E-1	-3.628850E-7	3.628850E-7	-9.240769E-9	9.240769E-9
-1.500000E-1	-3.382000E-7	3.382000E-7	-8.612172E-9	8.612172E-9
-1.400000E-1	-3.148310E-7	3.148310E-7	-8.017087E-9	8.017087E-9
-1.300000E-1	-2.914160E-7	2.914160E-7	-7.420830E-9	7.420830E-9
-1.200000E-1	-2.688420E-7	2.688420E-7	-6.845989E-9	6.845989E-9
-1.100000E-1	-2.437270E-7	2.437270E-7	-6.206443E-9	6.206443E-9
-1.000000E-1	-2.209920E-7	2.209920E-7	-5.627502E-9	5.627502E-9
-9.000000E-2	-1.979570E-7	1.979570E-7	-5.040922E-9	5.040922E-9
-8.000000E-2	-1.747620E-7	1.747620E-7	-4.450267E-9	4.450267E-9
-7.000000E-2	-1.518680E-7	1.518680E-7	-3.867278E-9	3.867278E-9
-6.000000E-2	-1.286330E-7	1.286330E-7	-3.275605E-9	3.275605E-9
-5.000000E-2	-1.065590E-7	1.065590E-7	-2.713496E-9	2.713496E-9
-4.000000E-2	-8.540700E-8	8.540700E-8	-2.174866E-9	2.174866E-9
-3.000000E-2	-6.351650E-8	6.351650E-8	-1.617431E-9	1.617431E-9
-2.000000E-2	-4.201710E-8	4.201710E-8	-1.069954E-9	1.069954E-9
-1.000000E-2	-2.037990E-8	2.037990E-8	-5.189687E-10	5.189687E-10
0.000000E+0	9.939300E-10	9.939300E-10	2.531016E-11	2.531016E-11
1.000000E-2	2.234770E-8	2.234770E-8	5.690782E-10	5.690782E-10
2.000000E-2	4.483530E-8	4.483530E-8	1.141719E-9	1.141719E-9
3.000000E-2	6.639230E-8	6.639230E-8	1.690662E-9	1.690662E-9
4.000000E-2	8.765720E-8	8.765720E-8	2.232167E-9	2.232167E-9
5.000000E-2	1.091600E-7	1.091600E-7	2.779730E-9	2.779730E-9
6.000000E-2	1.321160E-7	1.321160E-7	3.364298E-9	3.364298E-9
7.000000E-2	1.551220E-7	1.551220E-7	3.950140E-9	3.950140E-9
8.000000E-2	1.779970E-7	1.779970E-7	4.532646E-9	4.532646E-9
9.000000E-2	2.007830E-7	2.007830E-7	5.112885E-9	5.112885E-9
1.000000E-1	2.236320E-7	2.236320E-7	5.694729E-9	5.694729E-9
1.100000E-1	2.460290E-7	2.460290E-7	6.265062E-9	6.265062E-9
1.200000E-1	2.694940E-7	2.694940E-7	6.862592E-9	6.862592E-9
1.300000E-1	2.954180E-7	2.954180E-7	7.522740E-9	7.522740E-9
1.400000E-1	3.206090E-7	3.206090E-7	8.164222E-9	8.164222E-9
1.500000E-1	3.441350E-7	3.441350E-7	8.763305E-9	8.763305E-9
1.600000E-1	3.693730E-7	3.693730E-7	9.405984E-9	9.405984E-9
1.700000E-1	3.963980E-7	3.963980E-7	1.009417E-8	1.009417E-8
1.800000E-1	4.208590E-7	4.208590E-7	1.071706E-8	1.071706E-8
1.900000E-1	4.377060E-7	4.377060E-7	1.114607E-8	1.114607E-8
2.000000E-1	4.617140E-7	4.617140E-7	1.175742E-8	1.175742E-8
2.100000E-1	4.859070E-7	4.859070E-7	1.237349E-8	1.237349E-8
2.200000E-1	5.121760E-7	5.121760E-7	1.304242E-8	1.304242E-8
2.300000E-1	5.409750E-7	5.409750E-7	1.377578E-8	1.377578E-8
2.400000E-1	5.644150E-7	5.644150E-7	1.437268E-8	1.437268E-8
2.500000E-1	5.918020E-7	5.918020E-7	1.507008E-8	1.507008E-8
2.600000E-1	6.176310E-7	6.176310E-7	1.572781E-8	1.572781E-8
2.700000E-1	6.474280E-7	6.474280E-7	1.648658E-8	1.648658E-8
2.800000E-1	6.736380E-7	6.736380E-7	1.715401E-8	1.715401E-8
2.900000E-1	6.952350E-7	6.952350E-7	1.770397E-8	1.770397E-8
3.000000E-1	7.184660E-7	7.184660E-7	1.829554E-8	1.829554E-8
3.100000E-1	7.479080E-7	7.479080E-7	1.904528E-8	1.904528E-8
3.200000E-1	7.768340E-7	7.768340E-7	1.978187E-8	1.978187E-8
3.300000E-1	8.114110E-7	8.114110E-7	2.066236E-8	2.066236E-8
3.400000E-1	8.396770E-7	8.396770E-7	2.138215E-8	2.138215E-8
3.500000E-1	8.690820E-7	8.690820E-7	2.213094E-8	2.213094E-8
3.600000E-1	9.220870E-7	9.220870E-7	2.348070E-8	2.348070E-8
3.700000E-1	9.406220E-7	9.406220E-7	2.395269E-8	2.395269E-8
3.800000E-1	9.650500E-7	9.650500E-7	2.457474E-8	2.457474E-8
3.900000E-1	9.893200E-7	9.893200E-7	2.519277E-8	2.519277E-8
4.000000E-1	1.017094E-6	1.017094E-6	2.590003E-8	2.590003E-8
4.100000E-1	1.047522E-6	1.047522E-6	2.667487E-8	2.667487E-8
4.200000E-1	1.074878E-6	1.074878E-6	2.737148E-8	2.737148E-8
4.300000E-1	1.111421E-6	1.111421E-6	2.830204E-8	2.830204E-8
4.400000E-1	1.148740E-6	1.148740E-6	2.925236E-8	2.925236E-8
4.500000E-1	1.180950E-6	1.180950E-6	3.007257E-8	3.007257E-8
4.600000E-1	1.217720E-6	1.217720E-6	3.100891E-8	3.100891E-8
4.700000E-1	1.271490E-6	1.271490E-6	3.237815E-8	3.237815E-8
4.800000E-1	1.296670E-6	1.296670E-6	3.301935E-8	3.301935E-8
4.900000E-1	1.326480E-6	1.326480E-6	3.377846E-8	3.377846E-8
5.000000E-1	1.365690E-6	1.365690E-6	3.477693E-8	3.477693E-8
