

12:06:55	04/03/21


Ell Cont: 5,0x10,0

SMU1	V name:		V1
	I name:		I1
	Mode:		V
	Function:	VAR1
SMU2	V name:		V2
	I name:		I2
	Mode:		common
	Function:	const.
SMU3	off
SMU4	off
VMUs	off

Primary Source (VAR1):	single
	Sweep Spacing:	linear
	Start:		-0.500000
	Stop:		0.500000
	Step:		0.010000
	Compliance:	0.050000
Power Compliance OFF

Timing:		Integration Time:	medium
	Delay Time (sec):	0.000000
	Hold Time (sec):	0.000000
	Wait Time (sec):	1.000000

Secondary Source (VAR2):	OFF


   V1	   I1	Abs(I)	J (A\um²)	Abs(J)
-5.000000E-1	-1.411380E-3	1.411380E-3	-3.594041E-5	3.594041E-5
-4.900000E-1	-1.344180E-3	1.344180E-3	-3.422918E-5	3.422918E-5
-4.800000E-1	-1.218970E-3	1.218970E-3	-3.104074E-5	3.104074E-5
-4.700000E-1	-1.194100E-3	1.194100E-3	-3.040744E-5	3.040744E-5
-4.600000E-1	-1.167400E-3	1.167400E-3	-2.972753E-5	2.972753E-5
-4.500000E-1	-1.141120E-3	1.141120E-3	-2.905831E-5	2.905831E-5
-4.400000E-1	-1.114990E-3	1.114990E-3	-2.839292E-5	2.839292E-5
-4.300000E-1	-1.089020E-3	1.089020E-3	-2.773160E-5	2.773160E-5
-4.200000E-1	-1.062150E-3	1.062150E-3	-2.704736E-5	2.704736E-5
-4.100000E-1	-1.035900E-3	1.035900E-3	-2.637891E-5	2.637891E-5
-4.000000E-1	-1.009840E-3	1.009840E-3	-2.571530E-5	2.571530E-5
-3.900000E-1	-9.833070E-4	9.833070E-4	-2.503965E-5	2.503965E-5
-3.800000E-1	-9.571490E-4	9.571490E-4	-2.437354E-5	2.437354E-5
-3.700000E-1	-9.315230E-4	9.315230E-4	-2.372098E-5	2.372098E-5
-3.600000E-1	-9.053790E-4	9.053790E-4	-2.305523E-5	2.305523E-5
-3.500000E-1	-8.789430E-4	8.789430E-4	-2.238205E-5	2.238205E-5
-3.400000E-1	-8.528350E-4	8.528350E-4	-2.171721E-5	2.171721E-5
-3.300000E-1	-8.267880E-4	8.267880E-4	-2.105393E-5	2.105393E-5
-3.200000E-1	-8.011480E-4	8.011480E-4	-2.040102E-5	2.040102E-5
-3.100000E-1	-7.752200E-4	7.752200E-4	-1.974077E-5	1.974077E-5
-3.000000E-1	-7.496330E-4	7.496330E-4	-1.908920E-5	1.908920E-5
-2.900000E-1	-7.238290E-4	7.238290E-4	-1.843211E-5	1.843211E-5
-2.800000E-1	-6.980090E-4	6.980090E-4	-1.777461E-5	1.777461E-5
-2.700000E-1	-6.723080E-4	6.723080E-4	-1.712014E-5	1.712014E-5
-2.600000E-1	-6.466220E-4	6.466220E-4	-1.646606E-5	1.646606E-5
-2.500000E-1	-6.213640E-4	6.213640E-4	-1.582287E-5	1.582287E-5
-2.400000E-1	-5.957790E-4	5.957790E-4	-1.517135E-5	1.517135E-5
-2.300000E-1	-5.705050E-4	5.705050E-4	-1.452776E-5	1.452776E-5
-2.200000E-1	-5.451980E-4	5.451980E-4	-1.388332E-5	1.388332E-5
-2.100000E-1	-5.199890E-4	5.199890E-4	-1.324138E-5	1.324138E-5
-2.000000E-1	-4.945670E-4	4.945670E-4	-1.259402E-5	1.259402E-5
-1.900000E-1	-4.695740E-4	4.695740E-4	-1.195758E-5	1.195758E-5
-1.800000E-1	-4.444500E-4	4.444500E-4	-1.131780E-5	1.131780E-5
-1.700000E-1	-4.194170E-4	4.194170E-4	-1.068034E-5	1.068034E-5
-1.600000E-1	-3.943010E-4	3.943010E-4	-1.004077E-5	1.004077E-5
-1.500000E-1	-3.692700E-4	3.692700E-4	-9.403361E-6	9.403361E-6
-1.400000E-1	-3.444180E-4	3.444180E-4	-8.770512E-6	8.770512E-6
-1.300000E-1	-3.195180E-4	3.195180E-4	-8.136440E-6	8.136440E-6
-1.200000E-1	-2.947500E-4	2.947500E-4	-7.505729E-6	7.505729E-6
-1.100000E-1	-2.699920E-4	2.699920E-4	-6.875274E-6	6.875274E-6
-1.000000E-1	-2.453480E-4	2.453480E-4	-6.247721E-6	6.247721E-6
-9.000000E-2	-2.205760E-4	2.205760E-4	-5.616909E-6	5.616909E-6
-8.000000E-2	-1.960690E-4	1.960690E-4	-4.992844E-6	4.992844E-6
-7.000000E-2	-1.714630E-4	1.714630E-4	-4.366259E-6	4.366259E-6
-6.000000E-2	-1.470190E-4	1.470190E-4	-3.743799E-6	3.743799E-6
-5.000000E-2	-1.224460E-4	1.224460E-4	-3.118054E-6	3.118054E-6
-4.000000E-2	-9.804850E-5	9.804850E-5	-2.496779E-6	2.496779E-6
-3.000000E-2	-7.353350E-5	7.353350E-5	-1.872511E-6	1.872511E-6
-2.000000E-2	-4.900650E-5	4.900650E-5	-1.247937E-6	1.247937E-6
-1.000000E-2	-2.466830E-5	2.466830E-5	-6.281716E-7	6.281716E-7
0.000000E+0	-1.107140E-7	1.107140E-7	-2.819302E-9	2.819302E-9
1.000000E-2	2.415330E-5	2.415330E-5	6.150573E-7	6.150573E-7
2.000000E-2	4.866010E-5	4.866010E-5	1.239116E-6	1.239116E-6
3.000000E-2	7.298530E-5	7.298530E-5	1.858551E-6	1.858551E-6
4.000000E-2	9.752580E-5	9.752580E-5	2.483468E-6	2.483468E-6
5.000000E-2	1.219000E-4	1.219000E-4	3.104151E-6	3.104151E-6
6.000000E-2	1.465130E-4	1.465130E-4	3.730914E-6	3.730914E-6
7.000000E-2	1.711500E-4	1.711500E-4	4.358289E-6	4.358289E-6
8.000000E-2	1.956390E-4	1.956390E-4	4.981895E-6	4.981895E-6
9.000000E-2	2.203170E-4	2.203170E-4	5.610313E-6	5.610313E-6
1.000000E-1	2.448760E-4	2.448760E-4	6.235701E-6	6.235701E-6
1.100000E-1	2.696280E-4	2.696280E-4	6.866005E-6	6.866005E-6
1.200000E-1	2.943080E-4	2.943080E-4	7.494474E-6	7.494474E-6
1.300000E-1	3.191790E-4	3.191790E-4	8.127807E-6	8.127807E-6
1.400000E-1	3.440540E-4	3.440540E-4	8.761243E-6	8.761243E-6
1.500000E-1	3.690480E-4	3.690480E-4	9.397708E-6	9.397708E-6
1.600000E-1	3.940150E-4	3.940150E-4	1.003349E-5	1.003349E-5
1.700000E-1	4.191670E-4	4.191670E-4	1.067397E-5	1.067397E-5
1.800000E-1	4.442290E-4	4.442290E-4	1.131217E-5	1.131217E-5
1.900000E-1	4.693690E-4	4.693690E-4	1.195236E-5	1.195236E-5
2.000000E-1	4.947820E-4	4.947820E-4	1.259949E-5	1.259949E-5
2.100000E-1	5.198250E-4	5.198250E-4	1.323720E-5	1.323720E-5
2.200000E-1	5.452450E-4	5.452450E-4	1.388452E-5	1.388452E-5
2.300000E-1	5.704900E-4	5.704900E-4	1.452737E-5	1.452737E-5
2.400000E-1	5.959390E-4	5.959390E-4	1.517543E-5	1.517543E-5
2.500000E-1	6.214290E-4	6.214290E-4	1.582452E-5	1.582452E-5
2.600000E-1	6.472910E-4	6.472910E-4	1.648309E-5	1.648309E-5
2.700000E-1	6.730040E-4	6.730040E-4	1.713787E-5	1.713787E-5
2.800000E-1	6.985970E-4	6.985970E-4	1.778958E-5	1.778958E-5
2.900000E-1	7.244650E-4	7.244650E-4	1.844831E-5	1.844831E-5
3.000000E-1	7.503730E-4	7.503730E-4	1.910805E-5	1.910805E-5
3.100000E-1	7.761680E-4	7.761680E-4	1.976491E-5	1.976491E-5
3.200000E-1	8.021020E-4	8.021020E-4	2.042531E-5	2.042531E-5
3.300000E-1	8.279610E-4	8.279610E-4	2.108380E-5	2.108380E-5
3.400000E-1	8.540060E-4	8.540060E-4	2.174703E-5	2.174703E-5
3.500000E-1	8.801040E-4	8.801040E-4	2.241161E-5	2.241161E-5
3.600000E-1	9.062300E-4	9.062300E-4	2.307690E-5	2.307690E-5
3.700000E-1	9.323740E-4	9.323740E-4	2.374265E-5	2.374265E-5
3.800000E-1	9.577500E-4	9.577500E-4	2.438885E-5	2.438885E-5
3.900000E-1	9.838600E-4	9.838600E-4	2.505373E-5	2.505373E-5
4.000000E-1	1.010807E-3	1.010807E-3	2.573993E-5	2.573993E-5
4.100000E-1	1.036589E-3	1.036589E-3	2.639646E-5	2.639646E-5
4.200000E-1	1.063185E-3	1.063185E-3	2.707372E-5	2.707372E-5
4.300000E-1	1.089980E-3	1.089980E-3	2.775605E-5	2.775605E-5
4.400000E-1	1.116613E-3	1.116613E-3	2.843425E-5	2.843425E-5
4.500000E-1	1.143330E-3	1.143330E-3	2.911459E-5	2.911459E-5
4.600000E-1	1.170360E-3	1.170360E-3	2.980290E-5	2.980290E-5
4.700000E-1	1.196520E-3	1.196520E-3	3.046906E-5	3.046906E-5
4.800000E-1	1.223790E-3	1.223790E-3	3.116348E-5	3.116348E-5
4.900000E-1	1.250660E-3	1.250660E-3	3.184772E-5	3.184772E-5
5.000000E-1	1.276810E-3	1.276810E-3	3.251362E-5	3.251362E-5
