

11:56:29	04/03/21


Ell Cont: 5,0x10,0

SMU1	V name:		V1
	I name:		I1
	Mode:		V
	Function:	VAR1
SMU2	V name:		V2
	I name:		I2
	Mode:		common
	Function:	const.
SMU3	off
SMU4	off
VMUs	off

Primary Source (VAR1):	single
	Sweep Spacing:	linear
	Start:		-0.500000
	Stop:		0.500000
	Step:		0.010000
	Compliance:	0.050000
Power Compliance OFF

Timing:		Integration Time:	medium
	Delay Time (sec):	0.000000
	Hold Time (sec):	0.000000
	Wait Time (sec):	1.000000

Secondary Source (VAR2):	OFF


   V1	   I1	Abs(I)	J (A\µm²)	Abs(J)
-5.000000E-1	-4.064590E-5	4.064590E-5	-1.035037E-6	1.035037E-6
-4.900000E-1	-3.929620E-5	3.929620E-5	-1.000667E-6	1.000667E-6
-4.800000E-1	-3.826420E-5	3.826420E-5	-9.743876E-7	9.743876E-7
-4.700000E-1	-3.710510E-5	3.710510E-5	-9.448714E-7	9.448714E-7
-4.600000E-1	-3.590110E-5	3.590110E-5	-9.142119E-7	9.142119E-7
-4.500000E-1	-3.463590E-5	3.463590E-5	-8.819939E-7	8.819939E-7
-4.400000E-1	-3.351100E-5	3.351100E-5	-8.533486E-7	8.533486E-7
-4.300000E-1	-3.235150E-5	3.235150E-5	-8.238222E-7	8.238222E-7
-4.200000E-1	-3.123890E-5	3.123890E-5	-7.954902E-7	7.954902E-7
-4.100000E-1	-3.017020E-5	3.017020E-5	-7.682760E-7	7.682760E-7
-4.000000E-1	-2.909660E-5	2.909660E-5	-7.409371E-7	7.409371E-7
-3.900000E-1	-2.797420E-5	2.797420E-5	-7.123555E-7	7.123555E-7
-3.800000E-1	-2.689950E-5	2.689950E-5	-6.849885E-7	6.849885E-7
-3.700000E-1	-2.581990E-5	2.581990E-5	-6.574968E-7	6.574968E-7
-3.600000E-1	-2.485360E-5	2.485360E-5	-6.328902E-7	6.328902E-7
-3.500000E-1	-2.383110E-5	2.383110E-5	-6.068526E-7	6.068526E-7
-3.400000E-1	-2.288090E-5	2.288090E-5	-5.826560E-7	5.826560E-7
-3.300000E-1	-2.194100E-5	2.194100E-5	-5.587217E-7	5.587217E-7
-3.200000E-1	-2.102700E-5	2.102700E-5	-5.354469E-7	5.354469E-7
-3.100000E-1	-2.008220E-5	2.008220E-5	-5.113878E-7	5.113878E-7
-3.000000E-1	-1.920270E-5	1.920270E-5	-4.889916E-7	4.889916E-7
-2.900000E-1	-1.830700E-5	1.830700E-5	-4.661828E-7	4.661828E-7
-2.800000E-1	-1.745150E-5	1.745150E-5	-4.443978E-7	4.443978E-7
-2.700000E-1	-1.660290E-5	1.660290E-5	-4.227884E-7	4.227884E-7
-2.600000E-1	-1.576320E-5	1.576320E-5	-4.014056E-7	4.014056E-7
-2.500000E-1	-1.495700E-5	1.495700E-5	-3.808760E-7	3.808760E-7
-2.400000E-1	-1.417720E-5	1.417720E-5	-3.610186E-7	3.610186E-7
-2.300000E-1	-1.341770E-5	1.341770E-5	-3.416781E-7	3.416781E-7
-2.200000E-1	-1.266060E-5	1.266060E-5	-3.223988E-7	3.223988E-7
-2.100000E-1	-1.191210E-5	1.191210E-5	-3.033384E-7	3.033384E-7
-2.000000E-1	-1.119980E-5	1.119980E-5	-2.851999E-7	2.851999E-7
-1.900000E-1	-1.050680E-5	1.050680E-5	-2.675528E-7	2.675528E-7
-1.800000E-1	-9.804620E-6	9.804620E-6	-2.496720E-7	2.496720E-7
-1.700000E-1	-9.121330E-6	9.121330E-6	-2.322722E-7	2.322722E-7
-1.600000E-1	-8.464460E-6	8.464460E-6	-2.155452E-7	2.155452E-7
-1.500000E-1	-7.837250E-6	7.837250E-6	-1.995735E-7	1.995735E-7
-1.400000E-1	-7.228540E-6	7.228540E-6	-1.840728E-7	1.840728E-7
-1.300000E-1	-6.624970E-6	6.624970E-6	-1.687031E-7	1.687031E-7
-1.200000E-1	-6.044370E-6	6.044370E-6	-1.539183E-7	1.539183E-7
-1.100000E-1	-5.478680E-6	5.478680E-6	-1.395131E-7	1.395131E-7
-1.000000E-1	-4.923800E-6	4.923800E-6	-1.253832E-7	1.253832E-7
-9.000000E-2	-4.380870E-6	4.380870E-6	-1.115577E-7	1.115577E-7
-8.000000E-2	-3.857630E-6	3.857630E-6	-9.823351E-8	9.823351E-8
-7.000000E-2	-3.346920E-6	3.346920E-6	-8.522842E-8	8.522842E-8
-6.000000E-2	-2.845220E-6	2.845220E-6	-7.245276E-8	7.245276E-8
-5.000000E-2	-2.355130E-6	2.355130E-6	-5.997275E-8	5.997275E-8
-4.000000E-2	-1.875690E-6	1.875690E-6	-4.776394E-8	4.776394E-8
-3.000000E-2	-1.399310E-6	1.399310E-6	-3.563305E-8	3.563305E-8
-2.000000E-2	-9.292590E-7	9.292590E-7	-2.366333E-8	2.366333E-8
-1.000000E-2	-4.662690E-7	4.662690E-7	-1.187341E-8	1.187341E-8
0.000000E+0	-1.619660E-9	1.619660E-9	-4.124421E-11	4.124421E-11
1.000000E-2	4.580430E-7	4.580430E-7	1.166394E-8	1.166394E-8
2.000000E-2	9.252250E-7	9.252250E-7	2.356061E-8	2.356061E-8
3.000000E-2	1.391920E-6	1.391920E-6	3.544487E-8	3.544487E-8
4.000000E-2	1.868740E-6	1.868740E-6	4.758696E-8	4.758696E-8
5.000000E-2	2.350080E-6	2.350080E-6	5.984416E-8	5.984416E-8
6.000000E-2	2.845950E-6	2.845950E-6	7.247135E-8	7.247135E-8
7.000000E-2	3.352010E-6	3.352010E-6	8.535803E-8	8.535803E-8
8.000000E-2	3.864600E-6	3.864600E-6	9.841100E-8	9.841100E-8
9.000000E-2	4.393700E-6	4.393700E-6	1.118844E-7	1.118844E-7
1.000000E-1	4.934960E-6	4.934960E-6	1.256674E-7	1.256674E-7
1.100000E-1	5.494760E-6	5.494760E-6	1.399226E-7	1.399226E-7
1.200000E-1	6.070000E-6	6.070000E-6	1.545709E-7	1.545709E-7
1.300000E-1	6.665810E-6	6.665810E-6	1.697431E-7	1.697431E-7
1.400000E-1	7.264600E-6	7.264600E-6	1.849911E-7	1.849911E-7
1.500000E-1	7.889450E-6	7.889450E-6	2.009027E-7	2.009027E-7
1.600000E-1	8.531900E-6	8.531900E-6	2.172625E-7	2.172625E-7
1.700000E-1	9.190410E-6	9.190410E-6	2.340313E-7	2.340313E-7
1.800000E-1	9.878120E-6	9.878120E-6	2.515437E-7	2.515437E-7
1.900000E-1	1.056359E-5	1.056359E-5	2.689990E-7	2.689990E-7
2.000000E-1	1.129061E-5	1.129061E-5	2.875123E-7	2.875123E-7
2.100000E-1	1.199110E-5	1.199110E-5	3.053501E-7	3.053501E-7
2.200000E-1	1.275160E-5	1.275160E-5	3.247161E-7	3.247161E-7
2.300000E-1	1.350990E-5	1.350990E-5	3.440260E-7	3.440260E-7
2.400000E-1	1.430240E-5	1.430240E-5	3.642068E-7	3.642068E-7
2.500000E-1	1.511760E-5	1.511760E-5	3.849656E-7	3.849656E-7
2.600000E-1	1.594830E-5	1.594830E-5	4.061192E-7	4.061192E-7
2.700000E-1	1.682220E-5	1.682220E-5	4.283728E-7	4.283728E-7
2.800000E-1	1.768430E-5	1.768430E-5	4.503259E-7	4.503259E-7
2.900000E-1	1.857810E-5	1.857810E-5	4.730863E-7	4.730863E-7
3.000000E-1	1.946060E-5	1.946060E-5	4.955589E-7	4.955589E-7
3.100000E-1	2.038610E-5	2.038610E-5	5.191266E-7	5.191266E-7
3.200000E-1	2.130120E-5	2.130120E-5	5.424293E-7	5.424293E-7
3.300000E-1	2.225600E-5	2.225600E-5	5.667431E-7	5.667431E-7
3.400000E-1	2.321360E-5	2.321360E-5	5.911281E-7	5.911281E-7
3.500000E-1	2.422850E-5	2.422850E-5	6.169722E-7	6.169722E-7
3.600000E-1	2.524780E-5	2.524780E-5	6.429284E-7	6.429284E-7
3.700000E-1	2.629800E-5	2.629800E-5	6.696715E-7	6.696715E-7
3.800000E-1	2.735630E-5	2.735630E-5	6.966208E-7	6.966208E-7
3.900000E-1	2.838950E-5	2.838950E-5	7.229310E-7	7.229310E-7
4.000000E-1	2.947320E-5	2.947320E-5	7.505271E-7	7.505271E-7
4.100000E-1	3.061330E-5	3.061330E-5	7.795595E-7	7.795595E-7
4.200000E-1	3.175620E-5	3.175620E-5	8.086631E-7	8.086631E-7
4.300000E-1	3.290430E-5	3.290430E-5	8.378991E-7	8.378991E-7
4.400000E-1	3.405630E-5	3.405630E-5	8.672345E-7	8.672345E-7
4.500000E-1	3.526280E-5	3.526280E-5	8.979577E-7	8.979577E-7
4.600000E-1	3.639830E-5	3.639830E-5	9.268729E-7	9.268729E-7
4.700000E-1	3.761030E-5	3.761030E-5	9.577362E-7	9.577362E-7
4.800000E-1	3.880440E-5	3.880440E-5	9.881436E-7	9.881436E-7
4.900000E-1	4.006990E-5	4.006990E-5	1.020369E-6	1.020369E-6
5.000000E-1	4.136860E-5	4.136860E-5	1.053440E-6	1.053440E-6
