

12:08:03	04/03/21


Ell Cont: 5,0x10,0

SMU1	V name:		V1
	I name:		I1
	Mode:		V
	Function:	VAR1
SMU2	V name:		V2
	I name:		I2
	Mode:		common
	Function:	const.
SMU3	off
SMU4	off
VMUs	off

Primary Source (VAR1):	single
	Sweep Spacing:	linear
	Start:		-0.500000
	Stop:		0.500000
	Step:		0.010000
	Compliance:	0.050000
Power Compliance OFF

Timing:		Integration Time:	medium
	Delay Time (sec):	0.000000
	Hold Time (sec):	0.000000
	Wait Time (sec):	1.000000

Secondary Source (VAR2):	OFF


   V1	   I1	Abs(I)	J (A\µm²)	Abs(J)
-5.000000E-1	-5.898390E-7	5.898390E-7	-1.502009E-8	1.502009E-8
-4.900000E-1	-5.831990E-7	5.831990E-7	-1.485101E-8	1.485101E-8
-4.800000E-1	-5.001560E-7	5.001560E-7	-1.273634E-8	1.273634E-8
-4.700000E-1	-4.414480E-7	4.414480E-7	-1.124135E-8	1.124135E-8
-4.600000E-1	-4.000050E-7	4.000050E-7	-1.018602E-8	1.018602E-8
-4.500000E-1	-3.814390E-7	3.814390E-7	-9.713242E-9	9.713242E-9
-4.400000E-1	-3.742400E-7	3.742400E-7	-9.529921E-9	9.529921E-9
-4.300000E-1	-4.126130E-7	4.126130E-7	-1.050708E-8	1.050708E-8
-4.200000E-1	-5.620660E-7	5.620660E-7	-1.431286E-8	1.431286E-8
-4.100000E-1	-7.650220E-7	7.650220E-7	-1.948108E-8	1.948108E-8
-4.000000E-1	-4.066730E-6	4.066730E-6	-1.035582E-7	1.035582E-7
-3.900000E-1	-1.962210E-6	1.962210E-6	-4.996715E-8	4.996715E-8
-3.800000E-1	-2.708440E-6	2.708440E-6	-6.896970E-8	6.896970E-8
-3.700000E-1	-3.261630E-6	3.261630E-6	-8.305653E-8	8.305653E-8
-3.600000E-1	-2.165230E-6	2.165230E-6	-5.513700E-8	5.513700E-8
-3.500000E-1	-2.902390E-6	2.902390E-6	-7.390858E-8	7.390858E-8
-3.400000E-1	-2.477880E-6	2.477880E-6	-6.309855E-8	6.309855E-8
-3.300000E-1	-2.863200E-6	2.863200E-6	-7.291062E-8	7.291062E-8
-3.200000E-1	-2.249790E-6	2.249790E-6	-5.729030E-8	5.729030E-8
-3.100000E-1	-1.361320E-6	1.361320E-6	-3.466565E-8	3.466565E-8
-3.000000E-1	-1.569750E-6	1.569750E-6	-3.997326E-8	3.997326E-8
-2.900000E-1	-1.428920E-6	1.428920E-6	-3.638706E-8	3.638706E-8
-2.800000E-1	-2.935800E-6	2.935800E-6	-7.475936E-8	7.475936E-8
-2.700000E-1	-5.319350E-7	5.319350E-7	-1.354558E-8	1.354558E-8
-2.600000E-1	-3.373260E-7	3.373260E-7	-8.589916E-9	8.589916E-9
-2.500000E-1	-2.711090E-7	2.711090E-7	-6.903718E-9	6.903718E-9
-2.400000E-1	-1.927900E-7	1.927900E-7	-4.909345E-9	4.909345E-9
-2.300000E-1	-1.715580E-7	1.715580E-7	-4.368678E-9	4.368678E-9
-2.200000E-1	-1.631120E-7	1.631120E-7	-4.153603E-9	4.153603E-9
-2.100000E-1	-1.567670E-7	1.567670E-7	-3.992029E-9	3.992029E-9
-2.000000E-1	-1.489510E-7	1.489510E-7	-3.792997E-9	3.792997E-9
-1.900000E-1	-1.420180E-7	1.420180E-7	-3.616450E-9	3.616450E-9
-1.800000E-1	-1.355270E-7	1.355270E-7	-3.451159E-9	3.451159E-9
-1.700000E-1	-1.166770E-7	1.166770E-7	-2.971148E-9	2.971148E-9
-1.600000E-1	-8.345890E-8	8.345890E-8	-2.125258E-9	2.125258E-9
-1.500000E-1	-8.292100E-8	8.292100E-8	-2.111561E-9	2.111561E-9
-1.400000E-1	-7.684390E-8	7.684390E-8	-1.956809E-9	1.956809E-9
-1.300000E-1	-6.087630E-8	6.087630E-8	-1.550199E-9	1.550199E-9
-1.200000E-1	-5.608550E-8	5.608550E-8	-1.428202E-9	1.428202E-9
-1.100000E-1	-5.452790E-8	5.452790E-8	-1.388538E-9	1.388538E-9
-1.000000E-1	-5.462790E-8	5.462790E-8	-1.391085E-9	1.391085E-9
-9.000000E-2	-4.014540E-8	4.014540E-8	-1.022292E-9	1.022292E-9
-8.000000E-2	-3.498360E-8	3.498360E-8	-8.908480E-10	8.908480E-10
-7.000000E-2	-2.761330E-8	2.761330E-8	-7.031653E-10	7.031653E-10
-6.000000E-2	-3.207300E-8	3.207300E-8	-8.167303E-10	8.167303E-10
-5.000000E-2	-7.966210E-8	7.966210E-8	-2.028574E-9	2.028574E-9
-4.000000E-2	-7.385900E-7	7.385900E-7	-1.880800E-8	1.880800E-8
-3.000000E-2	-1.227610E-8	1.227610E-8	-3.126076E-10	3.126076E-10
-2.000000E-2	-1.161730E-8	1.161730E-8	-2.958314E-10	2.958314E-10
-1.000000E-2	-5.934690E-9	5.934690E-9	-1.511253E-10	1.511253E-10
0.000000E+0	-4.476000E-11	4.476000E-11	-1.139801E-12	1.139801E-12
1.000000E-2	7.705360E-9	7.705360E-9	1.962149E-10	1.962149E-10
2.000000E-2	2.773900E-8	2.773900E-8	7.063662E-10	7.063662E-10
3.000000E-2	2.782540E-8	2.782540E-8	7.085663E-10	7.085663E-10
4.000000E-2	4.452480E-8	4.452480E-8	1.133812E-9	1.133812E-9
5.000000E-2	5.610620E-8	5.610620E-8	1.428729E-9	1.428729E-9
6.000000E-2	7.592150E-8	7.592150E-8	1.933321E-9	1.933321E-9
7.000000E-2	1.921040E-7	1.921040E-7	4.891877E-9	4.891877E-9
8.000000E-2	2.553710E-7	2.553710E-7	6.502954E-9	6.502954E-9
9.000000E-2	3.072880E-7	3.072880E-7	7.825006E-9	7.825006E-9
1.000000E-1	4.597280E-7	4.597280E-7	1.170685E-8	1.170685E-8
1.100000E-1	4.900850E-7	4.900850E-7	1.247988E-8	1.247988E-8
1.200000E-1	8.129100E-7	8.129100E-7	2.070053E-8	2.070053E-8
1.300000E-1	8.932230E-7	8.932230E-7	2.274568E-8	2.274568E-8
1.400000E-1	1.068288E-6	1.068288E-6	2.720367E-8	2.720367E-8
1.500000E-1	2.000910E-6	2.000910E-6	5.095264E-8	5.095264E-8
1.600000E-1	1.767290E-6	1.767290E-6	4.500356E-8	4.500356E-8
1.700000E-1	1.071390E-6	1.071390E-6	2.728266E-8	2.728266E-8
1.800000E-1	8.345370E-7	8.345370E-7	2.125126E-8	2.125126E-8
1.900000E-1	9.290390E-7	9.290390E-7	2.365773E-8	2.365773E-8
2.000000E-1	1.124616E-6	1.124616E-6	2.863804E-8	2.863804E-8
2.100000E-1	6.541480E-5	6.541480E-5	1.665770E-6	1.665770E-6
2.200000E-1	7.326900E-5	7.326900E-5	1.865775E-6	1.865775E-6
2.300000E-1	9.314180E-5	9.314180E-5	2.371831E-6	2.371831E-6
2.400000E-1	6.505090E-5	6.505090E-5	1.656504E-6	1.656504E-6
2.500000E-1	1.202620E-4	1.202620E-4	3.062439E-6	3.062439E-6
2.600000E-1	1.005990E-4	1.005990E-4	2.561726E-6	2.561726E-6
2.700000E-1	1.079530E-4	1.079530E-4	2.748994E-6	2.748994E-6
2.800000E-1	6.655430E-5	6.655430E-5	1.694787E-6	1.694787E-6
2.900000E-1	9.514920E-5	9.514920E-5	2.422949E-6	2.422949E-6
3.000000E-1	1.072190E-4	1.072190E-4	2.730303E-6	2.730303E-6
3.100000E-1	1.209910E-4	1.209910E-4	3.081003E-6	3.081003E-6
3.200000E-1	1.261570E-4	1.261570E-4	3.212554E-6	3.212554E-6
3.300000E-1	1.320610E-4	1.320610E-4	3.362898E-6	3.362898E-6
3.400000E-1	1.651010E-4	1.651010E-4	4.204253E-6	4.204253E-6
3.500000E-1	2.656780E-4	2.656780E-4	6.765419E-6	6.765419E-6
3.600000E-1	3.985560E-4	3.985560E-4	1.014912E-5	1.014912E-5
3.700000E-1	4.271210E-4	4.271210E-4	1.087652E-5	1.087652E-5
3.800000E-1	3.882660E-4	3.882660E-4	9.887089E-6	9.887089E-6
3.900000E-1	5.164960E-4	5.164960E-4	1.315243E-5	1.315243E-5
4.000000E-1	5.592300E-4	5.592300E-4	1.424064E-5	1.424064E-5
4.100000E-1	6.718930E-4	6.718930E-4	1.710957E-5	1.710957E-5
4.200000E-1	9.619200E-4	9.619200E-4	2.449503E-5	2.449503E-5
4.300000E-1	1.124294E-3	1.124294E-3	2.862984E-5	2.862984E-5
4.400000E-1	1.368990E-3	1.368990E-3	3.486096E-5	3.486096E-5
4.500000E-1	1.771730E-3	1.771730E-3	4.511663E-5	4.511663E-5
4.600000E-1	2.139790E-3	2.139790E-3	5.448918E-5	5.448918E-5
4.700000E-1	2.754780E-3	2.754780E-3	7.014973E-5	7.014973E-5
4.800000E-1	3.643270E-3	3.643270E-3	9.277489E-5	9.277489E-5
4.900000E-1	4.440650E-3	4.440650E-3	1.130800E-4	1.130800E-4
5.000000E-1	5.230750E-3	5.230750E-3	1.331996E-4	1.331996E-4
