

12:02:58	04/03/21


Ell Cont: 5,0x10,0

SMU1	V name:		V1
	I name:		I1
	Mode:		V
	Function:	VAR1
SMU2	V name:		V2
	I name:		I2
	Mode:		common
	Function:	const.
SMU3	off
SMU4	off
VMUs	off

Primary Source (VAR1):	single
	Sweep Spacing:	linear
	Start:		-0.500000
	Stop:		0.500000
	Step:		0.010000
	Compliance:	0.050000
Power Compliance OFF

Timing:		Integration Time:	medium
	Delay Time (sec):	0.000000
	Hold Time (sec):	0.000000
	Wait Time (sec):	1.000000

Secondary Source (VAR2):	OFF


   V1	   I1	Abs(I)	J (A\um²)	Abs(J)
-5.000000E-1	-6.413780E-5	6.413780E-5	-1.633252E-6	1.633252E-6
-4.900000E-1	-5.894550E-5	5.894550E-5	-1.501031E-6	1.501031E-6
-4.800000E-1	-5.795910E-5	5.795910E-5	-1.475913E-6	1.475913E-6
-4.700000E-1	-5.512480E-5	5.512480E-5	-1.403738E-6	1.403738E-6
-4.600000E-1	-5.362740E-5	5.362740E-5	-1.365607E-6	1.365607E-6
-4.500000E-1	-5.269780E-5	5.269780E-5	-1.341935E-6	1.341935E-6
-4.400000E-1	-5.007660E-5	5.007660E-5	-1.275187E-6	1.275187E-6
-4.300000E-1	-4.931040E-5	4.931040E-5	-1.255676E-6	1.255676E-6
-4.200000E-1	-4.855850E-5	4.855850E-5	-1.236529E-6	1.236529E-6
-4.100000E-1	-4.760070E-5	4.760070E-5	-1.212139E-6	1.212139E-6
-4.000000E-1	-4.618710E-5	4.618710E-5	-1.176142E-6	1.176142E-6
-3.900000E-1	-4.612780E-5	4.612780E-5	-1.174632E-6	1.174632E-6
-3.800000E-1	-4.541300E-5	4.541300E-5	-1.156430E-6	1.156430E-6
-3.700000E-1	-4.503150E-5	4.503150E-5	-1.146715E-6	1.146715E-6
-3.600000E-1	-4.362840E-5	4.362840E-5	-1.110985E-6	1.110985E-6
-3.500000E-1	-4.177060E-5	4.177060E-5	-1.063677E-6	1.063677E-6
-3.400000E-1	-3.984620E-5	3.984620E-5	-1.014673E-6	1.014673E-6
-3.300000E-1	-3.876510E-5	3.876510E-5	-9.871428E-7	9.871428E-7
-3.200000E-1	-3.598490E-5	3.598490E-5	-9.163458E-7	9.163458E-7
-3.100000E-1	-3.496690E-5	3.496690E-5	-8.904227E-7	8.904227E-7
-3.000000E-1	-3.387060E-5	3.387060E-5	-8.625057E-7	8.625057E-7
-2.900000E-1	-3.227280E-5	3.227280E-5	-8.218182E-7	8.218182E-7
-2.800000E-1	-3.184560E-5	3.184560E-5	-8.109396E-7	8.109396E-7
-2.700000E-1	-3.043820E-5	3.043820E-5	-7.751006E-7	7.751006E-7
-2.600000E-1	-2.932400E-5	2.932400E-5	-7.467278E-7	7.467278E-7
-2.500000E-1	-2.728850E-5	2.728850E-5	-6.948943E-7	6.948943E-7
-2.400000E-1	-2.658930E-5	2.658930E-5	-6.770894E-7	6.770894E-7
-2.300000E-1	-2.621670E-5	2.621670E-5	-6.676012E-7	6.676012E-7
-2.200000E-1	-2.479390E-5	2.479390E-5	-6.313700E-7	6.313700E-7
-2.100000E-1	-2.324750E-5	2.324750E-5	-5.919913E-7	5.919913E-7
-2.000000E-1	-2.210410E-5	2.210410E-5	-5.628750E-7	5.628750E-7
-1.900000E-1	-2.060290E-5	2.060290E-5	-5.246473E-7	5.246473E-7
-1.800000E-1	-2.043420E-5	2.043420E-5	-5.203514E-7	5.203514E-7
-1.700000E-1	-1.927000E-5	1.927000E-5	-4.907054E-7	4.907054E-7
-1.600000E-1	-1.825250E-5	1.825250E-5	-4.647950E-7	4.647950E-7
-1.500000E-1	-1.717250E-5	1.717250E-5	-4.372931E-7	4.372931E-7
-1.400000E-1	-1.602550E-5	1.602550E-5	-4.080850E-7	4.080850E-7
-1.300000E-1	-1.503860E-5	1.503860E-5	-3.829539E-7	3.829539E-7
-1.200000E-1	-1.381690E-5	1.381690E-5	-3.518436E-7	3.518436E-7
-1.100000E-1	-1.252710E-5	1.252710E-5	-3.189992E-7	3.189992E-7
-1.000000E-1	-1.146130E-5	1.146130E-5	-2.918589E-7	2.918589E-7
-9.000000E-2	-1.067300E-5	1.067300E-5	-2.717851E-7	2.717851E-7
-8.000000E-2	-9.450220E-6	9.450220E-6	-2.406473E-7	2.406473E-7
-7.000000E-2	-8.438530E-6	8.438530E-6	-2.148849E-7	2.148849E-7
-6.000000E-2	-7.179950E-6	7.179950E-6	-1.828355E-7	1.828355E-7
-5.000000E-2	-5.959320E-6	5.959320E-6	-1.517525E-7	1.517525E-7
-4.000000E-2	-4.656500E-6	4.656500E-6	-1.185765E-7	1.185765E-7
-3.000000E-2	-3.484030E-6	3.484030E-6	-8.871989E-8	8.871989E-8
-2.000000E-2	-2.386100E-6	2.386100E-6	-6.076139E-8	6.076139E-8
-1.000000E-2	-1.198090E-6	1.198090E-6	-3.050904E-8	3.050904E-8
0.000000E+0	-7.925500E-9	7.925500E-9	-2.018207E-10	2.018207E-10
1.000000E-2	1.172060E-6	1.172060E-6	2.984619E-8	2.984619E-8
2.000000E-2	2.361580E-6	2.361580E-6	6.013700E-8	6.013700E-8
3.000000E-2	3.492740E-6	3.492740E-6	8.894168E-8	8.894168E-8
4.000000E-2	4.785670E-6	4.785670E-6	1.218658E-7	1.218658E-7
5.000000E-2	6.229780E-6	6.229780E-6	1.586397E-7	1.586397E-7
6.000000E-2	7.242090E-6	7.242090E-6	1.844179E-7	1.844179E-7
7.000000E-2	8.759120E-6	8.759120E-6	2.230486E-7	2.230486E-7
8.000000E-2	9.782400E-6	9.782400E-6	2.491062E-7	2.491062E-7
9.000000E-2	1.108722E-5	1.108722E-5	2.823331E-7	2.823331E-7
1.000000E-1	1.251140E-5	1.251140E-5	3.185994E-7	3.185994E-7
1.100000E-1	1.374620E-5	1.374620E-5	3.500433E-7	3.500433E-7
1.200000E-1	1.506830E-5	1.506830E-5	3.837102E-7	3.837102E-7
1.300000E-1	1.655590E-5	1.655590E-5	4.215915E-7	4.215915E-7
1.400000E-1	1.794480E-5	1.794480E-5	4.569595E-7	4.569595E-7
1.500000E-1	1.847000E-5	1.847000E-5	4.703336E-7	4.703336E-7
1.600000E-1	1.987120E-5	1.987120E-5	5.060148E-7	5.060148E-7
1.700000E-1	2.150280E-5	2.150280E-5	5.475630E-7	5.475630E-7
1.800000E-1	2.291950E-5	2.291950E-5	5.836389E-7	5.836389E-7
1.900000E-1	2.367250E-5	2.367250E-5	6.028138E-7	6.028138E-7
2.000000E-1	2.512820E-5	2.512820E-5	6.398829E-7	6.398829E-7
2.100000E-1	2.638170E-5	2.638170E-5	6.718029E-7	6.718029E-7
2.200000E-1	2.800720E-5	2.800720E-5	7.131958E-7	7.131958E-7
2.300000E-1	2.958940E-5	2.958940E-5	7.534861E-7	7.534861E-7
2.400000E-1	3.223590E-5	3.223590E-5	8.208785E-7	8.208785E-7
2.500000E-1	3.854090E-5	3.854090E-5	9.814337E-7	9.814337E-7
2.600000E-1	6.814620E-5	6.814620E-5	1.735325E-6	1.735325E-6
2.700000E-1	7.303390E-5	7.303390E-5	1.859789E-6	1.859789E-6
2.800000E-1	9.567780E-5	9.567780E-5	2.436409E-6	2.436409E-6
2.900000E-1	1.048245E-4	1.048245E-4	2.669328E-6	2.669328E-6
3.000000E-1	1.712620E-4	1.712620E-4	4.361141E-6	4.361141E-6
3.100000E-1	2.848240E-4	2.848240E-4	7.252967E-6	7.252967E-6
3.200000E-1	3.642390E-4	3.642390E-4	9.275248E-6	9.275248E-6
3.300000E-1	3.893730E-4	3.893730E-4	9.915279E-6	9.915279E-6
3.400000E-1	4.523380E-4	4.523380E-4	1.151867E-5	1.151867E-5
3.500000E-1	4.740410E-4	4.740410E-4	1.207133E-5	1.207133E-5
3.600000E-1	5.310520E-4	5.310520E-4	1.352310E-5	1.352310E-5
3.700000E-1	5.933170E-4	5.933170E-4	1.510866E-5	1.510866E-5
3.800000E-1	5.817970E-4	5.817970E-4	1.481530E-5	1.481530E-5
3.900000E-1	6.098440E-4	6.098440E-4	1.552951E-5	1.552951E-5
4.000000E-1	6.456070E-4	6.456070E-4	1.644021E-5	1.644021E-5
4.100000E-1	6.183290E-4	6.183290E-4	1.574558E-5	1.574558E-5
4.200000E-1	6.169900E-4	6.169900E-4	1.571148E-5	1.571148E-5
4.300000E-1	6.606160E-4	6.606160E-4	1.682241E-5	1.682241E-5
4.400000E-1	6.511390E-4	6.511390E-4	1.658108E-5	1.658108E-5
4.500000E-1	7.669510E-4	7.669510E-4	1.953020E-5	1.953020E-5
4.600000E-1	8.371260E-4	8.371260E-4	2.131719E-5	2.131719E-5
4.700000E-1	9.123450E-4	9.123450E-4	2.323262E-5	2.323262E-5
4.800000E-1	1.053677E-3	1.053677E-3	2.683160E-5	2.683160E-5
4.900000E-1	1.140826E-3	1.140826E-3	2.905083E-5	2.905083E-5
5.000000E-1	1.162700E-3	1.162700E-3	2.960784E-5	2.960784E-5
