   V1	   I1	Abs(I)	J (A\um²)	Abs(J)
-5.000000E-1	-1.666150E-3	1.666150E-3	-4.242806E-5	4.242806E-5
-4.900000E-1	-1.633710E-3	1.633710E-3	-4.160199E-5	4.160199E-5
-4.800000E-1	-1.592730E-3	1.592730E-3	-4.055844E-5	4.055844E-5
-4.700000E-1	-1.553480E-3	1.553480E-3	-3.955895E-5	3.955895E-5
-4.600000E-1	-1.514140E-3	1.514140E-3	-3.855717E-5	3.855717E-5
-4.500000E-1	-1.479240E-3	1.479240E-3	-3.766845E-5	3.766845E-5
-4.400000E-1	-1.443190E-3	1.443190E-3	-3.675045E-5	3.675045E-5
-4.300000E-1	-1.404930E-3	1.404930E-3	-3.577616E-5	3.577616E-5
-4.200000E-1	-1.369320E-3	1.369320E-3	-3.486937E-5	3.486937E-5
-4.100000E-1	-1.335140E-3	1.335140E-3	-3.399898E-5	3.399898E-5
-4.000000E-1	-1.298150E-3	1.298150E-3	-3.305704E-5	3.305704E-5
-3.900000E-1	-1.265760E-3	1.265760E-3	-3.223224E-5	3.223224E-5
-3.800000E-1	-1.229530E-3	1.229530E-3	-3.130965E-5	3.130965E-5
-3.700000E-1	-1.194120E-3	1.194120E-3	-3.040794E-5	3.040794E-5
-3.600000E-1	-1.159210E-3	1.159210E-3	-2.951897E-5	2.951897E-5
-3.500000E-1	-1.124880E-3	1.124880E-3	-2.864477E-5	2.864477E-5
-3.400000E-1	-1.089560E-3	1.089560E-3	-2.774535E-5	2.774535E-5
-3.300000E-1	-1.055200E-3	1.055200E-3	-2.687038E-5	2.687038E-5
-3.200000E-1	-1.019820E-3	1.019820E-3	-2.596944E-5	2.596944E-5
-3.100000E-1	-9.835100E-4	9.835100E-4	-2.504482E-5	2.504482E-5
-3.000000E-1	-9.508980E-4	9.508980E-4	-2.421436E-5	2.421436E-5
-2.900000E-1	-9.177010E-4	9.177010E-4	-2.336901E-5	2.336901E-5
-2.800000E-1	-8.852500E-4	8.852500E-4	-2.254265E-5	2.254265E-5
-2.700000E-1	-8.526530E-4	8.526530E-4	-2.171258E-5	2.171258E-5
-2.600000E-1	-8.188170E-4	8.188170E-4	-2.085095E-5	2.085095E-5
-2.500000E-1	-7.864140E-4	7.864140E-4	-2.002582E-5	2.002582E-5
-2.400000E-1	-7.532520E-4	7.532520E-4	-1.918136E-5	1.918136E-5
-2.300000E-1	-7.204900E-4	7.204900E-4	-1.834708E-5	1.834708E-5
-2.200000E-1	-6.879980E-4	6.879980E-4	-1.751968E-5	1.751968E-5
-2.100000E-1	-6.563060E-4	6.563060E-4	-1.671266E-5	1.671266E-5
-2.000000E-1	-6.253020E-4	6.253020E-4	-1.592315E-5	1.592315E-5
-1.900000E-1	-5.922770E-4	5.922770E-4	-1.508217E-5	1.508217E-5
-1.800000E-1	-5.601810E-4	5.601810E-4	-1.426486E-5	1.426486E-5
-1.700000E-1	-5.281310E-4	5.281310E-4	-1.344871E-5	1.344871E-5
-1.600000E-1	-4.957530E-4	4.957530E-4	-1.262422E-5	1.262422E-5
-1.500000E-1	-4.638540E-4	4.638540E-4	-1.181192E-5	1.181192E-5
-1.400000E-1	-4.323820E-4	4.323820E-4	-1.101049E-5	1.101049E-5
-1.300000E-1	-4.012740E-4	4.012740E-4	-1.021833E-5	1.021833E-5
-1.200000E-1	-3.698810E-4	3.698810E-4	-9.418920E-6	9.418920E-6
-1.100000E-1	-3.384830E-4	3.384830E-4	-8.619379E-6	8.619379E-6
-1.000000E-1	-3.073800E-4	3.073800E-4	-7.827349E-6	7.827349E-6
-9.000000E-2	-2.762540E-4	2.762540E-4	-7.034734E-6	7.034734E-6
-8.000000E-2	-2.457780E-4	2.457780E-4	-6.258671E-6	6.258671E-6
-7.000000E-2	-2.146270E-4	2.146270E-4	-5.465419E-6	5.465419E-6
-6.000000E-2	-1.841420E-4	1.841420E-4	-4.689127E-6	4.689127E-6
-5.000000E-2	-1.531010E-4	1.531010E-4	-3.898676E-6	3.898676E-6
-4.000000E-2	-1.226730E-4	1.226730E-4	-3.123835E-6	3.123835E-6
-3.000000E-2	-9.190080E-5	9.190080E-5	-2.340229E-6	2.340229E-6
-2.000000E-2	-6.126810E-5	6.126810E-5	-1.560176E-6	1.560176E-6
-1.000000E-2	-3.082550E-5	3.082550E-5	-7.849631E-7	7.849631E-7
0.000000E+0	-1.575430E-7	1.575430E-7	-4.011790E-9	4.011790E-9
1.000000E-2	3.018530E-5	3.018530E-5	7.686605E-7	7.686605E-7
2.000000E-2	6.079880E-5	6.079880E-5	1.548225E-6	1.548225E-6
3.000000E-2	9.124150E-5	9.124150E-5	2.323440E-6	2.323440E-6
4.000000E-2	1.217570E-4	1.217570E-4	3.100509E-6	3.100509E-6
5.000000E-2	1.521650E-4	1.521650E-4	3.874841E-6	3.874841E-6
6.000000E-2	1.829060E-4	1.829060E-4	4.657652E-6	4.657652E-6
7.000000E-2	2.136650E-4	2.136650E-4	5.440922E-6	5.440922E-6
8.000000E-2	2.445310E-4	2.445310E-4	6.226916E-6	6.226916E-6
9.000000E-2	2.750720E-4	2.750720E-4	7.004634E-6	7.004634E-6
1.000000E-1	3.061280E-4	3.061280E-4	7.795467E-6	7.795467E-6
1.100000E-1	3.370680E-4	3.370680E-4	8.583346E-6	8.583346E-6
1.200000E-1	3.677590E-4	3.677590E-4	9.364884E-6	9.364884E-6
1.300000E-1	3.989440E-4	3.989440E-4	1.015900E-5	1.015900E-5
1.400000E-1	4.299200E-4	4.299200E-4	1.094780E-5	1.094780E-5
1.500000E-1	4.608950E-4	4.608950E-4	1.173657E-5	1.173657E-5
1.600000E-1	4.924830E-4	4.924830E-4	1.254095E-5	1.254095E-5
1.700000E-1	5.237760E-4	5.237760E-4	1.333781E-5	1.333781E-5
1.800000E-1	5.559500E-4	5.559500E-4	1.415712E-5	1.415712E-5
1.900000E-1	5.871090E-4	5.871090E-4	1.495057E-5	1.495057E-5
2.000000E-1	6.191760E-4	6.191760E-4	1.576715E-5	1.576715E-5
2.100000E-1	6.507300E-4	6.507300E-4	1.657066E-5	1.657066E-5
2.200000E-1	6.807620E-4	6.807620E-4	1.733542E-5	1.733542E-5
2.300000E-1	7.137150E-4	7.137150E-4	1.817456E-5	1.817456E-5
2.400000E-1	7.453700E-4	7.453700E-4	1.898065E-5	1.898065E-5
2.500000E-1	7.780330E-4	7.780330E-4	1.981240E-5	1.981240E-5
2.600000E-1	8.101680E-4	8.101680E-4	2.063071E-5	2.063071E-5
2.700000E-1	8.751890E-4	8.751890E-4	2.228645E-5	2.228645E-5
2.800000E-1	9.428270E-4	9.428270E-4	2.400884E-5	2.400884E-5
2.900000E-1	9.973410E-4	9.973410E-4	2.539702E-5	2.539702E-5
3.000000E-1	1.039794E-3	1.039794E-3	2.647807E-5	2.647807E-5
3.100000E-1	1.070779E-3	1.070779E-3	2.726710E-5	2.726710E-5
3.200000E-1	1.111931E-3	1.111931E-3	2.831502E-5	2.831502E-5
3.300000E-1	1.153130E-3	1.153130E-3	2.936415E-5	2.936415E-5
3.400000E-1	1.185120E-3	1.185120E-3	3.017876E-5	3.017876E-5
3.500000E-1	1.239620E-3	1.239620E-3	3.156659E-5	3.156659E-5
3.600000E-1	1.281700E-3	1.281700E-3	3.263815E-5	3.263815E-5
3.700000E-1	1.320570E-3	1.320570E-3	3.362796E-5	3.362796E-5
3.800000E-1	1.352880E-3	1.352880E-3	3.445073E-5	3.445073E-5
3.900000E-1	1.445010E-3	1.445010E-3	3.679679E-5	3.679679E-5
4.000000E-1	1.500950E-3	1.500950E-3	3.822129E-5	3.822129E-5
4.100000E-1	1.625300E-3	1.625300E-3	4.138783E-5	4.138783E-5
4.200000E-1	1.716630E-3	1.716630E-3	4.371352E-5	4.371352E-5
4.300000E-1	1.792020E-3	1.792020E-3	4.563331E-5	4.563331E-5
4.400000E-1	1.849640E-3	1.849640E-3	4.710059E-5	4.710059E-5
4.500000E-1	1.935400E-3	1.935400E-3	4.928444E-5	4.928444E-5
4.600000E-1	2.056510E-3	2.056510E-3	5.236847E-5	5.236847E-5
4.700000E-1	2.162270E-3	2.162270E-3	5.506162E-5	5.506162E-5
4.800000E-1	2.262210E-3	2.262210E-3	5.760657E-5	5.760657E-5
4.900000E-1	2.390240E-3	2.390240E-3	6.086682E-5	6.086682E-5
5.000000E-1	2.540130E-3	2.540130E-3	6.468373E-5	6.468373E-5
