

12:06:14	04/03/21


Ell Cont: 5,0x10,0

SMU1	V name:		V1
	I name:		I1
	Mode:		V
	Function:	VAR1
SMU2	V name:		V2
	I name:		I2
	Mode:		common
	Function:	const.
SMU3	off
SMU4	off
VMUs	off

Primary Source (VAR1):	single
	Sweep Spacing:	linear
	Start:		-0.500000
	Stop:		0.500000
	Step:		0.010000
	Compliance:	0.050000
Power Compliance OFF

Timing:		Integration Time:	medium
	Delay Time (sec):	0.000000
	Hold Time (sec):	0.000000
	Wait Time (sec):	1.000000

Secondary Source (VAR2):	OFF


   V1	   I1	Abs(I)	J (A\µm²)	Abs(J)
-5.000000E-1	-2.860640E-4	2.860640E-4	-7.284543E-6	7.284543E-6
-4.900000E-1	-2.773950E-4	2.773950E-4	-7.063789E-6	7.063789E-6
-4.800000E-1	-2.688400E-4	2.688400E-4	-6.845938E-6	6.845938E-6
-4.700000E-1	-2.604570E-4	2.604570E-4	-6.632467E-6	6.632467E-6
-4.600000E-1	-2.521310E-4	2.521310E-4	-6.420448E-6	6.420448E-6
-4.500000E-1	-2.440120E-4	2.440120E-4	-6.213700E-6	6.213700E-6
-4.400000E-1	-2.359360E-4	2.359360E-4	-6.008047E-6	6.008047E-6
-4.300000E-1	-2.280700E-4	2.280700E-4	-5.807741E-6	5.807741E-6
-4.200000E-1	-2.202670E-4	2.202670E-4	-5.609040E-6	5.609040E-6
-4.100000E-1	-2.125480E-4	2.125480E-4	-5.412478E-6	5.412478E-6
-4.000000E-1	-2.050180E-4	2.050180E-4	-5.220728E-6	5.220728E-6
-3.900000E-1	-1.975900E-4	1.975900E-4	-5.031576E-6	5.031576E-6
-3.800000E-1	-1.903230E-4	1.903230E-4	-4.846524E-6	4.846524E-6
-3.700000E-1	-1.831120E-4	1.831120E-4	-4.662898E-6	4.662898E-6
-3.600000E-1	-1.761140E-4	1.761140E-4	-4.484696E-6	4.484696E-6
-3.500000E-1	-1.691620E-4	1.691620E-4	-4.307665E-6	4.307665E-6
-3.400000E-1	-1.623820E-4	1.623820E-4	-4.135014E-6	4.135014E-6
-3.300000E-1	-1.556870E-4	1.556870E-4	-3.964528E-6	3.964528E-6
-3.200000E-1	-1.491550E-4	1.491550E-4	-3.798192E-6	3.798192E-6
-3.100000E-1	-1.426910E-4	1.426910E-4	-3.633588E-6	3.633588E-6
-3.000000E-1	-1.364030E-4	1.364030E-4	-3.473466E-6	3.473466E-6
-2.900000E-1	-1.301870E-4	1.301870E-4	-3.315177E-6	3.315177E-6
-2.800000E-1	-1.241060E-4	1.241060E-4	-3.160326E-6	3.160326E-6
-2.700000E-1	-1.181730E-4	1.181730E-4	-3.009244E-6	3.009244E-6
-2.600000E-1	-1.123310E-4	1.123310E-4	-2.860479E-6	2.860479E-6
-2.500000E-1	-1.066550E-4	1.066550E-4	-2.715941E-6	2.715941E-6
-2.400000E-1	-1.010570E-4	1.010570E-4	-2.573389E-6	2.573389E-6
-2.300000E-1	-9.562900E-5	9.562900E-5	-2.435167E-6	2.435167E-6
-2.200000E-1	-9.027340E-5	9.027340E-5	-2.298788E-6	2.298788E-6
-2.100000E-1	-8.508460E-5	8.508460E-5	-2.166656E-6	2.166656E-6
-2.000000E-1	-7.996990E-5	7.996990E-5	-2.036412E-6	2.036412E-6
-1.900000E-1	-7.502330E-5	7.502330E-5	-1.910448E-6	1.910448E-6
-1.800000E-1	-7.015160E-5	7.015160E-5	-1.786392E-6	1.786392E-6
-1.700000E-1	-6.543900E-5	6.543900E-5	-1.666387E-6	1.666387E-6
-1.600000E-1	-6.080000E-5	6.080000E-5	-1.548256E-6	1.548256E-6
-1.500000E-1	-5.628500E-5	5.628500E-5	-1.433282E-6	1.433282E-6
-1.400000E-1	-5.192290E-5	5.192290E-5	-1.322203E-6	1.322203E-6
-1.300000E-1	-4.763200E-5	4.763200E-5	-1.212936E-6	1.212936E-6
-1.200000E-1	-4.348760E-5	4.348760E-5	-1.107400E-6	1.107400E-6
-1.100000E-1	-3.941580E-5	3.941580E-5	-1.003713E-6	1.003713E-6
-1.000000E-1	-3.547650E-5	3.547650E-5	-9.033995E-7	9.033995E-7
-9.000000E-2	-3.160250E-5	3.160250E-5	-8.047492E-7	8.047492E-7
-8.000000E-2	-2.784860E-5	2.784860E-5	-7.091571E-7	7.091571E-7
-7.000000E-2	-2.415630E-5	2.415630E-5	-6.151337E-7	6.151337E-7
-6.000000E-2	-2.056780E-5	2.056780E-5	-5.237535E-7	5.237535E-7
-5.000000E-2	-1.702430E-5	1.702430E-5	-4.335192E-7	4.335192E-7
-4.000000E-2	-1.356500E-5	1.356500E-5	-3.454291E-7	3.454291E-7
-3.000000E-2	-1.012890E-5	1.012890E-5	-2.579297E-7	2.579297E-7
-2.000000E-2	-6.729980E-6	6.729980E-6	-1.713771E-7	1.713771E-7
-1.000000E-2	-3.381080E-6	3.381080E-6	-8.609829E-8	8.609829E-8
0.000000E+0	-2.072830E-8	2.072830E-8	-5.278406E-10	5.278406E-10
1.000000E-2	3.311560E-6	3.311560E-6	8.432798E-8	8.432798E-8
2.000000E-2	6.685870E-6	6.685870E-6	1.702539E-7	1.702539E-7
3.000000E-2	1.005829E-5	1.005829E-5	2.561316E-7	2.561316E-7
4.000000E-2	1.349440E-5	1.349440E-5	3.436313E-7	3.436313E-7
5.000000E-2	1.695470E-5	1.695470E-5	4.317469E-7	4.317469E-7
6.000000E-2	2.050230E-5	2.050230E-5	5.220856E-7	5.220856E-7
7.000000E-2	2.411990E-5	2.411990E-5	6.142068E-7	6.142068E-7
8.000000E-2	2.778520E-5	2.778520E-5	7.075426E-7	7.075426E-7
9.000000E-2	3.156620E-5	3.156620E-5	8.038248E-7	8.038248E-7
1.000000E-1	3.540950E-5	3.540950E-5	9.016934E-7	9.016934E-7
1.100000E-1	3.938570E-5	3.938570E-5	1.002946E-6	1.002946E-6
1.200000E-1	4.342860E-5	4.342860E-5	1.105898E-6	1.105898E-6
1.300000E-1	4.761270E-5	4.761270E-5	1.212445E-6	1.212445E-6
1.400000E-1	5.187180E-5	5.187180E-5	1.320901E-6	1.320901E-6
1.500000E-1	5.627770E-5	5.627770E-5	1.433096E-6	1.433096E-6
1.600000E-1	6.076560E-5	6.076560E-5	1.547380E-6	1.547380E-6
1.700000E-1	6.540740E-5	6.540740E-5	1.665582E-6	1.665582E-6
1.800000E-1	7.016350E-5	7.016350E-5	1.786695E-6	1.786695E-6
1.900000E-1	7.500400E-5	7.500400E-5	1.909957E-6	1.909957E-6
2.000000E-1	7.999610E-5	7.999610E-5	2.037079E-6	2.037079E-6
2.100000E-1	8.506730E-5	8.506730E-5	2.166216E-6	2.166216E-6
2.200000E-1	9.032050E-5	9.032050E-5	2.299987E-6	2.299987E-6
2.300000E-1	9.563600E-5	9.563600E-5	2.435345E-6	2.435345E-6
2.400000E-1	1.011175E-4	1.011175E-4	2.574930E-6	2.574930E-6
2.500000E-1	1.066802E-4	1.066802E-4	2.716583E-6	2.716583E-6
2.600000E-1	1.123991E-4	1.123991E-4	2.862213E-6	2.862213E-6
2.700000E-1	1.182470E-4	1.182470E-4	3.011128E-6	3.011128E-6
2.800000E-1	1.241870E-4	1.241870E-4	3.162389E-6	3.162389E-6
2.900000E-1	1.302770E-4	1.302770E-4	3.317469E-6	3.317469E-6
3.000000E-1	1.364590E-4	1.364590E-4	3.474892E-6	3.474892E-6
3.100000E-1	1.428050E-4	1.428050E-4	3.636491E-6	3.636491E-6
3.200000E-1	1.492180E-4	1.492180E-4	3.799796E-6	3.799796E-6
3.300000E-1	1.558160E-4	1.558160E-4	3.967813E-6	3.967813E-6
3.400000E-1	1.624770E-4	1.624770E-4	4.137433E-6	4.137433E-6
3.500000E-1	1.693150E-4	1.693150E-4	4.311561E-6	4.311561E-6
3.600000E-1	1.762220E-4	1.762220E-4	4.487446E-6	4.487446E-6
3.700000E-1	1.832910E-4	1.832910E-4	4.667456E-6	4.667456E-6
3.800000E-1	1.905130E-4	1.905130E-4	4.851362E-6	4.851362E-6
3.900000E-1	1.977860E-4	1.977860E-4	5.036567E-6	5.036567E-6
4.000000E-1	2.052590E-4	2.052590E-4	5.226865E-6	5.226865E-6
4.100000E-1	2.127650E-4	2.127650E-4	5.418004E-6	5.418004E-6
4.200000E-1	2.204730E-4	2.204730E-4	5.614286E-6	5.614286E-6
4.300000E-1	2.282550E-4	2.282550E-4	5.812452E-6	5.812452E-6
4.400000E-1	2.361860E-4	2.361860E-4	6.014413E-6	6.014413E-6
4.500000E-1	2.441990E-4	2.441990E-4	6.218462E-6	6.218462E-6
4.600000E-1	2.523710E-4	2.523710E-4	6.426560E-6	6.426560E-6
4.700000E-1	2.606380E-4	2.606380E-4	6.637077E-6	6.637077E-6
4.800000E-1	2.691020E-4	2.691020E-4	6.852610E-6	6.852610E-6
4.900000E-1	2.776490E-4	2.776490E-4	7.070257E-6	7.070257E-6
5.000000E-1	2.862800E-4	2.862800E-4	7.290043E-6	7.290043E-6
