

11:44:48	04/03/21


Ell Cont: 5,0x10,0

SMU1	V name:		V1
	I name:		I1
	Mode:		V
	Function:	VAR1
SMU2	V name:		V2
	I name:		I2
	Mode:		common
	Function:	const.
SMU3	off
SMU4	off
VMUs	off

Primary Source (VAR1):	single
	Sweep Spacing:	linear
	Start:		-0.500000
	Stop:		0.500000
	Step:		0.010000
	Compliance:	0.050000
Power Compliance OFF

Timing:		Integration Time:	medium
	Delay Time (sec):	0.000000
	Hold Time (sec):	0.000000
	Wait Time (sec):	1.000000

Secondary Source (VAR2):	OFF


   V1	   I1	Abs(I)	J (A\um²)	Abs(J)
-5.000000E-1	-1.363740E-3	1.363740E-3	-3.472727E-5	3.472727E-5
-4.900000E-1	-1.326570E-3	1.326570E-3	-3.378075E-5	3.378075E-5
-4.800000E-1	-1.298020E-3	1.298020E-3	-3.305373E-5	3.305373E-5
-4.700000E-1	-1.271570E-3	1.271570E-3	-3.238019E-5	3.238019E-5
-4.600000E-1	-1.238400E-3	1.238400E-3	-3.153552E-5	3.153552E-5
-4.500000E-1	-1.210740E-3	1.210740E-3	-3.083117E-5	3.083117E-5
-4.400000E-1	-1.181200E-3	1.181200E-3	-3.007894E-5	3.007894E-5
-4.300000E-1	-1.152690E-3	1.152690E-3	-2.935294E-5	2.935294E-5
-4.200000E-1	-1.123260E-3	1.123260E-3	-2.860351E-5	2.860351E-5
-4.100000E-1	-1.092320E-3	1.092320E-3	-2.781564E-5	2.781564E-5
-4.000000E-1	-1.064000E-3	1.064000E-3	-2.709447E-5	2.709447E-5
-3.900000E-1	-1.035460E-3	1.035460E-3	-2.636771E-5	2.636771E-5
-3.800000E-1	-1.005560E-3	1.005560E-3	-2.560631E-5	2.560631E-5
-3.700000E-1	-9.770690E-4	9.770690E-4	-2.488080E-5	2.488080E-5
-3.600000E-1	-9.493290E-4	9.493290E-4	-2.417441E-5	2.417441E-5
-3.500000E-1	-9.200610E-4	9.200610E-4	-2.342911E-5	2.342911E-5
-3.400000E-1	-8.927180E-4	8.927180E-4	-2.273282E-5	2.273282E-5
-3.300000E-1	-8.638420E-4	8.638420E-4	-2.199750E-5	2.199750E-5
-3.200000E-1	-8.358960E-4	8.358960E-4	-2.128587E-5	2.128587E-5
-3.100000E-1	-8.079150E-4	8.079150E-4	-2.057334E-5	2.057334E-5
-3.000000E-1	-7.799600E-4	7.799600E-4	-1.986147E-5	1.986147E-5
-2.900000E-1	-7.535830E-4	7.535830E-4	-1.918979E-5	1.918979E-5
-2.800000E-1	-7.259280E-4	7.259280E-4	-1.848556E-5	1.848556E-5
-2.700000E-1	-6.984630E-4	6.984630E-4	-1.778617E-5	1.778617E-5
-2.600000E-1	-6.711290E-4	6.711290E-4	-1.709012E-5	1.709012E-5
-2.500000E-1	-6.432730E-4	6.432730E-4	-1.638077E-5	1.638077E-5
-2.400000E-1	-6.163340E-4	6.163340E-4	-1.569478E-5	1.569478E-5
-2.300000E-1	-5.897680E-4	5.897680E-4	-1.501828E-5	1.501828E-5
-2.200000E-1	-5.633360E-4	5.633360E-4	-1.434520E-5	1.434520E-5
-2.100000E-1	-5.372400E-4	5.372400E-4	-1.368067E-5	1.368067E-5
-2.000000E-1	-5.108800E-4	5.108800E-4	-1.300942E-5	1.300942E-5
-1.900000E-1	-4.843930E-4	4.843930E-4	-1.233494E-5	1.233494E-5
-1.800000E-1	-4.575320E-4	4.575320E-4	-1.165093E-5	1.165093E-5
-1.700000E-1	-4.316600E-4	4.316600E-4	-1.099211E-5	1.099211E-5
-1.600000E-1	-4.052530E-4	4.052530E-4	-1.031966E-5	1.031966E-5
-1.500000E-1	-3.794810E-4	3.794810E-4	-9.663382E-6	9.663382E-6
-1.400000E-1	-3.541820E-4	3.541820E-4	-9.019149E-6	9.019149E-6
-1.300000E-1	-3.278320E-4	3.278320E-4	-8.348154E-6	8.348154E-6
-1.200000E-1	-3.024460E-4	3.024460E-4	-7.701706E-6	7.701706E-6
-1.100000E-1	-2.761920E-4	2.761920E-4	-7.033155E-6	7.033155E-6
-1.000000E-1	-2.513950E-4	2.513950E-4	-6.401706E-6	6.401706E-6
-9.000000E-2	-2.258080E-4	2.258080E-4	-5.750140E-6	5.750140E-6
-8.000000E-2	-2.005380E-4	2.005380E-4	-5.106646E-6	5.106646E-6
-7.000000E-2	-1.751420E-4	1.751420E-4	-4.459944E-6	4.459944E-6
-6.000000E-2	-1.500500E-4	1.500500E-4	-3.820983E-6	3.820983E-6
-5.000000E-2	-1.249140E-4	1.249140E-4	-3.180901E-6	3.180901E-6
-4.000000E-2	-1.000560E-4	1.000560E-4	-2.547899E-6	2.547899E-6
-3.000000E-2	-7.506700E-5	7.506700E-5	-1.911561E-6	1.911561E-6
-2.000000E-2	-5.009050E-5	5.009050E-5	-1.275541E-6	1.275541E-6
-1.000000E-2	-2.525850E-5	2.525850E-5	-6.432009E-7	6.432009E-7
0.000000E+0	-1.128721E-7	1.128721E-7	-2.874258E-9	2.874258E-9
1.000000E-2	2.473330E-5	2.473330E-5	6.298268E-7	6.298268E-7
2.000000E-2	4.968870E-5	4.968870E-5	1.265309E-6	1.265309E-6
3.000000E-2	7.452750E-5	7.452750E-5	1.897823E-6	1.897823E-6
4.000000E-2	9.959730E-5	9.959730E-5	2.536218E-6	2.536218E-6
5.000000E-2	1.245780E-4	1.245780E-4	3.172345E-6	3.172345E-6
6.000000E-2	1.495120E-4	1.495120E-4	3.807283E-6	3.807283E-6
7.000000E-2	1.746240E-4	1.746240E-4	4.446753E-6	4.446753E-6
8.000000E-2	1.996280E-4	1.996280E-4	5.083473E-6	5.083473E-6
9.000000E-2	2.246520E-4	2.246520E-4	5.720703E-6	5.720703E-6
1.000000E-1	2.503400E-4	2.503400E-4	6.374841E-6	6.374841E-6
1.100000E-1	2.758030E-4	2.758030E-4	7.023249E-6	7.023249E-6
1.200000E-1	3.011050E-4	3.011050E-4	7.667558E-6	7.667558E-6
1.300000E-1	3.263720E-4	3.263720E-4	8.310975E-6	8.310975E-6
1.400000E-1	3.518730E-4	3.518730E-4	8.960351E-6	8.960351E-6
1.500000E-1	3.775480E-4	3.775480E-4	9.614158E-6	9.614158E-6
1.600000E-1	4.044710E-4	4.044710E-4	1.029975E-5	1.029975E-5
1.700000E-1	4.307250E-4	4.307250E-4	1.096830E-5	1.096830E-5
1.800000E-1	4.567610E-4	4.567610E-4	1.163130E-5	1.163130E-5
1.900000E-1	4.827420E-4	4.827420E-4	1.229290E-5	1.229290E-5
2.000000E-1	5.093700E-4	5.093700E-4	1.297097E-5	1.297097E-5
2.100000E-1	5.346540E-4	5.346540E-4	1.361482E-5	1.361482E-5
2.200000E-1	5.610130E-4	5.610130E-4	1.428605E-5	1.428605E-5
2.300000E-1	5.868840E-4	5.868840E-4	1.494484E-5	1.494484E-5
2.400000E-1	6.133400E-4	6.133400E-4	1.561854E-5	1.561854E-5
2.500000E-1	6.515610E-4	6.515610E-4	1.659183E-5	1.659183E-5
2.600000E-1	6.976270E-4	6.976270E-4	1.776488E-5	1.776488E-5
2.700000E-1	7.252200E-4	7.252200E-4	1.846753E-5	1.846753E-5
2.800000E-1	7.516220E-4	7.516220E-4	1.913985E-5	1.913985E-5
2.900000E-1	8.046900E-4	8.046900E-4	2.049121E-5	2.049121E-5
3.000000E-1	8.363710E-4	8.363710E-4	2.129796E-5	2.129796E-5
3.100000E-1	8.661690E-4	8.661690E-4	2.205676E-5	2.205676E-5
3.200000E-1	9.114290E-4	9.114290E-4	2.320929E-5	2.320929E-5
3.300000E-1	9.416120E-4	9.416120E-4	2.397790E-5	2.397790E-5
3.400000E-1	9.543710E-4	9.543710E-4	2.430280E-5	2.430280E-5
3.500000E-1	9.807400E-4	9.807400E-4	2.497428E-5	2.497428E-5
3.600000E-1	1.046097E-3	1.046097E-3	2.663858E-5	2.663858E-5
3.700000E-1	1.062475E-3	1.062475E-3	2.705564E-5	2.705564E-5
3.800000E-1	1.115180E-3	1.115180E-3	2.839776E-5	2.839776E-5
3.900000E-1	1.127760E-3	1.127760E-3	2.871811E-5	2.871811E-5
4.000000E-1	1.173420E-3	1.173420E-3	2.988082E-5	2.988082E-5
4.100000E-1	1.251120E-3	1.251120E-3	3.185943E-5	3.185943E-5
4.200000E-1	1.256900E-3	1.256900E-3	3.200662E-5	3.200662E-5
4.300000E-1	1.346390E-3	1.346390E-3	3.428546E-5	3.428546E-5
4.400000E-1	1.389670E-3	1.389670E-3	3.538757E-5	3.538757E-5
4.500000E-1	1.420900E-3	1.420900E-3	3.618284E-5	3.618284E-5
4.600000E-1	1.584680E-3	1.584680E-3	4.035345E-5	4.035345E-5
4.700000E-1	1.651200E-3	1.651200E-3	4.204736E-5	4.204736E-5
4.800000E-1	1.696870E-3	1.696870E-3	4.321034E-5	4.321034E-5
4.900000E-1	1.799360E-3	1.799360E-3	4.582022E-5	4.582022E-5
5.000000E-1	1.865930E-3	1.865930E-3	4.751541E-5	4.751541E-5
