

14:59:19	01/03/21


Ell Cont: 5,0x10,0

SMU1	V name:		V1
	I name:		I1
	Mode:		V
	Function:	VAR1
SMU2	V name:		V2
	I name:		I2
	Mode:		common
	Function:	const.
SMU3	off
SMU4	off
VMUs	off

Primary Source (VAR1):	single
	Sweep Spacing:	linear
	Start:		-0.500000
	Stop:		0.500000
	Step:		0.010000
	Compliance:	0.050000
Power Compliance OFF

Timing:		Integration Time:	medium
	Delay Time (sec):	0.000000
	Hold Time (sec):	0.000000
	Wait Time (sec):	1.000000

Secondary Source (VAR2):	OFF


   V1	   I1	Abs(I)	J (A\µm²)	Abs(J)
-5.000000E-1	-2.579710E-3	2.579710E-3	-6.569162E-5	6.569162E-5
-4.900000E-1	-2.741340E-3	2.741340E-3	-6.980749E-5	6.980749E-5
-4.800000E-1	-2.573060E-3	2.573060E-3	-6.552228E-5	6.552228E-5
-4.700000E-1	-2.536270E-3	2.536270E-3	-6.458543E-5	6.458543E-5
-4.600000E-1	-2.446910E-3	2.446910E-3	-6.230991E-5	6.230991E-5
-4.500000E-1	-2.334510E-3	2.334510E-3	-5.944767E-5	5.944767E-5
-4.400000E-1	-2.255730E-3	2.255730E-3	-5.744156E-5	5.744156E-5
-4.300000E-1	-2.180060E-3	2.180060E-3	-5.551464E-5	5.551464E-5
-4.200000E-1	-2.106360E-3	2.106360E-3	-5.363789E-5	5.363789E-5
-4.100000E-1	-2.038510E-3	2.038510E-3	-5.191011E-5	5.191011E-5
-4.000000E-1	-1.975640E-3	1.975640E-3	-5.030914E-5	5.030914E-5
-3.900000E-1	-1.876210E-3	1.876210E-3	-4.777718E-5	4.777718E-5
-3.800000E-1	-1.826260E-3	1.826260E-3	-4.650522E-5	4.650522E-5
-3.700000E-1	-1.782490E-3	1.782490E-3	-4.539063E-5	4.539063E-5
-3.600000E-1	-1.725320E-3	1.725320E-3	-4.393481E-5	4.393481E-5
-3.500000E-1	-1.668610E-3	1.668610E-3	-4.249070E-5	4.249070E-5
-3.400000E-1	-1.624160E-3	1.624160E-3	-4.135880E-5	4.135880E-5
-3.300000E-1	-1.557360E-3	1.557360E-3	-3.965775E-5	3.965775E-5
-3.200000E-1	-1.537860E-3	1.537860E-3	-3.916119E-5	3.916119E-5
-3.100000E-1	-1.502390E-3	1.502390E-3	-3.825796E-5	3.825796E-5
-3.000000E-1	-1.498830E-3	1.498830E-3	-3.816730E-5	3.816730E-5
-2.900000E-1	-1.453660E-3	1.453660E-3	-3.701706E-5	3.701706E-5
-2.800000E-1	-1.402440E-3	1.402440E-3	-3.571276E-5	3.571276E-5
-2.700000E-1	-1.346470E-3	1.346470E-3	-3.428750E-5	3.428750E-5
-2.600000E-1	-1.292300E-3	1.292300E-3	-3.290807E-5	3.290807E-5
-2.500000E-1	-1.246200E-3	1.246200E-3	-3.173415E-5	3.173415E-5
-2.400000E-1	-1.196140E-3	1.196140E-3	-3.045938E-5	3.045938E-5
-2.300000E-1	-1.146440E-3	1.146440E-3	-2.919379E-5	2.919379E-5
-2.200000E-1	-1.087200E-3	1.087200E-3	-2.768526E-5	2.768526E-5
-2.100000E-1	-1.033420E-3	1.033420E-3	-2.631576E-5	2.631576E-5
-2.000000E-1	-9.883400E-4	9.883400E-4	-2.516781E-5	2.516781E-5
-1.900000E-1	-9.354510E-4	9.354510E-4	-2.382101E-5	2.382101E-5
-1.800000E-1	-8.827010E-4	8.827010E-4	-2.247774E-5	2.247774E-5
-1.700000E-1	-8.247500E-4	8.247500E-4	-2.100204E-5	2.100204E-5
-1.600000E-1	-7.743150E-4	7.743150E-4	-1.971772E-5	1.971772E-5
-1.500000E-1	-7.162790E-4	7.162790E-4	-1.823985E-5	1.823985E-5
-1.400000E-1	-6.681140E-4	6.681140E-4	-1.701334E-5	1.701334E-5
-1.300000E-1	-6.170370E-4	6.170370E-4	-1.571268E-5	1.571268E-5
-1.200000E-1	-5.673760E-4	5.673760E-4	-1.444808E-5	1.444808E-5
-1.100000E-1	-5.177920E-4	5.177920E-4	-1.318543E-5	1.318543E-5
-1.000000E-1	-4.690060E-4	4.690060E-4	-1.194311E-5	1.194311E-5
-9.000000E-2	-4.186720E-4	4.186720E-4	-1.066137E-5	1.066137E-5
-8.000000E-2	-3.680200E-4	3.680200E-4	-9.371530E-6	9.371530E-6
-7.000000E-2	-3.218990E-4	3.218990E-4	-8.197071E-6	8.197071E-6
-6.000000E-2	-2.755940E-4	2.755940E-4	-7.017927E-6	7.017927E-6
-5.000000E-2	-2.286640E-4	2.286640E-4	-5.822867E-6	5.822867E-6
-4.000000E-2	-1.828630E-4	1.828630E-4	-4.656557E-6	4.656557E-6
-3.000000E-2	-1.370880E-4	1.370880E-4	-3.490909E-6	3.490909E-6
-2.000000E-2	-9.128830E-5	9.128830E-5	-2.324632E-6	2.324632E-6
-1.000000E-2	-4.609780E-5	4.609780E-5	-1.173868E-6	1.173868E-6
0.000000E+0	-1.998410E-7	1.998410E-7	-5.088897E-9	5.088897E-9
1.000000E-2	4.332080E-5	4.332080E-5	1.103153E-6	1.103153E-6
2.000000E-2	8.572540E-5	8.572540E-5	2.182974E-6	2.182974E-6
3.000000E-2	1.271050E-4	1.271050E-4	3.236695E-6	3.236695E-6
4.000000E-2	1.726800E-4	1.726800E-4	4.397250E-6	4.397250E-6
5.000000E-2	2.172890E-4	2.172890E-4	5.533206E-6	5.533206E-6
6.000000E-2	2.592250E-4	2.592250E-4	6.601095E-6	6.601095E-6
7.000000E-2	3.031600E-4	3.031600E-4	7.719888E-6	7.719888E-6
8.000000E-2	3.366830E-4	3.366830E-4	8.573542E-6	8.573542E-6
9.000000E-2	3.631120E-4	3.631120E-4	9.246549E-6	9.246549E-6
1.000000E-1	3.852280E-4	3.852280E-4	9.809727E-6	9.809727E-6
1.100000E-1	3.969390E-4	3.969390E-4	1.010794E-5	1.010794E-5
1.200000E-1	4.284080E-4	4.284080E-4	1.090929E-5	1.090929E-5
1.300000E-1	4.491560E-4	4.491560E-4	1.143764E-5	1.143764E-5
1.400000E-1	4.830180E-4	4.830180E-4	1.229992E-5	1.229992E-5
1.500000E-1	5.203970E-4	5.203970E-4	1.325177E-5	1.325177E-5
1.600000E-1	5.498060E-4	5.498060E-4	1.400066E-5	1.400066E-5
1.700000E-1	5.844700E-4	5.844700E-4	1.488337E-5	1.488337E-5
1.800000E-1	6.142240E-4	6.142240E-4	1.564105E-5	1.564105E-5
1.900000E-1	6.528090E-4	6.528090E-4	1.662361E-5	1.662361E-5
2.000000E-1	6.962880E-4	6.962880E-4	1.773079E-5	1.773079E-5
2.100000E-1	7.296210E-4	7.296210E-4	1.857960E-5	1.857960E-5
2.200000E-1	7.525200E-4	7.525200E-4	1.916272E-5	1.916272E-5
2.300000E-1	7.803090E-4	7.803090E-4	1.987036E-5	1.987036E-5
2.400000E-1	8.021090E-4	8.021090E-4	2.042549E-5	2.042549E-5
2.500000E-1	8.118830E-4	8.118830E-4	2.067438E-5	2.067438E-5
2.600000E-1	8.425950E-4	8.425950E-4	2.145646E-5	2.145646E-5
2.700000E-1	8.622130E-4	8.622130E-4	2.195602E-5	2.195602E-5
2.800000E-1	8.886660E-4	8.886660E-4	2.262964E-5	2.262964E-5
2.900000E-1	8.868180E-4	8.868180E-4	2.258258E-5	2.258258E-5
3.000000E-1	8.905810E-4	8.905810E-4	2.267841E-5	2.267841E-5
3.100000E-1	9.048720E-4	9.048720E-4	2.304232E-5	2.304232E-5
3.200000E-1	9.121380E-4	9.121380E-4	2.322735E-5	2.322735E-5
3.300000E-1	9.228270E-4	9.228270E-4	2.349954E-5	2.349954E-5
3.400000E-1	9.147290E-4	9.147290E-4	2.329333E-5	2.329333E-5
3.500000E-1	9.067830E-4	9.067830E-4	2.309099E-5	2.309099E-5
3.600000E-1	8.978840E-4	8.978840E-4	2.286437E-5	2.286437E-5
3.700000E-1	8.689040E-4	8.689040E-4	2.212641E-5	2.212641E-5
3.800000E-1	8.903350E-4	8.903350E-4	2.267214E-5	2.267214E-5
3.900000E-1	9.155390E-4	9.155390E-4	2.331395E-5	2.331395E-5
4.000000E-1	9.396350E-4	9.396350E-4	2.392755E-5	2.392755E-5
4.100000E-1	9.485180E-4	9.485180E-4	2.415376E-5	2.415376E-5
4.200000E-1	9.032020E-4	9.032020E-4	2.299980E-5	2.299980E-5
4.300000E-1	8.500640E-4	8.500640E-4	2.164665E-5	2.164665E-5
4.400000E-1	8.738350E-4	8.738350E-4	2.225197E-5	2.225197E-5
4.500000E-1	8.995670E-4	8.995670E-4	2.290723E-5	2.290723E-5
4.600000E-1	9.244400E-4	9.244400E-4	2.354062E-5	2.354062E-5
4.700000E-1	9.564890E-4	9.564890E-4	2.435674E-5	2.435674E-5
4.800000E-1	9.934800E-4	9.934800E-4	2.529870E-5	2.529870E-5
4.900000E-1	3.585960E-3	3.585960E-3	9.131551E-5	9.131551E-5
5.000000E-1	3.954880E-3	3.954880E-3	1.007100E-4	1.007100E-4
