

15:03:48	01/03/21


Ell Cont: 5,0x10,0

SMU1	V name:		V1
	I name:		I1
	Mode:		V
	Function:	VAR1
SMU2	V name:		V2
	I name:		I2
	Mode:		common
	Function:	const.
SMU3	off
SMU4	off
VMUs	off

Primary Source (VAR1):	single
	Sweep Spacing:	linear
	Start:		-0.500000
	Stop:		0.500000
	Step:		0.010000
	Compliance:	0.050000
Power Compliance OFF

Timing:		Integration Time:	medium
	Delay Time (sec):	0.000000
	Hold Time (sec):	0.000000
	Wait Time (sec):	1.000000

Secondary Source (VAR2):	OFF


   V1	   I1	Abs(I)	J (A\um²)	Abs(J)
-5.000000E-1	-8.497000E-11	8.497000E-11	-2.163738E-12	2.163738E-12
-4.900000E-1	-3.923100E-10	3.923100E-10	-9.990069E-12	9.990069E-12
-4.800000E-1	-2.479350E-9	2.479350E-9	-6.313598E-11	6.313598E-11
-4.700000E-1	-2.912050E-9	2.912050E-9	-7.415457E-11	7.415457E-11
-4.600000E-1	-3.662070E-9	3.662070E-9	-9.325363E-11	9.325363E-11
-4.500000E-1	-9.298170E-8	9.298170E-8	-2.367754E-9	2.367754E-9
-4.400000E-1	-8.773160E-8	8.773160E-8	-2.234062E-9	2.234062E-9
-4.300000E-1	-8.489570E-8	8.489570E-8	-2.161846E-9	2.161846E-9
-4.200000E-1	-7.539180E-8	7.539180E-8	-1.919832E-9	1.919832E-9
-4.100000E-1	-5.377610E-8	5.377610E-8	-1.369394E-9	1.369394E-9
-4.000000E-1	-7.027430E-8	7.027430E-8	-1.789516E-9	1.789516E-9
-3.900000E-1	-6.436420E-8	6.436420E-8	-1.639017E-9	1.639017E-9
-3.800000E-1	-7.432550E-8	7.432550E-8	-1.892679E-9	1.892679E-9
-3.700000E-1	-7.636010E-8	7.636010E-8	-1.944489E-9	1.944489E-9
-3.600000E-1	-7.200920E-8	7.200920E-8	-1.833695E-9	1.833695E-9
-3.500000E-1	-7.175390E-8	7.175390E-8	-1.827194E-9	1.827194E-9
-3.400000E-1	-6.381370E-8	6.381370E-8	-1.624999E-9	1.624999E-9
-3.300000E-1	-5.993470E-8	5.993470E-8	-1.526221E-9	1.526221E-9
-3.200000E-1	-6.287800E-8	6.287800E-8	-1.601171E-9	1.601171E-9
-3.100000E-1	-6.726550E-8	6.726550E-8	-1.712898E-9	1.712898E-9
-3.000000E-1	-5.913010E-8	5.913010E-8	-1.505732E-9	1.505732E-9
-2.900000E-1	-5.878640E-8	5.878640E-8	-1.496980E-9	1.496980E-9
-2.800000E-1	-5.226100E-8	5.226100E-8	-1.330812E-9	1.330812E-9
-2.700000E-1	-4.577140E-8	4.577140E-8	-1.165556E-9	1.165556E-9
-2.600000E-1	-4.036050E-8	4.036050E-8	-1.027769E-9	1.027769E-9
-2.500000E-1	-3.681900E-8	3.681900E-8	-9.375859E-10	9.375859E-10
-2.400000E-1	-3.128870E-8	3.128870E-8	-7.967583E-10	7.967583E-10
-2.300000E-1	-2.142080E-8	2.142080E-8	-5.454749E-10	5.454749E-10
-2.200000E-1	-1.536260E-9	1.536260E-9	-3.912045E-11	3.912045E-11
-2.100000E-1	-3.484290E-9	3.484290E-9	-8.872651E-11	8.872651E-11
-2.000000E-1	-1.714940E-9	1.714940E-9	-4.367049E-11	4.367049E-11
-1.900000E-1	-1.307700E-10	1.307700E-10	-3.330023E-12	3.330023E-12
-1.800000E-1	-3.005100E-10	3.005100E-10	-7.652406E-12	7.652406E-12
-1.700000E-1	-2.291860E-8	2.291860E-8	-5.836160E-10	5.836160E-10
-1.600000E-1	-2.670450E-8	2.670450E-8	-6.800229E-10	6.800229E-10
-1.500000E-1	-3.151420E-8	3.151420E-8	-8.025006E-10	8.025006E-10
-1.400000E-1	-2.451120E-8	2.451120E-8	-6.241711E-10	6.241711E-10
-1.300000E-1	-2.504410E-8	2.504410E-8	-6.377413E-10	6.377413E-10
-1.200000E-1	-2.077140E-8	2.077140E-8	-5.289381E-10	5.289381E-10
-1.100000E-1	-1.974330E-8	1.974330E-8	-5.027578E-10	5.027578E-10
-1.000000E-1	-1.590230E-8	1.590230E-8	-4.049478E-10	4.049478E-10
-9.000000E-2	-1.381380E-8	1.381380E-8	-3.517647E-10	3.517647E-10
-8.000000E-2	-1.378380E-8	1.378380E-8	-3.510008E-10	3.510008E-10
-7.000000E-2	-1.209690E-8	1.209690E-8	-3.080443E-10	3.080443E-10
-6.000000E-2	-1.138380E-8	1.138380E-8	-2.898854E-10	2.898854E-10
-5.000000E-2	-1.507420E-8	1.507420E-8	-3.838604E-10	3.838604E-10
-4.000000E-2	-2.898120E-8	2.898120E-8	-7.379985E-10	7.379985E-10
-3.000000E-2	-5.151140E-8	5.151140E-8	-1.311724E-9	1.311724E-9
-2.000000E-2	-4.289510E-8	4.289510E-8	-1.092312E-9	1.092312E-9
-1.000000E-2	-2.904340E-8	2.904340E-8	-7.395824E-10	7.395824E-10
0.000000E+0	-1.929000E-10	1.929000E-10	-4.912147E-12	4.912147E-12
1.000000E-2	2.191770E-8	2.191770E-8	5.581283E-10	5.581283E-10
2.000000E-2	6.188670E-8	6.188670E-8	1.575928E-9	1.575928E-9
3.000000E-2	1.605160E-7	1.605160E-7	4.087497E-9	4.087497E-9
4.000000E-2	1.378960E-7	1.378960E-7	3.511485E-9	3.511485E-9
5.000000E-2	1.136950E-7	1.136950E-7	2.895213E-9	2.895213E-9
6.000000E-2	1.168870E-7	1.168870E-7	2.976496E-9	2.976496E-9
7.000000E-2	1.244310E-7	1.244310E-7	3.168602E-9	3.168602E-9
8.000000E-2	1.443010E-7	1.443010E-7	3.674586E-9	3.674586E-9
9.000000E-2	1.879120E-7	1.879120E-7	4.785129E-9	4.785129E-9
1.000000E-1	3.431760E-7	3.431760E-7	8.738885E-9	8.738885E-9
1.100000E-1	4.578640E-7	4.578640E-7	1.165938E-8	1.165938E-8
1.200000E-1	1.416600E-4	1.416600E-4	3.607334E-6	3.607334E-6
1.300000E-1	1.683420E-4	1.683420E-4	4.286784E-6	4.286784E-6
1.400000E-1	1.937570E-4	1.937570E-4	4.933970E-6	4.933970E-6
1.500000E-1	2.263790E-4	2.263790E-4	5.764680E-6	5.764680E-6
1.600000E-1	2.366530E-4	2.366530E-4	6.026305E-6	6.026305E-6
1.700000E-1	2.555670E-4	2.555670E-4	6.507945E-6	6.507945E-6
1.800000E-1	2.737920E-4	2.737920E-4	6.972040E-6	6.972040E-6
1.900000E-1	3.141600E-4	3.141600E-4	8.000000E-6	8.000000E-6
2.000000E-1	3.319830E-4	3.319830E-4	8.453858E-6	8.453858E-6
2.100000E-1	3.772490E-4	3.772490E-4	9.606544E-6	9.606544E-6
2.200000E-1	3.784540E-4	3.784540E-4	9.637229E-6	9.637229E-6
2.300000E-1	3.865510E-4	3.865510E-4	9.843417E-6	9.843417E-6
2.400000E-1	4.006210E-4	4.006210E-4	1.020171E-5	1.020171E-5
2.500000E-1	4.521420E-4	4.521420E-4	1.151367E-5	1.151367E-5
2.600000E-1	4.637040E-4	4.637040E-4	1.180810E-5	1.180810E-5
2.700000E-1	5.111510E-4	5.111510E-4	1.301632E-5	1.301632E-5
2.800000E-1	5.217490E-4	5.217490E-4	1.328620E-5	1.328620E-5
2.900000E-1	5.878720E-4	5.878720E-4	1.497000E-5	1.497000E-5
3.000000E-1	5.861040E-4	5.861040E-4	1.492498E-5	1.492498E-5
3.100000E-1	5.680070E-4	5.680070E-4	1.446415E-5	1.446415E-5
3.200000E-1	6.066490E-4	6.066490E-4	1.544815E-5	1.544815E-5
3.300000E-1	5.830350E-4	5.830350E-4	1.484683E-5	1.484683E-5
3.400000E-1	6.357680E-4	6.357680E-4	1.618966E-5	1.618966E-5
3.500000E-1	7.207040E-4	7.207040E-4	1.835253E-5	1.835253E-5
3.600000E-1	9.412340E-4	9.412340E-4	2.396827E-5	2.396827E-5
3.700000E-1	9.282520E-4	9.282520E-4	2.363769E-5	2.363769E-5
3.800000E-1	9.603460E-4	9.603460E-4	2.445495E-5	2.445495E-5
3.900000E-1	9.476670E-4	9.476670E-4	2.413209E-5	2.413209E-5
4.000000E-1	9.677490E-4	9.677490E-4	2.464347E-5	2.464347E-5
4.100000E-1	1.103029E-3	1.103029E-3	2.808834E-5	2.808834E-5
4.200000E-1	1.157680E-3	1.157680E-3	2.948001E-5	2.948001E-5
4.300000E-1	1.336400E-3	1.336400E-3	3.403107E-5	3.403107E-5
4.400000E-1	1.440100E-3	1.440100E-3	3.667176E-5	3.667176E-5
4.500000E-1	1.561090E-3	1.561090E-3	3.975274E-5	3.975274E-5
4.600000E-1	1.650770E-3	1.650770E-3	4.203641E-5	4.203641E-5
4.700000E-1	1.828590E-3	1.828590E-3	4.656455E-5	4.656455E-5
4.800000E-1	1.740740E-3	1.740740E-3	4.432748E-5	4.432748E-5
4.900000E-1	1.779980E-3	1.779980E-3	4.532671E-5	4.532671E-5
5.000000E-1	1.866150E-3	1.866150E-3	4.752101E-5	4.752101E-5
