

14:59:41	01/03/21


Ell Cont: 5,0x10,0

SMU1	V name:		V1
	I name:		I1
	Mode:		V
	Function:	VAR1
SMU2	V name:		V2
	I name:		I2
	Mode:		common
	Function:	const.
SMU3	off
SMU4	off
VMUs	off

Primary Source (VAR1):	single
	Sweep Spacing:	linear
	Start:		-1.500000
	Stop:		1.500000
	Step:		0.010000
	Compliance:	0.050000
Power Compliance OFF

Timing:		Integration Time:	medium
	Delay Time (sec):	0.000000
	Hold Time (sec):	0.000000
	Wait Time (sec):	1.000000

Secondary Source (VAR2):	OFF


   V1	   I1	Abs(I)	J (A\µm²)	Abs(J)
-1.500000E+0	-4.999860E-2	4.999860E-2	-1.273201E-3	1.273201E-3
-1.490000E+0	-4.996060E-2	4.996060E-2	-1.272233E-3	1.272233E-3
-1.480000E+0	-4.999820E-2	4.999820E-2	-1.273191E-3	1.273191E-3
-1.470000E+0	-4.917770E-2	4.917770E-2	-1.252297E-3	1.252297E-3
-1.460000E+0	-4.999890E-2	4.999890E-2	-1.273209E-3	1.273209E-3
-1.450000E+0	-4.999860E-2	4.999860E-2	-1.273201E-3	1.273201E-3
-1.440000E+0	-4.999860E-2	4.999860E-2	-1.273201E-3	1.273201E-3
-1.430000E+0	-4.999870E-2	4.999870E-2	-1.273203E-3	1.273203E-3
-1.420000E+0	-4.999870E-2	4.999870E-2	-1.273203E-3	1.273203E-3
-1.410000E+0	-4.999870E-2	4.999870E-2	-1.273203E-3	1.273203E-3
-1.400000E+0	-4.237820E-2	4.237820E-2	-1.079149E-3	1.079149E-3
-1.390000E+0	-4.980740E-2	4.980740E-2	-1.268332E-3	1.268332E-3
-1.380000E+0	-3.656210E-2	3.656210E-2	-9.310440E-4	9.310440E-4
-1.370000E+0	-3.837540E-2	3.837540E-2	-9.772192E-4	9.772192E-4
-1.360000E+0	-3.359310E-2	3.359310E-2	-8.554393E-4	8.554393E-4
-1.350000E+0	-3.485370E-2	3.485370E-2	-8.875401E-4	8.875401E-4
-1.340000E+0	-3.578380E-2	3.578380E-2	-9.112248E-4	9.112248E-4
-1.330000E+0	-3.265360E-2	3.265360E-2	-8.315151E-4	8.315151E-4
-1.320000E+0	-3.290170E-2	3.290170E-2	-8.378329E-4	8.378329E-4
-1.310000E+0	-3.279800E-2	3.279800E-2	-8.351922E-4	8.351922E-4
-1.300000E+0	-3.818360E-2	3.818360E-2	-9.723351E-4	9.723351E-4
-1.290000E+0	-3.461760E-2	3.461760E-2	-8.815279E-4	8.815279E-4
-1.280000E+0	-3.298110E-2	3.298110E-2	-8.398548E-4	8.398548E-4
-1.270000E+0	-3.302590E-2	3.302590E-2	-8.409957E-4	8.409957E-4
-1.260000E+0	-3.187120E-2	3.187120E-2	-8.115915E-4	8.115915E-4
-1.250000E+0	-3.031190E-2	3.031190E-2	-7.718844E-4	7.718844E-4
-1.240000E+0	-3.047170E-2	3.047170E-2	-7.759536E-4	7.759536E-4
-1.230000E+0	-3.074400E-2	3.074400E-2	-7.828877E-4	7.828877E-4
-1.220000E+0	-3.015330E-2	3.015330E-2	-7.678457E-4	7.678457E-4
-1.210000E+0	-2.984790E-2	2.984790E-2	-7.600687E-4	7.600687E-4
-1.200000E+0	-2.952990E-2	2.952990E-2	-7.519710E-4	7.519710E-4
-1.190000E+0	-2.945860E-2	2.945860E-2	-7.501553E-4	7.501553E-4
-1.180000E+0	-2.910550E-2	2.910550E-2	-7.411637E-4	7.411637E-4
-1.170000E+0	-2.888720E-2	2.888720E-2	-7.356048E-4	7.356048E-4
-1.160000E+0	-2.866180E-2	2.866180E-2	-7.298650E-4	7.298650E-4
-1.150000E+0	-2.857420E-2	2.857420E-2	-7.276343E-4	7.276343E-4
-1.140000E+0	-2.831600E-2	2.831600E-2	-7.210593E-4	7.210593E-4
-1.130000E+0	-2.812310E-2	2.812310E-2	-7.161472E-4	7.161472E-4
-1.120000E+0	-2.788580E-2	2.788580E-2	-7.101044E-4	7.101044E-4
-1.110000E+0	-2.775150E-2	2.775150E-2	-7.066845E-4	7.066845E-4
-1.100000E+0	-2.779640E-2	2.779640E-2	-7.078279E-4	7.078279E-4
-1.090000E+0	-2.753330E-2	2.753330E-2	-7.011281E-4	7.011281E-4
-1.080000E+0	-2.743280E-2	2.743280E-2	-6.985689E-4	6.985689E-4
-1.070000E+0	-2.731650E-2	2.731650E-2	-6.956073E-4	6.956073E-4
-1.060000E+0	-2.708460E-2	2.708460E-2	-6.897021E-4	6.897021E-4
-1.050000E+0	-2.696110E-2	2.696110E-2	-6.865572E-4	6.865572E-4
-1.040000E+0	-2.740840E-2	2.740840E-2	-6.979475E-4	6.979475E-4
-1.030000E+0	-2.686240E-2	2.686240E-2	-6.840438E-4	6.840438E-4
-1.020000E+0	-2.641420E-2	2.641420E-2	-6.726305E-4	6.726305E-4
-1.010000E+0	-2.662880E-2	2.662880E-2	-6.780952E-4	6.780952E-4
-1.000000E+0	-2.625410E-2	2.625410E-2	-6.685536E-4	6.685536E-4
-9.900000E-1	-2.613480E-2	2.613480E-2	-6.655157E-4	6.655157E-4
-9.800000E-1	-2.589380E-2	2.589380E-2	-6.593787E-4	6.593787E-4
-9.700000E-1	-2.578560E-2	2.578560E-2	-6.566234E-4	6.566234E-4
-9.600000E-1	-2.558050E-2	2.558050E-2	-6.514006E-4	6.514006E-4
-9.500000E-1	-2.527680E-2	2.527680E-2	-6.436669E-4	6.436669E-4
-9.400000E-1	-2.509070E-2	2.509070E-2	-6.389279E-4	6.389279E-4
-9.300000E-1	-2.488110E-2	2.488110E-2	-6.335905E-4	6.335905E-4
-9.200000E-1	-2.466240E-2	2.466240E-2	-6.280214E-4	6.280214E-4
-9.100000E-1	-2.447680E-2	2.447680E-2	-6.232951E-4	6.232951E-4
-9.000000E-1	-2.423040E-2	2.423040E-2	-6.170206E-4	6.170206E-4
-8.900000E-1	-2.404870E-2	2.404870E-2	-6.123937E-4	6.123937E-4
-8.800000E-1	-2.385490E-2	2.385490E-2	-6.074586E-4	6.074586E-4
-8.700000E-1	-2.370020E-2	2.370020E-2	-6.035192E-4	6.035192E-4
-8.600000E-1	-2.343560E-2	2.343560E-2	-5.967813E-4	5.967813E-4
-8.500000E-1	-2.323450E-2	2.323450E-2	-5.916603E-4	5.916603E-4
-8.400000E-1	-2.294150E-2	2.294150E-2	-5.841991E-4	5.841991E-4
-8.300000E-1	-2.270090E-2	2.270090E-2	-5.780723E-4	5.780723E-4
-8.200000E-1	-2.247930E-2	2.247930E-2	-5.724293E-4	5.724293E-4
-8.100000E-1	-2.224980E-2	2.224980E-2	-5.665852E-4	5.665852E-4
-8.000000E-1	-2.202050E-2	2.202050E-2	-5.607461E-4	5.607461E-4
-7.900000E-1	-2.183330E-2	2.183330E-2	-5.559791E-4	5.559791E-4
-7.800000E-1	-2.161970E-2	2.161970E-2	-5.505398E-4	5.505398E-4
-7.700000E-1	-2.136890E-2	2.136890E-2	-5.441533E-4	5.441533E-4
-7.600000E-1	-2.114290E-2	2.114290E-2	-5.383983E-4	5.383983E-4
-7.500000E-1	-2.089080E-2	2.089080E-2	-5.319786E-4	5.319786E-4
-7.400000E-1	-2.065810E-2	2.065810E-2	-5.260530E-4	5.260530E-4
-7.300000E-1	-2.041800E-2	2.041800E-2	-5.199389E-4	5.199389E-4
-7.200000E-1	-2.019530E-2	2.019530E-2	-5.142679E-4	5.142679E-4
-7.100000E-1	-1.993570E-2	1.993570E-2	-5.076572E-4	5.076572E-4
-7.000000E-1	-1.970650E-2	1.970650E-2	-5.018207E-4	5.018207E-4
-6.900000E-1	-1.945720E-2	1.945720E-2	-4.954724E-4	4.954724E-4
-6.800000E-1	-1.921970E-2	1.921970E-2	-4.894245E-4	4.894245E-4
-6.700000E-1	-1.896660E-2	1.896660E-2	-4.829794E-4	4.829794E-4
-6.600000E-1	-1.871560E-2	1.871560E-2	-4.765877E-4	4.765877E-4
-6.500000E-1	-1.846430E-2	1.846430E-2	-4.701884E-4	4.701884E-4
-6.400000E-1	-1.821320E-2	1.821320E-2	-4.637942E-4	4.637942E-4
-6.300000E-1	-1.795910E-2	1.795910E-2	-4.573237E-4	4.573237E-4
-6.200000E-1	-1.770950E-2	1.770950E-2	-4.509677E-4	4.509677E-4
-6.100000E-1	-1.745390E-2	1.745390E-2	-4.444589E-4	4.444589E-4
-6.000000E-1	-1.720280E-2	1.720280E-2	-4.380647E-4	4.380647E-4
-5.900000E-1	-1.694270E-2	1.694270E-2	-4.314413E-4	4.314413E-4
-5.800000E-1	-1.668840E-2	1.668840E-2	-4.249656E-4	4.249656E-4
-5.700000E-1	-1.642290E-2	1.642290E-2	-4.182047E-4	4.182047E-4
-5.600000E-1	-1.615570E-2	1.615570E-2	-4.114006E-4	4.114006E-4
-5.500000E-1	-1.589160E-2	1.589160E-2	-4.046753E-4	4.046753E-4
-5.400000E-1	-1.562760E-2	1.562760E-2	-3.979526E-4	3.979526E-4
-5.300000E-1	-1.536540E-2	1.536540E-2	-3.912758E-4	3.912758E-4
-5.200000E-1	-1.509740E-2	1.509740E-2	-3.844512E-4	3.844512E-4
-5.100000E-1	-1.483470E-2	1.483470E-2	-3.777616E-4	3.777616E-4
-5.000000E-1	-1.456070E-2	1.456070E-2	-3.707843E-4	3.707843E-4
-4.900000E-1	-1.429410E-2	1.429410E-2	-3.639954E-4	3.639954E-4
-4.800000E-1	-1.402510E-2	1.402510E-2	-3.571454E-4	3.571454E-4
-4.700000E-1	-1.375300E-2	1.375300E-2	-3.502164E-4	3.502164E-4
-4.600000E-1	-1.347950E-2	1.347950E-2	-3.432518E-4	3.432518E-4
-4.500000E-1	-1.320980E-2	1.320980E-2	-3.363840E-4	3.363840E-4
-4.400000E-1	-1.293010E-2	1.293010E-2	-3.292615E-4	3.292615E-4
-4.300000E-1	-1.265290E-2	1.265290E-2	-3.222027E-4	3.222027E-4
-4.200000E-1	-1.237710E-2	1.237710E-2	-3.151795E-4	3.151795E-4
-4.100000E-1	-1.210000E-2	1.210000E-2	-3.081232E-4	3.081232E-4
-4.000000E-1	-1.181900E-2	1.181900E-2	-3.009677E-4	3.009677E-4
-3.900000E-1	-1.153360E-2	1.153360E-2	-2.937000E-4	2.937000E-4
-3.800000E-1	-1.124930E-2	1.124930E-2	-2.864604E-4	2.864604E-4
-3.700000E-1	-1.097160E-2	1.097160E-2	-2.793888E-4	2.793888E-4
-3.600000E-1	-1.069100E-2	1.069100E-2	-2.722434E-4	2.722434E-4
-3.500000E-1	-1.039980E-2	1.039980E-2	-2.648281E-4	2.648281E-4
-3.400000E-1	-1.011810E-2	1.011810E-2	-2.576547E-4	2.576547E-4
-3.300000E-1	-9.830680E-3	9.830680E-3	-2.503356E-4	2.503356E-4
-3.200000E-1	-9.540690E-3	9.540690E-3	-2.429511E-4	2.429511E-4
-3.100000E-1	-9.252150E-3	9.252150E-3	-2.356035E-4	2.356035E-4
-3.000000E-1	-8.967510E-3	8.967510E-3	-2.283552E-4	2.283552E-4
-2.900000E-1	-8.674460E-3	8.674460E-3	-2.208928E-4	2.208928E-4
-2.800000E-1	-8.383240E-3	8.383240E-3	-2.134770E-4	2.134770E-4
-2.700000E-1	-8.091980E-3	8.091980E-3	-2.060601E-4	2.060601E-4
-2.600000E-1	-7.798420E-3	7.798420E-3	-1.985847E-4	1.985847E-4
-2.500000E-1	-7.505020E-3	7.505020E-3	-1.911133E-4	1.911133E-4
-2.400000E-1	-7.210320E-3	7.210320E-3	-1.836089E-4	1.836089E-4
-2.300000E-1	-6.917720E-3	6.917720E-3	-1.761579E-4	1.761579E-4
-2.200000E-1	-6.621450E-3	6.621450E-3	-1.686134E-4	1.686134E-4
-2.100000E-1	-6.326210E-3	6.326210E-3	-1.610952E-4	1.610952E-4
-2.000000E-1	-6.028480E-3	6.028480E-3	-1.535136E-4	1.535136E-4
-1.900000E-1	-5.733180E-3	5.733180E-3	-1.459939E-4	1.459939E-4
-1.800000E-1	-5.434480E-3	5.434480E-3	-1.383876E-4	1.383876E-4
-1.700000E-1	-5.137500E-3	5.137500E-3	-1.308251E-4	1.308251E-4
-1.600000E-1	-4.836480E-3	4.836480E-3	-1.231597E-4	1.231597E-4
-1.500000E-1	-4.536810E-3	4.536810E-3	-1.155286E-4	1.155286E-4
-1.400000E-1	-4.237760E-3	4.237760E-3	-1.079134E-4	1.079134E-4
-1.300000E-1	-3.936070E-3	3.936070E-3	-1.002310E-4	1.002310E-4
-1.200000E-1	-3.636630E-3	3.636630E-3	-9.260580E-5	9.260580E-5
-1.100000E-1	-3.334390E-3	3.334390E-3	-8.490934E-5	8.490934E-5
-1.000000E-1	-3.033950E-3	3.033950E-3	-7.725872E-5	7.725872E-5
-9.000000E-2	-2.730940E-3	2.730940E-3	-6.954265E-5	6.954265E-5
-8.000000E-2	-2.429560E-3	2.429560E-3	-6.186809E-5	6.186809E-5
-7.000000E-2	-2.126450E-3	2.126450E-3	-5.414948E-5	5.414948E-5
-6.000000E-2	-1.824710E-3	1.824710E-3	-4.646575E-5	4.646575E-5
-5.000000E-2	-1.520520E-3	1.520520E-3	-3.871963E-5	3.871963E-5
-4.000000E-2	-1.218520E-3	1.218520E-3	-3.102928E-5	3.102928E-5
-3.000000E-2	-9.140310E-4	9.140310E-4	-2.327555E-5	2.327555E-5
-2.000000E-2	-6.093030E-4	6.093030E-4	-1.551574E-5	1.551574E-5
-1.000000E-2	-3.068170E-4	3.068170E-4	-7.813012E-6	7.813012E-6
0.000000E+0	-1.943950E-6	1.943950E-6	-4.950216E-8	4.950216E-8
1.000000E-2	3.003440E-4	3.003440E-4	7.648179E-6	7.648179E-6
2.000000E-2	6.050940E-4	6.050940E-4	1.540856E-5	1.540856E-5
3.000000E-2	9.072760E-4	9.072760E-4	2.310354E-5	2.310354E-5
4.000000E-2	1.211560E-3	1.211560E-3	3.085205E-5	3.085205E-5
5.000000E-2	1.513430E-3	1.513430E-3	3.853909E-5	3.853909E-5
6.000000E-2	1.817720E-3	1.817720E-3	4.628775E-5	4.628775E-5
7.000000E-2	2.121450E-3	2.121450E-3	5.402215E-5	5.402215E-5
8.000000E-2	2.422210E-3	2.422210E-3	6.168093E-5	6.168093E-5
9.000000E-2	2.725010E-3	2.725010E-3	6.939165E-5	6.939165E-5
1.000000E-1	3.023480E-3	3.023480E-3	7.699211E-5	7.699211E-5
1.100000E-1	3.325860E-3	3.325860E-3	8.469213E-5	8.469213E-5
1.200000E-1	3.626320E-3	3.626320E-3	9.234326E-5	9.234326E-5
1.300000E-1	3.927610E-3	3.927610E-3	1.000155E-4	1.000155E-4
1.400000E-1	4.226870E-3	4.226870E-3	1.076361E-4	1.076361E-4
1.500000E-1	4.527660E-3	4.527660E-3	1.152956E-4	1.152956E-4
1.600000E-1	4.826440E-3	4.826440E-3	1.229040E-4	1.229040E-4
1.700000E-1	5.127000E-3	5.127000E-3	1.305577E-4	1.305577E-4
1.800000E-1	5.426680E-3	5.426680E-3	1.381889E-4	1.381889E-4
1.900000E-1	5.723400E-3	5.723400E-3	1.457448E-4	1.457448E-4
2.000000E-1	6.021470E-3	6.021470E-3	1.533351E-4	1.533351E-4
2.100000E-1	6.315870E-3	6.315870E-3	1.608319E-4	1.608319E-4
2.200000E-1	6.610540E-3	6.610540E-3	1.683356E-4	1.683356E-4
2.300000E-1	6.904280E-3	6.904280E-3	1.758156E-4	1.758156E-4
2.400000E-1	7.196080E-3	7.196080E-3	1.832462E-4	1.832462E-4
2.500000E-1	7.487200E-3	7.487200E-3	1.906595E-4	1.906595E-4
2.600000E-1	7.780250E-3	7.780250E-3	1.981220E-4	1.981220E-4
2.700000E-1	8.072020E-3	8.072020E-3	2.055518E-4	2.055518E-4
2.800000E-1	8.363770E-3	8.363770E-3	2.129812E-4	2.129812E-4
2.900000E-1	8.655320E-3	8.655320E-3	2.204054E-4	2.204054E-4
3.000000E-1	8.943080E-3	8.943080E-3	2.277331E-4	2.277331E-4
3.100000E-1	9.231390E-3	9.231390E-3	2.350749E-4	2.350749E-4
3.200000E-1	9.515840E-3	9.515840E-3	2.423183E-4	2.423183E-4
3.300000E-1	9.802730E-3	9.802730E-3	2.496239E-4	2.496239E-4
3.400000E-1	1.007948E-2	1.007948E-2	2.566712E-4	2.566712E-4
3.500000E-1	1.036150E-2	1.036150E-2	2.638528E-4	2.638528E-4
3.600000E-1	1.063798E-2	1.063798E-2	2.708933E-4	2.708933E-4
3.700000E-1	1.091495E-2	1.091495E-2	2.779463E-4	2.779463E-4
3.800000E-1	1.117062E-2	1.117062E-2	2.844568E-4	2.844568E-4
3.900000E-1	1.140450E-2	1.140450E-2	2.904125E-4	2.904125E-4
4.000000E-1	1.165150E-2	1.165150E-2	2.967023E-4	2.967023E-4
4.100000E-1	1.191830E-2	1.191830E-2	3.034963E-4	3.034963E-4
4.200000E-1	1.218520E-2	1.218520E-2	3.102928E-4	3.102928E-4
4.300000E-1	1.245440E-2	1.245440E-2	3.171479E-4	3.171479E-4
4.400000E-1	1.271960E-2	1.271960E-2	3.239012E-4	3.239012E-4
4.500000E-1	1.298370E-2	1.298370E-2	3.306264E-4	3.306264E-4
4.600000E-1	1.324450E-2	1.324450E-2	3.372676E-4	3.372676E-4
4.700000E-1	1.350100E-2	1.350100E-2	3.437993E-4	3.437993E-4
4.800000E-1	1.376920E-2	1.376920E-2	3.506290E-4	3.506290E-4
4.900000E-1	1.402760E-2	1.402760E-2	3.572091E-4	3.572091E-4
5.000000E-1	1.428680E-2	1.428680E-2	3.638095E-4	3.638095E-4
5.100000E-1	1.453580E-2	1.453580E-2	3.701502E-4	3.701502E-4
5.200000E-1	1.478870E-2	1.478870E-2	3.765903E-4	3.765903E-4
5.300000E-1	1.503270E-2	1.503270E-2	3.828037E-4	3.828037E-4
5.400000E-1	1.527310E-2	1.527310E-2	3.889254E-4	3.889254E-4
5.500000E-1	1.549590E-2	1.549590E-2	3.945989E-4	3.945989E-4
5.600000E-1	1.572560E-2	1.572560E-2	4.004482E-4	4.004482E-4
5.700000E-1	1.597830E-2	1.597830E-2	4.068831E-4	4.068831E-4
5.800000E-1	1.622880E-2	1.622880E-2	4.132620E-4	4.132620E-4
5.900000E-1	1.647970E-2	1.647970E-2	4.196511E-4	4.196511E-4
6.000000E-1	1.672990E-2	1.672990E-2	4.260224E-4	4.260224E-4
6.100000E-1	1.697890E-2	1.697890E-2	4.323631E-4	4.323631E-4
6.200000E-1	1.722620E-2	1.722620E-2	4.386606E-4	4.386606E-4
6.300000E-1	1.746770E-2	1.746770E-2	4.448103E-4	4.448103E-4
6.400000E-1	1.771320E-2	1.771320E-2	4.510619E-4	4.510619E-4
6.500000E-1	1.795440E-2	1.795440E-2	4.572040E-4	4.572040E-4
6.600000E-1	1.819850E-2	1.819850E-2	4.634199E-4	4.634199E-4
6.700000E-1	1.844090E-2	1.844090E-2	4.695926E-4	4.695926E-4
6.800000E-1	1.989040E-2	1.989040E-2	5.065037E-4	5.065037E-4
6.900000E-1	2.015110E-2	2.015110E-2	5.131423E-4	5.131423E-4
7.000000E-1	2.020920E-2	2.020920E-2	5.146218E-4	5.146218E-4
7.100000E-1	2.040840E-2	2.040840E-2	5.196944E-4	5.196944E-4
7.200000E-1	2.062910E-2	2.062910E-2	5.253145E-4	5.253145E-4
7.300000E-1	2.086380E-2	2.086380E-2	5.312911E-4	5.312911E-4
7.400000E-1	2.112540E-2	2.112540E-2	5.379526E-4	5.379526E-4
7.500000E-1	2.159570E-2	2.159570E-2	5.499287E-4	5.499287E-4
7.600000E-1	2.170530E-2	2.170530E-2	5.527196E-4	5.527196E-4
7.700000E-1	2.186700E-2	2.186700E-2	5.568373E-4	5.568373E-4
7.800000E-1	2.118740E-2	2.118740E-2	5.395314E-4	5.395314E-4
7.900000E-1	2.142600E-2	2.142600E-2	5.456073E-4	5.456073E-4
8.000000E-1	2.166730E-2	2.166730E-2	5.517520E-4	5.517520E-4
8.100000E-1	2.195960E-2	2.195960E-2	5.591953E-4	5.591953E-4
8.200000E-1	2.202860E-2	2.202860E-2	5.609524E-4	5.609524E-4
8.300000E-1	2.202550E-2	2.202550E-2	5.608734E-4	5.608734E-4
8.400000E-1	2.223520E-2	2.223520E-2	5.662134E-4	5.662134E-4
8.500000E-1	2.243920E-2	2.243920E-2	5.714082E-4	5.714082E-4
8.600000E-1	2.264920E-2	2.264920E-2	5.767558E-4	5.767558E-4
8.700000E-1	2.285370E-2	2.285370E-2	5.819633E-4	5.819633E-4
8.800000E-1	2.305540E-2	2.305540E-2	5.870996E-4	5.870996E-4
8.900000E-1	2.326850E-2	2.326850E-2	5.925261E-4	5.925261E-4
9.000000E-1	2.353410E-2	2.353410E-2	5.992895E-4	5.992895E-4
9.100000E-1	2.372780E-2	2.372780E-2	6.042220E-4	6.042220E-4
9.200000E-1	2.389740E-2	2.389740E-2	6.085409E-4	6.085409E-4
9.300000E-1	2.410070E-2	2.410070E-2	6.137178E-4	6.137178E-4
9.400000E-1	2.430690E-2	2.430690E-2	6.189687E-4	6.189687E-4
9.500000E-1	2.450320E-2	2.450320E-2	6.239674E-4	6.239674E-4
9.600000E-1	2.472990E-2	2.472990E-2	6.297403E-4	6.297403E-4
9.700000E-1	2.493980E-2	2.493980E-2	6.350853E-4	6.350853E-4
9.800000E-1	2.556520E-2	2.556520E-2	6.510109E-4	6.510109E-4
9.900000E-1	2.571840E-2	2.571840E-2	6.549121E-4	6.549121E-4
1.000000E+0	2.583480E-2	2.583480E-2	6.578762E-4	6.578762E-4
1.010000E+0	2.618530E-2	2.618530E-2	6.668016E-4	6.668016E-4
1.020000E+0	3.240480E-2	3.240480E-2	8.251795E-4	8.251795E-4
1.030000E+0	3.393260E-2	3.393260E-2	8.640845E-4	8.640845E-4
1.040000E+0	3.337110E-2	3.337110E-2	8.497861E-4	8.497861E-4
1.050000E+0	3.308400E-2	3.308400E-2	8.424752E-4	8.424752E-4
1.060000E+0	3.400260E-2	3.400260E-2	8.658671E-4	8.658671E-4
1.070000E+0	3.339830E-2	3.339830E-2	8.504787E-4	8.504787E-4
1.080000E+0	3.319260E-2	3.319260E-2	8.452406E-4	8.452406E-4
1.090000E+0	3.584200E-2	3.584200E-2	9.127069E-4	9.127069E-4
1.100000E+0	3.853490E-2	3.853490E-2	9.812809E-4	9.812809E-4
1.110000E+0	3.918000E-2	3.918000E-2	9.977082E-4	9.977082E-4
1.120000E+0	3.869520E-2	3.869520E-2	9.853629E-4	9.853629E-4
1.130000E+0	3.968280E-2	3.968280E-2	1.010512E-3	1.010512E-3
1.140000E+0	3.949180E-2	3.949180E-2	1.005648E-3	1.005648E-3
1.150000E+0	4.090210E-2	4.090210E-2	1.041561E-3	1.041561E-3
1.160000E+0	4.350090E-2	4.350090E-2	1.107739E-3	1.107739E-3
1.170000E+0	4.565910E-2	4.565910E-2	1.162697E-3	1.162697E-3
1.180000E+0	4.707470E-2	4.707470E-2	1.198745E-3	1.198745E-3
1.190000E+0	4.665560E-2	4.665560E-2	1.188072E-3	1.188072E-3
1.200000E+0	4.972470E-2	4.972470E-2	1.266226E-3	1.266226E-3
1.210000E+0	4.999030E-2	4.999030E-2	1.272990E-3	1.272990E-3
1.220000E+0	4.999030E-2	4.999030E-2	1.272990E-3	1.272990E-3
1.230000E+0	4.999040E-2	4.999040E-2	1.272992E-3	1.272992E-3
1.240000E+0	4.999010E-2	4.999010E-2	1.272984E-3	1.272984E-3
1.250000E+0	4.999020E-2	4.999020E-2	1.272987E-3	1.272987E-3
1.260000E+0	4.999040E-2	4.999040E-2	1.272992E-3	1.272992E-3
1.270000E+0	4.999040E-2	4.999040E-2	1.272992E-3	1.272992E-3
1.280000E+0	4.999020E-2	4.999020E-2	1.272987E-3	1.272987E-3
1.290000E+0	4.999030E-2	4.999030E-2	1.272990E-3	1.272990E-3
1.300000E+0	4.999030E-2	4.999030E-2	1.272990E-3	1.272990E-3
1.310000E+0	4.999030E-2	4.999030E-2	1.272990E-3	1.272990E-3
1.320000E+0	4.999040E-2	4.999040E-2	1.272992E-3	1.272992E-3
1.330000E+0	4.999010E-2	4.999010E-2	1.272984E-3	1.272984E-3
1.340000E+0	4.999030E-2	4.999030E-2	1.272990E-3	1.272990E-3
1.350000E+0	4.999040E-2	4.999040E-2	1.272992E-3	1.272992E-3
1.360000E+0	4.999040E-2	4.999040E-2	1.272992E-3	1.272992E-3
1.370000E+0	4.999030E-2	4.999030E-2	1.272990E-3	1.272990E-3
1.380000E+0	4.999040E-2	4.999040E-2	1.272992E-3	1.272992E-3
1.390000E+0	4.999000E-2	4.999000E-2	1.272982E-3	1.272982E-3
1.400000E+0	4.999030E-2	4.999030E-2	1.272990E-3	1.272990E-3
1.410000E+0	4.999010E-2	4.999010E-2	1.272984E-3	1.272984E-3
1.420000E+0	4.999040E-2	4.999040E-2	1.272992E-3	1.272992E-3
1.430000E+0	4.999030E-2	4.999030E-2	1.272990E-3	1.272990E-3
1.440000E+0	4.999000E-2	4.999000E-2	1.272982E-3	1.272982E-3
1.450000E+0	4.999020E-2	4.999020E-2	1.272987E-3	1.272987E-3
1.460000E+0	4.999010E-2	4.999010E-2	1.272984E-3	1.272984E-3
1.470000E+0	4.999020E-2	4.999020E-2	1.272987E-3	1.272987E-3
1.480000E+0	4.999030E-2	4.999030E-2	1.272990E-3	1.272990E-3
1.490000E+0	4.999000E-2	4.999000E-2	1.272982E-3	1.272982E-3
1.500000E+0	4.999030E-2	4.999030E-2	1.272990E-3	1.272990E-3
