

15:04:16	01/03/21


Ell Cont: 5,0x10,0

SMU1	V name:		V1
	I name:		I1
	Mode:		V
	Function:	VAR1
SMU2	V name:		V2
	I name:		I2
	Mode:		common
	Function:	const.
SMU3	off
SMU4	off
VMUs	off

Primary Source (VAR1):	single
	Sweep Spacing:	linear
	Start:		-0.500000
	Stop:		0.500000
	Step:		0.010000
	Compliance:	0.050000
Power Compliance OFF

Timing:		Integration Time:	medium
	Delay Time (sec):	0.000000
	Hold Time (sec):	0.000000
	Wait Time (sec):	1.000000

Secondary Source (VAR2):	OFF


   V1	   I1	Abs(I)	J (A\um²)	Abs(J)
-5.000000E-1	-1.397060E-3	1.397060E-3	-3.557576E-5	3.557576E-5
-4.900000E-1	-1.292450E-3	1.292450E-3	-3.291189E-5	3.291189E-5
-4.800000E-1	-1.283250E-3	1.283250E-3	-3.267762E-5	3.267762E-5
-4.700000E-1	-1.233830E-3	1.233830E-3	-3.141915E-5	3.141915E-5
-4.600000E-1	-1.226300E-3	1.226300E-3	-3.122740E-5	3.122740E-5
-4.500000E-1	-1.188240E-3	1.188240E-3	-3.025821E-5	3.025821E-5
-4.400000E-1	-1.168470E-3	1.168470E-3	-2.975477E-5	2.975477E-5
-4.300000E-1	-1.114810E-3	1.114810E-3	-2.838834E-5	2.838834E-5
-4.200000E-1	-1.092450E-3	1.092450E-3	-2.781895E-5	2.781895E-5
-4.100000E-1	-1.052120E-3	1.052120E-3	-2.679195E-5	2.679195E-5
-4.000000E-1	-1.053640E-3	1.053640E-3	-2.683066E-5	2.683066E-5
-3.900000E-1	-1.016960E-3	1.016960E-3	-2.589661E-5	2.589661E-5
-3.800000E-1	-9.815490E-4	9.815490E-4	-2.499488E-5	2.499488E-5
-3.700000E-1	-9.626080E-4	9.626080E-4	-2.451255E-5	2.451255E-5
-3.600000E-1	-9.208690E-4	9.208690E-4	-2.344968E-5	2.344968E-5
-3.500000E-1	-9.142410E-4	9.142410E-4	-2.328090E-5	2.328090E-5
-3.400000E-1	-8.549330E-4	8.549330E-4	-2.177064E-5	2.177064E-5
-3.300000E-1	-8.221030E-4	8.221030E-4	-2.093463E-5	2.093463E-5
-3.200000E-1	-8.043110E-4	8.043110E-4	-2.048156E-5	2.048156E-5
-3.100000E-1	-7.941200E-4	7.941200E-4	-2.022205E-5	2.022205E-5
-3.000000E-1	-7.764000E-4	7.764000E-4	-1.977082E-5	1.977082E-5
-2.900000E-1	-7.372460E-4	7.372460E-4	-1.877377E-5	1.877377E-5
-2.800000E-1	-6.893980E-4	6.893980E-4	-1.755533E-5	1.755533E-5
-2.700000E-1	-6.627310E-4	6.627310E-4	-1.687627E-5	1.687627E-5
-2.600000E-1	-6.323500E-4	6.323500E-4	-1.610262E-5	1.610262E-5
-2.500000E-1	-5.982250E-4	5.982250E-4	-1.523364E-5	1.523364E-5
-2.400000E-1	-5.722430E-4	5.722430E-4	-1.457201E-5	1.457201E-5
-2.300000E-1	-5.451310E-4	5.451310E-4	-1.388161E-5	1.388161E-5
-2.200000E-1	-5.087740E-4	5.087740E-4	-1.295579E-5	1.295579E-5
-2.100000E-1	-4.903400E-4	4.903400E-4	-1.248638E-5	1.248638E-5
-2.000000E-1	-4.737900E-4	4.737900E-4	-1.206493E-5	1.206493E-5
-1.900000E-1	-4.417960E-4	4.417960E-4	-1.125022E-5	1.125022E-5
-1.800000E-1	-4.218300E-4	4.218300E-4	-1.074179E-5	1.074179E-5
-1.700000E-1	-4.065390E-4	4.065390E-4	-1.035241E-5	1.035241E-5
-1.600000E-1	-3.835550E-4	3.835550E-4	-9.767125E-6	9.767125E-6
-1.500000E-1	-3.569240E-4	3.569240E-4	-9.088974E-6	9.088974E-6
-1.400000E-1	-3.373620E-4	3.373620E-4	-8.590833E-6	8.590833E-6
-1.300000E-1	-3.162910E-4	3.162910E-4	-8.054265E-6	8.054265E-6
-1.200000E-1	-2.832290E-4	2.832290E-4	-7.212350E-6	7.212350E-6
-1.100000E-1	-2.596140E-4	2.596140E-4	-6.611001E-6	6.611001E-6
-1.000000E-1	-2.313530E-4	2.313530E-4	-5.891342E-6	5.891342E-6
-9.000000E-2	-2.091280E-4	2.091280E-4	-5.325388E-6	5.325388E-6
-8.000000E-2	-1.836590E-4	1.836590E-4	-4.676827E-6	4.676827E-6
-7.000000E-2	-1.614920E-4	1.614920E-4	-4.112350E-6	4.112350E-6
-6.000000E-2	-1.403180E-4	1.403180E-4	-3.573160E-6	3.573160E-6
-5.000000E-2	-1.163120E-4	1.163120E-4	-2.961854E-6	2.961854E-6
-4.000000E-2	-9.136720E-5	9.136720E-5	-2.326641E-6	2.326641E-6
-3.000000E-2	-7.115340E-5	7.115340E-5	-1.811902E-6	1.811902E-6
-2.000000E-2	-4.579710E-5	4.579710E-5	-1.166211E-6	1.166211E-6
-1.000000E-2	-2.287310E-5	2.287310E-5	-5.824573E-7	5.824573E-7
0.000000E+0	-1.137970E-7	1.137970E-7	-2.897810E-9	2.897810E-9
1.000000E-2	2.241200E-5	2.241200E-5	5.707156E-7	5.707156E-7
2.000000E-2	4.598630E-5	4.598630E-5	1.171029E-6	1.171029E-6
3.000000E-2	6.917580E-5	6.917580E-5	1.761543E-6	1.761543E-6
4.000000E-2	9.188020E-5	9.188020E-5	2.339705E-6	2.339705E-6
5.000000E-2	1.140942E-4	1.140942E-4	2.905378E-6	2.905378E-6
6.000000E-2	1.406240E-4	1.406240E-4	3.580952E-6	3.580952E-6
7.000000E-2	1.604120E-4	1.604120E-4	4.084848E-6	4.084848E-6
8.000000E-2	1.865620E-4	1.865620E-4	4.750751E-6	4.750751E-6
9.000000E-2	2.074180E-4	2.074180E-4	5.281844E-6	5.281844E-6
1.000000E-1	2.310550E-4	2.310550E-4	5.883753E-6	5.883753E-6
1.100000E-1	2.567960E-4	2.567960E-4	6.539241E-6	6.539241E-6
1.200000E-1	2.753490E-4	2.753490E-4	7.011688E-6	7.011688E-6
1.300000E-1	2.954810E-4	2.954810E-4	7.524344E-6	7.524344E-6
1.400000E-1	3.104370E-4	3.104370E-4	7.905195E-6	7.905195E-6
1.500000E-1	3.376520E-4	3.376520E-4	8.598217E-6	8.598217E-6
1.600000E-1	3.619290E-4	3.619290E-4	9.216425E-6	9.216425E-6
1.700000E-1	3.834330E-4	3.834330E-4	9.764018E-6	9.764018E-6
1.800000E-1	4.096700E-4	4.096700E-4	1.043214E-5	1.043214E-5
1.900000E-1	4.192140E-4	4.192140E-4	1.067517E-5	1.067517E-5
2.000000E-1	4.306490E-4	4.306490E-4	1.096636E-5	1.096636E-5
2.100000E-1	4.558530E-4	4.558530E-4	1.160817E-5	1.160817E-5
2.200000E-1	4.821600E-4	4.821600E-4	1.227807E-5	1.227807E-5
2.300000E-1	4.948500E-4	4.948500E-4	1.260122E-5	1.260122E-5
2.400000E-1	5.236250E-4	5.236250E-4	1.333397E-5	1.333397E-5
2.500000E-1	5.266160E-4	5.266160E-4	1.341013E-5	1.341013E-5
2.600000E-1	5.750350E-4	5.750350E-4	1.464311E-5	1.464311E-5
2.700000E-1	6.400270E-4	6.400270E-4	1.629812E-5	1.629812E-5
2.800000E-1	6.771230E-4	6.771230E-4	1.724276E-5	1.724276E-5
2.900000E-1	7.179780E-4	7.179780E-4	1.828312E-5	1.828312E-5
3.000000E-1	7.378860E-4	7.378860E-4	1.879007E-5	1.879007E-5
3.100000E-1	7.655090E-4	7.655090E-4	1.949348E-5	1.949348E-5
3.200000E-1	7.870970E-4	7.870970E-4	2.004321E-5	2.004321E-5
3.300000E-1	8.199030E-4	8.199030E-4	2.087861E-5	2.087861E-5
3.400000E-1	8.562710E-4	8.562710E-4	2.180471E-5	2.180471E-5
3.500000E-1	8.665190E-4	8.665190E-4	2.206567E-5	2.206567E-5
3.600000E-1	8.888710E-4	8.888710E-4	2.263486E-5	2.263486E-5
3.700000E-1	9.315590E-4	9.315590E-4	2.372190E-5	2.372190E-5
3.800000E-1	9.658310E-4	9.658310E-4	2.459463E-5	2.459463E-5
3.900000E-1	9.819910E-4	9.819910E-4	2.500614E-5	2.500614E-5
4.000000E-1	1.001582E-3	1.001582E-3	2.550502E-5	2.550502E-5
4.100000E-1	1.034878E-3	1.034878E-3	2.635289E-5	2.635289E-5
4.200000E-1	1.095422E-3	1.095422E-3	2.789463E-5	2.789463E-5
4.300000E-1	1.140849E-3	1.140849E-3	2.905141E-5	2.905141E-5
4.400000E-1	1.208460E-3	1.208460E-3	3.077311E-5	3.077311E-5
4.500000E-1	1.246620E-3	1.246620E-3	3.174484E-5	3.174484E-5
4.600000E-1	1.310860E-3	1.310860E-3	3.338070E-5	3.338070E-5
4.700000E-1	1.406380E-3	1.406380E-3	3.581309E-5	3.581309E-5
4.800000E-1	1.510080E-3	1.510080E-3	3.845378E-5	3.845378E-5
4.900000E-1	1.661230E-3	1.661230E-3	4.230278E-5	4.230278E-5
5.000000E-1	1.693260E-3	1.693260E-3	4.311841E-5	4.311841E-5
