

14:20:10	23/02/21


Ell Cont: 5,0x10,0

SMU1	V name:		V1
	I name:		I1
	Mode:		V
	Function:	VAR1
SMU2	V name:		V2
	I name:		I2
	Mode:		common
	Function:	const.
SMU3	off
SMU4	off
VMUs	off

Primary Source (VAR1):	single
	Sweep Spacing:	linear
	Start:		-0.500000
	Stop:		0.500000
	Step:		0.010000
	Compliance:	0.050000
Power Compliance OFF

Timing:		Integration Time:	medium
	Delay Time (sec):	0.000000
	Hold Time (sec):	0.000000
	Wait Time (sec):	1.000000

Secondary Source (VAR2):	OFF


   V1	   I1	Abs(I)	J (A\µm²)	Abs(J)
-5.000000E-1	-7.399760E-8	7.399760E-8	-1.884329E-9	1.884329E-9
-4.900000E-1	-6.957190E-8	6.957190E-8	-1.771630E-9	1.771630E-9
-4.800000E-1	-6.696110E-8	6.696110E-8	-1.705146E-9	1.705146E-9
-4.700000E-1	-6.405450E-8	6.405450E-8	-1.631131E-9	1.631131E-9
-4.600000E-1	-6.207870E-8	6.207870E-8	-1.580817E-9	1.580817E-9
-4.500000E-1	-5.885150E-8	5.885150E-8	-1.498638E-9	1.498638E-9
-4.400000E-1	-5.770840E-8	5.770840E-8	-1.469529E-9	1.469529E-9
-4.300000E-1	-5.578960E-8	5.578960E-8	-1.420667E-9	1.420667E-9
-4.200000E-1	-5.438630E-8	5.438630E-8	-1.384933E-9	1.384933E-9
-4.100000E-1	-5.162380E-8	5.162380E-8	-1.314586E-9	1.314586E-9
-4.000000E-1	-5.120860E-8	5.120860E-8	-1.304013E-9	1.304013E-9
-3.900000E-1	-4.920680E-8	4.920680E-8	-1.253038E-9	1.253038E-9
-3.800000E-1	-4.678950E-8	4.678950E-8	-1.191482E-9	1.191482E-9
-3.700000E-1	-4.504040E-8	4.504040E-8	-1.146942E-9	1.146942E-9
-3.600000E-1	-4.341340E-8	4.341340E-8	-1.105511E-9	1.105511E-9
-3.500000E-1	-4.259970E-8	4.259970E-8	-1.084790E-9	1.084790E-9
-3.400000E-1	-4.095520E-8	4.095520E-8	-1.042913E-9	1.042913E-9
-3.300000E-1	-3.953750E-8	3.953750E-8	-1.006812E-9	1.006812E-9
-3.200000E-1	-3.734020E-8	3.734020E-8	-9.508582E-10	9.508582E-10
-3.100000E-1	-3.607740E-8	3.607740E-8	-9.187013E-10	9.187013E-10
-3.000000E-1	-3.402240E-8	3.402240E-8	-8.663713E-10	8.663713E-10
-2.900000E-1	-3.235290E-8	3.235290E-8	-8.238579E-10	8.238579E-10
-2.800000E-1	-3.122660E-8	3.122660E-8	-7.951770E-10	7.951770E-10
-2.700000E-1	-2.968390E-8	2.968390E-8	-7.558925E-10	7.558925E-10
-2.600000E-1	-2.835980E-8	2.835980E-8	-7.221747E-10	7.221747E-10
-2.500000E-1	-2.789200E-8	2.789200E-8	-7.102623E-10	7.102623E-10
-2.400000E-1	-2.608010E-8	2.608010E-8	-6.641227E-10	6.641227E-10
-2.300000E-1	-2.485550E-8	2.485550E-8	-6.329386E-10	6.329386E-10
-2.200000E-1	-2.303280E-8	2.303280E-8	-5.865241E-10	5.865241E-10
-2.100000E-1	-2.227330E-8	2.227330E-8	-5.671836E-10	5.671836E-10
-2.000000E-1	-2.029320E-8	2.029320E-8	-5.167609E-10	5.167609E-10
-1.900000E-1	-1.928570E-8	1.928570E-8	-4.911052E-10	4.911052E-10
-1.800000E-1	-1.838710E-8	1.838710E-8	-4.682226E-10	4.682226E-10
-1.700000E-1	-1.690250E-8	1.690250E-8	-4.304176E-10	4.304176E-10
-1.600000E-1	-1.557030E-8	1.557030E-8	-3.964935E-10	3.964935E-10
-1.500000E-1	-1.475860E-8	1.475860E-8	-3.758238E-10	3.758238E-10
-1.400000E-1	-1.314070E-8	1.314070E-8	-3.346244E-10	3.346244E-10
-1.300000E-1	-1.170680E-8	1.170680E-8	-2.981105E-10	2.981105E-10
-1.200000E-1	-1.117460E-8	1.117460E-8	-2.845582E-10	2.845582E-10
-1.100000E-1	-1.054350E-8	1.054350E-8	-2.684874E-10	2.684874E-10
-1.000000E-1	-1.015443E-8	1.015443E-8	-2.585798E-10	2.585798E-10
-9.000000E-2	-8.870530E-9	8.870530E-9	-2.258857E-10	2.258857E-10
-8.000000E-2	-7.745040E-9	7.745040E-9	-1.972254E-10	1.972254E-10
-7.000000E-2	-6.850980E-9	6.850980E-9	-1.744584E-10	1.744584E-10
-6.000000E-2	-5.706050E-9	5.706050E-9	-1.453030E-10	1.453030E-10
-5.000000E-2	-4.518820E-9	4.518820E-9	-1.150705E-10	1.150705E-10
-4.000000E-2	-3.756320E-9	3.756320E-9	-9.565368E-11	9.565368E-11
-3.000000E-2	-2.564400E-9	2.564400E-9	-6.530176E-11	6.530176E-11
-2.000000E-2	-1.473260E-9	1.473260E-9	-3.751617E-11	3.751617E-11
-1.000000E-2	-8.506400E-10	8.506400E-10	-2.166132E-11	2.166132E-11
0.000000E+0	1.077900E-10	1.077900E-10	2.744843E-12	2.744843E-12
1.000000E-2	1.165250E-9	1.165250E-9	2.967278E-11	2.967278E-11
2.000000E-2	2.551720E-9	2.551720E-9	6.497886E-11	6.497886E-11
3.000000E-2	3.599600E-9	3.599600E-9	9.166285E-11	9.166285E-11
4.000000E-2	4.712370E-9	4.712370E-9	1.199992E-10	1.199992E-10
5.000000E-2	5.816950E-9	5.816950E-9	1.481271E-10	1.481271E-10
6.000000E-2	6.826960E-9	6.826960E-9	1.738467E-10	1.738467E-10
7.000000E-2	7.826900E-9	7.826900E-9	1.993099E-10	1.993099E-10
8.000000E-2	8.474670E-9	8.474670E-9	2.158052E-10	2.158052E-10
9.000000E-2	9.643200E-9	9.643200E-9	2.455615E-10	2.455615E-10
1.000000E-1	1.240710E-8	1.240710E-8	3.159435E-10	3.159435E-10
1.100000E-1	1.372060E-8	1.372060E-8	3.493914E-10	3.493914E-10
1.200000E-1	1.497090E-8	1.497090E-8	3.812299E-10	3.812299E-10
1.300000E-1	1.588340E-8	1.588340E-8	4.044665E-10	4.044665E-10
1.400000E-1	1.712240E-8	1.712240E-8	4.360173E-10	4.360173E-10
1.500000E-1	1.855250E-8	1.855250E-8	4.724344E-10	4.724344E-10
1.600000E-1	1.946990E-8	1.946990E-8	4.957958E-10	4.957958E-10
1.700000E-1	2.117870E-8	2.117870E-8	5.393099E-10	5.393099E-10
1.800000E-1	2.096680E-8	2.096680E-8	5.339139E-10	5.339139E-10
1.900000E-1	2.213750E-8	2.213750E-8	5.637255E-10	5.637255E-10
2.000000E-1	2.323760E-8	2.323760E-8	5.917392E-10	5.917392E-10
2.100000E-1	2.514580E-8	2.514580E-8	6.403310E-10	6.403310E-10
2.200000E-1	2.617050E-8	2.617050E-8	6.664247E-10	6.664247E-10
2.300000E-1	2.717870E-8	2.717870E-8	6.920983E-10	6.920983E-10
2.400000E-1	2.885610E-8	2.885610E-8	7.348128E-10	7.348128E-10
2.500000E-1	3.034770E-8	3.034770E-8	7.727960E-10	7.727960E-10
2.600000E-1	3.102720E-8	3.102720E-8	7.900993E-10	7.900993E-10
2.700000E-1	3.301710E-8	3.301710E-8	8.407716E-10	8.407716E-10
2.800000E-1	3.412750E-8	3.412750E-8	8.690476E-10	8.690476E-10
2.900000E-1	3.760150E-8	3.760150E-8	9.575121E-10	9.575121E-10
3.000000E-1	3.800130E-8	3.800130E-8	9.676929E-10	9.676929E-10
3.100000E-1	3.879670E-8	3.879670E-8	9.879475E-10	9.879475E-10
3.200000E-1	4.279690E-8	4.279690E-8	1.089812E-9	1.089812E-9
3.300000E-1	4.502110E-8	4.502110E-8	1.146450E-9	1.146450E-9
3.400000E-1	4.546710E-8	4.546710E-8	1.157807E-9	1.157807E-9
3.500000E-1	5.038920E-8	5.038920E-8	1.283147E-9	1.283147E-9
3.600000E-1	5.030300E-8	5.030300E-8	1.280952E-9	1.280952E-9
3.700000E-1	5.174140E-8	5.174140E-8	1.317581E-9	1.317581E-9
3.800000E-1	5.290960E-8	5.290960E-8	1.347329E-9	1.347329E-9
3.900000E-1	5.591620E-8	5.591620E-8	1.423891E-9	1.423891E-9
4.000000E-1	5.923010E-8	5.923010E-8	1.508279E-9	1.508279E-9
4.100000E-1	5.928250E-8	5.928250E-8	1.509613E-9	1.509613E-9
4.200000E-1	6.021880E-8	6.021880E-8	1.533456E-9	1.533456E-9
4.300000E-1	6.290430E-8	6.290430E-8	1.601841E-9	1.601841E-9
4.400000E-1	6.362100E-8	6.362100E-8	1.620092E-9	1.620092E-9
4.500000E-1	6.475840E-8	6.475840E-8	1.649055E-9	1.649055E-9
4.600000E-1	6.597810E-8	6.597810E-8	1.680115E-9	1.680115E-9
4.700000E-1	6.911380E-8	6.911380E-8	1.759964E-9	1.759964E-9
4.800000E-1	7.388180E-8	7.388180E-8	1.881380E-9	1.881380E-9
4.900000E-1	7.064910E-8	7.064910E-8	1.799060E-9	1.799060E-9
5.000000E-1	7.444890E-8	7.444890E-8	1.895821E-9	1.895821E-9
