

15:18:13	01/03/21


Ell Cont: 5,0x10,0

SMU1	V name:		V1
	I name:		I1
	Mode:		V
	Function:	VAR1
SMU2	V name:		V2
	I name:		I2
	Mode:		common
	Function:	const.
SMU3	off
SMU4	off
VMUs	off

Primary Source (VAR1):	single
	Sweep Spacing:	linear
	Start:		-0.500000
	Stop:		0.500000
	Step:		0.010000
	Compliance:	0.050000
Power Compliance OFF

Timing:		Integration Time:	medium
	Delay Time (sec):	0.000000
	Hold Time (sec):	0.000000
	Wait Time (sec):	1.000000

Secondary Source (VAR2):	OFF


   V1	   I1	Abs(I)	J (A\µm²)	Abs(J)
-5.000000E-1	-3.778360E-4	3.778360E-4	-9.621492E-6	9.621492E-6
-4.900000E-1	-3.473690E-4	3.473690E-4	-8.845658E-6	8.845658E-6
-4.800000E-1	-3.465950E-4	3.465950E-4	-8.825948E-6	8.825948E-6
-4.700000E-1	-1.637200E-3	1.637200E-3	-4.169086E-5	4.169086E-5
-4.600000E-1	-1.410180E-3	1.410180E-3	-3.590985E-5	3.590985E-5
-4.500000E-1	-1.335950E-3	1.335950E-3	-3.401961E-5	3.401961E-5
-4.400000E-1	-1.299600E-3	1.299600E-3	-3.309396E-5	3.309396E-5
-4.300000E-1	-1.302530E-3	1.302530E-3	-3.316858E-5	3.316858E-5
-4.200000E-1	-1.459300E-3	1.459300E-3	-3.716068E-5	3.716068E-5
-4.100000E-1	-1.828760E-3	1.828760E-3	-4.656888E-5	4.656888E-5
-4.000000E-1	-1.900780E-3	1.900780E-3	-4.840285E-5	4.840285E-5
-3.900000E-1	-1.937580E-3	1.937580E-3	-4.933995E-5	4.933995E-5
-3.800000E-1	-1.932500E-3	1.932500E-3	-4.921059E-5	4.921059E-5
-3.700000E-1	-1.933540E-3	1.933540E-3	-4.923708E-5	4.923708E-5
-3.600000E-1	-1.897470E-3	1.897470E-3	-4.831856E-5	4.831856E-5
-3.500000E-1	-1.855170E-3	1.855170E-3	-4.724141E-5	4.724141E-5
-3.400000E-1	-1.807150E-3	1.807150E-3	-4.601859E-5	4.601859E-5
-3.300000E-1	-1.761660E-3	1.761660E-3	-4.486020E-5	4.486020E-5
-3.200000E-1	-1.713970E-3	1.713970E-3	-4.364579E-5	4.364579E-5
-3.100000E-1	-1.658270E-3	1.658270E-3	-4.222740E-5	4.222740E-5
-3.000000E-1	-1.603010E-3	1.603010E-3	-4.082022E-5	4.082022E-5
-2.900000E-1	-1.545560E-3	1.545560E-3	-3.935727E-5	3.935727E-5
-2.800000E-1	-1.485740E-3	1.485740E-3	-3.783397E-5	3.783397E-5
-2.700000E-1	-1.426160E-3	1.426160E-3	-3.631678E-5	3.631678E-5
-2.600000E-1	-1.370270E-3	1.370270E-3	-3.489356E-5	3.489356E-5
-2.500000E-1	-1.313130E-3	1.313130E-3	-3.343850E-5	3.343850E-5
-2.400000E-1	-1.254600E-3	1.254600E-3	-3.194805E-5	3.194805E-5
-2.300000E-1	-1.195200E-3	1.195200E-3	-3.043545E-5	3.043545E-5
-2.200000E-1	-1.143220E-3	1.143220E-3	-2.911179E-5	2.911179E-5
-2.100000E-1	-1.089680E-3	1.089680E-3	-2.774841E-5	2.774841E-5
-2.000000E-1	-1.032700E-3	1.032700E-3	-2.629743E-5	2.629743E-5
-1.900000E-1	-9.733400E-4	9.733400E-4	-2.478584E-5	2.478584E-5
-1.800000E-1	-9.162870E-4	9.162870E-4	-2.333300E-5	2.333300E-5
-1.700000E-1	-8.590680E-4	8.590680E-4	-2.187594E-5	2.187594E-5
-1.600000E-1	-8.002630E-4	8.002630E-4	-2.037848E-5	2.037848E-5
-1.500000E-1	-7.497020E-4	7.497020E-4	-1.909096E-5	1.909096E-5
-1.400000E-1	-6.909440E-4	6.909440E-4	-1.759470E-5	1.759470E-5
-1.300000E-1	-6.351260E-4	6.351260E-4	-1.617331E-5	1.617331E-5
-1.200000E-1	-5.785360E-4	5.785360E-4	-1.473226E-5	1.473226E-5
-1.100000E-1	-5.251890E-4	5.251890E-4	-1.337380E-5	1.337380E-5
-1.000000E-1	-4.707370E-4	4.707370E-4	-1.198719E-5	1.198719E-5
-9.000000E-2	-4.196910E-4	4.196910E-4	-1.068732E-5	1.068732E-5
-8.000000E-2	-3.741970E-4	3.741970E-4	-9.528826E-6	9.528826E-6
-7.000000E-2	-3.234070E-4	3.234070E-4	-8.235472E-6	8.235472E-6
-6.000000E-2	-2.692040E-4	2.692040E-4	-6.855207E-6	6.855207E-6
-5.000000E-2	-2.179130E-4	2.179130E-4	-5.549096E-6	5.549096E-6
-4.000000E-2	-1.706240E-4	1.706240E-4	-4.344894E-6	4.344894E-6
-3.000000E-2	-1.227540E-4	1.227540E-4	-3.125898E-6	3.125898E-6
-2.000000E-2	-7.922110E-5	7.922110E-5	-2.017344E-6	2.017344E-6
-1.000000E-2	-3.637680E-5	3.637680E-5	-9.263254E-7	9.263254E-7
0.000000E+0	-1.167455E-7	1.167455E-7	-2.972893E-9	2.972893E-9
1.000000E-2	2.940550E-5	2.940550E-5	7.488031E-7	7.488031E-7
2.000000E-2	5.615690E-5	5.615690E-5	1.430020E-6	1.430020E-6
3.000000E-2	7.578500E-5	7.578500E-5	1.929845E-6	1.929845E-6
4.000000E-2	7.903550E-5	7.903550E-5	2.012618E-6	2.012618E-6
5.000000E-2	7.764660E-5	7.764660E-5	1.977250E-6	1.977250E-6
6.000000E-2	6.482830E-5	6.482830E-5	1.650835E-6	1.650835E-6
7.000000E-2	1.394060E-6	1.394060E-6	3.549936E-8	3.549936E-8
8.000000E-2	1.529870E-6	1.529870E-6	3.895773E-8	3.895773E-8
9.000000E-2	1.565650E-6	1.565650E-6	3.986886E-8	3.986886E-8
1.000000E-1	1.509500E-6	1.509500E-6	3.843901E-8	3.843901E-8
1.100000E-1	1.400830E-6	1.400830E-6	3.567176E-8	3.567176E-8
1.200000E-1	1.558830E-6	1.558830E-6	3.969519E-8	3.969519E-8
1.300000E-1	1.699550E-6	1.699550E-6	4.327858E-8	4.327858E-8
1.400000E-1	7.267200E-5	7.267200E-5	1.850573E-6	1.850573E-6
1.500000E-1	7.909540E-5	7.909540E-5	2.014143E-6	2.014143E-6
1.600000E-1	8.167040E-5	8.167040E-5	2.079715E-6	2.079715E-6
1.700000E-1	8.591310E-5	8.591310E-5	2.187754E-6	2.187754E-6
1.800000E-1	9.308540E-5	9.308540E-5	2.370395E-6	2.370395E-6
1.900000E-1	9.672340E-5	9.672340E-5	2.463035E-6	2.463035E-6
2.000000E-1	1.053298E-4	1.053298E-4	2.682195E-6	2.682195E-6
2.100000E-1	1.084790E-4	1.084790E-4	2.762389E-6	2.762389E-6
2.200000E-1	1.133464E-4	1.133464E-4	2.886336E-6	2.886336E-6
2.300000E-1	1.119504E-4	1.119504E-4	2.850787E-6	2.850787E-6
2.400000E-1	1.209520E-4	1.209520E-4	3.080010E-6	3.080010E-6
2.500000E-1	1.214680E-4	1.214680E-4	3.093150E-6	3.093150E-6
2.600000E-1	1.213440E-4	1.213440E-4	3.089992E-6	3.089992E-6
2.700000E-1	1.196160E-4	1.196160E-4	3.045989E-6	3.045989E-6
2.800000E-1	1.238890E-4	1.238890E-4	3.154800E-6	3.154800E-6
2.900000E-1	1.277520E-4	1.277520E-4	3.253170E-6	3.253170E-6
3.000000E-1	1.181460E-4	1.181460E-4	3.008556E-6	3.008556E-6
3.100000E-1	1.058510E-4	1.058510E-4	2.695467E-6	2.695467E-6
3.200000E-1	9.134230E-5	9.134230E-5	2.326007E-6	2.326007E-6
3.300000E-1	8.012550E-5	8.012550E-5	2.040374E-6	2.040374E-6
3.400000E-1	7.211220E-5	7.211220E-5	1.836318E-6	1.836318E-6
3.500000E-1	6.625100E-5	6.625100E-5	1.687064E-6	1.687064E-6
3.600000E-1	5.799400E-5	5.799400E-5	1.476802E-6	1.476802E-6
3.700000E-1	6.238290E-5	6.238290E-5	1.588564E-6	1.588564E-6
3.800000E-1	9.870710E-5	9.870710E-5	2.513550E-6	2.513550E-6
3.900000E-1	6.906700E-5	6.906700E-5	1.758773E-6	1.758773E-6
4.000000E-1	6.454750E-5	6.454750E-5	1.643685E-6	1.643685E-6
4.100000E-1	6.266240E-5	6.266240E-5	1.595681E-6	1.595681E-6
4.200000E-1	6.303850E-5	6.303850E-5	1.605258E-6	1.605258E-6
4.300000E-1	6.180930E-5	6.180930E-5	1.573957E-6	1.573957E-6
4.400000E-1	5.078960E-5	5.078960E-5	1.293344E-6	1.293344E-6
4.500000E-1	4.339380E-5	4.339380E-5	1.105011E-6	1.105011E-6
4.600000E-1	4.717070E-5	4.717070E-5	1.201189E-6	1.201189E-6
4.700000E-1	3.837180E-5	3.837180E-5	9.771276E-7	9.771276E-7
4.800000E-1	3.383430E-5	3.383430E-5	8.615813E-7	8.615813E-7
4.900000E-1	2.275500E-5	2.275500E-5	5.794500E-7	5.794500E-7
5.000000E-1	2.250120E-5	2.250120E-5	5.729870E-7	5.729870E-7
