

15:20:29	01/03/21


Ell Cont: 5,0x10,0

SMU1	V name:		V1
	I name:		I1
	Mode:		V
	Function:	VAR1
SMU2	V name:		V2
	I name:		I2
	Mode:		common
	Function:	const.
SMU3	off
SMU4	off
VMUs	off

Primary Source (VAR1):	single
	Sweep Spacing:	linear
	Start:		-0.500000
	Stop:		0.500000
	Step:		0.010000
	Compliance:	0.050000
Power Compliance OFF

Timing:		Integration Time:	medium
	Delay Time (sec):	0.000000
	Hold Time (sec):	0.000000
	Wait Time (sec):	1.000000

Secondary Source (VAR2):	OFF


   V1	   I1	Abs(I)	J (A\µm²)	Abs(J)
-5.000000E-1	-4.969820E-5	4.969820E-5	-1.265551E-6	1.265551E-6
-4.900000E-1	-4.820600E-5	4.820600E-5	-1.227553E-6	1.227553E-6
-4.800000E-1	-4.667680E-5	4.667680E-5	-1.188612E-6	1.188612E-6
-4.700000E-1	-4.515190E-5	4.515190E-5	-1.149781E-6	1.149781E-6
-4.600000E-1	-4.367050E-5	4.367050E-5	-1.112058E-6	1.112058E-6
-4.500000E-1	-4.223590E-5	4.223590E-5	-1.075526E-6	1.075526E-6
-4.400000E-1	-4.075220E-5	4.075220E-5	-1.037744E-6	1.037744E-6
-4.300000E-1	-3.935330E-5	3.935330E-5	-1.002121E-6	1.002121E-6
-4.200000E-1	-3.801440E-5	3.801440E-5	-9.680265E-7	9.680265E-7
-4.100000E-1	-3.665440E-5	3.665440E-5	-9.333944E-7	9.333944E-7
-4.000000E-1	-3.532880E-5	3.532880E-5	-8.996384E-7	8.996384E-7
-3.900000E-1	-3.403470E-5	3.403470E-5	-8.666845E-7	8.666845E-7
-3.800000E-1	-3.276010E-5	3.276010E-5	-8.342271E-7	8.342271E-7
-3.700000E-1	-3.151250E-5	3.151250E-5	-8.024573E-7	8.024573E-7
-3.600000E-1	-3.028540E-5	3.028540E-5	-7.712096E-7	7.712096E-7
-3.500000E-1	-2.907170E-5	2.907170E-5	-7.403030E-7	7.403030E-7
-3.400000E-1	-2.790640E-5	2.790640E-5	-7.106290E-7	7.106290E-7
-3.300000E-1	-2.677130E-5	2.677130E-5	-6.817240E-7	6.817240E-7
-3.200000E-1	-2.559520E-5	2.559520E-5	-6.517749E-7	6.517749E-7
-3.100000E-1	-2.450850E-5	2.450850E-5	-6.241024E-7	6.241024E-7
-3.000000E-1	-2.342910E-5	2.342910E-5	-5.966157E-7	5.966157E-7
-2.900000E-1	-2.217770E-5	2.217770E-5	-5.647492E-7	5.647492E-7
-2.800000E-1	-2.106380E-5	2.106380E-5	-5.363840E-7	5.363840E-7
-2.700000E-1	-1.994950E-5	1.994950E-5	-5.080087E-7	5.080087E-7
-2.600000E-1	-1.898030E-5	1.898030E-5	-4.833282E-7	4.833282E-7
-2.500000E-1	-1.800700E-5	1.800700E-5	-4.585434E-7	4.585434E-7
-2.400000E-1	-1.702870E-5	1.702870E-5	-4.336313E-7	4.336313E-7
-2.300000E-1	-1.622480E-5	1.622480E-5	-4.131602E-7	4.131602E-7
-2.200000E-1	-1.522060E-5	1.522060E-5	-3.875885E-7	3.875885E-7
-2.100000E-1	-1.455880E-5	1.455880E-5	-3.707359E-7	3.707359E-7
-2.000000E-1	-1.365990E-5	1.365990E-5	-3.478457E-7	3.478457E-7
-1.900000E-1	-1.262520E-5	1.262520E-5	-3.214973E-7	3.214973E-7
-1.800000E-1	-1.180560E-5	1.180560E-5	-3.006264E-7	3.006264E-7
-1.700000E-1	-1.101560E-5	1.101560E-5	-2.805093E-7	2.805093E-7
-1.600000E-1	-1.022340E-5	1.022340E-5	-2.603361E-7	2.603361E-7
-1.500000E-1	-9.464960E-6	9.464960E-6	-2.410227E-7	2.410227E-7
-1.400000E-1	-8.733570E-6	8.733570E-6	-2.223980E-7	2.223980E-7
-1.300000E-1	-8.011100E-6	8.011100E-6	-2.040005E-7	2.040005E-7
-1.200000E-1	-7.311830E-6	7.311830E-6	-1.861938E-7	1.861938E-7
-1.100000E-1	-6.640790E-6	6.640790E-6	-1.691059E-7	1.691059E-7
-1.000000E-1	-6.065310E-6	6.065310E-6	-1.544515E-7	1.544515E-7
-9.000000E-2	-5.325400E-6	5.325400E-6	-1.356099E-7	1.356099E-7
-8.000000E-2	-4.693840E-6	4.693840E-6	-1.195274E-7	1.195274E-7
-7.000000E-2	-4.074680E-6	4.074680E-6	-1.037606E-7	1.037606E-7
-6.000000E-2	-3.526850E-6	3.526850E-6	-8.981029E-8	8.981029E-8
-5.000000E-2	-2.874540E-6	2.874540E-6	-7.319939E-8	7.319939E-8
-4.000000E-2	-2.289350E-6	2.289350E-6	-5.829768E-8	5.829768E-8
-3.000000E-2	-1.726490E-6	1.726490E-6	-4.396460E-8	4.396460E-8
-2.000000E-2	-1.139010E-6	1.139010E-6	-2.900458E-8	2.900458E-8
-1.000000E-2	-5.723520E-7	5.723520E-7	-1.457479E-8	1.457479E-8
0.000000E+0	-2.058730E-9	2.058730E-9	-5.242501E-11	5.242501E-11
1.000000E-2	5.601940E-7	5.601940E-7	1.426519E-8	1.426519E-8
2.000000E-2	1.132398E-6	1.132398E-6	2.883621E-8	2.883621E-8
3.000000E-2	1.702460E-6	1.702460E-6	4.335269E-8	4.335269E-8
4.000000E-2	2.284000E-6	2.284000E-6	5.816145E-8	5.816145E-8
5.000000E-2	2.868760E-6	2.868760E-6	7.305220E-8	7.305220E-8
6.000000E-2	3.463490E-6	3.463490E-6	8.819684E-8	8.819684E-8
7.000000E-2	4.078450E-6	4.078450E-6	1.038566E-7	1.038566E-7
8.000000E-2	4.697190E-6	4.697190E-6	1.196127E-7	1.196127E-7
9.000000E-2	5.333250E-6	5.333250E-6	1.358098E-7	1.358098E-7
1.000000E-1	5.979310E-6	5.979310E-6	1.522615E-7	1.522615E-7
1.100000E-1	6.639400E-6	6.639400E-6	1.690705E-7	1.690705E-7
1.200000E-1	7.323990E-6	7.323990E-6	1.865034E-7	1.865034E-7
1.300000E-1	8.024660E-6	8.024660E-6	2.043458E-7	2.043458E-7
1.400000E-1	8.741130E-6	8.741130E-6	2.225905E-7	2.225905E-7
1.500000E-1	9.484890E-6	9.484890E-6	2.415302E-7	2.415302E-7
1.600000E-1	1.026296E-5	1.026296E-5	2.613435E-7	2.613435E-7
1.700000E-1	1.103899E-5	1.103899E-5	2.811049E-7	2.811049E-7
1.800000E-1	1.180410E-5	1.180410E-5	3.005882E-7	3.005882E-7
1.900000E-1	1.262190E-5	1.262190E-5	3.214133E-7	3.214133E-7
2.000000E-1	1.344490E-5	1.344490E-5	3.423708E-7	3.423708E-7
2.100000E-1	1.429210E-5	1.429210E-5	3.639445E-7	3.639445E-7
2.200000E-1	1.517160E-5	1.517160E-5	3.863407E-7	3.863407E-7
2.300000E-1	1.608220E-5	1.608220E-5	4.095289E-7	4.095289E-7
2.400000E-1	1.697930E-5	1.697930E-5	4.323733E-7	4.323733E-7
2.500000E-1	1.789920E-5	1.789920E-5	4.557983E-7	4.557983E-7
2.600000E-1	1.886570E-5	1.886570E-5	4.804100E-7	4.804100E-7
2.700000E-1	1.985200E-5	1.985200E-5	5.055258E-7	5.055258E-7
2.800000E-1	2.086820E-5	2.086820E-5	5.314031E-7	5.314031E-7
2.900000E-1	2.190290E-5	2.190290E-5	5.577515E-7	5.577515E-7
3.000000E-1	2.296990E-5	2.296990E-5	5.849223E-7	5.849223E-7
3.100000E-1	2.403290E-5	2.403290E-5	6.119913E-7	6.119913E-7
3.200000E-1	2.516700E-5	2.516700E-5	6.408709E-7	6.408709E-7
3.300000E-1	2.627390E-5	2.627390E-5	6.690578E-7	6.690578E-7
3.400000E-1	2.740140E-5	2.740140E-5	6.977693E-7	6.977693E-7
3.500000E-1	2.856920E-5	2.856920E-5	7.275070E-7	7.275070E-7
3.600000E-1	2.976800E-5	2.976800E-5	7.580341E-7	7.580341E-7
3.700000E-1	3.100430E-5	3.100430E-5	7.895162E-7	7.895162E-7
3.800000E-1	3.224110E-5	3.224110E-5	8.210109E-7	8.210109E-7
3.900000E-1	3.351000E-5	3.351000E-5	8.533231E-7	8.533231E-7
4.000000E-1	3.480620E-5	3.480620E-5	8.863305E-7	8.863305E-7
4.100000E-1	3.612250E-5	3.612250E-5	9.198497E-7	9.198497E-7
4.200000E-1	3.746670E-5	3.746670E-5	9.540794E-7	9.540794E-7
4.300000E-1	3.883940E-5	3.883940E-5	9.890349E-7	9.890349E-7
4.400000E-1	4.026360E-5	4.026360E-5	1.025302E-6	1.025302E-6
4.500000E-1	4.172230E-5	4.172230E-5	1.062447E-6	1.062447E-6
4.600000E-1	4.313790E-5	4.313790E-5	1.098495E-6	1.098495E-6
4.700000E-1	4.457170E-5	4.457170E-5	1.135006E-6	1.135006E-6
4.800000E-1	4.611980E-5	4.611980E-5	1.174428E-6	1.174428E-6
4.900000E-1	4.764150E-5	4.764150E-5	1.213178E-6	1.213178E-6
5.000000E-1	4.917170E-5	4.917170E-5	1.252144E-6	1.252144E-6
