

15:07:55	01/03/21


Ell Cont: 5,0x10,0

SMU1	V name:		V1
	I name:		I1
	Mode:		V
	Function:	VAR1
SMU2	V name:		V2
	I name:		I2
	Mode:		common
	Function:	const.
SMU3	off
SMU4	off
VMUs	off

Primary Source (VAR1):	single
	Sweep Spacing:	linear
	Start:		-0.500000
	Stop:		0.500000
	Step:		0.010000
	Compliance:	0.050000
Power Compliance OFF

Timing:		Integration Time:	medium
	Delay Time (sec):	0.000000
	Hold Time (sec):	0.000000
	Wait Time (sec):	1.000000

Secondary Source (VAR2):	OFF


   V1	   I1	Abs(I)	J (A\µm²)	Abs(J)
-5.000000E-1	-3.230200E-5	3.230200E-5	-8.225617E-7	8.225617E-7
-4.900000E-1	-3.487100E-5	3.487100E-5	-8.879806E-7	8.879806E-7
-4.800000E-1	-3.344520E-5	3.344520E-5	-8.516730E-7	8.516730E-7
-4.700000E-1	-3.113540E-5	3.113540E-5	-7.928546E-7	7.928546E-7
-4.600000E-1	-2.919630E-5	2.919630E-5	-7.434759E-7	7.434759E-7
-4.500000E-1	-2.010390E-5	2.010390E-5	-5.119404E-7	5.119404E-7
-4.400000E-1	-1.708390E-5	1.708390E-5	-4.350369E-7	4.350369E-7
-4.300000E-1	-1.836210E-5	1.836210E-5	-4.675859E-7	4.675859E-7
-4.200000E-1	-2.259770E-5	2.259770E-5	-5.754444E-7	5.754444E-7
-4.100000E-1	-2.441140E-5	2.441140E-5	-6.216297E-7	6.216297E-7
-4.000000E-1	-2.255850E-5	2.255850E-5	-5.744461E-7	5.744461E-7
-3.900000E-1	-2.919490E-5	2.919490E-5	-7.434403E-7	7.434403E-7
-3.800000E-1	-1.936970E-5	1.936970E-5	-4.932442E-7	4.932442E-7
-3.700000E-1	-1.575170E-5	1.575170E-5	-4.011128E-7	4.011128E-7
-3.600000E-1	-1.561600E-5	1.561600E-5	-3.976572E-7	3.976572E-7
-3.500000E-1	-1.313840E-5	1.313840E-5	-3.345658E-7	3.345658E-7
-3.400000E-1	-1.217990E-5	1.217990E-5	-3.101579E-7	3.101579E-7
-3.300000E-1	-1.131270E-5	1.131270E-5	-2.880749E-7	2.880749E-7
-3.200000E-1	-1.064940E-5	1.064940E-5	-2.711841E-7	2.711841E-7
-3.100000E-1	-1.534170E-5	1.534170E-5	-3.906723E-7	3.906723E-7
-3.000000E-1	-6.608900E-6	6.608900E-6	-1.682939E-7	1.682939E-7
-2.900000E-1	-8.654800E-7	8.654800E-7	-2.203922E-8	2.203922E-8
-2.800000E-1	-4.755680E-7	4.755680E-7	-1.211021E-8	1.211021E-8
-2.700000E-1	-4.691120E-7	4.691120E-7	-1.194581E-8	1.194581E-8
-2.600000E-1	-3.404400E-7	3.404400E-7	-8.669213E-9	8.669213E-9
-2.500000E-1	-3.205280E-7	3.205280E-7	-8.162159E-9	8.162159E-9
-2.400000E-1	-3.277880E-7	3.277880E-7	-8.347033E-9	8.347033E-9
-2.300000E-1	-3.157150E-7	3.157150E-7	-8.039598E-9	8.039598E-9
-2.200000E-1	-2.811490E-7	2.811490E-7	-7.159384E-9	7.159384E-9
-2.100000E-1	-3.470210E-7	3.470210E-7	-8.836796E-9	8.836796E-9
-2.000000E-1	-3.391000E-7	3.391000E-7	-8.635090E-9	8.635090E-9
-1.900000E-1	-3.387640E-7	3.387640E-7	-8.626534E-9	8.626534E-9
-1.800000E-1	-3.691610E-7	3.691610E-7	-9.400586E-9	9.400586E-9
-1.700000E-1	-4.118970E-7	4.118970E-7	-1.048885E-8	1.048885E-8
-1.600000E-1	-4.539990E-7	4.539990E-7	-1.156096E-8	1.156096E-8
-1.500000E-1	-4.502380E-7	4.502380E-7	-1.146519E-8	1.146519E-8
-1.400000E-1	-4.775920E-7	4.775920E-7	-1.216175E-8	1.216175E-8
-1.300000E-1	-4.445890E-7	4.445890E-7	-1.132134E-8	1.132134E-8
-1.200000E-1	-5.147400E-7	5.147400E-7	-1.310772E-8	1.310772E-8
-1.100000E-1	-5.852510E-7	5.852510E-7	-1.490326E-8	1.490326E-8
-1.000000E-1	-4.119420E-7	4.119420E-7	-1.048999E-8	1.048999E-8
-9.000000E-2	-2.561100E-7	2.561100E-7	-6.521772E-9	6.521772E-9
-8.000000E-2	-2.243790E-7	2.243790E-7	-5.713751E-9	5.713751E-9
-7.000000E-2	-2.139630E-7	2.139630E-7	-5.448510E-9	5.448510E-9
-6.000000E-2	-1.881940E-7	1.881940E-7	-4.792310E-9	4.792310E-9
-5.000000E-2	-1.584530E-7	1.584530E-7	-4.034963E-9	4.034963E-9
-4.000000E-2	-1.191070E-7	1.191070E-7	-3.033028E-9	3.033028E-9
-3.000000E-2	-9.145960E-8	9.145960E-8	-2.328994E-9	2.328994E-9
-2.000000E-2	-6.078280E-8	6.078280E-8	-1.547818E-9	1.547818E-9
-1.000000E-2	-3.131850E-8	3.131850E-8	-7.975172E-10	7.975172E-10
0.000000E+0	-2.478200E-10	2.478200E-10	-6.310670E-12	6.310670E-12
1.000000E-2	4.744950E-8	4.744950E-8	1.208289E-9	1.208289E-9
2.000000E-2	9.255640E-8	9.255640E-8	2.356924E-9	2.356924E-9
3.000000E-2	1.266270E-7	1.266270E-7	3.224522E-9	3.224522E-9
4.000000E-2	1.715440E-7	1.715440E-7	4.368322E-9	4.368322E-9
5.000000E-2	1.903650E-7	1.903650E-7	4.847594E-9	4.847594E-9
6.000000E-2	2.667710E-7	2.667710E-7	6.793252E-9	6.793252E-9
7.000000E-2	3.401140E-7	3.401140E-7	8.660912E-9	8.660912E-9
8.000000E-2	3.577860E-7	3.577860E-7	9.110924E-9	9.110924E-9
9.000000E-2	4.179860E-7	4.179860E-7	1.064390E-8	1.064390E-8
1.000000E-1	5.107760E-7	5.107760E-7	1.300677E-8	1.300677E-8
1.100000E-1	6.747200E-7	6.747200E-7	1.718156E-8	1.718156E-8
1.200000E-1	8.385400E-7	8.385400E-7	2.135320E-8	2.135320E-8
1.300000E-1	1.139953E-6	1.139953E-6	2.902860E-8	2.902860E-8
1.400000E-1	3.345210E-6	3.345210E-6	8.518487E-8	8.518487E-8
1.500000E-1	4.476310E-6	4.476310E-6	1.139880E-7	1.139880E-7
1.600000E-1	8.759490E-6	8.759490E-6	2.230581E-7	2.230581E-7
1.700000E-1	9.768770E-6	9.768770E-6	2.487591E-7	2.487591E-7
1.800000E-1	1.035131E-5	1.035131E-5	2.635933E-7	2.635933E-7
1.900000E-1	1.085344E-5	1.085344E-5	2.763799E-7	2.763799E-7
2.000000E-1	1.182830E-5	1.182830E-5	3.012045E-7	3.012045E-7
2.100000E-1	1.245640E-5	1.245640E-5	3.171989E-7	3.171989E-7
2.200000E-1	1.389780E-5	1.389780E-5	3.539037E-7	3.539037E-7
2.300000E-1	1.501370E-5	1.501370E-5	3.823198E-7	3.823198E-7
2.400000E-1	1.535120E-5	1.535120E-5	3.909142E-7	3.909142E-7
2.500000E-1	1.764170E-5	1.764170E-5	4.492411E-7	4.492411E-7
2.600000E-1	1.621990E-5	1.621990E-5	4.130354E-7	4.130354E-7
2.700000E-1	1.635980E-5	1.635980E-5	4.165979E-7	4.165979E-7
2.800000E-1	1.668880E-5	1.668880E-5	4.249758E-7	4.249758E-7
2.900000E-1	1.703470E-5	1.703470E-5	4.337841E-7	4.337841E-7
3.000000E-1	1.541430E-5	1.541430E-5	3.925210E-7	3.925210E-7
3.100000E-1	1.433100E-5	1.433100E-5	3.649351E-7	3.649351E-7
3.200000E-1	1.528100E-5	1.528100E-5	3.891266E-7	3.891266E-7
3.300000E-1	1.529770E-5	1.529770E-5	3.895518E-7	3.895518E-7
3.400000E-1	1.563510E-5	1.563510E-5	3.981436E-7	3.981436E-7
3.500000E-1	1.357540E-5	1.357540E-5	3.456939E-7	3.456939E-7
3.600000E-1	1.551930E-5	1.551930E-5	3.951948E-7	3.951948E-7
3.700000E-1	1.514180E-5	1.514180E-5	3.855819E-7	3.855819E-7
3.800000E-1	1.606110E-5	1.606110E-5	4.089916E-7	4.089916E-7
3.900000E-1	1.503680E-5	1.503680E-5	3.829081E-7	3.829081E-7
4.000000E-1	1.475900E-5	1.475900E-5	3.758340E-7	3.758340E-7
4.100000E-1	1.468970E-5	1.468970E-5	3.740693E-7	3.740693E-7
4.200000E-1	1.622870E-5	1.622870E-5	4.132595E-7	4.132595E-7
4.300000E-1	1.625740E-5	1.625740E-5	4.139903E-7	4.139903E-7
4.400000E-1	1.639770E-5	1.639770E-5	4.175630E-7	4.175630E-7
4.500000E-1	1.654320E-5	1.654320E-5	4.212681E-7	4.212681E-7
4.600000E-1	1.743670E-5	1.743670E-5	4.440209E-7	4.440209E-7
4.700000E-1	1.759830E-5	1.759830E-5	4.481360E-7	4.481360E-7
4.800000E-1	1.818760E-5	1.818760E-5	4.631423E-7	4.631423E-7
4.900000E-1	1.688720E-5	1.688720E-5	4.300280E-7	4.300280E-7
5.000000E-1	1.834410E-5	1.834410E-5	4.671276E-7	4.671276E-7
