layers
7.80605
7.80606
7.80607
7.80608
7.80624
7.80626
7.80627
7.80628
7.80644
7.80645
7.80646
7.80647
7.80663
7.80665
7.80666
7.80667
7.80683
7.80684
7.80685
7.80686
7.80612
7.80613
7.80614
7.80615
7.80631
7.80632
7.80633
7.80635
7.80651
7.80652
7.80653
7.80654
7.80670
7.80671
7.80672
7.80674
7.80690
7.80691
7.80692
7.80693
7.80619
7.80620
7.80621
7.80622
7.80638
7.80639
7.80640
7.80641
7.80657
7.80659
7.80660
7.80661
7.80677
7.80678
7.80679
7.80680
7.80696
7.80698
7.80699
7.80700
7.80625
7.80626
7.80628
7.80629
7.80645
7.80646
7.80647
7.80648
7.80664
7.80665
7.80666
7.80668
7.80684
7.80685
7.80686
7.80687
7.80703
7.80704
7.80705
7.80707
7.80632
7.80633
7.80634
7.80635
7.80652
7.80653
7.80654
7.80655
7.80671
7.80672
7.80673
7.80674
7.80690
7.80692
7.80693
7.80694
7.80710
7.80711
7.80712
7.80713
7.80639
7.80640
7.80641
7.80642
7.80658
7.80659
7.80661
7.80662
7.80678
7.80679
7.80680
7.80681
7.80697
7.80698
7.80699
7.80701
7.80717
7.80718
7.80719
7.80720
7.80621
7.80622
7.80624
7.80625
7.80641
7.80642
7.80643
7.80644
7.80660
7.80661
7.80662
7.80664
7.80680
7.80681
7.80682
7.80683
7.80699
7.80700
7.80701
7.80702
7.80628
7.80629
7.80630
7.80631
7.80647
7.80649
7.80650
7.80651
7.80667
7.80668
7.80669
7.80670
7.80686
7.80688
7.80689
7.80690
7.80706
7.80707
7.80708
7.80709
7.80635
7.80636
7.80637
7.80638
7.80654
7.80655
7.80657
7.80658
7.80674
7.80675
7.80676
7.80677
7.80693
7.80694
7.80695
7.80697
7.80713
7.80714
7.80715
7.80716
7.80642
7.80643
7.80644
7.80645
7.80661
7.80662
7.80663
7.80664
7.80680
7.80682
7.80683
7.80684
7.80700
7.80701
7.80702
7.80703
7.80719
7.80720
7.80722
7.80723
7.80648
7.80649
7.80651
7.80652
7.80668
7.80669
7.80670
7.80671
7.80687
7.80688
7.80689
7.80691
7.80707
7.80708
7.80709
7.80710
7.80726
7.80727
7.80728
7.80729
7.80655
7.80656
7.80657
7.80658
7.80675
7.80676
7.80677
7.80678
7.80694
7.80695
7.80696
7.80697
7.80713
7.80715
7.80716
7.80717
7.80733
7.80734
7.80735
7.80736
7.80638
7.80639
7.80640
7.80641
7.80657
7.80658
7.80659
7.80660
7.80677
7.80678
7.80679
7.80680
7.80696
7.80697
7.80698
7.80699
7.80715
7.80717
7.80718
7.80719
7.80644
7.80646
7.80647
7.80648
7.80664
7.80665
7.80666
7.80667
7.80683
7.80684
7.80686
7.80687
7.80703
7.80704
7.80705
7.80706
7.80722
7.80723
7.80724
7.80726
7.80651
7.80652
7.80653
7.80655
7.80671
7.80672
7.80673
7.80674
7.80690
7.80691
7.80692
7.80693
7.80709
7.80711
7.80712
7.80713
7.80729
7.80730
7.80731
7.80732
7.80658
7.80659
7.80660
7.80661
7.80677
7.80678
7.80680
7.80681
7.80697
7.80698
7.80699
7.80700
7.80716
7.80717
7.80718
7.80720
7.80736
7.80737
7.80738
7.80739
7.80665
7.80666
7.80667
7.80668
7.80684
7.80685
7.80686
7.80687
7.80704
7.80705
7.80706
7.80707
7.80723
7.80724
7.80725
7.80726
7.80742
7.80744
7.80745
7.80746
7.80671
7.80673
7.80674
7.80675
7.80691
7.80692
7.80693
7.80694
7.80710
7.80711
7.80713
7.80714
7.80730
7.80731
7.80732
7.80733
7.80749
7.80750
7.80751
7.80753
7.80654
7.80655
7.80656
7.80657
7.80674
7.80675
7.80676
7.80677
7.80693
7.80694
7.80695
7.80696
7.80712
7.80714
7.80715
7.80716
7.80732
7.80733
7.80734
7.80735
7.80661
7.80662
7.80663
7.80664
7.80680
7.80681
7.80683
7.80684
7.80700
7.80701
7.80702
7.80703
7.80719
7.80720
7.80721
7.80723
7.80739
7.80740
7.80741
7.80742
7.80668
7.80669
7.80670
7.80671
7.80687
7.80688
7.80689
7.80690
7.80706
7.80708
7.80709
7.80710
7.80726
7.80727
7.80728
7.80729
7.80745
7.80746
7.80748
7.80749
7.80674
7.80675
7.80677
7.80678
7.80694
7.80695
7.80696
7.80697
7.80713
7.80714
7.80715
7.80717
7.80733
7.80734
7.80735
7.80736
7.80752
7.80753
7.80754
7.80755
7.80681
7.80682
7.80683
7.80684
7.80701
7.80702
7.80703
7.80704
7.80720
7.80721
7.80722
7.80723
7.80739
7.80741
7.80742
7.80743
7.80759
7.80760
7.80761
7.80762
7.80688
7.80689
7.80690
7.80691
7.80707
7.80708
7.80710
7.80711
7.80727
7.80728
7.80729
7.80730
7.80746
7.80747
7.80748
7.80750
7.80766
7.80767
7.80768
7.80769
7.80671
7.80672
7.80673
7.80674
7.80690
7.80691
7.80692
7.80693
7.80709
7.80711
7.80712
7.80713
7.80729
7.80730
7.80731
7.80732
7.80748
7.80749
7.80751
7.80752
7.80677
7.80679
7.80680
7.80681
7.80697
7.80698
7.80699
7.80700
7.80716
7.80717
7.80718
7.80720
7.80736
7.80737
7.80738
7.80739
7.80755
7.80756
7.80757
7.80758
7.80684
7.80685
7.80686
7.80688
7.80704
7.80705
7.80706
7.80707
7.80723
7.80724
7.80725
7.80726
7.80742
7.80743
7.80745
7.80746
7.80762
7.80763
7.80764
7.80765
7.80691
7.80692
7.80693
7.80694
7.80710
7.80711
7.80713
7.80714
7.80730
7.80731
7.80732
7.80733
7.80749
7.80750
7.80751
7.80752
7.80769
7.80770
7.80771
7.80772
7.80698
7.80699
7.80700
7.80701
7.80717
7.80718
7.80719
7.80720
7.80736
7.80738
7.80739
7.80740
7.80756
7.80757
7.80758
7.80759
7.80775
7.80776
7.80778
7.80779
7.80704
7.80706
7.80707
7.80708
7.80724
7.80725
7.80726
7.80727
7.80743
7.80744
7.80745
7.80747
7.80763
7.80764
7.80765
7.80766
7.80782
7.80783
7.80784
7.80785
7.72282
7.72283
7.72284
7.72285
7.72298
7.72299
7.72300
7.72301
7.72313
7.72315
7.72316
7.72317
7.72329
7.72331
7.72332
7.72333
7.72345
7.72347
7.72348
7.72349
7.72288
7.72289
7.72290
7.72291
7.72304
7.72305
7.72306
7.72307
7.72320
7.72321
7.72322
7.72323
7.72336
7.72337
7.72338
7.72339
7.72352
7.72353
7.72354
7.72355
7.72294
7.72295
7.72296
7.72298
7.72310
7.72311
7.72312
7.72314
7.72326
7.72327
7.72328
7.72330
7.72342
7.72343
7.72344
7.72345
7.72358
7.72359
7.72360
7.72361
7.72300
7.72301
7.72303
7.72304
7.72316
7.72317
7.72319
7.72320
7.72332
7.72333
7.72335
7.72336
7.72348
7.72349
7.72350
7.72352
7.72364
7.72365
7.72366
7.72368
7.72306
7.72308
7.72309
7.72310
7.72322
7.72324
7.72325
7.72326
7.72338
7.72340
7.72341
7.72342
7.72354
7.72355
7.72357
7.72358
7.72370
7.72371
7.72373
7.72374
7.72313
7.72314
7.72315
7.72316
7.72329
7.72330
7.72331
7.72332
7.72345
7.72346
7.72347
7.72348
7.72360
7.72362
7.72363
7.72364
7.72376
7.72378
7.72379
7.72380
7.72350
7.72352
7.72353
7.72354
7.72366
7.72368
7.72369
7.72370
7.72382
7.72383
7.72385
7.72386
7.72398
7.72399
7.72401
7.72402
7.72414
7.72415
7.72416
7.72418
7.72357
7.72358
7.72359
7.72360
7.72373
7.72374
7.72375
7.72376
7.72388
7.72390
7.72391
7.72392
7.72404
7.72406
7.72407
7.72408
7.72420
7.72421
7.72423
7.72424
7.72363
7.72364
7.72365
7.72366
7.72379
7.72380
7.72381
7.72382
7.72395
7.72396
7.72397
7.72398
7.72411
7.72412
7.72413
7.72414
7.72426
7.72428
7.72429
7.72430
7.72369
7.72370
7.72371
7.72373
7.72385
7.72386
7.72387
7.72389
7.72401
7.72402
7.72403
7.72404
7.72417
7.72418
7.72419
7.72420
7.72433
7.72434
7.72435
7.72436
7.72375
7.72376
7.72378
7.72379
7.72391
7.72392
7.72394
7.72395
7.72407
7.72408
7.72409
7.72411
7.72423
7.72424
7.72425
7.72427
7.72439
7.72440
7.72441
7.72443
7.72381
7.72383
7.72384
7.72385
7.72397
7.72399
7.72400
7.72401
7.72413
7.72414
7.72416
7.72417
7.72429
7.72430
7.72432
7.72433
7.72445
7.72446
7.72448
7.72449
7.72419
7.72420
7.72422
7.72423
7.72435
7.72436
7.72438
7.72439
7.72451
7.72452
7.72453
7.72455
7.72467
7.72468
7.72469
7.72471
7.72483
7.72484
7.72485
7.72486
7.72425
7.72427
7.72428
7.72429
7.72441
7.72443
7.72444
7.72445
7.72457
7.72458
7.72460
7.72461
7.72473
7.72474
7.72476
7.72477
7.72489
7.72490
7.72491
7.72493
7.72432
7.72433
7.72434
7.72435
7.72448
7.72449
7.72450
7.72451
7.72463
7.72465
7.72466
7.72467
7.72479
7.72481
7.72482
7.72483
7.72495
7.72496
7.72498
7.72499
7.72438
7.72439
7.72440
7.72441
7.72454
7.72455
7.72456
7.72457
7.72470
7.72471
7.72472
7.72473
7.72486
7.72487
7.72488
7.72489
7.72501
7.72503
7.72504
7.72505
7.72444
7.72445
7.72446
7.72448
7.72460
7.72461
7.72462
7.72464
7.72476
7.72477
7.72478
7.72479
7.72492
7.72493
7.72494
7.72495
7.72508
7.72509
7.72510
7.72511
7.72450
7.72451
7.72453
7.72454
7.72466
7.72467
7.72469
7.72470
7.72482
7.72483
7.72484
7.72486
7.72498
7.72499
7.72500
7.72502
7.72514
7.72515
7.72516
7.72517
7.72488
7.72489
7.72490
7.72492
7.72504
7.72505
7.72506
7.72508
7.72520
7.72521
7.72522
7.72523
7.72536
7.72537
7.72538
7.72539
7.72552
7.72553
7.72554
7.72555
7.72494
7.72495
7.72497
7.72498
7.72510
7.72511
7.72513
7.72514
7.72526
7.72527
7.72528
7.72530
7.72542
7.72543
7.72544
7.72546
7.72558
7.72559
7.72560
7.72561
7.72500
7.72502
7.72503
7.72504
7.72516
7.72518
7.72519
7.72520
7.72532
7.72533
7.72535
7.72536
7.72548
7.72549
7.72551
7.72552
7.72564
7.72565
7.72566
7.72568
7.72507
7.72508
7.72509
7.72510
7.72523
7.72524
7.72525
7.72526
7.72538
7.72540
7.72541
7.72542
7.72554
7.72555
7.72557
7.72558
7.72570
7.72571
7.72573
7.72574
7.72513
7.72514
7.72515
7.72516
7.72529
7.72530
7.72531
7.72532
7.72545
7.72546
7.72547
7.72548
7.72560
7.72562
7.72563
7.72564
7.72576
7.72578
7.72579
7.72580
7.72519
7.72520
7.72521
7.72523
7.72535
7.72536
7.72537
7.72539
7.72551
7.72552
7.72553
7.72554
7.72567
7.72568
7.72569
7.72570
7.72583
7.72584
7.72585
7.72586
7.72557
7.72558
7.72559
7.72561
7.72573
7.72574
7.72575
7.72576
7.72589
7.72590
7.72591
7.72592
7.72605
7.72606
7.72607
7.72608
7.72620
7.72622
7.72623
7.72624
7.72563
7.72564
7.72566
7.72567
7.72579
7.72580
7.72581
7.72583
7.72595
7.72596
7.72597
7.72598
7.72611
7.72612
7.72613
7.72614
7.72627
7.72628
7.72629
7.72630
7.72569
7.72571
7.72572
7.72573
7.72585
7.72586
7.72588
7.72589
7.72601
7.72602
7.72603
7.72605
7.72617
7.72618
7.72619
7.72621
7.72633
7.72634
7.72635
7.72636
7.72575
7.72577
7.72578
7.72579
7.72591
7.72593
7.72594
7.72595
7.72607
7.72608
7.72610
7.72611
7.72623
7.72624
7.72625
7.72627
7.72639
7.72640
7.72641
7.72643
7.72582
7.72583
7.72584
7.72585
7.72598
7.72599
7.72600
7.72601
7.72613
7.72615
7.72616
7.72617
7.72629
7.72630
7.72632
7.72633
7.72645
7.72646
7.72648
7.72649
7.72588
7.72589
7.72590
7.72592
7.72604
7.72605
7.72606
7.72607
7.72620
7.72621
7.72622
7.72623
7.72635
7.72637
7.72638
7.72639
7.72651
7.72653
7.72654
7.72655
7.79821
7.79822
7.79823
7.79825
7.79834
7.79835
7.79836
7.79837
7.79846
7.79847
7.79848
7.79849
7.79858
7.79860
7.79861
7.79862
7.79871
7.79872
7.79873
7.79874
7.79826
7.79827
7.79828
7.79829
7.79838
7.79839
7.79841
7.79842
7.79851
7.79852
7.79853
7.79854
7.79863
7.79864
7.79866
7.79867
7.79876
7.79877
7.79878
7.79879
7.79831
7.79832
7.79833
7.79834
7.79843
7.79844
7.79845
7.79847
7.79856
7.79857
7.79858
7.79859
7.79868
7.79869
7.79870
7.79871
7.79881
7.79882
7.79883
7.79884
7.79836
7.79837
7.79838
7.79839
7.79848
7.79849
7.79850
7.79851
7.79860
7.79862
7.79863
7.79864
7.79873
7.79874
7.79875
7.79876
7.79885
7.79886
7.79888
7.79889
7.79840
7.79841
7.79843
7.79844
7.79853
7.79854
7.79855
7.79856
7.79865
7.79866
7.79867
7.79869
7.79878
7.79879
7.79880
7.79881
7.79890
7.79891
7.79892
7.79893
7.79845
7.79846
7.79847
7.79849
7.79858
7.79859
7.79860
7.79861
7.79870
7.79871
7.79872
7.79873
7.79882
7.79884
7.79885
7.79886
7.79895
7.79896
7.79897
7.79898
7.79908
7.79909
7.79910
7.79911
7.79920
7.79921
7.79922
7.79923
7.79933
7.79934
7.79935
7.79936
7.79945
7.79946
7.79947
7.79948
7.79957
7.79958
7.79960
7.79961
7.79912
7.79914
7.79915
7.79916
7.79925
7.79926
7.79927
7.79928
7.79937
7.79938
7.79940
7.79941
7.79950
7.79951
7.79952
7.79953
7.79962
7.79963
7.79964
7.79966
7.79917
7.79918
7.79920
7.79921
7.79930
7.79931
7.79932
7.79933
7.79942
7.79943
7.79944
7.79945
7.79955
7.79956
7.79957
7.79958
7.79967
7.79968
7.79969
7.79970
7.79922
7.79923
7.79924
7.79925
7.79934
7.79936
7.79937
7.79938
7.79947
7.79948
7.79949
7.79950
7.79959
7.79960
7.79962
7.79963
7.79972
7.79973
7.79974
7.79975
7.79927
7.79928
7.79929
7.79930
7.79939
7.79940
7.79942
7.79943
7.79952
7.79953
7.79954
7.79955
7.79964
7.79965
7.79966
7.79968
7.79977
7.79978
7.79979
7.79980
7.79932
7.79933
7.79934
7.79935
7.79944
7.79945
7.79946
7.79947
7.79957
7.79958
7.79959
7.79960
7.79969
7.79970
7.79971
7.79972
7.79981
7.79982
7.79984
7.79985
7.79994
7.79995
7.79996
7.79997
7.80007
7.80008
7.80009
7.80010
7.80019
7.80020
7.80021
7.80022
7.80031
7.80032
7.80034
7.80035
7.80044
7.80045
7.80046
7.80047
7.79999
7.80000
7.80001
7.80002
7.80011
7.80012
7.80014
7.80015
7.80024
7.80025
7.80026
7.80027
7.80036
7.80037
7.80038
7.80039
7.80049
7.80050
7.80051
7.80052
7.80004
7.80005
7.80006
7.80007
7.80016
7.80017
7.80018
7.80019
7.80028
7.80030
7.80031
7.80032
7.80041
7.80042
7.80043
7.80044
7.80053
7.80054
7.80056
7.80057
7.80008
7.80010
7.80011
7.80012
7.80021
7.80022
7.80023
7.80024
7.80033
7.80034
7.80036
7.80037
7.80046
7.80047
7.80048
7.80049
7.80058
7.80059
7.80060
7.80061
7.80013
7.80014
7.80016
7.80017
7.80026
7.80027
7.80028
7.80029
7.80038
7.80039
7.80040
7.80041
7.80050
7.80052
7.80053
7.80054
7.80063
7.80064
7.80065
7.80066
7.80018
7.80019
7.80020
7.80021
7.80030
7.80032
7.80033
7.80034
7.80043
7.80044
7.80045
7.80046
7.80055
7.80056
7.80058
7.80059
7.80068
7.80069
7.80070
7.80071
7.80080
7.80082
7.80083
7.80084
7.80093
7.80094
7.80095
7.80096
7.80105
7.80106
7.80107
7.80109
7.80118
7.80119
7.80120
7.80121
7.80130
7.80131
7.80132
7.80133
7.80085
7.80086
7.80087
7.80089
7.80098
7.80099
7.80100
7.80101
7.80110
7.80111
7.80112
7.80113
7.80122
7.80124
7.80125
7.80126
7.80135
7.80136
7.80137
7.80138
7.80090
7.80091
7.80092
7.80093
7.80102
7.80104
7.80105
7.80106
7.80115
7.80116
7.80117
7.80118
7.80127
7.80128
7.80129
7.80131
7.80140
7.80141
7.80142
7.80143
7.80095
7.80096
7.80097
7.80098
7.80107
7.80108
7.80109
7.80111
7.80120
7.80121
7.80122
7.80123
7.80132
7.80133
7.80134
7.80135
7.80144
7.80145
7.80147
7.80148
7.80100
7.80101
7.80102
7.80103
7.80112
7.80113
7.80114
7.80115
7.80124
7.80125
7.80127
7.80128
7.80137
7.80138
7.80139
7.80140
7.80149
7.80150
7.80151
7.80152
7.80104
7.80105
7.80107
7.80108
7.80117
7.80118
7.80119
7.80120
7.80129
7.80130
7.80131
7.80132
7.80142
7.80143
7.80144
7.80145
7.80154
7.80155
7.80156
7.80157
7.80167
7.80168
7.80169
7.80170
7.80179
7.80180
7.80181
7.80182
7.80191
7.80193
7.80194
7.80195
7.80204
7.80205
7.80206
7.80207
7.80216
7.80217
7.80218
7.80220
7.80171
7.80173
7.80174
7.80175
7.80184
7.80185
7.80186
7.80187
7.80196
7.80197
7.80198
7.80200
7.80209
7.80210
7.80211
7.80212
7.80221
7.80222
7.80223
7.80224
7.80176
7.80177
7.80178
7.80180
7.80189
7.80190
7.80191
7.80192
7.80201
7.80202
7.80203
7.80204
7.80213
7.80214
7.80216
7.80217
7.80226
7.80227
7.80228
7.80229
7.80181
7.80182
7.80183
7.80184
7.80193
7.80194
7.80196
7.80197
7.80206
7.80207
7.80208
7.80209
7.80218
7.80219
7.80220
7.80221
7.80230
7.80232
7.80233
7.80234
7.80186
7.80187
7.80188
7.80189
7.80198
7.80199
7.80200
7.80201
7.80210
7.80212
7.80213
7.80214
7.80223
7.80224
7.80225
7.80226
7.80235
7.80236
7.80237
7.80239
7.80191
7.80192
7.80193
7.80194
7.80203
7.80204
7.80205
7.80206
7.80215
7.80216
7.80217
7.80219
7.80228
7.80229
7.80230
7.80231
7.80240
7.80241
7.80242
7.80243
7.91722
7.91722
7.91723
7.91724
7.91731
7.91732
7.91733
7.91734
7.91741
7.91742
7.91743
7.91744
7.91751
7.91752
7.91753
7.91753
7.91760
7.91761
7.91762
7.91763
7.91725
7.91726
7.91726
7.91727
7.91734
7.91735
7.91736
7.91737
7.91744
7.91745
7.91746
7.91747
7.91754
7.91755
7.91756
7.91757
7.91764
7.91764
7.91765
7.91766
7.91728
7.91729
7.91730
7.91730
7.91737
7.91738
7.91739
7.91740
7.91747
7.91748
7.91749
7.91750
7.91757
7.91758
7.91759
7.91760
7.91767
7.91767
7.91768
7.91769
7.91731
7.91732
7.91733
7.91734
7.91740
7.91741
7.91742
7.91743
7.91750
7.91751
7.91752
7.91753
7.91760
7.91761
7.91762
7.91763
7.91770
7.91771
7.91771
7.91772
7.91734
7.91735
7.91736
7.91737
7.91744
7.91744
7.91745
7.91746
7.91753
7.91754
7.91755
7.91756
7.91763
7.91764
7.91765
7.91766
7.91773
7.91774
7.91775
7.91775
7.91737
7.91738
7.91739
7.91740
7.91747
7.91748
7.91748
7.91749
7.91756
7.91757
7.91758
7.91759
7.91766
7.91767
7.91768
7.91769
7.91776
7.91777
7.91778
7.91779
7.91795
7.91796
7.91796
7.91797
7.91804
7.91805
7.91806
7.91807
7.91814
7.91815
7.91816
7.91817
7.91824
7.91825
7.91826
7.91827
7.91833
7.91834
7.91835
7.91836
7.91798
7.91799
7.91800
7.91800
7.91807
7.91808
7.91809
7.91810
7.91817
7.91818
7.91819
7.91820
7.91827
7.91828
7.91829
7.91830
7.91837
7.91837
7.91838
7.91839
7.91801
7.91802
7.91803
7.91804
7.91810
7.91811
7.91812
7.91813
7.91820
7.91821
7.91822
7.91823
7.91830
7.91831
7.91832
7.91833
7.91840
7.91841
7.91841
7.91842
7.91804
7.91805
7.91806
7.91807
7.91814
7.91814
7.91815
7.91816
7.91823
7.91824
7.91825
7.91826
7.91833
7.91834
7.91835
7.91836
7.91843
7.91844
7.91844
7.91845
7.91807
7.91808
7.91809
7.91810
7.91817
7.91818
7.91818
7.91819
7.91826
7.91827
7.91828
7.91829
7.91836
7.91837
7.91838
7.91839
7.91846
7.91847
7.91848
7.91848
7.91810
7.91811
7.91812
7.91813
7.91820
7.91821
7.91821
7.91822
7.91829
7.91830
7.91831
7.91832
7.91839
7.91840
7.91841
7.91842
7.91849
7.91850
7.91851
7.91852
7.91868
7.91869
7.91869
7.91870
7.91877
7.91878
7.91879
7.91880
7.91887
7.91888
7.91889
7.91890
7.91897
7.91898
7.91899
7.91899
7.91906
7.91907
7.91908
7.91909
7.91871
7.91872
7.91872
7.91873
7.91880
7.91881
7.91882
7.91883
7.91890
7.91891
7.91892
7.91893
7.91900
7.91901
7.91902
7.91902
7.91909
7.91910
7.91911
7.91912
7.91874
7.91875
7.91876
7.91876
7.91883
7.91884
7.91885
7.91886
7.91893
7.91894
7.91895
7.91896
7.91903
7.91904
7.91905
7.91906
7.91912
7.91913
7.91914
7.91915
7.91877
7.91878
7.91879
7.91880
7.91886
7.91887
7.91888
7.91889
7.91896
7.91897
7.91898
7.91899
7.91906
7.91907
7.91908
7.91909
7.91916
7.91916
7.91917
7.91918
7.91880
7.91881
7.91882
7.91883
7.91890
7.91890
7.91891
7.91892
7.91899
7.91900
7.91901
7.91902
7.91909
7.91910
7.91911
7.91912
7.91919
7.91920
7.91920
7.91921
7.91883
7.91884
7.91885
7.91886
7.91893
7.91893
7.91894
7.91895
7.91902
7.91903
7.91904
7.91905
7.91912
7.91913
7.91914
7.91915
7.91922
7.91923
7.91923
7.91924
7.91940
7.91941
7.91942
7.91943
7.91950
7.91951
7.91952
7.91953
7.91960
7.91961
7.91962
7.91963
7.91969
7.91970
7.91971
7.91972
7.91979
7.91980
7.91981
7.91982
7.91943
7.91944
7.91945
7.91946
7.91953
7.91954
7.91955
7.91956
7.91963
7.91964
7.91965
7.91966
7.91973
7.91973
7.91974
7.91975
7.91982
7.91983
7.91984
7.91985
7.91947
7.91947
7.91948
7.91949
7.91956
7.91957
7.91958
7.91959
7.91966
7.91967
7.91968
7.91969
7.91976
7.91976
7.91977
7.91978
7.91985
7.91986
7.91987
7.91988
7.91950
7.91950
7.91951
7.91952
7.91959
7.91960
7.91961
7.91962
7.91969
7.91970
7.91971
7.91972
7.91979
7.91980
7.91980
7.91981
7.91988
7.91989
7.91990
7.91991
7.91953
7.91954
7.91954
7.91955
7.91962
7.91963
7.91964
7.91965
7.91972
7.91973
7.91974
7.91975
7.91982
7.91983
7.91983
7.91984
7.91991
7.91992
7.91993
7.91994
7.91956
7.91957
7.91957
7.91958
7.91965
7.91966
7.91967
7.91968
7.91975
7.91976
7.91977
7.91978
7.91985
7.91986
7.91986
7.91987
7.91994
7.91995
7.91996
7.91997
7.92013
7.92014
7.92015
7.92016
7.92023
7.92024
7.92025
7.92025
7.92032
7.92033
7.92034
7.92035
7.92042
7.92043
7.92044
7.92045
7.92052
7.92053
7.92054
7.92054
7.92016
7.92017
7.92018
7.92019
7.92026
7.92027
7.92028
7.92029
7.92035
7.92036
7.92037
7.92038
7.92045
7.92046
7.92047
7.92048
7.92055
7.92056
7.92057
7.92058
7.92019
7.92020
7.92021
7.92022
7.92029
7.92030
7.92031
7.92032
7.92038
7.92039
7.92040
7.92041
7.92048
7.92049
7.92050
7.92051
7.92058
7.92059
7.92060
7.92061
7.92022
7.92023
7.92024
7.92025
7.92032
7.92033
7.92034
7.92035
7.92042
7.92042
7.92043
7.92044
7.92051
7.92052
7.92053
7.92054
7.92061
7.92062
7.92063
7.92064
7.92025
7.92026
7.92027
7.92028
7.92035
7.92036
7.92037
7.92038
7.92045
7.92045
7.92046
7.92047
7.92054
7.92055
7.92056
7.92057
7.92064
7.92065
7.92066
7.92067
7.92028
7.92029
7.92030
7.92031
7.92038
7.92039
7.92040
7.92041
7.92048
7.92048
7.92049
7.92050
7.92057
7.92058
7.92059
7.92060
7.92067
7.92068
7.92069
7.92070
8.01390
8.01391
8.01392
8.01392
8.01398
8.01399
8.01400
8.01400
8.01406
8.01407
8.01407
8.01408
8.01414
8.01414
8.01415
8.01416
8.01422
8.01422
8.01423
8.01424
8.01392
8.01393
8.01393
8.01394
8.01400
8.01400
8.01401
8.01402
8.01408
8.01408
8.01409
8.01410
8.01415
8.01416
8.01417
8.01417
8.01423
8.01424
8.01425
8.01425
8.01394
8.01394
8.01395
8.01396
8.01401
8.01402
8.01403
8.01403
8.01409
8.01410
8.01411
8.01411
8.01417
8.01418
8.01418
8.01419
8.01425
8.01426
8.01426
8.01427
8.01395
8.01396
8.01397
8.01397
8.01403
8.01404
8.01404
8.01405
8.01411
8.01412
8.01412
8.01413
8.01419
8.01419
8.01420
8.01421
8.01426
8.01427
8.01428
8.01429
8.01397
8.01398
8.01398
8.01399
8.01405
8.01405
8.01406
8.01407
8.01412
8.01413
8.01414
8.01415
8.01420
8.01421
8.01422
8.01422
8.01428
8.01429
8.01429
8.01430
8.01398
8.01399
8.01400
8.01401
8.01406
8.01407
8.01408
8.01408
8.01414
8.01415
8.01415
8.01416
8.01422
8.01423
8.01423
8.01424
8.01430
8.01430
8.01431
8.01432
8.01442
8.01443
8.01444
8.01444
8.01450
8.01451
8.01452
8.01452
8.01458
8.01459
8.01459
8.01460
8.01466
8.01466
8.01467
8.01468
8.01474
8.01474
8.01475
8.01476
8.01444
8.01445
8.01445
8.01446
8.01452
8.01452
8.01453
8.01454
8.01460
8.01460
8.01461
8.01462
8.01467
8.01468
8.01469
8.01469
8.01475
8.01476
8.01477
8.01477
8.01446
8.01446
8.01447
8.01448
8.01453
8.01454
8.01455
8.01455
8.01461
8.01462
8.01463
8.01463
8.01469
8.01470
8.01470
8.01471
8.01477
8.01477
8.01478
8.01479
8.01447
8.01448
8.01449
8.01449
8.01455
8.01456
8.01456
8.01457
8.01463
8.01463
8.01464
8.01465
8.01471
8.01471
8.01472
8.01473
8.01478
8.01479
8.01480
8.01480
8.01449
8.01449
8.01450
8.01451
8.01457
8.01457
8.01458
8.01459
8.01464
8.01465
8.01466
8.01466
8.01472
8.01473
8.01474
8.01474
8.01480
8.01481
8.01481
8.01482
8.01450
8.01451
8.01452
8.01452
8.01458
8.01459
8.01460
8.01460
8.01466
8.01467
8.01467
8.01468
8.01474
8.01474
8.01475
8.01476
8.01482
8.01482
8.01483
8.01484
8.01494
8.01495
8.01496
8.01496
8.01502
8.01503
8.01503
8.01504
8.01510
8.01510
8.01511
8.01512
8.01518
8.01518
8.01519
8.01520
8.01525
8.01526
8.01527
8.01527
8.01496
8.01497
8.01497
8.01498
8.01504
8.01504
8.01505
8.01506
8.01511
8.01512
8.01513
8.01513
8.01519
8.01520
8.01521
8.01521
8.01527
8.01528
8.01528
8.01529
8.01497
8.01498
8.01499
8.01500
8.01505
8.01506
8.01507
8.01507
8.01513
8.01514
8.01514
8.01515
8.01521
8.01521
8.01522
8.01523
8.01529
8.01529
8.01530
8.01531
8.01499
8.01500
8.01500
8.01501
8.01507
8.01508
8.01508
8.01509
8.01515
8.01515
8.01516
8.01517
8.01522
8.01523
8.01524
8.01524
8.01530
8.01531
8.01532
8.01532
8.01501
8.01501
8.01502
8.01503
8.01508
8.01509
8.01510
8.01511
8.01516
8.01517
8.01518
8.01518
8.01524
8.01525
8.01525
8.01526
8.01532
8.01532
8.01533
8.01534
8.01502
8.01503
8.01504
8.01504
8.01510
8.01511
8.01511
8.01512
8.01518
8.01519
8.01519
8.01520
8.01526
8.01526
8.01527
8.01528
8.01533
8.01534
8.01535
8.01535
8.01546
8.01547
8.01547
8.01548
8.01554
8.01554
8.01555
8.01556
8.01562
8.01562
8.01563
8.01564
8.01569
8.01570
8.01571
8.01571
8.01577
8.01578
8.01578
8.01579
8.01548
8.01548
8.01549
8.01550
8.01555
8.01556
8.01557
8.01557
8.01563
8.01564
8.01565
8.01565
8.01571
8.01572
8.01572
8.01573
8.01579
8.01579
8.01580
8.01581
8.01549
8.01550
8.01551
8.01551
8.01557
8.01558
8.01558
8.01559
8.01565
8.01565
8.01566
8.01567
8.01572
8.01573
8.01574
8.01575
8.01580
8.01581
8.01582
8.01582
8.01551
8.01551
8.01552
8.01553
8.01559
8.01559
8.01560
8.01561
8.01566
8.01567
8.01568
8.01568
8.01574
8.01575
8.01575
8.01576
8.01582
8.01583
8.01583
8.01584
8.01552
8.01553
8.01554
8.01554
8.01560
8.01561
8.01562
8.01562
8.01568
8.01569
8.01569
8.01570
8.01576
8.01576
8.01577
8.01578
8.01583
8.01584
8.01585
8.01586
8.01554
8.01555
8.01555
8.01556
8.01562
8.01562
8.01563
8.01564
8.01569
8.01570
8.01571
8.01572
8.01577
8.01578
8.01579
8.01579
8.01585
8.01586
8.01586
8.01587
8.01598
8.01598
8.01599
8.01600
8.01605
8.01606
8.01607
8.01607
8.01613
8.01614
8.01614
8.01615
8.01621
8.01622
8.01622
8.01623
8.01629
8.01629
8.01630
8.01631
8.01599
8.01600
8.01601
8.01601
8.01607
8.01608
8.01608
8.01609
8.01615
8.01615
8.01616
8.01617
8.01622
8.01623
8.01624
8.01625
8.01630
8.01631
8.01632
8.01632
8.01601
8.01601
8.01602
8.01603
8.01609
8.01609
8.01610
8.01611
8.01616
8.01617
8.01618
8.01618
8.01624
8.01625
8.01625
8.01626
8.01632
8.01633
8.01633
8.01634
8.01602
8.01603
8.01604
8.01604
8.01610
8.01611
8.01611
8.01612
8.01618
8.01619
8.01619
8.01620
8.01626
8.01626
8.01627
8.01628
8.01633
8.01634
8.01635
8.01636
8.01604
8.01605
8.01605
8.01606
8.01612
8.01612
8.01613
8.01614
8.01619
8.01620
8.01621
8.01622
8.01627
8.01628
8.01629
8.01629
8.01635
8.01636
8.01636
8.01637
8.01606
8.01606
8.01607
8.01608
8.01613
8.01614
8.01615
8.01615
8.01621
8.01622
8.01622
8.01623
8.01629
8.01630
8.01630
8.01631
8.01637
8.01637
8.01638
8.01639
7.80245
7.80246
7.80247
7.80249
7.80264
7.80265
7.80266
7.80267
7.80282
7.80284
7.80285
7.80286
7.80301
7.80302
7.80303
7.80304
7.80320
7.80321
7.80322
7.80323
7.80252
7.80253
7.80254
7.80255
7.80271
7.80272
7.80273
7.80274
7.80289
7.80290
7.80291
7.80292
7.80308
7.80309
7.80310
7.80311
7.80326
7.80328
7.80329
7.80330
7.80259
7.80260
7.80261
7.80262
7.80277
7.80278
7.80279
7.80281
7.80296
7.80297
7.80298
7.80299
7.80315
7.80316
7.80317
7.80318
7.80333
7.80334
7.80335
7.80336
7.80265
7.80267
7.80268
7.80269
7.80284
7.80285
7.80286
7.80287
7.80303
7.80304
7.80305
7.80306
7.80321
7.80322
7.80323
7.80325
7.80340
7.80341
7.80342
7.80343
7.80272
7.80273
7.80274
7.80275
7.80291
7.80292
7.80293
7.80294
7.80309
7.80310
7.80312
7.80313
7.80328
7.80329
7.80330
7.80331
7.80347
7.80348
7.80349
7.80350
7.80279
7.80280
7.80281
7.80282
7.80297
7.80299
7.80300
7.80301
7.80316
7.80317
7.80318
7.80319
7.80335
7.80336
7.80337
7.80338
7.80353
7.80354
7.80356
7.80357
7.80261
7.80262
7.80263
7.80264
7.80279
7.80280
7.80281
7.80282
7.80298
7.80299
7.80300
7.80301
7.80316
7.80317
7.80319
7.80320
7.80335
7.80336
7.80337
7.80338
7.80267
7.80268
7.80269
7.80271
7.80286
7.80287
7.80288
7.80289
7.80304
7.80306
7.80307
7.80308
7.80323
7.80324
7.80325
7.80326
7.80342
7.80343
7.80344
7.80345
7.80274
7.80275
7.80276
7.80277
7.80293
7.80294
7.80295
7.80296
7.80311
7.80312
7.80313
7.80314
7.80330
7.80331
7.80332
7.80333
7.80348
7.80349
7.80351
7.80352
7.80281
7.80282
7.80283
7.80284
7.80299
7.80300
7.80301
7.80303
7.80318
7.80319
7.80320
7.80321
7.80337
7.80338
7.80339
7.80340
7.80355
7.80356
7.80357
7.80358
7.80287
7.80289
7.80290
7.80291
7.80306
7.80307
7.80308
7.80309
7.80325
7.80326
7.80327
7.80328
7.80343
7.80344
7.80345
7.80347
7.80362
7.80363
7.80364
7.80365
7.80294
7.80295
7.80296
7.80297
7.80313
7.80314
7.80315
7.80316
7.80331
7.80332
7.80334
7.80335
7.80350
7.80351
7.80352
7.80353
7.80369
7.80370
7.80371
7.80372
7.80276
7.80277
7.80278
7.80279
7.80294
7.80296
7.80297
7.80298
7.80313
7.80314
7.80315
7.80316
7.80332
7.80333
7.80334
7.80335
7.80350
7.80351
7.80352
7.80354
7.80283
7.80284
7.80285
7.80286
7.80301
7.80302
7.80303
7.80305
7.80320
7.80321
7.80322
7.80323
7.80338
7.80339
7.80341
7.80342
7.80357
7.80358
7.80359
7.80360
7.80289
7.80290
7.80292
7.80293
7.80308
7.80309
7.80310
7.80311
7.80327
7.80328
7.80329
7.80330
7.80345
7.80346
7.80347
7.80348
7.80364
7.80365
7.80366
7.80367
7.80296
7.80297
7.80298
7.80299
7.80315
7.80316
7.80317
7.80318
7.80333
7.80334
7.80335
7.80337
7.80352
7.80353
7.80354
7.80355
7.80370
7.80372
7.80373
7.80374
7.80303
7.80304
7.80305
7.80306
7.80321
7.80322
7.80324
7.80325
7.80340
7.80341
7.80342
7.80343
7.80359
7.80360
7.80361
7.80362
7.80377
7.80378
7.80379
7.80380
7.80310
7.80311
7.80312
7.80313
7.80328
7.80329
7.80330
7.80331
7.80347
7.80348
7.80349
7.80350
7.80365
7.80366
7.80367
7.80369
7.80384
7.80385
7.80386
7.80387
7.80291
7.80292
7.80294
7.80295
7.80310
7.80311
7.80312
7.80313
7.80329
7.80330
7.80331
7.80332
7.80347
7.80348
7.80349
7.80350
7.80366
7.80367
7.80368
7.80369
7.80298
7.80299
7.80300
7.80301
7.80317
7.80318
7.80319
7.80320
7.80335
7.80336
7.80337
7.80339
7.80354
7.80355
7.80356
7.80357
7.80372
7.80373
7.80375
7.80376
7.80305
7.80306
7.80307
7.80308
7.80323
7.80324
7.80326
7.80327
7.80342
7.80343
7.80344
7.80345
7.80361
7.80362
7.80363
7.80364
7.80379
7.80380
7.80381
7.80382
7.80312
7.80313
7.80314
7.80315
7.80330
7.80331
7.80332
7.80333
7.80349
7.80350
7.80351
7.80352
7.80367
7.80368
7.80369
7.80371
7.80386
7.80387
7.80388
7.80389
7.80318
7.80319
7.80320
7.80322
7.80337
7.80338
7.80339
7.80340
7.80355
7.80356
7.80358
7.80359
7.80374
7.80375
7.80376
7.80377
7.80393
7.80394
7.80395
7.80396
7.80325
7.80326
7.80327
7.80328
7.80344
7.80345
7.80346
7.80347
7.80362
7.80363
7.80364
7.80365
7.80381
7.80382
7.80383
7.80384
7.80399
7.80400
7.80401
7.80403
7.80307
7.80308
7.80309
7.80310
7.80325
7.80327
7.80328
7.80329
7.80344
7.80345
7.80346
7.80347
7.80363
7.80364
7.80365
7.80366
7.80381
7.80382
7.80383
7.80384
7.80314
7.80315
7.80316
7.80317
7.80332
7.80333
7.80334
7.80335
7.80351
7.80352
7.80353
7.80354
7.80369
7.80370
7.80371
7.80373
7.80388
7.80389
7.80390
7.80391
7.80320
7.80321
7.80322
7.80324
7.80339
7.80340
7.80341
7.80342
7.80357
7.80359
7.80360
7.80361
7.80376
7.80377
7.80378
7.80379
7.80395
7.80396
7.80397
7.80398
7.80327
7.80328
7.80329
7.80330
7.80346
7.80347
7.80348
7.80349
7.80364
7.80365
7.80366
7.80367
7.80383
7.80384
7.80385
7.80386
7.80401
7.80402
7.80403
7.80405
7.80334
7.80335
7.80336
7.80337
7.80352
7.80353
7.80354
7.80356
7.80371
7.80372
7.80373
7.80374
7.80389
7.80390
7.80392
7.80393
7.80408
7.80409
7.80410
7.80411
7.80340
7.80342
7.80343
7.80344
7.80359
7.80360
7.80361
7.80362
7.80378
7.80379
7.80380
7.80381
7.80396
7.80397
7.80398
7.80399
7.80415
7.80416
7.80417
7.80418
7.71917
7.71918
7.71919
7.71920
7.71932
7.71933
7.71934
7.71935
7.71947
7.71948
7.71949
7.71950
7.71962
7.71963
7.71964
7.71965
7.71977
7.71978
7.71979
7.71980
7.71923
7.71924
7.71925
7.71926
7.71938
7.71939
7.71940
7.71941
7.71953
7.71954
7.71955
7.71956
7.71968
7.71969
7.71970
7.71971
7.71983
7.71984
7.71985
7.71986
7.71929
7.71930
7.71931
7.71932
7.71944
7.71945
7.71946
7.71947
7.71959
7.71960
7.71961
7.71962
7.71974
7.71975
7.71976
7.71977
7.71989
7.71990
7.71991
7.71992
7.71935
7.71936
7.71937
7.71938
7.71950
7.71951
7.71952
7.71953
7.71965
7.71966
7.71967
7.71968
7.71980
7.71981
7.71982
7.71983
7.71995
7.71996
7.71997
7.71998
7.71941
7.71942
7.71943
7.71944
7.71956
7.71957
7.71958
7.71959
7.71971
7.71972
7.71973
7.71974
7.71986
7.71987
7.71988
7.71989
7.72001
7.72002
7.72003
7.72004
7.71947
7.71948
7.71949
7.71951
7.71962
7.71963
7.71964
7.71966
7.71977
7.71978
7.71979
7.71980
7.71992
7.71993
7.71994
7.71995
7.72007
7.72008
7.72009
7.72010
7.71982
7.71984
7.71985
7.71986
7.71997
7.71999
7.72000
7.72001
7.72012
7.72014
7.72015
7.72016
7.72027
7.72029
7.72030
7.72031
7.72042
7.72043
7.72045
7.72046
7.71989
7.71990
7.71991
7.71992
7.72004
7.72005
7.72006
7.72007
7.72018
7.72020
7.72021
7.72022
7.72033
7.72035
7.72036
7.72037
7.72048
7.72050
7.72051
7.72052
7.71995
7.71996
7.71997
7.71998
7.72010
7.72011
7.72012
7.72013
7.72025
7.72026
7.72027
7.72028
7.72040
7.72041
7.72042
7.72043
7.72054
7.72056
7.72057
7.72058
7.72001
7.72002
7.72003
7.72004
7.72016
7.72017
7.72018
7.72019
7.72031
7.72032
7.72033
7.72034
7.72046
7.72047
7.72048
7.72049
7.72061
7.72062
7.72063
7.72064
7.72007
7.72008
7.72009
7.72010
7.72022
7.72023
7.72024
7.72025
7.72037
7.72038
7.72039
7.72040
7.72052
7.72053
7.72054
7.72055
7.72067
7.72068
7.72069
7.72070
7.72013
7.72014
7.72015
7.72016
7.72028
7.72029
7.72030
7.72031
7.72043
7.72044
7.72045
7.72046
7.72058
7.72059
7.72060
7.72061
7.72073
7.72074
7.72075
7.72076
7.72048
7.72050
7.72051
7.72052
7.72063
7.72064
7.72066
7.72067
7.72078
7.72079
7.72081
7.72082
7.72093
7.72094
7.72096
7.72097
7.72108
7.72109
7.72110
7.72112
7.72054
7.72056
7.72057
7.72058
7.72069
7.72071
7.72072
7.72073
7.72084
7.72085
7.72087
7.72088
7.72099
7.72100
7.72102
7.72103
7.72114
7.72115
7.72117
7.72118
7.72060
7.72062
7.72063
7.72064
7.72075
7.72077
7.72078
7.72079
7.72090
7.72092
7.72093
7.72094
7.72105
7.72106
7.72108
7.72109
7.72120
7.72121
7.72123
7.72124
7.72067
7.72068
7.72069
7.72070
7.72081
7.72083
7.72084
7.72085
7.72096
7.72098
7.72099
7.72100
7.72111
7.72113
7.72114
7.72115
7.72126
7.72127
7.72129
7.72130
7.72073
7.72074
7.72075
7.72076
7.72088
7.72089
7.72090
7.72091
7.72102
7.72104
7.72105
7.72106
7.72117
7.72119
7.72120
7.72121
7.72132
7.72134
7.72135
7.72136
7.72079
7.72080
7.72081
7.72082
7.72094
7.72095
7.72096
7.72097
7.72109
7.72110
7.72111
7.72112
7.72123
7.72125
7.72126
7.72127
7.72138
7.72140
7.72141
7.72142
7.72114
7.72115
7.72117
7.72118
7.72129
7.72130
7.72131
7.72133
7.72144
7.72145
7.72146
7.72148
7.72159
7.72160
7.72161
7.72162
7.72174
7.72175
7.72176
7.72177
7.72120
7.72121
7.72123
7.72124
7.72135
7.72136
7.72138
7.72139
7.72150
7.72151
7.72152
7.72154
7.72165
7.72166
7.72167
7.72169
7.72180
7.72181
7.72182
7.72183
7.72126
7.72128
7.72129
7.72130
7.72141
7.72142
7.72144
7.72145
7.72156
7.72157
7.72159
7.72160
7.72171
7.72172
7.72173
7.72175
7.72186
7.72187
7.72188
7.72190
7.72132
7.72134
7.72135
7.72136
7.72147
7.72148
7.72150
7.72151
7.72162
7.72163
7.72165
7.72166
7.72177
7.72178
7.72179
7.72181
7.72192
7.72193
7.72194
7.72196
7.72138
7.72140
7.72141
7.72142
7.72153
7.72155
7.72156
7.72157
7.72168
7.72169
7.72171
7.72172
7.72183
7.72184
7.72186
7.72187
7.72198
7.72199
7.72200
7.72202
7.72145
7.72146
7.72147
7.72148
7.72159
7.72161
7.72162
7.72163
7.72174
7.72176
7.72177
7.72178
7.72189
7.72190
7.72192
7.72193
7.72204
7.72205
7.72207
7.72208
7.72180
7.72181
7.72182
7.72184
7.72195
7.72196
7.72197
7.72199
7.72210
7.72211
7.72212
7.72213
7.72225
7.72226
7.72227
7.72228
7.72240
7.72241
7.72242
7.72243
7.72186
7.72187
7.72188
7.72190
7.72201
7.72202
7.72203
7.72205
7.72216
7.72217
7.72218
7.72219
7.72231
7.72232
7.72233
7.72234
7.72246
7.72247
7.72248
7.72249
7.72192
7.72193
7.72195
7.72196
7.72207
7.72208
7.72209
7.72211
7.72222
7.72223
7.72224
7.72226
7.72237
7.72238
7.72239
7.72240
7.72252
7.72253
7.72254
7.72255
7.72198
7.72199
7.72201
7.72202
7.72213
7.72214
7.72215
7.72217
7.72228
7.72229
7.72230
7.72232
7.72243
7.72244
7.72245
7.72246
7.72258
7.72259
7.72260
7.72261
7.72204
7.72205
7.72207
7.72208
7.72219
7.72220
7.72222
7.72223
7.72234
7.72235
7.72236
7.72238
7.72249
7.72250
7.72251
7.72253
7.72264
7.72265
7.72266
7.72267
7.72210
7.72212
7.72213
7.72214
7.72225
7.72226
7.72228
7.72229
7.72240
7.72241
7.72242
7.72244
7.72255
7.72256
7.72257
7.72259
7.72270
7.72271
7.72272
7.72273
7.78610
7.78611
7.78612
7.78613
7.78621
7.78622
7.78623
7.78625
7.78633
7.78634
7.78635
7.78636
7.78645
7.78646
7.78647
7.78648
7.78656
7.78657
7.78658
7.78659
7.78614
7.78615
7.78617
7.78618
7.78626
7.78627
7.78628
7.78629
7.78638
7.78639
7.78640
7.78641
7.78649
7.78650
7.78651
7.78652
7.78661
7.78662
7.78663
7.78664
7.78619
7.78620
7.78621
7.78622
7.78631
7.78632
7.78633
7.78634
7.78642
7.78643
7.78644
7.78646
7.78654
7.78655
7.78656
7.78657
7.78666
7.78667
7.78668
7.78669
7.78624
7.78625
7.78626
7.78627
7.78635
7.78636
7.78638
7.78639
7.78647
7.78648
7.78649
7.78650
7.78659
7.78660
7.78661
7.78662
7.78670
7.78671
7.78672
7.78673
7.78628
7.78630
7.78631
7.78632
7.78640
7.78641
7.78642
7.78643
7.78652
7.78653
7.78654
7.78655
7.78663
7.78664
7.78665
7.78666
7.78675
7.78676
7.78677
7.78678
7.78633
7.78634
7.78635
7.78636
7.78645
7.78646
7.78647
7.78648
7.78656
7.78657
7.78659
7.78660
7.78668
7.78669
7.78670
7.78671
7.78680
7.78681
7.78682
7.78683
7.78691
7.78692
7.78693
7.78694
7.78703
7.78704
7.78705
7.78706
7.78714
7.78715
7.78716
7.78718
7.78726
7.78727
7.78728
7.78729
7.78737
7.78739
7.78740
7.78741
7.78696
7.78697
7.78698
7.78699
7.78707
7.78708
7.78710
7.78711
7.78719
7.78720
7.78721
7.78722
7.78731
7.78732
7.78733
7.78734
7.78742
7.78743
7.78744
7.78745
7.78700
7.78702
7.78703
7.78704
7.78712
7.78713
7.78714
7.78715
7.78724
7.78725
7.78726
7.78727
7.78735
7.78736
7.78737
7.78738
7.78747
7.78748
7.78749
7.78750
7.78705
7.78706
7.78707
7.78708
7.78717
7.78718
7.78719
7.78720
7.78728
7.78729
7.78730
7.78732
7.78740
7.78741
7.78742
7.78743
7.78752
7.78753
7.78754
7.78755
7.78710
7.78711
7.78712
7.78713
7.78721
7.78722
7.78724
7.78725
7.78733
7.78734
7.78735
7.78736
7.78745
7.78746
7.78747
7.78748
7.78756
7.78757
7.78758
7.78759
7.78715
7.78716
7.78717
7.78718
7.78726
7.78727
7.78728
7.78729
7.78738
7.78739
7.78740
7.78741
7.78749
7.78750
7.78751
7.78752
7.78761
7.78762
7.78763
7.78764
7.78772
7.78773
7.78775
7.78776
7.78784
7.78785
7.78786
7.78787
7.78796
7.78797
7.78798
7.78799
7.78807
7.78808
7.78809
7.78810
7.78819
7.78820
7.78821
7.78822
7.78777
7.78778
7.78779
7.78780
7.78789
7.78790
7.78791
7.78792
7.78800
7.78801
7.78802
7.78803
7.78812
7.78813
7.78814
7.78815
7.78823
7.78824
7.78826
7.78827
7.78782
7.78783
7.78784
7.78785
7.78793
7.78794
7.78795
7.78797
7.78805
7.78806
7.78807
7.78808
7.78816
7.78818
7.78819
7.78820
7.78828
7.78829
7.78830
7.78831
7.78786
7.78787
7.78789
7.78790
7.78798
7.78799
7.78800
7.78801
7.78810
7.78811
7.78812
7.78813
7.78821
7.78822
7.78823
7.78824
7.78833
7.78834
7.78835
7.78836
7.78791
7.78792
7.78793
7.78794
7.78803
7.78804
7.78805
7.78806
7.78814
7.78815
7.78816
7.78817
7.78826
7.78827
7.78828
7.78829
7.78837
7.78838
7.78840
7.78841
7.78796
7.78797
7.78798
7.78799
7.78807
7.78808
7.78809
7.78811
7.78819
7.78820
7.78821
7.78822
7.78830
7.78832
7.78833
7.78834
7.78842
7.78843
7.78844
7.78845
7.78854
7.78855
7.78856
7.78857
7.78865
7.78866
7.78867
7.78868
7.78877
7.78878
7.78879
7.78880
7.78888
7.78889
7.78890
7.78891
7.78900
7.78901
7.78902
7.78903
7.78858
7.78859
7.78860
7.78861
7.78870
7.78871
7.78872
7.78873
7.78881
7.78882
7.78884
7.78885
7.78893
7.78894
7.78895
7.78896
7.78905
7.78906
7.78907
7.78908
7.78863
7.78864
7.78865
7.78866
7.78874
7.78876
7.78877
7.78878
7.78886
7.78887
7.78888
7.78889
7.78898
7.78899
7.78900
7.78901
7.78909
7.78910
7.78911
7.78912
7.78868
7.78869
7.78870
7.78871
7.78879
7.78880
7.78881
7.78882
7.78891
7.78892
7.78893
7.78894
7.78902
7.78903
7.78904
7.78905
7.78914
7.78915
7.78916
7.78917
7.78872
7.78873
7.78874
7.78875
7.78884
7.78885
7.78886
7.78887
7.78895
7.78896
7.78897
7.78899
7.78907
7.78908
7.78909
7.78910
7.78918
7.78920
7.78921
7.78922
7.78877
7.78878
7.78879
7.78880
7.78888
7.78890
7.78891
7.78892
7.78900
7.78901
7.78902
7.78903
7.78912
7.78913
7.78914
7.78915
7.78923
7.78924
7.78925
7.78926
7.78935
7.78936
7.78937
7.78938
7.78946
7.78947
7.78948
7.78949
7.78958
7.78959
7.78960
7.78961
7.78969
7.78970
7.78971
7.78973
7.78981
7.78982
7.78983
7.78984
7.78939
7.78940
7.78941
7.78943
7.78951
7.78952
7.78953
7.78954
7.78962
7.78963
7.78965
7.78966
7.78974
7.78975
7.78976
7.78977
7.78986
7.78987
7.78988
7.78989
7.78944
7.78945
7.78946
7.78947
7.78956
7.78957
7.78958
7.78959
7.78967
7.78968
7.78969
7.78970
7.78979
7.78980
7.78981
7.78982
7.78990
7.78991
7.78992
7.78993
7.78949
7.78950
7.78951
7.78952
7.78960
7.78961
7.78962
7.78963
7.78972
7.78973
7.78974
7.78975
7.78983
7.78984
7.78985
7.78986
7.78995
7.78996
7.78997
7.78998
7.78953
7.78954
7.78955
7.78956
7.78965
7.78966
7.78967
7.78968
7.78976
7.78977
7.78978
7.78980
7.78988
7.78989
7.78990
7.78991
7.78999
7.79001
7.79002
7.79003
7.78958
7.78959
7.78960
7.78961
7.78969
7.78971
7.78972
7.78973
7.78981
7.78982
7.78983
7.78984
7.78993
7.78994
7.78995
7.78996
7.79004
7.79005
7.79006
7.79007
7.89249
7.89250
7.89251
7.89252
7.89258
7.89259
7.89260
7.89261
7.89267
7.89268
7.89269
7.89270
7.89276
7.89277
7.89278
7.89279
7.89286
7.89286
7.89287
7.89288
7.89252
7.89253
7.89254
7.89255
7.89261
7.89262
7.89263
7.89264
7.89270
7.89271
7.89272
7.89273
7.89280
7.89280
7.89281
7.89282
7.89289
7.89289
7.89290
7.89291
7.89255
7.89256
7.89257
7.89258
7.89264
7.89265
7.89266
7.89267
7.89274
7.89274
7.89275
7.89276
7.89283
7.89283
7.89284
7.89285
7.89292
7.89293
7.89293
7.89294
7.89258
7.89259
7.89260
7.89261
7.89268
7.89268
7.89269
7.89270
7.89277
7.89277
7.89278
7.89279
7.89286
7.89287
7.89287
7.89288
7.89295
7.89296
7.89296
7.89297
7.89262
7.89262
7.89263
7.89264
7.89271
7.89271
7.89272
7.89273
7.89280
7.89281
7.89281
7.89282
7.89289
7.89290
7.89290
7.89291
7.89298
7.89299
7.89300
7.89300
7.89265
7.89265
7.89266
7.89267
7.89274
7.89275
7.89275
7.89276
7.89283
7.89284
7.89284
7.89285
7.89292
7.89293
7.89294
7.89294
7.89301
7.89302
7.89303
7.89303
7.89318
7.89319
7.89320
7.89321
7.89327
7.89328
7.89329
7.89330
7.89336
7.89337
7.89338
7.89339
7.89345
7.89346
7.89347
7.89348
7.89354
7.89355
7.89356
7.89357
7.89321
7.89322
7.89323
7.89324
7.89330
7.89331
7.89332
7.89333
7.89339
7.89340
7.89341
7.89342
7.89348
7.89349
7.89350
7.89351
7.89357
7.89358
7.89359
7.89360
7.89324
7.89325
7.89326
7.89327
7.89333
7.89334
7.89335
7.89336
7.89342
7.89343
7.89344
7.89345
7.89351
7.89352
7.89353
7.89354
7.89360
7.89361
7.89362
7.89363
7.89327
7.89328
7.89329
7.89330
7.89336
7.89337
7.89338
7.89339
7.89345
7.89346
7.89347
7.89348
7.89354
7.89355
7.89356
7.89357
7.89363
7.89364
7.89365
7.89366
7.89330
7.89331
7.89332
7.89333
7.89339
7.89340
7.89341
7.89342
7.89348
7.89349
7.89350
7.89351
7.89357
7.89358
7.89359
7.89360
7.89367
7.89367
7.89368
7.89369
7.89333
7.89334
7.89335
7.89336
7.89342
7.89343
7.89344
7.89345
7.89352
7.89352
7.89353
7.89354
7.89361
7.89361
7.89362
7.89363
7.89370
7.89370
7.89371
7.89372
7.89387
7.89388
7.89389
7.89389
7.89396
7.89397
7.89398
7.89398
7.89405
7.89406
7.89407
7.89407
7.89414
7.89415
7.89416
7.89417
7.89423
7.89424
7.89425
7.89426
7.89390
7.89391
7.89392
7.89392
7.89399
7.89400
7.89401
7.89401
7.89408
7.89409
7.89410
7.89411
7.89417
7.89418
7.89419
7.89420
7.89426
7.89427
7.89428
7.89429
7.89393
7.89394
7.89395
7.89395
7.89402
7.89403
7.89404
7.89405
7.89411
7.89412
7.89413
7.89414
7.89420
7.89421
7.89422
7.89423
7.89429
7.89430
7.89431
7.89432
7.89396
7.89397
7.89398
7.89399
7.89405
7.89406
7.89407
7.89408
7.89414
7.89415
7.89416
7.89417
7.89423
7.89424
7.89425
7.89426
7.89432
7.89433
7.89434
7.89435
7.89399
7.89400
7.89401
7.89402
7.89408
7.89409
7.89410
7.89411
7.89417
7.89418
7.89419
7.89420
7.89426
7.89427
7.89428
7.89429
7.89435
7.89436
7.89437
7.89438
7.89402
7.89403
7.89404
7.89405
7.89411
7.89412
7.89413
7.89414
7.89420
7.89421
7.89422
7.89423
7.89429
7.89430
7.89431
7.89432
7.89438
7.89439
7.89440
7.89441
7.89455
7.89456
7.89457
7.89458
7.89464
7.89465
7.89466
7.89467
7.89473
7.89474
7.89475
7.89476
7.89482
7.89483
7.89484
7.89485
7.89491
7.89492
7.89493
7.89494
7.89458
7.89459
7.89460
7.89461
7.89467
7.89468
7.89469
7.89470
7.89476
7.89477
7.89478
7.89479
7.89485
7.89486
7.89487
7.89488
7.89495
7.89495
7.89496
7.89497
7.89461
7.89462
7.89463
7.89464
7.89470
7.89471
7.89472
7.89473
7.89479
7.89480
7.89481
7.89482
7.89489
7.89489
7.89490
7.89491
7.89498
7.89498
7.89499
7.89500
7.89464
7.89465
7.89466
7.89467
7.89474
7.89474
7.89475
7.89476
7.89483
7.89483
7.89484
7.89485
7.89492
7.89492
7.89493
7.89494
7.89501
7.89501
7.89502
7.89503
7.89468
7.89468
7.89469
7.89470
7.89477
7.89477
7.89478
7.89479
7.89486
7.89486
7.89487
7.89488
7.89495
7.89495
7.89496
7.89497
7.89504
7.89505
7.89505
7.89506
7.89471
7.89471
7.89472
7.89473
7.89480
7.89480
7.89481
7.89482
7.89489
7.89490
7.89490
7.89491
7.89498
7.89499
7.89499
7.89500
7.89507
7.89508
7.89508
7.89509
7.89524
7.89525
7.89525
7.89526
7.89533
7.89534
7.89534
7.89535
7.89542
7.89543
7.89544
7.89544
7.89551
7.89552
7.89553
7.89553
7.89560
7.89561
7.89562
7.89562
7.89527
7.89528
7.89529
7.89529
7.89536
7.89537
7.89538
7.89538
7.89545
7.89546
7.89547
7.89547
7.89554
7.89555
7.89556
7.89556
7.89563
7.89564
7.89565
7.89565
7.89530
7.89531
7.89532
7.89532
7.89539
7.89540
7.89541
7.89541
7.89548
7.89549
7.89550
7.89550
7.89557
7.89558
7.89559
7.89559
7.89566
7.89567
7.89568
7.89568
7.89533
7.89534
7.89535
7.89535
7.89542
7.89543
7.89544
7.89544
7.89551
7.89552
7.89553
7.89553
7.89560
7.89561
7.89562
7.89563
7.89569
7.89570
7.89571
7.89572
7.89536
7.89537
7.89538
7.89539
7.89545
7.89546
7.89547
7.89548
7.89554
7.89555
7.89556
7.89557
7.89563
7.89564
7.89565
7.89566
7.89572
7.89573
7.89574
7.89575
7.89539
7.89540
7.89541
7.89542
7.89548
7.89549
7.89550
7.89551
7.89557
7.89558
7.89559
7.89560
7.89566
7.89567
7.89568
7.89569
7.89575
7.89576
7.89577
7.89578
7.97892
7.97893
7.97893
7.97894
7.97899
7.97900
7.97901
7.97901
7.97907
7.97907
7.97908
7.97909
7.97914
7.97915
7.97915
7.97916
7.97921
7.97922
7.97923
7.97923
7.97894
7.97895
7.97895
7.97896
7.97901
7.97902
7.97902
7.97903
7.97908
7.97909
7.97910
7.97910
7.97916
7.97916
7.97917
7.97918
7.97923
7.97924
7.97924
7.97925
7.97896
7.97896
7.97897
7.97898
7.97903
7.97904
7.97904
7.97905
7.97910
7.97911
7.97912
7.97912
7.97918
7.97918
7.97919
7.97920
7.97925
7.97925
7.97926
7.97927
7.97897
7.97898
7.97899
7.97899
7.97905
7.97905
7.97906
7.97907
7.97912
7.97913
7.97913
7.97914
7.97919
7.97920
7.97921
7.97921
7.97927
7.97927
7.97928
7.97929
7.97899
7.97900
7.97900
7.97901
7.97906
7.97907
7.97908
7.97908
7.97914
7.97914
7.97915
7.97916
7.97921
7.97922
7.97922
7.97923
7.97928
7.97929
7.97930
7.97930
7.97901
7.97902
7.97902
7.97903
7.97908
7.97909
7.97910
7.97910
7.97915
7.97916
7.97917
7.97918
7.97923
7.97923
7.97924
7.97925
7.97930
7.97931
7.97931
7.97932
7.97942
7.97943
7.97943
7.97944
7.97949
7.97950
7.97951
7.97951
7.97957
7.97957
7.97958
7.97959
7.97964
7.97964
7.97965
7.97966
7.97971
7.97972
7.97972
7.97973
7.97944
7.97944
7.97945
7.97946
7.97951
7.97952
7.97952
7.97953
7.97958
7.97959
7.97960
7.97960
7.97966
7.97966
7.97967
7.97968
7.97973
7.97974
7.97974
7.97975
7.97945
7.97946
7.97947
7.97947
7.97953
7.97953
7.97954
7.97955
7.97960
7.97961
7.97961
7.97962
7.97967
7.97968
7.97969
7.97969
7.97975
7.97975
7.97976
7.97977
7.97947
7.97948
7.97949
7.97949
7.97954
7.97955
7.97956
7.97956
7.97962
7.97962
7.97963
7.97964
7.97969
7.97970
7.97970
7.97971
7.97976
7.97977
7.97978
7.97978
7.97949
7.97950
7.97950
7.97951
7.97956
7.97957
7.97958
7.97958
7.97964
7.97964
7.97965
7.97966
7.97971
7.97971
7.97972
7.97973
7.97978
7.97979
7.97979
7.97980
7.97951
7.97951
7.97952
7.97953
7.97958
7.97959
7.97959
7.97960
7.97965
7.97966
7.97967
7.97967
7.97973
7.97973
7.97974
7.97975
7.97980
7.97981
7.97981
7.97982
7.97992
7.97992
7.97993
7.97994
7.97999
7.98000
7.98000
7.98001
7.98006
7.98007
7.98008
7.98008
7.98013
7.98014
7.98015
7.98015
7.98021
7.98021
7.98022
7.98023
7.97993
7.97994
7.97995
7.97995
7.98001
7.98001
7.98002
7.98003
7.98008
7.98009
7.98009
7.98010
7.98015
7.98016
7.98017
7.98017
7.98023
7.98023
7.98024
7.98025
7.97995
7.97996
7.97996
7.97997
7.98002
7.98003
7.98004
7.98004
7.98010
7.98010
7.98011
7.98012
7.98017
7.98018
7.98018
7.98019
7.98024
7.98025
7.98026
7.98026
7.97997
7.97998
7.97998
7.97999
7.98004
7.98005
7.98006
7.98006
7.98011
7.98012
7.98013
7.98013
7.98019
7.98019
7.98020
7.98021
7.98026
7.98027
7.98027
7.98028
7.97999
7.97999
7.98000
7.98001
7.98006
7.98007
7.98007
7.98008
7.98013
7.98014
7.98015
7.98015
7.98020
7.98021
7.98022
7.98022
7.98028
7.98028
7.98029
7.98030
7.98000
7.98001
7.98002
7.98002
7.98008
7.98008
7.98009
7.98010
7.98015
7.98016
7.98016
7.98017
7.98022
7.98023
7.98024
7.98024
7.98029
7.98030
7.98031
7.98031
7.98041
7.98042
7.98043
7.98043
7.98049
7.98049
7.98050
7.98051
7.98056
7.98056
7.98057
7.98058
7.98063
7.98064
7.98064
7.98065
7.98070
7.98071
7.98072
7.98072
7.98043
7.98044
7.98044
7.98045
7.98050
7.98051
7.98052
7.98052
7.98058
7.98058
7.98059
7.98060
7.98065
7.98065
7.98066
7.98067
7.98072
7.98073
7.98073
7.98074
7.98045
7.98045
7.98046
7.98047
7.98052
7.98053
7.98053
7.98054
7.98059
7.98060
7.98061
7.98061
7.98067
7.98067
7.98068
7.98069
7.98074
7.98074
7.98075
7.98076
7.98046
7.98047
7.98048
7.98048
7.98054
7.98054
7.98055
7.98056
7.98061
7.98062
7.98062
7.98063
7.98068
7.98069
7.98070
7.98070
7.98076
7.98076
7.98077
7.98078
7.98048
7.98049
7.98050
7.98050
7.98055
7.98056
7.98057
7.98057
7.98063
7.98063
7.98064
7.98065
7.98070
7.98071
7.98071
7.98072
7.98077
7.98078
7.98079
7.98079
7.98050
7.98051
7.98051
7.98052
7.98057
7.98058
7.98059
7.98059
7.98064
7.98065
7.98066
7.98066
7.98072
7.98072
7.98073
7.98074
7.98079
7.98080
7.98080
7.98081
7.98091
7.98091
7.98092
7.98093
7.98098
7.98099
7.98099
7.98100
7.98105
7.98106
7.98107
7.98107
7.98112
7.98113
7.98114
7.98114
7.98120
7.98120
7.98121
7.98122
7.98092
7.98093
7.98094
7.98094
7.98100
7.98100
7.98101
7.98102
7.98107
7.98108
7.98108
7.98109
7.98114
7.98115
7.98116
7.98116
7.98121
7.98122
7.98123
7.98123
7.98094
7.98095
7.98095
7.98096
7.98101
7.98102
7.98103
7.98103
7.98109
7.98109
7.98110
7.98111
7.98116
7.98117
7.98117
7.98118
7.98123
7.98124
7.98125
7.98125
7.98096
7.98097
7.98097
7.98098
7.98103
7.98104
7.98104
7.98105
7.98110
7.98111
7.98112
7.98112
7.98118
7.98118
7.98119
7.98120
7.98125
7.98126
7.98126
7.98127
7.98098
7.98098
7.98099
7.98100
7.98105
7.98106
7.98106
7.98107
7.98112
7.98113
7.98113
7.98114
7.98119
7.98120
7.98121
7.98121
7.98127
7.98127
7.98128
7.98129
7.98099
7.98100
7.98101
7.98101
7.98107
7.98107
7.98108
7.98109
7.98114
7.98115
7.98115
7.98116
7.98121
7.98122
7.98122
7.98123
7.98128
7.98129
7.98130
7.98130
7.79965
7.79966
7.79968
7.79969
7.79983
7.79984
7.79985
7.79986
7.80001
7.80002
7.80003
7.80004
7.80019
7.80020
7.80021
7.80022
7.80036
7.80037
7.80038
7.80039
7.79972
7.79973
7.79974
7.79975
7.79990
7.79991
7.79992
7.79993
7.80008
7.80009
7.80010
7.80011
7.80025
7.80026
7.80027
7.80028
7.80043
7.80044
7.80045
7.80046
7.79979
7.79980
7.79981
7.79982
7.79997
7.79998
7.79999
7.80000
7.80014
7.80015
7.80016
7.80017
7.80032
7.80033
7.80034
7.80035
7.80050
7.80051
7.80052
7.80053
7.79986
7.79987
7.79988
7.79989
7.80003
7.80004
7.80005
7.80006
7.80021
7.80022
7.80023
7.80024
7.80039
7.80040
7.80041
7.80042
7.80056
7.80057
7.80058
7.80059
7.79992
7.79993
7.79994
7.79995
7.80010
7.80011
7.80012
7.80013
7.80028
7.80029
7.80030
7.80031
7.80045
7.80046
7.80047
7.80048
7.80063
7.80064
7.80065
7.80066
7.79999
7.80000
7.80001
7.80002
7.80017
7.80018
7.80019
7.80020
7.80034
7.80035
7.80036
7.80038
7.80052
7.80053
7.80054
7.80055
7.80070
7.80071
7.80072
7.80073
7.79980
7.79981
7.79982
7.79983
7.79997
7.79998
7.79999
7.80001
7.80015
7.80016
7.80017
7.80018
7.80033
7.80034
7.80035
7.80036
7.80050
7.80051
7.80052
7.80054
7.79986
7.79987
7.79988
7.79990
7.80004
7.80005
7.80006
7.80007
7.80022
7.80023
7.80024
7.80025
7.80039
7.80040
7.80041
7.80043
7.80057
7.80058
7.80059
7.80060
7.79993
7.79994
7.79995
7.79996
7.80011
7.80012
7.80013
7.80014
7.80028
7.80029
7.80031
7.80032
7.80046
7.80047
7.80048
7.80049
7.80064
7.80065
7.80066
7.80067
7.80000
7.80001
7.80002
7.80003
7.80017
7.80018
7.80020
7.80021
7.80035
7.80036
7.80037
7.80038
7.80053
7.80054
7.80055
7.80056
7.80070
7.80071
7.80073
7.80074
7.80006
7.80007
7.80009
7.80010
7.80024
7.80025
7.80026
7.80027
7.80042
7.80043
7.80044
7.80045
7.80059
7.80061
7.80062
7.80063
7.80077
7.80078
7.80079
7.80080
7.80013
7.80014
7.80015
7.80016
7.80031
7.80032
7.80033
7.80034
7.80048
7.80050
7.80051
7.80052
7.80066
7.80067
7.80068
7.80069
7.80084
7.80085
7.80086
7.80087
7.79994
7.79995
7.79996
7.79997
7.80012
7.80013
7.80014
7.80015
7.80029
7.80030
7.80031
7.80032
7.80047
7.80048
7.80049
7.80050
7.80065
7.80066
7.80067
7.80068
7.80001
7.80002
7.80003
7.80004
7.80018
7.80019
7.80020
7.80021
7.80036
7.80037
7.80038
7.80039
7.80054
7.80055
7.80056
7.80057
7.80071
7.80072
7.80073
7.80074
7.80007
7.80008
7.80009
7.80010
7.80025
7.80026
7.80027
7.80028
7.80043
7.80044
7.80045
7.80046
7.80060
7.80061
7.80062
7.80063
7.80078
7.80079
7.80080
7.80081
7.80014
7.80015
7.80016
7.80017
7.80032
7.80033
7.80034
7.80035
7.80049
7.80050
7.80051
7.80052
7.80067
7.80068
7.80069
7.80070
7.80085
7.80086
7.80087
7.80088
7.80021
7.80022
7.80023
7.80024
7.80038
7.80039
7.80040
7.80042
7.80056
7.80057
7.80058
7.80059
7.80074
7.80075
7.80076
7.80077
7.80091
7.80092
7.80093
7.80095
7.80027
7.80028
7.80029
7.80031
7.80045
7.80046
7.80047
7.80048
7.80063
7.80064
7.80065
7.80066
7.80080
7.80081
7.80082
7.80084
7.80098
7.80099
7.80100
7.80101
7.80008
7.80009
7.80010
7.80011
7.80026
7.80027
7.80028
7.80029
7.80044
7.80045
7.80046
7.80047
7.80061
7.80062
7.80063
7.80064
7.80079
7.80080
7.80081
7.80082
7.80015
7.80016
7.80017
7.80018
7.80033
7.80034
7.80035
7.80036
7.80050
7.80051
7.80052
7.80053
7.80068
7.80069
7.80070
7.80071
7.80086
7.80087
7.80088
7.80089
7.80022
7.80023
7.80024
7.80025
7.80039
7.80040
7.80041
7.80042
7.80057
7.80058
7.80059
7.80060
7.80075
7.80076
7.80077
7.80078
7.80092
7.80093
7.80094
7.80095
7.80028
7.80029
7.80030
7.80032
7.80046
7.80047
7.80048
7.80049
7.80064
7.80065
7.80066
7.80067
7.80081
7.80082
7.80083
7.80084
7.80099
7.80100
7.80101
7.80102
7.80035
7.80036
7.80037
7.80038
7.80053
7.80054
7.80055
7.80056
7.80070
7.80071
7.80072
7.80073
7.80088
7.80089
7.80090
7.80091
7.80106
7.80107
7.80108
7.80109
7.80042
7.80043
7.80044
7.80045
7.80059
7.80060
7.80061
7.80063
7.80077
7.80078
7.80079
7.80080
7.80095
7.80096
7.80097
7.80098
7.80112
7.80113
7.80114
7.80115
7.80023
7.80024
7.80025
7.80026
7.80040
7.80041
7.80042
7.80044
7.80058
7.80059
7.80060
7.80061
7.80076
7.80077
7.80078
7.80079
7.80093
7.80094
7.80095
7.80096
7.80029
7.80030
7.80031
7.80033
7.80047
7.80048
7.80049
7.80050
7.80065
7.80066
7.80067
7.80068
7.80082
7.80083
7.80084
7.80085
7.80100
7.80101
7.80102
7.80103
7.80036
7.80037
7.80038
7.80039
7.80054
7.80055
7.80056
7.80057
7.80071
7.80072
7.80073
7.80074
7.80089
7.80090
7.80091
7.80092
7.80107
7.80108
7.80109
7.80110
7.80043
7.80044
7.80045
7.80046
7.80060
7.80061
7.80062
7.80064
7.80078
7.80079
7.80080
7.80081
7.80096
7.80097
7.80098
7.80099
7.80113
7.80114
7.80115
7.80116
7.80049
7.80050
7.80052
7.80053
7.80067
7.80068
7.80069
7.80070
7.80085
7.80086
7.80087
7.80088
7.80102
7.80103
7.80104
7.80105
7.80120
7.80121
7.80122
7.80123
7.80056
7.80057
7.80058
7.80059
7.80074
7.80075
7.80076
7.80077
7.80091
7.80092
7.80093
7.80095
7.80109
7.80110
7.80111
7.80112
7.80127
7.80128
7.80129
7.80130
7.71626
7.71628
7.71629
7.71630
7.71640
7.71642
7.71643
7.71644
7.71654
7.71656
7.71657
7.71658
7.71668
7.71670
7.71671
7.71672
7.71682
7.71684
7.71685
7.71686
7.71632
7.71634
7.71635
7.71636
7.71646
7.71648
7.71649
7.71650
7.71660
7.71662
7.71663
7.71664
7.71674
7.71676
7.71677
7.71678
7.71688
7.71690
7.71691
7.71692
7.71638
7.71640
7.71641
7.71642
7.71652
7.71654
7.71655
7.71656
7.71666
7.71668
7.71669
7.71670
7.71680
7.71682
7.71683
7.71684
7.71694
7.71696
7.71697
7.71698
7.71644
7.71645
7.71647
7.71648
7.71658
7.71659
7.71661
7.71662
7.71672
7.71674
7.71675
7.71676
7.71686
7.71688
7.71689
7.71690
7.71700
7.71702
7.71703
7.71704
7.71650
7.71651
7.71653
7.71654
7.71664
7.71665
7.71667
7.71668
7.71678
7.71679
7.71681
7.71682
7.71692
7.71693
7.71695
7.71696
7.71706
7.71707
7.71709
7.71710
7.71656
7.71657
7.71659
7.71660
7.71670
7.71671
7.71673
7.71674
7.71684
7.71685
7.71687
7.71688
7.71698
7.71699
7.71701
7.71702
7.71712
7.71713
7.71715
7.71716
7.71690
7.71691
7.71692
7.71693
7.71704
7.71705
7.71706
7.71707
7.71718
7.71719
7.71720
7.71721
7.71732
7.71733
7.71734
7.71735
7.71746
7.71747
7.71748
7.71749
7.71696
7.71697
7.71698
7.71699
7.71710
7.71711
7.71712
7.71713
7.71724
7.71725
7.71726
7.71727
7.71738
7.71739
7.71740
7.71741
7.71752
7.71753
7.71754
7.71755
7.71702
7.71703
7.71704
7.71705
7.71716
7.71717
7.71718
7.71719
7.71730
7.71731
7.71732
7.71733
7.71744
7.71745
7.71746
7.71747
7.71758
7.71759
7.71760
7.71761
7.71708
7.71709
7.71710
7.71711
7.71722
7.71723
7.71724
7.71725
7.71736
7.71737
7.71738
7.71739
7.71750
7.71751
7.71752
7.71753
7.71764
7.71765
7.71766
7.71767
7.71714
7.71715
7.71716
7.71717
7.71728
7.71729
7.71730
7.71731
7.71742
7.71743
7.71744
7.71745
7.71755
7.71757
7.71758
7.71759
7.71769
7.71771
7.71772
7.71773
7.71719
7.71721
7.71722
7.71723
7.71733
7.71735
7.71736
7.71737
7.71747
7.71749
7.71750
7.71751
7.71761
7.71763
7.71764
7.71765
7.71775
7.71777
7.71778
7.71779
7.71753
7.71754
7.71755
7.71756
7.71767
7.71768
7.71769
7.71770
7.71781
7.71782
7.71783
7.71784
7.71795
7.71796
7.71797
7.71798
7.71809
7.71810
7.71811
7.71812
7.71759
7.71760
7.71761
7.71762
7.71773
7.71774
7.71775
7.71776
7.71787
7.71788
7.71789
7.71790
7.71801
7.71802
7.71803
7.71804
7.71815
7.71816
7.71817
7.71818
7.71765
7.71766
7.71767
7.71768
7.71779
7.71780
7.71781
7.71782
7.71793
7.71794
7.71795
7.71796
7.71807
7.71808
7.71809
7.71810
7.71821
7.71822
7.71823
7.71824
7.71771
7.71772
7.71773
7.71774
7.71785
7.71786
7.71787
7.71788
7.71799
7.71800
7.71801
7.71802
7.71813
7.71814
7.71815
7.71816
7.71827
7.71828
7.71829
7.71830
7.71777
7.71778
7.71779
7.71780
7.71791
7.71792
7.71793
7.71794
7.71805
7.71806
7.71807
7.71808
7.71819
7.71820
7.71821
7.71822
7.71833
7.71834
7.71835
7.71836
7.71783
7.71784
7.71785
7.71786
7.71797
7.71798
7.71799
7.71800
7.71811
7.71812
7.71813
7.71814
7.71825
7.71826
7.71827
7.71828
7.71839
7.71840
7.71841
7.71842
7.71816
7.71817
7.71818
7.71819
7.71830
7.71831
7.71832
7.71833
7.71844
7.71845
7.71846
7.71847
7.71858
7.71859
7.71860
7.71861
7.71872
7.71873
7.71874
7.71875
7.71822
7.71823
7.71824
7.71825
7.71836
7.71837
7.71838
7.71839
7.71850
7.71851
7.71852
7.71853
7.71864
7.71865
7.71866
7.71867
7.71878
7.71879
7.71880
7.71881
7.71828
7.71829
7.71830
7.71831
7.71842
7.71843
7.71844
7.71845
7.71856
7.71857
7.71858
7.71859
7.71870
7.71871
7.71872
7.71873
7.71884
7.71885
7.71886
7.71887
7.71834
7.71835
7.71836
7.71837
7.71848
7.71849
7.71850
7.71851
7.71862
7.71863
7.71864
7.71865
7.71876
7.71877
7.71878
7.71879
7.71890
7.71891
7.71892
7.71893
7.71840
7.71841
7.71842
7.71843
7.71854
7.71855
7.71856
7.71857
7.71868
7.71869
7.71870
7.71871
7.71882
7.71883
7.71884
7.71885
7.71896
7.71897
7.71898
7.71899
7.71846
7.71847
7.71848
7.71849
7.71860
7.71861
7.71862
7.71863
7.71874
7.71875
7.71876
7.71877
7.71888
7.71889
7.71890
7.71891
7.71902
7.71903
7.71904
7.71905
7.71879
7.71880
7.71881
7.71883
7.71893
7.71894
7.71895
7.71897
7.71907
7.71908
7.71909
7.71910
7.71921
7.71922
7.71923
7.71924
7.71935
7.71936
7.71937
7.71938
7.71885
7.71886
7.71887
7.71889
7.71899
7.71900
7.71901
7.71902
7.71913
7.71914
7.71915
7.71916
7.71927
7.71928
7.71929
7.71930
7.71941
7.71942
7.71943
7.71944
7.71891
7.71892
7.71893
7.71895
7.71905
7.71906
7.71907
7.71908
7.71919
7.71920
7.71921
7.71922
7.71933
7.71934
7.71935
7.71936
7.71947
7.71948
7.71949
7.71950
7.71897
7.71898
7.71899
7.71900
7.71911
7.71912
7.71913
7.71914
7.71925
7.71926
7.71927
7.71928
7.71939
7.71940
7.71941
7.71942
7.71953
7.71954
7.71955
7.71956
7.71903
7.71904
7.71905
7.71906
7.71917
7.71918
7.71919
7.71920
7.71931
7.71932
7.71933
7.71934
7.71945
7.71946
7.71947
7.71948
7.71959
7.71960
7.71961
7.71962
7.71909
7.71910
7.71911
7.71912
7.71923
7.71924
7.71925
7.71926
7.71937
7.71938
7.71939
7.71940
7.71951
7.71952
7.71953
7.71954
7.71965
7.71966
7.71967
7.71968
7.77564
7.77565
7.77566
7.77567
7.77575
7.77576
7.77577
7.77578
7.77586
7.77587
7.77588
7.77589
7.77597
7.77598
7.77599
7.77600
7.77607
7.77608
7.77610
7.77611
7.77569
7.77570
7.77571
7.77572
7.77580
7.77581
7.77582
7.77583
7.77590
7.77592
7.77593
7.77594
7.77601
7.77602
7.77603
7.77604
7.77612
7.77613
7.77614
7.77615
7.77574
7.77575
7.77576
7.77577
7.77584
7.77585
7.77586
7.77587
7.77595
7.77596
7.77597
7.77598
7.77606
7.77607
7.77608
7.77609
7.77617
7.77618
7.77619
7.77620
7.77578
7.77579
7.77580
7.77581
7.77589
7.77590
7.77591
7.77592
7.77600
7.77601
7.77602
7.77603
7.77611
7.77612
7.77613
7.77614
7.77621
7.77622
7.77623
7.77624
7.77583
7.77584
7.77585
7.77586
7.77594
7.77595
7.77596
7.77597
7.77604
7.77605
7.77606
7.77607
7.77615
7.77616
7.77617
7.77618
7.77626
7.77627
7.77628
7.77629
7.77587
7.77588
7.77589
7.77590
7.77598
7.77599
7.77600
7.77601
7.77609
7.77610
7.77611
7.77612
7.77620
7.77621
7.77622
7.77623
7.77631
7.77632
7.77633
7.77634
7.77641
7.77642
7.77643
7.77644
7.77652
7.77653
7.77654
7.77655
7.77663
7.77664
7.77665
7.77666
7.77674
7.77675
7.77676
7.77677
7.77684
7.77685
7.77686
7.77687
7.77646
7.77647
7.77648
7.77649
7.77657
7.77658
7.77659
7.77660
7.77667
7.77668
7.77669
7.77671
7.77678
7.77679
7.77680
7.77681
7.77689
7.77690
7.77691
7.77692
7.77650
7.77652
7.77653
7.77654
7.77661
7.77662
7.77663
7.77664
7.77672
7.77673
7.77674
7.77675
7.77683
7.77684
7.77685
7.77686
7.77694
7.77695
7.77696
7.77697
7.77655
7.77656
7.77657
7.77658
7.77666
7.77667
7.77668
7.77669
7.77677
7.77678
7.77679
7.77680
7.77687
7.77688
7.77689
7.77691
7.77698
7.77699
7.77700
7.77701
7.77660
7.77661
7.77662
7.77663
7.77671
7.77672
7.77673
7.77674
7.77681
7.77682
7.77683
7.77684
7.77692
7.77693
7.77694
7.77695
7.77703
7.77704
7.77705
7.77706
7.77664
7.77665
7.77666
7.77667
7.77675
7.77676
7.77677
7.77678
7.77686
7.77687
7.77688
7.77689
7.77697
7.77698
7.77699
7.77700
7.77707
7.77708
7.77710
7.77711
7.77718
7.77719
7.77720
7.77721
7.77729
7.77730
7.77731
7.77732
7.77740
7.77741
7.77742
7.77743
7.77750
7.77752
7.77753
7.77754
7.77761
7.77762
7.77763
7.77764
7.77723
7.77724
7.77725
7.77726
7.77734
7.77735
7.77736
7.77737
7.77744
7.77745
7.77746
7.77747
7.77755
7.77756
7.77757
7.77758
7.77766
7.77767
7.77768
7.77769
7.77727
7.77728
7.77729
7.77730
7.77738
7.77739
7.77740
7.77741
7.77749
7.77750
7.77751
7.77752
7.77760
7.77761
7.77762
7.77763
7.77770
7.77771
7.77772
7.77774
7.77732
7.77733
7.77734
7.77735
7.77743
7.77744
7.77745
7.77746
7.77754
7.77755
7.77756
7.77757
7.77764
7.77765
7.77766
7.77767
7.77775
7.77776
7.77777
7.77778
7.77737
7.77738
7.77739
7.77740
7.77747
7.77748
7.77749
7.77750
7.77758
7.77759
7.77760
7.77761
7.77769
7.77770
7.77771
7.77772
7.77780
7.77781
7.77782
7.77783
7.77741
7.77742
7.77743
7.77744
7.77752
7.77753
7.77754
7.77755
7.77763
7.77764
7.77765
7.77766
7.77773
7.77775
7.77776
7.77777
7.77784
7.77785
7.77786
7.77787
7.77795
7.77796
7.77797
7.77798
7.77806
7.77807
7.77808
7.77809
7.77816
7.77817
7.77818
7.77820
7.77827
7.77828
7.77829
7.77830
7.77838
7.77839
7.77840
7.77841
7.77800
7.77801
7.77802
7.77803
7.77810
7.77811
7.77812
7.77813
7.77821
7.77822
7.77823
7.77824
7.77832
7.77833
7.77834
7.77835
7.77843
7.77844
7.77845
7.77846
7.77804
7.77805
7.77806
7.77807
7.77815
7.77816
7.77817
7.77818
7.77826
7.77827
7.77828
7.77829
7.77836
7.77837
7.77838
7.77839
7.77847
7.77848
7.77849
7.77850
7.77809
7.77810
7.77811
7.77812
7.77819
7.77821
7.77822
7.77823
7.77830
7.77831
7.77832
7.77833
7.77841
7.77842
7.77843
7.77844
7.77852
7.77853
7.77854
7.77855
7.77813
7.77814
7.77815
7.77816
7.77824
7.77825
7.77826
7.77827
7.77835
7.77836
7.77837
7.77838
7.77846
7.77847
7.77848
7.77849
7.77856
7.77857
7.77858
7.77859
7.77818
7.77819
7.77820
7.77821
7.77829
7.77830
7.77831
7.77832
7.77839
7.77840
7.77841
7.77842
7.77850
7.77851
7.77852
7.77853
7.77861
7.77862
7.77863
7.77864
7.77872
7.77873
7.77874
7.77875
7.77882
7.77883
7.77884
7.77885
7.77893
7.77894
7.77895
7.77896
7.77904
7.77905
7.77906
7.77907
7.77915
7.77916
7.77917
7.77918
7.77876
7.77877
7.77878
7.77879
7.77887
7.77888
7.77889
7.77890
7.77898
7.77899
7.77900
7.77901
7.77908
7.77909
7.77910
7.77911
7.77919
7.77920
7.77921
7.77922
7.77881
7.77882
7.77883
7.77884
7.77892
7.77893
7.77894
7.77895
7.77902
7.77903
7.77904
7.77905
7.77913
7.77914
7.77915
7.77916
7.77924
7.77925
7.77926
7.77927
7.77885
7.77886
7.77887
7.77888
7.77896
7.77897
7.77898
7.77899
7.77907
7.77908
7.77909
7.77910
7.77918
7.77919
7.77920
7.77921
7.77928
7.77929
7.77930
7.77931
7.77890
7.77891
7.77892
7.77893
7.77901
7.77902
7.77903
7.77904
7.77911
7.77912
7.77913
7.77914
7.77922
7.77923
7.77924
7.77925
7.77933
7.77934
7.77935
7.77936
7.77895
7.77896
7.77897
7.77898
7.77905
7.77906
7.77907
7.77908
7.77916
7.77917
7.77918
7.77919
7.77927
7.77928
7.77929
7.77930
7.77938
7.77939
7.77940
7.77941
7.87110
7.87111
7.87112
7.87113
7.87119
7.87120
7.87121
7.87121
7.87127
7.87128
7.87129
7.87130
7.87136
7.87137
7.87137
7.87138
7.87144
7.87145
7.87146
7.87147
7.87114
7.87114
7.87115
7.87116
7.87122
7.87123
7.87124
7.87124
7.87130
7.87131
7.87132
7.87133
7.87139
7.87140
7.87140
7.87141
7.87147
7.87148
7.87149
7.87150
7.87117
7.87117
7.87118
7.87119
7.87125
7.87126
7.87127
7.87128
7.87134
7.87134
7.87135
7.87136
7.87142
7.87143
7.87144
7.87144
7.87150
7.87151
7.87152
7.87153
7.87120
7.87121
7.87121
7.87122
7.87128
7.87129
7.87130
7.87131
7.87137
7.87137
7.87138
7.87139
7.87145
7.87146
7.87147
7.87148
7.87154
7.87154
7.87155
7.87156
7.87123
7.87124
7.87125
7.87125
7.87131
7.87132
7.87133
7.87134
7.87140
7.87141
7.87141
7.87142
7.87148
7.87149
7.87150
7.87151
7.87157
7.87157
7.87158
7.87159
7.87126
7.87127
7.87128
7.87128
7.87134
7.87135
7.87136
7.87137
7.87143
7.87144
7.87145
7.87145
7.87151
7.87152
7.87153
7.87154
7.87160
7.87161
7.87161
7.87162
7.87176
7.87177
7.87177
7.87178
7.87184
7.87185
7.87186
7.87187
7.87193
7.87193
7.87194
7.87195
7.87201
7.87202
7.87203
7.87203
7.87209
7.87210
7.87211
7.87212
7.87179
7.87180
7.87180
7.87181
7.87187
7.87188
7.87189
7.87190
7.87196
7.87197
7.87197
7.87198
7.87204
7.87205
7.87206
7.87207
7.87213
7.87213
7.87214
7.87215
7.87182
7.87183
7.87184
7.87184
7.87190
7.87191
7.87192
7.87193
7.87199
7.87200
7.87200
7.87201
7.87207
7.87208
7.87209
7.87210
7.87216
7.87216
7.87217
7.87218
7.87185
7.87186
7.87187
7.87188
7.87194
7.87194
7.87195
7.87196
7.87202
7.87203
7.87204
7.87204
7.87210
7.87211
7.87212
7.87213
7.87219
7.87220
7.87220
7.87221
7.87188
7.87189
7.87190
7.87191
7.87197
7.87197
7.87198
7.87199
7.87205
7.87206
7.87207
7.87207
7.87213
7.87214
7.87215
7.87216
7.87222
7.87223
7.87224
7.87224
7.87191
7.87192
7.87193
7.87194
7.87200
7.87201
7.87201
7.87202
7.87208
7.87209
7.87210
7.87211
7.87217
7.87217
7.87218
7.87219
7.87225
7.87226
7.87227
7.87227
7.87241
7.87242
7.87243
7.87243
7.87249
7.87250
7.87251
7.87252
7.87258
7.87259
7.87259
7.87260
7.87266
7.87267
7.87268
7.87269
7.87275
7.87275
7.87276
7.87277
7.87244
7.87245
7.87246
7.87246
7.87252
7.87253
7.87254
7.87255
7.87261
7.87262
7.87263
7.87263
7.87269
7.87270
7.87271
7.87272
7.87278
7.87279
7.87279
7.87280
7.87247
7.87248
7.87249
7.87250
7.87256
7.87256
7.87257
7.87258
7.87264
7.87265
7.87266
7.87266
7.87272
7.87273
7.87274
7.87275
7.87281
7.87282
7.87282
7.87283
7.87250
7.87251
7.87252
7.87253
7.87259
7.87259
7.87260
7.87261
7.87267
7.87268
7.87269
7.87270
7.87275
7.87276
7.87277
7.87278
7.87284
7.87285
7.87286
7.87286
7.87253
7.87254
7.87255
7.87256
7.87262
7.87263
7.87263
7.87264
7.87270
7.87271
7.87272
7.87273
7.87279
7.87279
7.87280
7.87281
7.87287
7.87288
7.87289
7.87289
7.87256
7.87257
7.87258
7.87259
7.87265
7.87266
7.87266
7.87267
7.87273
7.87274
7.87275
7.87276
7.87282
7.87282
7.87283
7.87284
7.87290
7.87291
7.87292
7.87293
7.87306
7.87307
7.87308
7.87308
7.87314
7.87315
7.87316
7.87317
7.87323
7.87324
7.87324
7.87325
7.87331
7.87332
7.87333
7.87334
7.87340
7.87340
7.87341
7.87342
7.87309
7.87310
7.87311
7.87312
7.87317
7.87318
7.87319
7.87320
7.87326
7.87327
7.87328
7.87328
7.87334
7.87335
7.87336
7.87337
7.87343
7.87343
7.87344
7.87345
7.87312
7.87313
7.87314
7.87315
7.87321
7.87321
7.87322
7.87323
7.87329
7.87330
7.87331
7.87331
7.87337
7.87338
7.87339
7.87340
7.87346
7.87347
7.87347
7.87348
7.87315
7.87316
7.87317
7.87318
7.87324
7.87324
7.87325
7.87326
7.87332
7.87333
7.87334
7.87335
7.87340
7.87341
7.87342
7.87343
7.87349
7.87350
7.87350
7.87351
7.87318
7.87319
7.87320
7.87321
7.87327
7.87328
7.87328
7.87329
7.87335
7.87336
7.87337
7.87338
7.87344
7.87344
7.87345
7.87346
7.87352
7.87353
7.87354
7.87354
7.87321
7.87322
7.87323
7.87324
7.87330
7.87331
7.87331
7.87332
7.87338
7.87339
7.87340
7.87341
7.87347
7.87347
7.87348
7.87349
7.87355
7.87356
7.87357
7.87357
7.87371
7.87372
7.87373
7.87373
7.87379
7.87380
7.87381
7.87382
7.87388
7.87388
7.87389
7.87390
7.87396
7.87397
7.87398
7.87399
7.87404
7.87405
7.87406
7.87407
7.87374
7.87375
7.87376
7.87376
7.87382
7.87383
7.87384
7.87385
7.87391
7.87392
7.87392
7.87393
7.87399
7.87400
7.87401
7.87402
7.87408
7.87408
7.87409
7.87410
7.87377
7.87378
7.87379
7.87380
7.87385
7.87386
7.87387
7.87388
7.87394
7.87395
7.87395
7.87396
7.87402
7.87403
7.87404
7.87405
7.87411
7.87411
7.87412
7.87413
7.87380
7.87381
7.87382
7.87383
7.87389
7.87389
7.87390
7.87391
7.87397
7.87398
7.87399
7.87399
7.87405
7.87406
7.87407
7.87408
7.87414
7.87415
7.87415
7.87416
7.87383
7.87384
7.87385
7.87386
7.87392
7.87392
7.87393
7.87394
7.87400
7.87401
7.87402
7.87402
7.87408
7.87409
7.87410
7.87411
7.87417
7.87418
7.87418
7.87419
7.87386
7.87387
7.87388
7.87389
7.87395
7.87396
7.87396
7.87397
7.87403
7.87404
7.87405
7.87406
7.87411
7.87412
7.87413
7.87414
7.87420
7.87421
7.87422
7.87422
7.94882
7.94883
7.94883
7.94884
7.94889
7.94889
7.94890
7.94891
7.94896
7.94896
7.94897
7.94898
7.94902
7.94903
7.94904
7.94904
7.94909
7.94910
7.94911
7.94911
7.94884
7.94885
7.94885
7.94886
7.94891
7.94891
7.94892
7.94893
7.94898
7.94898
7.94899
7.94899
7.94904
7.94905
7.94906
7.94906
7.94911
7.94912
7.94912
7.94913
7.94886
7.94887
7.94887
7.94888
7.94893
7.94893
7.94894
7.94895
7.94899
7.94900
7.94901
7.94901
7.94906
7.94907
7.94908
7.94908
7.94913
7.94914
7.94914
7.94915
7.94888
7.94888
7.94889
7.94890
7.94895
7.94895
7.94896
7.94897
7.94901
7.94902
7.94903
7.94903
7.94908
7.94909
7.94909
7.94910
7.94915
7.94916
7.94916
7.94917
7.94890
7.94890
7.94891
7.94892
7.94897
7.94897
7.94898
7.94898
7.94903
7.94904
7.94905
7.94905
7.94910
7.94911
7.94911
7.94912
7.94917
7.94918
7.94918
7.94919
7.94892
7.94892
7.94893
7.94894
7.94898
7.94899
7.94900
7.94900
7.94905
7.94906
7.94907
7.94907
7.94912
7.94913
7.94913
7.94914
7.94919
7.94919
7.94920
7.94921
7.94930
7.94931
7.94931
7.94932
7.94937
7.94938
7.94938
7.94939
7.94944
7.94944
7.94945
7.94946
7.94951
7.94951
7.94952
7.94952
7.94957
7.94958
7.94959
7.94959
7.94932
7.94933
7.94933
7.94934
7.94939
7.94940
7.94940
7.94941
7.94946
7.94946
7.94947
7.94948
7.94952
7.94953
7.94954
7.94954
7.94959
7.94960
7.94961
7.94961
7.94934
7.94935
7.94935
7.94936
7.94941
7.94941
7.94942
7.94943
7.94948
7.94948
7.94949
7.94950
7.94954
7.94955
7.94956
7.94956
7.94961
7.94962
7.94962
7.94963
7.94936
7.94937
7.94937
7.94938
7.94943
7.94943
7.94944
7.94945
7.94950
7.94950
7.94951
7.94951
7.94956
7.94957
7.94958
7.94958
7.94963
7.94964
7.94964
7.94965
7.94938
7.94938
7.94939
7.94940
7.94945
7.94945
7.94946
7.94947
7.94951
7.94952
7.94953
7.94953
7.94958
7.94959
7.94959
7.94960
7.94965
7.94966
7.94966
7.94967
7.94940
7.94940
7.94941
7.94942
7.94947
7.94947
7.94948
7.94948
7.94953
7.94954
7.94955
7.94955
7.94960
7.94961
7.94961
7.94962
7.94967
7.94968
7.94968
7.94969
7.94978
7.94979
7.94979
7.94980
7.94985
7.94986
7.94986
7.94987
7.94992
7.94992
7.94993
7.94994
7.94999
7.94999
7.95000
7.95000
7.95005
7.95006
7.95007
7.95007
7.94980
7.94981
7.94981
7.94982
7.94987
7.94988
7.94988
7.94989
7.94994
7.94994
7.94995
7.94996
7.95000
7.95001
7.95002
7.95002
7.95007
7.95008
7.95009
7.95009
7.94982
7.94983
7.94983
7.94984
7.94989
7.94989
7.94990
7.94991
7.94996
7.94996
7.94997
7.94998
7.95002
7.95003
7.95004
7.95004
7.95009
7.95010
7.95010
7.95011
7.94984
7.94985
7.94985
7.94986
7.94991
7.94991
7.94992
7.94993
7.94997
7.94998
7.94999
7.94999
7.95004
7.95005
7.95006
7.95006
7.95011
7.95012
7.95012
7.95013
7.94986
7.94986
7.94987
7.94988
7.94993
7.94993
7.94994
7.94995
7.94999
7.95000
7.95001
7.95001
7.95006
7.95007
7.95007
7.95008
7.95013
7.95014
7.95014
7.95015
7.94988
7.94988
7.94989
7.94990
7.94995
7.94995
7.94996
7.94996
7.95001
7.95002
7.95003
7.95003
7.95008
7.95009
7.95009
7.95010
7.95015
7.95016
7.95016
7.95017
7.95026
7.95027
7.95027
7.95028
7.95033
7.95034
7.95034
7.95035
7.95040
7.95040
7.95041
7.95042
7.95046
7.95047
7.95048
7.95048
7.95053
7.95054
7.95054
7.95055
7.95028
7.95029
7.95029
7.95030
7.95035
7.95035
7.95036
7.95037
7.95042
7.95042
7.95043
7.95043
7.95048
7.95049
7.95050
7.95050
7.95055
7.95056
7.95056
7.95057
7.95030
7.95031
7.95031
7.95032
7.95037
7.95037
7.95038
7.95039
7.95043
7.95044
7.95045
7.95045
7.95050
7.95051
7.95052
7.95052
7.95057
7.95058
7.95058
7.95059
7.95032
7.95032
7.95033
7.95034
7.95039
7.95039
7.95040
7.95040
7.95045
7.95046
7.95047
7.95047
7.95052
7.95053
7.95053
7.95054
7.95059
7.95060
7.95060
7.95061
7.95034
7.95034
7.95035
7.95036
7.95040
7.95041
7.95042
7.95042
7.95047
7.95048
7.95049
7.95049
7.95054
7.95055
7.95055
7.95056
7.95061
7.95061
7.95062
7.95063
7.95036
7.95036
7.95037
7.95038
7.95042
7.95043
7.95044
7.95044
7.95049
7.95050
7.95050
7.95051
7.95056
7.95057
7.95057
7.95058
7.95063
7.95063
7.95064
7.95065
7.95074
7.95075
7.95075
7.95076
7.95081
7.95081
7.95082
7.95083
7.95087
7.95088
7.95089
7.95089
7.95094
7.95095
7.95095
7.95096
7.95101
7.95102
7.95102
7.95103
7.95076
7.95076
7.95077
7.95078
7.95083
7.95083
7.95084
7.95084
7.95089
7.95090
7.95091
7.95091
7.95096
7.95097
7.95097
7.95098
7.95103
7.95103
7.95104
7.95105
7.95078
7.95078
7.95079
7.95080
7.95084
7.95085
7.95086
7.95086
7.95091
7.95092
7.95092
7.95093
7.95098
7.95099
7.95099
7.95100
7.95105
7.95105
7.95106
7.95107
7.95080
7.95080
7.95081
7.95081
7.95086
7.95087
7.95088
7.95088
7.95093
7.95094
7.95094
7.95095
7.95100
7.95101
7.95101
7.95102
7.95107
7.95107
7.95108
7.95109
7.95081
7.95082
7.95083
7.95083
7.95088
7.95089
7.95090
7.95090
7.95095
7.95096
7.95096
7.95097
7.95102
7.95102
7.95103
7.95104
7.95109
7.95109
7.95110
7.95110
7.95083
7.95084
7.95085
7.95085
7.95090
7.95091
7.95091
7.95092
7.95097
7.95098
7.95098
7.95099
7.95104
7.95104
7.95105
7.95106
7.95110
7.95111
7.95112
7.95112
