conductivity
48.03567
48.03567
48.03568
48.03568
48.03567
48.03568
48.03568
48.03568
48.03568
48.03568
48.03568
48.03569
48.03568
48.03568
48.03569
48.03569
48.03568
48.03569
48.03569
48.03570
48.03567
48.03568
48.03568
48.03568
48.03568
48.03568
48.03568
48.03569
48.03568
48.03568
48.03569
48.03569
48.03568
48.03569
48.03569
48.03570
48.03569
48.03569
48.03570
48.03570
48.03568
48.03568
48.03568
48.03569
48.03568
48.03568
48.03569
48.03569
48.03568
48.03569
48.03569
48.03570
48.03569
48.03569
48.03570
48.03570
48.03569
48.03570
48.03570
48.03570
48.03568
48.03568
48.03569
48.03569
48.03568
48.03569
48.03569
48.03570
48.03569
48.03569
48.03570
48.03570
48.03569
48.03570
48.03570
48.03570
48.03570
48.03570
48.03570
48.03571
48.03568
48.03569
48.03569
48.03570
48.03569
48.03569
48.03570
48.03570
48.03569
48.03570
48.03570
48.03570
48.03570
48.03570
48.03570
48.03571
48.03570
48.03570
48.03571
48.03571
48.03569
48.03569
48.03570
48.03570
48.03569
48.03570
48.03570
48.03570
48.03570
48.03570
48.03570
48.03571
48.03570
48.03570
48.03571
48.03571
48.03570
48.03571
48.03571
48.03572
48.03639
48.03640
48.03640
48.03640
48.03640
48.03640
48.03640
48.03641
48.03640
48.03640
48.03641
48.03641
48.03640
48.03641
48.03641
48.03642
48.03641
48.03641
48.03642
48.03642
48.03640
48.03640
48.03640
48.03641
48.03640
48.03640
48.03641
48.03641
48.03640
48.03641
48.03641
48.03642
48.03641
48.03641
48.03642
48.03642
48.03641
48.03642
48.03642
48.03642
48.03640
48.03640
48.03641
48.03641
48.03640
48.03641
48.03641
48.03642
48.03641
48.03641
48.03642
48.03642
48.03641
48.03642
48.03642
48.03642
48.03642
48.03642
48.03642
48.03643
48.03640
48.03641
48.03641
48.03642
48.03641
48.03641
48.03642
48.03642
48.03641
48.03642
48.03642
48.03642
48.03642
48.03642
48.03642
48.03643
48.03642
48.03642
48.03643
48.03643
48.03641
48.03641
48.03642
48.03642
48.03641
48.03642
48.03642
48.03642
48.03642
48.03642
48.03642
48.03643
48.03642
48.03642
48.03643
48.03643
48.03642
48.03643
48.03643
48.03644
48.03641
48.03642
48.03642
48.03642
48.03642
48.03642
48.03642
48.03643
48.03642
48.03642
48.03643
48.03643
48.03642
48.03643
48.03643
48.03644
48.03643
48.03643
48.03644
48.03644
48.03712
48.03713
48.03713
48.03714
48.03713
48.03713
48.03714
48.03714
48.03713
48.03714
48.03714
48.03715
48.03714
48.03714
48.03715
48.03715
48.03714
48.03715
48.03715
48.03715
48.03713
48.03713
48.03714
48.03714
48.03713
48.03714
48.03714
48.03715
48.03714
48.03714
48.03715
48.03715
48.03714
48.03715
48.03715
48.03715
48.03715
48.03715
48.03715
48.03716
48.03713
48.03714
48.03714
48.03715
48.03714
48.03714
48.03715
48.03715
48.03714
48.03715
48.03715
48.03715
48.03715
48.03715
48.03715
48.03716
48.03715
48.03715
48.03716
48.03716
48.03714
48.03714
48.03715
48.03715
48.03714
48.03715
48.03715
48.03715
48.03715
48.03715
48.03715
48.03716
48.03715
48.03715
48.03716
48.03716
48.03715
48.03716
48.03716
48.03717
48.03714
48.03715
48.03715
48.03715
48.03715
48.03715
48.03715
48.03716
48.03715
48.03715
48.03716
48.03716
48.03715
48.03716
48.03716
48.03717
48.03716
48.03716
48.03717
48.03717
48.03715
48.03715
48.03715
48.03716
48.03715
48.03715
48.03716
48.03716
48.03715
48.03716
48.03716
48.03717
48.03716
48.03716
48.03717
48.03717
48.03716
48.03717
48.03717
48.03717
48.03787
48.03787
48.03788
48.03788
48.03787
48.03788
48.03788
48.03788
48.03788
48.03788
48.03788
48.03789
48.03788
48.03788
48.03789
48.03789
48.03788
48.03789
48.03789
48.03790
48.03787
48.03788
48.03788
48.03788
48.03788
48.03788
48.03788
48.03789
48.03788
48.03788
48.03789
48.03789
48.03788
48.03789
48.03789
48.03790
48.03789
48.03789
48.03790
48.03790
48.03788
48.03788
48.03788
48.03789
48.03788
48.03788
48.03789
48.03789
48.03788
48.03789
48.03789
48.03790
48.03789
48.03789
48.03790
48.03790
48.03789
48.03790
48.03790
48.03790
48.03788
48.03788
48.03789
48.03789
48.03788
48.03789
48.03789
48.03790
48.03789
48.03789
48.03790
48.03790
48.03789
48.03790
48.03790
48.03791
48.03790
48.03790
48.03791
48.03791
48.03788
48.03789
48.03789
48.03790
48.03789
48.03789
48.03790
48.03790
48.03789
48.03790
48.03790
48.03791
48.03790
48.03790
48.03791
48.03791
48.03790
48.03791
48.03791
48.03791
48.03789
48.03789
48.03790
48.03790
48.03789
48.03790
48.03790
48.03791
48.03790
48.03790
48.03791
48.03791
48.03790
48.03791
48.03791
48.03791
48.03791
48.03791
48.03791
48.03792
48.03862
48.03862
48.03863
48.03863
48.03862
48.03863
48.03863
48.03864
48.03863
48.03863
48.03864
48.03864
48.03863
48.03864
48.03864
48.03864
48.03864
48.03864
48.03864
48.03865
48.03862
48.03863
48.03863
48.03864
48.03863
48.03863
48.03864
48.03864
48.03863
48.03864
48.03864
48.03864
48.03864
48.03864
48.03864
48.03865
48.03864
48.03864
48.03865
48.03865
48.03863
48.03863
48.03864
48.03864
48.03863
48.03864
48.03864
48.03864
48.03864
48.03864
48.03864
48.03865
48.03864
48.03864
48.03865
48.03865
48.03864
48.03865
48.03865
48.03866
48.03863
48.03864
48.03864
48.03864
48.03864
48.03864
48.03864
48.03865
48.03864
48.03864
48.03865
48.03865
48.03864
48.03865
48.03865
48.03866
48.03865
48.03865
48.03866
48.03866
48.03864
48.03864
48.03864
48.03865
48.03864
48.03864
48.03865
48.03865
48.03864
48.03865
48.03865
48.03866
48.03865
48.03865
48.03866
48.03866
48.03865
48.03866
48.03866
48.03867
48.03864
48.03865
48.03865
48.03865
48.03865
48.03865
48.03865
48.03866
48.03865
48.03865
48.03866
48.03866
48.03865
48.03866
48.03866
48.03867
48.03866
48.03866
48.03867
48.03867
48.33987
48.33990
48.33994
48.33997
48.33976
48.33980
48.33983
48.33986
48.33965
48.33969
48.33972
48.33975
48.33955
48.33958
48.33961
48.33965
48.33944
48.33947
48.33950
48.33954
48.33952
48.33955
48.33959
48.33962
48.33941
48.33945
48.33948
48.33951
48.33931
48.33934
48.33937
48.33941
48.33920
48.33923
48.33926
48.33930
48.33909
48.33912
48.33916
48.33919
48.33917
48.33921
48.33924
48.33927
48.33907
48.33910
48.33913
48.33916
48.33896
48.33899
48.33902
48.33906
48.33885
48.33888
48.33892
48.33895
48.33874
48.33877
48.33881
48.33884
48.33882
48.33886
48.33889
48.33892
48.33872
48.33875
48.33878
48.33882
48.33861
48.33864
48.33867
48.33871
48.33850
48.33853
48.33857
48.33860
48.33839
48.33843
48.33846
48.33849
48.33848
48.33851
48.33854
48.33858
48.33837
48.33840
48.33843
48.33847
48.33826
48.33829
48.33833
48.33836
48.33815
48.33818
48.33822
48.33825
48.33804
48.33808
48.33811
48.33814
48.33813
48.33816
48.33819
48.33823
48.33802
48.33805
48.33809
48.33812
48.33791
48.33794
48.33798
48.33801
48.33780
48.33784
48.33787
48.33790
48.33769
48.33773
48.33776
48.33779
48.34372
48.34375
48.34378
48.34382
48.34361
48.34364
48.34367
48.34371
48.34350
48.34353
48.34357
48.34360
48.34339
48.34342
48.34346
48.34349
48.34328
48.34332
48.34335
48.34338
48.34337
48.34340
48.34343
48.34347
48.34326
48.34329
48.34332
48.34336
48.34315
48.34318
48.34322
48.34325
48.34304
48.34307
48.34311
48.34314
48.34293
48.34297
48.34300
48.34303
48.34302
48.34305
48.34308
48.34312
48.34291
48.34294
48.34297
48.34301
48.34280
48.34283
48.34287
48.34290
48.34269
48.34272
48.34276
48.34279
48.34258
48.34262
48.34265
48.34268
48.34267
48.34270
48.34273
48.34277
48.34256
48.34259
48.34262
48.34266
48.34245
48.34248
48.34252
48.34255
48.34234
48.34237
48.34241
48.34244
48.34223
48.34226
48.34230
48.34233
48.34232
48.34235
48.34238
48.34242
48.34221
48.34224
48.34227
48.34231
48.34210
48.34213
48.34216
48.34220
48.34199
48.34202
48.34206
48.34209
48.34188
48.34191
48.34195
48.34198
48.34196
48.34200
48.34203
48.34206
48.34186
48.34189
48.34192
48.34196
48.34175
48.34178
48.34181
48.34185
48.34164
48.34167
48.34170
48.34174
48.34153
48.34156
48.34160
48.34163
48.34759
48.34763
48.34766
48.34770
48.34749
48.34752
48.34755
48.34759
48.34738
48.34741
48.34744
48.34748
48.34727
48.34730
48.34734
48.34737
48.34716
48.34719
48.34723
48.34726
48.34724
48.34728
48.34731
48.34734
48.34713
48.34717
48.34720
48.34723
48.34702
48.34706
48.34709
48.34713
48.34692
48.34695
48.34698
48.34702
48.34681
48.34684
48.34687
48.34691
48.34689
48.34692
48.34696
48.34699
48.34678
48.34682
48.34685
48.34688
48.34667
48.34671
48.34674
48.34677
48.34656
48.34660
48.34663
48.34666
48.34645
48.34649
48.34652
48.34656
48.34654
48.34657
48.34661
48.34664
48.34643
48.34646
48.34650
48.34653
48.34632
48.34635
48.34639
48.34642
48.34621
48.34624
48.34628
48.34631
48.34610
48.34614
48.34617
48.34620
48.34619
48.34622
48.34625
48.34629
48.34608
48.34611
48.34614
48.34618
48.34597
48.34600
48.34603
48.34607
48.34586
48.34589
48.34593
48.34596
48.34575
48.34578
48.34582
48.34585
48.34583
48.34587
48.34590
48.34593
48.34572
48.34576
48.34579
48.34582
48.34562
48.34565
48.34568
48.34572
48.34551
48.34554
48.34557
48.34561
48.34540
48.34543
48.34546
48.34550
48.35151
48.35154
48.35157
48.35161
48.35140
48.35143
48.35146
48.35150
48.35129
48.35132
48.35135
48.35139
48.35118
48.35121
48.35124
48.35128
48.35107
48.35110
48.35114
48.35117
48.35115
48.35119
48.35122
48.35125
48.35104
48.35108
48.35111
48.35114
48.35093
48.35097
48.35100
48.35103
48.35082
48.35086
48.35089
48.35092
48.35071
48.35075
48.35078
48.35081
48.35080
48.35083
48.35087
48.35090
48.35069
48.35072
48.35076
48.35079
48.35058
48.35061
48.35065
48.35068
48.35047
48.35050
48.35054
48.35057
48.35036
48.35039
48.35043
48.35046
48.35044
48.35048
48.35051
48.35054
48.35033
48.35037
48.35040
48.35044
48.35022
48.35026
48.35029
48.35033
48.35011
48.35015
48.35018
48.35022
48.35001
48.35004
48.35007
48.35011
48.35009
48.35012
48.35016
48.35019
48.34998
48.35001
48.35005
48.35008
48.34987
48.34990
48.34994
48.34997
48.34976
48.34979
48.34983
48.34986
48.34965
48.34968
48.34972
48.34975
48.34974
48.34977
48.34980
48.34984
48.34963
48.34966
48.34969
48.34973
48.34952
48.34955
48.34958
48.34962
48.34941
48.34944
48.34947
48.34951
48.34930
48.34933
48.34936
48.34940
48.35545
48.35548
48.35552
48.35555
48.35534
48.35537
48.35541
48.35544
48.35523
48.35526
48.35530
48.35533
48.35512
48.35515
48.35519
48.35522
48.35501
48.35504
48.35508
48.35511
48.35509
48.35513
48.35516
48.35519
48.35498
48.35502
48.35505
48.35508
48.35487
48.35491
48.35494
48.35497
48.35476
48.35480
48.35483
48.35486
48.35465
48.35469
48.35472
48.35475
48.35474
48.35477
48.35480
48.35484
48.35463
48.35466
48.35469
48.35473
48.35452
48.35455
48.35458
48.35462
48.35441
48.35444
48.35447
48.35451
48.35430
48.35433
48.35436
48.35440
48.35438
48.35441
48.35445
48.35448
48.35427
48.35430
48.35434
48.35437
48.35416
48.35419
48.35423
48.35426
48.35405
48.35408
48.35412
48.35415
48.35394
48.35397
48.35401
48.35404
48.35402
48.35406
48.35409
48.35413
48.35391
48.35395
48.35398
48.35402
48.35380
48.35384
48.35387
48.35391
48.35369
48.35373
48.35376
48.35380
48.35358
48.35362
48.35365
48.35369
48.35367
48.35370
48.35374
48.35377
48.35356
48.35359
48.35363
48.35366
48.35345
48.35348
48.35352
48.35355
48.35334
48.35337
48.35341
48.35344
48.35323
48.35326
48.35330
48.35333
48.72259
48.72272
48.72286
48.72299
48.72178
48.72191
48.72205
48.72218
48.72097
48.72110
48.72124
48.72137
48.72016
48.72029
48.72043
48.72056
48.71935
48.71948
48.71962
48.71975
48.72034
48.72047
48.72061
48.72074
48.71953
48.71966
48.71980
48.71993
48.71872
48.71885
48.71899
48.71912
48.71791
48.71804
48.71818
48.71831
48.71709
48.71723
48.71736
48.71750
48.71809
48.71822
48.71836
48.71849
48.71728
48.71741
48.71755
48.71768
48.71647
48.71660
48.71673
48.71687
48.71565
48.71579
48.71592
48.71606
48.71484
48.71498
48.71511
48.71525
48.71584
48.71597
48.71611
48.71624
48.71502
48.71516
48.71529
48.71543
48.71421
48.71435
48.71448
48.71462
48.71340
48.71354
48.71367
48.71381
48.71259
48.71273
48.71286
48.71300
48.71358
48.71372
48.71385
48.71399
48.71277
48.71291
48.71304
48.71318
48.71196
48.71210
48.71223
48.71237
48.71115
48.71128
48.71142
48.71155
48.71034
48.71047
48.71061
48.71074
48.71133
48.71147
48.71160
48.71174
48.71052
48.71065
48.71079
48.71092
48.70971
48.70984
48.70998
48.71011
48.70890
48.70903
48.70917
48.70930
48.70808
48.70822
48.70835
48.70849
48.73363
48.73376
48.73390
48.73404
48.73282
48.73295
48.73309
48.73322
48.73200
48.73214
48.73227
48.73241
48.73119
48.73133
48.73146
48.73160
48.73038
48.73051
48.73065
48.73078
48.73137
48.73151
48.73164
48.73178
48.73056
48.73069
48.73083
48.73097
48.72975
48.72988
48.73002
48.73015
48.72893
48.72907
48.72920
48.72934
48.72812
48.72825
48.72839
48.72853
48.72911
48.72925
48.72938
48.72952
48.72830
48.72844
48.72857
48.72871
48.72749
48.72762
48.72776
48.72789
48.72667
48.72681
48.72694
48.72708
48.72586
48.72600
48.72613
48.72627
48.72685
48.72699
48.72713
48.72726
48.72604
48.72618
48.72631
48.72645
48.72523
48.72536
48.72550
48.72563
48.72441
48.72455
48.72468
48.72482
48.72360
48.72374
48.72387
48.72401
48.72459
48.72473
48.72487
48.72500
48.72378
48.72392
48.72405
48.72419
48.72297
48.72310
48.72324
48.72337
48.72215
48.72229
48.72242
48.72256
48.72134
48.72147
48.72161
48.72174
48.72233
48.72247
48.72260
48.72274
48.72152
48.72166
48.72179
48.72193
48.72071
48.72084
48.72098
48.72111
48.71989
48.72003
48.72016
48.72030
48.71908
48.71921
48.71935
48.71948
48.74475
48.74488
48.74502
48.74516
48.74393
48.74407
48.74420
48.74434
48.74312
48.74325
48.74339
48.74353
48.74230
48.74244
48.74257
48.74271
48.74149
48.74162
48.74176
48.74190
48.74248
48.74262
48.74275
48.74289
48.74167
48.74180
48.74194
48.74208
48.74085
48.74099
48.74112
48.74126
48.74004
48.74017
48.74031
48.74044
48.73922
48.73936
48.73949
48.73963
48.74022
48.74035
48.74049
48.74062
48.73940
48.73954
48.73967
48.73981
48.73858
48.73872
48.73886
48.73899
48.73777
48.73790
48.73804
48.73818
48.73695
48.73709
48.73722
48.73736
48.73795
48.73809
48.73822
48.73836
48.73713
48.73727
48.73741
48.73754
48.73632
48.73645
48.73659
48.73673
48.73550
48.73564
48.73577
48.73591
48.73468
48.73482
48.73496
48.73509
48.73568
48.73582
48.73595
48.73609
48.73487
48.73500
48.73514
48.73527
48.73405
48.73419
48.73432
48.73446
48.73323
48.73337
48.73350
48.73364
48.73242
48.73255
48.73269
48.73282
48.73341
48.73355
48.73369
48.73382
48.73260
48.73273
48.73287
48.73300
48.73178
48.73192
48.73205
48.73219
48.73096
48.73110
48.73124
48.73137
48.73015
48.73028
48.73042
48.73055
48.75594
48.75608
48.75622
48.75635
48.75513
48.75526
48.75540
48.75554
48.75431
48.75445
48.75458
48.75472
48.75349
48.75363
48.75376
48.75390
48.75267
48.75281
48.75295
48.75308
48.75367
48.75381
48.75394
48.75408
48.75285
48.75299
48.75313
48.75326
48.75203
48.75217
48.75231
48.75244
48.75122
48.75135
48.75149
48.75163
48.75040
48.75053
48.75067
48.75081
48.75140
48.75153
48.75167
48.75181
48.75058
48.75071
48.75085
48.75099
48.74976
48.74990
48.75003
48.75017
48.74894
48.74908
48.74921
48.74935
48.74812
48.74826
48.74840
48.74853
48.74912
48.74926
48.74939
48.74953
48.74830
48.74844
48.74858
48.74871
48.74748
48.74762
48.74776
48.74789
48.74667
48.74680
48.74694
48.74708
48.74585
48.74598
48.74612
48.74626
48.74685
48.74698
48.74712
48.74726
48.74603
48.74616
48.74630
48.74644
48.74521
48.74534
48.74548
48.74562
48.74439
48.74453
48.74466
48.74480
48.74357
48.74371
48.74384
48.74398
48.74457
48.74471
48.74484
48.74498
48.74375
48.74389
48.74402
48.74416
48.74293
48.74307
48.74320
48.74334
48.74211
48.74225
48.74239
48.74252
48.74129
48.74143
48.74157
48.74170
48.76722
48.76735
48.76749
48.76763
48.76640
48.76653
48.76667
48.76681
48.76558
48.76571
48.76585
48.76599
48.76476
48.76489
48.76503
48.76517
48.76394
48.76407
48.76421
48.76435
48.76494
48.76507
48.76521
48.76535
48.76412
48.76425
48.76439
48.76453
48.76329
48.76343
48.76357
48.76371
48.76247
48.76261
48.76275
48.76289
48.76165
48.76179
48.76193
48.76206
48.76265
48.76279
48.76293
48.76307
48.76183
48.76197
48.76211
48.76224
48.76101
48.76115
48.76129
48.76142
48.76019
48.76033
48.76047
48.76060
48.75937
48.75951
48.75964
48.75978
48.76037
48.76051
48.76065
48.76078
48.75955
48.75969
48.75982
48.75996
48.75873
48.75887
48.75900
48.75914
48.75791
48.75804
48.75818
48.75832
48.75709
48.75722
48.75736
48.75750
48.75809
48.75822
48.75836
48.75850
48.75727
48.75740
48.75754
48.75768
48.75644
48.75658
48.75672
48.75686
48.75562
48.75576
48.75590
48.75603
48.75480
48.75494
48.75508
48.75521
48.75580
48.75594
48.75608
48.75621
48.75498
48.75512
48.75526
48.75539
48.75416
48.75430
48.75443
48.75457
48.75334
48.75348
48.75361
48.75375
48.75252
48.75265
48.75279
48.75293
47.42863
47.42901
47.42939
47.42977
47.42565
47.42604
47.42642
47.42680
47.42268
47.42306
47.42345
47.42383
47.41971
47.42009
47.42047
47.42085
47.41674
47.41712
47.41750
47.41788
47.42080
47.42118
47.42156
47.42194
47.41783
47.41821
47.41859
47.41897
47.41485
47.41524
47.41562
47.41600
47.41188
47.41226
47.41264
47.41302
47.40891
47.40929
47.40967
47.41005
47.41297
47.41335
47.41373
47.41412
47.41000
47.41038
47.41076
47.41114
47.40702
47.40741
47.40779
47.40817
47.40405
47.40443
47.40481
47.40519
47.40107
47.40146
47.40184
47.40222
47.40514
47.40552
47.40590
47.40629
47.40217
47.40255
47.40293
47.40331
47.39919
47.39957
47.39995
47.40034
47.39622
47.39660
47.39698
47.39736
47.39324
47.39362
47.39400
47.39439
47.39731
47.39769
47.39807
47.39845
47.39433
47.39472
47.39510
47.39548
47.39136
47.39174
47.39212
47.39250
47.38838
47.38876
47.38914
47.38953
47.38541
47.38579
47.38617
47.38655
47.38948
47.38986
47.39024
47.39062
47.38650
47.38688
47.38726
47.38764
47.38352
47.38390
47.38429
47.38467
47.38055
47.38093
47.38131
47.38169
47.37757
47.37795
47.37833
47.37871
47.45173
47.45211
47.45249
47.45288
47.44875
47.44913
47.44951
47.44990
47.44577
47.44615
47.44653
47.44692
47.44279
47.44317
47.44355
47.44394
47.43981
47.44019
47.44057
47.44096
47.44388
47.44426
47.44465
47.44503
47.44090
47.44128
47.44167
47.44205
47.43792
47.43830
47.43869
47.43907
47.43494
47.43532
47.43570
47.43609
47.43196
47.43234
47.43272
47.43311
47.43603
47.43641
47.43680
47.43718
47.43305
47.43343
47.43382
47.43420
47.43007
47.43045
47.43083
47.43122
47.42709
47.42747
47.42785
47.42824
47.42411
47.42449
47.42487
47.42525
47.42818
47.42856
47.42895
47.42933
47.42520
47.42558
47.42596
47.42635
47.42222
47.42260
47.42298
47.42337
47.41924
47.41962
47.42000
47.42038
47.41625
47.41664
47.41702
47.41740
47.42033
47.42071
47.42109
47.42148
47.41735
47.41773
47.41811
47.41849
47.41436
47.41475
47.41513
47.41551
47.41138
47.41176
47.41215
47.41253
47.40840
47.40878
47.40916
47.40954
47.41247
47.41286
47.41324
47.41362
47.40949
47.40987
47.41026
47.41064
47.40651
47.40689
47.40727
47.40765
47.40352
47.40391
47.40429
47.40467
47.40054
47.40092
47.40130
47.40169
47.47498
47.47536
47.47575
47.47613
47.47199
47.47238
47.47276
47.47314
47.46901
47.46939
47.46977
47.47016
47.46602
47.46640
47.46679
47.46717
47.46303
47.46342
47.46380
47.46418
47.46711
47.46750
47.46788
47.46826
47.46412
47.46451
47.46489
47.46528
47.46114
47.46152
47.46190
47.46229
47.45815
47.45853
47.45892
47.45930
47.45516
47.45554
47.45593
47.45631
47.45924
47.45963
47.46001
47.46039
47.45625
47.45664
47.45702
47.45741
47.45327
47.45365
47.45403
47.45442
47.45028
47.45066
47.45104
47.45143
47.44729
47.44767
47.44806
47.44844
47.45137
47.45175
47.45214
47.45252
47.44838
47.44877
47.44915
47.44953
47.44539
47.44578
47.44616
47.44654
47.44240
47.44279
47.44317
47.44355
47.43941
47.43980
47.44018
47.44056
47.44350
47.44388
47.44427
47.44465
47.44051
47.44089
47.44128
47.44166
47.43752
47.43790
47.43829
47.43867
47.43453
47.43491
47.43530
47.43568
47.43154
47.43192
47.43230
47.43269
47.43562
47.43601
47.43639
47.43677
47.43263
47.43302
47.43340
47.43378
47.42964
47.43003
47.43041
47.43079
47.42665
47.42703
47.42742
47.42780
47.42366
47.42404
47.42443
47.42481
47.49838
47.49877
47.49915
47.49954
47.49539
47.49577
47.49616
47.49654
47.49239
47.49278
47.49316
47.49355
47.48940
47.48978
47.49017
47.49055
47.48640
47.48679
47.48717
47.48756
47.49049
47.49088
47.49126
47.49165
47.48750
47.48788
47.48827
47.48865
47.48450
47.48489
47.48527
47.48566
47.48151
47.48189
47.48228
47.48266
47.47851
47.47890
47.47928
47.47967
47.48260
47.48299
47.48337
47.48376
47.47961
47.47999
47.48038
47.48076
47.47661
47.47700
47.47738
47.47777
47.47362
47.47400
47.47439
47.47477
47.47062
47.47100
47.47139
47.47177
47.47471
47.47510
47.47548
47.47587
47.47171
47.47210
47.47248
47.47287
47.46872
47.46910
47.46949
47.46987
47.46572
47.46611
47.46649
47.46688
47.46272
47.46311
47.46349
47.46388
47.46682
47.46720
47.46759
47.46797
47.46382
47.46420
47.46459
47.46497
47.46082
47.46121
47.46159
47.46198
47.45783
47.45821
47.45860
47.45898
47.45483
47.45521
47.45560
47.45598
47.45892
47.45931
47.45969
47.46008
47.45592
47.45631
47.45669
47.45708
47.45293
47.45331
47.45370
47.45408
47.44993
47.45031
47.45070
47.45108
47.44693
47.44731
47.44770
47.44808
47.52193
47.52232
47.52270
47.52309
47.51893
47.51932
47.51970
47.52009
47.51593
47.51632
47.51670
47.51709
47.51293
47.51332
47.51370
47.51409
47.50993
47.51031
47.51070
47.51109
47.51402
47.51441
47.51480
47.51518
47.51102
47.51141
47.51179
47.51218
47.50802
47.50841
47.50879
47.50918
47.50502
47.50540
47.50579
47.50618
47.50202
47.50240
47.50279
47.50317
47.50611
47.50650
47.50689
47.50727
47.50311
47.50350
47.50388
47.50427
47.50011
47.50049
47.50088
47.50127
47.49711
47.49749
47.49788
47.49826
47.49410
47.49449
47.49487
47.49526
47.49820
47.49859
47.49897
47.49936
47.49520
47.49558
47.49597
47.49636
47.49219
47.49258
47.49297
47.49335
47.48919
47.48958
47.48996
47.49035
47.48619
47.48657
47.48696
47.48734
47.49029
47.49067
47.49106
47.49144
47.48728
47.48767
47.48805
47.48844
47.48428
47.48466
47.48505
47.48544
47.48127
47.48166
47.48205
47.48243
47.47827
47.47866
47.47904
47.47943
47.48237
47.48276
47.48314
47.48353
47.47937
47.47975
47.48014
47.48052
47.47636
47.47675
47.47713
47.47752
47.47336
47.47374
47.47413
47.47451
47.47035
47.47074
47.47112
47.47151
39.91055
39.91142
39.91229
39.91315
39.90269
39.90356
39.90443
39.90529
39.89483
39.89570
39.89656
39.89743
39.88697
39.88783
39.88870
39.88957
39.87910
39.87997
39.88084
39.88171
39.89041
39.89128
39.89215
39.89302
39.88255
39.88342
39.88429
39.88516
39.87469
39.87556
39.87643
39.87730
39.86683
39.86770
39.86857
39.86943
39.85896
39.85983
39.86070
39.86157
39.87028
39.87115
39.87202
39.87288
39.86241
39.86328
39.86415
39.86502
39.85455
39.85542
39.85629
39.85716
39.84669
39.84756
39.84842
39.84929
39.83882
39.83969
39.84056
39.84143
39.85014
39.85101
39.85188
39.85274
39.84227
39.84314
39.84401
39.84488
39.83441
39.83528
39.83614
39.83701
39.82654
39.82741
39.82828
39.82915
39.81868
39.81954
39.82041
39.82128
39.82999
39.83086
39.83173
39.83260
39.82213
39.82300
39.82386
39.82473
39.81426
39.81513
39.81600
39.81687
39.80639
39.80726
39.80813
39.80900
39.79853
39.79939
39.80026
39.80113
39.80985
39.81072
39.81158
39.81245
39.80198
39.80285
39.80372
39.80458
39.79411
39.79498
39.79585
39.79672
39.78624
39.78711
39.78798
39.78885
39.77837
39.77924
39.78011
39.78098
39.95057
39.95144
39.95231
39.95319
39.94270
39.94357
39.94444
39.94531
39.93482
39.93569
39.93656
39.93743
39.92694
39.92782
39.92869
39.92956
39.91907
39.91994
39.92081
39.92168
39.93040
39.93127
39.93214
39.93301
39.92252
39.92339
39.92426
39.92513
39.91464
39.91551
39.91638
39.91726
39.90676
39.90764
39.90851
39.90938
39.89889
39.89976
39.90063
39.90150
39.91022
39.91109
39.91196
39.91283
39.90234
39.90321
39.90408
39.90495
39.89446
39.89533
39.89620
39.89707
39.88658
39.88745
39.88832
39.88919
39.87870
39.87957
39.88044
39.88131
39.89004
39.89091
39.89178
39.89265
39.88216
39.88303
39.88390
39.88477
39.87428
39.87515
39.87602
39.87689
39.86639
39.86727
39.86814
39.86901
39.85851
39.85938
39.86025
39.86113
39.86985
39.87072
39.87159
39.87246
39.86197
39.86284
39.86371
39.86458
39.85409
39.85496
39.85583
39.85670
39.84620
39.84708
39.84795
39.84882
39.83832
39.83919
39.84006
39.84093
39.84966
39.85053
39.85140
39.85227
39.84178
39.84265
39.84352
39.84439
39.83390
39.83477
39.83564
39.83651
39.82601
39.82688
39.82775
39.82862
39.81813
39.81900
39.81987
39.82074
39.99085
39.99173
39.99260
39.99347
39.98296
39.98384
39.98471
39.98558
39.97507
39.97595
39.97682
39.97769
39.96718
39.96805
39.96893
39.96980
39.95929
39.96016
39.96104
39.96191
39.97064
39.97151
39.97238
39.97326
39.96274
39.96362
39.96449
39.96537
39.95485
39.95573
39.95660
39.95747
39.94696
39.94783
39.94871
39.94958
39.93907
39.93994
39.94081
39.94169
39.95042
39.95129
39.95216
39.95304
39.94252
39.94340
39.94427
39.94514
39.93463
39.93550
39.93638
39.93725
39.92673
39.92761
39.92848
39.92935
39.91884
39.91971
39.92059
39.92146
39.93019
39.93107
39.93194
39.93281
39.92230
39.92317
39.92404
39.92492
39.91440
39.91527
39.91615
39.91702
39.90651
39.90738
39.90825
39.90912
39.89861
39.89948
39.90035
39.90123
39.90997
39.91084
39.91171
39.91258
39.90207
39.90294
39.90381
39.90469
39.89417
39.89504
39.89592
39.89679
39.88627
39.88715
39.88802
39.88889
39.87838
39.87925
39.88012
39.88099
39.88973
39.89061
39.89148
39.89235
39.88184
39.88271
39.88358
39.88445
39.87394
39.87481
39.87568
39.87655
39.86604
39.86691
39.86778
39.86865
39.85814
39.85901
39.85988
39.86075
40.03139
40.03227
40.03315
40.03402
40.02349
40.02436
40.02524
40.02612
40.01558
40.01646
40.01733
40.01821
40.00768
40.00855
40.00943
40.01030
39.99977
40.00065
40.00152
40.00240
40.01114
40.01201
40.01289
40.01376
40.00323
40.00410
40.00498
40.00586
39.99532
39.99620
39.99707
39.99795
39.98741
39.98829
39.98916
39.99004
39.97950
39.98038
39.98126
39.98213
39.99087
39.99175
39.99262
39.99350
39.98296
39.98384
39.98472
39.98559
39.97506
39.97593
39.97681
39.97768
39.96715
39.96802
39.96890
39.96977
39.95924
39.96011
39.96099
39.96186
39.97061
39.97148
39.97236
39.97323
39.96270
39.96357
39.96445
39.96532
39.95479
39.95566
39.95654
39.95741
39.94688
39.94775
39.94862
39.94950
39.93896
39.93984
39.94071
39.94159
39.95034
39.95121
39.95209
39.95296
39.94243
39.94330
39.94418
39.94505
39.93451
39.93539
39.93626
39.93714
39.92660
39.92748
39.92835
39.92922
39.91869
39.91956
39.92044
39.92131
39.93006
39.93094
39.93181
39.93269
39.92215
39.92303
39.92390
39.92478
39.91424
39.91511
39.91599
39.91686
39.90632
39.90720
39.90807
39.90895
39.89841
39.89928
39.90016
39.90103
40.07219
40.07307
40.07395
40.07483
40.06427
40.06515
40.06603
40.06691
40.05635
40.05723
40.05811
40.05899
40.04843
40.04931
40.05019
40.05106
40.04051
40.04139
40.04226
40.04314
40.05189
40.05277
40.05365
40.05453
40.04397
40.04485
40.04573
40.04660
40.03605
40.03693
40.03780
40.03868
40.02813
40.02900
40.02988
40.03076
40.02020
40.02108
40.02196
40.02283
40.03159
40.03247
40.03334
40.03422
40.02367
40.02454
40.02542
40.02630
40.01574
40.01662
40.01750
40.01837
40.00782
40.00869
40.00957
40.01045
39.99989
40.00077
40.00165
40.00252
40.01128
40.01216
40.01304
40.01391
40.00336
40.00423
40.00511
40.00599
39.99543
39.99631
39.99718
39.99806
39.98750
39.98838
39.98926
39.99013
39.97958
39.98045
39.98133
39.98221
39.99097
39.99185
39.99272
39.99360
39.98304
39.98392
39.98480
39.98567
39.97512
39.97599
39.97687
39.97775
39.96719
39.96806
39.96894
39.96982
39.95926
39.96014
39.96101
39.96189
39.97065
39.97153
39.97241
39.97329
39.96273
39.96360
39.96448
39.96536
39.95480
39.95567
39.95655
39.95743
39.94687
39.94774
39.94862
39.94950
39.93894
39.93981
39.94069
39.94157
48.13112
48.13113
48.13114
48.13115
48.13113
48.13114
48.13115
48.13116
48.13115
48.13115
48.13116
48.13117
48.13116
48.13117
48.13118
48.13119
48.13117
48.13118
48.13119
48.13120
48.13115
48.13116
48.13116
48.13117
48.13116
48.13117
48.13118
48.13119
48.13117
48.13118
48.13119
48.13120
48.13119
48.13120
48.13121
48.13121
48.13120
48.13121
48.13122
48.13123
48.13117
48.13118
48.13119
48.13120
48.13119
48.13120
48.13121
48.13122
48.13120
48.13121
48.13122
48.13123
48.13122
48.13122
48.13123
48.13124
48.13123
48.13124
48.13125
48.13126
48.13120
48.13121
48.13122
48.13123
48.13122
48.13123
48.13124
48.13124
48.13123
48.13124
48.13125
48.13126
48.13124
48.13125
48.13126
48.13127
48.13126
48.13127
48.13128
48.13129
48.13123
48.13124
48.13125
48.13126
48.13125
48.13125
48.13126
48.13127
48.13126
48.13127
48.13128
48.13129
48.13127
48.13128
48.13129
48.13130
48.13129
48.13130
48.13130
48.13131
48.13126
48.13127
48.13128
48.13129
48.13127
48.13128
48.13129
48.13130
48.13129
48.13130
48.13131
48.13131
48.13130
48.13131
48.13132
48.13133
48.13131
48.13132
48.13133
48.13134
48.13283
48.13284
48.13285
48.13286
48.13284
48.13285
48.13286
48.13287
48.13286
48.13287
48.13288
48.13289
48.13287
48.13288
48.13289
48.13290
48.13289
48.13289
48.13290
48.13291
48.13286
48.13287
48.13288
48.13289
48.13287
48.13288
48.13289
48.13290
48.13289
48.13290
48.13290
48.13291
48.13290
48.13291
48.13292
48.13293
48.13291
48.13292
48.13293
48.13294
48.13289
48.13290
48.13291
48.13292
48.13290
48.13291
48.13292
48.13293
48.13292
48.13292
48.13293
48.13294
48.13293
48.13294
48.13295
48.13296
48.13294
48.13295
48.13296
48.13297
48.13292
48.13293
48.13293
48.13294
48.13293
48.13294
48.13295
48.13296
48.13294
48.13295
48.13296
48.13297
48.13296
48.13297
48.13298
48.13299
48.13297
48.13298
48.13299
48.13300
48.13295
48.13295
48.13296
48.13297
48.13296
48.13297
48.13298
48.13299
48.13297
48.13298
48.13299
48.13300
48.13299
48.13300
48.13300
48.13301
48.13300
48.13301
48.13302
48.13303
48.13297
48.13298
48.13299
48.13300
48.13299
48.13300
48.13301
48.13302
48.13300
48.13301
48.13302
48.13303
48.13302
48.13302
48.13303
48.13304
48.13303
48.13304
48.13305
48.13306
48.13456
48.13457
48.13458
48.13459
48.13457
48.13458
48.13459
48.13460
48.13459
48.13460
48.13461
48.13462
48.13460
48.13461
48.13462
48.13463
48.13462
48.13463
48.13463
48.13464
48.13459
48.13460
48.13461
48.13462
48.13460
48.13461
48.13462
48.13463
48.13462
48.13463
48.13464
48.13465
48.13463
48.13464
48.13465
48.13466
48.13465
48.13465
48.13466
48.13467
48.13462
48.13463
48.13464
48.13465
48.13463
48.13464
48.13465
48.13466
48.13465
48.13466
48.13466
48.13467
48.13466
48.13467
48.13468
48.13469
48.13467
48.13468
48.13469
48.13470
48.13465
48.13466
48.13467
48.13467
48.13466
48.13467
48.13468
48.13469
48.13468
48.13468
48.13469
48.13470
48.13469
48.13470
48.13471
48.13472
48.13470
48.13471
48.13472
48.13473
48.13468
48.13469
48.13469
48.13470
48.13469
48.13470
48.13471
48.13472
48.13470
48.13471
48.13472
48.13473
48.13472
48.13473
48.13474
48.13475
48.13473
48.13474
48.13475
48.13476
48.13471
48.13471
48.13472
48.13473
48.13472
48.13473
48.13474
48.13475
48.13473
48.13474
48.13475
48.13476
48.13475
48.13476
48.13477
48.13477
48.13476
48.13477
48.13478
48.13479
48.13631
48.13632
48.13633
48.13634
48.13632
48.13633
48.13634
48.13635
48.13634
48.13635
48.13636
48.13636
48.13635
48.13636
48.13637
48.13638
48.13637
48.13637
48.13638
48.13639
48.13634
48.13635
48.13636
48.13637
48.13635
48.13636
48.13637
48.13638
48.13637
48.13638
48.13638
48.13639
48.13638
48.13639
48.13640
48.13641
48.13639
48.13640
48.13641
48.13642
48.13637
48.13638
48.13639
48.13639
48.13638
48.13639
48.13640
48.13641
48.13639
48.13640
48.13641
48.13642
48.13641
48.13642
48.13643
48.13644
48.13642
48.13643
48.13644
48.13645
48.13640
48.13641
48.13641
48.13642
48.13641
48.13642
48.13643
48.13644
48.13642
48.13643
48.13644
48.13645
48.13644
48.13645
48.13646
48.13647
48.13645
48.13646
48.13647
48.13648
48.13642
48.13643
48.13644
48.13645
48.13644
48.13645
48.13646
48.13647
48.13645
48.13646
48.13647
48.13648
48.13647
48.13648
48.13649
48.13650
48.13648
48.13649
48.13650
48.13651
48.13645
48.13646
48.13647
48.13648
48.13647
48.13648
48.13649
48.13650
48.13648
48.13649
48.13650
48.13651
48.13650
48.13651
48.13652
48.13652
48.13651
48.13652
48.13653
48.13654
48.13807
48.13808
48.13809
48.13810
48.13809
48.13810
48.13811
48.13812
48.13810
48.13811
48.13812
48.13813
48.13812
48.13813
48.13814
48.13815
48.13813
48.13814
48.13815
48.13816
48.13810
48.13811
48.13812
48.13813
48.13812
48.13813
48.13814
48.13815
48.13813
48.13814
48.13815
48.13816
48.13815
48.13816
48.13817
48.13817
48.13816
48.13817
48.13818
48.13819
48.13813
48.13814
48.13815
48.13816
48.13815
48.13816
48.13817
48.13818
48.13816
48.13817
48.13818
48.13819
48.13818
48.13819
48.13819
48.13820
48.13819
48.13820
48.13821
48.13822
48.13816
48.13817
48.13818
48.13819
48.13818
48.13819
48.13820
48.13820
48.13819
48.13820
48.13821
48.13822
48.13821
48.13821
48.13822
48.13823
48.13822
48.13823
48.13824
48.13825
48.13819
48.13820
48.13821
48.13822
48.13821
48.13822
48.13822
48.13823
48.13822
48.13823
48.13824
48.13825
48.13823
48.13824
48.13825
48.13826
48.13825
48.13826
48.13827
48.13828
48.13822
48.13823
48.13824
48.13825
48.13824
48.13824
48.13825
48.13826
48.13825
48.13826
48.13827
48.13828
48.13826
48.13827
48.13828
48.13829
48.13828
48.13829
48.13830
48.13831
48.81629
48.81634
48.81639
48.81644
48.81619
48.81624
48.81629
48.81635
48.81609
48.81614
48.81620
48.81625
48.81599
48.81605
48.81610
48.81615
48.81590
48.81595
48.81600
48.81606
48.81591
48.81597
48.81602
48.81607
48.81582
48.81587
48.81592
48.81597
48.81572
48.81577
48.81582
48.81588
48.81562
48.81567
48.81573
48.81578
48.81552
48.81558
48.81563
48.81568
48.81554
48.81559
48.81564
48.81570
48.81544
48.81549
48.81555
48.81560
48.81534
48.81540
48.81545
48.81550
48.81525
48.81530
48.81535
48.81540
48.81515
48.81520
48.81525
48.81531
48.81517
48.81522
48.81527
48.81532
48.81507
48.81512
48.81517
48.81523
48.81497
48.81502
48.81508
48.81513
48.81487
48.81493
48.81498
48.81503
48.81478
48.81483
48.81488
48.81493
48.81479
48.81484
48.81490
48.81495
48.81469
48.81475
48.81480
48.81485
48.81460
48.81465
48.81470
48.81475
48.81450
48.81455
48.81460
48.81466
48.81440
48.81445
48.81451
48.81456
48.81442
48.81447
48.81452
48.81457
48.81432
48.81437
48.81442
48.81448
48.81422
48.81427
48.81433
48.81438
48.81412
48.81418
48.81423
48.81428
48.81403
48.81408
48.81413
48.81418
48.82338
48.82343
48.82348
48.82353
48.82328
48.82333
48.82338
48.82344
48.82318
48.82323
48.82329
48.82334
48.82308
48.82314
48.82319
48.82324
48.82299
48.82304
48.82309
48.82314
48.82300
48.82305
48.82311
48.82316
48.82290
48.82296
48.82301
48.82306
48.82281
48.82286
48.82291
48.82296
48.82271
48.82276
48.82281
48.82287
48.82261
48.82266
48.82272
48.82277
48.82263
48.82268
48.82273
48.82278
48.82253
48.82258
48.82263
48.82269
48.82243
48.82248
48.82254
48.82259
48.82233
48.82238
48.82244
48.82249
48.82223
48.82229
48.82234
48.82239
48.82225
48.82230
48.82236
48.82241
48.82215
48.82220
48.82226
48.82231
48.82205
48.82211
48.82216
48.82221
48.82196
48.82201
48.82206
48.82211
48.82186
48.82191
48.82196
48.82202
48.82187
48.82193
48.82198
48.82203
48.82178
48.82183
48.82188
48.82193
48.82168
48.82173
48.82178
48.82184
48.82158
48.82163
48.82169
48.82174
48.82148
48.82153
48.82159
48.82164
48.82150
48.82155
48.82160
48.82166
48.82140
48.82145
48.82150
48.82156
48.82130
48.82135
48.82141
48.82146
48.82120
48.82126
48.82131
48.82136
48.82110
48.82116
48.82121
48.82126
48.83052
48.83057
48.83062
48.83067
48.83042
48.83047
48.83052
48.83058
48.83032
48.83037
48.83043
48.83048
48.83022
48.83027
48.83033
48.83038
48.83012
48.83018
48.83023
48.83028
48.83014
48.83019
48.83024
48.83030
48.83004
48.83009
48.83015
48.83020
48.82994
48.82999
48.83005
48.83010
48.82984
48.82990
48.82995
48.83000
48.82975
48.82980
48.82985
48.82991
48.82976
48.82981
48.82987
48.82992
48.82966
48.82972
48.82977
48.82982
48.82956
48.82962
48.82967
48.82972
48.82947
48.82952
48.82957
48.82963
48.82937
48.82942
48.82947
48.82953
48.82938
48.82944
48.82949
48.82954
48.82928
48.82934
48.82939
48.82944
48.82919
48.82924
48.82929
48.82935
48.82909
48.82914
48.82919
48.82925
48.82899
48.82904
48.82910
48.82915
48.82901
48.82906
48.82911
48.82916
48.82891
48.82896
48.82901
48.82907
48.82881
48.82886
48.82891
48.82897
48.82871
48.82876
48.82882
48.82887
48.82861
48.82866
48.82872
48.82877
48.82863
48.82868
48.82873
48.82879
48.82853
48.82858
48.82863
48.82869
48.82843
48.82848
48.82854
48.82859
48.82833
48.82838
48.82844
48.82849
48.82823
48.82829
48.82834
48.82839
48.83770
48.83776
48.83781
48.83786
48.83761
48.83766
48.83771
48.83777
48.83751
48.83756
48.83761
48.83767
48.83741
48.83746
48.83752
48.83757
48.83731
48.83736
48.83742
48.83747
48.83732
48.83738
48.83743
48.83749
48.83723
48.83728
48.83733
48.83739
48.83713
48.83718
48.83724
48.83729
48.83703
48.83708
48.83714
48.83719
48.83693
48.83698
48.83704
48.83709
48.83695
48.83700
48.83705
48.83711
48.83685
48.83690
48.83695
48.83701
48.83675
48.83680
48.83686
48.83691
48.83665
48.83670
48.83676
48.83681
48.83655
48.83661
48.83666
48.83671
48.83657
48.83662
48.83667
48.83673
48.83647
48.83652
48.83657
48.83663
48.83637
48.83642
48.83648
48.83653
48.83627
48.83632
48.83638
48.83643
48.83617
48.83623
48.83628
48.83633
48.83619
48.83624
48.83629
48.83635
48.83609
48.83614
48.83619
48.83625
48.83599
48.83604
48.83610
48.83615
48.83589
48.83594
48.83600
48.83605
48.83579
48.83585
48.83590
48.83595
48.83581
48.83586
48.83591
48.83597
48.83571
48.83576
48.83581
48.83587
48.83561
48.83566
48.83572
48.83577
48.83551
48.83556
48.83562
48.83567
48.83541
48.83547
48.83552
48.83557
48.84494
48.84500
48.84505
48.84510
48.84484
48.84490
48.84495
48.84501
48.84475
48.84480
48.84485
48.84491
48.84465
48.84470
48.84475
48.84481
48.84455
48.84460
48.84466
48.84471
48.84456
48.84462
48.84467
48.84472
48.84446
48.84452
48.84457
48.84462
48.84436
48.84442
48.84447
48.84453
48.84427
48.84432
48.84437
48.84443
48.84417
48.84422
48.84427
48.84433
48.84418
48.84423
48.84429
48.84434
48.84408
48.84414
48.84419
48.84424
48.84398
48.84404
48.84409
48.84414
48.84388
48.84394
48.84399
48.84405
48.84379
48.84384
48.84389
48.84395
48.84380
48.84385
48.84391
48.84396
48.84370
48.84375
48.84381
48.84386
48.84360
48.84366
48.84371
48.84376
48.84350
48.84356
48.84361
48.84366
48.84340
48.84346
48.84351
48.84357
48.84342
48.84347
48.84353
48.84358
48.84332
48.84337
48.84343
48.84348
48.84322
48.84327
48.84333
48.84338
48.84312
48.84318
48.84323
48.84328
48.84302
48.84308
48.84313
48.84318
48.84304
48.84309
48.84314
48.84320
48.84294
48.84299
48.84305
48.84310
48.84284
48.84289
48.84295
48.84300
48.84274
48.84279
48.84285
48.84290
48.84264
48.84269
48.84275
48.84280
50.22182
50.22200
50.22219
50.22238
50.22099
50.22117
50.22136
50.22155
50.22016
50.22034
50.22053
50.22072
50.21933
50.21951
50.21970
50.21989
50.21850
50.21868
50.21887
50.21906
50.21935
50.21953
50.21972
50.21991
50.21852
50.21870
50.21889
50.21908
50.21768
50.21787
50.21806
50.21825
50.21685
50.21704
50.21723
50.21742
50.21602
50.21621
50.21640
50.21658
50.21687
50.21706
50.21725
50.21744
50.21604
50.21623
50.21642
50.21661
50.21521
50.21540
50.21559
50.21577
50.21438
50.21457
50.21476
50.21494
50.21355
50.21374
50.21392
50.21411
50.21440
50.21459
50.21478
50.21496
50.21357
50.21376
50.21395
50.21413
50.21274
50.21293
50.21311
50.21330
50.21191
50.21210
50.21228
50.21247
50.21108
50.21126
50.21145
50.21164
50.21193
50.21212
50.21230
50.21249
50.21110
50.21129
50.21147
50.21166
50.21027
50.21045
50.21064
50.21083
50.20943
50.20962
50.20981
50.21000
50.20860
50.20879
50.20898
50.20916
50.20946
50.20964
50.20983
50.21002
50.20862
50.20881
50.20900
50.20919
50.20779
50.20798
50.20817
50.20835
50.20696
50.20715
50.20733
50.20752
50.20613
50.20631
50.20650
50.20669
50.24066
50.24085
50.24103
50.24122
50.23983
50.24001
50.24020
50.24039
50.23899
50.23918
50.23937
50.23956
50.23816
50.23835
50.23854
50.23872
50.23733
50.23751
50.23770
50.23789
50.23818
50.23837
50.23856
50.23874
50.23735
50.23753
50.23772
50.23791
50.23651
50.23670
50.23689
50.23708
50.23568
50.23587
50.23606
50.23624
50.23485
50.23503
50.23522
50.23541
50.23570
50.23589
50.23608
50.23626
50.23487
50.23505
50.23524
50.23543
50.23403
50.23422
50.23441
50.23460
50.23320
50.23339
50.23358
50.23376
50.23237
50.23255
50.23274
50.23293
50.23322
50.23341
50.23360
50.23378
50.23239
50.23257
50.23276
50.23295
50.23155
50.23174
50.23193
50.23212
50.23072
50.23091
50.23109
50.23128
50.22988
50.23007
50.23026
50.23045
50.23074
50.23093
50.23111
50.23130
50.22990
50.23009
50.23028
50.23047
50.22907
50.22926
50.22945
50.22963
50.22824
50.22842
50.22861
50.22880
50.22740
50.22759
50.22778
50.22796
50.22826
50.22844
50.22863
50.22882
50.22742
50.22761
50.22780
50.22799
50.22659
50.22678
50.22696
50.22715
50.22575
50.22594
50.22613
50.22632
50.22492
50.22511
50.22529
50.22548
50.25961
50.25980
50.25998
50.26017
50.25877
50.25896
50.25915
50.25934
50.25794
50.25813
50.25831
50.25850
50.25710
50.25729
50.25748
50.25767
50.25627
50.25646
50.25664
50.25683
50.25712
50.25731
50.25750
50.25769
50.25628
50.25647
50.25666
50.25685
50.25545
50.25564
50.25583
50.25601
50.25461
50.25480
50.25499
50.25518
50.25378
50.25397
50.25416
50.25434
50.25463
50.25482
50.25501
50.25520
50.25380
50.25399
50.25417
50.25436
50.25296
50.25315
50.25334
50.25353
50.25212
50.25231
50.25250
50.25269
50.25129
50.25148
50.25167
50.25185
50.25214
50.25233
50.25252
50.25271
50.25131
50.25150
50.25168
50.25187
50.25047
50.25066
50.25085
50.25104
50.24964
50.24982
50.25001
50.25020
50.24880
50.24899
50.24918
50.24936
50.24965
50.24984
50.25003
50.25022
50.24882
50.24901
50.24919
50.24938
50.24798
50.24817
50.24836
50.24855
50.24714
50.24733
50.24752
50.24771
50.24631
50.24650
50.24668
50.24687
50.24716
50.24735
50.24754
50.24773
50.24633
50.24652
50.24670
50.24689
50.24549
50.24568
50.24587
50.24606
50.24465
50.24484
50.24503
50.24522
50.24382
50.24401
50.24419
50.24438
50.27866
50.27885
50.27904
50.27923
50.27783
50.27802
50.27821
50.27839
50.27699
50.27718
50.27737
50.27756
50.27615
50.27634
50.27653
50.27672
50.27531
50.27550
50.27569
50.27588
50.27617
50.27636
50.27655
50.27674
50.27533
50.27552
50.27571
50.27590
50.27449
50.27468
50.27487
50.27506
50.27366
50.27384
50.27403
50.27422
50.27282
50.27301
50.27320
50.27339
50.27367
50.27386
50.27405
50.27424
50.27283
50.27302
50.27321
50.27340
50.27200
50.27219
50.27238
50.27256
50.27116
50.27135
50.27154
50.27173
50.27032
50.27051
50.27070
50.27089
50.27118
50.27137
50.27155
50.27174
50.27034
50.27053
50.27072
50.27091
50.26950
50.26969
50.26988
50.27007
50.26866
50.26885
50.26904
50.26923
50.26782
50.26801
50.26820
50.26839
50.26868
50.26887
50.26906
50.26925
50.26784
50.26803
50.26822
50.26841
50.26700
50.26719
50.26738
50.26757
50.26616
50.26635
50.26654
50.26673
50.26532
50.26551
50.26570
50.26589
50.26618
50.26637
50.26656
50.26675
50.26534
50.26553
50.26572
50.26591
50.26450
50.26469
50.26488
50.26507
50.26366
50.26385
50.26404
50.26423
50.26282
50.26301
50.26320
50.26339
50.29783
50.29802
50.29821
50.29840
50.29699
50.29718
50.29737
50.29756
50.29615
50.29634
50.29653
50.29672
50.29531
50.29550
50.29569
50.29588
50.29447
50.29466
50.29485
50.29504
50.29533
50.29552
50.29571
50.29590
50.29449
50.29468
50.29487
50.29506
50.29365
50.29384
50.29403
50.29422
50.29281
50.29300
50.29319
50.29338
50.29197
50.29216
50.29235
50.29254
50.29282
50.29301
50.29320
50.29339
50.29198
50.29217
50.29236
50.29255
50.29114
50.29133
50.29152
50.29171
50.29030
50.29049
50.29068
50.29087
50.28946
50.28965
50.28984
50.29003
50.29032
50.29051
50.29070
50.29089
50.28948
50.28967
50.28986
50.29005
50.28864
50.28883
50.28902
50.28920
50.28779
50.28798
50.28817
50.28836
50.28695
50.28714
50.28733
50.28752
50.28781
50.28800
50.28819
50.28838
50.28697
50.28716
50.28735
50.28754
50.28613
50.28632
50.28651
50.28670
50.28529
50.28548
50.28567
50.28586
50.28445
50.28464
50.28483
50.28502
50.28530
50.28549
50.28568
50.28587
50.28446
50.28465
50.28484
50.28503
50.28362
50.28381
50.28400
50.28419
50.28278
50.28297
50.28316
50.28335
50.28194
50.28213
50.28232
50.28251
51.01802
51.01852
51.01901
51.01950
51.01494
51.01544
51.01593
51.01642
51.01186
51.01236
51.01285
51.01334
51.00878
51.00927
51.00977
51.01026
51.00570
51.00619
51.00668
51.00718
51.00955
51.01004
51.01053
51.01103
51.00647
51.00696
51.00745
51.00794
51.00339
51.00388
51.00437
51.00486
51.00030
51.00080
51.00129
51.00178
50.99722
50.99771
50.99820
50.99870
51.00107
51.00156
51.00206
51.00255
50.99799
50.99848
50.99897
50.99946
50.99491
50.99540
50.99589
50.99638
50.99182
50.99232
50.99281
50.99330
50.98874
50.98923
50.98972
50.99022
50.99259
50.99308
50.99358
50.99407
50.98951
50.99000
50.99049
50.99098
50.98643
50.98692
50.98741
50.98790
50.98334
50.98383
50.98432
50.98482
50.98026
50.98075
50.98124
50.98173
50.98411
50.98460
50.98509
50.98559
50.98103
50.98152
50.98201
50.98250
50.97794
50.97843
50.97893
50.97942
50.97486
50.97535
50.97584
50.97633
50.97177
50.97226
50.97276
50.97325
50.97563
50.97612
50.97661
50.97710
50.97254
50.97303
50.97353
50.97402
50.96946
50.96995
50.97044
50.97093
50.96637
50.96686
50.96735
50.96785
50.96329
50.96378
50.96427
50.96476
51.05657
51.05706
51.05755
51.05805
51.05348
51.05397
51.05446
51.05496
51.05039
51.05088
51.05138
51.05187
51.04730
51.04780
51.04829
51.04878
51.04421
51.04471
51.04520
51.04569
51.04807
51.04856
51.04906
51.04955
51.04498
51.04547
51.04597
51.04646
51.04189
51.04238
51.04288
51.04337
51.03880
51.03930
51.03979
51.04028
51.03571
51.03621
51.03670
51.03719
51.03957
51.04006
51.04056
51.04105
51.03648
51.03697
51.03747
51.03796
51.03339
51.03388
51.03438
51.03487
51.03030
51.03079
51.03129
51.03178
51.02721
51.02770
51.02820
51.02869
51.03107
51.03156
51.03206
51.03255
51.02798
51.02847
51.02896
51.02946
51.02489
51.02538
51.02587
51.02637
51.02180
51.02229
51.02278
51.02328
51.01871
51.01920
51.01969
51.02019
51.02257
51.02306
51.02355
51.02405
51.01947
51.01997
51.02046
51.02095
51.01638
51.01688
51.01737
51.01786
51.01329
51.01378
51.01428
51.01477
51.01020
51.01069
51.01119
51.01168
51.01406
51.01455
51.01505
51.01554
51.01097
51.01146
51.01196
51.01245
51.00788
51.00837
51.00886
51.00936
51.00478
51.00528
51.00577
51.00626
51.00169
51.00218
51.00268
51.00317
51.09530
51.09580
51.09629
51.09679
51.09221
51.09270
51.09320
51.09369
51.08911
51.08961
51.09010
51.09060
51.08602
51.08651
51.08701
51.08750
51.08292
51.08342
51.08391
51.08441
51.08679
51.08728
51.08778
51.08827
51.08369
51.08419
51.08468
51.08517
51.08059
51.08109
51.08158
51.08208
51.07750
51.07799
51.07849
51.07898
51.07440
51.07490
51.07539
51.07589
51.07827
51.07876
51.07925
51.07975
51.07517
51.07566
51.07616
51.07665
51.07207
51.07257
51.07306
51.07356
51.06898
51.06947
51.06997
51.07046
51.06588
51.06637
51.06687
51.06736
51.06974
51.07024
51.07073
51.07123
51.06665
51.06714
51.06764
51.06813
51.06355
51.06404
51.06454
51.06503
51.06045
51.06095
51.06144
51.06193
51.05735
51.05785
51.05834
51.05884
51.06122
51.06171
51.06221
51.06270
51.05812
51.05862
51.05911
51.05960
51.05502
51.05552
51.05601
51.05651
51.05192
51.05242
51.05291
51.05341
51.04883
51.04932
51.04981
51.05031
51.05269
51.05319
51.05368
51.05418
51.04959
51.05009
51.05058
51.05108
51.04649
51.04699
51.04748
51.04798
51.04340
51.04389
51.04438
51.04488
51.04030
51.04079
51.04128
51.04178
51.13424
51.13474
51.13523
51.13573
51.13114
51.13164
51.13213
51.13263
51.12804
51.12853
51.12903
51.12953
51.12494
51.12543
51.12593
51.12643
51.12183
51.12233
51.12283
51.12332
51.12570
51.12620
51.12669
51.12719
51.12260
51.12310
51.12359
51.12409
51.11950
51.11999
51.12049
51.12099
51.11639
51.11689
51.11739
51.11788
51.11329
51.11379
51.11428
51.11478
51.11716
51.11766
51.11815
51.11865
51.11406
51.11455
51.11505
51.11555
51.11095
51.11145
51.11195
51.11244
51.10785
51.10835
51.10884
51.10934
51.10475
51.10524
51.10574
51.10623
51.10862
51.10911
51.10961
51.11010
51.10551
51.10601
51.10650
51.10700
51.10241
51.10290
51.10340
51.10390
51.09930
51.09980
51.10030
51.10079
51.09620
51.09669
51.09719
51.09769
51.10007
51.10057
51.10106
51.10156
51.09697
51.09746
51.09796
51.09845
51.09386
51.09436
51.09485
51.09535
51.09076
51.09125
51.09175
51.09224
51.08765
51.08815
51.08864
51.08914
51.09152
51.09202
51.09252
51.09301
51.08842
51.08891
51.08941
51.08991
51.08531
51.08581
51.08630
51.08680
51.08221
51.08270
51.08320
51.08369
51.07910
51.07959
51.08009
51.08059
51.17338
51.17388
51.17437
51.17487
51.17027
51.17077
51.17127
51.17176
51.16716
51.16766
51.16816
51.16866
51.16405
51.16455
51.16505
51.16555
51.16094
51.16144
51.16194
51.16244
51.16482
51.16532
51.16581
51.16631
51.16171
51.16221
51.16270
51.16320
51.15860
51.15910
51.15959
51.16009
51.15549
51.15599
51.15648
51.15698
51.15238
51.15288
51.15337
51.15387
51.15625
51.15675
51.15725
51.15775
51.15314
51.15364
51.15414
51.15464
51.15003
51.15053
51.15103
51.15153
51.14692
51.14742
51.14792
51.14842
51.14381
51.14431
51.14481
51.14530
51.14769
51.14819
51.14868
51.14918
51.14458
51.14508
51.14557
51.14607
51.14147
51.14196
51.14246
51.14296
51.13836
51.13885
51.13935
51.13985
51.13524
51.13574
51.13624
51.13674
51.13912
51.13962
51.14012
51.14061
51.13601
51.13651
51.13701
51.13750
51.13290
51.13340
51.13389
51.13439
51.12979
51.13028
51.13078
51.13128
51.12667
51.12717
51.12767
51.12816
51.13055
51.13105
51.13155
51.13205
51.12744
51.12794
51.12844
51.12893
51.12433
51.12482
51.12532
51.12582
51.12121
51.12171
51.12221
51.12271
51.11810
51.11860
51.11909
51.11959
47.16993
47.17100
47.17207
47.17314
47.16179
47.16286
47.16393
47.16500
47.15365
47.15472
47.15579
47.15686
47.14551
47.14658
47.14765
47.14872
47.13737
47.13844
47.13951
47.14058
47.14840
47.14947
47.15054
47.15161
47.14026
47.14133
47.14240
47.14347
47.13212
47.13319
47.13426
47.13533
47.12398
47.12505
47.12612
47.12719
47.11583
47.11690
47.11797
47.11905
47.12687
47.12794
47.12901
47.13008
47.11872
47.11979
47.12087
47.12194
47.11058
47.11165
47.11272
47.11379
47.10244
47.10351
47.10458
47.10565
47.09429
47.09536
47.09643
47.09750
47.10533
47.10640
47.10747
47.10854
47.09718
47.09826
47.09933
47.10040
47.08904
47.09011
47.09118
47.09225
47.08089
47.08197
47.08304
47.08411
47.07275
47.07382
47.07489
47.07596
47.08379
47.08486
47.08593
47.08700
47.07564
47.07671
47.07778
47.07885
47.06750
47.06857
47.06964
47.07071
47.05935
47.06042
47.06149
47.06256
47.05120
47.05227
47.05334
47.05441
47.06224
47.06331
47.06438
47.06545
47.05410
47.05517
47.05624
47.05731
47.04595
47.04702
47.04809
47.04916
47.03780
47.03887
47.03994
47.04101
47.02965
47.03072
47.03179
47.03286
47.23690
47.23797
47.23905
47.24012
47.22875
47.22982
47.23089
47.23197
47.22059
47.22167
47.22274
47.22381
47.21244
47.21351
47.21458
47.21566
47.20428
47.20535
47.20643
47.20750
47.21533
47.21640
47.21747
47.21855
47.20717
47.20825
47.20932
47.21039
47.19902
47.20009
47.20116
47.20224
47.19086
47.19193
47.19301
47.19408
47.18270
47.18377
47.18485
47.18592
47.19375
47.19482
47.19590
47.19697
47.18559
47.18667
47.18774
47.18881
47.17744
47.17851
47.17958
47.18066
47.16928
47.17035
47.17142
47.17250
47.16112
47.16219
47.16326
47.16434
47.17217
47.17324
47.17432
47.17539
47.16401
47.16508
47.16616
47.16723
47.15585
47.15692
47.15800
47.15907
47.14769
47.14876
47.14984
47.15091
47.13953
47.14060
47.14168
47.14275
47.15059
47.15166
47.15273
47.15380
47.14242
47.14350
47.14457
47.14564
47.13426
47.13534
47.13641
47.13748
47.12610
47.12717
47.12825
47.12932
47.11794
47.11901
47.12008
47.12116
47.12900
47.13007
47.13114
47.13222
47.12083
47.12191
47.12298
47.12405
47.11267
47.11374
47.11482
47.11589
47.10451
47.10558
47.10665
47.10773
47.09634
47.09742
47.09849
47.09956
47.30420
47.30528
47.30635
47.30743
47.29603
47.29711
47.29818
47.29926
47.28786
47.28894
47.29001
47.29109
47.27969
47.28077
47.28184
47.28292
47.27152
47.27260
47.27367
47.27475
47.28258
47.28366
47.28474
47.28581
47.27441
47.27549
47.27656
47.27764
47.26624
47.26732
47.26839
47.26947
47.25807
47.25915
47.26022
47.26130
47.24990
47.25097
47.25205
47.25312
47.26096
47.26204
47.26311
47.26419
47.25279
47.25387
47.25494
47.25602
47.24462
47.24569
47.24677
47.24785
47.23644
47.23752
47.23860
47.23967
47.22827
47.22935
47.23042
47.23150
47.23934
47.24041
47.24149
47.24257
47.23116
47.23224
47.23332
47.23439
47.22299
47.22407
47.22514
47.22622
47.21481
47.21589
47.21697
47.21804
47.20664
47.20771
47.20879
47.20986
47.21771
47.21879
47.21986
47.22094
47.20953
47.21061
47.21169
47.21276
47.20136
47.20243
47.20351
47.20458
47.19318
47.19426
47.19533
47.19641
47.18500
47.18608
47.18715
47.18823
47.19608
47.19715
47.19823
47.19930
47.18790
47.18898
47.19005
47.19113
47.17972
47.18080
47.18187
47.18295
47.17154
47.17262
47.17369
47.17477
47.16336
47.16444
47.16551
47.16659
47.37183
47.37291
47.37399
47.37506
47.36364
47.36472
47.36580
47.36688
47.35546
47.35654
47.35762
47.35870
47.34727
47.34835
47.34943
47.35051
47.33909
47.34017
47.34125
47.34232
47.35017
47.35125
47.35233
47.35340
47.34198
47.34306
47.34414
47.34522
47.33380
47.33487
47.33595
47.33703
47.32561
47.32669
47.32777
47.32884
47.31742
47.31850
47.31958
47.32066
47.32850
47.32958
47.33066
47.33174
47.32032
47.32139
47.32247
47.32355
47.31213
47.31321
47.31428
47.31536
47.30394
47.30502
47.30610
47.30717
47.29575
47.29683
47.29791
47.29898
47.30684
47.30791
47.30899
47.31007
47.29865
47.29972
47.30080
47.30188
47.29046
47.29153
47.29261
47.29369
47.28227
47.28334
47.28442
47.28550
47.27408
47.27515
47.27623
47.27731
47.28516
47.28624
47.28732
47.28840
47.27697
47.27805
47.27913
47.28021
47.26878
47.26986
47.27094
47.27202
47.26059
47.26167
47.26274
47.26382
47.25240
47.25347
47.25455
47.25563
47.26349
47.26457
47.26564
47.26672
47.25530
47.25637
47.25745
47.25853
47.24710
47.24818
47.24926
47.25034
47.23891
47.23999
47.24106
47.24214
47.23071
47.23179
47.23287
47.23395
47.43979
47.44087
47.44195
47.44303
47.43159
47.43267
47.43375
47.43483
47.42339
47.42447
47.42555
47.42663
47.41519
47.41627
47.41735
47.41843
47.40699
47.40807
47.40915
47.41023
47.41808
47.41916
47.42024
47.42133
47.40988
47.41096
47.41204
47.41312
47.40168
47.40276
47.40384
47.40492
47.39348
47.39456
47.39564
47.39672
47.38528
47.38636
47.38744
47.38852
47.39637
47.39745
47.39854
47.39962
47.38817
47.38925
47.39033
47.39141
47.37997
47.38105
47.38213
47.38321
47.37176
47.37285
47.37393
47.37501
47.36356
47.36464
47.36572
47.36680
47.37466
47.37574
47.37682
47.37790
47.36646
47.36754
47.36862
47.36970
47.35825
47.35933
47.36041
47.36149
47.35005
47.35113
47.35221
47.35329
47.34184
47.34292
47.34400
47.34508
47.35295
47.35403
47.35511
47.35619
47.34474
47.34582
47.34690
47.34798
47.33653
47.33761
47.33869
47.33977
47.32833
47.32941
47.33049
47.33157
47.32012
47.32120
47.32228
47.32336
47.33123
47.33231
47.33339
47.33447
47.32302
47.32410
47.32518
47.32626
47.31481
47.31589
47.31697
47.31805
47.30660
47.30768
47.30876
47.30984
47.29839
47.29947
47.30055
47.30163
48.33781
48.33783
48.33784
48.33786
48.33784
48.33786
48.33788
48.33789
48.33787
48.33789
48.33791
48.33793
48.33790
48.33792
48.33794
48.33796
48.33794
48.33795
48.33797
48.33799
48.33789
48.33791
48.33792
48.33794
48.33792
48.33794
48.33796
48.33797
48.33795
48.33797
48.33799
48.33801
48.33798
48.33800
48.33802
48.33804
48.33802
48.33803
48.33805
48.33807
48.33797
48.33799
48.33800
48.33802
48.33800
48.33802
48.33804
48.33805
48.33803
48.33805
48.33807
48.33809
48.33806
48.33808
48.33810
48.33812
48.33810
48.33811
48.33813
48.33815
48.33805
48.33807
48.33808
48.33810
48.33808
48.33810
48.33812
48.33813
48.33811
48.33813
48.33815
48.33817
48.33814
48.33816
48.33818
48.33820
48.33818
48.33819
48.33821
48.33823
48.33813
48.33815
48.33816
48.33818
48.33816
48.33818
48.33820
48.33821
48.33819
48.33821
48.33823
48.33825
48.33822
48.33824
48.33826
48.33828
48.33826
48.33827
48.33829
48.33831
48.33821
48.33823
48.33824
48.33826
48.33824
48.33826
48.33828
48.33829
48.33827
48.33829
48.33831
48.33833
48.33830
48.33832
48.33834
48.33836
48.33834
48.33835
48.33837
48.33839
48.34129
48.34131
48.34133
48.34135
48.34132
48.34134
48.34136
48.34138
48.34136
48.34137
48.34139
48.34141
48.34139
48.34141
48.34143
48.34144
48.34142
48.34144
48.34146
48.34148
48.34137
48.34139
48.34141
48.34143
48.34141
48.34142
48.34144
48.34146
48.34144
48.34146
48.34147
48.34149
48.34147
48.34149
48.34151
48.34152
48.34150
48.34152
48.34154
48.34156
48.34145
48.34147
48.34149
48.34151
48.34149
48.34150
48.34152
48.34154
48.34152
48.34154
48.34155
48.34157
48.34155
48.34157
48.34159
48.34160
48.34158
48.34160
48.34162
48.34164
48.34153
48.34155
48.34157
48.34159
48.34157
48.34158
48.34160
48.34162
48.34160
48.34162
48.34163
48.34165
48.34163
48.34165
48.34167
48.34168
48.34166
48.34168
48.34170
48.34172
48.34161
48.34163
48.34165
48.34167
48.34165
48.34166
48.34168
48.34170
48.34168
48.34170
48.34172
48.34173
48.34171
48.34173
48.34175
48.34177
48.34174
48.34176
48.34178
48.34180
48.34170
48.34171
48.34173
48.34175
48.34173
48.34175
48.34176
48.34178
48.34176
48.34178
48.34180
48.34181
48.34179
48.34181
48.34183
48.34185
48.34182
48.34184
48.34186
48.34188
48.34481
48.34482
48.34484
48.34486
48.34484
48.34486
48.34488
48.34489
48.34487
48.34489
48.34491
48.34493
48.34490
48.34492
48.34494
48.34496
48.34494
48.34496
48.34497
48.34499
48.34489
48.34491
48.34492
48.34494
48.34492
48.34494
48.34496
48.34497
48.34495
48.34497
48.34499
48.34501
48.34499
48.34500
48.34502
48.34504
48.34502
48.34504
48.34505
48.34507
48.34497
48.34499
48.34501
48.34502
48.34500
48.34502
48.34504
48.34506
48.34503
48.34505
48.34507
48.34509
48.34507
48.34508
48.34510
48.34512
48.34510
48.34512
48.34514
48.34515
48.34505
48.34507
48.34509
48.34510
48.34508
48.34510
48.34512
48.34514
48.34512
48.34513
48.34515
48.34517
48.34515
48.34517
48.34518
48.34520
48.34518
48.34520
48.34522
48.34523
48.34513
48.34515
48.34517
48.34519
48.34516
48.34518
48.34520
48.34522
48.34520
48.34521
48.34523
48.34525
48.34523
48.34525
48.34527
48.34528
48.34526
48.34528
48.34530
48.34532
48.34521
48.34523
48.34525
48.34527
48.34524
48.34526
48.34528
48.34530
48.34528
48.34530
48.34531
48.34533
48.34531
48.34533
48.34535
48.34536
48.34534
48.34536
48.34538
48.34540
48.34835
48.34837
48.34839
48.34841
48.34838
48.34840
48.34842
48.34844
48.34842
48.34844
48.34845
48.34847
48.34845
48.34847
48.34849
48.34851
48.34848
48.34850
48.34852
48.34854
48.34843
48.34845
48.34847
48.34849
48.34847
48.34848
48.34850
48.34852
48.34850
48.34852
48.34854
48.34855
48.34853
48.34855
48.34857
48.34859
48.34856
48.34858
48.34860
48.34862
48.34851
48.34853
48.34855
48.34857
48.34855
48.34857
48.34858
48.34860
48.34858
48.34860
48.34862
48.34864
48.34861
48.34863
48.34865
48.34867
48.34865
48.34866
48.34868
48.34870
48.34860
48.34861
48.34863
48.34865
48.34863
48.34865
48.34867
48.34868
48.34866
48.34868
48.34870
48.34872
48.34870
48.34871
48.34873
48.34875
48.34873
48.34875
48.34876
48.34878
48.34868
48.34870
48.34871
48.34873
48.34871
48.34873
48.34875
48.34877
48.34874
48.34876
48.34878
48.34880
48.34878
48.34880
48.34881
48.34883
48.34881
48.34883
48.34885
48.34886
48.34876
48.34878
48.34880
48.34881
48.34879
48.34881
48.34883
48.34885
48.34883
48.34884
48.34886
48.34888
48.34886
48.34888
48.34890
48.34891
48.34889
48.34891
48.34893
48.34895
48.35193
48.35195
48.35196
48.35198
48.35196
48.35198
48.35200
48.35202
48.35199
48.35201
48.35203
48.35205
48.35203
48.35205
48.35206
48.35208
48.35206
48.35208
48.35210
48.35212
48.35201
48.35203
48.35205
48.35206
48.35204
48.35206
48.35208
48.35210
48.35208
48.35209
48.35211
48.35213
48.35211
48.35213
48.35215
48.35216
48.35214
48.35216
48.35218
48.35220
48.35209
48.35211
48.35213
48.35215
48.35212
48.35214
48.35216
48.35218
48.35216
48.35218
48.35219
48.35221
48.35219
48.35221
48.35223
48.35225
48.35222
48.35224
48.35226
48.35228
48.35217
48.35219
48.35221
48.35223
48.35221
48.35223
48.35224
48.35226
48.35224
48.35226
48.35228
48.35230
48.35227
48.35229
48.35231
48.35233
48.35231
48.35233
48.35234
48.35236
48.35226
48.35227
48.35229
48.35231
48.35229
48.35231
48.35233
48.35234
48.35232
48.35234
48.35236
48.35238
48.35236
48.35237
48.35239
48.35241
48.35239
48.35241
48.35243
48.35244
48.35234
48.35236
48.35237
48.35239
48.35237
48.35239
48.35241
48.35243
48.35240
48.35242
48.35244
48.35246
48.35244
48.35246
48.35247
48.35249
48.35247
48.35249
48.35251
48.35253
49.61740
49.61748
49.61756
49.61764
49.61732
49.61740
49.61748
49.61756
49.61725
49.61733
49.61741
49.61749
49.61718
49.61726
49.61734
49.61742
49.61711
49.61719
49.61727
49.61735
49.61703
49.61711
49.61719
49.61727
49.61696
49.61704
49.61712
49.61720
49.61689
49.61697
49.61705
49.61713
49.61682
49.61690
49.61698
49.61706
49.61674
49.61682
49.61690
49.61698
49.61666
49.61674
49.61682
49.61690
49.61659
49.61667
49.61675
49.61683
49.61652
49.61660
49.61668
49.61676
49.61645
49.61653
49.61661
49.61669
49.61638
49.61646
49.61654
49.61662
49.61629
49.61637
49.61645
49.61653
49.61622
49.61630
49.61638
49.61646
49.61615
49.61623
49.61631
49.61639
49.61608
49.61616
49.61624
49.61632
49.61601
49.61609
49.61617
49.61625
49.61592
49.61600
49.61608
49.61616
49.61585
49.61593
49.61601
49.61609
49.61578
49.61586
49.61594
49.61602
49.61571
49.61579
49.61587
49.61595
49.61564
49.61572
49.61580
49.61588
49.61556
49.61564
49.61572
49.61580
49.61548
49.61556
49.61564
49.61572
49.61541
49.61549
49.61557
49.61565
49.61534
49.61542
49.61550
49.61558
49.61527
49.61535
49.61543
49.61551
49.62928
49.62936
49.62944
49.62952
49.62920
49.62929
49.62937
49.62945
49.62913
49.62921
49.62929
49.62938
49.62906
49.62914
49.62922
49.62930
49.62899
49.62907
49.62915
49.62923
49.62891
49.62899
49.62907
49.62915
49.62884
49.62892
49.62900
49.62908
49.62876
49.62884
49.62893
49.62901
49.62869
49.62877
49.62885
49.62893
49.62862
49.62870
49.62878
49.62886
49.62854
49.62862
49.62870
49.62878
49.62847
49.62855
49.62863
49.62871
49.62839
49.62848
49.62856
49.62864
49.62832
49.62840
49.62848
49.62856
49.62825
49.62833
49.62841
49.62849
49.62817
49.62825
49.62833
49.62841
49.62810
49.62818
49.62826
49.62834
49.62802
49.62811
49.62819
49.62827
49.62795
49.62803
49.62811
49.62819
49.62788
49.62796
49.62804
49.62812
49.62780
49.62788
49.62796
49.62804
49.62773
49.62781
49.62789
49.62797
49.62765
49.62774
49.62782
49.62790
49.62758
49.62766
49.62774
49.62782
49.62751
49.62759
49.62767
49.62775
49.62743
49.62751
49.62759
49.62767
49.62736
49.62744
49.62752
49.62760
49.62728
49.62736
49.62745
49.62753
49.62721
49.62729
49.62737
49.62745
49.62714
49.62722
49.62730
49.62738
49.64123
49.64131
49.64139
49.64147
49.64116
49.64124
49.64132
49.64140
49.64109
49.64117
49.64125
49.64133
49.64102
49.64110
49.64118
49.64126
49.64094
49.64103
49.64111
49.64119
49.64086
49.64094
49.64102
49.64110
49.64079
49.64087
49.64095
49.64103
49.64072
49.64080
49.64088
49.64096
49.64064
49.64073
49.64081
49.64089
49.64057
49.64065
49.64073
49.64082
49.64049
49.64057
49.64065
49.64073
49.64042
49.64050
49.64058
49.64066
49.64034
49.64043
49.64051
49.64059
49.64027
49.64035
49.64043
49.64052
49.64020
49.64028
49.64036
49.64044
49.64012
49.64020
49.64028
49.64036
49.64004
49.64012
49.64021
49.64029
49.63997
49.64005
49.64013
49.64022
49.63990
49.63998
49.64006
49.64014
49.63983
49.63991
49.63999
49.64007
49.63974
49.63982
49.63991
49.63999
49.63967
49.63975
49.63983
49.63991
49.63960
49.63968
49.63976
49.63984
49.63953
49.63961
49.63969
49.63977
49.63946
49.63954
49.63962
49.63970
49.63937
49.63945
49.63953
49.63961
49.63930
49.63938
49.63946
49.63954
49.63923
49.63931
49.63939
49.63947
49.63916
49.63924
49.63932
49.63940
49.63909
49.63917
49.63925
49.63933
49.65326
49.65334
49.65342
49.65350
49.65318
49.65327
49.65335
49.65343
49.65311
49.65319
49.65328
49.65336
49.65304
49.65312
49.65320
49.65329
49.65297
49.65305
49.65313
49.65321
49.65288
49.65296
49.65305
49.65313
49.65281
49.65289
49.65297
49.65306
49.65274
49.65282
49.65290
49.65298
49.65267
49.65275
49.65283
49.65291
49.65260
49.65268
49.65276
49.65284
49.65251
49.65259
49.65267
49.65275
49.65244
49.65252
49.65260
49.65268
49.65237
49.65245
49.65253
49.65261
49.65230
49.65238
49.65246
49.65254
49.65222
49.65231
49.65239
49.65247
49.65214
49.65222
49.65230
49.65238
49.65207
49.65215
49.65223
49.65231
49.65199
49.65208
49.65216
49.65224
49.65192
49.65200
49.65208
49.65217
49.65185
49.65193
49.65201
49.65209
49.65176
49.65184
49.65193
49.65201
49.65169
49.65177
49.65185
49.65194
49.65162
49.65170
49.65178
49.65186
49.65155
49.65163
49.65171
49.65179
49.65148
49.65156
49.65164
49.65172
49.65139
49.65147
49.65155
49.65163
49.65132
49.65140
49.65148
49.65156
49.65125
49.65133
49.65141
49.65149
49.65118
49.65126
49.65134
49.65142
49.65110
49.65118
49.65127
49.65135
49.66536
49.66544
49.66552
49.66560
49.66528
49.66537
49.66545
49.66553
49.66521
49.66529
49.66538
49.66546
49.66514
49.66522
49.66531
49.66539
49.66507
49.66515
49.66523
49.66532
49.66498
49.66506
49.66514
49.66523
49.66491
49.66499
49.66507
49.66515
49.66484
49.66492
49.66500
49.66508
49.66477
49.66485
49.66493
49.66501
49.66470
49.66478
49.66486
49.66494
49.66461
49.66469
49.66477
49.66485
49.66454
49.66462
49.66470
49.66478
49.66446
49.66455
49.66463
49.66471
49.66439
49.66447
49.66456
49.66464
49.66432
49.66440
49.66448
49.66457
49.66423
49.66431
49.66440
49.66448
49.66416
49.66424
49.66432
49.66441
49.66409
49.66417
49.66425
49.66433
49.66402
49.66410
49.66418
49.66426
49.66395
49.66403
49.66411
49.66419
49.66386
49.66394
49.66402
49.66410
49.66379
49.66387
49.66395
49.66403
49.66371
49.66380
49.66388
49.66396
49.66364
49.66372
49.66381
49.66389
49.66357
49.66365
49.66373
49.66382
49.66348
49.66356
49.66365
49.66373
49.66341
49.66349
49.66357
49.66366
49.66334
49.66342
49.66350
49.66358
49.66327
49.66335
49.66343
49.66351
49.66319
49.66328
49.66336
49.66344
52.46765
52.46790
52.46815
52.46841
52.46682
52.46708
52.46733
52.46758
52.46600
52.46625
52.46650
52.46676
52.46517
52.46542
52.46568
52.46593
52.46434
52.46460
52.46485
52.46510
52.46499
52.46524
52.46549
52.46575
52.46416
52.46442
52.46467
52.46492
52.46334
52.46359
52.46384
52.46410
52.46251
52.46276
52.46302
52.46327
52.46168
52.46194
52.46219
52.46244
52.46233
52.46258
52.46283
52.46309
52.46150
52.46175
52.46201
52.46226
52.46067
52.46093
52.46118
52.46143
52.45985
52.46010
52.46035
52.46061
52.45902
52.45927
52.45953
52.45978
52.45967
52.45992
52.46017
52.46043
52.45884
52.45909
52.45935
52.45960
52.45801
52.45826
52.45852
52.45877
52.45718
52.45744
52.45769
52.45794
52.45636
52.45661
52.45686
52.45712
52.45700
52.45726
52.45751
52.45776
52.45618
52.45643
52.45668
52.45694
52.45535
52.45560
52.45585
52.45611
52.45452
52.45477
52.45503
52.45528
52.45369
52.45395
52.45420
52.45445
52.45434
52.45459
52.45485
52.45510
52.45351
52.45377
52.45402
52.45427
52.45268
52.45294
52.45319
52.45344
52.45186
52.45211
52.45236
52.45262
52.45103
52.45128
52.45153
52.45179
52.49692
52.49717
52.49743
52.49768
52.49609
52.49634
52.49660
52.49685
52.49526
52.49552
52.49577
52.49603
52.49443
52.49469
52.49494
52.49520
52.49361
52.49386
52.49411
52.49437
52.49425
52.49450
52.49476
52.49501
52.49342
52.49368
52.49393
52.49418
52.49259
52.49285
52.49310
52.49336
52.49176
52.49202
52.49227
52.49253
52.49094
52.49119
52.49144
52.49170
52.49158
52.49183
52.49209
52.49234
52.49075
52.49101
52.49126
52.49151
52.48992
52.49018
52.49043
52.49069
52.48909
52.48935
52.48960
52.48986
52.48827
52.48852
52.48877
52.48903
52.48891
52.48916
52.48942
52.48967
52.48808
52.48834
52.48859
52.48884
52.48725
52.48751
52.48776
52.48801
52.48642
52.48668
52.48693
52.48719
52.48559
52.48585
52.48610
52.48636
52.48624
52.48649
52.48675
52.48700
52.48541
52.48566
52.48592
52.48617
52.48458
52.48483
52.48509
52.48534
52.48375
52.48400
52.48426
52.48451
52.48292
52.48318
52.48343
52.48368
52.48357
52.48382
52.48408
52.48433
52.48274
52.48299
52.48325
52.48350
52.48191
52.48216
52.48242
52.48267
52.48108
52.48133
52.48159
52.48184
52.48025
52.48050
52.48076
52.48101
52.52633
52.52659
52.52684
52.52710
52.52550
52.52576
52.52601
52.52627
52.52467
52.52493
52.52518
52.52544
52.52384
52.52410
52.52435
52.52461
52.52301
52.52327
52.52352
52.52378
52.52366
52.52391
52.52417
52.52442
52.52283
52.52308
52.52334
52.52359
52.52200
52.52225
52.52251
52.52276
52.52117
52.52142
52.52168
52.52193
52.52034
52.52059
52.52085
52.52110
52.52098
52.52123
52.52149
52.52174
52.52015
52.52040
52.52066
52.52091
52.51932
52.51957
52.51983
52.52008
52.51849
52.51874
52.51900
52.51925
52.51766
52.51791
52.51817
52.51842
52.51830
52.51856
52.51881
52.51907
52.51747
52.51772
52.51798
52.51823
52.51664
52.51689
52.51715
52.51740
52.51581
52.51606
52.51632
52.51657
52.51498
52.51523
52.51549
52.51574
52.51562
52.51588
52.51613
52.51639
52.51479
52.51504
52.51530
52.51555
52.51396
52.51421
52.51447
52.51472
52.51313
52.51338
52.51364
52.51389
52.51229
52.51255
52.51280
52.51306
52.51294
52.51320
52.51345
52.51371
52.51211
52.51236
52.51262
52.51287
52.51128
52.51153
52.51179
52.51204
52.51045
52.51070
52.51095
52.51121
52.50961
52.50987
52.51012
52.51038
52.55590
52.55615
52.55641
52.55666
52.55506
52.55532
52.55558
52.55583
52.55423
52.55449
52.55474
52.55500
52.55340
52.55366
52.55391
52.55417
52.55257
52.55282
52.55308
52.55334
52.55321
52.55347
52.55372
52.55398
52.55238
52.55263
52.55289
52.55315
52.55155
52.55180
52.55206
52.55231
52.55071
52.55097
52.55123
52.55148
52.54988
52.55014
52.55039
52.55065
52.55052
52.55078
52.55104
52.55129
52.54969
52.54995
52.55020
52.55046
52.54886
52.54911
52.54937
52.54963
52.54803
52.54828
52.54854
52.54879
52.54719
52.54745
52.54770
52.54796
52.54784
52.54809
52.54835
52.54861
52.54700
52.54726
52.54752
52.54777
52.54617
52.54643
52.54668
52.54694
52.54534
52.54559
52.54585
52.54611
52.54450
52.54476
52.54502
52.54527
52.54515
52.54541
52.54566
52.54592
52.54432
52.54457
52.54483
52.54508
52.54348
52.54374
52.54399
52.54425
52.54265
52.54290
52.54316
52.54342
52.54181
52.54207
52.54233
52.54258
52.54246
52.54272
52.54297
52.54323
52.54163
52.54188
52.54214
52.54239
52.54079
52.54105
52.54130
52.54156
52.53996
52.54021
52.54047
52.54073
52.53912
52.53938
52.53964
52.53989
52.58561
52.58586
52.58612
52.58638
52.58477
52.58503
52.58529
52.58554
52.58394
52.58419
52.58445
52.58471
52.58310
52.58336
52.58362
52.58387
52.58227
52.58253
52.58278
52.58304
52.58291
52.58317
52.58343
52.58368
52.58208
52.58233
52.58259
52.58285
52.58124
52.58150
52.58176
52.58201
52.58041
52.58066
52.58092
52.58118
52.57957
52.57983
52.58009
52.58034
52.58022
52.58047
52.58073
52.58099
52.57938
52.57964
52.57990
52.58015
52.57855
52.57880
52.57906
52.57932
52.57771
52.57797
52.57823
52.57848
52.57688
52.57713
52.57739
52.57765
52.57752
52.57778
52.57804
52.57829
52.57669
52.57694
52.57720
52.57746
52.57585
52.57611
52.57636
52.57662
52.57502
52.57527
52.57553
52.57579
52.57418
52.57444
52.57469
52.57495
52.57483
52.57508
52.57534
52.57560
52.57399
52.57425
52.57450
52.57476
52.57315
52.57341
52.57367
52.57392
52.57232
52.57257
52.57283
52.57309
52.57148
52.57174
52.57199
52.57225
52.57213
52.57238
52.57264
52.57290
52.57129
52.57155
52.57181
52.57206
52.57046
52.57071
52.57097
52.57123
52.56962
52.56988
52.57013
52.57039
52.56878
52.56904
52.56930
52.56955
56.05551
56.05614
56.05676
56.05739
56.05236
56.05298
56.05361
56.05423
56.04921
56.04983
56.05045
56.05108
56.04605
56.04668
56.04730
56.04793
56.04290
56.04352
56.04415
56.04477
56.04641
56.04704
56.04766
56.04829
56.04326
56.04389
56.04451
56.04513
56.04011
56.04073
56.04136
56.04198
56.03695
56.03758
56.03820
56.03882
56.03380
56.03442
56.03504
56.03567
56.03732
56.03794
56.03856
56.03919
56.03416
56.03478
56.03541
56.03603
56.03100
56.03163
56.03225
56.03288
56.02785
56.02847
56.02910
56.02972
56.02469
56.02532
56.02594
56.02657
56.02821
56.02884
56.02946
56.03009
56.02506
56.02568
56.02631
56.02693
56.02190
56.02253
56.02315
56.02377
56.01874
56.01937
56.01999
56.02062
56.01559
56.01621
56.01684
56.01746
56.01911
56.01973
56.02036
56.02098
56.01595
56.01658
56.01720
56.01783
56.01280
56.01342
56.01404
56.01467
56.00964
56.01026
56.01089
56.01151
56.00648
56.00710
56.00773
56.00835
56.01000
56.01063
56.01125
56.01188
56.00685
56.00747
56.00810
56.00872
56.00369
56.00431
56.00494
56.00556
56.00053
56.00115
56.00178
56.00240
55.99737
55.99799
55.99862
55.99924
56.11352
56.11415
56.11477
56.11540
56.11036
56.11099
56.11161
56.11224
56.10720
56.10783
56.10845
56.10908
56.10404
56.10467
56.10529
56.10592
56.10088
56.10151
56.10213
56.10276
56.10440
56.10503
56.10565
56.10628
56.10124
56.10187
56.10249
56.10312
56.09808
56.09871
56.09933
56.09996
56.09492
56.09554
56.09617
56.09680
56.09176
56.09238
56.09301
56.09363
56.09528
56.09591
56.09653
56.09716
56.09212
56.09274
56.09337
56.09400
56.08896
56.08958
56.09021
56.09083
56.08579
56.08642
56.08705
56.08767
56.08263
56.08326
56.08388
56.08451
56.08616
56.08678
56.08741
56.08804
56.08299
56.08362
56.08425
56.08487
56.07983
56.08046
56.08108
56.08171
56.07667
56.07729
56.07792
56.07855
56.07350
56.07413
56.07476
56.07538
56.07703
56.07766
56.07828
56.07891
56.07387
56.07449
56.07512
56.07575
56.07070
56.07133
56.07195
56.07258
56.06754
56.06816
56.06879
56.06942
56.06437
56.06500
56.06563
56.06625
56.06790
56.06853
56.06916
56.06978
56.06474
56.06536
56.06599
56.06662
56.06157
56.06220
56.06283
56.06345
56.05841
56.05903
56.05966
56.06029
56.05524
56.05587
56.05649
56.05712
56.17179
56.17241
56.17304
56.17367
56.16862
56.16925
56.16988
56.17050
56.16545
56.16608
56.16671
56.16734
56.16228
56.16291
56.16354
56.16417
56.15912
56.15975
56.16037
56.16100
56.16264
56.16327
56.16390
56.16453
56.15948
56.16010
56.16073
56.16136
56.15631
56.15694
56.15756
56.15819
56.15314
56.15377
56.15440
56.15502
56.14997
56.15060
56.15123
56.15186
56.15350
56.15413
56.15476
56.15538
56.15033
56.15096
56.15159
56.15222
56.14716
56.14779
56.14842
56.14905
56.14399
56.14462
56.14525
56.14588
56.14082
56.14145
56.14208
56.14271
56.14435
56.14498
56.14561
56.14624
56.14118
56.14181
56.14244
56.14307
56.13801
56.13864
56.13927
56.13990
56.13484
56.13547
56.13610
56.13673
56.13167
56.13230
56.13293
56.13356
56.13521
56.13583
56.13646
56.13709
56.13204
56.13266
56.13329
56.13392
56.12887
56.12949
56.13012
56.13075
56.12569
56.12632
56.12695
56.12758
56.12252
56.12315
56.12378
56.12441
56.12606
56.12668
56.12731
56.12794
56.12289
56.12351
56.12414
56.12477
56.11971
56.12034
56.12097
56.12160
56.11654
56.11717
56.11780
56.11842
56.11337
56.11400
56.11462
56.11525
56.23031
56.23094
56.23157
56.23220
56.22713
56.22776
56.22839
56.22902
56.22396
56.22459
56.22522
56.22585
56.22078
56.22141
56.22204
56.22267
56.21761
56.21824
56.21887
56.21950
56.22114
56.22177
56.22240
56.22303
56.21797
56.21860
56.21923
56.21986
56.21479
56.21542
56.21605
56.21668
56.21162
56.21225
56.21288
56.21351
56.20844
56.20907
56.20970
56.21033
56.21198
56.21261
56.21324
56.21387
56.20880
56.20943
56.21006
56.21069
56.20562
56.20625
56.20688
56.20751
56.20245
56.20308
56.20371
56.20434
56.19927
56.19990
56.20053
56.20116
56.20281
56.20344
56.20407
56.20470
56.19963
56.20026
56.20089
56.20152
56.19646
56.19708
56.19771
56.19834
56.19328
56.19391
56.19454
56.19517
56.19010
56.19073
56.19136
56.19199
56.19364
56.19427
56.19490
56.19553
56.19046
56.19109
56.19172
56.19235
56.18728
56.18791
56.18854
56.18917
56.18411
56.18473
56.18536
56.18599
56.18093
56.18156
56.18219
56.18282
56.18447
56.18510
56.18572
56.18635
56.18129
56.18192
56.18255
56.18318
56.17811
56.17874
56.17937
56.18000
56.17493
56.17556
56.17619
56.17682
56.17175
56.17238
56.17301
56.17364
56.28908
56.28971
56.29035
56.29098
56.28590
56.28653
56.28717
56.28780
56.28272
56.28335
56.28399
56.28462
56.27954
56.28017
56.28080
56.28144
56.27636
56.27699
56.27762
56.27825
56.27990
56.28053
56.28116
56.28179
56.27672
56.27735
56.27798
56.27861
56.27353
56.27417
56.27480
56.27543
56.27035
56.27098
56.27162
56.27225
56.26717
56.26780
56.26843
56.26906
56.27071
56.27134
56.27197
56.27260
56.26753
56.26816
56.26879
56.26942
56.26434
56.26498
56.26561
56.26624
56.26116
56.26179
56.26242
56.26306
56.25798
56.25861
56.25924
56.25987
56.26152
56.26215
56.26278
56.26341
56.25834
56.25897
56.25960
56.26023
56.25515
56.25578
56.25641
56.25705
56.25197
56.25260
56.25323
56.25386
56.24878
56.24942
56.25005
56.25068
56.25233
56.25296
56.25359
56.25422
56.24914
56.24977
56.25040
56.25104
56.24596
56.24659
56.24722
56.24785
56.24277
56.24340
56.24404
56.24467
56.23959
56.24022
56.24085
56.24148
56.24313
56.24376
56.24439
56.24502
56.23995
56.24058
56.24121
56.24184
56.23676
56.23739
56.23802
56.23865
56.23358
56.23421
56.23484
56.23547
56.23039
56.23102
56.23165
56.23228
56.92959
56.93090
56.93220
56.93351
56.92122
56.92253
56.92383
56.92514
56.91285
56.91416
56.91546
56.91677
56.90448
56.90579
56.90709
56.90840
56.89611
56.89742
56.89872
56.90003
56.90669
56.90799
56.90930
56.91060
56.89831
56.89962
56.90092
56.90223
56.88994
56.89125
56.89255
56.89386
56.88157
56.88287
56.88418
56.88549
56.87320
56.87450
56.87581
56.87711
56.88377
56.88508
56.88638
56.88769
56.87540
56.87671
56.87801
56.87932
56.86703
56.86833
56.86964
56.87094
56.85865
56.85996
56.86126
56.86257
56.85028
56.85158
56.85289
56.85419
56.86086
56.86216
56.86347
56.86477
56.85248
56.85379
56.85509
56.85640
56.84411
56.84541
56.84672
56.84802
56.83573
56.83704
56.83834
56.83965
56.82736
56.82866
56.82996
56.83127
56.83794
56.83924
56.84055
56.84185
56.82956
56.83087
56.83217
56.83348
56.82119
56.82249
56.82379
56.82510
56.81281
56.81411
56.81542
56.81672
56.80443
56.80573
56.80704
56.80834
56.81502
56.81632
56.81763
56.81893
56.80664
56.80794
56.80925
56.81055
56.79826
56.79956
56.80087
56.80217
56.78988
56.79118
56.79249
56.79379
56.78150
56.78280
56.78411
56.78541
57.02926
57.03057
57.03187
57.03318
57.02087
57.02218
57.02349
57.02480
57.01249
57.01380
57.01511
57.01641
57.00410
57.00541
57.00672
57.00803
56.99572
56.99703
56.99833
56.99964
57.00631
57.00761
57.00892
57.01023
56.99792
56.99923
57.00054
57.00184
56.98953
56.99084
56.99215
56.99346
56.98115
56.98245
56.98376
56.98507
56.97276
56.97406
56.97537
56.97668
56.98335
56.98466
56.98597
56.98727
56.97496
56.97627
56.97758
56.97889
56.96657
56.96788
56.96919
56.97050
56.95818
56.95949
56.96080
56.96211
56.94979
56.95110
56.95241
56.95372
56.96039
56.96170
56.96300
56.96431
56.95200
56.95331
56.95461
56.95592
56.94361
56.94492
56.94622
56.94753
56.93522
56.93652
56.93783
56.93914
56.92683
56.92813
56.92944
56.93075
56.93742
56.93873
56.94004
56.94135
56.92903
56.93034
56.93165
56.93296
56.92064
56.92195
56.92326
56.92456
56.91225
56.91355
56.91486
56.91617
56.90385
56.90516
56.90647
56.90778
56.91446
56.91576
56.91707
56.91838
56.90606
56.90737
56.90868
56.90998
56.89767
56.89898
56.90028
56.90159
56.88927
56.89058
56.89189
56.89319
56.88088
56.88218
56.88349
56.88480
57.12933
57.13064
57.13195
57.13326
57.12093
57.12224
57.12355
57.12486
57.11253
57.11384
57.11515
57.11646
57.10413
57.10544
57.10675
57.10806
57.09573
57.09704
57.09835
57.09966
57.10633
57.10764
57.10895
57.11027
57.09793
57.09924
57.10055
57.10186
57.08953
57.09084
57.09215
57.09346
57.08113
57.08244
57.08375
57.08506
57.07272
57.07404
57.07535
57.07666
57.08333
57.08464
57.08595
57.08726
57.07493
57.07624
57.07755
57.07886
57.06652
57.06784
57.06915
57.07046
57.05812
57.05943
57.06074
57.06205
57.04972
57.05103
57.05234
57.05365
57.06033
57.06164
57.06295
57.06426
57.05192
57.05323
57.05454
57.05585
57.04352
57.04483
57.04614
57.04745
57.03511
57.03642
57.03773
57.03904
57.02670
57.02801
57.02932
57.03063
57.03732
57.03863
57.03994
57.04125
57.02891
57.03022
57.03153
57.03284
57.02050
57.02181
57.02312
57.02443
57.01209
57.01340
57.01471
57.01603
57.00369
57.00500
57.00631
57.00762
57.01430
57.01561
57.01692
57.01823
57.00589
57.00720
57.00851
57.00982
56.99748
56.99879
57.00011
57.00142
56.98907
56.99039
56.99170
56.99301
56.98066
56.98197
56.98328
56.98459
57.22981
57.23112
57.23244
57.23375
57.22140
57.22271
57.22402
57.22534
57.21298
57.21430
57.21561
57.21692
57.20457
57.20588
57.20719
57.20851
57.19615
57.19746
57.19878
57.20009
57.20677
57.20808
57.20940
57.21071
57.19835
57.19967
57.20098
57.20229
57.18994
57.19125
57.19256
57.19388
57.18152
57.18283
57.18415
57.18546
57.17310
57.17441
57.17573
57.17704
57.18372
57.18503
57.18635
57.18766
57.17530
57.17662
57.17793
57.17924
57.16688
57.16820
57.16951
57.17083
57.15847
57.15978
57.16109
57.16241
57.15005
57.15136
57.15267
57.15399
57.16067
57.16198
57.16330
57.16461
57.15225
57.15356
57.15488
57.15619
57.14383
57.14514
57.14646
57.14777
57.13541
57.13672
57.13804
57.13935
57.12699
57.12830
57.12961
57.13093
57.13762
57.13893
57.14024
57.14156
57.12919
57.13051
57.13182
57.13313
57.12077
57.12209
57.12340
57.12471
57.11235
57.11366
57.11498
57.11629
57.10393
57.10524
57.10655
57.10787
57.11456
57.11587
57.11718
57.11850
57.10613
57.10745
57.10876
57.11007
57.09771
57.09902
57.10034
57.10165
57.08928
57.09060
57.09191
57.09322
57.08086
57.08217
57.08349
57.08480
57.33070
57.33202
57.33333
57.33465
57.32227
57.32359
57.32491
57.32622
57.31384
57.31516
57.31648
57.31779
57.30541
57.30673
57.30805
57.30936
57.29698
57.29830
57.29962
57.30093
57.30761
57.30893
57.31025
57.31156
57.29918
57.30050
57.30182
57.30313
57.29075
57.29207
57.29338
57.29470
57.28232
57.28364
57.28495
57.28627
57.27389
57.27520
57.27652
57.27784
57.28452
57.28584
57.28715
57.28847
57.27609
57.27740
57.27872
57.28004
57.26765
57.26897
57.27029
57.27160
57.25922
57.26054
57.26185
57.26317
57.25079
57.25210
57.25342
57.25474
57.26142
57.26274
57.26406
57.26537
57.25299
57.25431
57.25562
57.25694
57.24455
57.24587
57.24719
57.24850
57.23612
57.23744
57.23875
57.24007
57.22768
57.22900
57.23032
57.23163
57.23832
57.23964
57.24096
57.24227
57.22989
57.23120
57.23252
57.23384
57.22145
57.22277
57.22408
57.22540
57.21301
57.21433
57.21565
57.21696
57.20458
57.20589
57.20721
57.20852
57.21522
57.21654
57.21785
57.21917
57.20678
57.20810
57.20941
57.21073
57.19834
57.19966
57.20098
57.20229
57.18990
57.19122
57.19254
57.19385
57.18146
57.18278
57.18410
57.18541
