##
##
##15:52:00	20/01/21
##
##
##Ell Cont: 5,0x10,0
##
##SMU1	V name:		V1
##	I name:		I1
##	Mode:		V
##	Function:	VAR1
##SMU2	V name:		V2
##	I name:		I2
##	Mode:		common
##	Function:	const.
##SMU3	off
##SMU4	off
##VMUs	off
##
##Primary Source (VAR1):	single
##	Sweep Spacing:	linear
##	Start:		-0.500000
##	Stop:		0.500000
##	Step:		0.020000
##	Compliance:	0.050000
##Power Compliance OFF
##
##Timing:		Integration Time:	medium
##	Delay Time (sec):	0.000000
##	Hold Time (sec):	0.000000
##	Wait Time (sec):	1.000000
##
##Secondary Source (VAR2):	OFF
##
##
##   V1	   I1	Abs(I)	J (A\um²)	Abs(J)
-5.000000E-1	-1.357700E-4	1.357700E-4	-3.457347E-6	3.457347E-6
-4.800000E-1	-1.294320E-4	1.294320E-4	-3.295951E-6	3.295951E-6
-4.600000E-1	-1.224620E-4	1.224620E-4	-3.118462E-6	3.118462E-6
-4.400000E-1	-1.172050E-4	1.172050E-4	-2.984594E-6	2.984594E-6
-4.200000E-1	-1.115920E-4	1.115920E-4	-2.841660E-6	2.841660E-6
-4.000000E-1	-1.058130E-4	1.058130E-4	-2.694500E-6	2.694500E-6
-3.800000E-1	-1.006570E-4	1.006570E-4	-2.563203E-6	2.563203E-6
-3.600000E-1	-9.440010E-5	9.440010E-5	-2.403873E-6	2.403873E-6
-3.400000E-1	-8.937190E-5	8.937190E-5	-2.275831E-6	2.275831E-6
-3.200000E-1	-8.386230E-5	8.386230E-5	-2.135531E-6	2.135531E-6
-3.000000E-1	-7.860210E-5	7.860210E-5	-2.001581E-6	2.001581E-6
-2.800000E-1	-7.318870E-5	7.318870E-5	-1.863731E-6	1.863731E-6
-2.600000E-1	-6.811880E-5	6.811880E-5	-1.734627E-6	1.734627E-6
-2.400000E-1	-6.279240E-5	6.279240E-5	-1.598992E-6	1.598992E-6
-2.200000E-1	-5.768240E-5	5.768240E-5	-1.468867E-6	1.468867E-6
-2.000000E-1	-5.231950E-5	5.231950E-5	-1.332302E-6	1.332302E-6
-1.800000E-1	-4.731090E-5	4.731090E-5	-1.204759E-6	1.204759E-6
-1.600000E-1	-4.205590E-5	4.205590E-5	-1.070942E-6	1.070942E-6
-1.400000E-1	-3.680130E-5	3.680130E-5	-9.371352E-7	9.371352E-7
-1.200000E-1	-3.176660E-5	3.176660E-5	-8.089279E-7	8.089279E-7
-1.000000E-1	-2.666350E-5	2.666350E-5	-6.789789E-7	6.789789E-7
-8.000000E-2	-2.128270E-5	2.128270E-5	-5.419582E-7	5.419582E-7
-6.000000E-2	-1.607870E-5	1.607870E-5	-4.094398E-7	4.094398E-7
-4.000000E-2	-1.069680E-5	1.069680E-5	-2.723911E-7	2.723911E-7
-2.000000E-2	-5.380750E-6	5.380750E-6	-1.370194E-7	1.370194E-7
0.000000E+0	-1.463900E-8	1.463900E-8	-3.727782E-10	3.727782E-10
2.000000E-2	5.429750E-6	5.429750E-6	1.382671E-7	1.382671E-7
4.000000E-2	1.097868E-5	1.097868E-5	2.795691E-7	2.795691E-7
6.000000E-2	1.669050E-5	1.669050E-5	4.250191E-7	4.250191E-7
8.000000E-2	2.237180E-5	2.237180E-5	5.696919E-7	5.696919E-7
1.000000E-1	2.846200E-5	2.846200E-5	7.247772E-7	7.247772E-7
1.200000E-1	3.454790E-5	3.454790E-5	8.797530E-7	8.797530E-7
1.400000E-1	4.085570E-5	4.085570E-5	1.040379E-6	1.040379E-6
1.600000E-1	4.696980E-5	4.696980E-5	1.196073E-6	1.196073E-6
1.800000E-1	5.369200E-5	5.369200E-5	1.367252E-6	1.367252E-6
2.000000E-1	6.058980E-5	6.058980E-5	1.542903E-6	1.542903E-6
2.200000E-1	6.787550E-5	6.787550E-5	1.728431E-6	1.728431E-6
2.400000E-1	7.552190E-5	7.552190E-5	1.923145E-6	1.923145E-6
2.600000E-1	8.365190E-5	8.365190E-5	2.130173E-6	2.130173E-6
2.800000E-1	9.088090E-5	9.088090E-5	2.314258E-6	2.314258E-6
3.000000E-1	1.000764E-4	1.000764E-4	2.548419E-6	2.548419E-6
3.200000E-1	1.093158E-4	1.093158E-4	2.783697E-6	2.783697E-6
3.400000E-1	1.184570E-4	1.184570E-4	3.016476E-6	3.016476E-6
3.600000E-1	1.278190E-4	1.278190E-4	3.254876E-6	3.254876E-6
3.800000E-1	1.363300E-4	1.363300E-4	3.471607E-6	3.471607E-6
4.000000E-1	1.469240E-4	1.469240E-4	3.741380E-6	3.741380E-6
4.200000E-1	1.578630E-4	1.578630E-4	4.019939E-6	4.019939E-6
4.400000E-1	1.690960E-4	1.690960E-4	4.305984E-6	4.305984E-6
4.600000E-1	1.787900E-4	1.787900E-4	4.552839E-6	4.552839E-6
4.800000E-1	1.901160E-4	1.901160E-4	4.841253E-6	4.841253E-6
5.000000E-1	2.047310E-4	2.047310E-4	5.213420E-6	5.213420E-6
