##
##
##15:32:21	20/01/21
##
##
##Ell Cont: 5,0x10,0
##
##SMU1	V name:		V1
##	I name:		I1
##	Mode:		V
##	Function:	VAR1
##SMU2	V name:		V2
##	I name:		I2
##	Mode:		common
##	Function:	const.
##SMU3	off
##SMU4	off
##VMUs	off
##
##Primary Source (VAR1):	single
##	Sweep Spacing:	linear
##	Start:		-0.500000
##	Stop:		0.500000
##	Step:		0.020000
##	Compliance:	0.050000
##Power Compliance OFF
##
##Timing:		Integration Time:	medium
##	Delay Time (sec):	0.000000
##	Hold Time (sec):	0.000000
##	Wait Time (sec):	1.000000
##
##Secondary Source (VAR2):	OFF
##
##
##   V1	   I1	Abs(I)	J (A\um²)	Abs(J)
-5.000000E-1	-4.084130E-3	4.084130E-3	-1.040013E-4	1.040013E-4
-4.800000E-1	-3.920440E-3	3.920440E-3	-9.983295E-5	9.983295E-5
-4.600000E-1	-3.753950E-3	3.753950E-3	-9.559333E-5	9.559333E-5
-4.400000E-1	-3.589910E-3	3.589910E-3	-9.141609E-5	9.141609E-5
-4.200000E-1	-3.426960E-3	3.426960E-3	-8.726661E-5	8.726661E-5
-4.000000E-1	-3.263980E-3	3.263980E-3	-8.311637E-5	8.311637E-5
-3.800000E-1	-3.099660E-3	3.099660E-3	-7.893201E-5	7.893201E-5
-3.600000E-1	-2.936910E-3	2.936910E-3	-7.478762E-5	7.478762E-5
-3.400000E-1	-2.772800E-3	2.772800E-3	-7.060861E-5	7.060861E-5
-3.200000E-1	-2.609810E-3	2.609810E-3	-6.645811E-5	6.645811E-5
-3.000000E-1	-2.447630E-3	2.447630E-3	-6.232824E-5	6.232824E-5
-2.800000E-1	-2.284080E-3	2.284080E-3	-5.816348E-5	5.816348E-5
-2.600000E-1	-2.119740E-3	2.119740E-3	-5.397861E-5	5.397861E-5
-2.400000E-1	-1.957140E-3	1.957140E-3	-4.983804E-5	4.983804E-5
-2.200000E-1	-1.794180E-3	1.794180E-3	-4.568831E-5	4.568831E-5
-2.000000E-1	-1.632200E-3	1.632200E-3	-4.156353E-5	4.156353E-5
-1.800000E-1	-1.468220E-3	1.468220E-3	-3.738783E-5	3.738783E-5
-1.600000E-1	-1.305540E-3	1.305540E-3	-3.324522E-5	3.324522E-5
-1.400000E-1	-1.142480E-3	1.142480E-3	-2.909295E-5	2.909295E-5
-1.200000E-1	-9.791050E-4	9.791050E-4	-2.493265E-5	2.493265E-5
-1.000000E-1	-8.159210E-4	8.159210E-4	-2.077721E-5	2.077721E-5
-8.000000E-2	-6.529890E-4	6.529890E-4	-1.662819E-5	1.662819E-5
-6.000000E-2	-4.900990E-4	4.900990E-4	-1.248024E-5	1.248024E-5
-4.000000E-2	-3.271220E-4	3.271220E-4	-8.330074E-6	8.330074E-6
-2.000000E-2	-1.635700E-4	1.635700E-4	-4.165266E-6	4.165266E-6
0.000000E+0	-5.631600E-7	5.631600E-7	-1.434072E-8	1.434072E-8
2.000000E-2	1.623290E-4	1.623290E-4	4.133664E-6	4.133664E-6
4.000000E-2	3.252510E-4	3.252510E-4	8.282429E-6	8.282429E-6
6.000000E-2	4.881340E-4	4.881340E-4	1.243020E-5	1.243020E-5
8.000000E-2	6.508270E-4	6.508270E-4	1.657313E-5	1.657313E-5
1.000000E-1	8.137000E-4	8.137000E-4	2.072065E-5	2.072065E-5
1.200000E-1	9.766480E-4	9.766480E-4	2.487008E-5	2.487008E-5
1.400000E-1	1.140296E-3	1.140296E-3	2.903733E-5	2.903733E-5
1.600000E-1	1.303240E-3	1.303240E-3	3.318666E-5	3.318666E-5
1.800000E-1	1.467580E-3	1.467580E-3	3.737153E-5	3.737153E-5
2.000000E-1	1.629720E-3	1.629720E-3	4.150038E-5	4.150038E-5
2.200000E-1	1.792620E-3	1.792620E-3	4.564859E-5	4.564859E-5
2.400000E-1	1.955780E-3	1.955780E-3	4.980341E-5	4.980341E-5
2.600000E-1	2.119810E-3	2.119810E-3	5.398039E-5	5.398039E-5
2.800000E-1	2.282900E-3	2.282900E-3	5.813343E-5	5.813343E-5
3.000000E-1	2.446500E-3	2.446500E-3	6.229946E-5	6.229946E-5
3.200000E-1	2.609270E-3	2.609270E-3	6.644436E-5	6.644436E-5
3.400000E-1	2.773420E-3	2.773420E-3	7.062439E-5	7.062439E-5
3.600000E-1	2.936930E-3	2.936930E-3	7.478813E-5	7.478813E-5
3.800000E-1	3.101530E-3	3.101530E-3	7.897963E-5	7.897963E-5
4.000000E-1	3.264680E-3	3.264680E-3	8.313420E-5	8.313420E-5
4.200000E-1	3.428080E-3	3.428080E-3	8.729514E-5	8.729514E-5
4.400000E-1	3.591130E-3	3.591130E-3	9.144716E-5	9.144716E-5
4.600000E-1	3.753690E-3	3.753690E-3	9.558671E-5	9.558671E-5
4.800000E-1	3.919700E-3	3.919700E-3	9.981411E-5	9.981411E-5
5.000000E-1	4.081980E-3	4.081980E-3	1.039465E-4	1.039465E-4
