##
##
##15:50:32	20/01/21
##
##
##Ell Cont: 5,0x10,0
##
##SMU1	V name:		V1
##	I name:		I1
##	Mode:		V
##	Function:	VAR1
##SMU2	V name:		V2
##	I name:		I2
##	Mode:		common
##	Function:	const.
##SMU3	off
##SMU4	off
##VMUs	off
##
##Primary Source (VAR1):	single
##	Sweep Spacing:	linear
##	Start:		-0.500000
##	Stop:		0.500000
##	Step:		0.020000
##	Compliance:	0.050000
##Power Compliance OFF
##
##Timing:		Integration Time:	medium
##	Delay Time (sec):	0.000000
##	Hold Time (sec):	0.000000
##	Wait Time (sec):	1.000000
##
##Secondary Source (VAR2):	OFF
##
##
##   V1	   I1	Abs(I)	J (A\µm²)	Abs(J)
-5.000000E-1	-7.822060E-4	7.822060E-4	-1.991867E-5	1.991867E-5
-4.800000E-1	-7.622970E-4	7.622970E-4	-1.941169E-5	1.941169E-5
-4.600000E-1	-7.412780E-4	7.412780E-4	-1.887644E-5	1.887644E-5
-4.400000E-1	-7.030930E-4	7.030930E-4	-1.790407E-5	1.790407E-5
-4.200000E-1	-6.721300E-4	6.721300E-4	-1.711561E-5	1.711561E-5
-4.000000E-1	-6.425150E-4	6.425150E-4	-1.636147E-5	1.636147E-5
-3.800000E-1	-6.123820E-4	6.123820E-4	-1.559414E-5	1.559414E-5
-3.600000E-1	-5.802570E-4	5.802570E-4	-1.477609E-5	1.477609E-5
-3.400000E-1	-5.486810E-4	5.486810E-4	-1.397201E-5	1.397201E-5
-3.200000E-1	-5.151190E-4	5.151190E-4	-1.311737E-5	1.311737E-5
-3.000000E-1	-4.836550E-4	4.836550E-4	-1.231614E-5	1.231614E-5
-2.800000E-1	-4.517950E-4	4.517950E-4	-1.150484E-5	1.150484E-5
-2.600000E-1	-4.193920E-4	4.193920E-4	-1.067970E-5	1.067970E-5
-2.400000E-1	-3.869270E-4	3.869270E-4	-9.852992E-6	9.852992E-6
-2.200000E-1	-3.544700E-4	3.544700E-4	-9.026483E-6	9.026483E-6
-2.000000E-1	-3.226290E-4	3.226290E-4	-8.215661E-6	8.215661E-6
-1.800000E-1	-2.912140E-4	2.912140E-4	-7.415686E-6	7.415686E-6
-1.600000E-1	-2.593820E-4	2.593820E-4	-6.605093E-6	6.605093E-6
-1.400000E-1	-2.276590E-4	2.276590E-4	-5.797275E-6	5.797275E-6
-1.200000E-1	-1.956430E-4	1.956430E-4	-4.981996E-6	4.981996E-6
-1.000000E-1	-1.635950E-4	1.635950E-4	-4.165903E-6	4.165903E-6
-8.000000E-2	-1.312550E-4	1.312550E-4	-3.342373E-6	3.342373E-6
-6.000000E-2	-9.898180E-5	9.898180E-5	-2.520545E-6	2.520545E-6
-4.000000E-2	-6.618380E-5	6.618380E-5	-1.685353E-6	1.685353E-6
-2.000000E-2	-3.321930E-5	3.321930E-5	-8.459205E-7	8.459205E-7
0.000000E+0	-1.026857E-7	1.026857E-7	-2.614864E-9	2.614864E-9
2.000000E-2	3.334410E-5	3.334410E-5	8.490985E-7	8.490985E-7
4.000000E-2	6.706220E-5	6.706220E-5	1.707721E-6	1.707721E-6
6.000000E-2	1.012701E-4	1.012701E-4	2.578816E-6	2.578816E-6
8.000000E-2	1.363250E-4	1.363250E-4	3.471479E-6	3.471479E-6
1.000000E-1	1.713230E-4	1.713230E-4	4.362694E-6	4.362694E-6
1.200000E-1	2.073030E-4	2.073030E-4	5.278915E-6	5.278915E-6
1.400000E-1	2.434920E-4	2.434920E-4	6.200458E-6	6.200458E-6
1.600000E-1	2.808510E-4	2.808510E-4	7.151795E-6	7.151795E-6
1.800000E-1	3.184020E-4	3.184020E-4	8.108021E-6	8.108021E-6
2.000000E-1	3.567620E-4	3.567620E-4	9.084848E-6	9.084848E-6
2.200000E-1	3.963260E-4	3.963260E-4	1.009233E-5	1.009233E-5
2.400000E-1	4.363040E-4	4.363040E-4	1.111036E-5	1.111036E-5
2.600000E-1	4.791890E-4	4.791890E-4	1.220242E-5	1.220242E-5
2.800000E-1	5.211070E-4	5.211070E-4	1.326985E-5	1.326985E-5
3.000000E-1	5.648110E-4	5.648110E-4	1.438276E-5	1.438276E-5
3.200000E-1	6.102280E-4	6.102280E-4	1.553929E-5	1.553929E-5
3.400000E-1	6.594180E-4	6.594180E-4	1.679190E-5	1.679190E-5
3.600000E-1	7.103160E-4	7.103160E-4	1.808801E-5	1.808801E-5
3.800000E-1	7.614440E-4	7.614440E-4	1.938997E-5	1.938997E-5
4.000000E-1	8.140710E-4	8.140710E-4	2.073010E-5	2.073010E-5
4.200000E-1	8.712950E-4	8.712950E-4	2.218729E-5	2.218729E-5
4.400000E-1	9.408040E-4	9.408040E-4	2.395732E-5	2.395732E-5
4.600000E-1	1.009194E-3	1.009194E-3	2.569885E-5	2.569885E-5
4.800000E-1	1.091217E-3	1.091217E-3	2.778755E-5	2.778755E-5
5.000000E-1	1.193940E-3	1.193940E-3	3.040336E-5	3.040336E-5
