##
##
##15:45:43	20/01/21
##
##
##Ell Cont: 5,0x10,0
##
##SMU1	V name:		V1
##	I name:		I1
##	Mode:		V
##	Function:	VAR1
##SMU2	V name:		V2
##	I name:		I2
##	Mode:		common
##	Function:	const.
##SMU3	off
##SMU4	off
##VMUs	off
##
##Primary Source (VAR1):	single
##	Sweep Spacing:	linear
##	Start:		-0.500000
##	Stop:		0.500000
##	Step:		0.020000
##	Compliance:	0.050000
##Power Compliance OFF
##
##Timing:		Integration Time:	medium
##	Delay Time (sec):	0.000000
##	Hold Time (sec):	0.000000
##	Wait Time (sec):	1.000000
##
##Secondary Source (VAR2):	OFF
##
##
##   V1	   I1	Abs(I)	J (A\um²)	Abs(J)
-5.000000E-1	-7.958440E-5	7.958440E-5	-2.026595E-6	2.026595E-6
-4.800000E-1	-7.531920E-5	7.531920E-5	-1.917983E-6	1.917983E-6
-4.600000E-1	-7.139420E-5	7.139420E-5	-1.818034E-6	1.818034E-6
-4.400000E-1	-6.742830E-5	6.742830E-5	-1.717044E-6	1.717044E-6
-4.200000E-1	-6.390540E-5	6.390540E-5	-1.627334E-6	1.627334E-6
-4.000000E-1	-6.049320E-5	6.049320E-5	-1.540443E-6	1.540443E-6
-3.800000E-1	-5.689310E-5	5.689310E-5	-1.448767E-6	1.448767E-6
-3.600000E-1	-5.376410E-5	5.376410E-5	-1.369088E-6	1.369088E-6
-3.400000E-1	-5.023810E-5	5.023810E-5	-1.279300E-6	1.279300E-6
-3.200000E-1	-4.706920E-5	4.706920E-5	-1.198605E-6	1.198605E-6
-3.000000E-1	-4.380460E-5	4.380460E-5	-1.115472E-6	1.115472E-6
-2.800000E-1	-4.081760E-5	4.081760E-5	-1.039409E-6	1.039409E-6
-2.600000E-1	-3.752790E-5	3.752790E-5	-9.556379E-7	9.556379E-7
-2.400000E-1	-3.454200E-5	3.454200E-5	-8.796027E-7	8.796027E-7
-2.200000E-1	-3.153040E-5	3.153040E-5	-8.029132E-7	8.029132E-7
-2.000000E-1	-2.859420E-5	2.859420E-5	-7.281436E-7	7.281436E-7
-1.800000E-1	-2.564530E-5	2.564530E-5	-6.530507E-7	6.530507E-7
-1.600000E-1	-2.272040E-5	2.272040E-5	-5.785689E-7	5.785689E-7
-1.400000E-1	-1.985490E-5	1.985490E-5	-5.055997E-7	5.055997E-7
-1.200000E-1	-1.693420E-5	1.693420E-5	-4.312248E-7	4.312248E-7
-1.000000E-1	-1.410670E-5	1.410670E-5	-3.592233E-7	3.592233E-7
-8.000000E-2	-1.128020E-5	1.128020E-5	-2.872473E-7	2.872473E-7
-6.000000E-2	-8.477630E-6	8.477630E-6	-2.158806E-7	2.158806E-7
-4.000000E-2	-5.637400E-6	5.637400E-6	-1.435549E-7	1.435549E-7
-2.000000E-2	-2.812150E-6	2.812150E-6	-7.161064E-8	7.161064E-8
0.000000E+0	-2.154910E-9	2.154910E-9	-5.487420E-11	5.487420E-11
2.000000E-2	2.805960E-6	2.805960E-6	7.145302E-8	7.145302E-8
4.000000E-2	5.617410E-6	5.617410E-6	1.430458E-7	1.430458E-7
6.000000E-2	8.485630E-6	8.485630E-6	2.160843E-7	2.160843E-7
8.000000E-2	1.137623E-5	1.137623E-5	2.896926E-7	2.896926E-7
1.000000E-1	1.430280E-5	1.430280E-5	3.642170E-7	3.642170E-7
1.200000E-1	1.727420E-5	1.727420E-5	4.398829E-7	4.398829E-7
1.400000E-1	2.032760E-5	2.032760E-5	5.176369E-7	5.176369E-7
1.600000E-1	2.338710E-5	2.338710E-5	5.955462E-7	5.955462E-7
1.800000E-1	2.656350E-5	2.656350E-5	6.764324E-7	6.764324E-7
2.000000E-1	2.996610E-5	2.996610E-5	7.630787E-7	7.630787E-7
2.200000E-1	3.320080E-5	3.320080E-5	8.454494E-7	8.454494E-7
2.400000E-1	3.665970E-5	3.665970E-5	9.335294E-7	9.335294E-7
2.600000E-1	4.024870E-5	4.024870E-5	1.024922E-6	1.024922E-6
2.800000E-1	4.397420E-5	4.397420E-5	1.119791E-6	1.119791E-6
3.000000E-1	4.774950E-5	4.774950E-5	1.215928E-6	1.215928E-6
3.200000E-1	5.181380E-5	5.181380E-5	1.319424E-6	1.319424E-6
3.400000E-1	5.571720E-5	5.571720E-5	1.418824E-6	1.418824E-6
3.600000E-1	6.018330E-5	6.018330E-5	1.532552E-6	1.532552E-6
3.800000E-1	6.455580E-5	6.455580E-5	1.643896E-6	1.643896E-6
4.000000E-1	6.934380E-5	6.934380E-5	1.765821E-6	1.765821E-6
4.200000E-1	7.434800E-5	7.434800E-5	1.893252E-6	1.893252E-6
4.400000E-1	7.916760E-5	7.916760E-5	2.015982E-6	2.015982E-6
4.600000E-1	8.435730E-5	8.435730E-5	2.148136E-6	2.148136E-6
4.800000E-1	9.001340E-5	9.001340E-5	2.292167E-6	2.292167E-6
5.000000E-1	9.595060E-5	9.595060E-5	2.443356E-6	2.443356E-6
