##
##
##15:29:55	20/01/21
##
##
##Ell Cont: 5,0x10,0
##
##SMU1	V name:		V1
##	I name:		I1
##	Mode:		V
##	Function:	VAR1
##SMU2	V name:		V2
##	I name:		I2
##	Mode:		common
##	Function:	const.
##SMU3	off
##SMU4	off
##VMUs	off
##
##Primary Source (VAR1):	single
##	Sweep Spacing:	linear
##	Start:		-0.500000
##	Stop:		0.500000
##	Step:		0.020000
##	Compliance:	0.050000
##Power Compliance OFF
##
##Timing:		Integration Time:	medium
##	Delay Time (sec):	0.000000
##	Hold Time (sec):	0.000000
##	Wait Time (sec):	1.000000
##
##Secondary Source (VAR2):	OFF
##
##
##   V1	   I1	Abs(I)	J (A\um²)	Abs(J)
-5.000000E-1	-2.205380E-4	2.205380E-4	-5.615941E-6	5.615941E-6
-4.800000E-1	-2.094660E-4	2.094660E-4	-5.333995E-6	5.333995E-6
-4.600000E-1	-1.988870E-4	1.988870E-4	-5.064604E-6	5.064604E-6
-4.400000E-1	-1.883320E-4	1.883320E-4	-4.795824E-6	4.795824E-6
-4.200000E-1	-1.779070E-4	1.779070E-4	-4.530354E-6	4.530354E-6
-4.000000E-1	-1.678590E-4	1.678590E-4	-4.274484E-6	4.274484E-6
-3.800000E-1	-1.586120E-4	1.586120E-4	-4.039012E-6	4.039012E-6
-3.600000E-1	-1.492190E-4	1.492190E-4	-3.799822E-6	3.799822E-6
-3.400000E-1	-1.397890E-4	1.397890E-4	-3.559689E-6	3.559689E-6
-3.200000E-1	-1.307920E-4	1.307920E-4	-3.330583E-6	3.330583E-6
-3.000000E-1	-1.218910E-4	1.218910E-4	-3.103922E-6	3.103922E-6
-2.800000E-1	-1.130590E-4	1.130590E-4	-2.879017E-6	2.879017E-6
-2.600000E-1	-1.044800E-4	1.044800E-4	-2.660555E-6	2.660555E-6
-2.400000E-1	-9.632000E-5	9.632000E-5	-2.452763E-6	2.452763E-6
-2.200000E-1	-8.787380E-5	8.787380E-5	-2.237683E-6	2.237683E-6
-2.000000E-1	-7.952600E-5	7.952600E-5	-2.025108E-6	2.025108E-6
-1.800000E-1	-7.125820E-5	7.125820E-5	-1.814571E-6	1.814571E-6
-1.600000E-1	-6.327960E-5	6.327960E-5	-1.611398E-6	1.611398E-6
-1.400000E-1	-5.529040E-5	5.529040E-5	-1.407955E-6	1.407955E-6
-1.200000E-1	-4.725320E-5	4.725320E-5	-1.203290E-6	1.203290E-6
-1.000000E-1	-3.927100E-5	3.927100E-5	-1.000025E-6	1.000025E-6
-8.000000E-2	-3.136970E-5	3.136970E-5	-7.988210E-7	7.988210E-7
-6.000000E-2	-2.355950E-5	2.355950E-5	-5.999363E-7	5.999363E-7
-4.000000E-2	-1.570640E-5	1.570640E-5	-3.999593E-7	3.999593E-7
-2.000000E-2	-7.856730E-6	7.856730E-6	-2.000695E-7	2.000695E-7
0.000000E+0	-2.224600E-8	2.224600E-8	-5.664884E-10	5.664884E-10
2.000000E-2	7.839010E-6	7.839010E-6	1.996183E-7	1.996183E-7
4.000000E-2	1.572910E-5	1.572910E-5	4.005373E-7	4.005373E-7
6.000000E-2	2.371060E-5	2.371060E-5	6.037841E-7	6.037841E-7
8.000000E-2	3.173100E-5	3.173100E-5	8.080214E-7	8.080214E-7
1.000000E-1	3.986500E-5	3.986500E-5	1.015152E-6	1.015152E-6
1.200000E-1	4.817650E-5	4.817650E-5	1.226802E-6	1.226802E-6
1.400000E-1	5.669570E-5	5.669570E-5	1.443741E-6	1.443741E-6
1.600000E-1	6.532250E-5	6.532250E-5	1.663420E-6	1.663420E-6
1.800000E-1	7.424600E-5	7.424600E-5	1.890654E-6	1.890654E-6
2.000000E-1	8.357130E-5	8.357130E-5	2.128121E-6	2.128121E-6
2.200000E-1	9.276840E-5	9.276840E-5	2.362322E-6	2.362322E-6
2.400000E-1	1.021021E-4	1.021021E-4	2.600003E-6	2.600003E-6
2.600000E-1	1.119814E-4	1.119814E-4	2.851576E-6	2.851576E-6
2.800000E-1	1.223360E-4	1.223360E-4	3.115253E-6	3.115253E-6
3.000000E-1	1.326870E-4	1.326870E-4	3.378839E-6	3.378839E-6
3.200000E-1	1.434140E-4	1.434140E-4	3.651999E-6	3.651999E-6
3.400000E-1	1.545410E-4	1.545410E-4	3.935345E-6	3.935345E-6
3.600000E-1	1.657500E-4	1.657500E-4	4.220779E-6	4.220779E-6
3.800000E-1	1.777370E-4	1.777370E-4	4.526025E-6	4.526025E-6
4.000000E-1	1.899200E-4	1.899200E-4	4.836262E-6	4.836262E-6
4.200000E-1	2.025720E-4	2.025720E-4	5.158441E-6	5.158441E-6
4.400000E-1	2.158030E-4	2.158030E-4	5.495365E-6	5.495365E-6
4.600000E-1	2.291720E-4	2.291720E-4	5.835803E-6	5.835803E-6
4.800000E-1	2.430880E-4	2.430880E-4	6.190171E-6	6.190171E-6
5.000000E-1	2.570420E-4	2.570420E-4	6.545505E-6	6.545505E-6
