##
##
##15:27:23	20/01/21
##
##
##Ell Cont: 5,0x10,0
##
##SMU1	V name:		V1
##	I name:		I1
##	Mode:		V
##	Function:	VAR1
##SMU2	V name:		V2
##	I name:		I2
##	Mode:		common
##	Function:	const.
##SMU3	off
##SMU4	off
##VMUs	off
##
##Primary Source (VAR1):	single
##	Sweep Spacing:	linear
##	Start:		-0.500000
##	Stop:		0.500000
##	Step:		0.020000
##	Compliance:	0.050000
##Power Compliance OFF
##
##Timing:		Integration Time:	medium
##	Delay Time (sec):	0.000000
##	Hold Time (sec):	0.000000
##	Wait Time (sec):	1.000000
##
##Secondary Source (VAR2):	OFF
##
##
##   V1	   I1	Abs(I)	J (A\µm²)	Abs(J)
-5.000000E-1	-2.093660E-3	2.093660E-3	-5.331449E-5	5.331449E-5
-4.800000E-1	-2.011110E-3	2.011110E-3	-5.121238E-5	5.121238E-5
-4.600000E-1	-1.928640E-3	1.928640E-3	-4.911230E-5	4.911230E-5
-4.400000E-1	-1.846210E-3	1.846210E-3	-4.701324E-5	4.701324E-5
-4.200000E-1	-1.763300E-3	1.763300E-3	-4.490196E-5	4.490196E-5
-4.000000E-1	-1.680290E-3	1.680290E-3	-4.278813E-5	4.278813E-5
-3.800000E-1	-1.597160E-3	1.597160E-3	-4.067125E-5	4.067125E-5
-3.600000E-1	-1.514010E-3	1.514010E-3	-3.855386E-5	3.855386E-5
-3.400000E-1	-1.431040E-3	1.431040E-3	-3.644105E-5	3.644105E-5
-3.200000E-1	-1.347250E-3	1.347250E-3	-3.430736E-5	3.430736E-5
-3.000000E-1	-1.263690E-3	1.263690E-3	-3.217953E-5	3.217953E-5
-2.800000E-1	-1.179590E-3	1.179590E-3	-3.003794E-5	3.003794E-5
-2.600000E-1	-1.095710E-3	1.095710E-3	-2.790196E-5	2.790196E-5
-2.400000E-1	-1.012290E-3	1.012290E-3	-2.577769E-5	2.577769E-5
-2.200000E-1	-9.282840E-4	9.282840E-4	-2.363850E-5	2.363850E-5
-2.000000E-1	-8.440660E-4	8.440660E-4	-2.149391E-5	2.149391E-5
-1.800000E-1	-7.599200E-4	7.599200E-4	-1.935116E-5	1.935116E-5
-1.600000E-1	-6.756450E-4	6.756450E-4	-1.720512E-5	1.720512E-5
-1.400000E-1	-5.912850E-4	5.912850E-4	-1.505691E-5	1.505691E-5
-1.200000E-1	-5.068980E-4	5.068980E-4	-1.290802E-5	1.290802E-5
-1.000000E-1	-4.225600E-4	4.225600E-4	-1.076038E-5	1.076038E-5
-8.000000E-2	-3.382110E-4	3.382110E-4	-8.612452E-6	8.612452E-6
-6.000000E-2	-2.538040E-4	2.538040E-4	-6.463051E-6	6.463051E-6
-4.000000E-2	-1.694130E-4	1.694130E-4	-4.314056E-6	4.314056E-6
-2.000000E-2	-8.471970E-5	8.471970E-5	-2.157364E-6	2.157364E-6
0.000000E+0	7.484320E-7	7.484320E-7	1.905862E-8	1.905862E-8
2.000000E-2	8.408740E-5	8.408740E-5	2.141263E-6	2.141263E-6
4.000000E-2	1.684710E-4	1.684710E-4	4.290069E-6	4.290069E-6
6.000000E-2	2.527980E-4	2.527980E-4	6.437433E-6	6.437433E-6
8.000000E-2	3.370560E-4	3.370560E-4	8.583040E-6	8.583040E-6
1.000000E-1	4.213740E-4	4.213740E-4	1.073018E-5	1.073018E-5
1.200000E-1	5.055940E-4	5.055940E-4	1.287482E-5	1.287482E-5
1.400000E-1	5.898030E-4	5.898030E-4	1.501917E-5	1.501917E-5
1.600000E-1	6.738240E-4	6.738240E-4	1.715875E-5	1.715875E-5
1.800000E-1	7.581750E-4	7.581750E-4	1.930672E-5	1.930672E-5
2.000000E-1	8.419350E-4	8.419350E-4	2.143965E-5	2.143965E-5
2.200000E-1	9.257070E-4	9.257070E-4	2.357288E-5	2.357288E-5
2.400000E-1	1.009289E-3	1.009289E-3	2.570127E-5	2.570127E-5
2.600000E-1	1.092735E-3	1.092735E-3	2.782620E-5	2.782620E-5
2.800000E-1	1.176260E-3	1.176260E-3	2.995314E-5	2.995314E-5
3.000000E-1	1.259560E-3	1.259560E-3	3.207436E-5	3.207436E-5
3.200000E-1	1.342730E-3	1.342730E-3	3.419226E-5	3.419226E-5
3.400000E-1	1.425470E-3	1.425470E-3	3.629921E-5	3.629921E-5
3.600000E-1	1.508350E-3	1.508350E-3	3.840973E-5	3.840973E-5
3.800000E-1	1.591360E-3	1.591360E-3	4.052355E-5	4.052355E-5
4.000000E-1	1.673660E-3	1.673660E-3	4.261930E-5	4.261930E-5
4.200000E-1	1.755960E-3	1.755960E-3	4.471505E-5	4.471505E-5
4.400000E-1	1.837920E-3	1.837920E-3	4.680214E-5	4.680214E-5
4.600000E-1	1.920060E-3	1.920060E-3	4.889381E-5	4.889381E-5
4.800000E-1	2.001740E-3	2.001740E-3	5.097377E-5	5.097377E-5
5.000000E-1	2.083870E-3	2.083870E-3	5.306519E-5	5.306519E-5
