##
##
##15:24:03	20/01/21
##
##
##Ell Cont: 5,0x10,0
##
##SMU1	V name:		V1
##	I name:		I1
##	Mode:		V
##	Function:	VAR1
##SMU2	V name:		V2
##	I name:		I2
##	Mode:		common
##	Function:	const.
##SMU3	off
##SMU4	off
##VMUs	off
##
##Primary Source (VAR1):	single
##	Sweep Spacing:	linear
##	Start:		-0.500000
##	Stop:		0.500000
##	Step:		0.020000
##	Compliance:	0.050000
##Power Compliance OFF
##
##Timing:		Integration Time:	medium
##	Delay Time (sec):	0.000000
##	Hold Time (sec):	0.000000
##	Wait Time (sec):	1.000000
##
##Secondary Source (VAR2):	OFF
##
##
##   V1	   I1	Abs(I)	J (A\um²)	Abs(J)
-5.000000E-1	-5.929790E-4	5.929790E-4	-1.510005E-5	1.510005E-5
-4.800000E-1	-5.648220E-4	5.648220E-4	-1.438304E-5	1.438304E-5
-4.600000E-1	-5.382310E-4	5.382310E-4	-1.370591E-5	1.370591E-5
-4.400000E-1	-5.124210E-4	5.124210E-4	-1.304866E-5	1.304866E-5
-4.200000E-1	-4.871670E-4	4.871670E-4	-1.240558E-5	1.240558E-5
-4.000000E-1	-4.620650E-4	4.620650E-4	-1.176636E-5	1.176636E-5
-3.800000E-1	-4.375780E-4	4.375780E-4	-1.114281E-5	1.114281E-5
-3.600000E-1	-4.132090E-4	4.132090E-4	-1.052226E-5	1.052226E-5
-3.400000E-1	-3.895370E-4	3.895370E-4	-9.919455E-6	9.919455E-6
-3.200000E-1	-3.662660E-4	3.662660E-4	-9.326865E-6	9.326865E-6
-3.000000E-1	-3.425430E-4	3.425430E-4	-8.722765E-6	8.722765E-6
-2.800000E-1	-3.188190E-4	3.188190E-4	-8.118640E-6	8.118640E-6
-2.600000E-1	-2.958060E-4	2.958060E-4	-7.532620E-6	7.532620E-6
-2.400000E-1	-2.723340E-4	2.723340E-4	-6.934912E-6	6.934912E-6
-2.200000E-1	-2.498280E-4	2.498280E-4	-6.361803E-6	6.361803E-6
-2.000000E-1	-2.270250E-4	2.270250E-4	-5.781131E-6	5.781131E-6
-1.800000E-1	-2.046000E-4	2.046000E-4	-5.210084E-6	5.210084E-6
-1.600000E-1	-1.818400E-4	1.818400E-4	-4.630507E-6	4.630507E-6
-1.400000E-1	-1.594640E-4	1.594640E-4	-4.060708E-6	4.060708E-6
-1.200000E-1	-1.366560E-4	1.366560E-4	-3.479908E-6	3.479908E-6
-1.000000E-1	-1.141270E-4	1.141270E-4	-2.906213E-6	2.906213E-6
-8.000000E-2	-9.160170E-5	9.160170E-5	-2.332613E-6	2.332613E-6
-6.000000E-2	-6.891400E-5	6.891400E-5	-1.754876E-6	1.754876E-6
-4.000000E-2	-4.615110E-5	4.615110E-5	-1.175225E-6	1.175225E-6
-2.000000E-2	-2.318480E-5	2.318480E-5	-5.903947E-7	5.903947E-7
0.000000E+0	-7.350100E-8	7.350100E-8	-1.871683E-9	1.871683E-9
2.000000E-2	2.317770E-5	2.317770E-5	5.902139E-7	5.902139E-7
4.000000E-2	4.670810E-5	4.670810E-5	1.189409E-6	1.189409E-6
6.000000E-2	7.046750E-5	7.046750E-5	1.794436E-6	1.794436E-6
8.000000E-2	9.468320E-5	9.468320E-5	2.411082E-6	2.411082E-6
1.000000E-1	1.192620E-4	1.192620E-4	3.036975E-6	3.036975E-6
1.200000E-1	1.443440E-4	1.443440E-4	3.675681E-6	3.675681E-6
1.400000E-1	1.698980E-4	1.698980E-4	4.326407E-6	4.326407E-6
1.600000E-1	1.962570E-4	1.962570E-4	4.997632E-6	4.997632E-6
1.800000E-1	2.230050E-4	2.230050E-4	5.678762E-6	5.678762E-6
2.000000E-1	2.508520E-4	2.508520E-4	6.387879E-6	6.387879E-6
2.200000E-1	2.785440E-4	2.785440E-4	7.093048E-6	7.093048E-6
2.400000E-1	3.074870E-4	3.074870E-4	7.830074E-6	7.830074E-6
2.600000E-1	3.367000E-4	3.367000E-4	8.573975E-6	8.573975E-6
2.800000E-1	3.668120E-4	3.668120E-4	9.340769E-6	9.340769E-6
3.000000E-1	3.992210E-4	3.992210E-4	1.016606E-5	1.016606E-5
3.200000E-1	4.322720E-4	4.322720E-4	1.100769E-5	1.100769E-5
3.400000E-1	4.654790E-4	4.654790E-4	1.185330E-5	1.185330E-5
3.600000E-1	5.015930E-4	5.015930E-4	1.277293E-5	1.277293E-5
3.800000E-1	5.362410E-4	5.362410E-4	1.365523E-5	1.365523E-5
4.000000E-1	5.738490E-4	5.738490E-4	1.461291E-5	1.461291E-5
4.200000E-1	6.118660E-4	6.118660E-4	1.558100E-5	1.558100E-5
4.400000E-1	6.512960E-4	6.512960E-4	1.658508E-5	1.658508E-5
4.600000E-1	6.928200E-4	6.928200E-4	1.764247E-5	1.764247E-5
4.800000E-1	7.366370E-4	7.366370E-4	1.875826E-5	1.875826E-5
5.000000E-1	7.841370E-4	7.841370E-4	1.996784E-5	1.996784E-5
