##
##
##15:24:44	20/01/21
##
##
##Ell Cont: 5,0x10,0
##
##SMU1	V name:		V1
##	I name:		I1
##	Mode:		V
##	Function:	VAR1
##SMU2	V name:		V2
##	I name:		I2
##	Mode:		common
##	Function:	const.
##SMU3	off
##SMU4	off
##VMUs	off
##
##Primary Source (VAR1):	single
##	Sweep Spacing:	linear
##	Start:		-0.500000
##	Stop:		0.500000
##	Step:		0.020000
##	Compliance:	0.050000
##Power Compliance OFF
##
##Timing:		Integration Time:	medium
##	Delay Time (sec):	0.000000
##	Hold Time (sec):	0.000000
##	Wait Time (sec):	1.000000
##
##Secondary Source (VAR2):	OFF
##
##
##   V1	   I1	Abs(I)	J (A\um²)	Abs(J)
-5.000000E-1	-3.977640E-4	3.977640E-4	-1.012895E-5	1.012895E-5
-4.800000E-1	-3.796180E-4	3.796180E-4	-9.666870E-6	9.666870E-6
-4.600000E-1	-3.682570E-4	3.682570E-4	-9.377565E-6	9.377565E-6
-4.400000E-1	-3.585470E-4	3.585470E-4	-9.130303E-6	9.130303E-6
-4.200000E-1	-3.427390E-4	3.427390E-4	-8.727756E-6	8.727756E-6
-4.000000E-1	-3.261650E-4	3.261650E-4	-8.305704E-6	8.305704E-6
-3.800000E-1	-3.097550E-4	3.097550E-4	-7.887828E-6	7.887828E-6
-3.600000E-1	-2.910770E-4	2.910770E-4	-7.412198E-6	7.412198E-6
-3.400000E-1	-2.723850E-4	2.723850E-4	-6.936211E-6	6.936211E-6
-3.200000E-1	-2.577010E-4	2.577010E-4	-6.562287E-6	6.562287E-6
-3.000000E-1	-2.418180E-4	2.418180E-4	-6.157830E-6	6.157830E-6
-2.800000E-1	-2.243130E-4	2.243130E-4	-5.712070E-6	5.712070E-6
-2.600000E-1	-2.088090E-4	2.088090E-4	-5.317265E-6	5.317265E-6
-2.400000E-1	-1.925420E-4	1.925420E-4	-4.903030E-6	4.903030E-6
-2.200000E-1	-1.767660E-4	1.767660E-4	-4.501299E-6	4.501299E-6
-2.000000E-1	-1.617350E-4	1.617350E-4	-4.118538E-6	4.118538E-6
-1.800000E-1	-1.464970E-4	1.464970E-4	-3.730507E-6	3.730507E-6
-1.600000E-1	-1.302750E-4	1.302750E-4	-3.317418E-6	3.317418E-6
-1.400000E-1	-1.144410E-4	1.144410E-4	-2.914209E-6	2.914209E-6
-1.200000E-1	-9.876260E-5	9.876260E-5	-2.514963E-6	2.514963E-6
-1.000000E-1	-8.263640E-5	8.263640E-5	-2.104314E-6	2.104314E-6
-8.000000E-2	-6.661280E-5	6.661280E-5	-1.696277E-6	1.696277E-6
-6.000000E-2	-5.047670E-5	5.047670E-5	-1.285376E-6	1.285376E-6
-4.000000E-2	-3.393340E-5	3.393340E-5	-8.641049E-7	8.641049E-7
-2.000000E-2	-1.704100E-5	1.704100E-5	-4.339445E-7	4.339445E-7
0.000000E+0	-5.463140E-8	5.463140E-8	-1.391174E-9	1.391174E-9
2.000000E-2	1.736090E-5	1.736090E-5	4.420906E-7	4.420906E-7
4.000000E-2	3.507780E-5	3.507780E-5	8.932467E-7	8.932467E-7
6.000000E-2	5.303250E-5	5.303250E-5	1.350458E-6	1.350458E-6
8.000000E-2	7.127940E-5	7.127940E-5	1.815111E-6	1.815111E-6
1.000000E-1	9.004760E-5	9.004760E-5	2.293038E-6	2.293038E-6
1.200000E-1	1.099541E-4	1.099541E-4	2.799952E-6	2.799952E-6
1.400000E-1	1.296310E-4	1.296310E-4	3.301019E-6	3.301019E-6
1.600000E-1	1.497290E-4	1.497290E-4	3.812809E-6	3.812809E-6
1.800000E-1	1.708080E-4	1.708080E-4	4.349580E-6	4.349580E-6
2.000000E-1	1.929950E-4	1.929950E-4	4.914566E-6	4.914566E-6
2.200000E-1	2.163830E-4	2.163830E-4	5.510135E-6	5.510135E-6
2.400000E-1	2.397840E-4	2.397840E-4	6.106035E-6	6.106035E-6
2.600000E-1	2.640980E-4	2.640980E-4	6.725185E-6	6.725185E-6
2.800000E-1	2.871110E-4	2.871110E-4	7.311204E-6	7.311204E-6
3.000000E-1	3.142160E-4	3.142160E-4	8.001426E-6	8.001426E-6
3.200000E-1	3.453240E-4	3.453240E-4	8.793583E-6	8.793583E-6
3.400000E-1	3.744520E-4	3.744520E-4	9.535319E-6	9.535319E-6
3.600000E-1	4.035630E-4	4.035630E-4	1.027662E-5	1.027662E-5
3.800000E-1	4.366300E-4	4.366300E-4	1.111867E-5	1.111867E-5
4.000000E-1	4.666340E-4	4.666340E-4	1.188271E-5	1.188271E-5
4.200000E-1	4.964140E-4	4.964140E-4	1.264105E-5	1.264105E-5
4.400000E-1	5.542420E-4	5.542420E-4	1.411362E-5	1.411362E-5
4.600000E-1	6.154210E-4	6.154210E-4	1.567153E-5	1.567153E-5
4.800000E-1	6.770740E-4	6.770740E-4	1.724151E-5	1.724151E-5
5.000000E-1	7.568070E-4	7.568070E-4	1.927189E-5	1.927189E-5
