##
##
##15:12:00	20/01/21
##
##
##Ell Cont: 5,0x10,0
##
##SMU1	V name:		V1
##	I name:		I1
##	Mode:		V
##	Function:	VAR1
##SMU2	V name:		V2
##	I name:		I2
##	Mode:		common
##	Function:	const.
##SMU3	off
##SMU4	off
##VMUs	off
##
##Primary Source (VAR1):	single
##	Sweep Spacing:	linear
##	Start:		-0.500000
##	Stop:		0.500000
##	Step:		0.020000
##	Compliance:	0.050000
##Power Compliance OFF
##
##Timing:		Integration Time:	medium
##	Delay Time (sec):	0.000000
##	Hold Time (sec):	0.000000
##	Wait Time (sec):	1.000000
##
##Secondary Source (VAR2):	OFF
##
##
##   V1	   I1	Abs(I)	J (A\um²)	Abs(J)
-5.000000E-1	-4.584480E-4	4.584480E-4	-1.167426E-5	1.167426E-5
-4.800000E-1	-4.370350E-4	4.370350E-4	-1.112898E-5	1.112898E-5
-4.600000E-1	-4.150740E-4	4.150740E-4	-1.056975E-5	1.056975E-5
-4.400000E-1	-3.947340E-4	3.947340E-4	-1.005180E-5	1.005180E-5
-4.200000E-1	-3.754710E-4	3.754710E-4	-9.561268E-6	9.561268E-6
-4.000000E-1	-3.547970E-4	3.547970E-4	-9.034810E-6	9.034810E-6
-3.800000E-1	-3.352260E-4	3.352260E-4	-8.536440E-6	8.536440E-6
-3.600000E-1	-3.159600E-4	3.159600E-4	-8.045836E-6	8.045836E-6
-3.400000E-1	-2.969470E-4	2.969470E-4	-7.561675E-6	7.561675E-6
-3.200000E-1	-2.779510E-4	2.779510E-4	-7.077947E-6	7.077947E-6
-3.000000E-1	-2.594440E-4	2.594440E-4	-6.606672E-6	6.606672E-6
-2.800000E-1	-2.411360E-4	2.411360E-4	-6.140463E-6	6.140463E-6
-2.600000E-1	-2.232700E-4	2.232700E-4	-5.685511E-6	5.685511E-6
-2.400000E-1	-2.054300E-4	2.054300E-4	-5.231220E-6	5.231220E-6
-2.200000E-1	-1.874470E-4	1.874470E-4	-4.773287E-6	4.773287E-6
-2.000000E-1	-1.700890E-4	1.700890E-4	-4.331271E-6	4.331271E-6
-1.800000E-1	-1.532000E-4	1.532000E-4	-3.901197E-6	3.901197E-6
-1.600000E-1	-1.360110E-4	1.360110E-4	-3.463484E-6	3.463484E-6
-1.400000E-1	-1.187610E-4	1.187610E-4	-3.024217E-6	3.024217E-6
-1.200000E-1	-1.016620E-4	1.016620E-4	-2.588795E-6	2.588795E-6
-1.000000E-1	-8.456830E-5	8.456830E-5	-2.153509E-6	2.153509E-6
-8.000000E-2	-6.762460E-5	6.762460E-5	-1.722042E-6	1.722042E-6
-6.000000E-2	-5.069270E-5	5.069270E-5	-1.290876E-6	1.290876E-6
-4.000000E-2	-3.382510E-5	3.382510E-5	-8.613471E-7	8.613471E-7
-2.000000E-2	-1.693560E-5	1.693560E-5	-4.312605E-7	4.312605E-7
0.000000E+0	-5.425660E-8	5.425660E-8	-1.381630E-9	1.381630E-9
2.000000E-2	1.679310E-5	1.679310E-5	4.276318E-7	4.276318E-7
4.000000E-2	3.373820E-5	3.373820E-5	8.591342E-7	8.591342E-7
6.000000E-2	5.098160E-5	5.098160E-5	1.298233E-6	1.298233E-6
8.000000E-2	6.819850E-5	6.819850E-5	1.736656E-6	1.736656E-6
1.000000E-1	8.592700E-5	8.592700E-5	2.188108E-6	2.188108E-6
1.200000E-1	1.037842E-4	1.037842E-4	2.642837E-6	2.642837E-6
1.400000E-1	1.219610E-4	1.219610E-4	3.105704E-6	3.105704E-6
1.600000E-1	1.405520E-4	1.405520E-4	3.579119E-6	3.579119E-6
1.800000E-1	1.591120E-4	1.591120E-4	4.051744E-6	4.051744E-6
2.000000E-1	1.789000E-4	1.789000E-4	4.555640E-6	4.555640E-6
2.200000E-1	1.983310E-4	1.983310E-4	5.050446E-6	5.050446E-6
2.400000E-1	2.191120E-4	2.191120E-4	5.579628E-6	5.579628E-6
2.600000E-1	2.396810E-4	2.396810E-4	6.103412E-6	6.103412E-6
2.800000E-1	2.610410E-4	2.610410E-4	6.647339E-6	6.647339E-6
3.000000E-1	2.827480E-4	2.827480E-4	7.200102E-6	7.200102E-6
3.200000E-1	3.052850E-4	3.052850E-4	7.774000E-6	7.774000E-6
3.400000E-1	3.285660E-4	3.285660E-4	8.366845E-6	8.366845E-6
3.600000E-1	3.532760E-4	3.532760E-4	8.996078E-6	8.996078E-6
3.800000E-1	3.780990E-4	3.780990E-4	9.628189E-6	9.628189E-6
4.000000E-1	4.042310E-4	4.042310E-4	1.029363E-5	1.029363E-5
4.200000E-1	4.312940E-4	4.312940E-4	1.098279E-5	1.098279E-5
4.400000E-1	4.583280E-4	4.583280E-4	1.167120E-5	1.167120E-5
4.600000E-1	4.888110E-4	4.888110E-4	1.244744E-5	1.244744E-5
4.800000E-1	5.163670E-4	5.163670E-4	1.314915E-5	1.314915E-5
5.000000E-1	5.483220E-4	5.483220E-4	1.396287E-5	1.396287E-5
