##
##
##15:25:30	20/01/21
##
##
##Ell Cont: 5,0x10,0
##
##SMU1	V name:		V1
##	I name:		I1
##	Mode:		V
##	Function:	VAR1
##SMU2	V name:		V2
##	I name:		I2
##	Mode:		common
##	Function:	const.
##SMU3	off
##SMU4	off
##VMUs	off
##
##Primary Source (VAR1):	single
##	Sweep Spacing:	linear
##	Start:		-0.500000
##	Stop:		0.500000
##	Step:		0.020000
##	Compliance:	0.050000
##Power Compliance OFF
##
##Timing:		Integration Time:	medium
##	Delay Time (sec):	0.000000
##	Hold Time (sec):	0.000000
##	Wait Time (sec):	1.000000
##
##Secondary Source (VAR2):	OFF
##
##
##   V1	   I1	Abs(I)	J (A\um²)	Abs(J)
-5.000000E-1	-2.241690E-4	2.241690E-4	-5.708403E-6	5.708403E-6
-4.800000E-1	-2.126680E-4	2.126680E-4	-5.415533E-6	5.415533E-6
-4.600000E-1	-2.011260E-4	2.011260E-4	-5.121619E-6	5.121619E-6
-4.400000E-1	-1.902620E-4	1.902620E-4	-4.844971E-6	4.844971E-6
-4.200000E-1	-1.798270E-4	1.798270E-4	-4.579246E-6	4.579246E-6
-4.000000E-1	-1.701650E-4	1.701650E-4	-4.333206E-6	4.333206E-6
-3.800000E-1	-1.608960E-4	1.608960E-4	-4.097173E-6	4.097173E-6
-3.600000E-1	-1.514270E-4	1.514270E-4	-3.856048E-6	3.856048E-6
-3.400000E-1	-1.417270E-4	1.417270E-4	-3.609040E-6	3.609040E-6
-3.200000E-1	-1.322850E-4	1.322850E-4	-3.368602E-6	3.368602E-6
-3.000000E-1	-1.232720E-4	1.232720E-4	-3.139088E-6	3.139088E-6
-2.800000E-1	-1.143210E-4	1.143210E-4	-2.911154E-6	2.911154E-6
-2.600000E-1	-1.054710E-4	1.054710E-4	-2.685791E-6	2.685791E-6
-2.400000E-1	-9.668320E-5	9.668320E-5	-2.462012E-6	2.462012E-6
-2.200000E-1	-8.829070E-5	8.829070E-5	-2.248299E-6	2.248299E-6
-2.000000E-1	-7.978280E-5	7.978280E-5	-2.031648E-6	2.031648E-6
-1.800000E-1	-7.153020E-5	7.153020E-5	-1.821497E-6	1.821497E-6
-1.600000E-1	-6.326140E-5	6.326140E-5	-1.610935E-6	1.610935E-6
-1.400000E-1	-5.521300E-5	5.521300E-5	-1.405984E-6	1.405984E-6
-1.200000E-1	-4.714510E-5	4.714510E-5	-1.200537E-6	1.200537E-6
-1.000000E-1	-3.912820E-5	3.912820E-5	-9.963891E-7	9.963891E-7
-8.000000E-2	-3.121940E-5	3.121940E-5	-7.949936E-7	7.949936E-7
-6.000000E-2	-2.341480E-5	2.341480E-5	-5.962516E-7	5.962516E-7
-4.000000E-2	-1.557890E-5	1.557890E-5	-3.967125E-7	3.967125E-7
-2.000000E-2	-7.777500E-6	7.777500E-6	-1.980519E-7	1.980519E-7
0.000000E+0	-2.134710E-8	2.134710E-8	-5.435982E-10	5.435982E-10
2.000000E-2	7.703630E-6	7.703630E-6	1.961709E-7	1.961709E-7
4.000000E-2	1.552020E-5	1.552020E-5	3.952177E-7	3.952177E-7
6.000000E-2	2.335950E-5	2.335950E-5	5.948434E-7	5.948434E-7
8.000000E-2	3.122170E-5	3.122170E-5	7.950522E-7	7.950522E-7
1.000000E-1	3.920750E-5	3.920750E-5	9.984084E-7	9.984084E-7
1.200000E-1	4.725370E-5	4.725370E-5	1.203303E-6	1.203303E-6
1.400000E-1	5.545270E-5	5.545270E-5	1.412088E-6	1.412088E-6
1.600000E-1	6.389300E-5	6.389300E-5	1.627018E-6	1.627018E-6
1.800000E-1	7.235250E-5	7.235250E-5	1.842437E-6	1.842437E-6
2.000000E-1	8.100090E-5	8.100090E-5	2.062666E-6	2.062666E-6
2.200000E-1	9.004490E-5	9.004490E-5	2.292969E-6	2.292969E-6
2.400000E-1	9.902290E-5	9.902290E-5	2.521592E-6	2.521592E-6
2.600000E-1	1.085418E-4	1.085418E-4	2.763988E-6	2.763988E-6
2.800000E-1	1.180210E-4	1.180210E-4	3.005373E-6	3.005373E-6
3.000000E-1	1.277220E-4	1.277220E-4	3.252406E-6	3.252406E-6
3.200000E-1	1.376460E-4	1.376460E-4	3.505118E-6	3.505118E-6
3.400000E-1	1.480060E-4	1.480060E-4	3.768933E-6	3.768933E-6
3.600000E-1	1.585750E-4	1.585750E-4	4.038070E-6	4.038070E-6
3.800000E-1	1.696540E-4	1.696540E-4	4.320193E-6	4.320193E-6
4.000000E-1	1.805310E-4	1.805310E-4	4.597173E-6	4.597173E-6
4.200000E-1	1.926360E-4	1.926360E-4	4.905424E-6	4.905424E-6
4.400000E-1	2.047410E-4	2.047410E-4	5.213674E-6	5.213674E-6
4.600000E-1	2.166390E-4	2.166390E-4	5.516654E-6	5.516654E-6
4.800000E-1	2.297110E-4	2.297110E-4	5.849529E-6	5.849529E-6
5.000000E-1	2.435380E-4	2.435380E-4	6.201630E-6	6.201630E-6
