##
##
##15:40:47	20/01/21
##
##
##Ell Cont: 5,0x10,0
##
##SMU1	V name:		V1
##	I name:		I1
##	Mode:		V
##	Function:	VAR1
##SMU2	V name:		V2
##	I name:		I2
##	Mode:		common
##	Function:	const.
##SMU3	off
##SMU4	off
##VMUs	off
##
##Primary Source (VAR1):	single
##	Sweep Spacing:	linear
##	Start:		-0.500000
##	Stop:		0.500000
##	Step:		0.020000
##	Compliance:	0.050000
##Power Compliance OFF
##
##Timing:		Integration Time:	medium
##	Delay Time (sec):	0.000000
##	Hold Time (sec):	0.000000
##	Wait Time (sec):	1.000000
##
##Secondary Source (VAR2):	OFF
##
##
##   V1	   I1	Abs(I)	J (A\um²)	Abs(J)
-5.000000E-1	-2.721820E-3	2.721820E-3	-6.931041E-5	6.931041E-5
-4.800000E-1	-2.613160E-3	2.613160E-3	-6.654342E-5	6.654342E-5
-4.600000E-1	-2.504900E-3	2.504900E-3	-6.378660E-5	6.378660E-5
-4.400000E-1	-2.395970E-3	2.395970E-3	-6.101273E-5	6.101273E-5
-4.200000E-1	-2.287300E-3	2.287300E-3	-5.824548E-5	5.824548E-5
-4.000000E-1	-2.178850E-3	2.178850E-3	-5.548383E-5	5.548383E-5
-3.800000E-1	-2.070880E-3	2.070880E-3	-5.273440E-5	5.273440E-5
-3.600000E-1	-1.962190E-3	1.962190E-3	-4.996664E-5	4.996664E-5
-3.400000E-1	-1.852830E-3	1.852830E-3	-4.718182E-5	4.718182E-5
-3.200000E-1	-1.743850E-3	1.743850E-3	-4.440667E-5	4.440667E-5
-3.000000E-1	-1.635060E-3	1.635060E-3	-4.163636E-5	4.163636E-5
-2.800000E-1	-1.525630E-3	1.525630E-3	-3.884976E-5	3.884976E-5
-2.600000E-1	-1.416900E-3	1.416900E-3	-3.608098E-5	3.608098E-5
-2.400000E-1	-1.307900E-3	1.307900E-3	-3.330532E-5	3.330532E-5
-2.200000E-1	-1.199000E-3	1.199000E-3	-3.053221E-5	3.053221E-5
-2.000000E-1	-1.090180E-3	1.090180E-3	-2.776114E-5	2.776114E-5
-1.800000E-1	-9.811570E-4	9.811570E-4	-2.498490E-5	2.498490E-5
-1.600000E-1	-8.726530E-4	8.726530E-4	-2.222187E-5	2.222187E-5
-1.400000E-1	-7.635020E-4	7.635020E-4	-1.944237E-5	1.944237E-5
-1.200000E-1	-6.545920E-4	6.545920E-4	-1.666901E-5	1.666901E-5
-1.000000E-1	-5.458490E-4	5.458490E-4	-1.389990E-5	1.389990E-5
-8.000000E-2	-4.368540E-4	4.368540E-4	-1.112437E-5	1.112437E-5
-6.000000E-2	-3.279350E-4	3.279350E-4	-8.350777E-6	8.350777E-6
-4.000000E-2	-2.189620E-4	2.189620E-4	-5.575808E-6	5.575808E-6
-2.000000E-2	-1.095040E-4	1.095040E-4	-2.788490E-6	2.788490E-6
0.000000E+0	-4.084100E-7	4.084100E-7	-1.040005E-8	1.040005E-8
2.000000E-2	1.086970E-4	1.086970E-4	2.767940E-6	2.767940E-6
4.000000E-2	2.178090E-4	2.178090E-4	5.546448E-6	5.546448E-6
6.000000E-2	3.269440E-4	3.269440E-4	8.325541E-6	8.325541E-6
8.000000E-2	4.359610E-4	4.359610E-4	1.110163E-5	1.110163E-5
1.000000E-1	5.452390E-4	5.452390E-4	1.388436E-5	1.388436E-5
1.200000E-1	6.546630E-4	6.546630E-4	1.667082E-5	1.667082E-5
1.400000E-1	7.639240E-4	7.639240E-4	1.945312E-5	1.945312E-5
1.600000E-1	8.734460E-4	8.734460E-4	2.224207E-5	2.224207E-5
1.800000E-1	9.834900E-4	9.834900E-4	2.504431E-5	2.504431E-5
2.000000E-1	1.092858E-3	1.092858E-3	2.782934E-5	2.782934E-5
2.200000E-1	1.202210E-3	1.202210E-3	3.061395E-5	3.061395E-5
2.400000E-1	1.311900E-3	1.311900E-3	3.340718E-5	3.340718E-5
2.600000E-1	1.421270E-3	1.421270E-3	3.619226E-5	3.619226E-5
2.800000E-1	1.531070E-3	1.531070E-3	3.898829E-5	3.898829E-5
3.000000E-1	1.640890E-3	1.640890E-3	4.178482E-5	4.178482E-5
3.200000E-1	1.750880E-3	1.750880E-3	4.458569E-5	4.458569E-5
3.400000E-1	1.861270E-3	1.861270E-3	4.739674E-5	4.739674E-5
3.600000E-1	1.970750E-3	1.970750E-3	5.018462E-5	5.018462E-5
3.800000E-1	2.081290E-3	2.081290E-3	5.299949E-5	5.299949E-5
4.000000E-1	2.192180E-3	2.192180E-3	5.582327E-5	5.582327E-5
4.200000E-1	2.302250E-3	2.302250E-3	5.862618E-5	5.862618E-5
4.400000E-1	2.412820E-3	2.412820E-3	6.144181E-5	6.144181E-5
4.600000E-1	2.523620E-3	2.523620E-3	6.426330E-5	6.426330E-5
4.800000E-1	2.632210E-3	2.632210E-3	6.702852E-5	6.702852E-5
5.000000E-1	2.743530E-3	2.743530E-3	6.986325E-5	6.986325E-5
