

12:13:49	22/03/21


Ell Cont: 5,0x10,0

SMU1	V name:		V1
	I name:		I1
	Mode:		V
	Function:	VAR1
SMU2	V name:		V2
	I name:		I2
	Mode:		common
	Function:	const.
SMU3	off
SMU4	off
VMUs	off

Primary Source (VAR1):	single
	Sweep Spacing:	linear
	Start:		-0.500000
	Stop:		0.500000
	Step:		0.010000
	Compliance:	0.050000
Power Compliance OFF

Timing:		Integration Time:	medium
	Delay Time (sec):	0.000000
	Hold Time (sec):	0.000000
	Wait Time (sec):	1.000000

Secondary Source (VAR2):	OFF


   V1	   I1	Abs(I)	J (A\µm²)	Abs(J)
-5.000000E-1	-4.102300E-10	4.102300E-10	-1.044640E-11	1.044640E-11
-4.900000E-1	-4.150500E-10	4.150500E-10	-1.056914E-11	1.056914E-11
-4.800000E-1	-3.730200E-10	3.730200E-10	-9.498854E-12	9.498854E-12
-4.700000E-1	-3.424600E-10	3.424600E-10	-8.720652E-12	8.720652E-12
-4.600000E-1	-3.270700E-10	3.270700E-10	-8.328750E-12	8.328750E-12
-4.500000E-1	-3.463200E-10	3.463200E-10	-8.818946E-12	8.818946E-12
-4.400000E-1	-2.874300E-10	2.874300E-10	-7.319328E-12	7.319328E-12
-4.300000E-1	-2.910200E-10	2.910200E-10	-7.410746E-12	7.410746E-12
-4.200000E-1	-2.732600E-10	2.732600E-10	-6.958492E-12	6.958492E-12
-4.100000E-1	-2.604100E-10	2.604100E-10	-6.631271E-12	6.631271E-12
-4.000000E-1	-2.397200E-10	2.397200E-10	-6.104405E-12	6.104405E-12
-3.900000E-1	-2.106500E-10	2.106500E-10	-5.364146E-12	5.364146E-12
-3.800000E-1	-1.975500E-10	1.975500E-10	-5.030558E-12	5.030558E-12
-3.700000E-1	-2.018600E-10	2.018600E-10	-5.140311E-12	5.140311E-12
-3.600000E-1	-1.738600E-10	1.738600E-10	-4.427298E-12	4.427298E-12
-3.500000E-1	-1.585600E-10	1.585600E-10	-4.037688E-12	4.037688E-12
-3.400000E-1	-1.517700E-10	1.517700E-10	-3.864782E-12	3.864782E-12
-3.300000E-1	-1.450900E-10	1.450900E-10	-3.694678E-12	3.694678E-12
-3.200000E-1	-1.393400E-10	1.393400E-10	-3.548256E-12	3.548256E-12
-3.100000E-1	-1.265900E-10	1.265900E-10	-3.223580E-12	3.223580E-12
-3.000000E-1	-1.238600E-10	1.238600E-10	-3.154062E-12	3.154062E-12
-2.900000E-1	-1.116700E-10	1.116700E-10	-2.843647E-12	2.843647E-12
-2.800000E-1	-1.064000E-10	1.064000E-10	-2.709447E-12	2.709447E-12
-2.700000E-1	-9.376000E-11	9.376000E-11	-2.387573E-12	2.387573E-12
-2.600000E-1	-9.251000E-11	9.251000E-11	-2.355742E-12	2.355742E-12
-2.500000E-1	-9.004000E-11	9.004000E-11	-2.292844E-12	2.292844E-12
-2.400000E-1	-8.585000E-11	8.585000E-11	-2.186147E-12	2.186147E-12
-2.300000E-1	-7.770000E-11	7.770000E-11	-1.978610E-12	1.978610E-12
-2.200000E-1	-7.320000E-11	7.320000E-11	-1.864018E-12	1.864018E-12
-2.100000E-1	-6.632000E-11	6.632000E-11	-1.688821E-12	1.688821E-12
-2.000000E-1	-6.328000E-11	6.328000E-11	-1.611408E-12	1.611408E-12
-1.900000E-1	-5.824000E-11	5.824000E-11	-1.483066E-12	1.483066E-12
-1.800000E-1	-5.466000E-11	5.466000E-11	-1.391902E-12	1.391902E-12
-1.700000E-1	-5.192000E-11	5.192000E-11	-1.322129E-12	1.322129E-12
-1.600000E-1	-4.716000E-11	4.716000E-11	-1.200917E-12	1.200917E-12
-1.500000E-1	-4.499000E-11	4.499000E-11	-1.145658E-12	1.145658E-12
-1.400000E-1	-4.022000E-11	4.022000E-11	-1.024191E-12	1.024191E-12
-1.300000E-1	-3.778000E-11	3.778000E-11	-9.620575E-13	9.620575E-13
-1.200000E-1	-3.331000E-11	3.331000E-11	-8.482302E-13	8.482302E-13
-1.100000E-1	-3.131000E-11	3.131000E-11	-7.973007E-13	7.973007E-13
-1.000000E-1	-2.803000E-11	2.803000E-11	-7.137764E-13	7.137764E-13
-9.000000E-2	-2.284000E-11	2.284000E-11	-5.816145E-13	5.816145E-13
-8.000000E-2	-2.062000E-11	2.062000E-11	-5.250828E-13	5.250828E-13
-7.000000E-2	-1.690000E-11	1.690000E-11	-4.303540E-13	4.303540E-13
-6.000000E-2	-1.566000E-11	1.566000E-11	-3.987777E-13	3.987777E-13
-5.000000E-2	-1.101000E-11	1.101000E-11	-2.803667E-13	2.803667E-13
-4.000000E-2	-8.810000E-12	8.810000E-12	-2.243443E-13	2.243443E-13
-3.000000E-2	-7.800000E-12	7.800000E-12	-1.986249E-13	1.986249E-13
-2.000000E-2	-4.800000E-12	4.800000E-12	-1.222307E-13	1.222307E-13
-1.000000E-2	-4.200000E-13	4.200000E-13	-1.069519E-14	1.069519E-14
0.000000E+0	1.290000E-12	1.290000E-12	3.284950E-14	3.284950E-14
1.000000E-2	2.700000E-12	2.700000E-12	6.875477E-14	6.875477E-14
2.000000E-2	4.820000E-12	4.820000E-12	1.227400E-13	1.227400E-13
3.000000E-2	9.680000E-12	9.680000E-12	2.464986E-13	2.464986E-13
4.000000E-2	1.103000E-11	1.103000E-11	2.808760E-13	2.808760E-13
5.000000E-2	1.522000E-11	1.522000E-11	3.875732E-13	3.875732E-13
6.000000E-2	1.768000E-11	1.768000E-11	4.502164E-13	4.502164E-13
7.000000E-2	1.993000E-11	1.993000E-11	5.075121E-13	5.075121E-13
8.000000E-2	2.398000E-11	2.398000E-11	6.106443E-13	6.106443E-13
9.000000E-2	2.480000E-11	2.480000E-11	6.315253E-13	6.315253E-13
1.000000E-1	2.853000E-11	2.853000E-11	7.265088E-13	7.265088E-13
1.100000E-1	3.039000E-11	3.039000E-11	7.738732E-13	7.738732E-13
1.200000E-1	3.311000E-11	3.311000E-11	8.431372E-13	8.431372E-13
1.300000E-1	3.657000E-11	3.657000E-11	9.312452E-13	9.312452E-13
1.400000E-1	4.070000E-11	4.070000E-11	1.036415E-12	1.036415E-12
1.500000E-1	4.643000E-11	4.643000E-11	1.182327E-12	1.182327E-12
1.600000E-1	4.952000E-11	4.952000E-11	1.261013E-12	1.261013E-12
1.700000E-1	5.524000E-11	5.524000E-11	1.406672E-12	1.406672E-12
1.800000E-1	5.752000E-11	5.752000E-11	1.464731E-12	1.464731E-12
1.900000E-1	5.976000E-11	5.976000E-11	1.521772E-12	1.521772E-12
2.000000E-1	6.381000E-11	6.381000E-11	1.624904E-12	1.624904E-12
2.100000E-1	7.045000E-11	7.045000E-11	1.793990E-12	1.793990E-12
2.200000E-1	7.354000E-11	7.354000E-11	1.872676E-12	1.872676E-12
2.300000E-1	7.649000E-11	7.649000E-11	1.947797E-12	1.947797E-12
2.400000E-1	8.085000E-11	8.085000E-11	2.058824E-12	2.058824E-12
2.500000E-1	8.877000E-11	8.877000E-11	2.260504E-12	2.260504E-12
2.600000E-1	9.189000E-11	9.189000E-11	2.339954E-12	2.339954E-12
2.700000E-1	9.612000E-11	9.612000E-11	2.447670E-12	2.447670E-12
2.800000E-1	1.004000E-10	1.004000E-10	2.556659E-12	2.556659E-12
2.900000E-1	1.116900E-10	1.116900E-10	2.844156E-12	2.844156E-12
3.000000E-1	1.149400E-10	1.149400E-10	2.926916E-12	2.926916E-12
3.100000E-1	1.253900E-10	1.253900E-10	3.193023E-12	3.193023E-12
3.200000E-1	1.318200E-10	1.318200E-10	3.356761E-12	3.356761E-12
3.300000E-1	1.357800E-10	1.357800E-10	3.457601E-12	3.457601E-12
3.400000E-1	1.444000E-10	1.444000E-10	3.677107E-12	3.677107E-12
3.500000E-1	1.513200E-10	1.513200E-10	3.853323E-12	3.853323E-12
3.600000E-1	1.713100E-10	1.713100E-10	4.362363E-12	4.362363E-12
3.700000E-1	1.726500E-10	1.726500E-10	4.396486E-12	4.396486E-12
3.800000E-1	1.928600E-10	1.928600E-10	4.911128E-12	4.911128E-12
3.900000E-1	2.103900E-10	2.103900E-10	5.357525E-12	5.357525E-12
4.000000E-1	2.087900E-10	2.087900E-10	5.316781E-12	5.316781E-12
4.100000E-1	2.260800E-10	2.260800E-10	5.757066E-12	5.757066E-12
4.200000E-1	2.294700E-10	2.294700E-10	5.843392E-12	5.843392E-12
4.300000E-1	2.374700E-10	2.374700E-10	6.047110E-12	6.047110E-12
4.400000E-1	2.563200E-10	2.563200E-10	6.527120E-12	6.527120E-12
4.500000E-1	2.618800E-10	2.618800E-10	6.668704E-12	6.668704E-12
4.600000E-1	2.673600E-10	2.673600E-10	6.808250E-12	6.808250E-12
4.700000E-1	2.780100E-10	2.780100E-10	7.079450E-12	7.079450E-12
4.800000E-1	3.004300E-10	3.004300E-10	7.650369E-12	7.650369E-12
4.900000E-1	2.932200E-10	2.932200E-10	7.466768E-12	7.466768E-12
5.000000E-1	3.174700E-10	3.174700E-10	8.084288E-12	8.084288E-12
