

12:19:04	22/03/21


Ell Cont: 5,0x10,0

SMU1	V name:		V1
	I name:		I1
	Mode:		V
	Function:	VAR1
SMU2	V name:		V2
	I name:		I2
	Mode:		common
	Function:	const.
SMU3	off
SMU4	off
VMUs	off

Primary Source (VAR1):	single
	Sweep Spacing:	linear
	Start:		-0.500000
	Stop:		0.500000
	Step:		0.010000
	Compliance:	0.050000
Power Compliance OFF

Timing:		Integration Time:	medium
	Delay Time (sec):	0.000000
	Hold Time (sec):	0.000000
	Wait Time (sec):	1.000000

Secondary Source (VAR2):	OFF


   V1	   I1	Abs(I)	J (A\um²)	Abs(J)
-5.000000E-1	-5.706000E-11	5.706000E-11	-1.453018E-12	1.453018E-12
-4.900000E-1	-5.809000E-11	5.809000E-11	-1.479246E-12	1.479246E-12
-4.800000E-1	-6.899000E-11	6.899000E-11	-1.756812E-12	1.756812E-12
-4.700000E-1	-5.465000E-11	5.465000E-11	-1.391648E-12	1.391648E-12
-4.600000E-1	-5.585000E-11	5.585000E-11	-1.422205E-12	1.422205E-12
-4.500000E-1	-4.903000E-11	4.903000E-11	-1.248536E-12	1.248536E-12
-4.400000E-1	-4.701000E-11	4.701000E-11	-1.197097E-12	1.197097E-12
-4.300000E-1	-4.959000E-11	4.959000E-11	-1.262796E-12	1.262796E-12
-4.200000E-1	-4.713000E-11	4.713000E-11	-1.200153E-12	1.200153E-12
-4.100000E-1	-3.748000E-11	3.748000E-11	-9.544181E-13	9.544181E-13
-4.000000E-1	-3.795000E-11	3.795000E-11	-9.663865E-13	9.663865E-13
-3.900000E-1	-3.774000E-11	3.774000E-11	-9.610389E-13	9.610389E-13
-3.800000E-1	-3.376000E-11	3.376000E-11	-8.596893E-13	8.596893E-13
-3.700000E-1	-3.040000E-11	3.040000E-11	-7.741278E-13	7.741278E-13
-3.600000E-1	-2.343000E-11	2.343000E-11	-5.966386E-13	5.966386E-13
-3.500000E-1	-3.244000E-11	3.244000E-11	-8.260759E-13	8.260759E-13
-3.400000E-1	-1.830000E-11	1.830000E-11	-4.660046E-13	4.660046E-13
-3.300000E-1	-2.369000E-11	2.369000E-11	-6.032595E-13	6.032595E-13
-3.200000E-1	-1.706000E-11	1.706000E-11	-4.344283E-13	4.344283E-13
-3.100000E-1	-1.703000E-11	1.703000E-11	-4.336644E-13	4.336644E-13
-3.000000E-1	-1.341000E-11	1.341000E-11	-3.414820E-13	3.414820E-13
-2.900000E-1	-1.519000E-11	1.519000E-11	-3.868093E-13	3.868093E-13
-2.800000E-1	-1.746000E-11	1.746000E-11	-4.446142E-13	4.446142E-13
-2.700000E-1	-1.405000E-11	1.405000E-11	-3.577795E-13	3.577795E-13
-2.600000E-1	-1.705000E-11	1.705000E-11	-4.341737E-13	4.341737E-13
-2.500000E-1	-1.294000E-11	1.294000E-11	-3.295136E-13	3.295136E-13
-2.400000E-1	-1.585000E-11	1.585000E-11	-4.036160E-13	4.036160E-13
-2.300000E-1	-1.718000E-11	1.718000E-11	-4.374841E-13	4.374841E-13
-2.200000E-1	-1.629000E-11	1.629000E-11	-4.148205E-13	4.148205E-13
-2.100000E-1	-1.569000E-11	1.569000E-11	-3.995416E-13	3.995416E-13
-2.000000E-1	-1.587000E-11	1.587000E-11	-4.041253E-13	4.041253E-13
-1.900000E-1	-1.219000E-11	1.219000E-11	-3.104151E-13	3.104151E-13
-1.800000E-1	-1.410000E-11	1.410000E-11	-3.590527E-13	3.590527E-13
-1.700000E-1	-8.810000E-12	8.810000E-12	-2.243443E-13	2.243443E-13
-1.600000E-1	-1.034000E-11	1.034000E-11	-2.633053E-13	2.633053E-13
-1.500000E-1	-6.940000E-12	6.940000E-12	-1.767252E-13	1.767252E-13
-1.400000E-1	-2.000000E-12	2.000000E-12	-5.092946E-14	5.092946E-14
-1.300000E-1	1.700000E-13	1.700000E-13	4.329004E-15	4.329004E-15
-1.200000E-1	-5.240000E-12	5.240000E-12	-1.334352E-13	1.334352E-13
-1.100000E-1	-5.580000E-12	5.580000E-12	-1.420932E-13	1.420932E-13
-1.000000E-1	-4.810000E-12	4.810000E-12	-1.224854E-13	1.224854E-13
-9.000000E-2	-3.460000E-12	3.460000E-12	-8.810797E-14	8.810797E-14
-8.000000E-2	-4.610000E-12	4.610000E-12	-1.173924E-13	1.173924E-13
-7.000000E-2	-2.850000E-12	2.850000E-12	-7.257448E-14	7.257448E-14
-6.000000E-2	1.700000E-13	1.700000E-13	4.329004E-15	4.329004E-15
-5.000000E-2	1.100000E-13	1.100000E-13	2.801120E-15	2.801120E-15
-4.000000E-2	-8.900000E-13	8.900000E-13	-2.266361E-14	2.266361E-14
-3.000000E-2	4.600000E-13	4.600000E-13	1.171378E-14	1.171378E-14
-2.000000E-2	-1.110000E-12	1.110000E-12	-2.826585E-14	2.826585E-14
-1.000000E-2	-6.300000E-13	6.300000E-13	-1.604278E-14	1.604278E-14
0.000000E+0	1.960000E-12	1.960000E-12	4.991087E-14	4.991087E-14
1.000000E-2	2.200000E-12	2.200000E-12	5.602241E-14	5.602241E-14
2.000000E-2	4.530000E-12	4.530000E-12	1.153552E-13	1.153552E-13
3.000000E-2	3.270000E-12	3.270000E-12	8.326967E-14	8.326967E-14
4.000000E-2	5.130000E-12	5.130000E-12	1.306341E-13	1.306341E-13
5.000000E-2	3.370000E-12	3.370000E-12	8.581614E-14	8.581614E-14
6.000000E-2	8.570000E-12	8.570000E-12	2.182327E-13	2.182327E-13
7.000000E-2	7.510000E-12	7.510000E-12	1.912401E-13	1.912401E-13
8.000000E-2	9.740000E-12	9.740000E-12	2.480265E-13	2.480265E-13
9.000000E-2	1.185000E-11	1.185000E-11	3.017571E-13	3.017571E-13
1.000000E-1	9.100000E-12	9.100000E-12	2.317291E-13	2.317291E-13
1.100000E-1	8.070000E-12	8.070000E-12	2.055004E-13	2.055004E-13
1.200000E-1	1.363000E-11	1.363000E-11	3.470843E-13	3.470843E-13
1.300000E-1	1.348000E-11	1.348000E-11	3.432646E-13	3.432646E-13
1.400000E-1	1.423000E-11	1.423000E-11	3.623631E-13	3.623631E-13
1.500000E-1	1.586000E-11	1.586000E-11	4.038706E-13	4.038706E-13
1.600000E-1	1.719000E-11	1.719000E-11	4.377387E-13	4.377387E-13
1.700000E-1	1.838000E-11	1.838000E-11	4.680418E-13	4.680418E-13
1.800000E-1	1.841000E-11	1.841000E-11	4.688057E-13	4.688057E-13
1.900000E-1	2.107000E-11	2.107000E-11	5.365419E-13	5.365419E-13
2.000000E-1	1.919000E-11	1.919000E-11	4.886682E-13	4.886682E-13
2.100000E-1	2.187000E-11	2.187000E-11	5.569137E-13	5.569137E-13
2.200000E-1	2.548000E-11	2.548000E-11	6.488413E-13	6.488413E-13
2.300000E-1	2.245000E-11	2.245000E-11	5.716832E-13	5.716832E-13
2.400000E-1	2.025000E-11	2.025000E-11	5.156608E-13	5.156608E-13
2.500000E-1	2.545000E-11	2.545000E-11	6.480774E-13	6.480774E-13
2.600000E-1	2.502000E-11	2.502000E-11	6.371276E-13	6.371276E-13
2.700000E-1	3.164000E-11	3.164000E-11	8.057041E-13	8.057041E-13
2.800000E-1	2.389000E-11	2.389000E-11	6.083524E-13	6.083524E-13
2.900000E-1	2.415000E-11	2.415000E-11	6.149733E-13	6.149733E-13
3.000000E-1	2.253000E-11	2.253000E-11	5.737204E-13	5.737204E-13
3.100000E-1	2.642000E-11	2.642000E-11	6.727782E-13	6.727782E-13
3.200000E-1	2.857000E-11	2.857000E-11	7.275274E-13	7.275274E-13
3.300000E-1	2.982000E-11	2.982000E-11	7.593583E-13	7.593583E-13
3.400000E-1	4.121000E-11	4.121000E-11	1.049402E-12	1.049402E-12
3.500000E-1	3.550000E-11	3.550000E-11	9.039980E-13	9.039980E-13
3.600000E-1	3.800000E-11	3.800000E-11	9.676598E-13	9.676598E-13
3.700000E-1	3.646000E-11	3.646000E-11	9.284441E-13	9.284441E-13
3.800000E-1	3.255000E-11	3.255000E-11	8.288770E-13	8.288770E-13
3.900000E-1	2.791000E-11	2.791000E-11	7.107206E-13	7.107206E-13
4.000000E-1	3.400000E-11	3.400000E-11	8.658009E-13	8.658009E-13
4.100000E-1	3.417000E-11	3.417000E-11	8.701299E-13	8.701299E-13
4.200000E-1	3.260000E-11	3.260000E-11	8.301502E-13	8.301502E-13
4.300000E-1	3.505000E-11	3.505000E-11	8.925388E-13	8.925388E-13
4.400000E-1	3.373000E-11	3.373000E-11	8.589254E-13	8.589254E-13
4.500000E-1	3.269000E-11	3.269000E-11	8.324421E-13	8.324421E-13
4.600000E-1	2.564000E-11	2.564000E-11	6.529157E-13	6.529157E-13
4.700000E-1	3.545000E-11	3.545000E-11	9.027247E-13	9.027247E-13
4.800000E-1	3.723000E-11	3.723000E-11	9.480519E-13	9.480519E-13
4.900000E-1	4.401000E-11	4.401000E-11	1.120703E-12	1.120703E-12
5.000000E-1	3.233000E-11	3.233000E-11	8.232748E-13	8.232748E-13
