

12:07:30	22/03/21


Ell Cont: 5,0x10,0

SMU1	V name:		V1
	I name:		I1
	Mode:		V
	Function:	VAR1
SMU2	V name:		V2
	I name:		I2
	Mode:		common
	Function:	const.
SMU3	off
SMU4	off
VMUs	off

Primary Source (VAR1):	single
	Sweep Spacing:	linear
	Start:		-0.500000
	Stop:		0.500000
	Step:		0.010000
	Compliance:	0.050000
Power Compliance OFF

Timing:		Integration Time:	medium
	Delay Time (sec):	0.000000
	Hold Time (sec):	0.000000
	Wait Time (sec):	1.000000

Secondary Source (VAR2):	OFF


   V1	   I1	Abs(I)	J (A\um²)	Abs(J)
-5.000000E-1	-6.648140E-8	6.648140E-8	-1.692931E-9	1.692931E-9
-4.900000E-1	-6.963010E-8	6.963010E-8	-1.773112E-9	1.773112E-9
-4.800000E-1	-7.011470E-8	7.011470E-8	-1.785452E-9	1.785452E-9
-4.700000E-1	-7.596300E-8	7.596300E-8	-1.934377E-9	1.934377E-9
-4.600000E-1	-7.616140E-8	7.616140E-8	-1.939430E-9	1.939430E-9
-4.500000E-1	-7.737520E-8	7.737520E-8	-1.970339E-9	1.970339E-9
-4.400000E-1	-7.821090E-8	7.821090E-8	-1.991620E-9	1.991620E-9
-4.300000E-1	-7.206480E-8	7.206480E-8	-1.835111E-9	1.835111E-9
-4.200000E-1	-6.245700E-8	6.245700E-8	-1.590451E-9	1.590451E-9
-4.100000E-1	-6.069260E-8	6.069260E-8	-1.545521E-9	1.545521E-9
-4.000000E-1	-6.012400E-8	6.012400E-8	-1.531041E-9	1.531041E-9
-3.900000E-1	-6.709490E-8	6.709490E-8	-1.708554E-9	1.708554E-9
-3.800000E-1	-6.069820E-8	6.069820E-8	-1.545663E-9	1.545663E-9
-3.700000E-1	-5.485570E-8	5.485570E-8	-1.396886E-9	1.396886E-9
-3.600000E-1	-4.603930E-8	4.603930E-8	-1.172378E-9	1.172378E-9
-3.500000E-1	-4.505920E-8	4.505920E-8	-1.147420E-9	1.147420E-9
-3.400000E-1	-5.171850E-8	5.171850E-8	-1.316998E-9	1.316998E-9
-3.300000E-1	-3.838660E-8	3.838660E-8	-9.775044E-10	9.775044E-10
-3.200000E-1	-3.434870E-8	3.434870E-8	-8.746804E-10	8.746804E-10
-3.100000E-1	-3.133510E-8	3.133510E-8	-7.979399E-10	7.979399E-10
-3.000000E-1	-3.174900E-8	3.174900E-8	-8.084797E-10	8.084797E-10
-2.900000E-1	-3.027550E-8	3.027550E-8	-7.709575E-10	7.709575E-10
-2.800000E-1	-3.002850E-8	3.002850E-8	-7.646677E-10	7.646677E-10
-2.700000E-1	-3.343100E-8	3.343100E-8	-8.513114E-10	8.513114E-10
-2.600000E-1	-3.057680E-8	3.057680E-8	-7.786300E-10	7.786300E-10
-2.500000E-1	-3.028770E-8	3.028770E-8	-7.712681E-10	7.712681E-10
-2.400000E-1	-2.899900E-8	2.899900E-8	-7.384517E-10	7.384517E-10
-2.300000E-1	-2.615260E-8	2.615260E-8	-6.659689E-10	6.659689E-10
-2.200000E-1	-2.271150E-8	2.271150E-8	-5.783422E-10	5.783422E-10
-2.100000E-1	-2.062990E-8	2.062990E-8	-5.253349E-10	5.253349E-10
-2.000000E-1	-2.048440E-8	2.048440E-8	-5.216297E-10	5.216297E-10
-1.900000E-1	-1.977410E-8	1.977410E-8	-5.035421E-10	5.035421E-10
-1.800000E-1	-1.799780E-8	1.799780E-8	-4.583091E-10	4.583091E-10
-1.700000E-1	-1.731780E-8	1.731780E-8	-4.409931E-10	4.409931E-10
-1.600000E-1	-1.318130E-8	1.318130E-8	-3.356583E-10	3.356583E-10
-1.500000E-1	-1.242890E-8	1.242890E-8	-3.164986E-10	3.164986E-10
-1.400000E-1	-1.228740E-8	1.228740E-8	-3.128953E-10	3.128953E-10
-1.300000E-1	-1.057410E-8	1.057410E-8	-2.692666E-10	2.692666E-10
-1.200000E-1	-1.109440E-8	1.109440E-8	-2.825159E-10	2.825159E-10
-1.100000E-1	-1.193260E-8	1.193260E-8	-3.038604E-10	3.038604E-10
-1.000000E-1	-1.062270E-8	1.062270E-8	-2.705042E-10	2.705042E-10
-9.000000E-2	-9.892900E-9	9.892900E-9	-2.519200E-10	2.519200E-10
-8.000000E-2	-8.793880E-9	8.793880E-9	-2.239338E-10	2.239338E-10
-7.000000E-2	-8.710930E-9	8.710930E-9	-2.218215E-10	2.218215E-10
-6.000000E-2	-6.496720E-9	6.496720E-9	-1.654372E-10	1.654372E-10
-5.000000E-2	-4.290360E-9	4.290360E-9	-1.092529E-10	1.092529E-10
-4.000000E-2	-2.613980E-9	2.613980E-9	-6.656430E-11	6.656430E-11
-3.000000E-2	-1.915890E-9	1.915890E-9	-4.878762E-11	4.878762E-11
-2.000000E-2	-1.235710E-9	1.235710E-9	-3.146702E-11	3.146702E-11
-1.000000E-2	-7.398900E-10	7.398900E-10	-1.884110E-11	1.884110E-11
0.000000E+0	1.800000E-12	1.800000E-12	4.583652E-14	4.583652E-14
1.000000E-2	9.568100E-10	9.568100E-10	2.436491E-11	2.436491E-11
2.000000E-2	1.988300E-9	1.988300E-9	5.063152E-11	5.063152E-11
3.000000E-2	2.645270E-9	2.645270E-9	6.736109E-11	6.736109E-11
4.000000E-2	3.975380E-9	3.975380E-9	1.012320E-10	1.012320E-10
5.000000E-2	4.674740E-9	4.674740E-9	1.190410E-10	1.190410E-10
6.000000E-2	6.948370E-9	6.948370E-9	1.769384E-10	1.769384E-10
7.000000E-2	8.915220E-9	8.915220E-9	2.270237E-10	2.270237E-10
8.000000E-2	1.093091E-8	1.093091E-8	2.783527E-10	2.783527E-10
9.000000E-2	1.386580E-8	1.386580E-8	3.530889E-10	3.530889E-10
1.000000E-1	1.365880E-8	1.365880E-8	3.478177E-10	3.478177E-10
1.100000E-1	1.558920E-8	1.558920E-8	3.969748E-10	3.969748E-10
1.200000E-1	1.526070E-8	1.526070E-8	3.886096E-10	3.886096E-10
1.300000E-1	1.709150E-8	1.709150E-8	4.352305E-10	4.352305E-10
1.400000E-1	1.847030E-8	1.847030E-8	4.703412E-10	4.703412E-10
1.500000E-1	1.996500E-8	1.996500E-8	5.084034E-10	5.084034E-10
1.600000E-1	2.181020E-8	2.181020E-8	5.553909E-10	5.553909E-10
1.700000E-1	2.218100E-8	2.218100E-8	5.648332E-10	5.648332E-10
1.800000E-1	2.447340E-8	2.447340E-8	6.232085E-10	6.232085E-10
1.900000E-1	2.646390E-8	2.646390E-8	6.738961E-10	6.738961E-10
2.000000E-1	2.704190E-8	2.704190E-8	6.886147E-10	6.886147E-10
2.100000E-1	2.877570E-8	2.877570E-8	7.327655E-10	7.327655E-10
2.200000E-1	3.215690E-8	3.215690E-8	8.188668E-10	8.188668E-10
2.300000E-1	3.764800E-8	3.764800E-8	9.586962E-10	9.586962E-10
2.400000E-1	3.878130E-8	3.878130E-8	9.875554E-10	9.875554E-10
2.500000E-1	4.055290E-8	4.055290E-8	1.032669E-9	1.032669E-9
2.600000E-1	4.163710E-8	4.163710E-8	1.060278E-9	1.060278E-9
2.700000E-1	5.084110E-8	5.084110E-8	1.294655E-9	1.294655E-9
2.800000E-1	5.252280E-8	5.252280E-8	1.337479E-9	1.337479E-9
2.900000E-1	5.825590E-8	5.825590E-8	1.483471E-9	1.483471E-9
3.000000E-1	5.618110E-8	5.618110E-8	1.430637E-9	1.430637E-9
3.100000E-1	6.066290E-8	6.066290E-8	1.544764E-9	1.544764E-9
3.200000E-1	6.580720E-8	6.580720E-8	1.675763E-9	1.675763E-9
3.300000E-1	6.623600E-8	6.623600E-8	1.686682E-9	1.686682E-9
3.400000E-1	7.922680E-8	7.922680E-8	2.017489E-9	2.017489E-9
3.500000E-1	7.777810E-8	7.777810E-8	1.980598E-9	1.980598E-9
3.600000E-1	8.818900E-8	8.818900E-8	2.245709E-9	2.245709E-9
3.700000E-1	8.235400E-8	8.235400E-8	2.097122E-9	2.097122E-9
3.800000E-1	7.375390E-8	7.375390E-8	1.878123E-9	1.878123E-9
3.900000E-1	7.395130E-8	7.395130E-8	1.883150E-9	1.883150E-9
4.000000E-1	9.531730E-8	9.531730E-8	2.427229E-9	2.427229E-9
4.100000E-1	9.824930E-8	9.824930E-8	2.501892E-9	2.501892E-9
4.200000E-1	9.624770E-8	9.624770E-8	2.450922E-9	2.450922E-9
4.300000E-1	1.068887E-7	1.068887E-7	2.721892E-9	2.721892E-9
4.400000E-1	1.121425E-7	1.121425E-7	2.855679E-9	2.855679E-9
4.500000E-1	1.253710E-7	1.253710E-7	3.192539E-9	3.192539E-9
4.600000E-1	1.357810E-7	1.357810E-7	3.457627E-9	3.457627E-9
4.700000E-1	1.462640E-7	1.462640E-7	3.724573E-9	3.724573E-9
4.800000E-1	1.493770E-7	1.493770E-7	3.803845E-9	3.803845E-9
4.900000E-1	1.447430E-7	1.447430E-7	3.685842E-9	3.685842E-9
5.000000E-1	1.481010E-7	1.481010E-7	3.771352E-9	3.771352E-9
