

12:23:37	22/03/21


Ell Cont: 5,0x10,0

SMU1	V name:		V1
	I name:		I1
	Mode:		V
	Function:	VAR1
SMU2	V name:		V2
	I name:		I2
	Mode:		common
	Function:	const.
SMU3	off
SMU4	off
VMUs	off

Primary Source (VAR1):	single
	Sweep Spacing:	linear
	Start:		-0.500000
	Stop:		0.500000
	Step:		0.010000
	Compliance:	0.050000
Power Compliance OFF

Timing:		Integration Time:	medium
	Delay Time (sec):	0.000000
	Hold Time (sec):	0.000000
	Wait Time (sec):	1.000000

Secondary Source (VAR2):	OFF


   V1	   I1	Abs(I)	J (A\um²)	Abs(J)
-5.000000E-1	-2.523770E-4	2.523770E-4	-6.426712E-6	6.426712E-6
-4.900000E-1	-2.474930E-4	2.474930E-4	-6.302343E-6	6.302343E-6
-4.800000E-1	-2.419050E-4	2.419050E-4	-6.160046E-6	6.160046E-6
-4.700000E-1	-2.363310E-4	2.363310E-4	-6.018105E-6	6.018105E-6
-4.600000E-1	-2.317390E-4	2.317390E-4	-5.901171E-6	5.901171E-6
-4.500000E-1	-2.270660E-4	2.270660E-4	-5.782175E-6	5.782175E-6
-4.400000E-1	-2.219470E-4	2.219470E-4	-5.651821E-6	5.651821E-6
-4.300000E-1	-2.170760E-4	2.170760E-4	-5.527782E-6	5.527782E-6
-4.200000E-1	-2.122130E-4	2.122130E-4	-5.403947E-6	5.403947E-6
-4.100000E-1	-2.071140E-4	2.071140E-4	-5.274102E-6	5.274102E-6
-4.000000E-1	-2.022320E-4	2.022320E-4	-5.149783E-6	5.149783E-6
-3.900000E-1	-1.971960E-4	1.971960E-4	-5.021543E-6	5.021543E-6
-3.800000E-1	-1.925310E-4	1.925310E-4	-4.902750E-6	4.902750E-6
-3.700000E-1	-1.877790E-4	1.877790E-4	-4.781742E-6	4.781742E-6
-3.600000E-1	-1.829540E-4	1.829540E-4	-4.658874E-6	4.658874E-6
-3.500000E-1	-1.780240E-4	1.780240E-4	-4.533333E-6	4.533333E-6
-3.400000E-1	-1.728620E-4	1.728620E-4	-4.401884E-6	4.401884E-6
-3.300000E-1	-1.678520E-4	1.678520E-4	-4.274306E-6	4.274306E-6
-3.200000E-1	-1.628410E-4	1.628410E-4	-4.146702E-6	4.146702E-6
-3.100000E-1	-1.577180E-4	1.577180E-4	-4.016246E-6	4.016246E-6
-3.000000E-1	-1.528860E-4	1.528860E-4	-3.893201E-6	3.893201E-6
-2.900000E-1	-1.477560E-4	1.477560E-4	-3.762567E-6	3.762567E-6
-2.800000E-1	-1.428380E-4	1.428380E-4	-3.637331E-6	3.637331E-6
-2.700000E-1	-1.376750E-4	1.376750E-4	-3.505857E-6	3.505857E-6
-2.600000E-1	-1.326640E-4	1.326640E-4	-3.378253E-6	3.378253E-6
-2.500000E-1	-1.275860E-4	1.275860E-4	-3.248943E-6	3.248943E-6
-2.400000E-1	-1.225780E-4	1.225780E-4	-3.121416E-6	3.121416E-6
-2.300000E-1	-1.176370E-4	1.176370E-4	-2.995595E-6	2.995595E-6
-2.200000E-1	-1.125230E-4	1.125230E-4	-2.865368E-6	2.865368E-6
-2.100000E-1	-1.074470E-4	1.074470E-4	-2.736109E-6	2.736109E-6
-2.000000E-1	-1.023350E-4	1.023350E-4	-2.605933E-6	2.605933E-6
-1.900000E-1	-9.745420E-5	9.745420E-5	-2.481645E-6	2.481645E-6
-1.800000E-1	-9.233070E-5	9.233070E-5	-2.351176E-6	2.351176E-6
-1.700000E-1	-8.710000E-5	8.710000E-5	-2.217978E-6	2.217978E-6
-1.600000E-1	-8.191320E-5	8.191320E-5	-2.085898E-6	2.085898E-6
-1.500000E-1	-7.706380E-5	7.706380E-5	-1.962409E-6	1.962409E-6
-1.400000E-1	-7.206010E-5	7.206010E-5	-1.834991E-6	1.834991E-6
-1.300000E-1	-6.678690E-5	6.678690E-5	-1.700710E-6	1.700710E-6
-1.200000E-1	-6.161190E-5	6.161190E-5	-1.568930E-6	1.568930E-6
-1.100000E-1	-5.648210E-5	5.648210E-5	-1.438301E-6	1.438301E-6
-1.000000E-1	-5.144630E-5	5.144630E-5	-1.310066E-6	1.310066E-6
-9.000000E-2	-4.633350E-5	4.633350E-5	-1.179870E-6	1.179870E-6
-8.000000E-2	-4.126210E-5	4.126210E-5	-1.050728E-6	1.050728E-6
-7.000000E-2	-3.610750E-5	3.610750E-5	-9.194678E-7	9.194678E-7
-6.000000E-2	-3.099700E-5	3.099700E-5	-7.893303E-7	7.893303E-7
-5.000000E-2	-2.583330E-5	2.583330E-5	-6.578380E-7	6.578380E-7
-4.000000E-2	-2.070490E-5	2.070490E-5	-5.272447E-7	5.272447E-7
-3.000000E-2	-1.551670E-5	1.551670E-5	-3.951286E-7	3.951286E-7
-2.000000E-2	-1.034790E-5	1.034790E-5	-2.635065E-7	2.635065E-7
-1.000000E-2	-5.210140E-6	5.210140E-6	-1.326748E-7	1.326748E-7
0.000000E+0	-3.198790E-8	3.198790E-8	-8.145633E-10	8.145633E-10
1.000000E-2	5.106370E-6	5.106370E-6	1.300323E-7	1.300323E-7
2.000000E-2	1.029602E-5	1.029602E-5	2.621854E-7	2.621854E-7
3.000000E-2	1.542650E-5	1.542650E-5	3.928317E-7	3.928317E-7
4.000000E-2	2.056280E-5	2.056280E-5	5.236262E-7	5.236262E-7
5.000000E-2	2.567610E-5	2.567610E-5	6.538350E-7	6.538350E-7
6.000000E-2	3.090470E-5	3.090470E-5	7.869799E-7	7.869799E-7
7.000000E-2	3.606870E-5	3.606870E-5	9.184797E-7	9.184797E-7
8.000000E-2	4.120990E-5	4.120990E-5	1.049399E-6	1.049399E-6
9.000000E-2	4.639440E-5	4.639440E-5	1.181421E-6	1.181421E-6
1.000000E-1	5.154710E-5	5.154710E-5	1.312633E-6	1.312633E-6
1.100000E-1	5.668690E-5	5.668690E-5	1.443517E-6	1.443517E-6
1.200000E-1	6.181180E-5	6.181180E-5	1.574021E-6	1.574021E-6
1.300000E-1	6.696770E-5	6.696770E-5	1.705314E-6	1.705314E-6
1.400000E-1	7.204350E-5	7.204350E-5	1.834568E-6	1.834568E-6
1.500000E-1	7.710930E-5	7.710930E-5	1.963568E-6	1.963568E-6
1.600000E-1	8.226700E-5	8.226700E-5	2.094907E-6	2.094907E-6
1.700000E-1	8.740640E-5	8.740640E-5	2.225780E-6	2.225780E-6
1.800000E-1	9.258370E-5	9.258370E-5	2.357619E-6	2.357619E-6
1.900000E-1	9.766350E-5	9.766350E-5	2.486975E-6	2.486975E-6
2.000000E-1	1.027227E-4	1.027227E-4	2.615806E-6	2.615806E-6
2.100000E-1	1.078547E-4	1.078547E-4	2.746491E-6	2.746491E-6
2.200000E-1	1.129260E-4	1.129260E-4	2.875630E-6	2.875630E-6
2.300000E-1	1.178600E-4	1.178600E-4	3.001273E-6	3.001273E-6
2.400000E-1	1.229050E-4	1.229050E-4	3.129743E-6	3.129743E-6
2.500000E-1	1.281120E-4	1.281120E-4	3.262338E-6	3.262338E-6
2.600000E-1	1.333140E-4	1.333140E-4	3.394805E-6	3.394805E-6
2.700000E-1	1.383240E-4	1.383240E-4	3.522383E-6	3.522383E-6
2.800000E-1	1.433520E-4	1.433520E-4	3.650420E-6	3.650420E-6
2.900000E-1	1.484030E-4	1.484030E-4	3.779042E-6	3.779042E-6
3.000000E-1	1.534290E-4	1.534290E-4	3.907028E-6	3.907028E-6
3.100000E-1	1.583030E-4	1.583030E-4	4.031143E-6	4.031143E-6
3.200000E-1	1.634620E-4	1.634620E-4	4.162516E-6	4.162516E-6
3.300000E-1	1.685060E-4	1.685060E-4	4.290960E-6	4.290960E-6
3.400000E-1	1.735520E-4	1.735520E-4	4.419455E-6	4.419455E-6
3.500000E-1	1.785590E-4	1.785590E-4	4.546957E-6	4.546957E-6
3.600000E-1	1.834700E-4	1.834700E-4	4.672014E-6	4.672014E-6
3.700000E-1	1.886880E-4	1.886880E-4	4.804889E-6	4.804889E-6
3.800000E-1	1.932790E-4	1.932790E-4	4.921798E-6	4.921798E-6
3.900000E-1	1.984760E-4	1.984760E-4	5.054138E-6	5.054138E-6
4.000000E-1	2.032420E-4	2.032420E-4	5.175503E-6	5.175503E-6
4.100000E-1	2.080700E-4	2.080700E-4	5.298447E-6	5.298447E-6
4.200000E-1	2.129040E-4	2.129040E-4	5.421543E-6	5.421543E-6
4.300000E-1	2.182620E-4	2.182620E-4	5.557983E-6	5.557983E-6
4.400000E-1	2.230660E-4	2.230660E-4	5.680316E-6	5.680316E-6
4.500000E-1	2.279290E-4	2.279290E-4	5.804151E-6	5.804151E-6
4.600000E-1	2.324640E-4	2.324640E-4	5.919633E-6	5.919633E-6
4.700000E-1	2.370510E-4	2.370510E-4	6.036440E-6	6.036440E-6
4.800000E-1	2.417070E-4	2.417070E-4	6.155004E-6	6.155004E-6
4.900000E-1	2.467660E-4	2.467660E-4	6.283830E-6	6.283830E-6
5.000000E-1	2.513810E-4	2.513810E-4	6.401350E-6	6.401350E-6
