

12:22:24	22/03/21


Ell Cont: 5,0x10,0

SMU1	V name:		V1
	I name:		I1
	Mode:		V
	Function:	VAR1
SMU2	V name:		V2
	I name:		I2
	Mode:		common
	Function:	const.
SMU3	off
SMU4	off
VMUs	off

Primary Source (VAR1):	single
	Sweep Spacing:	linear
	Start:		-0.500000
	Stop:		0.500000
	Step:		0.010000
	Compliance:	0.050000
Power Compliance OFF

Timing:		Integration Time:	medium
	Delay Time (sec):	0.000000
	Hold Time (sec):	0.000000
	Wait Time (sec):	1.000000

Secondary Source (VAR2):	OFF


   V1	   I1	Abs(I)	J (A\µm²)	Abs(J)
-5.000000E-1	-2.888750E-4	2.888750E-4	-7.356124E-6	7.356124E-6
-4.900000E-1	-4.139730E-4	4.139730E-4	-1.054171E-5	1.054171E-5
-4.800000E-1	-4.034830E-4	4.034830E-4	-1.027459E-5	1.027459E-5
-4.700000E-1	-3.943750E-4	3.943750E-4	-1.004265E-5	1.004265E-5
-4.600000E-1	-3.864080E-4	3.864080E-4	-9.839776E-6	9.839776E-6
-4.500000E-1	-3.755150E-4	3.755150E-4	-9.562388E-6	9.562388E-6
-4.400000E-1	-3.665910E-4	3.665910E-4	-9.335141E-6	9.335141E-6
-4.300000E-1	-3.598040E-4	3.598040E-4	-9.162312E-6	9.162312E-6
-4.200000E-1	-3.531940E-4	3.531940E-4	-8.993990E-6	8.993990E-6
-4.100000E-1	-3.457370E-4	3.457370E-4	-8.804100E-6	8.804100E-6
-4.000000E-1	-3.372410E-4	3.372410E-4	-8.587751E-6	8.587751E-6
-3.900000E-1	-3.296650E-4	3.296650E-4	-8.394831E-6	8.394831E-6
-3.800000E-1	-3.216870E-4	3.216870E-4	-8.191673E-6	8.191673E-6
-3.700000E-1	-3.145380E-4	3.145380E-4	-8.009626E-6	8.009626E-6
-3.600000E-1	-3.068490E-4	3.068490E-4	-7.813827E-6	7.813827E-6
-3.500000E-1	-2.984100E-4	2.984100E-4	-7.598930E-6	7.598930E-6
-3.400000E-1	-2.901110E-4	2.901110E-4	-7.387599E-6	7.387599E-6
-3.300000E-1	-2.838270E-4	2.838270E-4	-7.227578E-6	7.227578E-6
-3.200000E-1	-2.744990E-4	2.744990E-4	-6.990043E-6	6.990043E-6
-3.100000E-1	-2.670820E-4	2.670820E-4	-6.801171E-6	6.801171E-6
-3.000000E-1	-2.592310E-4	2.592310E-4	-6.601248E-6	6.601248E-6
-2.900000E-1	-2.512270E-4	2.512270E-4	-6.397428E-6	6.397428E-6
-2.800000E-1	-2.432810E-4	2.432810E-4	-6.195085E-6	6.195085E-6
-2.700000E-1	-2.356580E-4	2.356580E-4	-6.000968E-6	6.000968E-6
-2.600000E-1	-2.271540E-4	2.271540E-4	-5.784416E-6	5.784416E-6
-2.500000E-1	-2.189300E-4	2.189300E-4	-5.574994E-6	5.574994E-6
-2.400000E-1	-2.105090E-4	2.105090E-4	-5.360555E-6	5.360555E-6
-2.300000E-1	-2.019010E-4	2.019010E-4	-5.141355E-6	5.141355E-6
-2.200000E-1	-1.938100E-4	1.938100E-4	-4.935320E-6	4.935320E-6
-2.100000E-1	-1.852640E-4	1.852640E-4	-4.717698E-6	4.717698E-6
-2.000000E-1	-1.768850E-4	1.768850E-4	-4.504329E-6	4.504329E-6
-1.900000E-1	-1.683710E-4	1.683710E-4	-4.287522E-6	4.287522E-6
-1.800000E-1	-1.597520E-4	1.597520E-4	-4.068042E-6	4.068042E-6
-1.700000E-1	-1.510430E-4	1.510430E-4	-3.846269E-6	3.846269E-6
-1.600000E-1	-1.421870E-4	1.421870E-4	-3.620754E-6	3.620754E-6
-1.500000E-1	-1.333910E-4	1.333910E-4	-3.396766E-6	3.396766E-6
-1.400000E-1	-1.246950E-4	1.246950E-4	-3.175325E-6	3.175325E-6
-1.300000E-1	-1.158680E-4	1.158680E-4	-2.950547E-6	2.950547E-6
-1.200000E-1	-1.072550E-4	1.072550E-4	-2.731220E-6	2.731220E-6
-1.100000E-1	-9.840410E-5	9.840410E-5	-2.505834E-6	2.505834E-6
-1.000000E-1	-8.961630E-5	8.961630E-5	-2.282055E-6	2.282055E-6
-9.000000E-2	-8.061070E-5	8.061070E-5	-2.052730E-6	2.052730E-6
-8.000000E-2	-7.181400E-5	7.181400E-5	-1.828724E-6	1.828724E-6
-7.000000E-2	-6.288620E-5	6.288620E-5	-1.601380E-6	1.601380E-6
-6.000000E-2	-5.403950E-5	5.403950E-5	-1.376101E-6	1.376101E-6
-5.000000E-2	-4.510400E-5	4.510400E-5	-1.148561E-6	1.148561E-6
-4.000000E-2	-3.614560E-5	3.614560E-5	-9.204380E-7	9.204380E-7
-3.000000E-2	-2.710150E-5	2.710150E-5	-6.901324E-7	6.901324E-7
-2.000000E-2	-1.808630E-5	1.808630E-5	-4.605628E-7	4.605628E-7
-1.000000E-2	-9.101000E-6	9.101000E-6	-2.317545E-7	2.317545E-7
0.000000E+0	-5.617670E-8	5.617670E-8	-1.430525E-9	1.430525E-9
1.000000E-2	8.928460E-6	8.928460E-6	2.273608E-7	2.273608E-7
2.000000E-2	1.798010E-5	1.798010E-5	4.578584E-7	4.578584E-7
3.000000E-2	2.701260E-5	2.701260E-5	6.878686E-7	6.878686E-7
4.000000E-2	3.613840E-5	3.613840E-5	9.202546E-7	9.202546E-7
5.000000E-2	4.510590E-5	4.510590E-5	1.148610E-6	1.148610E-6
6.000000E-2	5.423760E-5	5.423760E-5	1.381146E-6	1.381146E-6
7.000000E-2	6.332050E-5	6.332050E-5	1.612440E-6	1.612440E-6
8.000000E-2	7.234450E-5	7.234450E-5	1.842233E-6	1.842233E-6
9.000000E-2	8.148130E-5	8.148130E-5	2.074899E-6	2.074899E-6
1.000000E-1	9.046100E-5	9.046100E-5	2.303565E-6	2.303565E-6
1.100000E-1	9.960120E-5	9.960120E-5	2.536318E-6	2.536318E-6
1.200000E-1	1.085845E-4	1.085845E-4	2.765075E-6	2.765075E-6
1.300000E-1	1.175670E-4	1.175670E-4	2.993812E-6	2.993812E-6
1.400000E-1	1.265920E-4	1.265920E-4	3.223631E-6	3.223631E-6
1.500000E-1	1.353860E-4	1.353860E-4	3.447568E-6	3.447568E-6
1.600000E-1	1.442970E-4	1.442970E-4	3.674484E-6	3.674484E-6
1.700000E-1	1.530760E-4	1.530760E-4	3.898039E-6	3.898039E-6
1.800000E-1	1.619600E-4	1.619600E-4	4.124268E-6	4.124268E-6
1.900000E-1	1.706460E-4	1.706460E-4	4.345454E-6	4.345454E-6
2.000000E-1	1.794090E-4	1.794090E-4	4.568602E-6	4.568602E-6
2.100000E-1	1.879180E-4	1.879180E-4	4.785281E-6	4.785281E-6
2.200000E-1	1.967020E-4	1.967020E-4	5.008964E-6	5.008964E-6
2.300000E-1	2.056520E-4	2.056520E-4	5.236873E-6	5.236873E-6
2.400000E-1	2.142530E-4	2.142530E-4	5.455895E-6	5.455895E-6
2.500000E-1	2.227340E-4	2.227340E-4	5.671861E-6	5.671861E-6
2.600000E-1	2.318530E-4	2.318530E-4	5.904074E-6	5.904074E-6
2.700000E-1	2.405810E-4	2.405810E-4	6.126330E-6	6.126330E-6
2.800000E-1	2.487150E-4	2.487150E-4	6.333461E-6	6.333461E-6
2.900000E-1	2.572690E-4	2.572690E-4	6.551286E-6	6.551286E-6
3.000000E-1	2.647520E-4	2.647520E-4	6.741838E-6	6.741838E-6
3.100000E-1	2.729770E-4	2.729770E-4	6.951286E-6	6.951286E-6
3.200000E-1	2.791230E-4	2.791230E-4	7.107792E-6	7.107792E-6
3.300000E-1	2.878290E-4	2.878290E-4	7.329488E-6	7.329488E-6
3.400000E-1	2.941930E-4	2.941930E-4	7.491546E-6	7.491546E-6
3.500000E-1	3.020810E-4	3.020810E-4	7.692411E-6	7.692411E-6
3.600000E-1	3.097690E-4	3.097690E-4	7.888184E-6	7.888184E-6
3.700000E-1	3.178270E-4	3.178270E-4	8.093379E-6	8.093379E-6
3.800000E-1	3.240340E-4	3.240340E-4	8.251439E-6	8.251439E-6
3.900000E-1	3.330540E-4	3.330540E-4	8.481131E-6	8.481131E-6
4.000000E-1	3.386820E-4	3.386820E-4	8.624446E-6	8.624446E-6
4.100000E-1	3.442570E-4	3.442570E-4	8.766412E-6	8.766412E-6
4.200000E-1	3.502780E-4	3.502780E-4	8.919735E-6	8.919735E-6
4.300000E-1	3.604160E-4	3.604160E-4	9.177897E-6	9.177897E-6
4.400000E-1	3.680980E-4	3.680980E-4	9.373517E-6	9.373517E-6
4.500000E-1	3.785660E-4	3.785660E-4	9.640081E-6	9.640081E-6
4.600000E-1	3.843420E-4	3.843420E-4	9.787166E-6	9.787166E-6
4.700000E-1	3.908150E-4	3.908150E-4	9.951999E-6	9.951999E-6
4.800000E-1	3.990280E-4	3.990280E-4	1.016114E-5	1.016114E-5
4.900000E-1	4.232320E-4	4.232320E-4	1.077749E-5	1.077749E-5
5.000000E-1	3.521680E-4	3.521680E-4	8.967863E-6	8.967863E-6
