

12:21:24	22/03/21


Ell Cont: 5,0x10,0

SMU1	V name:		V1
	I name:		I1
	Mode:		V
	Function:	VAR1
SMU2	V name:		V2
	I name:		I2
	Mode:		common
	Function:	const.
SMU3	off
SMU4	off
VMUs	off

Primary Source (VAR1):	single
	Sweep Spacing:	linear
	Start:		-0.500000
	Stop:		0.500000
	Step:		0.010000
	Compliance:	0.050000
Power Compliance OFF

Timing:		Integration Time:	medium
	Delay Time (sec):	0.000000
	Hold Time (sec):	0.000000
	Wait Time (sec):	1.000000

Secondary Source (VAR2):	OFF


   V1	   I1	Abs(I)	J (A\µm²)	Abs(J)
-5.000000E-1	-2.121520E-4	2.121520E-4	-5.402394E-6	5.402394E-6
-4.900000E-1	-2.127740E-4	2.127740E-4	-5.418233E-6	5.418233E-6
-4.800000E-1	-2.077810E-4	2.077810E-4	-5.291087E-6	5.291087E-6
-4.700000E-1	-1.935950E-4	1.935950E-4	-4.929845E-6	4.929845E-6
-4.600000E-1	-1.888790E-4	1.888790E-4	-4.809753E-6	4.809753E-6
-4.500000E-1	-1.813980E-4	1.813980E-4	-4.619251E-6	4.619251E-6
-4.400000E-1	-1.779070E-4	1.779070E-4	-4.530354E-6	4.530354E-6
-4.300000E-1	-1.703530E-4	1.703530E-4	-4.337993E-6	4.337993E-6
-4.200000E-1	-1.631580E-4	1.631580E-4	-4.154775E-6	4.154775E-6
-4.100000E-1	-1.619520E-4	1.619520E-4	-4.124064E-6	4.124064E-6
-4.000000E-1	-1.554230E-4	1.554230E-4	-3.957805E-6	3.957805E-6
-3.900000E-1	-1.502240E-4	1.502240E-4	-3.825414E-6	3.825414E-6
-3.800000E-1	-1.463460E-4	1.463460E-4	-3.726662E-6	3.726662E-6
-3.700000E-1	-1.423370E-4	1.423370E-4	-3.624573E-6	3.624573E-6
-3.600000E-1	-1.358160E-4	1.358160E-4	-3.458518E-6	3.458518E-6
-3.500000E-1	-1.299980E-4	1.299980E-4	-3.310364E-6	3.310364E-6
-3.400000E-1	-1.255250E-4	1.255250E-4	-3.196460E-6	3.196460E-6
-3.300000E-1	-1.219190E-4	1.219190E-4	-3.104635E-6	3.104635E-6
-3.200000E-1	-1.177430E-4	1.177430E-4	-2.998294E-6	2.998294E-6
-3.100000E-1	-1.127200E-4	1.127200E-4	-2.870384E-6	2.870384E-6
-3.000000E-1	-1.087220E-4	1.087220E-4	-2.768576E-6	2.768576E-6
-2.900000E-1	-1.041620E-4	1.041620E-4	-2.652457E-6	2.652457E-6
-2.800000E-1	-9.981510E-5	9.981510E-5	-2.541765E-6	2.541765E-6
-2.700000E-1	-9.515760E-5	9.515760E-5	-2.423163E-6	2.423163E-6
-2.600000E-1	-9.145580E-5	9.145580E-5	-2.328897E-6	2.328897E-6
-2.500000E-1	-8.622070E-5	8.622070E-5	-2.195587E-6	2.195587E-6
-2.400000E-1	-8.177710E-5	8.177710E-5	-2.082432E-6	2.082432E-6
-2.300000E-1	-7.773700E-5	7.773700E-5	-1.979552E-6	1.979552E-6
-2.200000E-1	-7.393710E-5	7.393710E-5	-1.882788E-6	1.882788E-6
-2.100000E-1	-6.979780E-5	6.979780E-5	-1.777382E-6	1.777382E-6
-2.000000E-1	-6.617160E-5	6.617160E-5	-1.685042E-6	1.685042E-6
-1.900000E-1	-6.327550E-5	6.327550E-5	-1.611294E-6	1.611294E-6
-1.800000E-1	-5.940270E-5	5.940270E-5	-1.512674E-6	1.512674E-6
-1.700000E-1	-5.591310E-5	5.591310E-5	-1.423812E-6	1.423812E-6
-1.600000E-1	-5.200520E-5	5.200520E-5	-1.324298E-6	1.324298E-6
-1.500000E-1	-4.809050E-5	4.809050E-5	-1.224612E-6	1.224612E-6
-1.400000E-1	-4.493710E-5	4.493710E-5	-1.144311E-6	1.144311E-6
-1.300000E-1	-4.155710E-5	4.155710E-5	-1.058240E-6	1.058240E-6
-1.200000E-1	-3.933600E-5	3.933600E-5	-1.001681E-6	1.001681E-6
-1.100000E-1	-3.592140E-5	3.592140E-5	-9.147288E-7	9.147288E-7
-1.000000E-1	-3.268700E-5	3.268700E-5	-8.323657E-7	8.323657E-7
-9.000000E-2	-2.938510E-5	2.938510E-5	-7.482837E-7	7.482837E-7
-8.000000E-2	-2.593530E-5	2.593530E-5	-6.604354E-7	6.604354E-7
-7.000000E-2	-2.265460E-5	2.265460E-5	-5.768933E-7	5.768933E-7
-6.000000E-2	-1.938640E-5	1.938640E-5	-4.936695E-7	4.936695E-7
-5.000000E-2	-1.599260E-5	1.599260E-5	-4.072473E-7	4.072473E-7
-4.000000E-2	-1.292920E-5	1.292920E-5	-3.292386E-7	3.292386E-7
-3.000000E-2	-9.753860E-6	9.753860E-6	-2.483794E-7	2.483794E-7
-2.000000E-2	-6.451600E-6	6.451600E-6	-1.642883E-7	1.642883E-7
-1.000000E-2	-3.257900E-6	3.257900E-6	-8.296155E-8	8.296155E-8
0.000000E+0	-1.973940E-8	1.973940E-8	-5.026585E-10	5.026585E-10
1.000000E-2	3.208930E-6	3.208930E-6	8.171454E-8	8.171454E-8
2.000000E-2	6.481790E-6	6.481790E-6	1.650570E-7	1.650570E-7
3.000000E-2	9.752490E-6	9.752490E-6	2.483445E-7	2.483445E-7
4.000000E-2	1.306810E-5	1.306810E-5	3.327757E-7	3.327757E-7
5.000000E-2	1.632700E-5	1.632700E-5	4.157627E-7	4.157627E-7
6.000000E-2	1.956760E-5	1.956760E-5	4.982837E-7	4.982837E-7
7.000000E-2	2.308120E-5	2.308120E-5	5.877566E-7	5.877566E-7
8.000000E-2	2.639510E-5	2.639510E-5	6.721441E-7	6.721441E-7
9.000000E-2	2.954230E-5	2.954230E-5	7.522867E-7	7.522867E-7
1.000000E-1	3.327580E-5	3.327580E-5	8.473593E-7	8.473593E-7
1.100000E-1	3.667670E-5	3.667670E-5	9.339623E-7	9.339623E-7
1.200000E-1	4.000790E-5	4.000790E-5	1.018790E-6	1.018790E-6
1.300000E-1	4.342420E-5	4.342420E-5	1.105786E-6	1.105786E-6
1.400000E-1	4.705750E-5	4.705750E-5	1.198307E-6	1.198307E-6
1.500000E-1	5.036300E-5	5.036300E-5	1.282480E-6	1.282480E-6
1.600000E-1	5.351840E-5	5.351840E-5	1.362832E-6	1.362832E-6
1.700000E-1	5.734790E-5	5.734790E-5	1.460349E-6	1.460349E-6
1.800000E-1	6.135960E-5	6.135960E-5	1.562506E-6	1.562506E-6
1.900000E-1	6.468330E-5	6.468330E-5	1.647143E-6	1.647143E-6
2.000000E-1	6.880660E-5	6.880660E-5	1.752142E-6	1.752142E-6
2.100000E-1	7.200700E-5	7.200700E-5	1.833639E-6	1.833639E-6
2.200000E-1	7.616900E-5	7.616900E-5	1.939623E-6	1.939623E-6
2.300000E-1	7.985090E-5	7.985090E-5	2.033382E-6	2.033382E-6
2.400000E-1	8.343150E-5	8.343150E-5	2.124561E-6	2.124561E-6
2.500000E-1	8.678240E-5	8.678240E-5	2.209890E-6	2.209890E-6
2.600000E-1	9.155520E-5	9.155520E-5	2.331429E-6	2.331429E-6
2.700000E-1	9.603530E-5	9.603530E-5	2.445513E-6	2.445513E-6
2.800000E-1	9.998640E-5	9.998640E-5	2.546127E-6	2.546127E-6
2.900000E-1	1.044986E-4	1.044986E-4	2.661029E-6	2.661029E-6
3.000000E-1	1.080789E-4	1.080789E-4	2.752200E-6	2.752200E-6
3.100000E-1	1.177680E-4	1.177680E-4	2.998930E-6	2.998930E-6
3.200000E-1	1.275940E-4	1.275940E-4	3.249147E-6	3.249147E-6
3.300000E-1	1.314180E-4	1.314180E-4	3.346524E-6	3.346524E-6
3.400000E-1	1.350540E-4	1.350540E-4	3.439114E-6	3.439114E-6
3.500000E-1	1.399130E-4	1.399130E-4	3.562847E-6	3.562847E-6
3.600000E-1	1.466570E-4	1.466570E-4	3.734581E-6	3.734581E-6
3.700000E-1	1.535780E-4	1.535780E-4	3.910822E-6	3.910822E-6
3.800000E-1	1.548640E-4	1.548640E-4	3.943570E-6	3.943570E-6
3.900000E-1	1.585550E-4	1.585550E-4	4.037560E-6	4.037560E-6
4.000000E-1	1.648380E-4	1.648380E-4	4.197555E-6	4.197555E-6
4.100000E-1	1.878600E-4	1.878600E-4	4.783804E-6	4.783804E-6
4.200000E-1	1.881020E-4	1.881020E-4	4.789967E-6	4.789967E-6
4.300000E-1	2.014090E-4	2.014090E-4	5.128826E-6	5.128826E-6
4.400000E-1	2.057520E-4	2.057520E-4	5.239419E-6	5.239419E-6
4.500000E-1	2.165290E-4	2.165290E-4	5.513853E-6	5.513853E-6
4.600000E-1	2.226420E-4	2.226420E-4	5.669519E-6	5.669519E-6
4.700000E-1	2.280690E-4	2.280690E-4	5.807716E-6	5.807716E-6
4.800000E-1	2.408160E-4	2.408160E-4	6.132315E-6	6.132315E-6
4.900000E-1	2.441050E-4	2.441050E-4	6.216068E-6	6.216068E-6
5.000000E-1	2.500070E-4	2.500070E-4	6.366361E-6	6.366361E-6
