

11:55:33	22/03/21


Ell Cont: 5,0x10,0

SMU1	V name:		V1
	I name:		I1
	Mode:		V
	Function:	VAR1
SMU2	V name:		V2
	I name:		I2
	Mode:		common
	Function:	const.
SMU3	off
SMU4	off
VMUs	off

Primary Source (VAR1):	single
	Sweep Spacing:	linear
	Start:		-1.500000
	Stop:		1.500000
	Step:		0.010000
	Compliance:	0.050000
Power Compliance OFF

Timing:		Integration Time:	medium
	Delay Time (sec):	0.000000
	Hold Time (sec):	0.000000
	Wait Time (sec):	1.000000

Secondary Source (VAR2):	OFF


   V1	   I1	Abs(I)	J (A\µm²)	Abs(J)
-1.500000E+0	-1.294570E-3	1.294570E-3	-3.296588E-5	3.296588E-5
-1.490000E+0	-1.256360E-3	1.256360E-3	-3.199287E-5	3.199287E-5
-1.480000E+0	-1.212300E-3	1.212300E-3	-3.087089E-5	3.087089E-5
-1.470000E+0	-1.154760E-3	1.154760E-3	-2.940565E-5	2.940565E-5
-1.460000E+0	-1.134220E-3	1.134220E-3	-2.888261E-5	2.888261E-5
-1.450000E+0	-1.573100E-3	1.573100E-3	-4.005857E-5	4.005857E-5
-1.440000E+0	-1.642580E-3	1.642580E-3	-4.182786E-5	4.182786E-5
-1.430000E+0	-1.609460E-3	1.609460E-3	-4.098447E-5	4.098447E-5
-1.420000E+0	-1.528830E-3	1.528830E-3	-3.893124E-5	3.893124E-5
-1.410000E+0	-1.755490E-3	1.755490E-3	-4.470308E-5	4.470308E-5
-1.400000E+0	-1.688090E-3	1.688090E-3	-4.298676E-5	4.298676E-5
-1.390000E+0	-1.498790E-3	1.498790E-3	-3.816628E-5	3.816628E-5
-1.380000E+0	-1.486350E-3	1.486350E-3	-3.784950E-5	3.784950E-5
-1.370000E+0	-1.504650E-3	1.504650E-3	-3.831551E-5	3.831551E-5
-1.360000E+0	-1.012470E-3	1.012470E-3	-2.578228E-5	2.578228E-5
-1.350000E+0	-8.267780E-4	8.267780E-4	-2.105368E-5	2.105368E-5
-1.340000E+0	-8.202050E-4	8.202050E-4	-2.088630E-5	2.088630E-5
-1.330000E+0	-7.593650E-4	7.593650E-4	-1.933703E-5	1.933703E-5
-1.320000E+0	-1.023080E-3	1.023080E-3	-2.605246E-5	2.605246E-5
-1.310000E+0	-1.935970E-3	1.935970E-3	-4.929896E-5	4.929896E-5
-1.300000E+0	-2.444530E-3	2.444530E-3	-6.224930E-5	6.224930E-5
-1.290000E+0	-2.051150E-3	2.051150E-3	-5.223198E-5	5.223198E-5
-1.280000E+0	-2.150330E-3	2.150330E-3	-5.475758E-5	5.475758E-5
-1.270000E+0	-2.182760E-3	2.182760E-3	-5.558340E-5	5.558340E-5
-1.260000E+0	-2.238340E-3	2.238340E-3	-5.699873E-5	5.699873E-5
-1.250000E+0	-1.851870E-3	1.851870E-3	-4.715737E-5	4.715737E-5
-1.240000E+0	-1.837030E-3	1.837030E-3	-4.677947E-5	4.677947E-5
-1.230000E+0	-1.698020E-3	1.698020E-3	-4.323962E-5	4.323962E-5
-1.220000E+0	-1.660520E-3	1.660520E-3	-4.228470E-5	4.228470E-5
-1.210000E+0	-2.184010E-3	2.184010E-3	-5.561523E-5	5.561523E-5
-1.200000E+0	-1.504480E-3	1.504480E-3	-3.831118E-5	3.831118E-5
-1.190000E+0	-1.550310E-3	1.550310E-3	-3.947823E-5	3.947823E-5
-1.180000E+0	-1.725970E-3	1.725970E-3	-4.395136E-5	4.395136E-5
-1.170000E+0	-1.699240E-3	1.699240E-3	-4.327069E-5	4.327069E-5
-1.160000E+0	-1.522580E-3	1.522580E-3	-3.877209E-5	3.877209E-5
-1.150000E+0	-1.265100E-3	1.265100E-3	-3.221543E-5	3.221543E-5
-1.140000E+0	-1.304270E-3	1.304270E-3	-3.321288E-5	3.321288E-5
-1.130000E+0	-8.368500E-4	8.368500E-4	-2.131016E-5	2.131016E-5
-1.120000E+0	-9.774700E-4	9.774700E-4	-2.489101E-5	2.489101E-5
-1.110000E+0	-9.959100E-4	9.959100E-4	-2.536058E-5	2.536058E-5
-1.100000E+0	-9.017210E-4	9.017210E-4	-2.296208E-5	2.296208E-5
-1.090000E+0	-9.676930E-4	9.676930E-4	-2.464204E-5	2.464204E-5
-1.080000E+0	-8.166660E-4	8.166660E-4	-2.079618E-5	2.079618E-5
-1.070000E+0	-8.553890E-4	8.553890E-4	-2.178225E-5	2.178225E-5
-1.060000E+0	-8.626140E-4	8.626140E-4	-2.196623E-5	2.196623E-5
-1.050000E+0	-8.230570E-4	8.230570E-4	-2.095893E-5	2.095893E-5
-1.040000E+0	-8.685870E-4	8.685870E-4	-2.211833E-5	2.211833E-5
-1.030000E+0	-9.264270E-4	9.264270E-4	-2.359121E-5	2.359121E-5
-1.020000E+0	-9.403470E-4	9.403470E-4	-2.394568E-5	2.394568E-5
-1.010000E+0	-8.493760E-4	8.493760E-4	-2.162913E-5	2.162913E-5
-1.000000E+0	-8.665670E-4	8.665670E-4	-2.206690E-5	2.206690E-5
-9.900000E-1	-9.666910E-4	9.666910E-4	-2.461653E-5	2.461653E-5
-9.800000E-1	-9.455130E-4	9.455130E-4	-2.407723E-5	2.407723E-5
-9.700000E-1	-9.207580E-4	9.207580E-4	-2.344685E-5	2.344685E-5
-9.600000E-1	-8.964700E-4	8.964700E-4	-2.282837E-5	2.282837E-5
-9.500000E-1	-7.480120E-4	7.480120E-4	-1.904792E-5	1.904792E-5
-9.400000E-1	-6.460960E-4	6.460960E-4	-1.645266E-5	1.645266E-5
-9.300000E-1	-5.972240E-4	5.972240E-4	-1.520815E-5	1.520815E-5
-9.200000E-1	-4.754270E-4	4.754270E-4	-1.210662E-5	1.210662E-5
-9.100000E-1	-4.137270E-4	4.137270E-4	-1.053545E-5	1.053545E-5
-9.000000E-1	-5.111930E-4	5.111930E-4	-1.301739E-5	1.301739E-5
-8.900000E-1	-4.477650E-4	4.477650E-4	-1.140222E-5	1.140222E-5
-8.800000E-1	-3.826520E-4	3.826520E-4	-9.744130E-6	9.744130E-6
-8.700000E-1	-3.125300E-4	3.125300E-4	-7.958492E-6	7.958492E-6
-8.600000E-1	-2.363350E-4	2.363350E-4	-6.018207E-6	6.018207E-6
-8.500000E-1	-1.914180E-4	1.914180E-4	-4.874408E-6	4.874408E-6
-8.400000E-1	-1.530550E-4	1.530550E-4	-3.897504E-6	3.897504E-6
-8.300000E-1	-1.319560E-4	1.319560E-4	-3.360224E-6	3.360224E-6
-8.200000E-1	-1.191720E-4	1.191720E-4	-3.034683E-6	3.034683E-6
-8.100000E-1	-2.269890E-5	2.269890E-5	-5.780214E-7	5.780214E-7
-8.000000E-1	-2.281820E-5	2.281820E-5	-5.810593E-7	5.810593E-7
-7.900000E-1	-2.230710E-5	2.230710E-5	-5.680443E-7	5.680443E-7
-7.800000E-1	-2.175500E-5	2.175500E-5	-5.539852E-7	5.539852E-7
-7.700000E-1	-2.249190E-5	2.249190E-5	-5.727502E-7	5.727502E-7
-7.600000E-1	-2.330770E-5	2.330770E-5	-5.935243E-7	5.935243E-7
-7.500000E-1	-2.252000E-5	2.252000E-5	-5.734657E-7	5.734657E-7
-7.400000E-1	-2.138890E-5	2.138890E-5	-5.446626E-7	5.446626E-7
-7.300000E-1	-1.961770E-5	1.961770E-5	-4.995595E-7	4.995595E-7
-7.200000E-1	-1.911330E-5	1.911330E-5	-4.867150E-7	4.867150E-7
-7.100000E-1	-1.862340E-5	1.862340E-5	-4.742399E-7	4.742399E-7
-7.000000E-1	-1.807920E-5	1.807920E-5	-4.603820E-7	4.603820E-7
-6.900000E-1	-1.766120E-5	1.766120E-5	-4.497377E-7	4.497377E-7
-6.800000E-1	-1.726560E-5	1.726560E-5	-4.396639E-7	4.396639E-7
-6.700000E-1	-1.681110E-5	1.681110E-5	-4.280901E-7	4.280901E-7
-6.600000E-1	-1.637870E-5	1.637870E-5	-4.170792E-7	4.170792E-7
-6.500000E-1	-1.595120E-5	1.595120E-5	-4.061930E-7	4.061930E-7
-6.400000E-1	-1.557130E-5	1.557130E-5	-3.965190E-7	3.965190E-7
-6.300000E-1	-1.517680E-5	1.517680E-5	-3.864731E-7	3.864731E-7
-6.200000E-1	-1.482690E-5	1.482690E-5	-3.775630E-7	3.775630E-7
-6.100000E-1	-1.438490E-5	1.438490E-5	-3.663076E-7	3.663076E-7
-6.000000E-1	-1.397120E-5	1.397120E-5	-3.557729E-7	3.557729E-7
-5.900000E-1	-1.362480E-5	1.362480E-5	-3.469519E-7	3.469519E-7
-5.800000E-1	-1.329310E-5	1.329310E-5	-3.385052E-7	3.385052E-7
-5.700000E-1	-1.299370E-5	1.299370E-5	-3.308811E-7	3.308811E-7
-5.600000E-1	-1.270610E-5	1.270610E-5	-3.235574E-7	3.235574E-7
-5.500000E-1	-1.250080E-5	1.250080E-5	-3.183295E-7	3.183295E-7
-5.400000E-1	-1.241890E-5	1.241890E-5	-3.162439E-7	3.162439E-7
-5.300000E-1	-1.208730E-5	1.208730E-5	-3.077998E-7	3.077998E-7
-5.200000E-1	-1.166620E-5	1.166620E-5	-2.970766E-7	2.970766E-7
-5.100000E-1	-1.132900E-5	1.132900E-5	-2.884899E-7	2.884899E-7
-5.000000E-1	-1.114850E-5	1.114850E-5	-2.838936E-7	2.838936E-7
-4.900000E-1	-1.156130E-5	1.156130E-5	-2.944054E-7	2.944054E-7
-4.800000E-1	-1.119940E-5	1.119940E-5	-2.851897E-7	2.851897E-7
-4.700000E-1	-1.092960E-5	1.092960E-5	-2.783193E-7	2.783193E-7
-4.600000E-1	-1.050430E-5	1.050430E-5	-2.674892E-7	2.674892E-7
-4.500000E-1	-1.033130E-5	1.033130E-5	-2.630838E-7	2.630838E-7
-4.400000E-1	-9.893000E-6	9.893000E-6	-2.519226E-7	2.519226E-7
-4.300000E-1	-9.171980E-6	9.171980E-6	-2.335620E-7	2.335620E-7
-4.200000E-1	-8.801570E-6	8.801570E-6	-2.241296E-7	2.241296E-7
-4.100000E-1	-8.458430E-6	8.458430E-6	-2.153916E-7	2.153916E-7
-4.000000E-1	-8.227890E-6	8.227890E-6	-2.095210E-7	2.095210E-7
-3.900000E-1	-7.853750E-6	7.853750E-6	-1.999936E-7	1.999936E-7
-3.800000E-1	-7.552750E-6	7.552750E-6	-1.923287E-7	1.923287E-7
-3.700000E-1	-7.208190E-6	7.208190E-6	-1.835546E-7	1.835546E-7
-3.600000E-1	-6.847390E-6	6.847390E-6	-1.743669E-7	1.743669E-7
-3.500000E-1	-6.607910E-6	6.607910E-6	-1.682687E-7	1.682687E-7
-3.400000E-1	-6.360200E-6	6.360200E-6	-1.619608E-7	1.619608E-7
-3.300000E-1	-6.179140E-6	6.179140E-6	-1.573501E-7	1.573501E-7
-3.200000E-1	-6.160300E-6	6.160300E-6	-1.568704E-7	1.568704E-7
-3.100000E-1	-5.625840E-6	5.625840E-6	-1.432605E-7	1.432605E-7
-3.000000E-1	-5.464500E-6	5.464500E-6	-1.391520E-7	1.391520E-7
-2.900000E-1	-5.377270E-6	5.377270E-6	-1.369307E-7	1.369307E-7
-2.800000E-1	-5.152530E-6	5.152530E-6	-1.312078E-7	1.312078E-7
-2.700000E-1	-4.639670E-6	4.639670E-6	-1.181479E-7	1.181479E-7
-2.600000E-1	-4.493050E-6	4.493050E-6	-1.144143E-7	1.144143E-7
-2.500000E-1	-4.324380E-6	4.324380E-6	-1.101192E-7	1.101192E-7
-2.400000E-1	-4.001840E-6	4.001840E-6	-1.019058E-7	1.019058E-7
-2.300000E-1	-3.768500E-6	3.768500E-6	-9.596384E-8	9.596384E-8
-2.200000E-1	-3.547590E-6	3.547590E-6	-9.033843E-8	9.033843E-8
-2.100000E-1	-3.470630E-6	3.470630E-6	-8.837866E-8	8.837866E-8
-2.000000E-1	-3.260010E-6	3.260010E-6	-8.301528E-8	8.301528E-8
-1.900000E-1	-3.086720E-6	3.086720E-6	-7.860249E-8	7.860249E-8
-1.800000E-1	-2.913560E-6	2.913560E-6	-7.419302E-8	7.419302E-8
-1.700000E-1	-2.798420E-6	2.798420E-6	-7.126101E-8	7.126101E-8
-1.600000E-1	-2.451400E-6	2.451400E-6	-6.242424E-8	6.242424E-8
-1.500000E-1	-2.299900E-6	2.299900E-6	-5.856633E-8	5.856633E-8
-1.400000E-1	-2.178100E-6	2.178100E-6	-5.546473E-8	5.546473E-8
-1.300000E-1	-1.953810E-6	1.953810E-6	-4.975325E-8	4.975325E-8
-1.200000E-1	-1.840130E-6	1.840130E-6	-4.685842E-8	4.685842E-8
-1.100000E-1	-1.575590E-6	1.575590E-6	-4.012198E-8	4.012198E-8
-1.000000E-1	-1.478710E-6	1.478710E-6	-3.765495E-8	3.765495E-8
-9.000000E-2	-1.270440E-6	1.270440E-6	-3.235141E-8	3.235141E-8
-8.000000E-2	-1.122730E-6	1.122730E-6	-2.859002E-8	2.859002E-8
-7.000000E-2	-9.187650E-7	9.187650E-7	-2.339610E-8	2.339610E-8
-6.000000E-2	-7.531010E-7	7.531010E-7	-1.917751E-8	1.917751E-8
-5.000000E-2	-6.425270E-7	6.425270E-7	-1.636178E-8	1.636178E-8
-4.000000E-2	-5.139410E-7	5.139410E-7	-1.308737E-8	1.308737E-8
-3.000000E-2	-3.958550E-7	3.958550E-7	-1.008034E-8	1.008034E-8
-2.000000E-2	-2.584850E-7	2.584850E-7	-6.582251E-9	6.582251E-9
-1.000000E-2	-1.349190E-7	1.349190E-7	-3.435676E-9	3.435676E-9
0.000000E+0	-1.542760E-9	1.542760E-9	-3.928597E-11	3.928597E-11
1.000000E-2	1.391820E-7	1.391820E-7	3.544232E-9	3.544232E-9
2.000000E-2	2.901800E-7	2.901800E-7	7.389356E-9	7.389356E-9
3.000000E-2	4.501700E-7	4.501700E-7	1.146346E-8	1.146346E-8
4.000000E-2	5.613170E-7	5.613170E-7	1.429379E-8	1.429379E-8
5.000000E-2	6.624360E-7	6.624360E-7	1.686875E-8	1.686875E-8
6.000000E-2	8.129220E-7	8.129220E-7	2.070084E-8	2.070084E-8
7.000000E-2	7.750230E-7	7.750230E-7	1.973575E-8	1.973575E-8
8.000000E-2	8.761020E-7	8.761020E-7	2.230970E-8	2.230970E-8
9.000000E-2	9.665630E-7	9.665630E-7	2.461327E-8	2.461327E-8
1.000000E-1	1.085024E-6	1.085024E-6	2.762984E-8	2.762984E-8
1.100000E-1	1.233120E-6	1.233120E-6	3.140107E-8	3.140107E-8
1.200000E-1	1.363750E-6	1.363750E-6	3.472753E-8	3.472753E-8
1.300000E-1	1.746860E-6	1.746860E-6	4.448332E-8	4.448332E-8
1.400000E-1	2.108920E-6	2.108920E-6	5.370308E-8	5.370308E-8
1.500000E-1	2.466290E-6	2.466290E-6	6.280341E-8	6.280341E-8
1.600000E-1	2.877410E-6	2.877410E-6	7.327247E-8	7.327247E-8
1.700000E-1	3.107310E-6	3.107310E-6	7.912681E-8	7.912681E-8
1.800000E-1	3.251500E-6	3.251500E-6	8.279857E-8	8.279857E-8
1.900000E-1	3.406780E-6	3.406780E-6	8.675274E-8	8.675274E-8
2.000000E-1	3.599620E-6	3.599620E-6	9.166336E-8	9.166336E-8
2.100000E-1	3.718650E-6	3.718650E-6	9.469442E-8	9.469442E-8
2.200000E-1	3.901580E-6	3.901580E-6	9.935269E-8	9.935269E-8
2.300000E-1	4.030550E-6	4.030550E-6	1.026369E-7	1.026369E-7
2.400000E-1	4.273130E-6	4.273130E-6	1.088141E-7	1.088141E-7
2.500000E-1	4.416450E-6	4.416450E-6	1.124637E-7	1.124637E-7
2.600000E-1	4.699130E-6	4.699130E-6	1.196621E-7	1.196621E-7
2.700000E-1	4.776040E-6	4.776040E-6	1.216206E-7	1.216206E-7
2.800000E-1	4.937690E-6	4.937690E-6	1.257369E-7	1.257369E-7
2.900000E-1	5.081830E-6	5.081830E-6	1.294074E-7	1.294074E-7
3.000000E-1	5.250120E-6	5.250120E-6	1.336929E-7	1.336929E-7
3.100000E-1	5.405740E-6	5.405740E-6	1.376557E-7	1.376557E-7
3.200000E-1	5.664300E-6	5.664300E-6	1.442399E-7	1.442399E-7
3.300000E-1	5.833000E-6	5.833000E-6	1.485358E-7	1.485358E-7
3.400000E-1	6.010590E-6	6.010590E-6	1.530581E-7	1.530581E-7
3.500000E-1	6.254100E-6	6.254100E-6	1.592590E-7	1.592590E-7
3.600000E-1	6.476860E-6	6.476860E-6	1.649315E-7	1.649315E-7
3.700000E-1	6.627970E-6	6.627970E-6	1.687795E-7	1.687795E-7
3.800000E-1	6.905480E-6	6.905480E-6	1.758462E-7	1.758462E-7
3.900000E-1	7.061820E-6	7.061820E-6	1.798273E-7	1.798273E-7
4.000000E-1	6.702470E-6	6.702470E-6	1.706766E-7	1.706766E-7
4.100000E-1	6.904180E-6	6.904180E-6	1.758131E-7	1.758131E-7
4.200000E-1	7.047830E-6	7.047830E-6	1.794711E-7	1.794711E-7
4.300000E-1	7.155190E-6	7.155190E-6	1.822050E-7	1.822050E-7
4.400000E-1	7.419710E-6	7.419710E-6	1.889409E-7	1.889409E-7
4.500000E-1	7.457630E-6	7.457630E-6	1.899065E-7	1.899065E-7
4.600000E-1	7.723760E-6	7.723760E-6	1.966835E-7	1.966835E-7
4.700000E-1	7.917920E-6	7.917920E-6	2.016277E-7	2.016277E-7
4.800000E-1	8.090840E-6	8.090840E-6	2.060311E-7	2.060311E-7
4.900000E-1	8.317490E-6	8.317490E-6	2.118026E-7	2.118026E-7
5.000000E-1	8.596490E-6	8.596490E-6	2.189073E-7	2.189073E-7
5.100000E-1	8.809060E-6	8.809060E-6	2.243203E-7	2.243203E-7
5.200000E-1	9.213000E-6	9.213000E-6	2.346066E-7	2.346066E-7
5.300000E-1	9.405890E-6	9.405890E-6	2.395185E-7	2.395185E-7
5.400000E-1	9.583930E-6	9.583930E-6	2.440522E-7	2.440522E-7
5.500000E-1	9.748200E-6	9.748200E-6	2.482353E-7	2.482353E-7
5.600000E-1	9.952550E-6	9.952550E-6	2.534390E-7	2.534390E-7
5.700000E-1	1.039265E-5	1.039265E-5	2.646460E-7	2.646460E-7
5.800000E-1	1.061241E-5	1.061241E-5	2.702422E-7	2.702422E-7
5.900000E-1	1.084752E-5	1.084752E-5	2.762292E-7	2.762292E-7
6.000000E-1	1.113810E-5	1.113810E-5	2.836287E-7	2.836287E-7
6.100000E-1	1.125796E-5	1.125796E-5	2.866809E-7	2.866809E-7
6.200000E-1	1.140470E-5	1.140470E-5	2.904176E-7	2.904176E-7
6.300000E-1	1.163680E-5	1.163680E-5	2.963280E-7	2.963280E-7
6.400000E-1	1.223820E-5	1.223820E-5	3.116425E-7	3.116425E-7
6.500000E-1	1.280150E-5	1.280150E-5	3.259868E-7	3.259868E-7
6.600000E-1	1.373060E-5	1.373060E-5	3.496460E-7	3.496460E-7
6.700000E-1	1.409230E-5	1.409230E-5	3.588566E-7	3.588566E-7
6.800000E-1	1.498980E-5	1.498980E-5	3.817112E-7	3.817112E-7
6.900000E-1	1.492070E-5	1.492070E-5	3.799516E-7	3.799516E-7
7.000000E-1	1.520210E-5	1.520210E-5	3.871174E-7	3.871174E-7
7.100000E-1	1.537660E-5	1.537660E-5	3.915610E-7	3.915610E-7
7.200000E-1	1.511990E-5	1.511990E-5	3.850242E-7	3.850242E-7
7.300000E-1	1.523140E-5	1.523140E-5	3.878635E-7	3.878635E-7
7.400000E-1	1.548590E-5	1.548590E-5	3.943443E-7	3.943443E-7
7.500000E-1	1.430960E-5	1.430960E-5	3.643901E-7	3.643901E-7
7.600000E-1	1.405460E-5	1.405460E-5	3.578966E-7	3.578966E-7
7.700000E-1	1.185210E-5	1.185210E-5	3.018105E-7	3.018105E-7
7.800000E-1	1.175470E-5	1.175470E-5	2.993303E-7	2.993303E-7
7.900000E-1	4.932540E-5	4.932540E-5	1.256058E-6	1.256058E-6
8.000000E-1	3.837180E-5	3.837180E-5	9.771276E-7	9.771276E-7
8.100000E-1	3.393790E-5	3.393790E-5	8.642195E-7	8.642195E-7
8.200000E-1	3.640290E-5	3.640290E-5	9.269901E-7	9.269901E-7
8.300000E-1	3.548690E-5	3.548690E-5	9.036644E-7	9.036644E-7
8.400000E-1	2.727970E-5	2.727970E-5	6.946702E-7	6.946702E-7
8.500000E-1	3.723080E-5	3.723080E-5	9.480723E-7	9.480723E-7
8.600000E-1	4.003700E-5	4.003700E-5	1.019531E-6	1.019531E-6
8.700000E-1	3.403810E-5	3.403810E-5	8.667711E-7	8.667711E-7
8.800000E-1	4.690330E-5	4.690330E-5	1.194380E-6	1.194380E-6
8.900000E-1	4.508560E-5	4.508560E-5	1.148093E-6	1.148093E-6
9.000000E-1	6.643440E-5	6.643440E-5	1.691734E-6	1.691734E-6
9.100000E-1	6.018400E-5	6.018400E-5	1.532569E-6	1.532569E-6
9.200000E-1	9.196190E-5	9.196190E-5	2.341785E-6	2.341785E-6
9.300000E-1	8.428600E-5	8.428600E-5	2.146320E-6	2.146320E-6
9.400000E-1	1.298160E-4	1.298160E-4	3.305730E-6	3.305730E-6
9.500000E-1	1.171660E-4	1.171660E-4	2.983601E-6	2.983601E-6
9.600000E-1	1.105130E-4	1.105130E-4	2.814184E-6	2.814184E-6
9.700000E-1	1.562030E-4	1.562030E-4	3.977667E-6	3.977667E-6
9.800000E-1	2.210610E-4	2.210610E-4	5.629259E-6	5.629259E-6
9.900000E-1	6.010560E-4	6.010560E-4	1.530573E-5	1.530573E-5
1.000000E+0	7.777920E-4	7.777920E-4	1.980626E-5	1.980626E-5
1.010000E+0	8.471770E-4	8.471770E-4	2.157313E-5	2.157313E-5
1.020000E+0	8.101500E-4	8.101500E-4	2.063025E-5	2.063025E-5
1.030000E+0	7.649950E-4	7.649950E-4	1.948039E-5	1.948039E-5
1.040000E+0	7.728120E-4	7.728120E-4	1.967945E-5	1.967945E-5
1.050000E+0	7.773380E-4	7.773380E-4	1.979470E-5	1.979470E-5
1.060000E+0	8.007370E-4	8.007370E-4	2.039055E-5	2.039055E-5
1.070000E+0	6.616620E-4	6.616620E-4	1.684904E-5	1.684904E-5
1.080000E+0	5.436770E-4	5.436770E-4	1.384459E-5	1.384459E-5
1.090000E+0	5.344940E-4	5.344940E-4	1.361075E-5	1.361075E-5
1.100000E+0	4.658490E-4	4.658490E-4	1.186272E-5	1.186272E-5
1.110000E+0	4.197550E-4	4.197550E-4	1.068895E-5	1.068895E-5
1.120000E+0	4.167310E-4	4.167310E-4	1.061194E-5	1.061194E-5
1.130000E+0	4.114180E-4	4.114180E-4	1.047665E-5	1.047665E-5
1.140000E+0	4.060570E-4	4.060570E-4	1.034013E-5	1.034013E-5
1.150000E+0	3.937240E-4	3.937240E-4	1.002608E-5	1.002608E-5
1.160000E+0	3.453280E-4	3.453280E-4	8.793685E-6	8.793685E-6
1.170000E+0	3.559400E-4	3.559400E-4	9.063916E-6	9.063916E-6
1.180000E+0	3.409320E-4	3.409320E-4	8.681742E-6	8.681742E-6
1.190000E+0	7.183780E-4	7.183780E-4	1.829330E-5	1.829330E-5
1.200000E+0	5.933650E-4	5.933650E-4	1.510988E-5	1.510988E-5
1.210000E+0	5.095510E-4	5.095510E-4	1.297558E-5	1.297558E-5
1.220000E+0	4.642860E-4	4.642860E-4	1.182292E-5	1.182292E-5
1.230000E+0	4.679790E-4	4.679790E-4	1.191696E-5	1.191696E-5
1.240000E+0	4.780690E-4	4.780690E-4	1.217390E-5	1.217390E-5
1.250000E+0	4.812570E-4	4.812570E-4	1.225508E-5	1.225508E-5
1.260000E+0	4.591460E-4	4.591460E-4	1.169203E-5	1.169203E-5
1.270000E+0	4.211560E-4	4.211560E-4	1.072462E-5	1.072462E-5
1.280000E+0	3.414800E-4	3.414800E-4	8.695696E-6	8.695696E-6
1.290000E+0	3.235100E-4	3.235100E-4	8.238095E-6	8.238095E-6
1.300000E+0	3.492410E-4	3.492410E-4	8.893328E-6	8.893328E-6
1.310000E+0	3.345040E-4	3.345040E-4	8.518054E-6	8.518054E-6
1.320000E+0	3.154000E-4	3.154000E-4	8.031576E-6	8.031576E-6
1.330000E+0	2.714770E-4	2.714770E-4	6.913089E-6	6.913089E-6
1.340000E+0	2.649100E-4	2.649100E-4	6.745862E-6	6.745862E-6
1.350000E+0	2.494740E-4	2.494740E-4	6.352788E-6	6.352788E-6
1.360000E+0	2.671000E-4	2.671000E-4	6.801630E-6	6.801630E-6
1.370000E+0	3.181380E-4	3.181380E-4	8.101299E-6	8.101299E-6
1.380000E+0	7.378870E-4	7.378870E-4	1.879009E-5	1.879009E-5
1.390000E+0	9.091600E-4	9.091600E-4	2.315151E-5	2.315151E-5
1.400000E+0	1.074876E-3	1.074876E-3	2.737143E-5	2.737143E-5
1.410000E+0	2.286640E-3	2.286640E-3	5.822867E-5	5.822867E-5
1.420000E+0	4.065190E-3	4.065190E-3	1.035190E-4	1.035190E-4
1.430000E+0	4.377390E-3	4.377390E-3	1.114691E-4	1.114691E-4
1.440000E+0	3.817390E-3	3.817390E-3	9.720881E-5	9.720881E-5
1.450000E+0	4.010370E-3	4.010370E-3	1.021230E-4	1.021230E-4
1.460000E+0	4.043970E-3	4.043970E-3	1.029786E-4	1.029786E-4
1.470000E+0	5.968580E-3	5.968580E-3	1.519883E-4	1.519883E-4
1.480000E+0	5.446530E-3	5.446530E-3	1.386944E-4	1.386944E-4
1.490000E+0	4.482250E-3	4.482250E-3	1.141393E-4	1.141393E-4
1.500000E+0	4.948020E-3	4.948020E-3	1.260000E-4	1.260000E-4
