

13:13:50	23/02/21


Ell Cont: 5,0x10,0

SMU1	V name:		V1
	I name:		I1
	Mode:		V
	Function:	VAR1
SMU2	V name:		V2
	I name:		I2
	Mode:		common
	Function:	const.
SMU3	off
SMU4	off
VMUs	off

Primary Source (VAR1):	single
	Sweep Spacing:	linear
	Start:		-0.500000
	Stop:		0.500000
	Step:		0.010000
	Compliance:	0.050000
Power Compliance OFF

Timing:		Integration Time:	medium
	Delay Time (sec):	0.000000
	Hold Time (sec):	0.000000
	Wait Time (sec):	1.000000

Secondary Source (VAR2):	OFF


   V1	   I1	Abs(I)	J (A\um²)	Abs(J)
-5.000000E-1	-1.564440E-9	1.564440E-9	-3.983804E-11	3.983804E-11
-4.900000E-1	-9.037300E-10	9.037300E-10	-2.301324E-11	2.301324E-11
-4.800000E-1	-6.243500E-10	6.243500E-10	-1.589890E-11	1.589890E-11
-4.700000E-1	-4.591500E-10	4.591500E-10	-1.169213E-11	1.169213E-11
-4.600000E-1	-3.784000E-10	3.784000E-10	-9.635854E-12	9.635854E-12
-4.500000E-1	-3.342300E-10	3.342300E-10	-8.511077E-12	8.511077E-12
-4.400000E-1	-2.958500E-10	2.958500E-10	-7.533741E-12	7.533741E-12
-4.300000E-1	-2.691900E-10	2.691900E-10	-6.854851E-12	6.854851E-12
-4.200000E-1	-2.461400E-10	2.461400E-10	-6.267889E-12	6.267889E-12
-4.100000E-1	-2.277600E-10	2.277600E-10	-5.799847E-12	5.799847E-12
-4.000000E-1	-2.043700E-10	2.043700E-10	-5.204227E-12	5.204227E-12
-3.900000E-1	-1.881900E-10	1.881900E-10	-4.792208E-12	4.792208E-12
-3.800000E-1	-1.708700E-10	1.708700E-10	-4.351159E-12	4.351159E-12
-3.700000E-1	-1.522000E-10	1.522000E-10	-3.875732E-12	3.875732E-12
-3.600000E-1	-1.302800E-10	1.302800E-10	-3.317545E-12	3.317545E-12
-3.500000E-1	-1.136300E-10	1.136300E-10	-2.893557E-12	2.893557E-12
-3.400000E-1	-9.860000E-11	9.860000E-11	-2.510822E-12	2.510822E-12
-3.300000E-1	-8.284000E-11	8.284000E-11	-2.109498E-12	2.109498E-12
-3.200000E-1	-6.695000E-11	6.695000E-11	-1.704864E-12	1.704864E-12
-3.100000E-1	-5.317000E-11	5.317000E-11	-1.353960E-12	1.353960E-12
-3.000000E-1	-3.835000E-11	3.835000E-11	-9.765724E-13	9.765724E-13
-2.900000E-1	-2.904000E-11	2.904000E-11	-7.394958E-13	7.394958E-13
-2.800000E-1	-1.711000E-11	1.711000E-11	-4.357015E-13	4.357015E-13
-2.700000E-1	-4.420000E-12	4.420000E-12	-1.125541E-13	1.125541E-13
-2.600000E-1	6.330000E-12	6.330000E-12	1.611917E-13	1.611917E-13
-2.500000E-1	1.083000E-11	1.083000E-11	2.757830E-13	2.757830E-13
-2.400000E-1	1.958000E-11	1.958000E-11	4.985994E-13	4.985994E-13
-2.300000E-1	2.718000E-11	2.718000E-11	6.921314E-13	6.921314E-13
-2.200000E-1	3.242000E-11	3.242000E-11	8.255666E-13	8.255666E-13
-2.100000E-1	3.882000E-11	3.882000E-11	9.885409E-13	9.885409E-13
-2.000000E-1	4.244000E-11	4.244000E-11	1.080723E-12	1.080723E-12
-1.900000E-1	4.641000E-11	4.641000E-11	1.181818E-12	1.181818E-12
-1.800000E-1	4.927000E-11	4.927000E-11	1.254647E-12	1.254647E-12
-1.700000E-1	5.193000E-11	5.193000E-11	1.322383E-12	1.322383E-12
-1.600000E-1	5.521000E-11	5.521000E-11	1.405908E-12	1.405908E-12
-1.500000E-1	5.789000E-11	5.789000E-11	1.474153E-12	1.474153E-12
-1.400000E-1	5.913000E-11	5.913000E-11	1.505730E-12	1.505730E-12
-1.300000E-1	6.257000E-11	6.257000E-11	1.593328E-12	1.593328E-12
-1.200000E-1	6.322000E-11	6.322000E-11	1.609880E-12	1.609880E-12
-1.100000E-1	6.620000E-11	6.620000E-11	1.685765E-12	1.685765E-12
-1.000000E-1	6.601000E-11	6.601000E-11	1.680927E-12	1.680927E-12
-9.000000E-2	6.925000E-11	6.925000E-11	1.763433E-12	1.763433E-12
-8.000000E-2	7.102000E-11	7.102000E-11	1.808505E-12	1.808505E-12
-7.000000E-2	7.346000E-11	7.346000E-11	1.870639E-12	1.870639E-12
-6.000000E-2	7.522000E-11	7.522000E-11	1.915457E-12	1.915457E-12
-5.000000E-2	7.558000E-11	7.558000E-11	1.924624E-12	1.924624E-12
-4.000000E-2	7.747000E-11	7.747000E-11	1.972753E-12	1.972753E-12
-3.000000E-2	8.037000E-11	8.037000E-11	2.046600E-12	2.046600E-12
-2.000000E-2	8.102000E-11	8.102000E-11	2.063153E-12	2.063153E-12
-1.000000E-2	8.416000E-11	8.416000E-11	2.143112E-12	2.143112E-12
0.000000E+0	8.694000E-11	8.694000E-11	2.213904E-12	2.213904E-12
1.000000E-2	8.794000E-11	8.794000E-11	2.239368E-12	2.239368E-12
2.000000E-2	8.954000E-11	8.954000E-11	2.280112E-12	2.280112E-12
3.000000E-2	9.284000E-11	9.284000E-11	2.364146E-12	2.364146E-12
4.000000E-2	9.545000E-11	9.545000E-11	2.430609E-12	2.430609E-12
5.000000E-2	9.816000E-11	9.816000E-11	2.499618E-12	2.499618E-12
6.000000E-2	1.004800E-10	1.004800E-10	2.558696E-12	2.558696E-12
7.000000E-2	1.018100E-10	1.018100E-10	2.592564E-12	2.592564E-12
8.000000E-2	1.055500E-10	1.055500E-10	2.687802E-12	2.687802E-12
9.000000E-2	1.094200E-10	1.094200E-10	2.786351E-12	2.786351E-12
1.000000E-1	1.122000E-10	1.122000E-10	2.857143E-12	2.857143E-12
1.100000E-1	1.147600E-10	1.147600E-10	2.922333E-12	2.922333E-12
1.200000E-1	1.195700E-10	1.195700E-10	3.044818E-12	3.044818E-12
1.300000E-1	1.214400E-10	1.214400E-10	3.092437E-12	3.092437E-12
1.400000E-1	1.262500E-10	1.262500E-10	3.214922E-12	3.214922E-12
1.500000E-1	1.321100E-10	1.321100E-10	3.364146E-12	3.364146E-12
1.600000E-1	1.345200E-10	1.345200E-10	3.425516E-12	3.425516E-12
1.700000E-1	1.393800E-10	1.393800E-10	3.549274E-12	3.549274E-12
1.800000E-1	1.449700E-10	1.449700E-10	3.691622E-12	3.691622E-12
1.900000E-1	1.504700E-10	1.504700E-10	3.831678E-12	3.831678E-12
2.000000E-1	1.562500E-10	1.562500E-10	3.978864E-12	3.978864E-12
2.100000E-1	1.617200E-10	1.617200E-10	4.118156E-12	4.118156E-12
2.200000E-1	1.686200E-10	1.686200E-10	4.293863E-12	4.293863E-12
2.300000E-1	1.744000E-10	1.744000E-10	4.441049E-12	4.441049E-12
2.400000E-1	1.814900E-10	1.814900E-10	4.621594E-12	4.621594E-12
2.500000E-1	1.888500E-10	1.888500E-10	4.809014E-12	4.809014E-12
2.600000E-1	1.977100E-10	1.977100E-10	5.034632E-12	5.034632E-12
2.700000E-1	2.055000E-10	2.055000E-10	5.233002E-12	5.233002E-12
2.800000E-1	2.135200E-10	2.135200E-10	5.437229E-12	5.437229E-12
2.900000E-1	2.229500E-10	2.229500E-10	5.677362E-12	5.677362E-12
3.000000E-1	2.322600E-10	2.322600E-10	5.914438E-12	5.914438E-12
3.100000E-1	2.428800E-10	2.428800E-10	6.184874E-12	6.184874E-12
3.200000E-1	2.539800E-10	2.539800E-10	6.467532E-12	6.467532E-12
3.300000E-1	2.661100E-10	2.661100E-10	6.776420E-12	6.776420E-12
3.400000E-1	2.777400E-10	2.777400E-10	7.072574E-12	7.072574E-12
3.500000E-1	2.917000E-10	2.917000E-10	7.428062E-12	7.428062E-12
3.600000E-1	3.054200E-10	3.054200E-10	7.777438E-12	7.777438E-12
3.700000E-1	3.234900E-10	3.234900E-10	8.237586E-12	8.237586E-12
3.800000E-1	3.344000E-10	3.344000E-10	8.515406E-12	8.515406E-12
3.900000E-1	3.498900E-10	3.498900E-10	8.909855E-12	8.909855E-12
4.000000E-1	3.687400E-10	3.687400E-10	9.389865E-12	9.389865E-12
4.100000E-1	3.868200E-10	3.868200E-10	9.850267E-12	9.850267E-12
4.200000E-1	4.068100E-10	4.068100E-10	1.035931E-11	1.035931E-11
4.300000E-1	4.266200E-10	4.266200E-10	1.086376E-11	1.086376E-11
4.400000E-1	4.482700E-10	4.482700E-10	1.141507E-11	1.141507E-11
4.500000E-1	4.704800E-10	4.704800E-10	1.198065E-11	1.198065E-11
4.600000E-1	4.942900E-10	4.942900E-10	1.258696E-11	1.258696E-11
4.700000E-1	5.209800E-10	5.209800E-10	1.326662E-11	1.326662E-11
4.800000E-1	5.467700E-10	5.467700E-10	1.392335E-11	1.392335E-11
4.900000E-1	5.791400E-10	5.791400E-10	1.474764E-11	1.474764E-11
5.000000E-1	6.061300E-10	6.061300E-10	1.543494E-11	1.543494E-11
