

13:22:10	23/02/21


Ell Cont: 5,0x10,0

SMU1	V name:		V1
	I name:		I1
	Mode:		V
	Function:	VAR1
SMU2	V name:		V2
	I name:		I2
	Mode:		common
	Function:	const.
SMU3	off
SMU4	off
VMUs	off

Primary Source (VAR1):	single
	Sweep Spacing:	linear
	Start:		-0.500000
	Stop:		0.500000
	Step:		0.010000
	Compliance:	0.050000
Power Compliance OFF

Timing:		Integration Time:	medium
	Delay Time (sec):	0.000000
	Hold Time (sec):	0.000000
	Wait Time (sec):	1.000000

Secondary Source (VAR2):	OFF


   V1	   I1	Abs(I)	J (A\um²)	Abs(J)
-5.000000E-1	-1.946950E-9	1.946950E-9	-4.957856E-11	4.957856E-11
-4.900000E-1	-1.020840E-9	1.020840E-9	-2.599542E-11	2.599542E-11
-4.800000E-1	-5.947700E-10	5.947700E-10	-1.514566E-11	1.514566E-11
-4.700000E-1	-3.052900E-10	3.052900E-10	-7.774128E-12	7.774128E-12
-4.600000E-1	-1.671600E-10	1.671600E-10	-4.256684E-12	4.256684E-12
-4.500000E-1	-9.012000E-11	9.012000E-11	-2.294882E-12	2.294882E-12
-4.400000E-1	-3.670000E-11	3.670000E-11	-9.345556E-13	9.345556E-13
-4.300000E-1	4.000000E-14	4.000000E-14	1.018589E-15	1.018589E-15
-4.200000E-1	2.798000E-11	2.798000E-11	7.125032E-13	7.125032E-13
-4.100000E-1	5.149000E-11	5.149000E-11	1.311179E-12	1.311179E-12
-4.000000E-1	6.928000E-11	6.928000E-11	1.764197E-12	1.764197E-12
-3.900000E-1	8.430000E-11	8.430000E-11	2.146677E-12	2.146677E-12
-3.800000E-1	9.923000E-11	9.923000E-11	2.526865E-12	2.526865E-12
-3.700000E-1	1.118900E-10	1.118900E-10	2.849249E-12	2.849249E-12
-3.600000E-1	1.234300E-10	1.234300E-10	3.143112E-12	3.143112E-12
-3.500000E-1	1.328000E-10	1.328000E-10	3.381716E-12	3.381716E-12
-3.400000E-1	1.425300E-10	1.425300E-10	3.629488E-12	3.629488E-12
-3.300000E-1	1.534300E-10	1.534300E-10	3.907054E-12	3.907054E-12
-3.200000E-1	1.625400E-10	1.625400E-10	4.139037E-12	4.139037E-12
-3.100000E-1	1.727200E-10	1.727200E-10	4.398268E-12	4.398268E-12
-3.000000E-1	1.808100E-10	1.808100E-10	4.604278E-12	4.604278E-12
-2.900000E-1	1.900200E-10	1.900200E-10	4.838808E-12	4.838808E-12
-2.800000E-1	1.985900E-10	1.985900E-10	5.057041E-12	5.057041E-12
-2.700000E-1	2.076400E-10	2.076400E-10	5.287497E-12	5.287497E-12
-2.600000E-1	2.179800E-10	2.179800E-10	5.550802E-12	5.550802E-12
-2.500000E-1	2.266000E-10	2.266000E-10	5.770308E-12	5.770308E-12
-2.400000E-1	2.373800E-10	2.373800E-10	6.044818E-12	6.044818E-12
-2.300000E-1	2.474800E-10	2.474800E-10	6.302012E-12	6.302012E-12
-2.200000E-1	2.586300E-10	2.586300E-10	6.585943E-12	6.585943E-12
-2.100000E-1	2.699100E-10	2.699100E-10	6.873186E-12	6.873186E-12
-2.000000E-1	2.822200E-10	2.822200E-10	7.186656E-12	7.186656E-12
-1.900000E-1	2.942000E-10	2.942000E-10	7.491724E-12	7.491724E-12
-1.800000E-1	3.071600E-10	3.071600E-10	7.821747E-12	7.821747E-12
-1.700000E-1	3.203200E-10	3.203200E-10	8.156863E-12	8.156863E-12
-1.600000E-1	3.343000E-10	3.343000E-10	8.512860E-12	8.512860E-12
-1.500000E-1	3.501600E-10	3.501600E-10	8.916730E-12	8.916730E-12
-1.400000E-1	3.654400E-10	3.654400E-10	9.305831E-12	9.305831E-12
-1.300000E-1	3.821700E-10	3.821700E-10	9.731856E-12	9.731856E-12
-1.200000E-1	3.996200E-10	3.996200E-10	1.017622E-11	1.017622E-11
-1.100000E-1	4.169200E-10	4.169200E-10	1.061676E-11	1.061676E-11
-1.000000E-1	4.369400E-10	4.369400E-10	1.112656E-11	1.112656E-11
-9.000000E-2	4.581500E-10	4.581500E-10	1.166667E-11	1.166667E-11
-8.000000E-2	4.803300E-10	4.803300E-10	1.223147E-11	1.223147E-11
-7.000000E-2	5.038700E-10	5.038700E-10	1.283091E-11	1.283091E-11
-6.000000E-2	5.282700E-10	5.282700E-10	1.345225E-11	1.345225E-11
-5.000000E-2	5.559600E-10	5.559600E-10	1.415737E-11	1.415737E-11
-4.000000E-2	5.833000E-10	5.833000E-10	1.485358E-11	1.485358E-11
-3.000000E-2	6.133500E-10	6.133500E-10	1.561879E-11	1.561879E-11
-2.000000E-2	6.455200E-10	6.455200E-10	1.643799E-11	1.643799E-11
-1.000000E-2	6.793800E-10	6.793800E-10	1.730023E-11	1.730023E-11
0.000000E+0	7.159300E-10	7.159300E-10	1.823096E-11	1.823096E-11
1.000000E-2	7.536100E-10	7.536100E-10	1.919048E-11	1.919048E-11
2.000000E-2	7.961400E-10	7.961400E-10	2.027349E-11	2.027349E-11
3.000000E-2	8.639900E-10	8.639900E-10	2.200127E-11	2.200127E-11
4.000000E-2	1.072300E-9	1.072300E-9	2.730583E-11	2.730583E-11
5.000000E-2	1.159150E-9	1.159150E-9	2.951744E-11	2.951744E-11
6.000000E-2	1.238600E-9	1.238600E-9	3.154062E-11	3.154062E-11
7.000000E-2	1.317060E-9	1.317060E-9	3.353858E-11	3.353858E-11
8.000000E-2	1.394170E-9	1.394170E-9	3.550216E-11	3.550216E-11
9.000000E-2	1.478750E-9	1.478750E-9	3.765597E-11	3.765597E-11
1.000000E-1	1.563850E-9	1.563850E-9	3.982302E-11	3.982302E-11
1.100000E-1	1.656540E-9	1.656540E-9	4.218335E-11	4.218335E-11
1.200000E-1	1.752420E-9	1.752420E-9	4.462490E-11	4.462490E-11
1.300000E-1	1.856710E-9	1.856710E-9	4.728062E-11	4.728062E-11
1.400000E-1	1.963800E-9	1.963800E-9	5.000764E-11	5.000764E-11
1.500000E-1	2.081630E-9	2.081630E-9	5.300815E-11	5.300815E-11
1.600000E-1	2.206670E-9	2.206670E-9	5.619226E-11	5.619226E-11
1.700000E-1	2.335780E-9	2.335780E-9	5.948001E-11	5.948001E-11
1.800000E-1	2.477310E-9	2.477310E-9	6.308403E-11	6.308403E-11
1.900000E-1	2.624330E-9	2.624330E-9	6.682786E-11	6.682786E-11
2.000000E-1	2.785390E-9	2.785390E-9	7.092921E-11	7.092921E-11
2.100000E-1	2.951250E-9	2.951250E-9	7.515279E-11	7.515279E-11
2.200000E-1	3.132930E-9	3.132930E-9	7.977922E-11	7.977922E-11
2.300000E-1	3.322520E-9	3.322520E-9	8.460708E-11	8.460708E-11
2.400000E-1	3.526310E-9	3.526310E-9	8.979654E-11	8.979654E-11
2.500000E-1	3.740910E-9	3.740910E-9	9.526127E-11	9.526127E-11
2.600000E-1	3.973710E-9	3.973710E-9	1.011895E-10	1.011895E-10
2.700000E-1	4.219110E-9	4.219110E-9	1.074385E-10	1.074385E-10
2.800000E-1	4.477930E-9	4.477930E-9	1.140293E-10	1.140293E-10
2.900000E-1	4.757290E-9	4.757290E-9	1.211431E-10	1.211431E-10
3.000000E-1	5.049460E-9	5.049460E-9	1.285831E-10	1.285831E-10
3.100000E-1	5.364790E-9	5.364790E-9	1.366129E-10	1.366129E-10
3.200000E-1	5.512390E-9	5.512390E-9	1.403715E-10	1.403715E-10
3.300000E-1	5.818540E-9	5.818540E-9	1.481676E-10	1.481676E-10
3.400000E-1	6.146840E-9	6.146840E-9	1.565276E-10	1.565276E-10
3.500000E-1	6.494390E-9	6.494390E-9	1.653779E-10	1.653779E-10
3.600000E-1	6.861220E-9	6.861220E-9	1.747191E-10	1.747191E-10
3.700000E-1	7.251270E-9	7.251270E-9	1.846516E-10	1.846516E-10
3.800000E-1	7.664960E-9	7.664960E-9	1.951861E-10	1.951861E-10
3.900000E-1	8.097580E-9	8.097580E-9	2.062027E-10	2.062027E-10
4.000000E-1	8.553890E-9	8.553890E-9	2.178225E-10	2.178225E-10
4.100000E-1	9.027920E-9	9.027920E-9	2.298936E-10	2.298936E-10
4.200000E-1	9.530550E-9	9.530550E-9	2.426929E-10	2.426929E-10
4.300000E-1	1.006840E-8	1.006840E-8	2.563891E-10	2.563891E-10
4.400000E-1	1.163250E-8	1.163250E-8	2.962185E-10	2.962185E-10
4.500000E-1	1.226550E-8	1.226550E-8	3.123377E-10	3.123377E-10
4.600000E-1	1.294140E-8	1.294140E-8	3.295493E-10	3.295493E-10
4.700000E-1	1.363510E-8	1.363510E-8	3.472142E-10	3.472142E-10
4.800000E-1	1.439190E-8	1.439190E-8	3.664859E-10	3.664859E-10
4.900000E-1	1.518680E-8	1.518680E-8	3.867278E-10	3.867278E-10
5.000000E-1	1.601590E-8	1.601590E-8	4.078406E-10	4.078406E-10
