

13:30:25	23/02/21


Ell Cont: 5,0x10,0

SMU1	V name:		V1
	I name:		I1
	Mode:		V
	Function:	VAR1
SMU2	V name:		V2
	I name:		I2
	Mode:		common
	Function:	const.
SMU3	off
SMU4	off
VMUs	off

Primary Source (VAR1):	single
	Sweep Spacing:	linear
	Start:		-0.500000
	Stop:		0.500000
	Step:		0.010000
	Compliance:	0.050000
Power Compliance OFF

Timing:		Integration Time:	medium
	Delay Time (sec):	0.000000
	Hold Time (sec):	0.000000
	Wait Time (sec):	1.000000

Secondary Source (VAR2):	OFF


   V1	   I1	Abs(I)	J (A\um²)	Abs(J)
-5.000000E-1	-1.589050E-9	1.589050E-9	-4.046473E-11	4.046473E-11
-4.900000E-1	-5.315200E-10	5.315200E-10	-1.353501E-11	1.353501E-11
-4.800000E-1	-1.063100E-10	1.063100E-10	-2.707156E-12	2.707156E-12
-4.700000E-1	4.875000E-11	4.875000E-11	1.241406E-12	1.241406E-12
-4.600000E-1	1.268400E-10	1.268400E-10	3.229946E-12	3.229946E-12
-4.500000E-1	1.779800E-10	1.779800E-10	4.532213E-12	4.532213E-12
-4.400000E-1	2.137500E-10	2.137500E-10	5.443086E-12	5.443086E-12
-4.300000E-1	2.400900E-10	2.400900E-10	6.113827E-12	6.113827E-12
-4.200000E-1	2.594100E-10	2.594100E-10	6.605806E-12	6.605806E-12
-4.100000E-1	2.823000E-10	2.823000E-10	7.188694E-12	7.188694E-12
-4.000000E-1	2.983800E-10	2.983800E-10	7.598166E-12	7.598166E-12
-3.900000E-1	3.170000E-10	3.170000E-10	8.072320E-12	8.072320E-12
-3.800000E-1	3.320600E-10	3.320600E-10	8.455819E-12	8.455819E-12
-3.700000E-1	3.499000E-10	3.499000E-10	8.910109E-12	8.910109E-12
-3.600000E-1	3.648500E-10	3.648500E-10	9.290807E-12	9.290807E-12
-3.500000E-1	3.825700E-10	3.825700E-10	9.742042E-12	9.742042E-12
-3.400000E-1	3.984400E-10	3.984400E-10	1.014617E-11	1.014617E-11
-3.300000E-1	4.155600E-10	4.155600E-10	1.058212E-11	1.058212E-11
-3.200000E-1	4.338700E-10	4.338700E-10	1.104838E-11	1.104838E-11
-3.100000E-1	4.524500E-10	4.524500E-10	1.152152E-11	1.152152E-11
-3.000000E-1	4.732200E-10	4.732200E-10	1.205042E-11	1.205042E-11
-2.900000E-1	4.941900E-10	4.941900E-10	1.258442E-11	1.258442E-11
-2.800000E-1	5.163300E-10	5.163300E-10	1.314820E-11	1.314820E-11
-2.700000E-1	5.391800E-10	5.391800E-10	1.373007E-11	1.373007E-11
-2.600000E-1	5.643700E-10	5.643700E-10	1.437153E-11	1.437153E-11
-2.500000E-1	5.890700E-10	5.890700E-10	1.500051E-11	1.500051E-11
-2.400000E-1	6.176200E-10	6.176200E-10	1.572753E-11	1.572753E-11
-2.300000E-1	6.462100E-10	6.462100E-10	1.645556E-11	1.645556E-11
-2.200000E-1	6.778800E-10	6.778800E-10	1.726203E-11	1.726203E-11
-2.100000E-1	7.102000E-10	7.102000E-10	1.808505E-11	1.808505E-11
-2.000000E-1	7.459900E-10	7.459900E-10	1.899643E-11	1.899643E-11
-1.900000E-1	7.840300E-10	7.840300E-10	1.996511E-11	1.996511E-11
-1.800000E-1	8.238800E-10	8.238800E-10	2.097988E-11	2.097988E-11
-1.700000E-1	8.884500E-10	8.884500E-10	2.262414E-11	2.262414E-11
-1.600000E-1	1.084280E-9	1.084280E-9	2.761090E-11	2.761090E-11
-1.500000E-1	1.177200E-9	1.177200E-9	2.997708E-11	2.997708E-11
-1.400000E-1	1.251830E-9	1.251830E-9	3.187751E-11	3.187751E-11
-1.300000E-1	1.333790E-9	1.333790E-9	3.396460E-11	3.396460E-11
-1.200000E-1	1.413110E-9	1.413110E-9	3.598447E-11	3.598447E-11
-1.100000E-1	1.500370E-9	1.500370E-9	3.820652E-11	3.820652E-11
-1.000000E-1	1.586390E-9	1.586390E-9	4.039699E-11	4.039699E-11
-9.000000E-2	1.683400E-9	1.683400E-9	4.286733E-11	4.286733E-11
-8.000000E-2	1.781260E-9	1.781260E-9	4.535931E-11	4.535931E-11
-7.000000E-2	1.887420E-9	1.887420E-9	4.806264E-11	4.806264E-11
-6.000000E-2	1.999130E-9	1.999130E-9	5.090731E-11	5.090731E-11
-5.000000E-2	2.119920E-9	2.119920E-9	5.398319E-11	5.398319E-11
-4.000000E-2	2.248410E-9	2.248410E-9	5.725516E-11	5.725516E-11
-3.000000E-2	2.384210E-9	2.384210E-9	6.071327E-11	6.071327E-11
-2.000000E-2	2.532490E-9	2.532490E-9	6.448918E-11	6.448918E-11
-1.000000E-2	2.685770E-9	2.685770E-9	6.839241E-11	6.839241E-11
0.000000E+0	2.850140E-9	2.850140E-9	7.257805E-11	7.257805E-11
1.000000E-2	3.029010E-9	3.029010E-9	7.713292E-11	7.713292E-11
2.000000E-2	3.221040E-9	3.221040E-9	8.202292E-11	8.202292E-11
3.000000E-2	3.422810E-9	3.422810E-9	8.716094E-11	8.716094E-11
4.000000E-2	3.642460E-9	3.642460E-9	9.275426E-11	9.275426E-11
5.000000E-2	3.874130E-9	3.874130E-9	9.865368E-11	9.865368E-11
6.000000E-2	4.126810E-9	4.126810E-9	1.050881E-10	1.050881E-10
7.000000E-2	4.393550E-9	4.393550E-9	1.118806E-10	1.118806E-10
8.000000E-2	4.675970E-9	4.675970E-9	1.190723E-10	1.190723E-10
9.000000E-2	4.983150E-9	4.983150E-9	1.268946E-10	1.268946E-10
1.000000E-1	5.306470E-9	5.306470E-9	1.351278E-10	1.351278E-10
1.100000E-1	5.487130E-9	5.487130E-9	1.397283E-10	1.397283E-10
1.200000E-1	5.795330E-9	5.795330E-9	1.475765E-10	1.475765E-10
1.300000E-1	6.123610E-9	6.123610E-9	1.559361E-10	1.559361E-10
1.400000E-1	6.463740E-9	6.463740E-9	1.645974E-10	1.645974E-10
1.500000E-1	6.820500E-9	6.820500E-9	1.736822E-10	1.736822E-10
1.600000E-1	7.192810E-9	7.192810E-9	1.831630E-10	1.831630E-10
1.700000E-1	7.572520E-9	7.572520E-9	1.928322E-10	1.928322E-10
1.800000E-1	7.974120E-9	7.974120E-9	2.030588E-10	2.030588E-10
1.900000E-1	8.384200E-9	8.384200E-9	2.135014E-10	2.135014E-10
2.000000E-1	8.814900E-9	8.814900E-9	2.244691E-10	2.244691E-10
2.100000E-1	9.254070E-9	9.254070E-9	2.356524E-10	2.356524E-10
2.200000E-1	9.731900E-9	9.731900E-9	2.478202E-10	2.478202E-10
2.300000E-1	1.124280E-8	1.124280E-8	2.862949E-10	2.862949E-10
2.400000E-1	1.189120E-8	1.189120E-8	3.028062E-10	3.028062E-10
2.500000E-1	1.254560E-8	1.254560E-8	3.194703E-10	3.194703E-10
2.600000E-1	1.325860E-8	1.325860E-8	3.376267E-10	3.376267E-10
2.700000E-1	1.401220E-8	1.401220E-8	3.568169E-10	3.568169E-10
2.800000E-1	1.479590E-8	1.479590E-8	3.767736E-10	3.767736E-10
2.900000E-1	1.564840E-8	1.564840E-8	3.984823E-10	3.984823E-10
3.000000E-1	1.652860E-8	1.652860E-8	4.208964E-10	4.208964E-10
3.100000E-1	1.747760E-8	1.747760E-8	4.450624E-10	4.450624E-10
3.200000E-1	1.845510E-8	1.845510E-8	4.699542E-10	4.699542E-10
3.300000E-1	1.949930E-8	1.949930E-8	4.965444E-10	4.965444E-10
3.400000E-1	2.057560E-8	2.057560E-8	5.239521E-10	5.239521E-10
3.500000E-1	2.171790E-8	2.171790E-8	5.530405E-10	5.530405E-10
3.600000E-1	2.288860E-8	2.288860E-8	5.828520E-10	5.828520E-10
3.700000E-1	2.412650E-8	2.412650E-8	6.143748E-10	6.143748E-10
3.800000E-1	2.540390E-8	2.540390E-8	6.469035E-10	6.469035E-10
3.900000E-1	2.671030E-8	2.671030E-8	6.801706E-10	6.801706E-10
4.000000E-1	2.808020E-8	2.808020E-8	7.150547E-10	7.150547E-10
4.100000E-1	2.947390E-8	2.947390E-8	7.505449E-10	7.505449E-10
4.200000E-1	3.092470E-8	3.092470E-8	7.874892E-10	7.874892E-10
4.300000E-1	3.239120E-8	3.239120E-8	8.248332E-10	8.248332E-10
4.400000E-1	3.391350E-8	3.391350E-8	8.635982E-10	8.635982E-10
4.500000E-1	3.544650E-8	3.544650E-8	9.026356E-10	9.026356E-10
4.600000E-1	3.703540E-8	3.703540E-8	9.430965E-10	9.430965E-10
4.700000E-1	3.862390E-8	3.862390E-8	9.835472E-10	9.835472E-10
4.800000E-1	4.026400E-8	4.026400E-8	1.025312E-9	1.025312E-9
4.900000E-1	4.191350E-8	4.191350E-8	1.067316E-9	1.067316E-9
5.000000E-1	4.356510E-8	4.356510E-8	1.109374E-9	1.109374E-9
