

13:18:04	23/02/21


Ell Cont: 5,0x10,0

SMU1	V name:		V1
	I name:		I1
	Mode:		V
	Function:	VAR1
SMU2	V name:		V2
	I name:		I2
	Mode:		common
	Function:	const.
SMU3	off
SMU4	off
VMUs	off

Primary Source (VAR1):	single
	Sweep Spacing:	linear
	Start:		-0.500000
	Stop:		0.500000
	Step:		0.010000
	Compliance:	0.050000
Power Compliance OFF

Timing:		Integration Time:	medium
	Delay Time (sec):	0.000000
	Hold Time (sec):	0.000000
	Wait Time (sec):	1.000000

Secondary Source (VAR2):	OFF


   V1	   I1	Abs(I)	J (A\um²)	Abs(J)
-5.000000E-1	-1.600840E-2	1.600840E-2	-4.076496E-4	4.076496E-4
-4.900000E-1	-1.625230E-2	1.625230E-2	-4.138604E-4	4.138604E-4
-4.800000E-1	-1.618750E-2	1.618750E-2	-4.122103E-4	4.122103E-4
-4.700000E-1	-1.605220E-2	1.605220E-2	-4.087650E-4	4.087650E-4
-4.600000E-1	-1.588560E-2	1.588560E-2	-4.045225E-4	4.045225E-4
-4.500000E-1	-1.572950E-2	1.572950E-2	-4.005475E-4	4.005475E-4
-4.400000E-1	-1.558540E-2	1.558540E-2	-3.968780E-4	3.968780E-4
-4.300000E-1	-1.543960E-2	1.543960E-2	-3.931653E-4	3.931653E-4
-4.200000E-1	-1.528540E-2	1.528540E-2	-3.892386E-4	3.892386E-4
-4.100000E-1	-1.512030E-2	1.512030E-2	-3.850344E-4	3.850344E-4
-4.000000E-1	-1.494310E-2	1.494310E-2	-3.805220E-4	3.805220E-4
-3.900000E-1	-1.475490E-2	1.475490E-2	-3.757296E-4	3.757296E-4
-3.800000E-1	-1.456000E-2	1.456000E-2	-3.707665E-4	3.707665E-4
-3.700000E-1	-1.435430E-2	1.435430E-2	-3.655284E-4	3.655284E-4
-3.600000E-1	-1.414060E-2	1.414060E-2	-3.600866E-4	3.600866E-4
-3.500000E-1	-1.391980E-2	1.391980E-2	-3.544640E-4	3.544640E-4
-3.400000E-1	-1.368560E-2	1.368560E-2	-3.485001E-4	3.485001E-4
-3.300000E-1	-1.343980E-2	1.343980E-2	-3.422409E-4	3.422409E-4
-3.200000E-1	-1.318840E-2	1.318840E-2	-3.358391E-4	3.358391E-4
-3.100000E-1	-1.292440E-2	1.292440E-2	-3.291164E-4	3.291164E-4
-3.000000E-1	-1.265240E-2	1.265240E-2	-3.221900E-4	3.221900E-4
-2.900000E-1	-1.236850E-2	1.236850E-2	-3.149605E-4	3.149605E-4
-2.800000E-1	-1.207430E-2	1.207430E-2	-3.074688E-4	3.074688E-4
-2.700000E-1	-1.177230E-2	1.177230E-2	-2.997785E-4	2.997785E-4
-2.600000E-1	-1.146030E-2	1.146030E-2	-2.918335E-4	2.918335E-4
-2.500000E-1	-1.114140E-2	1.114140E-2	-2.837128E-4	2.837128E-4
-2.400000E-1	-1.081150E-2	1.081150E-2	-2.753119E-4	2.753119E-4
-2.300000E-1	-1.047200E-2	1.047200E-2	-2.666667E-4	2.666667E-4
-2.200000E-1	-1.012010E-2	1.012010E-2	-2.577056E-4	2.577056E-4
-2.100000E-1	-9.760250E-3	9.760250E-3	-2.485421E-4	2.485421E-4
-2.000000E-1	-9.389860E-3	9.389860E-3	-2.391103E-4	2.391103E-4
-1.900000E-1	-9.021900E-3	9.021900E-3	-2.297403E-4	2.297403E-4
-1.800000E-1	-8.633980E-3	8.633980E-3	-2.198620E-4	2.198620E-4
-1.700000E-1	-8.235060E-3	8.235060E-3	-2.097036E-4	2.097036E-4
-1.600000E-1	-7.822080E-3	7.822080E-3	-1.991872E-4	1.991872E-4
-1.500000E-1	-7.397040E-3	7.397040E-3	-1.883636E-4	1.883636E-4
-1.400000E-1	-6.963630E-3	6.963630E-3	-1.773270E-4	1.773270E-4
-1.300000E-1	-6.516020E-3	6.516020E-3	-1.659287E-4	1.659287E-4
-1.200000E-1	-6.061640E-3	6.061640E-3	-1.543580E-4	1.543580E-4
-1.100000E-1	-5.595860E-3	5.595860E-3	-1.424971E-4	1.424971E-4
-1.000000E-1	-5.124440E-3	5.124440E-3	-1.304925E-4	1.304925E-4
-9.000000E-2	-4.640820E-3	4.640820E-3	-1.181772E-4	1.181772E-4
-8.000000E-2	-4.151920E-3	4.151920E-3	-1.057275E-4	1.057275E-4
-7.000000E-2	-3.652410E-3	3.652410E-3	-9.300764E-5	9.300764E-5
-6.000000E-2	-3.150350E-3	3.150350E-3	-8.022282E-5	8.022282E-5
-5.000000E-2	-2.637810E-3	2.637810E-3	-6.717112E-5	6.717112E-5
-4.000000E-2	-2.121880E-3	2.121880E-3	-5.403310E-5	5.403310E-5
-3.000000E-2	-1.597060E-3	1.597060E-3	-4.066870E-5	4.066870E-5
-2.000000E-2	-1.067860E-3	1.067860E-3	-2.719277E-5	2.719277E-5
-1.000000E-2	-5.390500E-4	5.390500E-4	-1.372676E-5	1.372676E-5
0.000000E+0	-3.575080E-6	3.575080E-6	-9.103845E-8	9.103845E-8
1.000000E-2	5.290290E-4	5.290290E-4	1.347158E-5	1.347158E-5
2.000000E-2	1.066409E-3	1.066409E-3	2.715582E-5	2.715582E-5
3.000000E-2	1.598930E-3	1.598930E-3	4.071632E-5	4.071632E-5
4.000000E-2	2.133880E-3	2.133880E-3	5.433868E-5	5.433868E-5
5.000000E-2	2.662230E-3	2.662230E-3	6.779297E-5	6.779297E-5
6.000000E-2	3.191160E-3	3.191160E-3	8.126203E-5	8.126203E-5
7.000000E-2	3.715870E-3	3.715870E-3	9.462363E-5	9.462363E-5
8.000000E-2	4.231310E-3	4.231310E-3	1.077492E-4	1.077492E-4
9.000000E-2	4.744750E-3	4.744750E-3	1.208238E-4	1.208238E-4
1.000000E-1	5.247790E-3	5.247790E-3	1.336336E-4	1.336336E-4
1.100000E-1	5.747650E-3	5.747650E-3	1.463624E-4	1.463624E-4
1.200000E-1	6.235770E-3	6.235770E-3	1.587922E-4	1.587922E-4
1.300000E-1	6.719300E-3	6.719300E-3	1.711052E-4	1.711052E-4
1.400000E-1	7.190060E-3	7.190060E-3	1.830929E-4	1.830929E-4
1.500000E-1	7.655070E-3	7.655070E-3	1.949343E-4	1.949343E-4
1.600000E-1	8.110610E-3	8.110610E-3	2.065345E-4	2.065345E-4
1.700000E-1	8.552220E-3	8.552220E-3	2.177800E-4	2.177800E-4
1.800000E-1	8.987920E-3	8.987920E-3	2.288750E-4	2.288750E-4
1.900000E-1	9.409740E-3	9.409740E-3	2.396165E-4	2.396165E-4
2.000000E-1	9.823140E-3	9.823140E-3	2.501436E-4	2.501436E-4
2.100000E-1	1.022169E-2	1.022169E-2	2.602926E-4	2.602926E-4
2.200000E-1	1.061213E-2	1.061213E-2	2.702350E-4	2.702350E-4
2.300000E-1	1.098864E-2	1.098864E-2	2.798228E-4	2.798228E-4
2.400000E-1	1.135716E-2	1.135716E-2	2.892070E-4	2.892070E-4
2.500000E-1	1.171380E-2	1.171380E-2	2.982888E-4	2.982888E-4
2.600000E-1	1.205980E-2	1.205980E-2	3.070996E-4	3.070996E-4
2.700000E-1	1.239990E-2	1.239990E-2	3.157601E-4	3.157601E-4
2.800000E-1	1.272410E-2	1.272410E-2	3.240158E-4	3.240158E-4
2.900000E-1	1.303700E-2	1.303700E-2	3.319837E-4	3.319837E-4
3.000000E-1	1.333660E-2	1.333660E-2	3.396129E-4	3.396129E-4
3.100000E-1	1.362430E-2	1.362430E-2	3.469391E-4	3.469391E-4
3.200000E-1	1.390090E-2	1.390090E-2	3.539827E-4	3.539827E-4
3.300000E-1	1.416720E-2	1.416720E-2	3.607639E-4	3.607639E-4
3.400000E-1	1.442090E-2	1.442090E-2	3.672243E-4	3.672243E-4
3.500000E-1	1.466530E-2	1.466530E-2	3.734479E-4	3.734479E-4
3.600000E-1	1.489460E-2	1.489460E-2	3.792870E-4	3.792870E-4
3.700000E-1	1.511400E-2	1.511400E-2	3.848739E-4	3.848739E-4
3.800000E-1	1.532060E-2	1.532060E-2	3.901350E-4	3.901350E-4
3.900000E-1	1.551230E-2	1.551230E-2	3.950165E-4	3.950165E-4
4.000000E-1	1.569430E-2	1.569430E-2	3.996511E-4	3.996511E-4
4.100000E-1	1.586430E-2	1.586430E-2	4.039801E-4	4.039801E-4
4.200000E-1	1.602550E-2	1.602550E-2	4.080850E-4	4.080850E-4
4.300000E-1	1.615650E-2	1.615650E-2	4.114209E-4	4.114209E-4
4.400000E-1	1.626840E-2	1.626840E-2	4.142704E-4	4.142704E-4
4.500000E-1	1.637070E-2	1.637070E-2	4.168755E-4	4.168755E-4
4.600000E-1	1.649700E-2	1.649700E-2	4.200917E-4	4.200917E-4
4.700000E-1	1.660340E-2	1.660340E-2	4.228011E-4	4.228011E-4
4.800000E-1	1.668960E-2	1.668960E-2	4.249962E-4	4.249962E-4
4.900000E-1	1.666550E-2	1.666550E-2	4.243825E-4	4.243825E-4
5.000000E-1	1.656950E-2	1.656950E-2	4.219379E-4	4.219379E-4
