

13:11:02	23/02/21


Ell Cont: 5,0x10,0

SMU1	V name:		V1
	I name:		I1
	Mode:		V
	Function:	VAR1
SMU2	V name:		V2
	I name:		I2
	Mode:		common
	Function:	const.
SMU3	off
SMU4	off
VMUs	off

Primary Source (VAR1):	single
	Sweep Spacing:	linear
	Start:		-0.500000
	Stop:		0.500000
	Step:		0.010000
	Compliance:	0.050000
Power Compliance OFF

Timing:		Integration Time:	medium
	Delay Time (sec):	0.000000
	Hold Time (sec):	0.000000
	Wait Time (sec):	1.000000

Secondary Source (VAR2):	OFF


   V1	   I1	Abs(I)	J (A\µm²)	Abs(J)
-5.000000E-1	-3.001850E-8	3.001850E-8	-7.644130E-10	7.644130E-10
-4.900000E-1	-2.732380E-8	2.732380E-8	-6.957932E-10	6.957932E-10
-4.800000E-1	-2.642880E-8	2.642880E-8	-6.730023E-10	6.730023E-10
-4.700000E-1	-2.530800E-8	2.530800E-8	-6.444614E-10	6.444614E-10
-4.600000E-1	-2.403110E-8	2.403110E-8	-6.119455E-10	6.119455E-10
-4.500000E-1	-2.331260E-8	2.331260E-8	-5.936491E-10	5.936491E-10
-4.400000E-1	-2.260640E-8	2.260640E-8	-5.756659E-10	5.756659E-10
-4.300000E-1	-2.180230E-8	2.180230E-8	-5.551897E-10	5.551897E-10
-4.200000E-1	-2.051150E-8	2.051150E-8	-5.223198E-10	5.223198E-10
-4.100000E-1	-1.952850E-8	1.952850E-8	-4.972880E-10	4.972880E-10
-4.000000E-1	-1.857140E-8	1.857140E-8	-4.729157E-10	4.729157E-10
-3.900000E-1	-1.838760E-8	1.838760E-8	-4.682353E-10	4.682353E-10
-3.800000E-1	-1.744990E-8	1.744990E-8	-4.443570E-10	4.443570E-10
-3.700000E-1	-1.674430E-8	1.674430E-8	-4.263891E-10	4.263891E-10
-3.600000E-1	-1.550350E-8	1.550350E-8	-3.947925E-10	3.947925E-10
-3.500000E-1	-1.507340E-8	1.507340E-8	-3.838401E-10	3.838401E-10
-3.400000E-1	-1.386850E-8	1.386850E-8	-3.531576E-10	3.531576E-10
-3.300000E-1	-1.292130E-8	1.292130E-8	-3.290374E-10	3.290374E-10
-3.200000E-1	-1.208170E-8	1.208170E-8	-3.076572E-10	3.076572E-10
-3.100000E-1	-1.248360E-8	1.248360E-8	-3.178915E-10	3.178915E-10
-3.000000E-1	-1.180900E-8	1.180900E-8	-3.007130E-10	3.007130E-10
-2.900000E-1	-1.091470E-8	1.091470E-8	-2.779399E-10	2.779399E-10
-2.800000E-1	-1.060840E-8	1.060840E-8	-2.701401E-10	2.701401E-10
-2.700000E-1	-1.012150E-8	1.012150E-8	-2.577413E-10	2.577413E-10
-2.600000E-1	-9.443260E-9	9.443260E-9	-2.404701E-10	2.404701E-10
-2.500000E-1	-9.031830E-9	9.031830E-9	-2.299931E-10	2.299931E-10
-2.400000E-1	-8.615530E-9	8.615530E-9	-2.193922E-10	2.193922E-10
-2.300000E-1	-8.306700E-9	8.306700E-9	-2.115279E-10	2.115279E-10
-2.200000E-1	-7.796480E-9	7.796480E-9	-1.985353E-10	1.985353E-10
-2.100000E-1	-7.173150E-9	7.173150E-9	-1.826623E-10	1.826623E-10
-2.000000E-1	-6.956440E-9	6.956440E-9	-1.771439E-10	1.771439E-10
-1.900000E-1	-6.224380E-9	6.224380E-9	-1.585022E-10	1.585022E-10
-1.800000E-1	-6.106360E-9	6.106360E-9	-1.554968E-10	1.554968E-10
-1.700000E-1	-5.313390E-9	5.313390E-9	-1.353040E-10	1.353040E-10
-1.600000E-1	-4.931870E-9	4.931870E-9	-1.255887E-10	1.255887E-10
-1.500000E-1	-4.517670E-9	4.517670E-9	-1.150413E-10	1.150413E-10
-1.400000E-1	-4.618980E-9	4.618980E-9	-1.176211E-10	1.176211E-10
-1.300000E-1	-3.928070E-9	3.928070E-9	-1.000272E-10	1.000272E-10
-1.200000E-1	-3.515870E-9	3.515870E-9	-8.953068E-11	8.953068E-11
-1.100000E-1	-3.168210E-9	3.168210E-9	-8.067762E-11	8.067762E-11
-1.000000E-1	-3.026730E-9	3.026730E-9	-7.707487E-11	7.707487E-11
-9.000000E-2	-2.532390E-9	2.532390E-9	-6.448663E-11	6.448663E-11
-8.000000E-2	-2.185020E-9	2.185020E-9	-5.564095E-11	5.564095E-11
-7.000000E-2	-1.909990E-9	1.909990E-9	-4.863738E-11	4.863738E-11
-6.000000E-2	-1.491590E-9	1.491590E-9	-3.798294E-11	3.798294E-11
-5.000000E-2	-1.191110E-9	1.191110E-9	-3.033130E-11	3.033130E-11
-4.000000E-2	-9.370200E-10	9.370200E-10	-2.386096E-11	2.386096E-11
-3.000000E-2	-6.831400E-10	6.831400E-10	-1.739598E-11	1.739598E-11
-2.000000E-2	-5.096100E-10	5.096100E-10	-1.297708E-11	1.297708E-11
-1.000000E-2	-1.602400E-10	1.602400E-10	-4.080469E-12	4.080469E-12
0.000000E+0	9.182000E-11	9.182000E-11	2.338172E-12	2.338172E-12
1.000000E-2	3.814500E-10	3.814500E-10	9.713522E-12	9.713522E-12
2.000000E-2	6.550400E-10	6.550400E-10	1.668042E-11	1.668042E-11
3.000000E-2	1.150190E-9	1.150190E-9	2.928928E-11	2.928928E-11
4.000000E-2	1.673560E-9	1.673560E-9	4.261676E-11	4.261676E-11
5.000000E-2	2.223460E-9	2.223460E-9	5.661981E-11	5.661981E-11
6.000000E-2	2.650630E-9	2.650630E-9	6.749758E-11	6.749758E-11
7.000000E-2	3.132430E-9	3.132430E-9	7.976649E-11	7.976649E-11
8.000000E-2	3.381500E-9	3.381500E-9	8.610899E-11	8.610899E-11
9.000000E-2	4.477650E-9	4.477650E-9	1.140222E-10	1.140222E-10
1.000000E-1	4.827900E-9	4.827900E-9	1.229412E-10	1.229412E-10
1.100000E-1	4.888400E-9	4.888400E-9	1.244818E-10	1.244818E-10
1.200000E-1	5.380930E-9	5.380930E-9	1.370239E-10	1.370239E-10
1.300000E-1	5.934530E-9	5.934530E-9	1.511212E-10	1.511212E-10
1.400000E-1	6.707650E-9	6.707650E-9	1.708085E-10	1.708085E-10
1.500000E-1	7.118110E-9	7.118110E-9	1.812608E-10	1.812608E-10
1.600000E-1	7.900960E-9	7.900960E-9	2.011958E-10	2.011958E-10
1.700000E-1	8.440500E-9	8.440500E-9	2.149351E-10	2.149351E-10
1.800000E-1	9.586200E-9	9.586200E-9	2.441100E-10	2.441100E-10
1.900000E-1	1.111010E-8	1.111010E-8	2.829157E-10	2.829157E-10
2.000000E-1	1.328330E-8	1.328330E-8	3.382557E-10	3.382557E-10
2.100000E-1	1.409990E-8	1.409990E-8	3.590502E-10	3.590502E-10
2.200000E-1	1.504220E-8	1.504220E-8	3.830456E-10	3.830456E-10
2.300000E-1	1.578290E-8	1.578290E-8	4.019073E-10	4.019073E-10
2.400000E-1	1.664110E-8	1.664110E-8	4.237611E-10	4.237611E-10
2.500000E-1	1.939300E-8	1.939300E-8	4.938375E-10	4.938375E-10
2.600000E-1	1.758840E-8	1.758840E-8	4.478839E-10	4.478839E-10
2.700000E-1	1.937280E-8	1.937280E-8	4.933231E-10	4.933231E-10
2.800000E-1	2.034940E-8	2.034940E-8	5.181920E-10	5.181920E-10
2.900000E-1	2.373270E-8	2.373270E-8	6.043468E-10	6.043468E-10
3.000000E-1	2.295210E-8	2.295210E-8	5.844691E-10	5.844691E-10
3.100000E-1	2.410660E-8	2.410660E-8	6.138681E-10	6.138681E-10
3.200000E-1	2.694530E-8	2.694530E-8	6.861548E-10	6.861548E-10
3.300000E-1	2.849840E-8	2.849840E-8	7.257041E-10	7.257041E-10
3.400000E-1	3.352640E-8	3.352640E-8	8.537408E-10	8.537408E-10
3.500000E-1	3.454640E-8	3.454640E-8	8.797148E-10	8.797148E-10
3.600000E-1	3.426020E-8	3.426020E-8	8.724268E-10	8.724268E-10
3.700000E-1	3.598520E-8	3.598520E-8	9.163534E-10	9.163534E-10
3.800000E-1	3.710050E-8	3.710050E-8	9.447543E-10	9.447543E-10
3.900000E-1	3.893550E-8	3.893550E-8	9.914820E-10	9.914820E-10
4.000000E-1	4.070830E-8	4.070830E-8	1.036626E-9	1.036626E-9
4.100000E-1	3.989710E-8	3.989710E-8	1.015969E-9	1.015969E-9
4.200000E-1	4.063670E-8	4.063670E-8	1.034803E-9	1.034803E-9
4.300000E-1	4.126710E-8	4.126710E-8	1.050856E-9	1.050856E-9
4.400000E-1	4.147610E-8	4.147610E-8	1.056178E-9	1.056178E-9
4.500000E-1	4.269120E-8	4.269120E-8	1.087120E-9	1.087120E-9
4.600000E-1	4.612100E-8	4.612100E-8	1.174459E-9	1.174459E-9
4.700000E-1	4.658910E-8	4.658910E-8	1.186379E-9	1.186379E-9
4.800000E-1	6.321260E-8	6.321260E-8	1.609692E-9	1.609692E-9
4.900000E-1	5.167350E-8	5.167350E-8	1.315852E-9	1.315852E-9
5.000000E-1	4.457860E-8	4.457860E-8	1.135182E-9	1.135182E-9
