

13:02:43	23/02/21


Ell Cont: 5,0x10,0

SMU1	V name:		V1
	I name:		I1
	Mode:		V
	Function:	VAR1
SMU2	V name:		V2
	I name:		I2
	Mode:		common
	Function:	const.
SMU3	off
SMU4	off
VMUs	off

Primary Source (VAR1):	single
	Sweep Spacing:	linear
	Start:		-0.500000
	Stop:		0.500000
	Step:		0.010000
	Compliance:	0.050000
Power Compliance OFF

Timing:		Integration Time:	medium
	Delay Time (sec):	0.000000
	Hold Time (sec):	0.000000
	Wait Time (sec):	1.000000

Secondary Source (VAR2):	OFF


   V1	   I1	Abs(I)	J (A\um²)	Abs(J)
-5.000000E-1	-1.771130E-9	1.771130E-9	-4.510135E-11	4.510135E-11
-4.900000E-1	-1.043470E-9	1.043470E-9	-2.657168E-11	2.657168E-11
-4.800000E-1	-7.183500E-10	7.183500E-10	-1.829259E-11	1.829259E-11
-4.700000E-1	-4.818700E-10	4.818700E-10	-1.227069E-11	1.227069E-11
-4.600000E-1	-3.713200E-10	3.713200E-10	-9.455564E-12	9.455564E-12
-4.500000E-1	-3.033100E-10	3.033100E-10	-7.723708E-12	7.723708E-12
-4.400000E-1	-2.533600E-10	2.533600E-10	-6.451744E-12	6.451744E-12
-4.300000E-1	-2.216000E-10	2.216000E-10	-5.642984E-12	5.642984E-12
-4.200000E-1	-1.964000E-10	1.964000E-10	-5.001273E-12	5.001273E-12
-4.100000E-1	-1.746000E-10	1.746000E-10	-4.446142E-12	4.446142E-12
-4.000000E-1	-1.547200E-10	1.547200E-10	-3.939903E-12	3.939903E-12
-3.900000E-1	-1.372700E-10	1.372700E-10	-3.495544E-12	3.495544E-12
-3.800000E-1	-1.246400E-10	1.246400E-10	-3.173924E-12	3.173924E-12
-3.700000E-1	-1.104300E-10	1.104300E-10	-2.812070E-12	2.812070E-12
-3.600000E-1	-9.887000E-11	9.887000E-11	-2.517698E-12	2.517698E-12
-3.500000E-1	-8.769000E-11	8.769000E-11	-2.233002E-12	2.233002E-12
-3.400000E-1	-7.811000E-11	7.811000E-11	-1.989050E-12	1.989050E-12
-3.300000E-1	-6.846000E-11	6.846000E-11	-1.743315E-12	1.743315E-12
-3.200000E-1	-6.242000E-11	6.242000E-11	-1.589509E-12	1.589509E-12
-3.100000E-1	-5.217000E-11	5.217000E-11	-1.328495E-12	1.328495E-12
-3.000000E-1	-4.386000E-11	4.386000E-11	-1.116883E-12	1.116883E-12
-2.900000E-1	-3.748000E-11	3.748000E-11	-9.544181E-13	9.544181E-13
-2.800000E-1	-3.043000E-11	3.043000E-11	-7.748918E-13	7.748918E-13
-2.700000E-1	-2.348000E-11	2.348000E-11	-5.979119E-13	5.979119E-13
-2.600000E-1	-1.828000E-11	1.828000E-11	-4.654953E-13	4.654953E-13
-2.500000E-1	-1.131000E-11	1.131000E-11	-2.880061E-13	2.880061E-13
-2.400000E-1	-7.070000E-12	7.070000E-12	-1.800356E-13	1.800356E-13
-2.300000E-1	-3.810000E-12	3.810000E-12	-9.702063E-14	9.702063E-14
-2.200000E-1	2.880000E-12	2.880000E-12	7.333843E-14	7.333843E-14
-2.100000E-1	7.930000E-12	7.930000E-12	2.019353E-13	2.019353E-13
-2.000000E-1	1.149000E-11	1.149000E-11	2.925898E-13	2.925898E-13
-1.900000E-1	1.690000E-11	1.690000E-11	4.303540E-13	4.303540E-13
-1.800000E-1	2.174000E-11	2.174000E-11	5.536033E-13	5.536033E-13
-1.700000E-1	2.293000E-11	2.293000E-11	5.839063E-13	5.839063E-13
-1.600000E-1	2.892000E-11	2.892000E-11	7.364400E-13	7.364400E-13
-1.500000E-1	3.444000E-11	3.444000E-11	8.770053E-13	8.770053E-13
-1.400000E-1	3.747000E-11	3.747000E-11	9.541635E-13	9.541635E-13
-1.300000E-1	3.996000E-11	3.996000E-11	1.017571E-12	1.017571E-12
-1.200000E-1	4.349000E-11	4.349000E-11	1.107461E-12	1.107461E-12
-1.100000E-1	4.790000E-11	4.790000E-11	1.219761E-12	1.219761E-12
-1.000000E-1	5.050000E-11	5.050000E-11	1.285969E-12	1.285969E-12
-9.000000E-2	5.255000E-11	5.255000E-11	1.338172E-12	1.338172E-12
-8.000000E-2	5.453000E-11	5.453000E-11	1.388592E-12	1.388592E-12
-7.000000E-2	5.893000E-11	5.893000E-11	1.500637E-12	1.500637E-12
-6.000000E-2	6.193000E-11	6.193000E-11	1.577031E-12	1.577031E-12
-5.000000E-2	6.417000E-11	6.417000E-11	1.634072E-12	1.634072E-12
-4.000000E-2	6.569000E-11	6.569000E-11	1.672778E-12	1.672778E-12
-3.000000E-2	6.938000E-11	6.938000E-11	1.766743E-12	1.766743E-12
-2.000000E-2	7.246000E-11	7.246000E-11	1.845174E-12	1.845174E-12
-1.000000E-2	7.418000E-11	7.418000E-11	1.888974E-12	1.888974E-12
0.000000E+0	7.607000E-11	7.607000E-11	1.937102E-12	1.937102E-12
1.000000E-2	7.986000E-11	7.986000E-11	2.033613E-12	2.033613E-12
2.000000E-2	8.166000E-11	8.166000E-11	2.079450E-12	2.079450E-12
3.000000E-2	8.545000E-11	8.545000E-11	2.175961E-12	2.175961E-12
4.000000E-2	8.835000E-11	8.835000E-11	2.249809E-12	2.249809E-12
5.000000E-2	9.005000E-11	9.005000E-11	2.293099E-12	2.293099E-12
6.000000E-2	9.438000E-11	9.438000E-11	2.403361E-12	2.403361E-12
7.000000E-2	9.688000E-11	9.688000E-11	2.467023E-12	2.467023E-12
8.000000E-2	1.001500E-10	1.001500E-10	2.550293E-12	2.550293E-12
9.000000E-2	1.038700E-10	1.038700E-10	2.645022E-12	2.645022E-12
1.000000E-1	1.068000E-10	1.068000E-10	2.719633E-12	2.719633E-12
1.100000E-1	1.108300E-10	1.108300E-10	2.822256E-12	2.822256E-12
1.200000E-1	1.150200E-10	1.150200E-10	2.928953E-12	2.928953E-12
1.300000E-1	1.189600E-10	1.189600E-10	3.029284E-12	3.029284E-12
1.400000E-1	1.233000E-10	1.233000E-10	3.139801E-12	3.139801E-12
1.500000E-1	1.268000E-10	1.268000E-10	3.228928E-12	3.228928E-12
1.600000E-1	1.320700E-10	1.320700E-10	3.363127E-12	3.363127E-12
1.700000E-1	1.374100E-10	1.374100E-10	3.499109E-12	3.499109E-12
1.800000E-1	1.433300E-10	1.433300E-10	3.649860E-12	3.649860E-12
1.900000E-1	1.478100E-10	1.478100E-10	3.763942E-12	3.763942E-12
2.000000E-1	1.527100E-10	1.527100E-10	3.888719E-12	3.888719E-12
2.100000E-1	1.579500E-10	1.579500E-10	4.022154E-12	4.022154E-12
2.200000E-1	1.643500E-10	1.643500E-10	4.185129E-12	4.185129E-12
2.300000E-1	1.703900E-10	1.703900E-10	4.338936E-12	4.338936E-12
2.400000E-1	1.778600E-10	1.778600E-10	4.529157E-12	4.529157E-12
2.500000E-1	1.842700E-10	1.842700E-10	4.692386E-12	4.692386E-12
2.600000E-1	1.905700E-10	1.905700E-10	4.852814E-12	4.852814E-12
2.700000E-1	1.977600E-10	1.977600E-10	5.035905E-12	5.035905E-12
2.800000E-1	2.045200E-10	2.045200E-10	5.208047E-12	5.208047E-12
2.900000E-1	2.132700E-10	2.132700E-10	5.430863E-12	5.430863E-12
3.000000E-1	2.197800E-10	2.197800E-10	5.596639E-12	5.596639E-12
3.100000E-1	2.260600E-10	2.260600E-10	5.756557E-12	5.756557E-12
3.200000E-1	2.362900E-10	2.362900E-10	6.017061E-12	6.017061E-12
3.300000E-1	2.458000E-10	2.458000E-10	6.259231E-12	6.259231E-12
3.400000E-1	2.551500E-10	2.551500E-10	6.497326E-12	6.497326E-12
3.500000E-1	2.646400E-10	2.646400E-10	6.738986E-12	6.738986E-12
3.600000E-1	2.737300E-10	2.737300E-10	6.970461E-12	6.970461E-12
3.700000E-1	2.835800E-10	2.835800E-10	7.221288E-12	7.221288E-12
3.800000E-1	2.949000E-10	2.949000E-10	7.509549E-12	7.509549E-12
3.900000E-1	3.051800E-10	3.051800E-10	7.771327E-12	7.771327E-12
4.000000E-1	3.197600E-10	3.197600E-10	8.142602E-12	8.142602E-12
4.100000E-1	3.303800E-10	3.303800E-10	8.413038E-12	8.413038E-12
4.200000E-1	3.432300E-10	3.432300E-10	8.740260E-12	8.740260E-12
4.300000E-1	3.557100E-10	3.557100E-10	9.058059E-12	9.058059E-12
4.400000E-1	3.723400E-10	3.723400E-10	9.481538E-12	9.481538E-12
4.500000E-1	3.857700E-10	3.857700E-10	9.823529E-12	9.823529E-12
4.600000E-1	4.055700E-10	4.055700E-10	1.032773E-11	1.032773E-11
4.700000E-1	4.237100E-10	4.237100E-10	1.078966E-11	1.078966E-11
4.800000E-1	4.436300E-10	4.436300E-10	1.129692E-11	1.129692E-11
4.900000E-1	4.622500E-10	4.622500E-10	1.177107E-11	1.177107E-11
5.000000E-1	4.801400E-10	4.801400E-10	1.222664E-11	1.222664E-11
