

13:23:17	23/02/21


Ell Cont: 5,0x10,0

SMU1	V name:		V1
	I name:		I1
	Mode:		V
	Function:	VAR1
SMU2	V name:		V2
	I name:		I2
	Mode:		common
	Function:	const.
SMU3	off
SMU4	off
VMUs	off

Primary Source (VAR1):	single
	Sweep Spacing:	linear
	Start:		-0.500000
	Stop:		0.500000
	Step:		0.010000
	Compliance:	0.050000
Power Compliance OFF

Timing:		Integration Time:	medium
	Delay Time (sec):	0.000000
	Hold Time (sec):	0.000000
	Wait Time (sec):	1.000000

Secondary Source (VAR2):	OFF


   V1	   I1	Abs(I)	J (A\um²)	Abs(J)
-5.000000E-1	-3.011470E-4	3.011470E-4	-7.668627E-6	7.668627E-6
-4.900000E-1	-2.943200E-4	2.943200E-4	-7.494780E-6	7.494780E-6
-4.800000E-1	-2.868750E-4	2.868750E-4	-7.305195E-6	7.305195E-6
-4.700000E-1	-2.792850E-4	2.792850E-4	-7.111917E-6	7.111917E-6
-4.600000E-1	-2.736420E-4	2.736420E-4	-6.968220E-6	6.968220E-6
-4.500000E-1	-2.671670E-4	2.671670E-4	-6.803336E-6	6.803336E-6
-4.400000E-1	-2.607270E-4	2.607270E-4	-6.639343E-6	6.639343E-6
-4.300000E-1	-2.552960E-4	2.552960E-4	-6.501044E-6	6.501044E-6
-4.200000E-1	-2.476950E-4	2.476950E-4	-6.307487E-6	6.307487E-6
-4.100000E-1	-2.418220E-4	2.418220E-4	-6.157932E-6	6.157932E-6
-4.000000E-1	-2.349610E-4	2.349610E-4	-5.983219E-6	5.983219E-6
-3.900000E-1	-2.292580E-4	2.292580E-4	-5.837993E-6	5.837993E-6
-3.800000E-1	-2.231150E-4	2.231150E-4	-5.681563E-6	5.681563E-6
-3.700000E-1	-2.166180E-4	2.166180E-4	-5.516119E-6	5.516119E-6
-3.600000E-1	-2.113780E-4	2.113780E-4	-5.382684E-6	5.382684E-6
-3.500000E-1	-2.052530E-4	2.052530E-4	-5.226712E-6	5.226712E-6
-3.400000E-1	-1.992920E-4	1.992920E-4	-5.074917E-6	5.074917E-6
-3.300000E-1	-1.933790E-4	1.933790E-4	-4.924344E-6	4.924344E-6
-3.200000E-1	-1.875240E-4	1.875240E-4	-4.775248E-6	4.775248E-6
-3.100000E-1	-1.813210E-4	1.813210E-4	-4.617290E-6	4.617290E-6
-3.000000E-1	-1.753560E-4	1.753560E-4	-4.465393E-6	4.465393E-6
-2.900000E-1	-1.691570E-4	1.691570E-4	-4.307538E-6	4.307538E-6
-2.800000E-1	-1.635370E-4	1.635370E-4	-4.164426E-6	4.164426E-6
-2.700000E-1	-1.572970E-4	1.572970E-4	-4.005526E-6	4.005526E-6
-2.600000E-1	-1.512540E-4	1.512540E-4	-3.851642E-6	3.851642E-6
-2.500000E-1	-1.451060E-4	1.451060E-4	-3.695085E-6	3.695085E-6
-2.400000E-1	-1.391690E-4	1.391690E-4	-3.543901E-6	3.543901E-6
-2.300000E-1	-1.333090E-4	1.333090E-4	-3.394678E-6	3.394678E-6
-2.200000E-1	-1.271920E-4	1.271920E-4	-3.238910E-6	3.238910E-6
-2.100000E-1	-1.209920E-4	1.209920E-4	-3.081029E-6	3.081029E-6
-2.000000E-1	-1.149560E-4	1.149560E-4	-2.927324E-6	2.927324E-6
-1.900000E-1	-1.094270E-4	1.094270E-4	-2.786529E-6	2.786529E-6
-1.800000E-1	-1.034870E-4	1.034870E-4	-2.635269E-6	2.635269E-6
-1.700000E-1	-9.799170E-5	9.799170E-5	-2.495332E-6	2.495332E-6
-1.600000E-1	-9.185000E-5	9.185000E-5	-2.338936E-6	2.338936E-6
-1.500000E-1	-8.621180E-5	8.621180E-5	-2.195360E-6	2.195360E-6
-1.400000E-1	-8.045180E-5	8.045180E-5	-2.048683E-6	2.048683E-6
-1.300000E-1	-7.458720E-5	7.458720E-5	-1.899343E-6	1.899343E-6
-1.200000E-1	-6.872650E-5	6.872650E-5	-1.750102E-6	1.750102E-6
-1.100000E-1	-6.306120E-5	6.306120E-5	-1.605836E-6	1.605836E-6
-1.000000E-1	-5.735190E-5	5.735190E-5	-1.460451E-6	1.460451E-6
-9.000000E-2	-5.161320E-5	5.161320E-5	-1.314316E-6	1.314316E-6
-8.000000E-2	-4.590570E-5	4.590570E-5	-1.168976E-6	1.168976E-6
-7.000000E-2	-4.016860E-5	4.016860E-5	-1.022883E-6	1.022883E-6
-6.000000E-2	-3.446030E-5	3.446030E-5	-8.775223E-7	8.775223E-7
-5.000000E-2	-2.873030E-5	2.873030E-5	-7.316094E-7	7.316094E-7
-4.000000E-2	-2.297100E-5	2.297100E-5	-5.849503E-7	5.849503E-7
-3.000000E-2	-1.713510E-5	1.713510E-5	-4.363407E-7	4.363407E-7
-2.000000E-2	-1.142530E-5	1.142530E-5	-2.909422E-7	2.909422E-7
-1.000000E-2	-5.780270E-6	5.780270E-6	-1.471930E-7	1.471930E-7
0.000000E+0	-3.697340E-8	3.697340E-8	-9.415177E-10	9.415177E-10
1.000000E-2	5.659520E-6	5.659520E-6	1.441182E-7	1.441182E-7
2.000000E-2	1.139490E-5	1.139490E-5	2.901681E-7	2.901681E-7
3.000000E-2	1.715730E-5	1.715730E-5	4.369060E-7	4.369060E-7
4.000000E-2	2.286550E-5	2.286550E-5	5.822638E-7	5.822638E-7
5.000000E-2	2.857750E-5	2.857750E-5	7.277184E-7	7.277184E-7
6.000000E-2	3.423210E-5	3.423210E-5	8.717112E-7	8.717112E-7
7.000000E-2	3.995360E-5	3.995360E-5	1.017408E-6	1.017408E-6
8.000000E-2	4.582270E-5	4.582270E-5	1.166863E-6	1.166863E-6
9.000000E-2	5.172740E-5	5.172740E-5	1.317224E-6	1.317224E-6
1.000000E-1	5.752840E-5	5.752840E-5	1.464945E-6	1.464945E-6
1.100000E-1	6.331770E-5	6.331770E-5	1.612368E-6	1.612368E-6
1.200000E-1	6.921680E-5	6.921680E-5	1.762587E-6	1.762587E-6
1.300000E-1	7.506970E-5	7.506970E-5	1.911630E-6	1.911630E-6
1.400000E-1	8.101520E-5	8.101520E-5	2.063030E-6	2.063030E-6
1.500000E-1	8.677420E-5	8.677420E-5	2.209682E-6	2.209682E-6
1.600000E-1	9.303930E-5	9.303930E-5	2.369221E-6	2.369221E-6
1.700000E-1	9.896170E-5	9.896170E-5	2.520033E-6	2.520033E-6
1.800000E-1	1.050819E-4	1.050819E-4	2.675882E-6	2.675882E-6
1.900000E-1	1.111216E-4	1.111216E-4	2.829682E-6	2.829682E-6
2.000000E-1	1.171070E-4	1.171070E-4	2.982098E-6	2.982098E-6
2.100000E-1	1.233100E-4	1.233100E-4	3.140056E-6	3.140056E-6
2.200000E-1	1.291860E-4	1.291860E-4	3.289687E-6	3.289687E-6
2.300000E-1	1.362510E-4	1.362510E-4	3.469595E-6	3.469595E-6
2.400000E-1	1.430100E-4	1.430100E-4	3.641711E-6	3.641711E-6
2.500000E-1	1.494870E-4	1.494870E-4	3.806646E-6	3.806646E-6
2.600000E-1	1.552560E-4	1.552560E-4	3.953552E-6	3.953552E-6
2.700000E-1	1.624790E-4	1.624790E-4	4.137484E-6	4.137484E-6
2.800000E-1	1.696090E-4	1.696090E-4	4.319048E-6	4.319048E-6
2.900000E-1	1.755620E-4	1.755620E-4	4.470639E-6	4.470639E-6
3.000000E-1	1.828380E-4	1.828380E-4	4.655920E-6	4.655920E-6
3.100000E-1	1.892520E-4	1.892520E-4	4.819251E-6	4.819251E-6
3.200000E-1	1.940640E-4	1.940640E-4	4.941788E-6	4.941788E-6
3.300000E-1	2.000600E-4	2.000600E-4	5.094474E-6	5.094474E-6
3.400000E-1	2.068050E-4	2.068050E-4	5.266234E-6	5.266234E-6
3.500000E-1	2.114860E-4	2.114860E-4	5.385434E-6	5.385434E-6
3.600000E-1	2.178810E-4	2.178810E-4	5.548281E-6	5.548281E-6
3.700000E-1	2.248830E-4	2.248830E-4	5.726585E-6	5.726585E-6
3.800000E-1	2.285270E-4	2.285270E-4	5.819379E-6	5.819379E-6
3.900000E-1	2.311140E-4	2.311140E-4	5.885256E-6	5.885256E-6
4.000000E-1	2.384700E-4	2.384700E-4	6.072574E-6	6.072574E-6
4.100000E-1	2.450360E-4	2.450360E-4	6.239776E-6	6.239776E-6
4.200000E-1	2.426080E-4	2.426080E-4	6.177947E-6	6.177947E-6
4.300000E-1	2.485190E-4	2.485190E-4	6.328469E-6	6.328469E-6
4.400000E-1	2.580960E-4	2.580960E-4	6.572345E-6	6.572345E-6
4.500000E-1	2.627260E-4	2.627260E-4	6.690247E-6	6.690247E-6
4.600000E-1	2.823360E-4	2.823360E-4	7.189610E-6	7.189610E-6
4.700000E-1	2.948460E-4	2.948460E-4	7.508174E-6	7.508174E-6
4.800000E-1	3.043770E-4	3.043770E-4	7.750878E-6	7.750878E-6
4.900000E-1	3.302380E-4	3.302380E-4	8.409422E-6	8.409422E-6
5.000000E-1	3.393780E-4	3.393780E-4	8.642169E-6	8.642169E-6
