

13:26:43	23/02/21


Ell Cont: 5,0x10,0

SMU1	V name:		V1
	I name:		I1
	Mode:		V
	Function:	VAR1
SMU2	V name:		V2
	I name:		I2
	Mode:		common
	Function:	const.
SMU3	off
SMU4	off
VMUs	off

Primary Source (VAR1):	single
	Sweep Spacing:	linear
	Start:		-0.500000
	Stop:		0.500000
	Step:		0.010000
	Compliance:	0.050000
Power Compliance OFF

Timing:		Integration Time:	medium
	Delay Time (sec):	0.000000
	Hold Time (sec):	0.000000
	Wait Time (sec):	1.000000

Secondary Source (VAR2):	OFF


   V1	   I1	Abs(I)	J (A\um²)	Abs(J)
-5.000000E-1	-3.671450E-8	3.671450E-8	-9.349249E-10	9.349249E-10
-4.900000E-1	-3.366390E-8	3.366390E-8	-8.572422E-10	8.572422E-10
-4.800000E-1	-3.270050E-8	3.270050E-8	-8.327094E-10	8.327094E-10
-4.700000E-1	-3.163270E-8	3.163270E-8	-8.055182E-10	8.055182E-10
-4.600000E-1	-3.011450E-8	3.011450E-8	-7.668576E-10	7.668576E-10
-4.500000E-1	-2.918600E-8	2.918600E-8	-7.432136E-10	7.432136E-10
-4.400000E-1	-2.811670E-8	2.811670E-8	-7.159842E-10	7.159842E-10
-4.300000E-1	-2.725610E-8	2.725610E-8	-6.940693E-10	6.940693E-10
-4.200000E-1	-2.628740E-8	2.628740E-8	-6.694016E-10	6.694016E-10
-4.100000E-1	-2.559500E-8	2.559500E-8	-6.517698E-10	6.517698E-10
-4.000000E-1	-2.433420E-8	2.433420E-8	-6.196639E-10	6.196639E-10
-3.900000E-1	-2.326520E-8	2.326520E-8	-5.924421E-10	5.924421E-10
-3.800000E-1	-2.233090E-8	2.233090E-8	-5.686504E-10	5.686504E-10
-3.700000E-1	-2.165140E-8	2.165140E-8	-5.513471E-10	5.513471E-10
-3.600000E-1	-2.104570E-8	2.104570E-8	-5.359231E-10	5.359231E-10
-3.500000E-1	-2.020220E-8	2.020220E-8	-5.144436E-10	5.144436E-10
-3.400000E-1	-1.949720E-8	1.949720E-8	-4.964910E-10	4.964910E-10
-3.300000E-1	-1.855300E-8	1.855300E-8	-4.724472E-10	4.724472E-10
-3.200000E-1	-1.773770E-8	1.773770E-8	-4.516858E-10	4.516858E-10
-3.100000E-1	-1.678260E-8	1.678260E-8	-4.273644E-10	4.273644E-10
-3.000000E-1	-1.622090E-8	1.622090E-8	-4.130609E-10	4.130609E-10
-2.900000E-1	-1.524990E-8	1.524990E-8	-3.883346E-10	3.883346E-10
-2.800000E-1	-1.474140E-8	1.474140E-8	-3.753858E-10	3.753858E-10
-2.700000E-1	-1.401060E-8	1.401060E-8	-3.567762E-10	3.567762E-10
-2.600000E-1	-1.331530E-8	1.331530E-8	-3.390705E-10	3.390705E-10
-2.500000E-1	-1.296280E-8	1.296280E-8	-3.300942E-10	3.300942E-10
-2.400000E-1	-1.211280E-8	1.211280E-8	-3.084492E-10	3.084492E-10
-2.300000E-1	-1.152600E-8	1.152600E-8	-2.935065E-10	2.935065E-10
-2.200000E-1	-1.098520E-8	1.098520E-8	-2.797352E-10	2.797352E-10
-2.100000E-1	-1.056560E-8	1.056560E-8	-2.690502E-10	2.690502E-10
-2.000000E-1	-1.009173E-8	1.009173E-8	-2.569832E-10	2.569832E-10
-1.900000E-1	-9.253210E-9	9.253210E-9	-2.356305E-10	2.356305E-10
-1.800000E-1	-8.636490E-9	8.636490E-9	-2.199259E-10	2.199259E-10
-1.700000E-1	-8.092730E-9	8.092730E-9	-2.060792E-10	2.060792E-10
-1.600000E-1	-7.502730E-9	7.502730E-9	-1.910550E-10	1.910550E-10
-1.500000E-1	-6.981630E-9	6.981630E-9	-1.777853E-10	1.777853E-10
-1.400000E-1	-6.301300E-9	6.301300E-9	-1.604609E-10	1.604609E-10
-1.300000E-1	-5.785730E-9	5.785730E-9	-1.473321E-10	1.473321E-10
-1.200000E-1	-5.175630E-9	5.175630E-9	-1.317960E-10	1.317960E-10
-1.100000E-1	-4.725050E-9	4.725050E-9	-1.203221E-10	1.203221E-10
-1.000000E-1	-4.187390E-9	4.187390E-9	-1.066308E-10	1.066308E-10
-9.000000E-2	-3.709660E-9	3.709660E-9	-9.446549E-11	9.446549E-11
-8.000000E-2	-3.222940E-9	3.222940E-9	-8.207130E-11	8.207130E-11
-7.000000E-2	-2.675710E-9	2.675710E-9	-6.813624E-11	6.813624E-11
-6.000000E-2	-2.267100E-9	2.267100E-9	-5.773109E-11	5.773109E-11
-5.000000E-2	-1.800390E-9	1.800390E-9	-4.584645E-11	4.584645E-11
-4.000000E-2	-1.364820E-9	1.364820E-9	-3.475477E-11	3.475477E-11
-3.000000E-2	-9.758800E-10	9.758800E-10	-2.485052E-11	2.485052E-11
-2.000000E-2	-6.548700E-10	6.548700E-10	-1.667609E-11	1.667609E-11
-1.000000E-2	-2.954900E-10	2.954900E-10	-7.524573E-12	7.524573E-12
0.000000E+0	9.634000E-11	9.634000E-11	2.453272E-12	2.453272E-12
1.000000E-2	5.017100E-10	5.017100E-10	1.277591E-11	1.277591E-11
2.000000E-2	9.444900E-10	9.444900E-10	2.405118E-11	2.405118E-11
3.000000E-2	1.486230E-9	1.486230E-9	3.784645E-11	3.784645E-11
4.000000E-2	1.946200E-9	1.946200E-9	4.955946E-11	4.955946E-11
5.000000E-2	2.364650E-9	2.364650E-9	6.021518E-11	6.021518E-11
6.000000E-2	2.830810E-9	2.830810E-9	7.208582E-11	7.208582E-11
7.000000E-2	3.302290E-9	3.302290E-9	8.409193E-11	8.409193E-11
8.000000E-2	3.752920E-9	3.752920E-9	9.556710E-11	9.556710E-11
9.000000E-2	4.129290E-9	4.129290E-9	1.051513E-10	1.051513E-10
1.000000E-1	4.576190E-9	4.576190E-9	1.165314E-10	1.165314E-10
1.100000E-1	5.048970E-9	5.048970E-9	1.285707E-10	1.285707E-10
1.200000E-1	5.609720E-9	5.609720E-9	1.428500E-10	1.428500E-10
1.300000E-1	6.137460E-9	6.137460E-9	1.562888E-10	1.562888E-10
1.400000E-1	6.752200E-9	6.752200E-9	1.719430E-10	1.719430E-10
1.500000E-1	7.401800E-9	7.401800E-9	1.884848E-10	1.884848E-10
1.600000E-1	7.983370E-9	7.983370E-9	2.032944E-10	2.032944E-10
1.700000E-1	8.486960E-9	8.486960E-9	2.161182E-10	2.161182E-10
1.800000E-1	9.006430E-9	9.006430E-9	2.293463E-10	2.293463E-10
1.900000E-1	9.767300E-9	9.767300E-9	2.487217E-10	2.487217E-10
2.000000E-1	1.136490E-8	1.136490E-8	2.894041E-10	2.894041E-10
2.100000E-1	1.213220E-8	1.213220E-8	3.089432E-10	3.089432E-10
2.200000E-1	1.297640E-8	1.297640E-8	3.304405E-10	3.304405E-10
2.300000E-1	1.351840E-8	1.351840E-8	3.442424E-10	3.442424E-10
2.400000E-1	1.429120E-8	1.429120E-8	3.639216E-10	3.639216E-10
2.500000E-1	1.503790E-8	1.503790E-8	3.829361E-10	3.829361E-10
2.600000E-1	1.583450E-8	1.583450E-8	4.032213E-10	4.032213E-10
2.700000E-1	1.646590E-8	1.646590E-8	4.192997E-10	4.192997E-10
2.800000E-1	1.729430E-8	1.729430E-8	4.403947E-10	4.403947E-10
2.900000E-1	1.791760E-8	1.791760E-8	4.562669E-10	4.562669E-10
3.000000E-1	1.869330E-8	1.869330E-8	4.760199E-10	4.760199E-10
3.100000E-1	1.953860E-8	1.953860E-8	4.975452E-10	4.975452E-10
3.200000E-1	2.029370E-8	2.029370E-8	5.167736E-10	5.167736E-10
3.300000E-1	2.103080E-8	2.103080E-8	5.355437E-10	5.355437E-10
3.400000E-1	2.160540E-8	2.160540E-8	5.501757E-10	5.501757E-10
3.500000E-1	2.257100E-8	2.257100E-8	5.747644E-10	5.747644E-10
3.600000E-1	2.328980E-8	2.328980E-8	5.930685E-10	5.930685E-10
3.700000E-1	2.417630E-8	2.417630E-8	6.156430E-10	6.156430E-10
3.800000E-1	2.494890E-8	2.494890E-8	6.353170E-10	6.353170E-10
3.900000E-1	2.572010E-8	2.572010E-8	6.549554E-10	6.549554E-10
4.000000E-1	2.675770E-8	2.675770E-8	6.813776E-10	6.813776E-10
4.100000E-1	2.746720E-8	2.746720E-8	6.994449E-10	6.994449E-10
4.200000E-1	2.827460E-8	2.827460E-8	7.200051E-10	7.200051E-10
4.300000E-1	2.913950E-8	2.913950E-8	7.420295E-10	7.420295E-10
4.400000E-1	3.017830E-8	3.017830E-8	7.684823E-10	7.684823E-10
4.500000E-1	3.112340E-8	3.112340E-8	7.925490E-10	7.925490E-10
4.600000E-1	3.237230E-8	3.237230E-8	8.243519E-10	8.243519E-10
4.700000E-1	3.263980E-8	3.263980E-8	8.311637E-10	8.311637E-10
4.800000E-1	3.362930E-8	3.362930E-8	8.563611E-10	8.563611E-10
4.900000E-1	3.447410E-8	3.447410E-8	8.778737E-10	8.778737E-10
5.000000E-1	3.558020E-8	3.558020E-8	9.060402E-10	9.060402E-10
