

13:08:56	23/02/21


Ell Cont: 5,0x10,0

SMU1	V name:		V1
	I name:		I1
	Mode:		V
	Function:	VAR1
SMU2	V name:		V2
	I name:		I2
	Mode:		common
	Function:	const.
SMU3	off
SMU4	off
VMUs	off

Primary Source (VAR1):	single
	Sweep Spacing:	linear
	Start:		-0.500000
	Stop:		0.500000
	Step:		0.010000
	Compliance:	0.050000
Power Compliance OFF

Timing:		Integration Time:	medium
	Delay Time (sec):	0.000000
	Hold Time (sec):	0.000000
	Wait Time (sec):	1.000000

Secondary Source (VAR2):	OFF


   V1	   I1	Abs(I)	J (A\um²)	Abs(J)
-5.000000E-1	-2.046400E-9	2.046400E-9	-5.211103E-11	5.211103E-11
-4.900000E-1	-1.106690E-9	1.106690E-9	-2.818156E-11	2.818156E-11
-4.800000E-1	-6.676200E-10	6.676200E-10	-1.700076E-11	1.700076E-11
-4.700000E-1	-3.616500E-10	3.616500E-10	-9.209320E-12	9.209320E-12
-4.600000E-1	-2.284900E-10	2.284900E-10	-5.818436E-12	5.818436E-12
-4.500000E-1	-1.534000E-10	1.534000E-10	-3.906290E-12	3.906290E-12
-4.400000E-1	-1.059400E-10	1.059400E-10	-2.697734E-12	2.697734E-12
-4.300000E-1	-7.070000E-11	7.070000E-11	-1.800356E-12	1.800356E-12
-4.200000E-1	-4.404000E-11	4.404000E-11	-1.121467E-12	1.121467E-12
-4.100000E-1	-2.545000E-11	2.545000E-11	-6.480774E-13	6.480774E-13
-4.000000E-1	-7.310000E-12	7.310000E-12	-1.861472E-13	1.861472E-13
-3.900000E-1	1.160000E-12	1.160000E-12	2.953909E-14	2.953909E-14
-3.800000E-1	1.366000E-11	1.366000E-11	3.478482E-13	3.478482E-13
-3.700000E-1	2.303000E-11	2.303000E-11	5.864528E-13	5.864528E-13
-3.600000E-1	3.068000E-11	3.068000E-11	7.812579E-13	7.812579E-13
-3.500000E-1	4.158000E-11	4.158000E-11	1.058824E-12	1.058824E-12
-3.400000E-1	4.421000E-11	4.421000E-11	1.125796E-12	1.125796E-12
-3.300000E-1	5.061000E-11	5.061000E-11	1.288770E-12	1.288770E-12
-3.200000E-1	5.822000E-11	5.822000E-11	1.482557E-12	1.482557E-12
-3.100000E-1	6.170000E-11	6.170000E-11	1.571174E-12	1.571174E-12
-3.000000E-1	6.784000E-11	6.784000E-11	1.727527E-12	1.727527E-12
-2.900000E-1	7.194000E-11	7.194000E-11	1.831933E-12	1.831933E-12
-2.800000E-1	7.586000E-11	7.586000E-11	1.931754E-12	1.931754E-12
-2.700000E-1	8.157000E-11	8.157000E-11	2.077158E-12	2.077158E-12
-2.600000E-1	8.371000E-11	8.371000E-11	2.131653E-12	2.131653E-12
-2.500000E-1	8.820000E-11	8.820000E-11	2.245989E-12	2.245989E-12
-2.400000E-1	9.424000E-11	9.424000E-11	2.399796E-12	2.399796E-12
-2.300000E-1	9.756000E-11	9.756000E-11	2.484339E-12	2.484339E-12
-2.200000E-1	1.023200E-10	1.023200E-10	2.605551E-12	2.605551E-12
-2.100000E-1	1.052000E-10	1.052000E-10	2.678890E-12	2.678890E-12
-2.000000E-1	1.111400E-10	1.111400E-10	2.830150E-12	2.830150E-12
-1.900000E-1	1.166500E-10	1.166500E-10	2.970461E-12	2.970461E-12
-1.800000E-1	1.222600E-10	1.222600E-10	3.113318E-12	3.113318E-12
-1.700000E-1	1.251600E-10	1.251600E-10	3.187166E-12	3.187166E-12
-1.600000E-1	1.296200E-10	1.296200E-10	3.300738E-12	3.300738E-12
-1.500000E-1	1.333000E-10	1.333000E-10	3.394449E-12	3.394449E-12
-1.400000E-1	1.384900E-10	1.384900E-10	3.526611E-12	3.526611E-12
-1.300000E-1	1.441000E-10	1.441000E-10	3.669468E-12	3.669468E-12
-1.200000E-1	1.487300E-10	1.487300E-10	3.787369E-12	3.787369E-12
-1.100000E-1	1.530900E-10	1.530900E-10	3.898396E-12	3.898396E-12
-1.000000E-1	1.586700E-10	1.586700E-10	4.040489E-12	4.040489E-12
-9.000000E-2	1.654900E-10	1.654900E-10	4.214158E-12	4.214158E-12
-8.000000E-2	1.721000E-10	1.721000E-10	4.382480E-12	4.382480E-12
-7.000000E-2	1.780700E-10	1.780700E-10	4.534505E-12	4.534505E-12
-6.000000E-2	1.838300E-10	1.838300E-10	4.681182E-12	4.681182E-12
-5.000000E-2	1.911800E-10	1.911800E-10	4.868347E-12	4.868347E-12
-4.000000E-2	1.987700E-10	1.987700E-10	5.061625E-12	5.061625E-12
-3.000000E-2	2.054300E-10	2.054300E-10	5.231220E-12	5.231220E-12
-2.000000E-2	2.161900E-10	2.161900E-10	5.505220E-12	5.505220E-12
-1.000000E-2	2.238700E-10	2.238700E-10	5.700789E-12	5.700789E-12
0.000000E+0	2.332300E-10	2.332300E-10	5.939139E-12	5.939139E-12
1.000000E-2	2.434700E-10	2.434700E-10	6.199898E-12	6.199898E-12
2.000000E-2	2.550300E-10	2.550300E-10	6.494270E-12	6.494270E-12
3.000000E-2	2.670500E-10	2.670500E-10	6.800356E-12	6.800356E-12
4.000000E-2	2.794400E-10	2.794400E-10	7.115864E-12	7.115864E-12
5.000000E-2	2.932100E-10	2.932100E-10	7.466514E-12	7.466514E-12
6.000000E-2	3.086600E-10	3.086600E-10	7.859944E-12	7.859944E-12
7.000000E-2	3.247500E-10	3.247500E-10	8.269671E-12	8.269671E-12
8.000000E-2	3.429800E-10	3.429800E-10	8.733893E-12	8.733893E-12
9.000000E-2	3.618100E-10	3.618100E-10	9.213394E-12	9.213394E-12
1.000000E-1	3.802900E-10	3.802900E-10	9.683983E-12	9.683983E-12
1.100000E-1	4.016400E-10	4.016400E-10	1.022765E-11	1.022765E-11
1.200000E-1	4.251800E-10	4.251800E-10	1.082709E-11	1.082709E-11
1.300000E-1	4.493600E-10	4.493600E-10	1.144283E-11	1.144283E-11
1.400000E-1	4.751700E-10	4.751700E-10	1.210008E-11	1.210008E-11
1.500000E-1	5.018500E-10	5.018500E-10	1.277948E-11	1.277948E-11
1.600000E-1	5.293500E-10	5.293500E-10	1.347976E-11	1.347976E-11
1.700000E-1	5.607800E-10	5.607800E-10	1.428011E-11	1.428011E-11
1.800000E-1	5.943300E-10	5.943300E-10	1.513445E-11	1.513445E-11
1.900000E-1	6.290500E-10	6.290500E-10	1.601859E-11	1.601859E-11
2.000000E-1	6.625700E-10	6.625700E-10	1.687217E-11	1.687217E-11
2.100000E-1	7.014900E-10	7.014900E-10	1.786325E-11	1.786325E-11
2.200000E-1	7.458700E-10	7.458700E-10	1.899338E-11	1.899338E-11
2.300000E-1	7.876000E-10	7.876000E-10	2.005602E-11	2.005602E-11
2.400000E-1	8.726900E-10	8.726900E-10	2.222282E-11	2.222282E-11
2.500000E-1	1.121910E-9	1.121910E-9	2.856914E-11	2.856914E-11
2.600000E-1	1.238550E-9	1.238550E-9	3.153934E-11	3.153934E-11
2.700000E-1	1.339000E-9	1.339000E-9	3.409727E-11	3.409727E-11
2.800000E-1	1.438170E-9	1.438170E-9	3.662261E-11	3.662261E-11
2.900000E-1	1.535970E-9	1.535970E-9	3.911306E-11	3.911306E-11
3.000000E-1	1.643100E-9	1.643100E-9	4.184110E-11	4.184110E-11
3.100000E-1	1.753770E-9	1.753770E-9	4.465928E-11	4.465928E-11
3.200000E-1	1.863400E-9	1.863400E-9	4.745098E-11	4.745098E-11
3.300000E-1	1.984970E-9	1.984970E-9	5.054673E-11	5.054673E-11
3.400000E-1	2.112620E-9	2.112620E-9	5.379730E-11	5.379730E-11
3.500000E-1	2.250200E-9	2.250200E-9	5.730074E-11	5.730074E-11
3.600000E-1	2.387380E-9	2.387380E-9	6.079399E-11	6.079399E-11
3.700000E-1	2.542020E-9	2.542020E-9	6.473186E-11	6.473186E-11
3.800000E-1	2.702990E-9	2.702990E-9	6.883091E-11	6.883091E-11
3.900000E-1	2.868500E-9	2.868500E-9	7.304558E-11	7.304558E-11
4.000000E-1	3.046700E-9	3.046700E-9	7.758340E-11	7.758340E-11
4.100000E-1	3.228270E-9	3.228270E-9	8.220703E-11	8.220703E-11
4.200000E-1	3.426150E-9	3.426150E-9	8.724599E-11	8.724599E-11
4.300000E-1	3.626260E-9	3.626260E-9	9.234174E-11	9.234174E-11
4.400000E-1	3.526460E-9	3.526460E-9	8.980036E-11	8.980036E-11
4.500000E-1	3.634580E-9	3.634580E-9	9.255360E-11	9.255360E-11
4.600000E-1	3.774930E-9	3.774930E-9	9.612758E-11	9.612758E-11
4.700000E-1	3.924470E-9	3.924470E-9	9.993557E-11	9.993557E-11
4.800000E-1	4.085580E-9	4.085580E-9	1.040382E-10	1.040382E-10
4.900000E-1	4.262640E-9	4.262640E-9	1.085470E-10	1.085470E-10
5.000000E-1	4.440460E-9	4.440460E-9	1.130751E-10	1.130751E-10
