

13:30:52	23/02/21


Ell Cont: 5,0x10,0

SMU1	V name:		V1
	I name:		I1
	Mode:		V
	Function:	VAR1
SMU2	V name:		V2
	I name:		I2
	Mode:		common
	Function:	const.
SMU3	off
SMU4	off
VMUs	off

Primary Source (VAR1):	single
	Sweep Spacing:	linear
	Start:		-0.500000
	Stop:		0.500000
	Step:		0.010000
	Compliance:	0.050000
Power Compliance OFF

Timing:		Integration Time:	medium
	Delay Time (sec):	0.000000
	Hold Time (sec):	0.000000
	Wait Time (sec):	1.000000

Secondary Source (VAR2):	OFF


   V1	   I1	Abs(I)	J (A\um²)	Abs(J)
-5.000000E-1	-1.864430E-9	1.864430E-9	-4.747721E-11	4.747721E-11
-4.900000E-1	-9.686500E-10	9.686500E-10	-2.466641E-11	2.466641E-11
-4.800000E-1	-5.322100E-10	5.322100E-10	-1.355258E-11	1.355258E-11
-4.700000E-1	-2.519000E-10	2.519000E-10	-6.414566E-12	6.414566E-12
-4.600000E-1	-1.179500E-10	1.179500E-10	-3.003565E-12	3.003565E-12
-4.500000E-1	-4.132000E-11	4.132000E-11	-1.052203E-12	1.052203E-12
-4.400000E-1	1.027000E-11	1.027000E-11	2.615228E-13	2.615228E-13
-4.300000E-1	4.774000E-11	4.774000E-11	1.215686E-12	1.215686E-12
-4.200000E-1	7.633000E-11	7.633000E-11	1.943723E-12	1.943723E-12
-4.100000E-1	9.895000E-11	9.895000E-11	2.519735E-12	2.519735E-12
-4.000000E-1	1.164800E-10	1.164800E-10	2.966132E-12	2.966132E-12
-3.900000E-1	1.336100E-10	1.336100E-10	3.402343E-12	3.402343E-12
-3.800000E-1	1.483700E-10	1.483700E-10	3.778202E-12	3.778202E-12
-3.700000E-1	1.629000E-10	1.629000E-10	4.148205E-12	4.148205E-12
-3.600000E-1	1.759500E-10	1.759500E-10	4.480519E-12	4.480519E-12
-3.500000E-1	1.876100E-10	1.876100E-10	4.777438E-12	4.777438E-12
-3.400000E-1	1.979900E-10	1.979900E-10	5.041762E-12	5.041762E-12
-3.300000E-1	2.091800E-10	2.091800E-10	5.326712E-12	5.326712E-12
-3.200000E-1	2.202200E-10	2.202200E-10	5.607843E-12	5.607843E-12
-3.100000E-1	2.331800E-10	2.331800E-10	5.937866E-12	5.937866E-12
-3.000000E-1	2.441100E-10	2.441100E-10	6.216195E-12	6.216195E-12
-2.900000E-1	2.552200E-10	2.552200E-10	6.499109E-12	6.499109E-12
-2.800000E-1	2.657600E-10	2.657600E-10	6.767507E-12	6.767507E-12
-2.700000E-1	2.773200E-10	2.773200E-10	7.061879E-12	7.061879E-12
-2.600000E-1	2.880400E-10	2.880400E-10	7.334861E-12	7.334861E-12
-2.500000E-1	3.031000E-10	3.031000E-10	7.718360E-12	7.718360E-12
-2.400000E-1	3.159700E-10	3.159700E-10	8.046091E-12	8.046091E-12
-2.300000E-1	3.296900E-10	3.296900E-10	8.395467E-12	8.395467E-12
-2.200000E-1	3.443300E-10	3.443300E-10	8.768271E-12	8.768271E-12
-2.100000E-1	3.590900E-10	3.590900E-10	9.144130E-12	9.144130E-12
-2.000000E-1	3.761000E-10	3.761000E-10	9.577285E-12	9.577285E-12
-1.900000E-1	3.936500E-10	3.936500E-10	1.002419E-11	1.002419E-11
-1.800000E-1	4.111700E-10	4.111700E-10	1.047033E-11	1.047033E-11
-1.700000E-1	4.282800E-10	4.282800E-10	1.090604E-11	1.090604E-11
-1.600000E-1	4.486200E-10	4.486200E-10	1.142399E-11	1.142399E-11
-1.500000E-1	4.699300E-10	4.699300E-10	1.196664E-11	1.196664E-11
-1.400000E-1	4.912400E-10	4.912400E-10	1.250929E-11	1.250929E-11
-1.300000E-1	5.150600E-10	5.150600E-10	1.311586E-11	1.311586E-11
-1.200000E-1	5.394600E-10	5.394600E-10	1.373720E-11	1.373720E-11
-1.100000E-1	5.662900E-10	5.662900E-10	1.442042E-11	1.442042E-11
-1.000000E-1	5.942300E-10	5.942300E-10	1.513191E-11	1.513191E-11
-9.000000E-2	6.235800E-10	6.235800E-10	1.587930E-11	1.587930E-11
-8.000000E-2	6.547300E-10	6.547300E-10	1.667252E-11	1.667252E-11
-7.000000E-2	6.882400E-10	6.882400E-10	1.752585E-11	1.752585E-11
-6.000000E-2	7.239200E-10	7.239200E-10	1.843443E-11	1.843443E-11
-5.000000E-2	7.617900E-10	7.617900E-10	1.939878E-11	1.939878E-11
-4.000000E-2	8.016000E-10	8.016000E-10	2.041253E-11	2.041253E-11
-3.000000E-2	8.700300E-10	8.700300E-10	2.215508E-11	2.215508E-11
-2.000000E-2	1.058170E-9	1.058170E-9	2.694601E-11	2.694601E-11
-1.000000E-2	1.143240E-9	1.143240E-9	2.911230E-11	2.911230E-11
0.000000E+0	1.219510E-9	1.219510E-9	3.105449E-11	3.105449E-11
1.000000E-2	1.295950E-9	1.295950E-9	3.300102E-11	3.300102E-11
2.000000E-2	1.377040E-9	1.377040E-9	3.506595E-11	3.506595E-11
3.000000E-2	1.458060E-9	1.458060E-9	3.712911E-11	3.712911E-11
4.000000E-2	1.545670E-9	1.545670E-9	3.936007E-11	3.936007E-11
5.000000E-2	1.635710E-9	1.635710E-9	4.165292E-11	4.165292E-11
6.000000E-2	1.734800E-9	1.734800E-9	4.417622E-11	4.417622E-11
7.000000E-2	1.836010E-9	1.836010E-9	4.675350E-11	4.675350E-11
8.000000E-2	1.943500E-9	1.943500E-9	4.949070E-11	4.949070E-11
9.000000E-2	2.060230E-9	2.060230E-9	5.246320E-11	5.246320E-11
1.000000E-1	2.180370E-9	2.180370E-9	5.552254E-11	5.552254E-11
1.100000E-1	2.312370E-9	2.312370E-9	5.888388E-11	5.888388E-11
1.200000E-1	2.448940E-9	2.448940E-9	6.236160E-11	6.236160E-11
1.300000E-1	2.598420E-9	2.598420E-9	6.616807E-11	6.616807E-11
1.400000E-1	2.754380E-9	2.754380E-9	7.013955E-11	7.013955E-11
1.500000E-1	2.922700E-9	2.922700E-9	7.442577E-11	7.442577E-11
1.600000E-1	3.102990E-9	3.102990E-9	7.901681E-11	7.901681E-11
1.700000E-1	3.290240E-9	3.290240E-9	8.378508E-11	8.378508E-11
1.800000E-1	3.493250E-9	3.493250E-9	8.895467E-11	8.895467E-11
1.900000E-1	3.707760E-9	3.707760E-9	9.441711E-11	9.441711E-11
2.000000E-1	3.939680E-9	3.939680E-9	1.003229E-10	1.003229E-10
2.100000E-1	4.180330E-9	4.180330E-9	1.064510E-10	1.064510E-10
2.200000E-1	4.442840E-9	4.442840E-9	1.131357E-10	1.131357E-10
2.300000E-1	4.717360E-9	4.717360E-9	1.201263E-10	1.201263E-10
2.400000E-1	5.013220E-9	5.013220E-9	1.276603E-10	1.276603E-10
2.500000E-1	5.324100E-9	5.324100E-9	1.355768E-10	1.355768E-10
2.600000E-1	5.488100E-9	5.488100E-9	1.397530E-10	1.397530E-10
2.700000E-1	5.786430E-9	5.786430E-9	1.473499E-10	1.473499E-10
2.800000E-1	6.096740E-9	6.096740E-9	1.552518E-10	1.552518E-10
2.900000E-1	6.431670E-9	6.431670E-9	1.637807E-10	1.637807E-10
3.000000E-1	6.778150E-9	6.778150E-9	1.726038E-10	1.726038E-10
3.100000E-1	7.144290E-9	7.144290E-9	1.819274E-10	1.819274E-10
3.200000E-1	7.528690E-9	7.528690E-9	1.917161E-10	1.917161E-10
3.300000E-1	7.931100E-9	7.931100E-9	2.019633E-10	2.019633E-10
3.400000E-1	8.346680E-9	8.346680E-9	2.125460E-10	2.125460E-10
3.500000E-1	8.785290E-9	8.785290E-9	2.237150E-10	2.237150E-10
3.600000E-1	9.234530E-9	9.234530E-9	2.351548E-10	2.351548E-10
3.700000E-1	9.700390E-9	9.700390E-9	2.470178E-10	2.470178E-10
3.800000E-1	1.021580E-8	1.021580E-8	2.601426E-10	2.601426E-10
3.900000E-1	1.171040E-8	1.171040E-8	2.982022E-10	2.982022E-10
4.000000E-1	1.236180E-8	1.236180E-8	3.147899E-10	3.147899E-10
4.100000E-1	1.302230E-8	1.302230E-8	3.316094E-10	3.316094E-10
4.200000E-1	1.373970E-8	1.373970E-8	3.498778E-10	3.498778E-10
4.300000E-1	1.448090E-8	1.448090E-8	3.687522E-10	3.687522E-10
4.400000E-1	1.528790E-8	1.528790E-8	3.893023E-10	3.893023E-10
4.500000E-1	1.612360E-8	1.612360E-8	4.105831E-10	4.105831E-10
4.600000E-1	1.702420E-8	1.702420E-8	4.335167E-10	4.335167E-10
4.700000E-1	1.795250E-8	1.795250E-8	4.571556E-10	4.571556E-10
4.800000E-1	1.895430E-8	1.895430E-8	4.826662E-10	4.826662E-10
4.900000E-1	1.999680E-8	1.999680E-8	5.092131E-10	5.092131E-10
5.000000E-1	2.107520E-8	2.107520E-8	5.366743E-10	5.366743E-10
