

13:04:12	23/02/21


Ell Cont: 5,0x10,0

SMU1	V name:		V1
	I name:		I1
	Mode:		V
	Function:	VAR1
SMU2	V name:		V2
	I name:		I2
	Mode:		common
	Function:	const.
SMU3	off
SMU4	off
VMUs	off

Primary Source (VAR1):	single
	Sweep Spacing:	linear
	Start:		-0.500000
	Stop:		0.500000
	Step:		0.010000
	Compliance:	0.050000
Power Compliance OFF

Timing:		Integration Time:	medium
	Delay Time (sec):	0.000000
	Hold Time (sec):	0.000000
	Wait Time (sec):	1.000000

Secondary Source (VAR2):	OFF


   V1	   I1	Abs(I)	J (A\um²)	Abs(J)
-5.000000E-1	-7.344100E-7	7.344100E-7	-1.870155E-8	1.870155E-8
-4.900000E-1	-6.468320E-7	6.468320E-7	-1.647140E-8	1.647140E-8
-4.800000E-1	-6.472510E-7	6.472510E-7	-1.648207E-8	1.648207E-8
-4.700000E-1	-5.223690E-7	5.223690E-7	-1.330199E-8	1.330199E-8
-4.600000E-1	-5.894970E-7	5.894970E-7	-1.501138E-8	1.501138E-8
-4.500000E-1	-5.586810E-7	5.586810E-7	-1.422666E-8	1.422666E-8
-4.400000E-1	-5.851400E-7	5.851400E-7	-1.490043E-8	1.490043E-8
-4.300000E-1	-5.280260E-7	5.280260E-7	-1.344604E-8	1.344604E-8
-4.200000E-1	-5.081910E-7	5.081910E-7	-1.294095E-8	1.294095E-8
-4.100000E-1	-5.131860E-7	5.131860E-7	-1.306814E-8	1.306814E-8
-4.000000E-1	-4.398680E-7	4.398680E-7	-1.120112E-8	1.120112E-8
-3.900000E-1	-4.411070E-7	4.411070E-7	-1.123267E-8	1.123267E-8
-3.800000E-1	-4.421740E-7	4.421740E-7	-1.125984E-8	1.125984E-8
-3.700000E-1	-4.073020E-7	4.073020E-7	-1.037184E-8	1.037184E-8
-3.600000E-1	-3.632220E-7	3.632220E-7	-9.249351E-9	9.249351E-9
-3.500000E-1	-3.387770E-7	3.387770E-7	-8.626865E-9	8.626865E-9
-3.400000E-1	-3.189600E-7	3.189600E-7	-8.122231E-9	8.122231E-9
-3.300000E-1	-3.315490E-7	3.315490E-7	-8.442806E-9	8.442806E-9
-3.200000E-1	-3.019660E-7	3.019660E-7	-7.689483E-9	7.689483E-9
-3.100000E-1	-2.171060E-7	2.171060E-7	-5.528546E-9	5.528546E-9
-3.000000E-1	-1.958430E-7	1.958430E-7	-4.987089E-9	4.987089E-9
-2.900000E-1	-1.774370E-7	1.774370E-7	-4.518385E-9	4.518385E-9
-2.800000E-1	-1.772300E-7	1.772300E-7	-4.513114E-9	4.513114E-9
-2.700000E-1	-1.672050E-7	1.672050E-7	-4.257830E-9	4.257830E-9
-2.600000E-1	-1.523270E-7	1.523270E-7	-3.878966E-9	3.878966E-9
-2.500000E-1	-1.408110E-7	1.408110E-7	-3.585714E-9	3.585714E-9
-2.400000E-1	-1.237820E-7	1.237820E-7	-3.152075E-9	3.152075E-9
-2.300000E-1	-1.142360E-7	1.142360E-7	-2.908989E-9	2.908989E-9
-2.200000E-1	-1.050555E-7	1.050555E-7	-2.675210E-9	2.675210E-9
-2.100000E-1	-9.640450E-8	9.640450E-8	-2.454915E-9	2.454915E-9
-2.000000E-1	-8.879420E-8	8.879420E-8	-2.261120E-9	2.261120E-9
-1.900000E-1	-8.055530E-8	8.055530E-8	-2.051319E-9	2.051319E-9
-1.800000E-1	-7.347600E-8	7.347600E-8	-1.871047E-9	1.871047E-9
-1.700000E-1	-6.603680E-8	6.603680E-8	-1.681609E-9	1.681609E-9
-1.600000E-1	-6.050810E-8	6.050810E-8	-1.540822E-9	1.540822E-9
-1.500000E-1	-5.341390E-8	5.341390E-8	-1.360171E-9	1.360171E-9
-1.400000E-1	-6.241610E-8	6.241610E-8	-1.589409E-9	1.589409E-9
-1.300000E-1	-5.509980E-8	5.509980E-8	-1.403102E-9	1.403102E-9
-1.200000E-1	-4.857390E-8	4.857390E-8	-1.236921E-9	1.236921E-9
-1.100000E-1	-4.235480E-8	4.235480E-8	-1.078554E-9	1.078554E-9
-1.000000E-1	-3.660270E-8	3.660270E-8	-9.320779E-10	9.320779E-10
-9.000000E-2	-3.154920E-8	3.154920E-8	-8.033919E-10	8.033919E-10
-8.000000E-2	-2.694020E-8	2.694020E-8	-6.860249E-10	6.860249E-10
-7.000000E-2	-2.142240E-8	2.142240E-8	-5.455157E-10	5.455157E-10
-6.000000E-2	-1.737320E-8	1.737320E-8	-4.424039E-10	4.424039E-10
-5.000000E-2	-1.452000E-8	1.452000E-8	-3.697479E-10	3.697479E-10
-4.000000E-2	-1.126250E-8	1.126250E-8	-2.867965E-10	2.867965E-10
-3.000000E-2	-8.488860E-9	8.488860E-9	-2.161665E-10	2.161665E-10
-2.000000E-2	-5.386970E-9	5.386970E-9	-1.371777E-10	1.371777E-10
-1.000000E-2	-2.453450E-9	2.453450E-9	-6.247644E-11	6.247644E-11
0.000000E+0	1.307900E-10	1.307900E-10	3.330532E-12	3.330532E-12
1.000000E-2	2.886750E-9	2.886750E-9	7.351031E-11	7.351031E-11
2.000000E-2	5.644990E-9	5.644990E-9	1.437482E-10	1.437482E-10
3.000000E-2	8.322830E-9	8.322830E-9	2.119386E-10	2.119386E-10
4.000000E-2	1.135590E-8	1.135590E-8	2.891749E-10	2.891749E-10
5.000000E-2	1.543970E-8	1.543970E-8	3.931678E-10	3.931678E-10
6.000000E-2	1.815780E-8	1.815780E-8	4.623835E-10	4.623835E-10
7.000000E-2	2.150160E-8	2.150160E-8	5.475325E-10	5.475325E-10
8.000000E-2	2.504710E-8	2.504710E-8	6.378177E-10	6.378177E-10
9.000000E-2	2.925950E-8	2.925950E-8	7.450853E-10	7.450853E-10
1.000000E-1	3.330870E-8	3.330870E-8	8.481971E-10	8.481971E-10
1.100000E-1	3.797430E-8	3.797430E-8	9.670053E-10	9.670053E-10
1.200000E-1	4.270880E-8	4.270880E-8	1.087568E-9	1.087568E-9
1.300000E-1	5.024230E-8	5.024230E-8	1.279407E-9	1.279407E-9
1.400000E-1	5.621690E-8	5.621690E-8	1.431548E-9	1.431548E-9
1.500000E-1	6.224890E-8	6.224890E-8	1.585151E-9	1.585151E-9
1.600000E-1	6.874930E-8	6.874930E-8	1.750682E-9	1.750682E-9
1.700000E-1	7.617540E-8	7.617540E-8	1.939786E-9	1.939786E-9
1.800000E-1	8.407590E-8	8.407590E-8	2.140970E-9	2.140970E-9
1.900000E-1	9.190370E-8	9.190370E-8	2.340303E-9	2.340303E-9
2.000000E-1	9.561160E-8	9.561160E-8	2.434724E-9	2.434724E-9
2.100000E-1	1.026540E-7	1.026540E-7	2.614057E-9	2.614057E-9
2.200000E-1	1.123190E-7	1.123190E-7	2.860173E-9	2.860173E-9
2.300000E-1	1.191530E-7	1.191530E-7	3.034199E-9	3.034199E-9
2.400000E-1	1.396980E-7	1.396980E-7	3.557372E-9	3.557372E-9
2.500000E-1	1.506610E-7	1.506610E-7	3.836542E-9	3.836542E-9
2.600000E-1	1.608220E-7	1.608220E-7	4.095289E-9	4.095289E-9
2.700000E-1	1.713490E-7	1.713490E-7	4.363356E-9	4.363356E-9
2.800000E-1	1.747180E-7	1.747180E-7	4.449147E-9	4.449147E-9
2.900000E-1	1.804040E-7	1.804040E-7	4.593939E-9	4.593939E-9
3.000000E-1	2.137350E-7	2.137350E-7	5.442704E-9	5.442704E-9
3.100000E-1	2.263970E-7	2.263970E-7	5.765139E-9	5.765139E-9
3.200000E-1	2.413230E-7	2.413230E-7	6.145225E-9	6.145225E-9
3.300000E-1	2.368160E-7	2.368160E-7	6.030456E-9	6.030456E-9
3.400000E-1	2.517600E-7	2.517600E-7	6.411001E-9	6.411001E-9
3.500000E-1	2.826010E-7	2.826010E-7	7.196358E-9	7.196358E-9
3.600000E-1	3.028240E-7	3.028240E-7	7.711332E-9	7.711332E-9
3.700000E-1	2.958420E-7	2.958420E-7	7.533537E-9	7.533537E-9
3.800000E-1	3.228910E-7	3.228910E-7	8.222332E-9	8.222332E-9
3.900000E-1	3.493230E-7	3.493230E-7	8.895416E-9	8.895416E-9
4.000000E-1	3.425230E-7	3.425230E-7	8.722256E-9	8.722256E-9
4.100000E-1	3.599970E-7	3.599970E-7	9.167227E-9	9.167227E-9
4.200000E-1	3.898930E-7	3.898930E-7	9.928520E-9	9.928520E-9
4.300000E-1	4.315620E-7	4.315620E-7	1.098961E-8	1.098961E-8
4.400000E-1	4.538270E-7	4.538270E-7	1.155658E-8	1.155658E-8
4.500000E-1	4.748230E-7	4.748230E-7	1.209124E-8	1.209124E-8
4.600000E-1	4.967760E-7	4.967760E-7	1.265027E-8	1.265027E-8
4.700000E-1	5.150970E-7	5.150970E-7	1.311681E-8	1.311681E-8
4.800000E-1	4.929110E-7	4.929110E-7	1.255185E-8	1.255185E-8
4.900000E-1	5.275220E-7	5.275220E-7	1.343321E-8	1.343321E-8
5.000000E-1	5.883690E-7	5.883690E-7	1.498266E-8	1.498266E-8
