

12:15:57	17/03/21


Ell Cont: 5,0x10,0

SMU1	V name:		V1
	I name:		I1
	Mode:		V
	Function:	VAR1
SMU2	V name:		V2
	I name:		I2
	Mode:		common
	Function:	const.
SMU3	off
SMU4	off
VMUs	off

Primary Source (VAR1):	single
	Sweep Spacing:	linear
	Start:		-0.500000
	Stop:		0.500000
	Step:		0.010000
	Compliance:	0.050000
Power Compliance OFF

Timing:		Integration Time:	medium
	Delay Time (sec):	0.000000
	Hold Time (sec):	0.000000
	Wait Time (sec):	1.000000

Secondary Source (VAR2):	OFF


   V1	   I1	Abs(I)	J (A\um²)	Abs(J)
-5.000000E-1	-9.673490E-7	9.673490E-7	-2.463328E-8	2.463328E-8
-4.900000E-1	-9.366560E-7	9.366560E-7	-2.385169E-8	2.385169E-8
-4.800000E-1	-9.020640E-7	9.020640E-7	-2.297082E-8	2.297082E-8
-4.700000E-1	-8.707140E-7	8.707140E-7	-2.217250E-8	2.217250E-8
-4.600000E-1	-8.391760E-7	8.391760E-7	-2.136939E-8	2.136939E-8
-4.500000E-1	-8.091710E-7	8.091710E-7	-2.060532E-8	2.060532E-8
-4.400000E-1	-7.777480E-7	7.777480E-7	-1.980514E-8	1.980514E-8
-4.300000E-1	-7.534620E-7	7.534620E-7	-1.918671E-8	1.918671E-8
-4.200000E-1	-7.209560E-7	7.209560E-7	-1.835895E-8	1.835895E-8
-4.100000E-1	-6.951150E-7	6.951150E-7	-1.770092E-8	1.770092E-8
-4.000000E-1	-6.638530E-7	6.638530E-7	-1.690484E-8	1.690484E-8
-3.900000E-1	-6.346270E-7	6.346270E-7	-1.616061E-8	1.616061E-8
-3.800000E-1	-6.076380E-7	6.076380E-7	-1.547334E-8	1.547334E-8
-3.700000E-1	-5.808870E-7	5.808870E-7	-1.479213E-8	1.479213E-8
-3.600000E-1	-5.610150E-7	5.610150E-7	-1.428610E-8	1.428610E-8
-3.500000E-1	-5.338120E-7	5.338120E-7	-1.359338E-8	1.359338E-8
-3.400000E-1	-5.079880E-7	5.079880E-7	-1.293578E-8	1.293578E-8
-3.300000E-1	-4.795310E-7	4.795310E-7	-1.221113E-8	1.221113E-8
-3.200000E-1	-4.596550E-7	4.596550E-7	-1.170499E-8	1.170499E-8
-3.100000E-1	-4.367530E-7	4.367530E-7	-1.112180E-8	1.112180E-8
-3.000000E-1	-4.156080E-7	4.156080E-7	-1.058335E-8	1.058335E-8
-2.900000E-1	-3.940340E-7	3.940340E-7	-1.003397E-8	1.003397E-8
-2.800000E-1	-3.715070E-7	3.715070E-7	-9.460326E-9	9.460326E-9
-2.700000E-1	-3.477280E-7	3.477280E-7	-8.854800E-9	8.854800E-9
-2.600000E-1	-3.283940E-7	3.283940E-7	-8.362465E-9	8.362465E-9
-2.500000E-1	-3.120040E-7	3.120040E-7	-7.945098E-9	7.945098E-9
-2.400000E-1	-2.933010E-7	2.933010E-7	-7.468831E-9	7.468831E-9
-2.300000E-1	-2.738920E-7	2.738920E-7	-6.974586E-9	6.974586E-9
-2.200000E-1	-2.613740E-7	2.613740E-7	-6.655819E-9	6.655819E-9
-2.100000E-1	-2.437510E-7	2.437510E-7	-6.207054E-9	6.207054E-9
-2.000000E-1	-2.240440E-7	2.240440E-7	-5.705220E-9	5.705220E-9
-1.900000E-1	-2.096370E-7	2.096370E-7	-5.338350E-9	5.338350E-9
-1.800000E-1	-1.971870E-7	1.971870E-7	-5.021314E-9	5.021314E-9
-1.700000E-1	-1.827700E-7	1.827700E-7	-4.654189E-9	4.654189E-9
-1.600000E-1	-1.685400E-7	1.685400E-7	-4.291826E-9	4.291826E-9
-1.500000E-1	-1.546070E-7	1.546070E-7	-3.937026E-9	3.937026E-9
-1.400000E-1	-1.433690E-7	1.433690E-7	-3.650853E-9	3.650853E-9
-1.300000E-1	-1.304820E-7	1.304820E-7	-3.322689E-9	3.322689E-9
-1.200000E-1	-1.204610E-7	1.204610E-7	-3.067507E-9	3.067507E-9
-1.100000E-1	-1.063270E-7	1.063270E-7	-2.707588E-9	2.707588E-9
-1.000000E-1	-9.552640E-8	9.552640E-8	-2.432554E-9	2.432554E-9
-9.000000E-2	-8.427830E-8	8.427830E-8	-2.146124E-9	2.146124E-9
-8.000000E-2	-7.413140E-8	7.413140E-8	-1.887736E-9	1.887736E-9
-7.000000E-2	-6.415310E-8	6.415310E-8	-1.633641E-9	1.633641E-9
-6.000000E-2	-5.320240E-8	5.320240E-8	-1.354785E-9	1.354785E-9
-5.000000E-2	-4.398630E-8	4.398630E-8	-1.120099E-9	1.120099E-9
-4.000000E-2	-3.463430E-8	3.463430E-8	-8.819531E-10	8.819531E-10
-3.000000E-2	-2.557000E-8	2.557000E-8	-6.511332E-10	6.511332E-10
-2.000000E-2	-1.639030E-8	1.639030E-8	-4.173746E-10	4.173746E-10
-1.000000E-2	-8.274000E-9	8.274000E-9	-2.106952E-10	2.106952E-10
0.000000E+0	2.560600E-10	2.560600E-10	6.520499E-12	6.520499E-12
1.000000E-2	8.776050E-9	8.776050E-9	2.234798E-10	2.234798E-10
2.000000E-2	1.757430E-8	1.757430E-8	4.475248E-10	4.475248E-10
3.000000E-2	2.646210E-8	2.646210E-8	6.738503E-10	6.738503E-10
4.000000E-2	3.417570E-8	3.417570E-8	8.702750E-10	8.702750E-10
5.000000E-2	4.367450E-8	4.367450E-8	1.112159E-9	1.112159E-9
6.000000E-2	5.341000E-8	5.341000E-8	1.360071E-9	1.360071E-9
7.000000E-2	6.318180E-8	6.318180E-8	1.608908E-9	1.608908E-9
8.000000E-2	7.282690E-8	7.282690E-8	1.854517E-9	1.854517E-9
9.000000E-2	8.153240E-8	8.153240E-8	2.076201E-9	2.076201E-9
1.000000E-1	8.926130E-8	8.926130E-8	2.273015E-9	2.273015E-9
1.100000E-1	9.947690E-8	9.947690E-8	2.533153E-9	2.533153E-9
1.200000E-1	1.063850E-7	1.063850E-7	2.709065E-9	2.709065E-9
1.300000E-1	1.217640E-7	1.217640E-7	3.100688E-9	3.100688E-9
1.400000E-1	1.354350E-7	1.354350E-7	3.448816E-9	3.448816E-9
1.500000E-1	1.475020E-7	1.475020E-7	3.756099E-9	3.756099E-9
1.600000E-1	1.509830E-7	1.509830E-7	3.844741E-9	3.844741E-9
1.700000E-1	1.726580E-7	1.726580E-7	4.396690E-9	4.396690E-9
1.800000E-1	1.829350E-7	1.829350E-7	4.658391E-9	4.658391E-9
1.900000E-1	1.891480E-7	1.891480E-7	4.816603E-9	4.816603E-9
2.000000E-1	1.981560E-7	1.981560E-7	5.045989E-9	5.045989E-9
2.100000E-1	2.130300E-7	2.130300E-7	5.424752E-9	5.424752E-9
2.200000E-1	2.291350E-7	2.291350E-7	5.834861E-9	5.834861E-9
2.300000E-1	2.541080E-7	2.541080E-7	6.470792E-9	6.470792E-9
2.400000E-1	2.490540E-7	2.490540E-7	6.342093E-9	6.342093E-9
2.500000E-1	2.537590E-7	2.537590E-7	6.461905E-9	6.461905E-9
2.600000E-1	2.810060E-7	2.810060E-7	7.155742E-9	7.155742E-9
2.700000E-1	2.965890E-7	2.965890E-7	7.552559E-9	7.552559E-9
2.800000E-1	3.187910E-7	3.187910E-7	8.117927E-9	8.117927E-9
2.900000E-1	3.269230E-7	3.269230E-7	8.325006E-9	8.325006E-9
3.000000E-1	3.232370E-7	3.232370E-7	8.231143E-9	8.231143E-9
3.100000E-1	3.606230E-7	3.606230E-7	9.183168E-9	9.183168E-9
3.200000E-1	3.800530E-7	3.800530E-7	9.677947E-9	9.677947E-9
3.300000E-1	3.687440E-7	3.687440E-7	9.389967E-9	9.389967E-9
3.400000E-1	4.127590E-7	4.127590E-7	1.051080E-8	1.051080E-8
3.500000E-1	4.332340E-7	4.332340E-7	1.103219E-8	1.103219E-8
3.600000E-1	4.859680E-7	4.859680E-7	1.237504E-8	1.237504E-8
3.700000E-1	5.222100E-7	5.222100E-7	1.329794E-8	1.329794E-8
3.800000E-1	5.235620E-7	5.235620E-7	1.333237E-8	1.333237E-8
3.900000E-1	5.373610E-7	5.373610E-7	1.368375E-8	1.368375E-8
4.000000E-1	5.007020E-7	5.007020E-7	1.275024E-8	1.275024E-8
4.100000E-1	5.051320E-7	5.051320E-7	1.286305E-8	1.286305E-8
4.200000E-1	5.451530E-7	5.451530E-7	1.388217E-8	1.388217E-8
4.300000E-1	5.606720E-7	5.606720E-7	1.427736E-8	1.427736E-8
4.400000E-1	6.823820E-7	6.823820E-7	1.737667E-8	1.737667E-8
4.500000E-1	6.755310E-7	6.755310E-7	1.720222E-8	1.720222E-8
4.600000E-1	6.834840E-7	6.834840E-7	1.740474E-8	1.740474E-8
4.700000E-1	6.797570E-7	6.797570E-7	1.730983E-8	1.730983E-8
4.800000E-1	7.011770E-7	7.011770E-7	1.785528E-8	1.785528E-8
4.900000E-1	7.591860E-7	7.591860E-7	1.933247E-8	1.933247E-8
5.000000E-1	8.449800E-7	8.449800E-7	2.151719E-8	2.151719E-8
