

12:06:29	17/03/21


Ell Cont: 5,0x10,0

SMU1	V name:		V1
	I name:		I1
	Mode:		V
	Function:	VAR1
SMU2	V name:		V2
	I name:		I2
	Mode:		common
	Function:	const.
SMU3	off
SMU4	off
VMUs	off

Primary Source (VAR1):	single
	Sweep Spacing:	linear
	Start:		-0.500000
	Stop:		0.500000
	Step:		0.010000
	Compliance:	0.050000
Power Compliance OFF

Timing:		Integration Time:	medium
	Delay Time (sec):	0.000000
	Hold Time (sec):	0.000000
	Wait Time (sec):	1.000000

Secondary Source (VAR2):	OFF


   V1	   I1	Abs(I)	J (A\µm²)	Abs(J)
-5.000000E-1	-2.620000E-12	2.620000E-12	-6.671760E-14	6.671760E-14
-4.900000E-1	2.100000E-13	2.100000E-13	5.347594E-15	5.347594E-15
-4.800000E-1	3.650000E-12	3.650000E-12	9.294627E-14	9.294627E-14
-4.700000E-1	2.680000E-12	2.680000E-12	6.824548E-14	6.824548E-14
-4.600000E-1	-5.500000E-13	5.500000E-13	-1.400560E-14	1.400560E-14
-4.500000E-1	5.300000E-13	5.300000E-13	1.349631E-14	1.349631E-14
-4.400000E-1	2.060000E-12	2.060000E-12	5.245735E-14	5.245735E-14
-4.300000E-1	2.200000E-13	2.200000E-13	5.602241E-15	5.602241E-15
-4.200000E-1	5.500000E-13	5.500000E-13	1.400560E-14	1.400560E-14
-4.100000E-1	1.590000E-12	1.590000E-12	4.048892E-14	4.048892E-14
-4.000000E-1	1.520000E-12	1.520000E-12	3.870639E-14	3.870639E-14
-3.900000E-1	1.090000E-12	1.090000E-12	2.775656E-14	2.775656E-14
-3.800000E-1	1.320000E-12	1.320000E-12	3.361344E-14	3.361344E-14
-3.700000E-1	1.290000E-12	1.290000E-12	3.284950E-14	3.284950E-14
-3.600000E-1	4.200000E-13	4.200000E-13	1.069519E-14	1.069519E-14
-3.500000E-1	-8.800000E-13	8.800000E-13	-2.240896E-14	2.240896E-14
-3.400000E-1	3.900000E-13	3.900000E-13	9.931245E-15	9.931245E-15
-3.300000E-1	7.100000E-13	7.100000E-13	1.807996E-14	1.807996E-14
-3.200000E-1	1.290000E-12	1.290000E-12	3.284950E-14	3.284950E-14
-3.100000E-1	5.600000E-13	5.600000E-13	1.426025E-14	1.426025E-14
-3.000000E-1	1.250000E-12	1.250000E-12	3.183091E-14	3.183091E-14
-2.900000E-1	6.900000E-13	6.900000E-13	1.757066E-14	1.757066E-14
-2.800000E-1	8.000000E-13	8.000000E-13	2.037178E-14	2.037178E-14
-2.700000E-1	2.260000E-12	2.260000E-12	5.755029E-14	5.755029E-14
-2.600000E-1	1.920000E-12	1.920000E-12	4.889228E-14	4.889228E-14
-2.500000E-1	3.700000E-13	3.700000E-13	9.421950E-15	9.421950E-15
-2.400000E-1	1.600000E-13	1.600000E-13	4.074357E-15	4.074357E-15
-2.300000E-1	9.300000E-13	9.300000E-13	2.368220E-14	2.368220E-14
-2.200000E-1	4.400000E-13	4.400000E-13	1.120448E-14	1.120448E-14
-2.100000E-1	7.100000E-13	7.100000E-13	1.807996E-14	1.807996E-14
-2.000000E-1	7.000000E-13	7.000000E-13	1.782531E-14	1.782531E-14
-1.900000E-1	1.220000E-12	1.220000E-12	3.106697E-14	3.106697E-14
-1.800000E-1	1.030000E-12	1.030000E-12	2.622867E-14	2.622867E-14
-1.700000E-1	8.600000E-13	8.600000E-13	2.189967E-14	2.189967E-14
-1.600000E-1	7.800000E-13	7.800000E-13	1.986249E-14	1.986249E-14
-1.500000E-1	1.030000E-12	1.030000E-12	2.622867E-14	2.622867E-14
-1.400000E-1	1.340000E-12	1.340000E-12	3.412274E-14	3.412274E-14
-1.300000E-1	1.690000E-12	1.690000E-12	4.303540E-14	4.303540E-14
-1.200000E-1	9.200000E-13	9.200000E-13	2.342755E-14	2.342755E-14
-1.100000E-1	7.600000E-13	7.600000E-13	1.935320E-14	1.935320E-14
-1.000000E-1	1.040000E-12	1.040000E-12	2.648332E-14	2.648332E-14
-9.000000E-2	2.150000E-12	2.150000E-12	5.474917E-14	5.474917E-14
-8.000000E-2	1.460000E-12	1.460000E-12	3.717851E-14	3.717851E-14
-7.000000E-2	5.040000E-12	5.040000E-12	1.283422E-13	1.283422E-13
-6.000000E-2	6.900000E-12	6.900000E-12	1.757066E-13	1.757066E-13
-5.000000E-2	-3.580000E-12	3.580000E-12	-9.116374E-14	9.116374E-14
-4.000000E-2	-3.220000E-12	3.220000E-12	-8.199643E-14	8.199643E-14
-3.000000E-2	-1.710000E-12	1.710000E-12	-4.354469E-14	4.354469E-14
-2.000000E-2	2.390000E-12	2.390000E-12	6.086071E-14	6.086071E-14
-1.000000E-2	3.010000E-12	3.010000E-12	7.664884E-14	7.664884E-14
0.000000E+0	-5.500000E-13	5.500000E-13	-1.400560E-14	1.400560E-14
1.000000E-2	-3.600000E-13	3.600000E-13	-9.167303E-15	9.167303E-15
2.000000E-2	2.670000E-12	2.670000E-12	6.799083E-14	6.799083E-14
3.000000E-2	3.250000E-12	3.250000E-12	8.276038E-14	8.276038E-14
4.000000E-2	5.900000E-13	5.900000E-13	1.502419E-14	1.502419E-14
5.000000E-2	1.600000E-12	1.600000E-12	4.074357E-14	4.074357E-14
6.000000E-2	5.000000E-13	5.000000E-13	1.273237E-14	1.273237E-14
7.000000E-2	1.280000E-12	1.280000E-12	3.259486E-14	3.259486E-14
8.000000E-2	1.550000E-12	1.550000E-12	3.947033E-14	3.947033E-14
9.000000E-2	1.080000E-12	1.080000E-12	2.750191E-14	2.750191E-14
1.000000E-1	1.430000E-12	1.430000E-12	3.641457E-14	3.641457E-14
1.100000E-1	1.520000E-12	1.520000E-12	3.870639E-14	3.870639E-14
1.200000E-1	-1.260000E-12	1.260000E-12	-3.208556E-14	3.208556E-14
1.300000E-1	6.800000E-13	6.800000E-13	1.731602E-14	1.731602E-14
1.400000E-1	1.200000E-13	1.200000E-13	3.055768E-15	3.055768E-15
1.500000E-1	7.200000E-13	7.200000E-13	1.833461E-14	1.833461E-14
1.600000E-1	2.870000E-12	2.870000E-12	7.308378E-14	7.308378E-14
1.700000E-1	3.720000E-12	3.720000E-12	9.472880E-14	9.472880E-14
1.800000E-1	5.730000E-12	5.730000E-12	1.459129E-13	1.459129E-13
1.900000E-1	5.180000E-12	5.180000E-12	1.319073E-13	1.319073E-13
2.000000E-1	6.300000E-13	6.300000E-13	1.604278E-14	1.604278E-14
2.100000E-1	8.000000E-13	8.000000E-13	2.037178E-14	2.037178E-14
2.200000E-1	8.500000E-13	8.500000E-13	2.164502E-14	2.164502E-14
2.300000E-1	2.180000E-12	2.180000E-12	5.551311E-14	5.551311E-14
2.400000E-1	1.000000E-14	1.000000E-14	2.546473E-16	2.546473E-16
2.500000E-1	1.520000E-12	1.520000E-12	3.870639E-14	3.870639E-14
2.600000E-1	8.600000E-13	8.600000E-13	2.189967E-14	2.189967E-14
2.700000E-1	-1.600000E-12	1.600000E-12	-4.074357E-14	4.074357E-14
2.800000E-1	-3.150000E-12	3.150000E-12	-8.021390E-14	8.021390E-14
2.900000E-1	-1.080000E-12	1.080000E-12	-2.750191E-14	2.750191E-14
3.000000E-1	1.270000E-12	1.270000E-12	3.234021E-14	3.234021E-14
3.100000E-1	2.580000E-12	2.580000E-12	6.569901E-14	6.569901E-14
3.200000E-1	1.820000E-12	1.820000E-12	4.634581E-14	4.634581E-14
3.300000E-1	1.550000E-12	1.550000E-12	3.947033E-14	3.947033E-14
3.400000E-1	3.930000E-12	3.930000E-12	1.000764E-13	1.000764E-13
3.500000E-1	1.660000E-12	1.660000E-12	4.227145E-14	4.227145E-14
3.600000E-1	1.530000E-12	1.530000E-12	3.896104E-14	3.896104E-14
3.700000E-1	1.800000E-12	1.800000E-12	4.583652E-14	4.583652E-14
3.800000E-1	1.280000E-12	1.280000E-12	3.259486E-14	3.259486E-14
3.900000E-1	1.610000E-12	1.610000E-12	4.099822E-14	4.099822E-14
4.000000E-1	2.870000E-12	2.870000E-12	7.308378E-14	7.308378E-14
4.100000E-1	1.600000E-12	1.600000E-12	4.074357E-14	4.074357E-14
4.200000E-1	2.200000E-12	2.200000E-12	5.602241E-14	5.602241E-14
4.300000E-1	6.400000E-13	6.400000E-13	1.629743E-14	1.629743E-14
4.400000E-1	2.530000E-12	2.530000E-12	6.442577E-14	6.442577E-14
4.500000E-1	2.550000E-12	2.550000E-12	6.493506E-14	6.493506E-14
4.600000E-1	2.030000E-12	2.030000E-12	5.169340E-14	5.169340E-14
4.700000E-1	1.280000E-12	1.280000E-12	3.259486E-14	3.259486E-14
4.800000E-1	8.400000E-13	8.400000E-13	2.139037E-14	2.139037E-14
4.900000E-1	1.060000E-12	1.060000E-12	2.699261E-14	2.699261E-14
5.000000E-1	1.500000E-12	1.500000E-12	3.819710E-14	3.819710E-14
