

12:01:22	17/03/21


Ell Cont: 5,0x10,0

SMU1	V name:		V1
	I name:		I1
	Mode:		V
	Function:	VAR1
SMU2	V name:		V2
	I name:		I2
	Mode:		common
	Function:	const.
SMU3	off
SMU4	off
VMUs	off

Primary Source (VAR1):	single
	Sweep Spacing:	linear
	Start:		-1.500000
	Stop:		1.500000
	Step:		0.010000
	Compliance:	0.050000
Power Compliance OFF

Timing:		Integration Time:	medium
	Delay Time (sec):	0.000000
	Hold Time (sec):	0.000000
	Wait Time (sec):	1.000000

Secondary Source (VAR2):	OFF


   V1	   I1	Abs(I)	J (A\µm²)	Abs(J)
-1.500000E+0	-3.535320E-2	3.535320E-2	-9.002597E-4	9.002597E-4
-1.490000E+0	-3.216710E-2	3.216710E-2	-8.191266E-4	8.191266E-4
-1.480000E+0	-2.717230E-2	2.717230E-2	-6.919353E-4	6.919353E-4
-1.470000E+0	-2.346950E-2	2.346950E-2	-5.976445E-4	5.976445E-4
-1.460000E+0	-2.121400E-2	2.121400E-2	-5.402088E-4	5.402088E-4
-1.450000E+0	-1.944210E-2	1.944210E-2	-4.950878E-4	4.950878E-4
-1.440000E+0	-1.954150E-2	1.954150E-2	-4.976190E-4	4.976190E-4
-1.430000E+0	-1.849460E-2	1.849460E-2	-4.709600E-4	4.709600E-4
-1.420000E+0	-1.793960E-2	1.793960E-2	-4.568271E-4	4.568271E-4
-1.410000E+0	-1.741810E-2	1.741810E-2	-4.435472E-4	4.435472E-4
-1.400000E+0	-1.699880E-2	1.699880E-2	-4.328699E-4	4.328699E-4
-1.390000E+0	-1.663370E-2	1.663370E-2	-4.235727E-4	4.235727E-4
-1.380000E+0	-1.703870E-2	1.703870E-2	-4.338859E-4	4.338859E-4
-1.370000E+0	-1.666170E-2	1.666170E-2	-4.242857E-4	4.242857E-4
-1.360000E+0	-1.603040E-2	1.603040E-2	-4.082098E-4	4.082098E-4
-1.350000E+0	-1.733360E-2	1.733360E-2	-4.413955E-4	4.413955E-4
-1.340000E+0	-1.855490E-2	1.855490E-2	-4.724955E-4	4.724955E-4
-1.330000E+0	-1.621430E-2	1.621430E-2	-4.128928E-4	4.128928E-4
-1.320000E+0	-1.594960E-2	1.594960E-2	-4.061523E-4	4.061523E-4
-1.310000E+0	-1.573510E-2	1.573510E-2	-4.006901E-4	4.006901E-4
-1.300000E+0	-1.523250E-2	1.523250E-2	-3.878915E-4	3.878915E-4
-1.290000E+0	-1.498000E-2	1.498000E-2	-3.814617E-4	3.814617E-4
-1.280000E+0	-1.474340E-2	1.474340E-2	-3.754367E-4	3.754367E-4
-1.270000E+0	-1.403560E-2	1.403560E-2	-3.574128E-4	3.574128E-4
-1.260000E+0	-1.375230E-2	1.375230E-2	-3.501986E-4	3.501986E-4
-1.250000E+0	-1.344700E-2	1.344700E-2	-3.424242E-4	3.424242E-4
-1.240000E+0	-1.341910E-2	1.341910E-2	-3.417138E-4	3.417138E-4
-1.230000E+0	-1.321960E-2	1.321960E-2	-3.366336E-4	3.366336E-4
-1.220000E+0	-1.312050E-2	1.312050E-2	-3.341100E-4	3.341100E-4
-1.210000E+0	-1.301360E-2	1.301360E-2	-3.313878E-4	3.313878E-4
-1.200000E+0	-1.297900E-2	1.297900E-2	-3.305067E-4	3.305067E-4
-1.190000E+0	-1.276260E-2	1.276260E-2	-3.249962E-4	3.249962E-4
-1.180000E+0	-1.260230E-2	1.260230E-2	-3.209142E-4	3.209142E-4
-1.170000E+0	-1.242620E-2	1.242620E-2	-3.164298E-4	3.164298E-4
-1.160000E+0	-1.230030E-2	1.230030E-2	-3.132238E-4	3.132238E-4
-1.150000E+0	-1.221140E-2	1.221140E-2	-3.109600E-4	3.109600E-4
-1.140000E+0	-1.201340E-2	1.201340E-2	-3.059180E-4	3.059180E-4
-1.130000E+0	-1.191020E-2	1.191020E-2	-3.032900E-4	3.032900E-4
-1.120000E+0	-1.181090E-2	1.181090E-2	-3.007614E-4	3.007614E-4
-1.110000E+0	-1.171020E-2	1.171020E-2	-2.981971E-4	2.981971E-4
-1.100000E+0	-1.150570E-2	1.150570E-2	-2.929896E-4	2.929896E-4
-1.090000E+0	-1.137730E-2	1.137730E-2	-2.897199E-4	2.897199E-4
-1.080000E+0	-1.124960E-2	1.124960E-2	-2.864680E-4	2.864680E-4
-1.070000E+0	-1.112010E-2	1.112010E-2	-2.831704E-4	2.831704E-4
-1.060000E+0	-1.094980E-2	1.094980E-2	-2.788337E-4	2.788337E-4
-1.050000E+0	-1.081830E-2	1.081830E-2	-2.754851E-4	2.754851E-4
-1.040000E+0	-1.064560E-2	1.064560E-2	-2.710873E-4	2.710873E-4
-1.030000E+0	-1.047250E-2	1.047250E-2	-2.666794E-4	2.666794E-4
-1.020000E+0	-1.030240E-2	1.030240E-2	-2.623478E-4	2.623478E-4
-1.010000E+0	-1.021120E-2	1.021120E-2	-2.600255E-4	2.600255E-4
-1.000000E+0	-1.006710E-2	1.006710E-2	-2.563560E-4	2.563560E-4
-9.900000E-1	-9.905080E-3	9.905080E-3	-2.522302E-4	2.522302E-4
-9.800000E-1	-9.776210E-3	9.776210E-3	-2.489486E-4	2.489486E-4
-9.700000E-1	-9.630520E-3	9.630520E-3	-2.452386E-4	2.452386E-4
-9.600000E-1	-9.889550E-3	9.889550E-3	-2.518347E-4	2.518347E-4
-9.500000E-1	-1.000190E-2	1.000190E-2	-2.546957E-4	2.546957E-4
-9.400000E-1	-9.882090E-3	9.882090E-3	-2.516448E-4	2.516448E-4
-9.300000E-1	-9.713340E-3	9.713340E-3	-2.473476E-4	2.473476E-4
-9.200000E-1	-9.568130E-3	9.568130E-3	-2.436499E-4	2.436499E-4
-9.100000E-1	-9.434370E-3	9.434370E-3	-2.402437E-4	2.402437E-4
-9.000000E-1	-9.269320E-3	9.269320E-3	-2.360407E-4	2.360407E-4
-8.900000E-1	-9.070070E-3	9.070070E-3	-2.309669E-4	2.309669E-4
-8.800000E-1	-9.022990E-3	9.022990E-3	-2.297680E-4	2.297680E-4
-8.700000E-1	-8.928040E-3	8.928040E-3	-2.273501E-4	2.273501E-4
-8.600000E-1	-8.791700E-3	8.791700E-3	-2.238783E-4	2.238783E-4
-8.500000E-1	-8.677430E-3	8.677430E-3	-2.209684E-4	2.209684E-4
-8.400000E-1	-8.560020E-3	8.560020E-3	-2.179786E-4	2.179786E-4
-8.300000E-1	-8.516590E-3	8.516590E-3	-2.168727E-4	2.168727E-4
-8.200000E-1	-8.358150E-3	8.358150E-3	-2.128380E-4	2.128380E-4
-8.100000E-1	-8.202740E-3	8.202740E-3	-2.088806E-4	2.088806E-4
-8.000000E-1	-8.086160E-3	8.086160E-3	-2.059119E-4	2.059119E-4
-7.900000E-1	-7.958100E-3	7.958100E-3	-2.026509E-4	2.026509E-4
-7.800000E-1	-7.842930E-3	7.842930E-3	-1.997181E-4	1.997181E-4
-7.700000E-1	-7.732860E-3	7.732860E-3	-1.969152E-4	1.969152E-4
-7.600000E-1	-7.593510E-3	7.593510E-3	-1.933667E-4	1.933667E-4
-7.500000E-1	-7.472690E-3	7.472690E-3	-1.902900E-4	1.902900E-4
-7.400000E-1	-7.365060E-3	7.365060E-3	-1.875493E-4	1.875493E-4
-7.300000E-1	-7.261070E-3	7.261070E-3	-1.849012E-4	1.849012E-4
-7.200000E-1	-7.124780E-3	7.124780E-3	-1.814306E-4	1.814306E-4
-7.100000E-1	-6.993480E-3	6.993480E-3	-1.780871E-4	1.780871E-4
-7.000000E-1	-6.871670E-3	6.871670E-3	-1.749852E-4	1.749852E-4
-6.900000E-1	-6.743750E-3	6.743750E-3	-1.717278E-4	1.717278E-4
-6.800000E-1	-6.616440E-3	6.616440E-3	-1.684859E-4	1.684859E-4
-6.700000E-1	-6.488780E-3	6.488780E-3	-1.652350E-4	1.652350E-4
-6.600000E-1	-6.380420E-3	6.380420E-3	-1.624757E-4	1.624757E-4
-6.500000E-1	-6.273920E-3	6.273920E-3	-1.597637E-4	1.597637E-4
-6.400000E-1	-6.165500E-3	6.165500E-3	-1.570028E-4	1.570028E-4
-6.300000E-1	-6.047830E-3	6.047830E-3	-1.540064E-4	1.540064E-4
-6.200000E-1	-5.928180E-3	5.928180E-3	-1.509595E-4	1.509595E-4
-6.100000E-1	-5.805350E-3	5.805350E-3	-1.478317E-4	1.478317E-4
-6.000000E-1	-5.688220E-3	5.688220E-3	-1.448490E-4	1.448490E-4
-5.900000E-1	-5.595540E-3	5.595540E-3	-1.424889E-4	1.424889E-4
-5.800000E-1	-5.481660E-3	5.481660E-3	-1.395890E-4	1.395890E-4
-5.700000E-1	-5.366820E-3	5.366820E-3	-1.366646E-4	1.366646E-4
-5.600000E-1	-5.261330E-3	5.261330E-3	-1.339784E-4	1.339784E-4
-5.500000E-1	-5.145670E-3	5.145670E-3	-1.310331E-4	1.310331E-4
-5.400000E-1	-5.051900E-3	5.051900E-3	-1.286453E-4	1.286453E-4
-5.300000E-1	-4.960670E-3	4.960670E-3	-1.263221E-4	1.263221E-4
-5.200000E-1	-4.856160E-3	4.856160E-3	-1.236608E-4	1.236608E-4
-5.100000E-1	-4.747930E-3	4.747930E-3	-1.209048E-4	1.209048E-4
-5.000000E-1	-4.647170E-3	4.647170E-3	-1.183389E-4	1.183389E-4
-4.900000E-1	-4.546960E-3	4.546960E-3	-1.157871E-4	1.157871E-4
-4.800000E-1	-4.441310E-3	4.441310E-3	-1.130968E-4	1.130968E-4
-4.700000E-1	-4.345640E-3	4.345640E-3	-1.106606E-4	1.106606E-4
-4.600000E-1	-4.241240E-3	4.241240E-3	-1.080020E-4	1.080020E-4
-4.500000E-1	-4.136260E-3	4.136260E-3	-1.053287E-4	1.053287E-4
-4.400000E-1	-4.034690E-3	4.034690E-3	-1.027423E-4	1.027423E-4
-4.300000E-1	-3.928580E-3	3.928580E-3	-1.000402E-4	1.000402E-4
-4.200000E-1	-3.828820E-3	3.828820E-3	-9.749987E-5	9.749987E-5
-4.100000E-1	-3.732860E-3	3.732860E-3	-9.505628E-5	9.505628E-5
-4.000000E-1	-3.626590E-3	3.626590E-3	-9.235014E-5	9.235014E-5
-3.900000E-1	-3.528250E-3	3.528250E-3	-8.984594E-5	8.984594E-5
-3.800000E-1	-3.429970E-3	3.429970E-3	-8.734326E-5	8.734326E-5
-3.700000E-1	-3.329200E-3	3.329200E-3	-8.477718E-5	8.477718E-5
-3.600000E-1	-3.231170E-3	3.231170E-3	-8.228088E-5	8.228088E-5
-3.500000E-1	-3.134610E-3	3.134610E-3	-7.982200E-5	7.982200E-5
-3.400000E-1	-3.038690E-3	3.038690E-3	-7.737942E-5	7.737942E-5
-3.300000E-1	-2.944180E-3	2.944180E-3	-7.497275E-5	7.497275E-5
-3.200000E-1	-2.844490E-3	2.844490E-3	-7.243417E-5	7.243417E-5
-3.100000E-1	-2.749370E-3	2.749370E-3	-7.001197E-5	7.001197E-5
-3.000000E-1	-2.653520E-3	2.653520E-3	-6.757117E-5	6.757117E-5
-2.900000E-1	-2.562670E-3	2.562670E-3	-6.525770E-5	6.525770E-5
-2.800000E-1	-2.468610E-3	2.468610E-3	-6.286249E-5	6.286249E-5
-2.700000E-1	-2.374110E-3	2.374110E-3	-6.045607E-5	6.045607E-5
-2.600000E-1	-2.285470E-3	2.285470E-3	-5.819888E-5	5.819888E-5
-2.500000E-1	-2.195400E-3	2.195400E-3	-5.590527E-5	5.590527E-5
-2.400000E-1	-2.105850E-3	2.105850E-3	-5.362490E-5	5.362490E-5
-2.300000E-1	-2.014160E-3	2.014160E-3	-5.129004E-5	5.129004E-5
-2.200000E-1	-1.922180E-3	1.922180E-3	-4.894780E-5	4.894780E-5
-2.100000E-1	-1.832840E-3	1.832840E-3	-4.667278E-5	4.667278E-5
-2.000000E-1	-1.742820E-3	1.742820E-3	-4.438044E-5	4.438044E-5
-1.900000E-1	-1.654430E-3	1.654430E-3	-4.212961E-5	4.212961E-5
-1.800000E-1	-1.564480E-3	1.564480E-3	-3.983906E-5	3.983906E-5
-1.700000E-1	-1.473140E-3	1.473140E-3	-3.751311E-5	3.751311E-5
-1.600000E-1	-1.383540E-3	1.383540E-3	-3.523147E-5	3.523147E-5
-1.500000E-1	-1.294810E-3	1.294810E-3	-3.297199E-5	3.297199E-5
-1.400000E-1	-1.206750E-3	1.206750E-3	-3.072956E-5	3.072956E-5
-1.300000E-1	-1.119420E-3	1.119420E-3	-2.850573E-5	2.850573E-5
-1.200000E-1	-1.033500E-3	1.033500E-3	-2.631780E-5	2.631780E-5
-1.100000E-1	-9.444590E-4	9.444590E-4	-2.405039E-5	2.405039E-5
-1.000000E-1	-8.571870E-4	8.571870E-4	-2.182804E-5	2.182804E-5
-9.000000E-2	-7.704210E-4	7.704210E-4	-1.961856E-5	1.961856E-5
-8.000000E-2	-6.849230E-4	6.849230E-4	-1.744138E-5	1.744138E-5
-7.000000E-2	-5.982440E-4	5.982440E-4	-1.523412E-5	1.523412E-5
-6.000000E-2	-5.136660E-4	5.136660E-4	-1.308037E-5	1.308037E-5
-5.000000E-2	-4.270240E-4	4.270240E-4	-1.087405E-5	1.087405E-5
-4.000000E-2	-3.418020E-4	3.418020E-4	-8.703896E-6	8.703896E-6
-3.000000E-2	-2.566070E-4	2.566070E-4	-6.534428E-6	6.534428E-6
-2.000000E-2	-1.709250E-4	1.709250E-4	-4.352559E-6	4.352559E-6
-1.000000E-2	-8.611880E-5	8.611880E-5	-2.192992E-6	2.192992E-6
0.000000E+0	-5.251800E-7	5.251800E-7	-1.337357E-8	1.337357E-8
1.000000E-2	8.429990E-5	8.429990E-5	2.146674E-6	2.146674E-6
2.000000E-2	1.695720E-4	1.695720E-4	4.318105E-6	4.318105E-6
3.000000E-2	2.548870E-4	2.548870E-4	6.490629E-6	6.490629E-6
4.000000E-2	3.402790E-4	3.402790E-4	8.665113E-6	8.665113E-6
5.000000E-2	4.265380E-4	4.265380E-4	1.086168E-5	1.086168E-5
6.000000E-2	5.116070E-4	5.116070E-4	1.302793E-5	1.302793E-5
7.000000E-2	5.981730E-4	5.981730E-4	1.523231E-5	1.523231E-5
8.000000E-2	6.844840E-4	6.844840E-4	1.743020E-5	1.743020E-5
9.000000E-2	7.717470E-4	7.717470E-4	1.965233E-5	1.965233E-5
1.000000E-1	8.568990E-4	8.568990E-4	2.182070E-5	2.182070E-5
1.100000E-1	9.446060E-4	9.446060E-4	2.405414E-5	2.405414E-5
1.200000E-1	1.031740E-3	1.031740E-3	2.627298E-5	2.627298E-5
1.300000E-1	1.119359E-3	1.119359E-3	2.850418E-5	2.850418E-5
1.400000E-1	1.205310E-3	1.205310E-3	3.069289E-5	3.069289E-5
1.500000E-1	1.295160E-3	1.295160E-3	3.298090E-5	3.298090E-5
1.600000E-1	1.384090E-3	1.384090E-3	3.524548E-5	3.524548E-5
1.700000E-1	1.474130E-3	1.474130E-3	3.753832E-5	3.753832E-5
1.800000E-1	1.562830E-3	1.562830E-3	3.979705E-5	3.979705E-5
1.900000E-1	1.653500E-3	1.653500E-3	4.210593E-5	4.210593E-5
2.000000E-1	1.745340E-3	1.745340E-3	4.444461E-5	4.444461E-5
2.100000E-1	1.837480E-3	1.837480E-3	4.679093E-5	4.679093E-5
2.200000E-1	1.931780E-3	1.931780E-3	4.919226E-5	4.919226E-5
2.300000E-1	2.027180E-3	2.027180E-3	5.162159E-5	5.162159E-5
2.400000E-1	2.121170E-3	2.121170E-3	5.401502E-5	5.401502E-5
2.500000E-1	2.216840E-3	2.216840E-3	5.645123E-5	5.645123E-5
2.600000E-1	2.312490E-3	2.312490E-3	5.888694E-5	5.888694E-5
2.700000E-1	2.414030E-3	2.414030E-3	6.147262E-5	6.147262E-5
2.800000E-1	2.505190E-3	2.505190E-3	6.379399E-5	6.379399E-5
2.900000E-1	2.602700E-3	2.602700E-3	6.627706E-5	6.627706E-5
3.000000E-1	2.700870E-3	2.700870E-3	6.877693E-5	6.877693E-5
3.100000E-1	2.802010E-3	2.802010E-3	7.135243E-5	7.135243E-5
3.200000E-1	2.903480E-3	2.903480E-3	7.393634E-5	7.393634E-5
3.300000E-1	3.010610E-3	3.010610E-3	7.666437E-5	7.666437E-5
3.400000E-1	3.103470E-3	3.103470E-3	7.902903E-5	7.902903E-5
3.500000E-1	3.206840E-3	3.206840E-3	8.166132E-5	8.166132E-5
3.600000E-1	3.313090E-3	3.313090E-3	8.436695E-5	8.436695E-5
3.700000E-1	3.431020E-3	3.431020E-3	8.737000E-5	8.737000E-5
3.800000E-1	3.525750E-3	3.525750E-3	8.978228E-5	8.978228E-5
3.900000E-1	3.670010E-3	3.670010E-3	9.345582E-5	9.345582E-5
4.000000E-1	3.797680E-3	3.797680E-3	9.670690E-5	9.670690E-5
4.100000E-1	3.976450E-3	3.976450E-3	1.012592E-4	1.012592E-4
4.200000E-1	4.123850E-3	4.123850E-3	1.050127E-4	1.050127E-4
4.300000E-1	4.232180E-3	4.232180E-3	1.077713E-4	1.077713E-4
4.400000E-1	4.348060E-3	4.348060E-3	1.107222E-4	1.107222E-4
4.500000E-1	4.497480E-3	4.497480E-3	1.145271E-4	1.145271E-4
4.600000E-1	4.649000E-3	4.649000E-3	1.183855E-4	1.183855E-4
4.700000E-1	4.786290E-3	4.786290E-3	1.218816E-4	1.218816E-4
4.800000E-1	4.930290E-3	4.930290E-3	1.255485E-4	1.255485E-4
4.900000E-1	5.114100E-3	5.114100E-3	1.302292E-4	1.302292E-4
5.000000E-1	5.294250E-3	5.294250E-3	1.348167E-4	1.348167E-4
5.100000E-1	5.444350E-3	5.444350E-3	1.386389E-4	1.386389E-4
5.200000E-1	5.585640E-3	5.585640E-3	1.422368E-4	1.422368E-4
5.300000E-1	5.743400E-3	5.743400E-3	1.462541E-4	1.462541E-4
5.400000E-1	5.940540E-3	5.940540E-3	1.512743E-4	1.512743E-4
5.500000E-1	6.076180E-3	6.076180E-3	1.547283E-4	1.547283E-4
5.600000E-1	6.210800E-3	6.210800E-3	1.581564E-4	1.581564E-4
5.700000E-1	6.261520E-3	6.261520E-3	1.594479E-4	1.594479E-4
5.800000E-1	6.234060E-3	6.234060E-3	1.587487E-4	1.587487E-4
5.900000E-1	6.607650E-3	6.607650E-3	1.682620E-4	1.682620E-4
6.000000E-1	6.646940E-3	6.646940E-3	1.692625E-4	1.692625E-4
6.100000E-1	6.806110E-3	6.806110E-3	1.733158E-4	1.733158E-4
6.200000E-1	6.942510E-3	6.942510E-3	1.767891E-4	1.767891E-4
6.300000E-1	7.036760E-3	7.036760E-3	1.791892E-4	1.791892E-4
6.400000E-1	7.194080E-3	7.194080E-3	1.831953E-4	1.831953E-4
6.500000E-1	7.361270E-3	7.361270E-3	1.874528E-4	1.874528E-4
6.600000E-1	7.534500E-3	7.534500E-3	1.918640E-4	1.918640E-4
6.700000E-1	7.693060E-3	7.693060E-3	1.959017E-4	1.959017E-4
6.800000E-1	7.816390E-3	7.816390E-3	1.990423E-4	1.990423E-4
6.900000E-1	7.995350E-3	7.995350E-3	2.035994E-4	2.035994E-4
7.000000E-1	8.137970E-3	8.137970E-3	2.072312E-4	2.072312E-4
7.100000E-1	8.268070E-3	8.268070E-3	2.105442E-4	2.105442E-4
7.200000E-1	8.410620E-3	8.410620E-3	2.141742E-4	2.141742E-4
7.300000E-1	8.554570E-3	8.554570E-3	2.178398E-4	2.178398E-4
7.400000E-1	8.670840E-3	8.670840E-3	2.208006E-4	2.208006E-4
7.500000E-1	9.487040E-3	9.487040E-3	2.415849E-4	2.415849E-4
7.600000E-1	9.847420E-3	9.847420E-3	2.507619E-4	2.507619E-4
7.700000E-1	1.001298E-2	1.001298E-2	2.549778E-4	2.549778E-4
7.800000E-1	9.918180E-3	9.918180E-3	2.525638E-4	2.525638E-4
7.900000E-1	1.053768E-2	1.053768E-2	2.683392E-4	2.683392E-4
8.000000E-1	1.191320E-2	1.191320E-2	3.033664E-4	3.033664E-4
8.100000E-1	1.507850E-2	1.507850E-2	3.839699E-4	3.839699E-4
8.200000E-1	1.527170E-2	1.527170E-2	3.888897E-4	3.888897E-4
8.300000E-1	1.599360E-2	1.599360E-2	4.072727E-4	4.072727E-4
8.400000E-1	1.628560E-2	1.628560E-2	4.147084E-4	4.147084E-4
8.500000E-1	1.685750E-2	1.685750E-2	4.292717E-4	4.292717E-4
8.600000E-1	1.749990E-2	1.749990E-2	4.456302E-4	4.456302E-4
8.700000E-1	1.815960E-2	1.815960E-2	4.624293E-4	4.624293E-4
8.800000E-1	1.847360E-2	1.847360E-2	4.704253E-4	4.704253E-4
8.900000E-1	2.220110E-2	2.220110E-2	5.653450E-4	5.653450E-4
9.000000E-1	2.216650E-2	2.216650E-2	5.644640E-4	5.644640E-4
9.100000E-1	2.371560E-2	2.371560E-2	6.039114E-4	6.039114E-4
9.200000E-1	2.482200E-2	2.482200E-2	6.320856E-4	6.320856E-4
9.300000E-1	2.456050E-2	2.456050E-2	6.254265E-4	6.254265E-4
9.400000E-1	2.483050E-2	2.483050E-2	6.323020E-4	6.323020E-4
9.500000E-1	2.471020E-2	2.471020E-2	6.292386E-4	6.292386E-4
9.600000E-1	2.467240E-2	2.467240E-2	6.282760E-4	6.282760E-4
9.700000E-1	2.616010E-2	2.616010E-2	6.661599E-4	6.661599E-4
9.800000E-1	2.656090E-2	2.656090E-2	6.763662E-4	6.763662E-4
9.900000E-1	2.587720E-2	2.587720E-2	6.589559E-4	6.589559E-4
1.000000E+0	2.563690E-2	2.563690E-2	6.528368E-4	6.528368E-4
1.010000E+0	2.325640E-2	2.325640E-2	5.922180E-4	5.922180E-4
1.020000E+0	2.243770E-2	2.243770E-2	5.713700E-4	5.713700E-4
1.030000E+0	2.349510E-2	2.349510E-2	5.982964E-4	5.982964E-4
1.040000E+0	2.323200E-2	2.323200E-2	5.915966E-4	5.915966E-4
1.050000E+0	2.404020E-2	2.404020E-2	6.121772E-4	6.121772E-4
1.060000E+0	2.372850E-2	2.372850E-2	6.042399E-4	6.042399E-4
1.070000E+0	2.631160E-2	2.631160E-2	6.700178E-4	6.700178E-4
1.080000E+0	2.888610E-2	2.888610E-2	7.355768E-4	7.355768E-4
1.090000E+0	2.789190E-2	2.789190E-2	7.102597E-4	7.102597E-4
1.100000E+0	2.568860E-2	2.568860E-2	6.541533E-4	6.541533E-4
1.110000E+0	2.816520E-2	2.816520E-2	7.172192E-4	7.172192E-4
1.120000E+0	2.428680E-2	2.428680E-2	6.184568E-4	6.184568E-4
1.130000E+0	2.273750E-2	2.273750E-2	5.790043E-4	5.790043E-4
1.140000E+0	2.191310E-2	2.191310E-2	5.580112E-4	5.580112E-4
1.150000E+0	2.245820E-2	2.245820E-2	5.718920E-4	5.718920E-4
1.160000E+0	2.130080E-2	2.130080E-2	5.424191E-4	5.424191E-4
1.170000E+0	2.182980E-2	2.182980E-2	5.558900E-4	5.558900E-4
1.180000E+0	2.270460E-2	2.270460E-2	5.781665E-4	5.781665E-4
1.190000E+0	2.158510E-2	2.158510E-2	5.496588E-4	5.496588E-4
1.200000E+0	1.896080E-2	1.896080E-2	4.828317E-4	4.828317E-4
1.210000E+0	2.227310E-2	2.227310E-2	5.671785E-4	5.671785E-4
1.220000E+0	2.344610E-2	2.344610E-2	5.970486E-4	5.970486E-4
1.230000E+0	2.397590E-2	2.397590E-2	6.105398E-4	6.105398E-4
1.240000E+0	2.468820E-2	2.468820E-2	6.286784E-4	6.286784E-4
1.250000E+0	2.544160E-2	2.544160E-2	6.478635E-4	6.478635E-4
1.260000E+0	2.530450E-2	2.530450E-2	6.443723E-4	6.443723E-4
1.270000E+0	2.338670E-2	2.338670E-2	5.955360E-4	5.955360E-4
1.280000E+0	2.372330E-2	2.372330E-2	6.041075E-4	6.041075E-4
1.290000E+0	2.421660E-2	2.421660E-2	6.166692E-4	6.166692E-4
1.300000E+0	2.412800E-2	2.412800E-2	6.144130E-4	6.144130E-4
1.310000E+0	2.438720E-2	2.438720E-2	6.210135E-4	6.210135E-4
1.320000E+0	2.533960E-2	2.533960E-2	6.452661E-4	6.452661E-4
1.330000E+0	2.574390E-2	2.574390E-2	6.555615E-4	6.555615E-4
1.340000E+0	2.612800E-2	2.612800E-2	6.653425E-4	6.653425E-4
1.350000E+0	2.504810E-2	2.504810E-2	6.378431E-4	6.378431E-4
1.360000E+0	2.524220E-2	2.524220E-2	6.427858E-4	6.427858E-4
1.370000E+0	2.594800E-2	2.594800E-2	6.607588E-4	6.607588E-4
1.380000E+0	2.604720E-2	2.604720E-2	6.632849E-4	6.632849E-4
1.390000E+0	2.763640E-2	2.763640E-2	7.037535E-4	7.037535E-4
1.400000E+0	2.482450E-2	2.482450E-2	6.321492E-4	6.321492E-4
1.410000E+0	2.547240E-2	2.547240E-2	6.486478E-4	6.486478E-4
1.420000E+0	2.678820E-2	2.678820E-2	6.821543E-4	6.821543E-4
1.430000E+0	2.444470E-2	2.444470E-2	6.224777E-4	6.224777E-4
1.440000E+0	2.499590E-2	2.499590E-2	6.365139E-4	6.365139E-4
1.450000E+0	2.710780E-2	2.710780E-2	6.902928E-4	6.902928E-4
1.460000E+0	2.800880E-2	2.800880E-2	7.132366E-4	7.132366E-4
1.470000E+0	2.768060E-2	2.768060E-2	7.048790E-4	7.048790E-4
1.480000E+0	2.803250E-2	2.803250E-2	7.138401E-4	7.138401E-4
1.490000E+0	2.683450E-2	2.683450E-2	6.833333E-4	6.833333E-4
1.500000E+0	2.653300E-2	2.653300E-2	6.756557E-4	6.756557E-4
