

12:08:30	17/03/21


Ell Cont: 5,0x10,0

SMU1	V name:		V1
	I name:		I1
	Mode:		V
	Function:	VAR1
SMU2	V name:		V2
	I name:		I2
	Mode:		common
	Function:	const.
SMU3	off
SMU4	off
VMUs	off

Primary Source (VAR1):	single
	Sweep Spacing:	linear
	Start:		-0.500000
	Stop:		0.500000
	Step:		0.010000
	Compliance:	0.050000
Power Compliance OFF

Timing:		Integration Time:	medium
	Delay Time (sec):	0.000000
	Hold Time (sec):	0.000000
	Wait Time (sec):	1.000000

Secondary Source (VAR2):	OFF


   V1	   I1	Abs(I)	J (A\um²)	Abs(J)
-5.000000E-1	-3.621720E-9	3.621720E-9	-9.222613E-11	9.222613E-11
-4.900000E-1	-1.642480E-9	1.642480E-9	-4.182531E-11	4.182531E-11
-4.800000E-1	-1.027980E-9	1.027980E-9	-2.617723E-11	2.617723E-11
-4.700000E-1	-7.141700E-10	7.141700E-10	-1.818615E-11	1.818615E-11
-4.600000E-1	-5.079000E-10	5.079000E-10	-1.293354E-11	1.293354E-11
-4.500000E-1	-3.563600E-10	3.563600E-10	-9.074612E-12	9.074612E-12
-4.400000E-1	-2.560400E-10	2.560400E-10	-6.519990E-12	6.519990E-12
-4.300000E-1	-1.825300E-10	1.825300E-10	-4.648077E-12	4.648077E-12
-4.200000E-1	-1.265600E-10	1.265600E-10	-3.222816E-12	3.222816E-12
-4.100000E-1	-8.117000E-11	8.117000E-11	-2.066972E-12	2.066972E-12
-4.000000E-1	-4.001000E-11	4.001000E-11	-1.018844E-12	1.018844E-12
-3.900000E-1	-6.150000E-12	6.150000E-12	-1.566081E-13	1.566081E-13
-3.800000E-1	2.185000E-11	2.185000E-11	5.564044E-13	5.564044E-13
-3.700000E-1	5.099000E-11	5.099000E-11	1.298447E-12	1.298447E-12
-3.600000E-1	7.458000E-11	7.458000E-11	1.899160E-12	1.899160E-12
-3.500000E-1	9.703000E-11	9.703000E-11	2.470843E-12	2.470843E-12
-3.400000E-1	1.161300E-10	1.161300E-10	2.957219E-12	2.957219E-12
-3.300000E-1	1.374500E-10	1.374500E-10	3.500127E-12	3.500127E-12
-3.200000E-1	1.572500E-10	1.572500E-10	4.004329E-12	4.004329E-12
-3.100000E-1	1.740500E-10	1.740500E-10	4.432136E-12	4.432136E-12
-3.000000E-1	1.897900E-10	1.897900E-10	4.832951E-12	4.832951E-12
-2.900000E-1	2.081000E-10	2.081000E-10	5.299211E-12	5.299211E-12
-2.800000E-1	2.267600E-10	2.267600E-10	5.774382E-12	5.774382E-12
-2.700000E-1	2.418600E-10	2.418600E-10	6.158900E-12	6.158900E-12
-2.600000E-1	2.589900E-10	2.589900E-10	6.595111E-12	6.595111E-12
-2.500000E-1	2.747600E-10	2.747600E-10	6.996690E-12	6.996690E-12
-2.400000E-1	2.925500E-10	2.925500E-10	7.449707E-12	7.449707E-12
-2.300000E-1	3.091800E-10	3.091800E-10	7.873186E-12	7.873186E-12
-2.200000E-1	3.260000E-10	3.260000E-10	8.301502E-12	8.301502E-12
-2.100000E-1	3.433500E-10	3.433500E-10	8.743315E-12	8.743315E-12
-2.000000E-1	3.640000E-10	3.640000E-10	9.269162E-12	9.269162E-12
-1.900000E-1	3.808200E-10	3.808200E-10	9.697479E-12	9.697479E-12
-1.800000E-1	3.981400E-10	3.981400E-10	1.013853E-11	1.013853E-11
-1.700000E-1	4.208300E-10	4.208300E-10	1.071632E-11	1.071632E-11
-1.600000E-1	4.410200E-10	4.410200E-10	1.123046E-11	1.123046E-11
-1.500000E-1	4.650300E-10	4.650300E-10	1.184186E-11	1.184186E-11
-1.400000E-1	4.890400E-10	4.890400E-10	1.245327E-11	1.245327E-11
-1.300000E-1	5.148700E-10	5.148700E-10	1.311103E-11	1.311103E-11
-1.200000E-1	5.413100E-10	5.413100E-10	1.378431E-11	1.378431E-11
-1.100000E-1	5.704800E-10	5.704800E-10	1.452712E-11	1.452712E-11
-1.000000E-1	6.009100E-10	6.009100E-10	1.530201E-11	1.530201E-11
-9.000000E-2	6.350300E-10	6.350300E-10	1.617087E-11	1.617087E-11
-8.000000E-2	6.708800E-10	6.708800E-10	1.708378E-11	1.708378E-11
-7.000000E-2	7.105500E-10	7.105500E-10	1.809396E-11	1.809396E-11
-6.000000E-2	7.531400E-10	7.531400E-10	1.917851E-11	1.917851E-11
-5.000000E-2	8.454800E-10	8.454800E-10	2.152992E-11	2.152992E-11
-4.000000E-2	8.852000E-10	8.852000E-10	2.254138E-11	2.254138E-11
-3.000000E-2	9.534700E-10	9.534700E-10	2.427986E-11	2.427986E-11
-2.000000E-2	1.024900E-9	1.024900E-9	2.609880E-11	2.609880E-11
-1.000000E-2	1.095780E-9	1.095780E-9	2.790374E-11	2.790374E-11
0.000000E+0	1.181900E-9	1.181900E-9	3.009677E-11	3.009677E-11
1.000000E-2	1.273070E-9	1.273070E-9	3.241839E-11	3.241839E-11
2.000000E-2	1.381000E-9	1.381000E-9	3.516679E-11	3.516679E-11
3.000000E-2	1.487500E-9	1.487500E-9	3.787879E-11	3.787879E-11
4.000000E-2	1.619910E-9	1.619910E-9	4.125057E-11	4.125057E-11
5.000000E-2	1.760750E-9	1.760750E-9	4.483703E-11	4.483703E-11
6.000000E-2	1.918140E-9	1.918140E-9	4.884492E-11	4.884492E-11
7.000000E-2	2.094130E-9	2.094130E-9	5.332646E-11	5.332646E-11
8.000000E-2	2.284320E-9	2.284320E-9	5.816959E-11	5.816959E-11
9.000000E-2	2.497680E-9	2.497680E-9	6.360275E-11	6.360275E-11
1.000000E-1	2.733330E-9	2.733330E-9	6.960351E-11	6.960351E-11
1.100000E-1	3.001280E-9	3.001280E-9	7.642679E-11	7.642679E-11
1.200000E-1	3.289450E-9	3.289450E-9	8.376496E-11	8.376496E-11
1.300000E-1	3.612690E-9	3.612690E-9	9.199618E-11	9.199618E-11
1.400000E-1	3.961560E-9	3.961560E-9	1.008801E-10	1.008801E-10
1.500000E-1	4.351860E-9	4.351860E-9	1.108189E-10	1.108189E-10
1.600000E-1	4.775780E-9	4.775780E-9	1.216140E-10	1.216140E-10
1.700000E-1	5.236710E-9	5.236710E-9	1.333514E-10	1.333514E-10
1.800000E-1	5.740650E-9	5.740650E-9	1.461841E-10	1.461841E-10
1.900000E-1	6.278250E-9	6.278250E-9	1.598739E-10	1.598739E-10
2.000000E-1	6.869670E-9	6.869670E-9	1.749343E-10	1.749343E-10
2.100000E-1	7.503460E-9	7.503460E-9	1.910736E-10	1.910736E-10
2.200000E-1	8.191980E-9	8.191980E-9	2.086066E-10	2.086066E-10
2.300000E-1	8.912070E-9	8.912070E-9	2.269435E-10	2.269435E-10
2.400000E-1	9.721200E-9	9.721200E-9	2.475477E-10	2.475477E-10
2.500000E-1	1.059140E-8	1.059140E-8	2.697072E-10	2.697072E-10
2.600000E-1	1.154220E-8	1.154220E-8	2.939190E-10	2.939190E-10
2.700000E-1	1.256390E-8	1.256390E-8	3.199363E-10	3.199363E-10
2.800000E-1	1.365720E-8	1.365720E-8	3.477769E-10	3.477769E-10
2.900000E-1	1.484180E-8	1.484180E-8	3.779424E-10	3.779424E-10
3.000000E-1	1.610420E-8	1.610420E-8	4.100891E-10	4.100891E-10
3.100000E-1	1.745840E-8	1.745840E-8	4.445735E-10	4.445735E-10
3.200000E-1	1.889030E-8	1.889030E-8	4.810364E-10	4.810364E-10
3.300000E-1	2.041230E-8	2.041230E-8	5.197937E-10	5.197937E-10
3.400000E-1	2.202490E-8	2.202490E-8	5.608582E-10	5.608582E-10
3.500000E-1	2.373160E-8	2.373160E-8	6.043188E-10	6.043188E-10
3.600000E-1	2.550390E-8	2.550390E-8	6.494500E-10	6.494500E-10
3.700000E-1	2.738840E-8	2.738840E-8	6.974382E-10	6.974382E-10
3.800000E-1	2.936700E-8	2.936700E-8	7.478228E-10	7.478228E-10
3.900000E-1	3.140940E-8	3.140940E-8	7.998319E-10	7.998319E-10
4.000000E-1	3.356420E-8	3.356420E-8	8.547033E-10	8.547033E-10
4.100000E-1	3.578720E-8	3.578720E-8	9.113114E-10	9.113114E-10
4.200000E-1	3.812420E-8	3.812420E-8	9.708225E-10	9.708225E-10
4.300000E-1	4.052900E-8	4.052900E-8	1.032060E-9	1.032060E-9
4.400000E-1	4.303750E-8	4.303750E-8	1.095938E-9	1.095938E-9
4.500000E-1	4.560980E-8	4.560980E-8	1.161441E-9	1.161441E-9
4.600000E-1	4.829990E-8	4.829990E-8	1.229944E-9	1.229944E-9
4.700000E-1	5.103940E-8	5.103940E-8	1.299705E-9	1.299705E-9
4.800000E-1	5.389090E-8	5.389090E-8	1.372317E-9	1.372317E-9
4.900000E-1	5.683040E-8	5.683040E-8	1.447171E-9	1.447171E-9
5.000000E-1	5.980120E-8	5.980120E-8	1.522821E-9	1.522821E-9
