

12:14:22	17/03/21


Ell Cont: 5,0x10,0

SMU1	V name:		V1
	I name:		I1
	Mode:		V
	Function:	VAR1
SMU2	V name:		V2
	I name:		I2
	Mode:		common
	Function:	const.
SMU3	off
SMU4	off
VMUs	off

Primary Source (VAR1):	single
	Sweep Spacing:	linear
	Start:		-0.500000
	Stop:		0.500000
	Step:		0.010000
	Compliance:	0.050000
Power Compliance OFF

Timing:		Integration Time:	medium
	Delay Time (sec):	0.000000
	Hold Time (sec):	0.000000
	Wait Time (sec):	1.000000

Secondary Source (VAR2):	OFF


   V1	   I1	Abs(I)	J (A\um²)	Abs(J)
-5.000000E-1	-3.004630E-5	3.004630E-5	-7.651209E-7	7.651209E-7
-4.900000E-1	-3.037000E-5	3.037000E-5	-7.733639E-7	7.733639E-7
-4.800000E-1	-2.804740E-5	2.804740E-5	-7.142195E-7	7.142195E-7
-4.700000E-1	-2.768380E-5	2.768380E-5	-7.049605E-7	7.049605E-7
-4.600000E-1	-2.826060E-5	2.826060E-5	-7.196486E-7	7.196486E-7
-4.500000E-1	-2.762270E-5	2.762270E-5	-7.034046E-7	7.034046E-7
-4.400000E-1	-2.644480E-5	2.644480E-5	-6.734097E-7	6.734097E-7
-4.300000E-1	-2.457660E-5	2.457660E-5	-6.258365E-7	6.258365E-7
-4.200000E-1	-2.706590E-5	2.706590E-5	-6.892259E-7	6.892259E-7
-4.100000E-1	-2.723390E-5	2.723390E-5	-6.935039E-7	6.935039E-7
-4.000000E-1	-2.948540E-5	2.948540E-5	-7.508378E-7	7.508378E-7
-3.900000E-1	-2.776590E-5	2.776590E-5	-7.070512E-7	7.070512E-7
-3.800000E-1	-2.806490E-5	2.806490E-5	-7.146651E-7	7.146651E-7
-3.700000E-1	-3.129510E-5	3.129510E-5	-7.969213E-7	7.969213E-7
-3.600000E-1	-2.887170E-5	2.887170E-5	-7.352101E-7	7.352101E-7
-3.500000E-1	-2.766650E-5	2.766650E-5	-7.045200E-7	7.045200E-7
-3.400000E-1	-2.806090E-5	2.806090E-5	-7.145633E-7	7.145633E-7
-3.300000E-1	-2.777120E-5	2.777120E-5	-7.071861E-7	7.071861E-7
-3.200000E-1	-2.727010E-5	2.727010E-5	-6.944258E-7	6.944258E-7
-3.100000E-1	-3.094000E-5	3.094000E-5	-7.878788E-7	7.878788E-7
-3.000000E-1	-2.849720E-5	2.849720E-5	-7.256735E-7	7.256735E-7
-2.900000E-1	-2.667910E-5	2.667910E-5	-6.793761E-7	6.793761E-7
-2.800000E-1	-2.638380E-5	2.638380E-5	-6.718564E-7	6.718564E-7
-2.700000E-1	-2.570330E-5	2.570330E-5	-6.545276E-7	6.545276E-7
-2.600000E-1	-2.772110E-5	2.772110E-5	-7.059104E-7	7.059104E-7
-2.500000E-1	-2.675490E-5	2.675490E-5	-6.813063E-7	6.813063E-7
-2.400000E-1	-2.723670E-5	2.723670E-5	-6.935752E-7	6.935752E-7
-2.300000E-1	-2.790870E-5	2.790870E-5	-7.106875E-7	7.106875E-7
-2.200000E-1	-3.388860E-5	3.388860E-5	-8.629641E-7	8.629641E-7
-2.100000E-1	-3.052210E-5	3.052210E-5	-7.772371E-7	7.772371E-7
-2.000000E-1	-2.623010E-5	2.623010E-5	-6.679424E-7	6.679424E-7
-1.900000E-1	-3.002410E-5	3.002410E-5	-7.645556E-7	7.645556E-7
-1.800000E-1	-2.486190E-5	2.486190E-5	-6.331016E-7	6.331016E-7
-1.700000E-1	-2.647980E-5	2.647980E-5	-6.743010E-7	6.743010E-7
-1.600000E-1	-2.348620E-5	2.348620E-5	-5.980698E-7	5.980698E-7
-1.500000E-1	-2.190530E-5	2.190530E-5	-5.578126E-7	5.578126E-7
-1.400000E-1	-2.040370E-5	2.040370E-5	-5.195747E-7	5.195747E-7
-1.300000E-1	-1.939020E-5	1.939020E-5	-4.937662E-7	4.937662E-7
-1.200000E-1	-1.769840E-5	1.769840E-5	-4.506850E-7	4.506850E-7
-1.100000E-1	-1.638080E-5	1.638080E-5	-4.171327E-7	4.171327E-7
-1.000000E-1	-1.399940E-5	1.399940E-5	-3.564910E-7	3.564910E-7
-9.000000E-2	-1.389420E-5	1.389420E-5	-3.538121E-7	3.538121E-7
-8.000000E-2	-1.315230E-5	1.315230E-5	-3.349198E-7	3.349198E-7
-7.000000E-2	-1.182970E-5	1.182970E-5	-3.012401E-7	3.012401E-7
-6.000000E-2	-1.005420E-5	1.005420E-5	-2.560275E-7	2.560275E-7
-5.000000E-2	-8.266400E-6	8.266400E-6	-2.105017E-7	2.105017E-7
-4.000000E-2	-7.045900E-6	7.045900E-6	-1.794219E-7	1.794219E-7
-3.000000E-2	-5.522260E-6	5.522260E-6	-1.406229E-7	1.406229E-7
-2.000000E-2	-3.934370E-6	3.934370E-6	-1.001877E-7	1.001877E-7
-1.000000E-2	-2.137870E-6	2.137870E-6	-5.444028E-8	5.444028E-8
0.000000E+0	-1.495900E-8	1.495900E-8	-3.809269E-10	3.809269E-10
1.000000E-2	2.620270E-6	2.620270E-6	6.672447E-8	6.672447E-8
2.000000E-2	4.914270E-6	4.914270E-6	1.251406E-7	1.251406E-7
3.000000E-2	8.301760E-6	8.301760E-6	2.114021E-7	2.114021E-7
4.000000E-2	1.111470E-5	1.111470E-5	2.830328E-7	2.830328E-7
5.000000E-2	1.781530E-5	1.781530E-5	4.536618E-7	4.536618E-7
6.000000E-2	1.801050E-5	1.801050E-5	4.586325E-7	4.586325E-7
7.000000E-2	2.243020E-5	2.243020E-5	5.711790E-7	5.711790E-7
8.000000E-2	2.516010E-5	2.516010E-5	6.406952E-7	6.406952E-7
9.000000E-2	2.890760E-5	2.890760E-5	7.361243E-7	7.361243E-7
1.000000E-1	4.505360E-5	4.505360E-5	1.147278E-6	1.147278E-6
1.100000E-1	5.864540E-5	5.864540E-5	1.493389E-6	1.493389E-6
1.200000E-1	6.852480E-5	6.852480E-5	1.744966E-6	1.744966E-6
1.300000E-1	8.048340E-5	8.048340E-5	2.049488E-6	2.049488E-6
1.400000E-1	9.137040E-5	9.137040E-5	2.326723E-6	2.326723E-6
1.500000E-1	9.545800E-5	9.545800E-5	2.430812E-6	2.430812E-6
1.600000E-1	1.019716E-4	1.019716E-4	2.596679E-6	2.596679E-6
1.700000E-1	1.200550E-4	1.200550E-4	3.057168E-6	3.057168E-6
1.800000E-1	1.282630E-4	1.282630E-4	3.266183E-6	3.266183E-6
1.900000E-1	1.308890E-4	1.308890E-4	3.333053E-6	3.333053E-6
2.000000E-1	1.399610E-4	1.399610E-4	3.564069E-6	3.564069E-6
2.100000E-1	1.575990E-4	1.575990E-4	4.013216E-6	4.013216E-6
2.200000E-1	1.530080E-4	1.530080E-4	3.896308E-6	3.896308E-6
2.300000E-1	1.546110E-4	1.546110E-4	3.937128E-6	3.937128E-6
2.400000E-1	1.689150E-4	1.689150E-4	4.301375E-6	4.301375E-6
2.500000E-1	1.686110E-4	1.686110E-4	4.293634E-6	4.293634E-6
2.600000E-1	1.720810E-4	1.720810E-4	4.381996E-6	4.381996E-6
2.700000E-1	1.792940E-4	1.792940E-4	4.565673E-6	4.565673E-6
2.800000E-1	1.822110E-4	1.822110E-4	4.639954E-6	4.639954E-6
2.900000E-1	1.967570E-4	1.967570E-4	5.010364E-6	5.010364E-6
3.000000E-1	2.047820E-4	2.047820E-4	5.214719E-6	5.214719E-6
3.100000E-1	2.210500E-4	2.210500E-4	5.628979E-6	5.628979E-6
3.200000E-1	2.267490E-4	2.267490E-4	5.774102E-6	5.774102E-6
3.300000E-1	2.293610E-4	2.293610E-4	5.840616E-6	5.840616E-6
3.400000E-1	2.383870E-4	2.383870E-4	6.070461E-6	6.070461E-6
3.500000E-1	2.507110E-4	2.507110E-4	6.384288E-6	6.384288E-6
3.600000E-1	2.545480E-4	2.545480E-4	6.481996E-6	6.481996E-6
3.700000E-1	2.579110E-4	2.579110E-4	6.567634E-6	6.567634E-6
3.800000E-1	2.548060E-4	2.548060E-4	6.488566E-6	6.488566E-6
3.900000E-1	2.512980E-4	2.512980E-4	6.399236E-6	6.399236E-6
4.000000E-1	2.564470E-4	2.564470E-4	6.530354E-6	6.530354E-6
4.100000E-1	2.577700E-4	2.577700E-4	6.564044E-6	6.564044E-6
4.200000E-1	2.490760E-4	2.490760E-4	6.342653E-6	6.342653E-6
4.300000E-1	2.532780E-4	2.532780E-4	6.449656E-6	6.449656E-6
4.400000E-1	2.623460E-4	2.623460E-4	6.680570E-6	6.680570E-6
4.500000E-1	2.698870E-4	2.698870E-4	6.872600E-6	6.872600E-6
4.600000E-1	2.750640E-4	2.750640E-4	7.004431E-6	7.004431E-6
4.700000E-1	2.646820E-4	2.646820E-4	6.740056E-6	6.740056E-6
4.800000E-1	2.617780E-4	2.617780E-4	6.666106E-6	6.666106E-6
4.900000E-1	2.674960E-4	2.674960E-4	6.811714E-6	6.811714E-6
5.000000E-1	2.723090E-4	2.723090E-4	6.934275E-6	6.934275E-6
