

12:09:01	17/03/21


Ell Cont: 5,0x10,0

SMU1	V name:		V1
	I name:		I1
	Mode:		V
	Function:	VAR1
SMU2	V name:		V2
	I name:		I2
	Mode:		common
	Function:	const.
SMU3	off
SMU4	off
VMUs	off

Primary Source (VAR1):	single
	Sweep Spacing:	linear
	Start:		-0.500000
	Stop:		0.500000
	Step:		0.010000
	Compliance:	0.050000
Power Compliance OFF

Timing:		Integration Time:	medium
	Delay Time (sec):	0.000000
	Hold Time (sec):	0.000000
	Wait Time (sec):	1.000000

Secondary Source (VAR2):	OFF


   V1	   I1	Abs(I)	J (A\µm²)	Abs(J)
-5.000000E-1	-4.667490E-9	4.667490E-9	-1.188564E-10	1.188564E-10
-4.900000E-1	-2.195190E-9	2.195190E-9	-5.589992E-11	5.589992E-11
-4.800000E-1	-1.401470E-9	1.401470E-9	-3.568806E-11	3.568806E-11
-4.700000E-1	-9.986400E-10	9.986400E-10	-2.543010E-11	2.543010E-11
-4.600000E-1	-7.441500E-10	7.441500E-10	-1.894958E-11	1.894958E-11
-4.500000E-1	-5.719000E-10	5.719000E-10	-1.456328E-11	1.456328E-11
-4.400000E-1	-4.151500E-10	4.151500E-10	-1.057168E-11	1.057168E-11
-4.300000E-1	-3.073600E-10	3.073600E-10	-7.826840E-12	7.826840E-12
-4.200000E-1	-2.229700E-10	2.229700E-10	-5.677871E-12	5.677871E-12
-4.100000E-1	-1.546000E-10	1.546000E-10	-3.936847E-12	3.936847E-12
-4.000000E-1	-9.934000E-11	9.934000E-11	-2.529666E-12	2.529666E-12
-3.900000E-1	-5.052000E-11	5.052000E-11	-1.286478E-12	1.286478E-12
-3.800000E-1	-8.650000E-12	8.650000E-12	-2.202699E-13	2.202699E-13
-3.700000E-1	2.754000E-11	2.754000E-11	7.012987E-13	7.012987E-13
-3.600000E-1	6.285000E-11	6.285000E-11	1.600458E-12	1.600458E-12
-3.500000E-1	9.429000E-11	9.429000E-11	2.401069E-12	2.401069E-12
-3.400000E-1	1.191700E-10	1.191700E-10	3.034632E-12	3.034632E-12
-3.300000E-1	1.472000E-10	1.472000E-10	3.748408E-12	3.748408E-12
-3.200000E-1	1.719400E-10	1.719400E-10	4.378406E-12	4.378406E-12
-3.100000E-1	1.962400E-10	1.962400E-10	4.997199E-12	4.997199E-12
-3.000000E-1	2.177300E-10	2.177300E-10	5.544436E-12	5.544436E-12
-2.900000E-1	2.401200E-10	2.401200E-10	6.114591E-12	6.114591E-12
-2.800000E-1	2.623400E-10	2.623400E-10	6.680418E-12	6.680418E-12
-2.700000E-1	2.818200E-10	2.818200E-10	7.176471E-12	7.176471E-12
-2.600000E-1	3.022900E-10	3.022900E-10	7.697734E-12	7.697734E-12
-2.500000E-1	3.210700E-10	3.210700E-10	8.175961E-12	8.175961E-12
-2.400000E-1	3.409800E-10	3.409800E-10	8.682964E-12	8.682964E-12
-2.300000E-1	3.606600E-10	3.606600E-10	9.184110E-12	9.184110E-12
-2.200000E-1	3.814600E-10	3.814600E-10	9.713776E-12	9.713776E-12
-2.100000E-1	3.968800E-10	3.968800E-10	1.010644E-11	1.010644E-11
-2.000000E-1	4.206800E-10	4.206800E-10	1.071250E-11	1.071250E-11
-1.900000E-1	4.410100E-10	4.410100E-10	1.123020E-11	1.123020E-11
-1.800000E-1	4.630000E-10	4.630000E-10	1.179017E-11	1.179017E-11
-1.700000E-1	4.838700E-10	4.838700E-10	1.232162E-11	1.232162E-11
-1.600000E-1	5.068800E-10	5.068800E-10	1.290756E-11	1.290756E-11
-1.500000E-1	5.303400E-10	5.303400E-10	1.350497E-11	1.350497E-11
-1.400000E-1	5.530500E-10	5.530500E-10	1.408327E-11	1.408327E-11
-1.300000E-1	5.786200E-10	5.786200E-10	1.473440E-11	1.473440E-11
-1.200000E-1	6.043700E-10	6.043700E-10	1.539012E-11	1.539012E-11
-1.100000E-1	6.319300E-10	6.319300E-10	1.609193E-11	1.609193E-11
-1.000000E-1	6.593300E-10	6.593300E-10	1.678966E-11	1.678966E-11
-9.000000E-2	6.904400E-10	6.904400E-10	1.758187E-11	1.758187E-11
-8.000000E-2	7.213000E-10	7.213000E-10	1.836771E-11	1.836771E-11
-7.000000E-2	7.556000E-10	7.556000E-10	1.924115E-11	1.924115E-11
-6.000000E-2	8.367800E-10	8.367800E-10	2.130838E-11	2.130838E-11
-5.000000E-2	8.644200E-10	8.644200E-10	2.201222E-11	2.201222E-11
-4.000000E-2	9.059100E-10	9.059100E-10	2.306875E-11	2.306875E-11
-3.000000E-2	9.631100E-10	9.631100E-10	2.452534E-11	2.452534E-11
-2.000000E-2	1.010470E-9	1.010470E-9	2.573135E-11	2.573135E-11
-1.000000E-2	1.073740E-9	1.073740E-9	2.734250E-11	2.734250E-11
0.000000E+0	1.130830E-9	1.130830E-9	2.879628E-11	2.879628E-11
1.000000E-2	1.195620E-9	1.195620E-9	3.044614E-11	3.044614E-11
2.000000E-2	1.259490E-9	1.259490E-9	3.207257E-11	3.207257E-11
3.000000E-2	1.329060E-9	1.329060E-9	3.384416E-11	3.384416E-11
4.000000E-2	1.404920E-9	1.404920E-9	3.577591E-11	3.577591E-11
5.000000E-2	1.483840E-9	1.483840E-9	3.778559E-11	3.778559E-11
6.000000E-2	1.565580E-9	1.565580E-9	3.986707E-11	3.986707E-11
7.000000E-2	1.664420E-9	1.664420E-9	4.238401E-11	4.238401E-11
8.000000E-2	1.753270E-9	1.753270E-9	4.464655E-11	4.464655E-11
9.000000E-2	1.860640E-9	1.860640E-9	4.738070E-11	4.738070E-11
1.000000E-1	1.972320E-9	1.972320E-9	5.022460E-11	5.022460E-11
1.100000E-1	2.091770E-9	2.091770E-9	5.326636E-11	5.326636E-11
1.200000E-1	2.220060E-9	2.220060E-9	5.653323E-11	5.653323E-11
1.300000E-1	2.363880E-9	2.363880E-9	6.019557E-11	6.019557E-11
1.400000E-1	2.511710E-9	2.511710E-9	6.396002E-11	6.396002E-11
1.500000E-1	2.674320E-9	2.674320E-9	6.810084E-11	6.810084E-11
1.600000E-1	2.853330E-9	2.853330E-9	7.265928E-11	7.265928E-11
1.700000E-1	3.040050E-9	3.040050E-9	7.741406E-11	7.741406E-11
1.800000E-1	3.255000E-9	3.255000E-9	8.288770E-11	8.288770E-11
1.900000E-1	3.475970E-9	3.475970E-9	8.851464E-11	8.851464E-11
2.000000E-1	3.712740E-9	3.712740E-9	9.454393E-11	9.454393E-11
2.100000E-1	3.976580E-9	3.976580E-9	1.012625E-10	1.012625E-10
2.200000E-1	4.265780E-9	4.265780E-9	1.086269E-10	1.086269E-10
2.300000E-1	4.577780E-9	4.577780E-9	1.165719E-10	1.165719E-10
2.400000E-1	4.911540E-9	4.911540E-9	1.250710E-10	1.250710E-10
2.500000E-1	5.283480E-9	5.283480E-9	1.345424E-10	1.345424E-10
2.600000E-1	5.683640E-9	5.683640E-9	1.447324E-10	1.447324E-10
2.700000E-1	6.125200E-9	6.125200E-9	1.559766E-10	1.559766E-10
2.800000E-1	6.606530E-9	6.606530E-9	1.682335E-10	1.682335E-10
2.900000E-1	7.125710E-9	7.125710E-9	1.814543E-10	1.814543E-10
3.000000E-1	7.692720E-9	7.692720E-9	1.958930E-10	1.958930E-10
3.100000E-1	8.304660E-9	8.304660E-9	2.114759E-10	2.114759E-10
3.200000E-1	8.962960E-9	8.962960E-9	2.282394E-10	2.282394E-10
3.300000E-1	9.737300E-9	9.737300E-9	2.479577E-10	2.479577E-10
3.400000E-1	1.051960E-8	1.051960E-8	2.678788E-10	2.678788E-10
3.500000E-1	1.138760E-8	1.138760E-8	2.899822E-10	2.899822E-10
3.600000E-1	1.232600E-8	1.232600E-8	3.138783E-10	3.138783E-10
3.700000E-1	1.334610E-8	1.334610E-8	3.398548E-10	3.398548E-10
3.800000E-1	1.446480E-8	1.446480E-8	3.683422E-10	3.683422E-10
3.900000E-1	1.566340E-8	1.566340E-8	3.988643E-10	3.988643E-10
4.000000E-1	1.697170E-8	1.697170E-8	4.321798E-10	4.321798E-10
4.100000E-1	1.836990E-8	1.836990E-8	4.677846E-10	4.677846E-10
4.200000E-1	1.989870E-8	1.989870E-8	5.067150E-10	5.067150E-10
4.300000E-1	2.152920E-8	2.152920E-8	5.482353E-10	5.482353E-10
4.400000E-1	2.329200E-8	2.329200E-8	5.931245E-10	5.931245E-10
4.500000E-1	2.516780E-8	2.516780E-8	6.408913E-10	6.408913E-10
4.600000E-1	2.717870E-8	2.717870E-8	6.920983E-10	6.920983E-10
4.700000E-1	2.931570E-8	2.931570E-8	7.465164E-10	7.465164E-10
4.800000E-1	3.160760E-8	3.160760E-8	8.048790E-10	8.048790E-10
4.900000E-1	3.403660E-8	3.403660E-8	8.667329E-10	8.667329E-10
5.000000E-1	3.658900E-8	3.658900E-8	9.317290E-10	9.317290E-10
