

12:21:32	17/03/21


Ell Cont: 5,0x10,0

SMU1	V name:		V1
	I name:		I1
	Mode:		V
	Function:	VAR1
SMU2	V name:		V2
	I name:		I2
	Mode:		common
	Function:	const.
SMU3	off
SMU4	off
VMUs	off

Primary Source (VAR1):	single
	Sweep Spacing:	linear
	Start:		-0.500000
	Stop:		0.500000
	Step:		0.010000
	Compliance:	0.050000
Power Compliance OFF

Timing:		Integration Time:	medium
	Delay Time (sec):	0.000000
	Hold Time (sec):	0.000000
	Wait Time (sec):	1.000000

Secondary Source (VAR2):	OFF


   V1	   I1	Abs(I)	J (A\um²)	Abs(J)
-5.000000E-1	-5.710000E-12	5.710000E-12	-1.454036E-13	1.454036E-13
-4.900000E-1	-3.610000E-12	3.610000E-12	-9.192768E-14	9.192768E-14
-4.800000E-1	-9.080000E-12	9.080000E-12	-2.312198E-13	2.312198E-13
-4.700000E-1	-2.260000E-11	2.260000E-11	-5.755029E-13	5.755029E-13
-4.600000E-1	-3.995000E-11	3.995000E-11	-1.017316E-12	1.017316E-12
-4.500000E-1	-2.081000E-11	2.081000E-11	-5.299211E-13	5.299211E-13
-4.400000E-1	-3.110000E-12	3.110000E-12	-7.919531E-14	7.919531E-14
-4.300000E-1	1.260000E-12	1.260000E-12	3.208556E-14	3.208556E-14
-4.200000E-1	4.000000E-12	4.000000E-12	1.018589E-13	1.018589E-13
-4.100000E-1	4.200000E-13	4.200000E-13	1.069519E-14	1.069519E-14
-4.000000E-1	7.950000E-12	7.950000E-12	2.024446E-13	2.024446E-13
-3.900000E-1	3.510000E-12	3.510000E-12	8.938121E-14	8.938121E-14
-3.800000E-1	-9.200000E-13	9.200000E-13	-2.342755E-14	2.342755E-14
-3.700000E-1	-7.600000E-13	7.600000E-13	-1.935320E-14	1.935320E-14
-3.600000E-1	2.500000E-12	2.500000E-12	6.366183E-14	6.366183E-14
-3.500000E-1	2.000000E-12	2.000000E-12	5.092946E-14	5.092946E-14
-3.400000E-1	-2.380000E-12	2.380000E-12	-6.060606E-14	6.060606E-14
-3.300000E-1	1.350000E-12	1.350000E-12	3.437739E-14	3.437739E-14
-3.200000E-1	1.000000E-14	1.000000E-14	2.546473E-16	2.546473E-16
-3.100000E-1	-1.680000E-12	1.680000E-12	-4.278075E-14	4.278075E-14
-3.000000E-1	0.000000E+0	0.000000E+0	0.000000E+0	0.000000E+0
-2.900000E-1	1.990000E-12	1.990000E-12	5.067481E-14	5.067481E-14
-2.800000E-1	2.380000E-12	2.380000E-12	6.060606E-14	6.060606E-14
-2.700000E-1	1.720000E-12	1.720000E-12	4.379934E-14	4.379934E-14
-2.600000E-1	2.740000E-12	2.740000E-12	6.977336E-14	6.977336E-14
-2.500000E-1	1.530000E-12	1.530000E-12	3.896104E-14	3.896104E-14
-2.400000E-1	1.450000E-12	1.450000E-12	3.692386E-14	3.692386E-14
-2.300000E-1	2.560000E-12	2.560000E-12	6.518971E-14	6.518971E-14
-2.200000E-1	1.010000E-12	1.010000E-12	2.571938E-14	2.571938E-14
-2.100000E-1	1.080000E-12	1.080000E-12	2.750191E-14	2.750191E-14
-2.000000E-1	5.400000E-13	5.400000E-13	1.375095E-14	1.375095E-14
-1.900000E-1	1.700000E-13	1.700000E-13	4.329004E-15	4.329004E-15
-1.800000E-1	3.800000E-13	3.800000E-13	9.676598E-15	9.676598E-15
-1.700000E-1	1.910000E-12	1.910000E-12	4.863764E-14	4.863764E-14
-1.600000E-1	6.700000E-13	6.700000E-13	1.706137E-14	1.706137E-14
-1.500000E-1	8.000000E-14	8.000000E-14	2.037178E-15	2.037178E-15
-1.400000E-1	2.600000E-13	2.600000E-13	6.620830E-15	6.620830E-15
-1.300000E-1	1.600000E-12	1.600000E-12	4.074357E-14	4.074357E-14
-1.200000E-1	1.180000E-12	1.180000E-12	3.004838E-14	3.004838E-14
-1.100000E-1	1.060000E-12	1.060000E-12	2.699261E-14	2.699261E-14
-1.000000E-1	1.850000E-12	1.850000E-12	4.710975E-14	4.710975E-14
-9.000000E-2	6.200000E-13	6.200000E-13	1.578813E-14	1.578813E-14
-8.000000E-2	9.900000E-13	9.900000E-13	2.521008E-14	2.521008E-14
-7.000000E-2	1.100000E-12	1.100000E-12	2.801120E-14	2.801120E-14
-6.000000E-2	2.600000E-13	2.600000E-13	6.620830E-15	6.620830E-15
-5.000000E-2	1.880000E-12	1.880000E-12	4.787369E-14	4.787369E-14
-4.000000E-2	2.060000E-12	2.060000E-12	5.245735E-14	5.245735E-14
-3.000000E-2	7.500000E-13	7.500000E-13	1.909855E-14	1.909855E-14
-2.000000E-2	1.260000E-12	1.260000E-12	3.208556E-14	3.208556E-14
-1.000000E-2	1.150000E-12	1.150000E-12	2.928444E-14	2.928444E-14
0.000000E+0	7.600000E-13	7.600000E-13	1.935320E-14	1.935320E-14
1.000000E-2	2.750000E-12	2.750000E-12	7.002801E-14	7.002801E-14
2.000000E-2	3.550000E-12	3.550000E-12	9.039980E-14	9.039980E-14
3.000000E-2	1.000000E-12	1.000000E-12	2.546473E-14	2.546473E-14
4.000000E-2	1.000000E-13	1.000000E-13	2.546473E-15	2.546473E-15
5.000000E-2	-5.200000E-13	5.200000E-13	-1.324166E-14	1.324166E-14
6.000000E-2	8.000000E-13	8.000000E-13	2.037178E-14	2.037178E-14
7.000000E-2	1.450000E-12	1.450000E-12	3.692386E-14	3.692386E-14
8.000000E-2	2.520000E-12	2.520000E-12	6.417112E-14	6.417112E-14
9.000000E-2	-2.000000E-13	2.000000E-13	-5.092946E-15	5.092946E-15
1.000000E-1	7.400000E-13	7.400000E-13	1.884390E-14	1.884390E-14
1.100000E-1	-5.700000E-13	5.700000E-13	-1.451490E-14	1.451490E-14
1.200000E-1	6.800000E-13	6.800000E-13	1.731602E-14	1.731602E-14
1.300000E-1	1.320000E-12	1.320000E-12	3.361344E-14	3.361344E-14
1.400000E-1	6.800000E-13	6.800000E-13	1.731602E-14	1.731602E-14
1.500000E-1	1.010000E-12	1.010000E-12	2.571938E-14	2.571938E-14
1.600000E-1	-4.000000E-14	4.000000E-14	-1.018589E-15	1.018589E-15
1.700000E-1	1.080000E-12	1.080000E-12	2.750191E-14	2.750191E-14
1.800000E-1	6.900000E-13	6.900000E-13	1.757066E-14	1.757066E-14
1.900000E-1	1.150000E-12	1.150000E-12	2.928444E-14	2.928444E-14
2.000000E-1	8.800000E-13	8.800000E-13	2.240896E-14	2.240896E-14
2.100000E-1	1.580000E-12	1.580000E-12	4.023428E-14	4.023428E-14
2.200000E-1	1.910000E-12	1.910000E-12	4.863764E-14	4.863764E-14
2.300000E-1	9.000000E-13	9.000000E-13	2.291826E-14	2.291826E-14
2.400000E-1	1.930000E-12	1.930000E-12	4.914693E-14	4.914693E-14
2.500000E-1	1.630000E-12	1.630000E-12	4.150751E-14	4.150751E-14
2.600000E-1	3.040000E-12	3.040000E-12	7.741278E-14	7.741278E-14
2.700000E-1	1.100000E-12	1.100000E-12	2.801120E-14	2.801120E-14
2.800000E-1	1.800000E-13	1.800000E-13	4.583652E-15	4.583652E-15
2.900000E-1	1.760000E-12	1.760000E-12	4.481793E-14	4.481793E-14
3.000000E-1	2.880000E-12	2.880000E-12	7.333843E-14	7.333843E-14
3.100000E-1	9.400000E-13	9.400000E-13	2.393685E-14	2.393685E-14
3.200000E-1	-2.900000E-13	2.900000E-13	-7.384772E-15	7.384772E-15
3.300000E-1	4.700000E-13	4.700000E-13	1.196842E-14	1.196842E-14
3.400000E-1	2.200000E-13	2.200000E-13	5.602241E-15	5.602241E-15
3.500000E-1	6.700000E-13	6.700000E-13	1.706137E-14	1.706137E-14
3.600000E-1	1.360000E-12	1.360000E-12	3.463203E-14	3.463203E-14
3.700000E-1	1.190000E-12	1.190000E-12	3.030303E-14	3.030303E-14
3.800000E-1	1.200000E-12	1.200000E-12	3.055768E-14	3.055768E-14
3.900000E-1	1.720000E-12	1.720000E-12	4.379934E-14	4.379934E-14
4.000000E-1	1.950000E-12	1.950000E-12	4.965623E-14	4.965623E-14
4.100000E-1	2.560000E-12	2.560000E-12	6.518971E-14	6.518971E-14
4.200000E-1	2.170000E-12	2.170000E-12	5.525847E-14	5.525847E-14
4.300000E-1	2.070000E-12	2.070000E-12	5.271199E-14	5.271199E-14
4.400000E-1	2.130000E-12	2.130000E-12	5.423988E-14	5.423988E-14
4.500000E-1	1.100000E-12	1.100000E-12	2.801120E-14	2.801120E-14
4.600000E-1	2.200000E-12	2.200000E-12	5.602241E-14	5.602241E-14
4.700000E-1	1.870000E-12	1.870000E-12	4.761905E-14	4.761905E-14
4.800000E-1	1.280000E-12	1.280000E-12	3.259486E-14	3.259486E-14
4.900000E-1	1.780000E-12	1.780000E-12	4.532722E-14	4.532722E-14
5.000000E-1	1.420000E-12	1.420000E-12	3.615992E-14	3.615992E-14
