

12:12:12	17/03/21


Ell Cont: 5,0x10,0

SMU1	V name:		V1
	I name:		I1
	Mode:		V
	Function:	VAR1
SMU2	V name:		V2
	I name:		I2
	Mode:		common
	Function:	const.
SMU3	off
SMU4	off
VMUs	off

Primary Source (VAR1):	single
	Sweep Spacing:	linear
	Start:		-0.500000
	Stop:		0.500000
	Step:		0.010000
	Compliance:	0.050000
Power Compliance OFF

Timing:		Integration Time:	medium
	Delay Time (sec):	0.000000
	Hold Time (sec):	0.000000
	Wait Time (sec):	1.000000

Secondary Source (VAR2):	OFF


   V1	   I1	Abs(I)	J (A\um²)	Abs(J)
-5.000000E-1	-1.910000E-12	1.910000E-12	-4.863764E-14	4.863764E-14
-4.900000E-1	-3.140000E-12	3.140000E-12	-7.995926E-14	7.995926E-14
-4.800000E-1	-1.430000E-12	1.430000E-12	-3.641457E-14	3.641457E-14
-4.700000E-1	-8.900000E-13	8.900000E-13	-2.266361E-14	2.266361E-14
-4.600000E-1	3.000000E-13	3.000000E-13	7.639419E-15	7.639419E-15
-4.500000E-1	1.680000E-12	1.680000E-12	4.278075E-14	4.278075E-14
-4.400000E-1	5.900000E-13	5.900000E-13	1.502419E-14	1.502419E-14
-4.300000E-1	-3.400000E-13	3.400000E-13	-8.658009E-15	8.658009E-15
-4.200000E-1	-1.830000E-12	1.830000E-12	-4.660046E-14	4.660046E-14
-4.100000E-1	-2.660000E-12	2.660000E-12	-6.773618E-14	6.773618E-14
-4.000000E-1	-1.810000E-12	1.810000E-12	-4.609116E-14	4.609116E-14
-3.900000E-1	3.300000E-13	3.300000E-13	8.403361E-15	8.403361E-15
-3.800000E-1	1.300000E-12	1.300000E-12	3.310415E-14	3.310415E-14
-3.700000E-1	1.280000E-12	1.280000E-12	3.259486E-14	3.259486E-14
-3.600000E-1	1.160000E-12	1.160000E-12	2.953909E-14	2.953909E-14
-3.500000E-1	9.100000E-13	9.100000E-13	2.317291E-14	2.317291E-14
-3.400000E-1	7.800000E-13	7.800000E-13	1.986249E-14	1.986249E-14
-3.300000E-1	6.300000E-13	6.300000E-13	1.604278E-14	1.604278E-14
-3.200000E-1	9.200000E-13	9.200000E-13	2.342755E-14	2.342755E-14
-3.100000E-1	1.210000E-12	1.210000E-12	3.081232E-14	3.081232E-14
-3.000000E-1	4.300000E-13	4.300000E-13	1.094983E-14	1.094983E-14
-2.900000E-1	5.600000E-13	5.600000E-13	1.426025E-14	1.426025E-14
-2.800000E-1	2.500000E-13	2.500000E-13	6.366183E-15	6.366183E-15
-2.700000E-1	-1.320000E-12	1.320000E-12	-3.361344E-14	3.361344E-14
-2.600000E-1	-2.170000E-12	2.170000E-12	-5.525847E-14	5.525847E-14
-2.500000E-1	1.530000E-12	1.530000E-12	3.896104E-14	3.896104E-14
-2.400000E-1	-1.919000E-11	1.919000E-11	-4.886682E-13	4.886682E-13
-2.300000E-1	-2.646000E-11	2.646000E-11	-6.737968E-13	6.737968E-13
-2.200000E-1	-5.430000E-12	5.430000E-12	-1.382735E-13	1.382735E-13
-2.100000E-1	3.260000E-12	3.260000E-12	8.301502E-14	8.301502E-14
-2.000000E-1	1.600000E-13	1.600000E-13	4.074357E-15	4.074357E-15
-1.900000E-1	2.410000E-12	2.410000E-12	6.137000E-14	6.137000E-14
-1.800000E-1	5.200000E-13	5.200000E-13	1.324166E-14	1.324166E-14
-1.700000E-1	8.400000E-13	8.400000E-13	2.139037E-14	2.139037E-14
-1.600000E-1	1.560000E-12	1.560000E-12	3.972498E-14	3.972498E-14
-1.500000E-1	-3.500000E-13	3.500000E-13	-8.912656E-15	8.912656E-15
-1.400000E-1	4.900000E-13	4.900000E-13	1.247772E-14	1.247772E-14
-1.300000E-1	7.590000E-12	7.590000E-12	1.932773E-13	1.932773E-13
-1.200000E-1	3.937000E-11	3.937000E-11	1.002546E-12	1.002546E-12
-1.100000E-1	1.019000E-11	1.019000E-11	2.594856E-13	2.594856E-13
-1.000000E-1	1.230000E-12	1.230000E-12	3.132162E-14	3.132162E-14
-9.000000E-2	-3.390000E-12	3.390000E-12	-8.632544E-14	8.632544E-14
-8.000000E-2	6.300000E-13	6.300000E-13	1.604278E-14	1.604278E-14
-7.000000E-2	3.230000E-12	3.230000E-12	8.225108E-14	8.225108E-14
-6.000000E-2	-2.400000E-13	2.400000E-13	-6.111535E-15	6.111535E-15
-5.000000E-2	1.380000E-12	1.380000E-12	3.514133E-14	3.514133E-14
-4.000000E-2	6.400000E-13	6.400000E-13	1.629743E-14	1.629743E-14
-3.000000E-2	-1.400000E-13	1.400000E-13	-3.565062E-15	3.565062E-15
-2.000000E-2	-1.280000E-12	1.280000E-12	-3.259486E-14	3.259486E-14
-1.000000E-2	1.890000E-12	1.890000E-12	4.812834E-14	4.812834E-14
0.000000E+0	5.200000E-13	5.200000E-13	1.324166E-14	1.324166E-14
1.000000E-2	-7.000000E-13	7.000000E-13	-1.782531E-14	1.782531E-14
2.000000E-2	1.020000E-12	1.020000E-12	2.597403E-14	2.597403E-14
3.000000E-2	-1.100000E-13	1.100000E-13	-2.801120E-15	2.801120E-15
4.000000E-2	6.600000E-13	6.600000E-13	1.680672E-14	1.680672E-14
5.000000E-2	3.500000E-13	3.500000E-13	8.912656E-15	8.912656E-15
6.000000E-2	-3.500000E-13	3.500000E-13	-8.912656E-15	8.912656E-15
7.000000E-2	1.290000E-12	1.290000E-12	3.284950E-14	3.284950E-14
8.000000E-2	-3.700000E-13	3.700000E-13	-9.421950E-15	9.421950E-15
9.000000E-2	1.330000E-12	1.330000E-12	3.386809E-14	3.386809E-14
1.000000E-1	7.000000E-14	7.000000E-14	1.782531E-15	1.782531E-15
1.100000E-1	1.170000E-12	1.170000E-12	2.979374E-14	2.979374E-14
1.200000E-1	-1.000000E-14	1.000000E-14	-2.546473E-16	2.546473E-16
1.300000E-1	1.160000E-12	1.160000E-12	2.953909E-14	2.953909E-14
1.400000E-1	9.000000E-14	9.000000E-14	2.291826E-15	2.291826E-15
1.500000E-1	9.600000E-13	9.600000E-13	2.444614E-14	2.444614E-14
1.600000E-1	6.600000E-13	6.600000E-13	1.680672E-14	1.680672E-14
1.700000E-1	1.030000E-12	1.030000E-12	2.622867E-14	2.622867E-14
1.800000E-1	8.200000E-13	8.200000E-13	2.088108E-14	2.088108E-14
1.900000E-1	5.900000E-13	5.900000E-13	1.502419E-14	1.502419E-14
2.000000E-1	7.600000E-13	7.600000E-13	1.935320E-14	1.935320E-14
2.100000E-1	6.600000E-13	6.600000E-13	1.680672E-14	1.680672E-14
2.200000E-1	4.300000E-13	4.300000E-13	1.094983E-14	1.094983E-14
2.300000E-1	9.800000E-13	9.800000E-13	2.495544E-14	2.495544E-14
2.400000E-1	5.700000E-13	5.700000E-13	1.451490E-14	1.451490E-14
2.500000E-1	-1.110000E-12	1.110000E-12	-2.826585E-14	2.826585E-14
2.600000E-1	-1.840000E-12	1.840000E-12	-4.685511E-14	4.685511E-14
2.700000E-1	1.200000E-13	1.200000E-13	3.055768E-15	3.055768E-15
2.800000E-1	2.100000E-13	2.100000E-13	5.347594E-15	5.347594E-15
2.900000E-1	2.030000E-12	2.030000E-12	5.169340E-14	5.169340E-14
3.000000E-1	1.380000E-12	1.380000E-12	3.514133E-14	3.514133E-14
3.100000E-1	1.110000E-12	1.110000E-12	2.826585E-14	2.826585E-14
3.200000E-1	1.950000E-12	1.950000E-12	4.965623E-14	4.965623E-14
3.300000E-1	1.150000E-12	1.150000E-12	2.928444E-14	2.928444E-14
3.400000E-1	1.550000E-12	1.550000E-12	3.947033E-14	3.947033E-14
3.500000E-1	-1.780000E-12	1.780000E-12	-4.532722E-14	4.532722E-14
3.600000E-1	-3.100000E-12	3.100000E-12	-7.894067E-14	7.894067E-14
3.700000E-1	-3.640000E-12	3.640000E-12	-9.269162E-14	9.269162E-14
3.800000E-1	-1.020000E-12	1.020000E-12	-2.597403E-14	2.597403E-14
3.900000E-1	1.630000E-12	1.630000E-12	4.150751E-14	4.150751E-14
4.000000E-1	3.300000E-12	3.300000E-12	8.403361E-14	8.403361E-14
4.100000E-1	1.940000E-12	1.940000E-12	4.940158E-14	4.940158E-14
4.200000E-1	8.200000E-13	8.200000E-13	2.088108E-14	2.088108E-14
4.300000E-1	2.550000E-12	2.550000E-12	6.493506E-14	6.493506E-14
4.400000E-1	3.020000E-12	3.020000E-12	7.690349E-14	7.690349E-14
4.500000E-1	1.800000E-12	1.800000E-12	4.583652E-14	4.583652E-14
4.600000E-1	2.610000E-12	2.610000E-12	6.646295E-14	6.646295E-14
4.700000E-1	-3.200000E-13	3.200000E-13	-8.148714E-15	8.148714E-15
4.800000E-1	-2.900000E-13	2.900000E-13	-7.384772E-15	7.384772E-15
4.900000E-1	2.810000E-12	2.810000E-12	7.155589E-14	7.155589E-14
5.000000E-1	4.600000E-12	4.600000E-12	1.171378E-13	1.171378E-13
