

12:10:43	17/03/21


Ell Cont: 5,0x10,0

SMU1	V name:		V1
	I name:		I1
	Mode:		V
	Function:	VAR1
SMU2	V name:		V2
	I name:		I2
	Mode:		common
	Function:	const.
SMU3	off
SMU4	off
VMUs	off

Primary Source (VAR1):	single
	Sweep Spacing:	linear
	Start:		-0.500000
	Stop:		0.500000
	Step:		0.010000
	Compliance:	0.050000
Power Compliance OFF

Timing:		Integration Time:	medium
	Delay Time (sec):	0.000000
	Hold Time (sec):	0.000000
	Wait Time (sec):	1.000000

Secondary Source (VAR2):	OFF


   V1	   I1	Abs(I)	J (A\µm²)	Abs(J)
-5.000000E-1	-5.000000E-12	5.000000E-12	-1.273237E-13	1.273237E-13
-4.900000E-1	-1.690000E-12	1.690000E-12	-4.303540E-14	4.303540E-14
-4.800000E-1	3.130000E-12	3.130000E-12	7.970461E-14	7.970461E-14
-4.700000E-1	6.420000E-12	6.420000E-12	1.634836E-13	1.634836E-13
-4.600000E-1	3.460000E-12	3.460000E-12	8.810797E-14	8.810797E-14
-4.500000E-1	4.080000E-12	4.080000E-12	1.038961E-13	1.038961E-13
-4.400000E-1	2.510000E-12	2.510000E-12	6.391647E-14	6.391647E-14
-4.300000E-1	1.910000E-12	1.910000E-12	4.863764E-14	4.863764E-14
-4.200000E-1	1.280000E-12	1.280000E-12	3.259486E-14	3.259486E-14
-4.100000E-1	6.800000E-13	6.800000E-13	1.731602E-14	1.731602E-14
-4.000000E-1	-2.400000E-12	2.400000E-12	-6.111535E-14	6.111535E-14
-3.900000E-1	-7.360000E-12	7.360000E-12	-1.874204E-13	1.874204E-13
-3.800000E-1	-6.520000E-12	6.520000E-12	-1.660300E-13	1.660300E-13
-3.700000E-1	-1.150000E-12	1.150000E-12	-2.928444E-14	2.928444E-14
-3.600000E-1	3.530000E-12	3.530000E-12	8.989050E-14	8.989050E-14
-3.500000E-1	1.300000E-13	1.300000E-13	3.310415E-15	3.310415E-15
-3.400000E-1	-2.220000E-12	2.220000E-12	-5.653170E-14	5.653170E-14
-3.300000E-1	-1.310000E-12	1.310000E-12	-3.335880E-14	3.335880E-14
-3.200000E-1	-2.350000E-12	2.350000E-12	-5.984212E-14	5.984212E-14
-3.100000E-1	-3.000000E-14	3.000000E-14	-7.639419E-16	7.639419E-16
-3.000000E-1	1.210000E-12	1.210000E-12	3.081232E-14	3.081232E-14
-2.900000E-1	2.600000E-13	2.600000E-13	6.620830E-15	6.620830E-15
-2.800000E-1	9.300000E-13	9.300000E-13	2.368220E-14	2.368220E-14
-2.700000E-1	1.130000E-12	1.130000E-12	2.877515E-14	2.877515E-14
-2.600000E-1	8.100000E-13	8.100000E-13	2.062643E-14	2.062643E-14
-2.500000E-1	1.010000E-12	1.010000E-12	2.571938E-14	2.571938E-14
-2.400000E-1	1.760000E-12	1.760000E-12	4.481793E-14	4.481793E-14
-2.300000E-1	1.590000E-12	1.590000E-12	4.048892E-14	4.048892E-14
-2.200000E-1	1.980000E-12	1.980000E-12	5.042017E-14	5.042017E-14
-2.100000E-1	1.820000E-12	1.820000E-12	4.634581E-14	4.634581E-14
-2.000000E-1	2.660000E-12	2.660000E-12	6.773618E-14	6.773618E-14
-1.900000E-1	2.200000E-12	2.200000E-12	5.602241E-14	5.602241E-14
-1.800000E-1	1.530000E-12	1.530000E-12	3.896104E-14	3.896104E-14
-1.700000E-1	1.690000E-12	1.690000E-12	4.303540E-14	4.303540E-14
-1.600000E-1	8.400000E-13	8.400000E-13	2.139037E-14	2.139037E-14
-1.500000E-1	1.290000E-12	1.290000E-12	3.284950E-14	3.284950E-14
-1.400000E-1	9.600000E-13	9.600000E-13	2.444614E-14	2.444614E-14
-1.300000E-1	4.000000E-13	4.000000E-13	1.018589E-14	1.018589E-14
-1.200000E-1	4.700000E-13	4.700000E-13	1.196842E-14	1.196842E-14
-1.100000E-1	2.000000E-13	2.000000E-13	5.092946E-15	5.092946E-15
-1.000000E-1	9.400000E-13	9.400000E-13	2.393685E-14	2.393685E-14
-9.000000E-2	9.000000E-13	9.000000E-13	2.291826E-14	2.291826E-14
-8.000000E-2	7.000000E-13	7.000000E-13	1.782531E-14	1.782531E-14
-7.000000E-2	9.900000E-13	9.900000E-13	2.521008E-14	2.521008E-14
-6.000000E-2	1.300000E-12	1.300000E-12	3.310415E-14	3.310415E-14
-5.000000E-2	1.020000E-12	1.020000E-12	2.597403E-14	2.597403E-14
-4.000000E-2	1.760000E-12	1.760000E-12	4.481793E-14	4.481793E-14
-3.000000E-2	1.360000E-12	1.360000E-12	3.463203E-14	3.463203E-14
-2.000000E-2	1.590000E-12	1.590000E-12	4.048892E-14	4.048892E-14
-1.000000E-2	2.760000E-12	2.760000E-12	7.028266E-14	7.028266E-14
0.000000E+0	1.790000E-12	1.790000E-12	4.558187E-14	4.558187E-14
1.000000E-2	2.160000E-12	2.160000E-12	5.500382E-14	5.500382E-14
2.000000E-2	2.190000E-12	2.190000E-12	5.576776E-14	5.576776E-14
3.000000E-2	2.400000E-12	2.400000E-12	6.111535E-14	6.111535E-14
4.000000E-2	2.260000E-12	2.260000E-12	5.755029E-14	5.755029E-14
5.000000E-2	1.840000E-12	1.840000E-12	4.685511E-14	4.685511E-14
6.000000E-2	1.150000E-12	1.150000E-12	2.928444E-14	2.928444E-14
7.000000E-2	5.000000E-13	5.000000E-13	1.273237E-14	1.273237E-14
8.000000E-2	1.420000E-12	1.420000E-12	3.615992E-14	3.615992E-14
9.000000E-2	7.100000E-13	7.100000E-13	1.807996E-14	1.807996E-14
1.000000E-1	8.000000E-13	8.000000E-13	2.037178E-14	2.037178E-14
1.100000E-1	1.290000E-12	1.290000E-12	3.284950E-14	3.284950E-14
1.200000E-1	1.010000E-12	1.010000E-12	2.571938E-14	2.571938E-14
1.300000E-1	6.900000E-13	6.900000E-13	1.757066E-14	1.757066E-14
1.400000E-1	1.370000E-12	1.370000E-12	3.488668E-14	3.488668E-14
1.500000E-1	1.090000E-12	1.090000E-12	2.775656E-14	2.775656E-14
1.600000E-1	9.700000E-13	9.700000E-13	2.470079E-14	2.470079E-14
1.700000E-1	1.340000E-12	1.340000E-12	3.412274E-14	3.412274E-14
1.800000E-1	1.240000E-12	1.240000E-12	3.157627E-14	3.157627E-14
1.900000E-1	1.020000E-12	1.020000E-12	2.597403E-14	2.597403E-14
2.000000E-1	1.610000E-12	1.610000E-12	4.099822E-14	4.099822E-14
2.100000E-1	3.080000E-12	3.080000E-12	7.843137E-14	7.843137E-14
2.200000E-1	1.820000E-12	1.820000E-12	4.634581E-14	4.634581E-14
2.300000E-1	2.070000E-12	2.070000E-12	5.271199E-14	5.271199E-14
2.400000E-1	1.970000E-12	1.970000E-12	5.016552E-14	5.016552E-14
2.500000E-1	2.020000E-12	2.020000E-12	5.143876E-14	5.143876E-14
2.600000E-1	1.780000E-12	1.780000E-12	4.532722E-14	4.532722E-14
2.700000E-1	1.860000E-12	1.860000E-12	4.736440E-14	4.736440E-14
2.800000E-1	1.490000E-12	1.490000E-12	3.794245E-14	3.794245E-14
2.900000E-1	6.600000E-13	6.600000E-13	1.680672E-14	1.680672E-14
3.000000E-1	3.500000E-13	3.500000E-13	8.912656E-15	8.912656E-15
3.100000E-1	6.300000E-13	6.300000E-13	1.604278E-14	1.604278E-14
3.200000E-1	1.600000E-12	1.600000E-12	4.074357E-14	4.074357E-14
3.300000E-1	9.700000E-13	9.700000E-13	2.470079E-14	2.470079E-14
3.400000E-1	9.300000E-13	9.300000E-13	2.368220E-14	2.368220E-14
3.500000E-1	1.020000E-12	1.020000E-12	2.597403E-14	2.597403E-14
3.600000E-1	1.130000E-12	1.130000E-12	2.877515E-14	2.877515E-14
3.700000E-1	1.100000E-12	1.100000E-12	2.801120E-14	2.801120E-14
3.800000E-1	9.400000E-13	9.400000E-13	2.393685E-14	2.393685E-14
3.900000E-1	1.330000E-12	1.330000E-12	3.386809E-14	3.386809E-14
4.000000E-1	1.460000E-12	1.460000E-12	3.717851E-14	3.717851E-14
4.100000E-1	1.080000E-12	1.080000E-12	2.750191E-14	2.750191E-14
4.200000E-1	2.020000E-12	2.020000E-12	5.143876E-14	5.143876E-14
4.300000E-1	2.620000E-12	2.620000E-12	6.671760E-14	6.671760E-14
4.400000E-1	2.180000E-12	2.180000E-12	5.551311E-14	5.551311E-14
4.500000E-1	1.970000E-12	1.970000E-12	5.016552E-14	5.016552E-14
4.600000E-1	2.250000E-12	2.250000E-12	5.729564E-14	5.729564E-14
4.700000E-1	1.960000E-12	1.960000E-12	4.991087E-14	4.991087E-14
4.800000E-1	1.840000E-12	1.840000E-12	4.685511E-14	4.685511E-14
4.900000E-1	1.470000E-12	1.470000E-12	3.743315E-14	3.743315E-14
5.000000E-1	1.490000E-12	1.490000E-12	3.794245E-14	3.794245E-14
