

12:20:05	17/03/21


Ell Cont: 5,0x10,0

SMU1	V name:		V1
	I name:		I1
	Mode:		V
	Function:	VAR1
SMU2	V name:		V2
	I name:		I2
	Mode:		common
	Function:	const.
SMU3	off
SMU4	off
VMUs	off

Primary Source (VAR1):	single
	Sweep Spacing:	linear
	Start:		-0.500000
	Stop:		0.500000
	Step:		0.010000
	Compliance:	0.050000
Power Compliance OFF

Timing:		Integration Time:	medium
	Delay Time (sec):	0.000000
	Hold Time (sec):	0.000000
	Wait Time (sec):	1.000000

Secondary Source (VAR2):	OFF


   V1	   I1	Abs(I)	J (A\µm²)	Abs(J)
-5.000000E-1	-3.960000E-12	3.960000E-12	-1.008403E-13	1.008403E-13
-4.900000E-1	-2.820000E-12	2.820000E-12	-7.181054E-14	7.181054E-14
-4.800000E-1	-1.040000E-12	1.040000E-12	-2.648332E-14	2.648332E-14
-4.700000E-1	1.090000E-12	1.090000E-12	2.775656E-14	2.775656E-14
-4.600000E-1	-3.500000E-13	3.500000E-13	-8.912656E-15	8.912656E-15
-4.500000E-1	2.500000E-13	2.500000E-13	6.366183E-15	6.366183E-15
-4.400000E-1	6.300000E-13	6.300000E-13	1.604278E-14	1.604278E-14
-4.300000E-1	8.600000E-13	8.600000E-13	2.189967E-14	2.189967E-14
-4.200000E-1	4.150000E-12	4.150000E-12	1.056786E-13	1.056786E-13
-4.100000E-1	5.800000E-12	5.800000E-12	1.476954E-13	1.476954E-13
-4.000000E-1	3.180000E-12	3.180000E-12	8.097784E-14	8.097784E-14
-3.900000E-1	-9.200000E-13	9.200000E-13	-2.342755E-14	2.342755E-14
-3.800000E-1	-9.500000E-13	9.500000E-13	-2.419149E-14	2.419149E-14
-3.700000E-1	-1.720000E-12	1.720000E-12	-4.379934E-14	4.379934E-14
-3.600000E-1	-1.470000E-12	1.470000E-12	-3.743315E-14	3.743315E-14
-3.500000E-1	5.400000E-13	5.400000E-13	1.375095E-14	1.375095E-14
-3.400000E-1	-1.500000E-13	1.500000E-13	-3.819710E-15	3.819710E-15
-3.300000E-1	3.400000E-13	3.400000E-13	8.658009E-15	8.658009E-15
-3.200000E-1	1.660000E-12	1.660000E-12	4.227145E-14	4.227145E-14
-3.100000E-1	1.780000E-12	1.780000E-12	4.532722E-14	4.532722E-14
-3.000000E-1	3.000000E-13	3.000000E-13	7.639419E-15	7.639419E-15
-2.900000E-1	1.300000E-13	1.300000E-13	3.310415E-15	3.310415E-15
-2.800000E-1	7.800000E-13	7.800000E-13	1.986249E-14	1.986249E-14
-2.700000E-1	7.200000E-13	7.200000E-13	1.833461E-14	1.833461E-14
-2.600000E-1	5.900000E-13	5.900000E-13	1.502419E-14	1.502419E-14
-2.500000E-1	5.400000E-13	5.400000E-13	1.375095E-14	1.375095E-14
-2.400000E-1	3.600000E-13	3.600000E-13	9.167303E-15	9.167303E-15
-2.300000E-1	9.500000E-13	9.500000E-13	2.419149E-14	2.419149E-14
-2.200000E-1	9.500000E-13	9.500000E-13	2.419149E-14	2.419149E-14
-2.100000E-1	1.240000E-12	1.240000E-12	3.157627E-14	3.157627E-14
-2.000000E-1	9.600000E-13	9.600000E-13	2.444614E-14	2.444614E-14
-1.900000E-1	-3.000000E-13	3.000000E-13	-7.639419E-15	7.639419E-15
-1.800000E-1	-3.290000E-12	3.290000E-12	-8.377897E-14	8.377897E-14
-1.700000E-1	-4.700000E-12	4.700000E-12	-1.196842E-13	1.196842E-13
-1.600000E-1	-2.440000E-12	2.440000E-12	-6.213394E-14	6.213394E-14
-1.500000E-1	1.260000E-12	1.260000E-12	3.208556E-14	3.208556E-14
-1.400000E-1	3.080000E-12	3.080000E-12	7.843137E-14	7.843137E-14
-1.300000E-1	5.440000E-12	5.440000E-12	1.385281E-13	1.385281E-13
-1.200000E-1	5.730000E-12	5.730000E-12	1.459129E-13	1.459129E-13
-1.100000E-1	2.830000E-12	2.830000E-12	7.206519E-14	7.206519E-14
-1.000000E-1	7.500000E-13	7.500000E-13	1.909855E-14	1.909855E-14
-9.000000E-2	2.900000E-13	2.900000E-13	7.384772E-15	7.384772E-15
-8.000000E-2	1.170000E-12	1.170000E-12	2.979374E-14	2.979374E-14
-7.000000E-2	1.470000E-12	1.470000E-12	3.743315E-14	3.743315E-14
-6.000000E-2	1.200000E-12	1.200000E-12	3.055768E-14	3.055768E-14
-5.000000E-2	1.140000E-12	1.140000E-12	2.902979E-14	2.902979E-14
-4.000000E-2	1.020000E-12	1.020000E-12	2.597403E-14	2.597403E-14
-3.000000E-2	7.700000E-13	7.700000E-13	1.960784E-14	1.960784E-14
-2.000000E-2	1.190000E-12	1.190000E-12	3.030303E-14	3.030303E-14
-1.000000E-2	1.260000E-12	1.260000E-12	3.208556E-14	3.208556E-14
0.000000E+0	1.392000E-11	1.392000E-11	3.544691E-13	3.544691E-13
1.000000E-2	2.050000E-12	2.050000E-12	5.220270E-14	5.220270E-14
2.000000E-2	1.190000E-12	1.190000E-12	3.030303E-14	3.030303E-14
3.000000E-2	4.700000E-13	4.700000E-13	1.196842E-14	1.196842E-14
4.000000E-2	6.800000E-13	6.800000E-13	1.731602E-14	1.731602E-14
5.000000E-2	7.700000E-13	7.700000E-13	1.960784E-14	1.960784E-14
6.000000E-2	1.180000E-12	1.180000E-12	3.004838E-14	3.004838E-14
7.000000E-2	1.410000E-12	1.410000E-12	3.590527E-14	3.590527E-14
8.000000E-2	1.000000E-12	1.000000E-12	2.546473E-14	2.546473E-14
9.000000E-2	4.200000E-13	4.200000E-13	1.069519E-14	1.069519E-14
1.000000E-1	6.000000E-13	6.000000E-13	1.527884E-14	1.527884E-14
1.100000E-1	5.200000E-13	5.200000E-13	1.324166E-14	1.324166E-14
1.200000E-1	5.700000E-13	5.700000E-13	1.451490E-14	1.451490E-14
1.300000E-1	3.800000E-13	3.800000E-13	9.676598E-15	9.676598E-15
1.400000E-1	4.900000E-13	4.900000E-13	1.247772E-14	1.247772E-14
1.500000E-1	5.200000E-13	5.200000E-13	1.324166E-14	1.324166E-14
1.600000E-1	6.800000E-13	6.800000E-13	1.731602E-14	1.731602E-14
1.700000E-1	3.800000E-13	3.800000E-13	9.676598E-15	9.676598E-15
1.800000E-1	5.800000E-13	5.800000E-13	1.476954E-14	1.476954E-14
1.900000E-1	7.900000E-13	7.900000E-13	2.011714E-14	2.011714E-14
2.000000E-1	6.100000E-13	6.100000E-13	1.553349E-14	1.553349E-14
2.100000E-1	7.400000E-13	7.400000E-13	1.884390E-14	1.884390E-14
2.200000E-1	1.400000E-13	1.400000E-13	3.565062E-15	3.565062E-15
2.300000E-1	9.900000E-13	9.900000E-13	2.521008E-14	2.521008E-14
2.400000E-1	1.110000E-12	1.110000E-12	2.826585E-14	2.826585E-14
2.500000E-1	1.010000E-12	1.010000E-12	2.571938E-14	2.571938E-14
2.600000E-1	1.010000E-12	1.010000E-12	2.571938E-14	2.571938E-14
2.700000E-1	6.800000E-13	6.800000E-13	1.731602E-14	1.731602E-14
2.800000E-1	9.400000E-13	9.400000E-13	2.393685E-14	2.393685E-14
2.900000E-1	9.200000E-13	9.200000E-13	2.342755E-14	2.342755E-14
3.000000E-1	7.900000E-13	7.900000E-13	2.011714E-14	2.011714E-14
3.100000E-1	9.900000E-13	9.900000E-13	2.521008E-14	2.521008E-14
3.200000E-1	1.290000E-12	1.290000E-12	3.284950E-14	3.284950E-14
3.300000E-1	9.800000E-13	9.800000E-13	2.495544E-14	2.495544E-14
3.400000E-1	6.100000E-13	6.100000E-13	1.553349E-14	1.553349E-14
3.500000E-1	9.300000E-13	9.300000E-13	2.368220E-14	2.368220E-14
3.600000E-1	1.220000E-12	1.220000E-12	3.106697E-14	3.106697E-14
3.700000E-1	6.100000E-13	6.100000E-13	1.553349E-14	1.553349E-14
3.800000E-1	3.700000E-13	3.700000E-13	9.421950E-15	9.421950E-15
3.900000E-1	7.600000E-13	7.600000E-13	1.935320E-14	1.935320E-14
4.000000E-1	9.700000E-13	9.700000E-13	2.470079E-14	2.470079E-14
4.100000E-1	1.310000E-12	1.310000E-12	3.335880E-14	3.335880E-14
4.200000E-1	1.630000E-12	1.630000E-12	4.150751E-14	4.150751E-14
4.300000E-1	1.410000E-12	1.410000E-12	3.590527E-14	3.590527E-14
4.400000E-1	1.110000E-12	1.110000E-12	2.826585E-14	2.826585E-14
4.500000E-1	7.900000E-13	7.900000E-13	2.011714E-14	2.011714E-14
4.600000E-1	1.460000E-12	1.460000E-12	3.717851E-14	3.717851E-14
4.700000E-1	1.140000E-12	1.140000E-12	2.902979E-14	2.902979E-14
4.800000E-1	1.230000E-12	1.230000E-12	3.132162E-14	3.132162E-14
4.900000E-1	1.170000E-12	1.170000E-12	2.979374E-14	2.979374E-14
5.000000E-1	1.500000E-13	1.500000E-13	3.819710E-15	3.819710E-15
