

12:15:16	17/03/21


Ell Cont: 5,0x10,0

SMU1	V name:		V1
	I name:		I1
	Mode:		V
	Function:	VAR1
SMU2	V name:		V2
	I name:		I2
	Mode:		common
	Function:	const.
SMU3	off
SMU4	off
VMUs	off

Primary Source (VAR1):	single
	Sweep Spacing:	linear
	Start:		-0.500000
	Stop:		0.500000
	Step:		0.010000
	Compliance:	0.050000
Power Compliance OFF

Timing:		Integration Time:	medium
	Delay Time (sec):	0.000000
	Hold Time (sec):	0.000000
	Wait Time (sec):	1.000000

Secondary Source (VAR2):	OFF


   V1	   I1	Abs(I)	J (A\um²)	Abs(J)
-5.000000E-1	-4.660000E-12	4.660000E-12	-1.186656E-13	1.186656E-13
-4.900000E-1	-8.200000E-13	8.200000E-13	-2.088108E-14	2.088108E-14
-4.800000E-1	-7.000000E-13	7.000000E-13	-1.782531E-14	1.782531E-14
-4.700000E-1	-6.900000E-13	6.900000E-13	-1.757066E-14	1.757066E-14
-4.600000E-1	1.270000E-12	1.270000E-12	3.234021E-14	3.234021E-14
-4.500000E-1	-7.900000E-13	7.900000E-13	-2.011714E-14	2.011714E-14
-4.400000E-1	2.280000E-12	2.280000E-12	5.805959E-14	5.805959E-14
-4.300000E-1	4.200000E-13	4.200000E-13	1.069519E-14	1.069519E-14
-4.200000E-1	5.300000E-13	5.300000E-13	1.349631E-14	1.349631E-14
-4.100000E-1	-2.200000E-13	2.200000E-13	-5.602241E-15	5.602241E-15
-4.000000E-1	1.000000E-14	1.000000E-14	2.546473E-16	2.546473E-16
-3.900000E-1	3.000000E-14	3.000000E-14	7.639419E-16	7.639419E-16
-3.800000E-1	9.000000E-13	9.000000E-13	2.291826E-14	2.291826E-14
-3.700000E-1	8.900000E-13	8.900000E-13	2.266361E-14	2.266361E-14
-3.600000E-1	1.300000E-12	1.300000E-12	3.310415E-14	3.310415E-14
-3.500000E-1	7.300000E-13	7.300000E-13	1.858925E-14	1.858925E-14
-3.400000E-1	1.330000E-12	1.330000E-12	3.386809E-14	3.386809E-14
-3.300000E-1	8.500000E-13	8.500000E-13	2.164502E-14	2.164502E-14
-3.200000E-1	1.160000E-12	1.160000E-12	2.953909E-14	2.953909E-14
-3.100000E-1	2.800000E-13	2.800000E-13	7.130125E-15	7.130125E-15
-3.000000E-1	6.500000E-13	6.500000E-13	1.655208E-14	1.655208E-14
-2.900000E-1	1.150000E-12	1.150000E-12	2.928444E-14	2.928444E-14
-2.800000E-1	1.110000E-12	1.110000E-12	2.826585E-14	2.826585E-14
-2.700000E-1	4.200000E-13	4.200000E-13	1.069519E-14	1.069519E-14
-2.600000E-1	1.210000E-12	1.210000E-12	3.081232E-14	3.081232E-14
-2.500000E-1	7.300000E-13	7.300000E-13	1.858925E-14	1.858925E-14
-2.400000E-1	1.060000E-12	1.060000E-12	2.699261E-14	2.699261E-14
-2.300000E-1	5.300000E-13	5.300000E-13	1.349631E-14	1.349631E-14
-2.200000E-1	1.440000E-12	1.440000E-12	3.666921E-14	3.666921E-14
-2.100000E-1	7.200000E-13	7.200000E-13	1.833461E-14	1.833461E-14
-2.000000E-1	8.800000E-13	8.800000E-13	2.240896E-14	2.240896E-14
-1.900000E-1	6.000000E-13	6.000000E-13	1.527884E-14	1.527884E-14
-1.800000E-1	5.500000E-13	5.500000E-13	1.400560E-14	1.400560E-14
-1.700000E-1	8.100000E-13	8.100000E-13	2.062643E-14	2.062643E-14
-1.600000E-1	8.700000E-13	8.700000E-13	2.215432E-14	2.215432E-14
-1.500000E-1	7.400000E-13	7.400000E-13	1.884390E-14	1.884390E-14
-1.400000E-1	9.900000E-13	9.900000E-13	2.521008E-14	2.521008E-14
-1.300000E-1	7.100000E-13	7.100000E-13	1.807996E-14	1.807996E-14
-1.200000E-1	1.400000E-12	1.400000E-12	3.565062E-14	3.565062E-14
-1.100000E-1	6.100000E-13	6.100000E-13	1.553349E-14	1.553349E-14
-1.000000E-1	6.800000E-13	6.800000E-13	1.731602E-14	1.731602E-14
-9.000000E-2	8.000000E-13	8.000000E-13	2.037178E-14	2.037178E-14
-8.000000E-2	1.710000E-12	1.710000E-12	4.354469E-14	4.354469E-14
-7.000000E-2	4.100000E-13	4.100000E-13	1.044054E-14	1.044054E-14
-6.000000E-2	1.210000E-12	1.210000E-12	3.081232E-14	3.081232E-14
-5.000000E-2	7.400000E-13	7.400000E-13	1.884390E-14	1.884390E-14
-4.000000E-2	9.300000E-13	9.300000E-13	2.368220E-14	2.368220E-14
-3.000000E-2	7.400000E-13	7.400000E-13	1.884390E-14	1.884390E-14
-2.000000E-2	7.300000E-13	7.300000E-13	1.858925E-14	1.858925E-14
-1.000000E-2	9.200000E-13	9.200000E-13	2.342755E-14	2.342755E-14
0.000000E+0	9.200000E-13	9.200000E-13	2.342755E-14	2.342755E-14
1.000000E-2	1.300000E-12	1.300000E-12	3.310415E-14	3.310415E-14
2.000000E-2	1.330000E-12	1.330000E-12	3.386809E-14	3.386809E-14
3.000000E-2	1.210000E-12	1.210000E-12	3.081232E-14	3.081232E-14
4.000000E-2	6.400000E-13	6.400000E-13	1.629743E-14	1.629743E-14
5.000000E-2	1.150000E-12	1.150000E-12	2.928444E-14	2.928444E-14
6.000000E-2	1.140000E-12	1.140000E-12	2.902979E-14	2.902979E-14
7.000000E-2	9.600000E-13	9.600000E-13	2.444614E-14	2.444614E-14
8.000000E-2	1.720000E-12	1.720000E-12	4.379934E-14	4.379934E-14
9.000000E-2	2.500000E-13	2.500000E-13	6.366183E-15	6.366183E-15
1.000000E-1	9.400000E-13	9.400000E-13	2.393685E-14	2.393685E-14
1.100000E-1	1.240000E-12	1.240000E-12	3.157627E-14	3.157627E-14
1.200000E-1	5.300000E-13	5.300000E-13	1.349631E-14	1.349631E-14
1.300000E-1	1.000000E-12	1.000000E-12	2.546473E-14	2.546473E-14
1.400000E-1	1.190000E-12	1.190000E-12	3.030303E-14	3.030303E-14
1.500000E-1	8.000000E-13	8.000000E-13	2.037178E-14	2.037178E-14
1.600000E-1	1.170000E-12	1.170000E-12	2.979374E-14	2.979374E-14
1.700000E-1	3.800000E-13	3.800000E-13	9.676598E-15	9.676598E-15
1.800000E-1	1.540000E-12	1.540000E-12	3.921569E-14	3.921569E-14
1.900000E-1	7.700000E-13	7.700000E-13	1.960784E-14	1.960784E-14
2.000000E-1	1.120000E-12	1.120000E-12	2.852050E-14	2.852050E-14
2.100000E-1	1.320000E-12	1.320000E-12	3.361344E-14	3.361344E-14
2.200000E-1	9.300000E-13	9.300000E-13	2.368220E-14	2.368220E-14
2.300000E-1	1.190000E-12	1.190000E-12	3.030303E-14	3.030303E-14
2.400000E-1	1.320000E-12	1.320000E-12	3.361344E-14	3.361344E-14
2.500000E-1	8.200000E-13	8.200000E-13	2.088108E-14	2.088108E-14
2.600000E-1	9.800000E-13	9.800000E-13	2.495544E-14	2.495544E-14
2.700000E-1	5.100000E-13	5.100000E-13	1.298701E-14	1.298701E-14
2.800000E-1	1.560000E-12	1.560000E-12	3.972498E-14	3.972498E-14
2.900000E-1	9.300000E-13	9.300000E-13	2.368220E-14	2.368220E-14
3.000000E-1	8.500000E-13	8.500000E-13	2.164502E-14	2.164502E-14
3.100000E-1	1.090000E-12	1.090000E-12	2.775656E-14	2.775656E-14
3.200000E-1	1.170000E-12	1.170000E-12	2.979374E-14	2.979374E-14
3.300000E-1	1.340000E-12	1.340000E-12	3.412274E-14	3.412274E-14
3.400000E-1	1.050000E-12	1.050000E-12	2.673797E-14	2.673797E-14
3.500000E-1	1.350000E-12	1.350000E-12	3.437739E-14	3.437739E-14
3.600000E-1	8.600000E-13	8.600000E-13	2.189967E-14	2.189967E-14
3.700000E-1	1.150000E-12	1.150000E-12	2.928444E-14	2.928444E-14
3.800000E-1	1.490000E-12	1.490000E-12	3.794245E-14	3.794245E-14
3.900000E-1	4.500000E-13	4.500000E-13	1.145913E-14	1.145913E-14
4.000000E-1	1.450000E-12	1.450000E-12	3.692386E-14	3.692386E-14
4.100000E-1	9.300000E-13	9.300000E-13	2.368220E-14	2.368220E-14
4.200000E-1	1.680000E-12	1.680000E-12	4.278075E-14	4.278075E-14
4.300000E-1	8.500000E-13	8.500000E-13	2.164502E-14	2.164502E-14
4.400000E-1	9.600000E-13	9.600000E-13	2.444614E-14	2.444614E-14
4.500000E-1	1.480000E-12	1.480000E-12	3.768780E-14	3.768780E-14
4.600000E-1	6.400000E-13	6.400000E-13	1.629743E-14	1.629743E-14
4.700000E-1	9.300000E-13	9.300000E-13	2.368220E-14	2.368220E-14
4.800000E-1	1.190000E-12	1.190000E-12	3.030303E-14	3.030303E-14
4.900000E-1	9.900000E-13	9.900000E-13	2.521008E-14	2.521008E-14
5.000000E-1	1.230000E-12	1.230000E-12	3.132162E-14	3.132162E-14
