

17:01:52	19/03/21


Ell Cont: 5,0x10,0

SMU1	V name:		V1
	I name:		I1
	Mode:		V
	Function:	VAR1
SMU2	V name:		V2
	I name:		I2
	Mode:		common
	Function:	const.
SMU3	off
SMU4	off
VMUs	off

Primary Source (VAR1):	single
	Sweep Spacing:	linear
	Start:		-0.500000
	Stop:		0.500000
	Step:		0.010000
	Compliance:	0.050000
Power Compliance OFF

Timing:		Integration Time:	medium
	Delay Time (sec):	0.000000
	Hold Time (sec):	0.000000
	Wait Time (sec):	1.000000

Secondary Source (VAR2):	OFF


   V1	   I1	Abs(I)	J (A\µm²)	Abs(J)
-5.000000E-1	-2.139890E-8	2.139890E-8	-5.449172E-10	5.449172E-10
-4.900000E-1	-1.049770E-8	1.049770E-8	-2.673211E-10	2.673211E-10
-4.800000E-1	-2.654620E-9	2.654620E-9	-6.759918E-11	6.759918E-11
-4.700000E-1	1.320140E-9	1.320140E-9	3.361701E-11	3.361701E-11
-4.600000E-1	3.525350E-9	3.525350E-9	8.977209E-11	8.977209E-11
-4.500000E-1	4.850520E-9	4.850520E-9	1.235172E-10	1.235172E-10
-4.400000E-1	5.729790E-9	5.729790E-9	1.459076E-10	1.459076E-10
-4.300000E-1	6.200010E-9	6.200010E-9	1.578816E-10	1.578816E-10
-4.200000E-1	6.996650E-9	6.996650E-9	1.781678E-10	1.781678E-10
-4.100000E-1	7.165040E-9	7.165040E-9	1.824558E-10	1.824558E-10
-4.000000E-1	7.520360E-9	7.520360E-9	1.915039E-10	1.915039E-10
-3.900000E-1	8.017790E-9	8.017790E-9	2.041709E-10	2.041709E-10
-3.800000E-1	8.494690E-9	8.494690E-9	2.163150E-10	2.163150E-10
-3.700000E-1	8.800190E-9	8.800190E-9	2.240945E-10	2.240945E-10
-3.600000E-1	9.202940E-9	9.202940E-9	2.343504E-10	2.343504E-10
-3.500000E-1	9.490220E-9	9.490220E-9	2.416659E-10	2.416659E-10
-3.400000E-1	9.849750E-9	9.849750E-9	2.508212E-10	2.508212E-10
-3.300000E-1	7.933840E-9	7.933840E-9	2.020331E-10	2.020331E-10
-3.200000E-1	9.287620E-9	9.287620E-9	2.365067E-10	2.365067E-10
-3.100000E-1	1.017939E-8	1.017939E-8	2.592154E-10	2.592154E-10
-3.000000E-1	9.317000E-9	9.317000E-9	2.372549E-10	2.372549E-10
-2.900000E-1	1.131570E-8	1.131570E-8	2.881513E-10	2.881513E-10
-2.800000E-1	1.241640E-8	1.241640E-8	3.161803E-10	3.161803E-10
-2.700000E-1	1.345980E-8	1.345980E-8	3.427502E-10	3.427502E-10
-2.600000E-1	1.369950E-8	1.369950E-8	3.488541E-10	3.488541E-10
-2.500000E-1	1.446410E-8	1.446410E-8	3.683244E-10	3.683244E-10
-2.400000E-1	1.523690E-8	1.523690E-8	3.880036E-10	3.880036E-10
-2.300000E-1	1.559010E-8	1.559010E-8	3.969977E-10	3.969977E-10
-2.200000E-1	1.649250E-8	1.649250E-8	4.199771E-10	4.199771E-10
-2.100000E-1	1.711530E-8	1.711530E-8	4.358365E-10	4.358365E-10
-2.000000E-1	1.737650E-8	1.737650E-8	4.424879E-10	4.424879E-10
-1.900000E-1	1.825560E-8	1.825560E-8	4.648739E-10	4.648739E-10
-1.800000E-1	1.872160E-8	1.872160E-8	4.767405E-10	4.767405E-10
-1.700000E-1	1.908740E-8	1.908740E-8	4.860555E-10	4.860555E-10
-1.600000E-1	2.001710E-8	2.001710E-8	5.097301E-10	5.097301E-10
-1.500000E-1	2.079500E-8	2.079500E-8	5.295391E-10	5.295391E-10
-1.400000E-1	2.160810E-8	2.160810E-8	5.502445E-10	5.502445E-10
-1.300000E-1	2.252420E-8	2.252420E-8	5.735727E-10	5.735727E-10
-1.200000E-1	2.295720E-8	2.295720E-8	5.845989E-10	5.845989E-10
-1.100000E-1	2.391970E-8	2.391970E-8	6.091087E-10	6.091087E-10
-1.000000E-1	2.457190E-8	2.457190E-8	6.257168E-10	6.257168E-10
-9.000000E-2	2.567620E-8	2.567620E-8	6.538375E-10	6.538375E-10
-8.000000E-2	2.682030E-8	2.682030E-8	6.829717E-10	6.829717E-10
-7.000000E-2	2.800400E-8	2.800400E-8	7.131143E-10	7.131143E-10
-6.000000E-2	2.853670E-8	2.853670E-8	7.266794E-10	7.266794E-10
-5.000000E-2	2.994930E-8	2.994930E-8	7.626509E-10	7.626509E-10
-4.000000E-2	3.104050E-8	3.104050E-8	7.904380E-10	7.904380E-10
-3.000000E-2	3.203920E-8	3.203920E-8	8.158696E-10	8.158696E-10
-2.000000E-2	3.301470E-8	3.301470E-8	8.407105E-10	8.407105E-10
-1.000000E-2	3.443950E-8	3.443950E-8	8.769926E-10	8.769926E-10
0.000000E+0	3.588390E-8	3.588390E-8	9.137739E-10	9.137739E-10
1.000000E-2	3.719380E-8	3.719380E-8	9.471301E-10	9.471301E-10
2.000000E-2	3.891170E-8	3.891170E-8	9.908760E-10	9.908760E-10
3.000000E-2	4.049010E-8	4.049010E-8	1.031070E-9	1.031070E-9
4.000000E-2	3.773020E-8	3.773020E-8	9.607894E-10	9.607894E-10
5.000000E-2	4.013190E-8	4.013190E-8	1.021948E-9	1.021948E-9
6.000000E-2	4.298340E-8	4.298340E-8	1.094561E-9	1.094561E-9
7.000000E-2	4.342180E-8	4.342180E-8	1.105724E-9	1.105724E-9
8.000000E-2	4.488430E-8	4.488430E-8	1.142967E-9	1.142967E-9
9.000000E-2	4.660430E-8	4.660430E-8	1.186766E-9	1.186766E-9
1.000000E-1	4.813780E-8	4.813780E-8	1.225816E-9	1.225816E-9
1.100000E-1	4.927930E-8	4.927930E-8	1.254884E-9	1.254884E-9
1.200000E-1	5.099800E-8	5.099800E-8	1.298650E-9	1.298650E-9
1.300000E-1	5.211010E-8	5.211010E-8	1.326970E-9	1.326970E-9
1.400000E-1	5.366500E-8	5.366500E-8	1.366565E-9	1.366565E-9
1.500000E-1	5.523710E-8	5.523710E-8	1.406598E-9	1.406598E-9
1.600000E-1	5.601660E-8	5.601660E-8	1.426448E-9	1.426448E-9
1.700000E-1	5.721930E-8	5.721930E-8	1.457074E-9	1.457074E-9
1.800000E-1	5.820860E-8	5.820860E-8	1.482266E-9	1.482266E-9
1.900000E-1	6.093980E-8	6.093980E-8	1.551816E-9	1.551816E-9
2.000000E-1	6.177090E-8	6.177090E-8	1.572979E-9	1.572979E-9
2.100000E-1	6.473860E-8	6.473860E-8	1.648551E-9	1.648551E-9
2.200000E-1	6.535190E-8	6.535190E-8	1.664169E-9	1.664169E-9
2.300000E-1	6.588460E-8	6.588460E-8	1.677734E-9	1.677734E-9
2.400000E-1	6.940830E-8	6.940830E-8	1.767464E-9	1.767464E-9
2.500000E-1	7.026640E-8	7.026640E-8	1.789315E-9	1.789315E-9
2.600000E-1	7.251730E-8	7.251730E-8	1.846634E-9	1.846634E-9
2.700000E-1	7.367130E-8	7.367130E-8	1.876020E-9	1.876020E-9
2.800000E-1	7.562320E-8	7.562320E-8	1.925724E-9	1.925724E-9
2.900000E-1	7.765210E-8	7.765210E-8	1.977390E-9	1.977390E-9
3.000000E-1	7.993430E-8	7.993430E-8	2.035505E-9	2.035505E-9
3.100000E-1	8.231040E-8	8.231040E-8	2.096012E-9	2.096012E-9
3.200000E-1	8.278280E-8	8.278280E-8	2.108042E-9	2.108042E-9
3.300000E-1	8.549280E-8	8.549280E-8	2.177051E-9	2.177051E-9
3.400000E-1	8.914470E-8	8.914470E-8	2.270046E-9	2.270046E-9
3.500000E-1	9.398220E-8	9.398220E-8	2.393231E-9	2.393231E-9
3.600000E-1	9.407730E-8	9.407730E-8	2.395653E-9	2.395653E-9
3.700000E-1	9.633570E-8	9.633570E-8	2.453163E-9	2.453163E-9
3.800000E-1	9.774790E-8	9.774790E-8	2.489124E-9	2.489124E-9
3.900000E-1	9.902990E-8	9.902990E-8	2.521770E-9	2.521770E-9
4.000000E-1	1.033854E-7	1.033854E-7	2.632681E-9	2.632681E-9
4.100000E-1	1.033922E-7	1.033922E-7	2.632855E-9	2.632855E-9
4.200000E-1	1.054324E-7	1.054324E-7	2.684808E-9	2.684808E-9
4.300000E-1	1.082542E-7	1.082542E-7	2.756664E-9	2.756664E-9
4.400000E-1	1.083849E-7	1.083849E-7	2.759992E-9	2.759992E-9
4.500000E-1	1.099395E-7	1.099395E-7	2.799580E-9	2.799580E-9
4.600000E-1	1.118450E-7	1.118450E-7	2.848103E-9	2.848103E-9
4.700000E-1	1.148680E-7	1.148680E-7	2.925083E-9	2.925083E-9
4.800000E-1	1.164950E-7	1.164950E-7	2.966514E-9	2.966514E-9
4.900000E-1	1.193170E-7	1.193170E-7	3.038375E-9	3.038375E-9
5.000000E-1	1.224690E-7	1.224690E-7	3.118640E-9	3.118640E-9
