

17:03:23	19/03/21


Ell Cont: 5,0x10,0

SMU1	V name:		V1
	I name:		I1
	Mode:		V
	Function:	VAR1
SMU2	V name:		V2
	I name:		I2
	Mode:		common
	Function:	const.
SMU3	off
SMU4	off
VMUs	off

Primary Source (VAR1):	single
	Sweep Spacing:	linear
	Start:		-0.500000
	Stop:		0.500000
	Step:		0.010000
	Compliance:	0.050000
Power Compliance OFF

Timing:		Integration Time:	medium
	Delay Time (sec):	0.000000
	Hold Time (sec):	0.000000
	Wait Time (sec):	1.000000

Secondary Source (VAR2):	OFF


   V1	   I1	Abs(I)	J (A\µm²)	Abs(J)
-5.000000E-1	-4.194850E-9	4.194850E-9	-1.068207E-10	1.068207E-10
-4.900000E-1	-2.101590E-9	2.101590E-9	-5.351642E-11	5.351642E-11
-4.800000E-1	-1.202470E-9	1.202470E-9	-3.062058E-11	3.062058E-11
-4.700000E-1	-7.920500E-10	7.920500E-10	-2.016934E-11	2.016934E-11
-4.600000E-1	-5.698200E-10	5.698200E-10	-1.451031E-11	1.451031E-11
-4.500000E-1	-2.982400E-10	2.982400E-10	-7.594601E-12	7.594601E-12
-4.400000E-1	-1.240800E-10	1.240800E-10	-3.159664E-12	3.159664E-12
-4.300000E-1	-6.590000E-12	6.590000E-12	-1.678126E-13	1.678126E-13
-4.200000E-1	7.750000E-11	7.750000E-11	1.973517E-12	1.973517E-12
-4.100000E-1	1.418600E-10	1.418600E-10	3.612427E-12	3.612427E-12
-4.000000E-1	1.942300E-10	1.942300E-10	4.946015E-12	4.946015E-12
-3.900000E-1	2.391200E-10	2.391200E-10	6.089126E-12	6.089126E-12
-3.800000E-1	2.816500E-10	2.816500E-10	7.172142E-12	7.172142E-12
-3.700000E-1	3.294600E-10	3.294600E-10	8.389610E-12	8.389610E-12
-3.600000E-1	3.639100E-10	3.639100E-10	9.266870E-12	9.266870E-12
-3.500000E-1	3.944200E-10	3.944200E-10	1.004380E-11	1.004380E-11
-3.400000E-1	4.301000E-10	4.301000E-10	1.095238E-11	1.095238E-11
-3.300000E-1	4.652400E-10	4.652400E-10	1.184721E-11	1.184721E-11
-3.200000E-1	5.000400E-10	5.000400E-10	1.273338E-11	1.273338E-11
-3.100000E-1	5.943200E-10	5.943200E-10	1.513420E-11	1.513420E-11
-3.000000E-1	5.986700E-10	5.986700E-10	1.524497E-11	1.524497E-11
-2.900000E-1	6.456100E-10	6.456100E-10	1.644029E-11	1.644029E-11
-2.800000E-1	6.838600E-10	6.838600E-10	1.741431E-11	1.741431E-11
-2.700000E-1	7.294100E-10	7.294100E-10	1.857423E-11	1.857423E-11
-2.600000E-1	7.773000E-10	7.773000E-10	1.979374E-11	1.979374E-11
-2.500000E-1	8.310800E-10	8.310800E-10	2.116323E-11	2.116323E-11
-2.400000E-1	8.803600E-10	8.803600E-10	2.241813E-11	2.241813E-11
-2.300000E-1	9.305800E-10	9.305800E-10	2.369697E-11	2.369697E-11
-2.200000E-1	9.796300E-10	9.796300E-10	2.494601E-11	2.494601E-11
-2.100000E-1	1.047890E-9	1.047890E-9	2.668424E-11	2.668424E-11
-2.000000E-1	1.111230E-9	1.111230E-9	2.829717E-11	2.829717E-11
-1.900000E-1	1.171820E-9	1.171820E-9	2.984008E-11	2.984008E-11
-1.800000E-1	1.238530E-9	1.238530E-9	3.153883E-11	3.153883E-11
-1.700000E-1	1.313040E-9	1.313040E-9	3.343621E-11	3.343621E-11
-1.600000E-1	1.380460E-9	1.380460E-9	3.515304E-11	3.515304E-11
-1.500000E-1	1.476720E-9	1.476720E-9	3.760428E-11	3.760428E-11
-1.400000E-1	1.565440E-9	1.565440E-9	3.986351E-11	3.986351E-11
-1.300000E-1	1.669960E-9	1.669960E-9	4.252508E-11	4.252508E-11
-1.200000E-1	1.769250E-9	1.769250E-9	4.505348E-11	4.505348E-11
-1.100000E-1	1.879020E-9	1.879020E-9	4.784874E-11	4.784874E-11
-1.000000E-1	1.991550E-9	1.991550E-9	5.071429E-11	5.071429E-11
-9.000000E-2	2.130640E-9	2.130640E-9	5.425617E-11	5.425617E-11
-8.000000E-2	2.260930E-9	2.260930E-9	5.757397E-11	5.757397E-11
-7.000000E-2	2.424390E-9	2.424390E-9	6.173644E-11	6.173644E-11
-6.000000E-2	2.598090E-9	2.598090E-9	6.615966E-11	6.615966E-11
-5.000000E-2	2.772410E-9	2.772410E-9	7.059868E-11	7.059868E-11
-4.000000E-2	2.981100E-9	2.981100E-9	7.591291E-11	7.591291E-11
-3.000000E-2	3.200090E-9	3.200090E-9	8.148943E-11	8.148943E-11
-2.000000E-2	3.451820E-9	3.451820E-9	8.789967E-11	8.789967E-11
-1.000000E-2	3.708780E-9	3.708780E-9	9.444309E-11	9.444309E-11
0.000000E+0	3.998500E-9	3.998500E-9	1.018207E-10	1.018207E-10
1.000000E-2	4.321070E-9	4.321070E-9	1.100349E-10	1.100349E-10
2.000000E-2	4.669830E-9	4.669830E-9	1.189160E-10	1.189160E-10
3.000000E-2	5.050480E-9	5.050480E-9	1.286091E-10	1.286091E-10
4.000000E-2	5.467670E-9	5.467670E-9	1.392327E-10	1.392327E-10
5.000000E-2	5.937910E-9	5.937910E-9	1.512073E-10	1.512073E-10
6.000000E-2	6.428820E-9	6.428820E-9	1.637082E-10	1.637082E-10
7.000000E-2	6.969130E-9	6.969130E-9	1.774670E-10	1.774670E-10
8.000000E-2	7.555960E-9	7.555960E-9	1.924105E-10	1.924105E-10
9.000000E-2	8.196850E-9	8.196850E-9	2.087306E-10	2.087306E-10
1.000000E-1	8.872030E-9	8.872030E-9	2.259239E-10	2.259239E-10
1.100000E-1	9.644000E-9	9.644000E-9	2.455819E-10	2.455819E-10
1.200000E-1	1.334440E-8	1.334440E-8	3.398116E-10	3.398116E-10
1.300000E-1	1.432850E-8	1.432850E-8	3.648714E-10	3.648714E-10
1.400000E-1	1.527340E-8	1.527340E-8	3.889330E-10	3.889330E-10
1.500000E-1	1.633250E-8	1.633250E-8	4.159027E-10	4.159027E-10
1.600000E-1	1.745550E-8	1.745550E-8	4.444996E-10	4.444996E-10
1.700000E-1	1.863030E-8	1.863030E-8	4.744156E-10	4.744156E-10
1.800000E-1	1.997840E-8	1.997840E-8	5.087446E-10	5.087446E-10
1.900000E-1	2.139050E-8	2.139050E-8	5.447033E-10	5.447033E-10
2.000000E-1	2.293060E-8	2.293060E-8	5.839216E-10	5.839216E-10
2.100000E-1	2.457460E-8	2.457460E-8	6.257856E-10	6.257856E-10
2.200000E-1	2.637360E-8	2.637360E-8	6.715966E-10	6.715966E-10
2.300000E-1	2.822550E-8	2.822550E-8	7.187548E-10	7.187548E-10
2.400000E-1	3.027270E-8	3.027270E-8	7.708862E-10	7.708862E-10
2.500000E-1	3.239330E-8	3.239330E-8	8.248867E-10	8.248867E-10
2.600000E-1	3.469890E-8	3.469890E-8	8.835982E-10	8.835982E-10
2.700000E-1	3.711380E-8	3.711380E-8	9.450929E-10	9.450929E-10
2.800000E-1	3.962420E-8	3.962420E-8	1.009020E-9	1.009020E-9
2.900000E-1	4.230900E-8	4.230900E-8	1.077387E-9	1.077387E-9
3.000000E-1	4.508900E-8	4.508900E-8	1.148179E-9	1.148179E-9
3.100000E-1	4.804380E-8	4.804380E-8	1.223422E-9	1.223422E-9
3.200000E-1	5.107040E-8	5.107040E-8	1.300494E-9	1.300494E-9
3.300000E-1	5.427840E-8	5.427840E-8	1.382185E-9	1.382185E-9
3.400000E-1	5.755600E-8	5.755600E-8	1.465648E-9	1.465648E-9
3.500000E-1	6.102030E-8	6.102030E-8	1.553866E-9	1.553866E-9
3.600000E-1	6.453510E-8	6.453510E-8	1.643369E-9	1.643369E-9
3.700000E-1	6.823990E-8	6.823990E-8	1.737711E-9	1.737711E-9
3.800000E-1	7.203770E-8	7.203770E-8	1.834421E-9	1.834421E-9
3.900000E-1	7.590910E-8	7.590910E-8	1.933005E-9	1.933005E-9
4.000000E-1	7.993340E-8	7.993340E-8	2.035483E-9	2.035483E-9
4.100000E-1	8.401940E-8	8.401940E-8	2.139531E-9	2.139531E-9
4.200000E-1	8.826330E-8	8.826330E-8	2.247601E-9	2.247601E-9
4.300000E-1	9.254680E-8	9.254680E-8	2.356679E-9	2.356679E-9
4.400000E-1	9.463400E-8	9.463400E-8	2.409829E-9	2.409829E-9
4.500000E-1	9.759590E-8	9.759590E-8	2.485253E-9	2.485253E-9
4.600000E-1	1.005180E-7	1.005180E-7	2.559664E-9	2.559664E-9
4.700000E-1	1.061210E-7	1.061210E-7	2.702343E-9	2.702343E-9
4.800000E-1	1.103890E-7	1.103890E-7	2.811026E-9	2.811026E-9
4.900000E-1	1.148270E-7	1.148270E-7	2.924039E-9	2.924039E-9
5.000000E-1	1.193520E-7	1.193520E-7	3.039267E-9	3.039267E-9
