

16:52:48	19/03/21


Ell Cont: 5,0x10,0

SMU1	V name:		V1
	I name:		I1
	Mode:		V
	Function:	VAR1
SMU2	V name:		V2
	I name:		I2
	Mode:		common
	Function:	const.
SMU3	off
SMU4	off
VMUs	off

Primary Source (VAR1):	single
	Sweep Spacing:	linear
	Start:		-0.500000
	Stop:		0.500000
	Step:		0.010000
	Compliance:	0.050000
Power Compliance OFF

Timing:		Integration Time:	medium
	Delay Time (sec):	0.000000
	Hold Time (sec):	0.000000
	Wait Time (sec):	1.000000

Secondary Source (VAR2):	OFF


   V1	   I1	Abs(I)	J (A\um²)	Abs(J)
-5.000000E-1	-1.950360E-9	1.950360E-9	-4.966539E-11	4.966539E-11
-4.900000E-1	3.563500E-10	3.563500E-10	9.074357E-12	9.074357E-12
-4.800000E-1	1.207620E-9	1.207620E-9	3.075172E-11	3.075172E-11
-4.700000E-1	1.820220E-9	1.820220E-9	4.635141E-11	4.635141E-11
-4.600000E-1	1.654620E-9	1.654620E-9	4.213445E-11	4.213445E-11
-4.500000E-1	2.206780E-9	2.206780E-9	5.619506E-11	5.619506E-11
-4.400000E-1	1.954110E-9	1.954110E-9	4.976089E-11	4.976089E-11
-4.300000E-1	2.037230E-9	2.037230E-9	5.187751E-11	5.187751E-11
-4.200000E-1	2.561100E-9	2.561100E-9	6.521772E-11	6.521772E-11
-4.100000E-1	2.291500E-9	2.291500E-9	5.835243E-11	5.835243E-11
-4.000000E-1	2.355220E-9	2.355220E-9	5.997504E-11	5.997504E-11
-3.900000E-1	2.871540E-9	2.871540E-9	7.312299E-11	7.312299E-11
-3.800000E-1	2.589940E-9	2.589940E-9	6.595213E-11	6.595213E-11
-3.700000E-1	2.667350E-9	2.667350E-9	6.792335E-11	6.792335E-11
-3.600000E-1	2.768690E-9	2.768690E-9	7.050395E-11	7.050395E-11
-3.500000E-1	2.860080E-9	2.860080E-9	7.283117E-11	7.283117E-11
-3.400000E-1	2.975790E-9	2.975790E-9	7.577769E-11	7.577769E-11
-3.300000E-1	3.091190E-9	3.091190E-9	7.871632E-11	7.871632E-11
-3.200000E-1	3.214600E-9	3.214600E-9	8.185892E-11	8.185892E-11
-3.100000E-1	3.340720E-9	3.340720E-9	8.507054E-11	8.507054E-11
-3.000000E-1	3.483660E-9	3.483660E-9	8.871046E-11	8.871046E-11
-2.900000E-1	3.615980E-9	3.615980E-9	9.207996E-11	9.207996E-11
-2.800000E-1	3.787050E-9	3.787050E-9	9.643621E-11	9.643621E-11
-2.700000E-1	3.942370E-9	3.942370E-9	1.003914E-10	1.003914E-10
-2.600000E-1	4.129780E-9	4.129780E-9	1.051637E-10	1.051637E-10
-2.500000E-1	4.303650E-9	4.303650E-9	1.095913E-10	1.095913E-10
-2.400000E-1	4.498850E-9	4.498850E-9	1.145620E-10	1.145620E-10
-2.300000E-1	4.707990E-9	4.707990E-9	1.198877E-10	1.198877E-10
-2.200000E-1	4.927540E-9	4.927540E-9	1.254785E-10	1.254785E-10
-2.100000E-1	5.152850E-9	5.152850E-9	1.312159E-10	1.312159E-10
-2.000000E-1	5.405500E-9	5.405500E-9	1.376496E-10	1.376496E-10
-1.900000E-1	5.657110E-9	5.657110E-9	1.440568E-10	1.440568E-10
-1.800000E-1	5.932630E-9	5.932630E-9	1.510728E-10	1.510728E-10
-1.700000E-1	6.220160E-9	6.220160E-9	1.583947E-10	1.583947E-10
-1.600000E-1	6.524370E-9	6.524370E-9	1.661413E-10	1.661413E-10
-1.500000E-1	6.849350E-9	6.849350E-9	1.744169E-10	1.744169E-10
-1.400000E-1	7.190980E-9	7.190980E-9	1.831164E-10	1.831164E-10
-1.300000E-1	7.551100E-9	7.551100E-9	1.922867E-10	1.922867E-10
-1.200000E-1	7.911700E-9	7.911700E-9	2.014693E-10	2.014693E-10
-1.100000E-1	8.324700E-9	8.324700E-9	2.119862E-10	2.119862E-10
-1.000000E-1	8.747380E-9	8.747380E-9	2.227497E-10	2.227497E-10
-9.000000E-2	9.181410E-9	9.181410E-9	2.338021E-10	2.338021E-10
-8.000000E-2	9.709000E-9	9.709000E-9	2.472371E-10	2.472371E-10
-7.000000E-2	1.264920E-8	1.264920E-8	3.221085E-10	3.221085E-10
-6.000000E-2	1.336030E-8	1.336030E-8	3.402164E-10	3.402164E-10
-5.000000E-2	1.408520E-8	1.408520E-8	3.586758E-10	3.586758E-10
-4.000000E-2	1.480610E-8	1.480610E-8	3.770334E-10	3.770334E-10
-3.000000E-2	1.557890E-8	1.557890E-8	3.967125E-10	3.967125E-10
-2.000000E-2	1.641330E-8	1.641330E-8	4.179603E-10	4.179603E-10
-1.000000E-2	1.723130E-8	1.723130E-8	4.387904E-10	4.387904E-10
0.000000E+0	1.813130E-8	1.813130E-8	4.617087E-10	4.617087E-10
1.000000E-2	1.910560E-8	1.910560E-8	4.865190E-10	4.865190E-10
2.000000E-2	2.013320E-8	2.013320E-8	5.126865E-10	5.126865E-10
3.000000E-2	2.120830E-8	2.120830E-8	5.400637E-10	5.400637E-10
4.000000E-2	2.236250E-8	2.236250E-8	5.694550E-10	5.694550E-10
5.000000E-2	2.356730E-8	2.356730E-8	6.001350E-10	6.001350E-10
6.000000E-2	2.485910E-8	2.485910E-8	6.330303E-10	6.330303E-10
7.000000E-2	2.619220E-8	2.619220E-8	6.669773E-10	6.669773E-10
8.000000E-2	2.756930E-8	2.756930E-8	7.020448E-10	7.020448E-10
9.000000E-2	2.907390E-8	2.907390E-8	7.403590E-10	7.403590E-10
1.000000E-1	3.060440E-8	3.060440E-8	7.793328E-10	7.793328E-10
1.100000E-1	3.224360E-8	3.224360E-8	8.210746E-10	8.210746E-10
1.200000E-1	3.392250E-8	3.392250E-8	8.638273E-10	8.638273E-10
1.300000E-1	3.570780E-8	3.570780E-8	9.092895E-10	9.092895E-10
1.400000E-1	3.752550E-8	3.752550E-8	9.555768E-10	9.555768E-10
1.500000E-1	3.946340E-8	3.946340E-8	1.004925E-9	1.004925E-9
1.600000E-1	4.148140E-8	4.148140E-8	1.056313E-9	1.056313E-9
1.700000E-1	4.351690E-8	4.351690E-8	1.108146E-9	1.108146E-9
1.800000E-1	4.563610E-8	4.563610E-8	1.162111E-9	1.162111E-9
1.900000E-1	4.784350E-8	4.784350E-8	1.218322E-9	1.218322E-9
2.000000E-1	5.017010E-8	5.017010E-8	1.277568E-9	1.277568E-9
2.100000E-1	5.251150E-8	5.251150E-8	1.337191E-9	1.337191E-9
2.200000E-1	5.496460E-8	5.496460E-8	1.399659E-9	1.399659E-9
2.300000E-1	5.743930E-8	5.743930E-8	1.462676E-9	1.462676E-9
2.400000E-1	6.002990E-8	6.002990E-8	1.528645E-9	1.528645E-9
2.500000E-1	6.264610E-8	6.264610E-8	1.595266E-9	1.595266E-9
2.600000E-1	6.536680E-8	6.536680E-8	1.664548E-9	1.664548E-9
2.700000E-1	6.814210E-8	6.814210E-8	1.735220E-9	1.735220E-9
2.800000E-1	7.093720E-8	7.093720E-8	1.806397E-9	1.806397E-9
2.900000E-1	7.383330E-8	7.383330E-8	1.880145E-9	1.880145E-9
3.000000E-1	7.673360E-8	7.673360E-8	1.954000E-9	1.954000E-9
3.100000E-1	7.973280E-8	7.973280E-8	2.030374E-9	2.030374E-9
3.200000E-1	8.272920E-8	8.272920E-8	2.106677E-9	2.106677E-9
3.300000E-1	8.581350E-8	8.581350E-8	2.185218E-9	2.185218E-9
3.400000E-1	8.887690E-8	8.887690E-8	2.263226E-9	2.263226E-9
3.500000E-1	9.203320E-8	9.203320E-8	2.343601E-9	2.343601E-9
3.600000E-1	9.514580E-8	9.514580E-8	2.422862E-9	2.422862E-9
3.700000E-1	9.835380E-8	9.835380E-8	2.504553E-9	2.504553E-9
3.800000E-1	9.865300E-8	9.865300E-8	2.512172E-9	2.512172E-9
3.900000E-1	9.976300E-8	9.976300E-8	2.540438E-9	2.540438E-9
4.000000E-1	1.038550E-7	1.038550E-7	2.644640E-9	2.644640E-9
4.100000E-1	1.068440E-7	1.068440E-7	2.720754E-9	2.720754E-9
4.200000E-1	1.099670E-7	1.099670E-7	2.800280E-9	2.800280E-9
4.300000E-1	1.130820E-7	1.130820E-7	2.879603E-9	2.879603E-9
4.400000E-1	1.162720E-7	1.162720E-7	2.960835E-9	2.960835E-9
4.500000E-1	1.194450E-7	1.194450E-7	3.041635E-9	3.041635E-9
4.600000E-1	1.226970E-7	1.226970E-7	3.124446E-9	3.124446E-9
4.700000E-1	1.258960E-7	1.258960E-7	3.205908E-9	3.205908E-9
4.800000E-1	1.291470E-7	1.291470E-7	3.288694E-9	3.288694E-9
4.900000E-1	1.323950E-7	1.323950E-7	3.371403E-9	3.371403E-9
5.000000E-1	1.355910E-7	1.355910E-7	3.452788E-9	3.452788E-9
