

16:51:06	19/03/21


Ell Cont: 5,0x10,0

SMU1	V name:		V1
	I name:		I1
	Mode:		V
	Function:	VAR1
SMU2	V name:		V2
	I name:		I2
	Mode:		common
	Function:	const.
SMU3	off
SMU4	off
VMUs	off

Primary Source (VAR1):	single
	Sweep Spacing:	linear
	Start:		-0.500000
	Stop:		0.500000
	Step:		0.010000
	Compliance:	0.050000
Power Compliance OFF

Timing:		Integration Time:	medium
	Delay Time (sec):	0.000000
	Hold Time (sec):	0.000000
	Wait Time (sec):	1.000000

Secondary Source (VAR2):	OFF


   V1	   I1	Abs(I)	J (A\um²)	Abs(J)
-5.000000E-1	-2.967250E-9	2.967250E-9	-7.556022E-11	7.556022E-11
-4.900000E-1	8.083600E-10	8.083600E-10	2.058467E-11	2.058467E-11
-4.800000E-1	1.855300E-9	1.855300E-9	4.724472E-11	4.724472E-11
-4.700000E-1	2.483290E-9	2.483290E-9	6.323631E-11	6.323631E-11
-4.600000E-1	2.863720E-9	2.863720E-9	7.292386E-11	7.292386E-11
-4.500000E-1	3.120660E-9	3.120660E-9	7.946677E-11	7.946677E-11
-4.400000E-1	3.301480E-9	3.301480E-9	8.407130E-11	8.407130E-11
-4.300000E-1	3.474230E-9	3.474230E-9	8.847033E-11	8.847033E-11
-4.200000E-1	3.647300E-9	3.647300E-9	9.287751E-11	9.287751E-11
-4.100000E-1	3.796110E-9	3.796110E-9	9.666692E-11	9.666692E-11
-4.000000E-1	3.967520E-9	3.967520E-9	1.010318E-10	1.010318E-10
-3.900000E-1	4.132010E-9	4.132010E-9	1.052205E-10	1.052205E-10
-3.800000E-1	4.301800E-9	4.301800E-9	1.095442E-10	1.095442E-10
-3.700000E-1	4.480360E-9	4.480360E-9	1.140912E-10	1.140912E-10
-3.600000E-1	4.647190E-9	4.647190E-9	1.183394E-10	1.183394E-10
-3.500000E-1	4.838490E-9	4.838490E-9	1.232108E-10	1.232108E-10
-3.400000E-1	5.038770E-9	5.038770E-9	1.283109E-10	1.283109E-10
-3.300000E-1	5.261790E-9	5.261790E-9	1.339901E-10	1.339901E-10
-3.200000E-1	5.456230E-9	5.456230E-9	1.389414E-10	1.389414E-10
-3.100000E-1	5.696400E-9	5.696400E-9	1.450573E-10	1.450573E-10
-3.000000E-1	5.968450E-9	5.968450E-9	1.519850E-10	1.519850E-10
-2.900000E-1	6.218090E-9	6.218090E-9	1.583420E-10	1.583420E-10
-2.800000E-1	6.473790E-9	6.473790E-9	1.648533E-10	1.648533E-10
-2.700000E-1	6.777320E-9	6.777320E-9	1.725826E-10	1.725826E-10
-2.600000E-1	7.097360E-9	7.097360E-9	1.807324E-10	1.807324E-10
-2.500000E-1	7.421570E-9	7.421570E-9	1.889883E-10	1.889883E-10
-2.400000E-1	7.796670E-9	7.796670E-9	1.985401E-10	1.985401E-10
-2.300000E-1	8.112950E-9	8.112950E-9	2.065941E-10	2.065941E-10
-2.200000E-1	8.511540E-9	8.511540E-9	2.167441E-10	2.167441E-10
-2.100000E-1	8.932510E-9	8.932510E-9	2.274640E-10	2.274640E-10
-2.000000E-1	9.453700E-9	9.453700E-9	2.407359E-10	2.407359E-10
-1.900000E-1	1.415970E-8	1.415970E-8	3.605730E-10	3.605730E-10
-1.800000E-1	1.506590E-8	1.506590E-8	3.836491E-10	3.836491E-10
-1.700000E-1	1.577570E-8	1.577570E-8	4.017240E-10	4.017240E-10
-1.600000E-1	1.651700E-8	1.651700E-8	4.206010E-10	4.206010E-10
-1.500000E-1	1.726420E-8	1.726420E-8	4.396282E-10	4.396282E-10
-1.400000E-1	1.792430E-8	1.792430E-8	4.564375E-10	4.564375E-10
-1.300000E-1	1.882320E-8	1.882320E-8	4.793277E-10	4.793277E-10
-1.200000E-1	1.969800E-8	1.969800E-8	5.016043E-10	5.016043E-10
-1.100000E-1	2.063800E-8	2.063800E-8	5.255411E-10	5.255411E-10
-1.000000E-1	2.153240E-8	2.153240E-8	5.483168E-10	5.483168E-10
-9.000000E-2	2.257600E-8	2.257600E-8	5.748918E-10	5.748918E-10
-8.000000E-2	2.363040E-8	2.363040E-8	6.017418E-10	6.017418E-10
-7.000000E-2	2.474770E-8	2.474770E-8	6.301935E-10	6.301935E-10
-6.000000E-2	2.598920E-8	2.598920E-8	6.618080E-10	6.618080E-10
-5.000000E-2	2.717980E-8	2.717980E-8	6.921263E-10	6.921263E-10
-4.000000E-2	2.849860E-8	2.849860E-8	7.257092E-10	7.257092E-10
-3.000000E-2	2.992410E-8	2.992410E-8	7.620092E-10	7.620092E-10
-2.000000E-2	3.144960E-8	3.144960E-8	8.008556E-10	8.008556E-10
-1.000000E-2	3.298380E-8	3.298380E-8	8.399236E-10	8.399236E-10
0.000000E+0	3.459190E-8	3.459190E-8	8.808734E-10	8.808734E-10
1.000000E-2	3.625630E-8	3.625630E-8	9.232569E-10	9.232569E-10
2.000000E-2	3.810040E-8	3.810040E-8	9.702164E-10	9.702164E-10
3.000000E-2	3.997190E-8	3.997190E-8	1.017874E-9	1.017874E-9
4.000000E-2	4.196860E-8	4.196860E-8	1.068719E-9	1.068719E-9
5.000000E-2	4.382500E-8	4.382500E-8	1.115992E-9	1.115992E-9
6.000000E-2	4.601250E-8	4.601250E-8	1.171696E-9	1.171696E-9
7.000000E-2	4.834690E-8	4.834690E-8	1.231141E-9	1.231141E-9
8.000000E-2	5.075610E-8	5.075610E-8	1.292490E-9	1.292490E-9
9.000000E-2	5.317190E-8	5.317190E-8	1.354008E-9	1.354008E-9
1.000000E-1	5.546930E-8	5.546930E-8	1.412511E-9	1.412511E-9
1.100000E-1	5.816750E-8	5.816750E-8	1.481220E-9	1.481220E-9
1.200000E-1	6.088390E-8	6.088390E-8	1.550392E-9	1.550392E-9
1.300000E-1	6.367120E-8	6.367120E-8	1.621370E-9	1.621370E-9
1.400000E-1	6.667320E-8	6.667320E-8	1.697815E-9	1.697815E-9
1.500000E-1	6.958380E-8	6.958380E-8	1.771933E-9	1.771933E-9
1.600000E-1	7.283380E-8	7.283380E-8	1.854693E-9	1.854693E-9
1.700000E-1	7.569030E-8	7.569030E-8	1.927433E-9	1.927433E-9
1.800000E-1	7.922320E-8	7.922320E-8	2.017397E-9	2.017397E-9
1.900000E-1	8.241920E-8	8.241920E-8	2.098783E-9	2.098783E-9
2.000000E-1	8.601650E-8	8.601650E-8	2.190387E-9	2.190387E-9
2.100000E-1	8.880980E-8	8.880980E-8	2.261518E-9	2.261518E-9
2.200000E-1	9.322960E-8	9.322960E-8	2.374067E-9	2.374067E-9
2.300000E-1	9.590530E-8	9.590530E-8	2.442203E-9	2.442203E-9
2.400000E-1	9.989880E-8	9.989880E-8	2.543896E-9	2.543896E-9
2.500000E-1	1.015100E-7	1.015100E-7	2.584925E-9	2.584925E-9
2.600000E-1	1.077050E-7	1.077050E-7	2.742679E-9	2.742679E-9
2.700000E-1	1.116940E-7	1.116940E-7	2.844258E-9	2.844258E-9
2.800000E-1	1.141580E-7	1.141580E-7	2.907003E-9	2.907003E-9
2.900000E-1	1.191860E-7	1.191860E-7	3.035039E-9	3.035039E-9
3.000000E-1	1.221600E-7	1.221600E-7	3.110772E-9	3.110772E-9
3.100000E-1	1.274440E-7	1.274440E-7	3.245327E-9	3.245327E-9
3.200000E-1	1.309980E-7	1.309980E-7	3.335829E-9	3.335829E-9
3.300000E-1	1.355180E-7	1.355180E-7	3.450929E-9	3.450929E-9
3.400000E-1	1.396560E-7	1.396560E-7	3.556302E-9	3.556302E-9
3.500000E-1	1.423060E-7	1.423060E-7	3.623784E-9	3.623784E-9
3.600000E-1	1.466100E-7	1.466100E-7	3.733384E-9	3.733384E-9
3.700000E-1	1.517400E-7	1.517400E-7	3.864018E-9	3.864018E-9
3.800000E-1	1.564220E-7	1.564220E-7	3.983244E-9	3.983244E-9
3.900000E-1	1.601180E-7	1.601180E-7	4.077362E-9	4.077362E-9
4.000000E-1	1.664150E-7	1.664150E-7	4.237713E-9	4.237713E-9
4.100000E-1	1.707830E-7	1.707830E-7	4.348943E-9	4.348943E-9
4.200000E-1	1.742110E-7	1.742110E-7	4.436236E-9	4.436236E-9
4.300000E-1	1.800570E-7	1.800570E-7	4.585103E-9	4.585103E-9
4.400000E-1	1.835500E-7	1.835500E-7	4.674051E-9	4.674051E-9
4.500000E-1	1.887810E-7	1.887810E-7	4.807257E-9	4.807257E-9
4.600000E-1	1.921400E-7	1.921400E-7	4.892793E-9	4.892793E-9
4.700000E-1	1.958740E-7	1.958740E-7	4.987879E-9	4.987879E-9
4.800000E-1	2.015000E-7	2.015000E-7	5.131143E-9	5.131143E-9
4.900000E-1	2.054580E-7	2.054580E-7	5.231933E-9	5.231933E-9
5.000000E-1	2.095080E-7	2.095080E-7	5.335065E-9	5.335065E-9
