

16:55:51	19/03/21


Ell Cont: 5,0x10,0

SMU1	V name:		V1
	I name:		I1
	Mode:		V
	Function:	VAR1
SMU2	V name:		V2
	I name:		I2
	Mode:		common
	Function:	const.
SMU3	off
SMU4	off
VMUs	off

Primary Source (VAR1):	single
	Sweep Spacing:	linear
	Start:		-0.500000
	Stop:		0.500000
	Step:		0.010000
	Compliance:	0.050000
Power Compliance OFF

Timing:		Integration Time:	medium
	Delay Time (sec):	0.000000
	Hold Time (sec):	0.000000
	Wait Time (sec):	1.000000

Secondary Source (VAR2):	OFF


   V1	   I1	Abs(I)	J (A\um²)	Abs(J)
-5.000000E-1	-2.338090E-9	2.338090E-9	-5.953883E-11	5.953883E-11
-4.900000E-1	9.906600E-10	9.906600E-10	2.522689E-11	2.522689E-11
-4.800000E-1	1.814920E-9	1.814920E-9	4.621645E-11	4.621645E-11
-4.700000E-1	2.207020E-9	2.207020E-9	5.620117E-11	5.620117E-11
-4.600000E-1	2.448950E-9	2.448950E-9	6.236185E-11	6.236185E-11
-4.500000E-1	2.645080E-9	2.645080E-9	6.735625E-11	6.735625E-11
-4.400000E-1	2.796500E-9	2.796500E-9	7.121212E-11	7.121212E-11
-4.300000E-1	2.948900E-9	2.948900E-9	7.509295E-11	7.509295E-11
-4.200000E-1	3.081180E-9	3.081180E-9	7.846142E-11	7.846142E-11
-4.100000E-1	3.214580E-9	3.214580E-9	8.185842E-11	8.185842E-11
-4.000000E-1	3.356920E-9	3.356920E-9	8.548306E-11	8.548306E-11
-3.900000E-1	3.499790E-9	3.499790E-9	8.912121E-11	8.912121E-11
-3.800000E-1	3.639070E-9	3.639070E-9	9.266794E-11	9.266794E-11
-3.700000E-1	3.794740E-9	3.794740E-9	9.663203E-11	9.663203E-11
-3.600000E-1	3.937050E-9	3.937050E-9	1.002559E-10	1.002559E-10
-3.500000E-1	4.098930E-9	4.098930E-9	1.043782E-10	1.043782E-10
-3.400000E-1	4.266910E-9	4.266910E-9	1.086557E-10	1.086557E-10
-3.300000E-1	4.462930E-9	4.462930E-9	1.136473E-10	1.136473E-10
-3.200000E-1	4.640160E-9	4.640160E-9	1.181604E-10	1.181604E-10
-3.100000E-1	4.844630E-9	4.844630E-9	1.233672E-10	1.233672E-10
-3.000000E-1	5.047290E-9	5.047290E-9	1.285279E-10	1.285279E-10
-2.900000E-1	5.267960E-9	5.267960E-9	1.341472E-10	1.341472E-10
-2.800000E-1	5.497890E-9	5.497890E-9	1.400023E-10	1.400023E-10
-2.700000E-1	5.744180E-9	5.744180E-9	1.462740E-10	1.462740E-10
-2.600000E-1	6.002880E-9	6.002880E-9	1.528617E-10	1.528617E-10
-2.500000E-1	6.287580E-9	6.287580E-9	1.601115E-10	1.601115E-10
-2.400000E-1	6.579600E-9	6.579600E-9	1.675477E-10	1.675477E-10
-2.300000E-1	6.884320E-9	6.884320E-9	1.753074E-10	1.753074E-10
-2.200000E-1	7.209200E-9	7.209200E-9	1.835803E-10	1.835803E-10
-2.100000E-1	7.560490E-9	7.560490E-9	1.925258E-10	1.925258E-10
-2.000000E-1	7.916440E-9	7.916440E-9	2.015900E-10	2.015900E-10
-1.900000E-1	8.303930E-9	8.303930E-9	2.114573E-10	2.114573E-10
-1.800000E-1	8.712660E-9	8.712660E-9	2.218655E-10	2.218655E-10
-1.700000E-1	9.131320E-9	9.131320E-9	2.325266E-10	2.325266E-10
-1.600000E-1	9.658800E-9	9.658800E-9	2.459587E-10	2.459587E-10
-1.500000E-1	1.360220E-8	1.360220E-8	3.463764E-10	3.463764E-10
-1.400000E-1	1.436470E-8	1.436470E-8	3.657932E-10	3.657932E-10
-1.300000E-1	1.513340E-8	1.513340E-8	3.853680E-10	3.853680E-10
-1.200000E-1	1.584090E-8	1.584090E-8	4.033843E-10	4.033843E-10
-1.100000E-1	1.665170E-8	1.665170E-8	4.240311E-10	4.240311E-10
-1.000000E-1	1.742300E-8	1.742300E-8	4.436720E-10	4.436720E-10
-9.000000E-2	1.832830E-8	1.832830E-8	4.667252E-10	4.667252E-10
-8.000000E-2	1.921740E-8	1.921740E-8	4.893659E-10	4.893659E-10
-7.000000E-2	2.019780E-8	2.019780E-8	5.143315E-10	5.143315E-10
-6.000000E-2	2.120890E-8	2.120890E-8	5.400789E-10	5.400789E-10
-5.000000E-2	2.231280E-8	2.231280E-8	5.681895E-10	5.681895E-10
-4.000000E-2	2.344940E-8	2.344940E-8	5.971327E-10	5.971327E-10
-3.000000E-2	2.469920E-8	2.469920E-8	6.289585E-10	6.289585E-10
-2.000000E-2	2.598420E-8	2.598420E-8	6.616807E-10	6.616807E-10
-1.000000E-2	2.732510E-8	2.732510E-8	6.958263E-10	6.958263E-10
0.000000E+0	2.875230E-8	2.875230E-8	7.321696E-10	7.321696E-10
1.000000E-2	3.026420E-8	3.026420E-8	7.706697E-10	7.706697E-10
2.000000E-2	3.192280E-8	3.192280E-8	8.129055E-10	8.129055E-10
3.000000E-2	3.355980E-8	3.355980E-8	8.545913E-10	8.545913E-10
4.000000E-2	3.537050E-8	3.537050E-8	9.007003E-10	9.007003E-10
5.000000E-2	3.723930E-8	3.723930E-8	9.482888E-10	9.482888E-10
6.000000E-2	3.917440E-8	3.917440E-8	9.975656E-10	9.975656E-10
7.000000E-2	4.126130E-8	4.126130E-8	1.050708E-9	1.050708E-9
8.000000E-2	4.339300E-8	4.339300E-8	1.104991E-9	1.104991E-9
9.000000E-2	4.566470E-8	4.566470E-8	1.162839E-9	1.162839E-9
1.000000E-1	4.798980E-8	4.798980E-8	1.222047E-9	1.222047E-9
1.100000E-1	5.046790E-8	5.046790E-8	1.285152E-9	1.285152E-9
1.200000E-1	5.300930E-8	5.300930E-8	1.349868E-9	1.349868E-9
1.300000E-1	5.569630E-8	5.569630E-8	1.418291E-9	1.418291E-9
1.400000E-1	5.844960E-8	5.844960E-8	1.488403E-9	1.488403E-9
1.500000E-1	6.134950E-8	6.134950E-8	1.562249E-9	1.562249E-9
1.600000E-1	6.434700E-8	6.434700E-8	1.638579E-9	1.638579E-9
1.700000E-1	6.740470E-8	6.740470E-8	1.716443E-9	1.716443E-9
1.800000E-1	7.063130E-8	7.063130E-8	1.798607E-9	1.798607E-9
1.900000E-1	7.389710E-8	7.389710E-8	1.881770E-9	1.881770E-9
2.000000E-1	7.732570E-8	7.732570E-8	1.969078E-9	1.969078E-9
2.100000E-1	8.079960E-8	8.079960E-8	2.057540E-9	2.057540E-9
2.200000E-1	8.443510E-8	8.443510E-8	2.150117E-9	2.150117E-9
2.300000E-1	8.810070E-8	8.810070E-8	2.243461E-9	2.243461E-9
2.400000E-1	9.191990E-8	9.191990E-8	2.340716E-9	2.340716E-9
2.500000E-1	9.259330E-8	9.259330E-8	2.357863E-9	2.357863E-9
2.600000E-1	9.488270E-8	9.488270E-8	2.416162E-9	2.416162E-9
2.700000E-1	9.704300E-8	9.704300E-8	2.471174E-9	2.471174E-9
2.800000E-1	9.910040E-8	9.910040E-8	2.523565E-9	2.523565E-9
2.900000E-1	1.013150E-7	1.013150E-7	2.579959E-9	2.579959E-9
3.000000E-1	1.069940E-7	1.069940E-7	2.724573E-9	2.724573E-9
3.100000E-1	1.109090E-7	1.109090E-7	2.824268E-9	2.824268E-9
3.200000E-1	1.149200E-7	1.149200E-7	2.926407E-9	2.926407E-9
3.300000E-1	1.190990E-7	1.190990E-7	3.032824E-9	3.032824E-9
3.400000E-1	1.233100E-7	1.233100E-7	3.140056E-9	3.140056E-9
3.500000E-1	1.276630E-7	1.276630E-7	3.250904E-9	3.250904E-9
3.600000E-1	1.320160E-7	1.320160E-7	3.361752E-9	3.361752E-9
3.700000E-1	1.365110E-7	1.365110E-7	3.476216E-9	3.476216E-9
3.800000E-1	1.410420E-7	1.410420E-7	3.591597E-9	3.591597E-9
3.900000E-1	1.455560E-7	1.455560E-7	3.706544E-9	3.706544E-9
4.000000E-1	1.501770E-7	1.501770E-7	3.824217E-9	3.824217E-9
4.100000E-1	1.547700E-7	1.547700E-7	3.941176E-9	3.941176E-9
4.200000E-1	1.594520E-7	1.594520E-7	4.060402E-9	4.060402E-9
4.300000E-1	1.640870E-7	1.640870E-7	4.178431E-9	4.178431E-9
4.400000E-1	1.687960E-7	1.687960E-7	4.298345E-9	4.298345E-9
4.500000E-1	1.734310E-7	1.734310E-7	4.416374E-9	4.416374E-9
4.600000E-1	1.781700E-7	1.781700E-7	4.537051E-9	4.537051E-9
4.700000E-1	1.828190E-7	1.828190E-7	4.655437E-9	4.655437E-9
4.800000E-1	1.875420E-7	1.875420E-7	4.775707E-9	4.775707E-9
4.900000E-1	1.922390E-7	1.922390E-7	4.895314E-9	4.895314E-9
5.000000E-1	1.968530E-7	1.968530E-7	5.012809E-9	5.012809E-9
