

17:04:03	19/03/21


Ell Cont: 5,0x10,0

SMU1	V name:		V1
	I name:		I1
	Mode:		V
	Function:	VAR1
SMU2	V name:		V2
	I name:		I2
	Mode:		common
	Function:	const.
SMU3	off
SMU4	off
VMUs	off

Primary Source (VAR1):	single
	Sweep Spacing:	linear
	Start:		-0.500000
	Stop:		0.500000
	Step:		0.010000
	Compliance:	0.050000
Power Compliance OFF

Timing:		Integration Time:	medium
	Delay Time (sec):	0.000000
	Hold Time (sec):	0.000000
	Wait Time (sec):	1.000000

Secondary Source (VAR2):	OFF


   V1	   I1	Abs(I)	J (A\um²)	Abs(J)
-5.000000E-1	-2.504150E-9	2.504150E-9	-6.376751E-11	6.376751E-11
-4.900000E-1	1.442360E-9	1.442360E-9	3.672931E-11	3.672931E-11
-4.800000E-1	2.511370E-9	2.511370E-9	6.395136E-11	6.395136E-11
-4.700000E-1	3.011900E-9	3.011900E-9	7.669722E-11	7.669722E-11
-4.600000E-1	3.359150E-9	3.359150E-9	8.553985E-11	8.553985E-11
-4.500000E-1	3.602440E-9	3.602440E-9	9.173517E-11	9.173517E-11
-4.400000E-1	3.802260E-9	3.802260E-9	9.682353E-11	9.682353E-11
-4.300000E-1	3.997730E-9	3.997730E-9	1.018011E-10	1.018011E-10
-4.200000E-1	4.186480E-9	4.186480E-9	1.066076E-10	1.066076E-10
-4.100000E-1	4.371740E-9	4.371740E-9	1.113252E-10	1.113252E-10
-4.000000E-1	4.547810E-9	4.547810E-9	1.158088E-10	1.158088E-10
-3.900000E-1	4.745810E-9	4.745810E-9	1.208508E-10	1.208508E-10
-3.800000E-1	4.935880E-9	4.935880E-9	1.256909E-10	1.256909E-10
-3.700000E-1	5.135340E-9	5.135340E-9	1.307701E-10	1.307701E-10
-3.600000E-1	5.353170E-9	5.353170E-9	1.363170E-10	1.363170E-10
-3.500000E-1	5.589850E-9	5.589850E-9	1.423440E-10	1.423440E-10
-3.400000E-1	5.815410E-9	5.815410E-9	1.480879E-10	1.480879E-10
-3.300000E-1	6.067950E-9	6.067950E-9	1.545187E-10	1.545187E-10
-3.200000E-1	6.339930E-9	6.339930E-9	1.614446E-10	1.614446E-10
-3.100000E-1	6.630900E-9	6.630900E-9	1.688541E-10	1.688541E-10
-3.000000E-1	6.911440E-9	6.911440E-9	1.759980E-10	1.759980E-10
-2.900000E-1	7.223260E-9	7.223260E-9	1.839384E-10	1.839384E-10
-2.800000E-1	7.565020E-9	7.565020E-9	1.926412E-10	1.926412E-10
-2.700000E-1	7.908630E-9	7.908630E-9	2.013911E-10	2.013911E-10
-2.600000E-1	8.276790E-9	8.276790E-9	2.107662E-10	2.107662E-10
-2.500000E-1	8.663380E-9	8.663380E-9	2.206106E-10	2.206106E-10
-2.400000E-1	9.069420E-9	9.069420E-9	2.309503E-10	2.309503E-10
-2.300000E-1	9.664700E-9	9.664700E-9	2.461090E-10	2.461090E-10
-2.200000E-1	1.493660E-8	1.493660E-8	3.803565E-10	3.803565E-10
-2.100000E-1	1.575970E-8	1.575970E-8	4.013165E-10	4.013165E-10
-2.000000E-1	1.657620E-8	1.657620E-8	4.221085E-10	4.221085E-10
-1.900000E-1	1.730620E-8	1.730620E-8	4.406977E-10	4.406977E-10
-1.800000E-1	1.813810E-8	1.813810E-8	4.618818E-10	4.618818E-10
-1.700000E-1	1.893560E-8	1.893560E-8	4.821900E-10	4.821900E-10
-1.600000E-1	1.984700E-8	1.984700E-8	5.053985E-10	5.053985E-10
-1.500000E-1	2.077930E-8	2.077930E-8	5.291393E-10	5.291393E-10
-1.400000E-1	2.171320E-8	2.171320E-8	5.529208E-10	5.529208E-10
-1.300000E-1	2.279090E-8	2.279090E-8	5.803641E-10	5.803641E-10
-1.200000E-1	2.384150E-8	2.384150E-8	6.071174E-10	6.071174E-10
-1.100000E-1	2.503760E-8	2.503760E-8	6.375758E-10	6.375758E-10
-1.000000E-1	2.622780E-8	2.622780E-8	6.678839E-10	6.678839E-10
-9.000000E-2	2.756640E-8	2.756640E-8	7.019710E-10	7.019710E-10
-8.000000E-2	2.890950E-8	2.890950E-8	7.361726E-10	7.361726E-10
-7.000000E-2	3.040200E-8	3.040200E-8	7.741788E-10	7.741788E-10
-6.000000E-2	3.192080E-8	3.192080E-8	8.128546E-10	8.128546E-10
-5.000000E-2	3.359180E-8	3.359180E-8	8.554062E-10	8.554062E-10
-4.000000E-2	3.528610E-8	3.528610E-8	8.985510E-10	8.985510E-10
-3.000000E-2	3.716040E-8	3.716040E-8	9.462796E-10	9.462796E-10
-2.000000E-2	3.910400E-8	3.910400E-8	9.957728E-10	9.957728E-10
-1.000000E-2	4.110470E-8	4.110470E-8	1.046720E-9	1.046720E-9
0.000000E+0	4.325370E-8	4.325370E-8	1.101444E-9	1.101444E-9
1.000000E-2	4.551690E-8	4.551690E-8	1.159076E-9	1.159076E-9
2.000000E-2	4.794790E-8	4.794790E-8	1.220980E-9	1.220980E-9
3.000000E-2	5.043750E-8	5.043750E-8	1.284377E-9	1.284377E-9
4.000000E-2	5.311510E-8	5.311510E-8	1.352562E-9	1.352562E-9
5.000000E-2	5.592260E-8	5.592260E-8	1.424054E-9	1.424054E-9
6.000000E-2	5.881940E-8	5.881940E-8	1.497820E-9	1.497820E-9
7.000000E-2	6.190830E-8	6.190830E-8	1.576478E-9	1.576478E-9
8.000000E-2	6.506140E-8	6.506140E-8	1.656771E-9	1.656771E-9
9.000000E-2	6.846690E-8	6.846690E-8	1.743491E-9	1.743491E-9
1.000000E-1	7.191720E-8	7.191720E-8	1.831352E-9	1.831352E-9
1.100000E-1	7.561740E-8	7.561740E-8	1.925577E-9	1.925577E-9
1.200000E-1	7.938980E-8	7.938980E-8	2.021640E-9	2.021640E-9
1.300000E-1	8.339620E-8	8.339620E-8	2.123662E-9	2.123662E-9
1.400000E-1	8.335220E-8	8.335220E-8	2.122541E-9	2.122541E-9
1.500000E-1	8.646880E-8	8.646880E-8	2.201905E-9	2.201905E-9
1.600000E-1	8.959340E-8	8.959340E-8	2.281472E-9	2.281472E-9
1.700000E-1	9.273120E-8	9.273120E-8	2.361375E-9	2.361375E-9
1.800000E-1	9.596850E-8	9.596850E-8	2.443812E-9	2.443812E-9
1.900000E-1	9.917660E-8	9.917660E-8	2.525505E-9	2.525505E-9
2.000000E-1	1.025850E-7	1.025850E-7	2.612299E-9	2.612299E-9
2.100000E-1	1.103220E-7	1.103220E-7	2.809320E-9	2.809320E-9
2.200000E-1	1.152250E-7	1.152250E-7	2.934174E-9	2.934174E-9
2.300000E-1	1.202470E-7	1.202470E-7	3.062058E-9	3.062058E-9
2.400000E-1	1.255400E-7	1.255400E-7	3.196842E-9	3.196842E-9
2.500000E-1	1.309350E-7	1.309350E-7	3.334225E-9	3.334225E-9
2.600000E-1	1.365760E-7	1.365760E-7	3.477871E-9	3.477871E-9
2.700000E-1	1.423670E-7	1.423670E-7	3.625337E-9	3.625337E-9
2.800000E-1	1.482290E-7	1.482290E-7	3.774612E-9	3.774612E-9
2.900000E-1	1.543190E-7	1.543190E-7	3.929692E-9	3.929692E-9
3.000000E-1	1.604480E-7	1.604480E-7	4.085765E-9	4.085765E-9
3.100000E-1	1.667780E-7	1.667780E-7	4.246957E-9	4.246957E-9
3.200000E-1	1.731260E-7	1.731260E-7	4.408607E-9	4.408607E-9
3.300000E-1	1.796680E-7	1.796680E-7	4.575197E-9	4.575197E-9
3.400000E-1	1.862030E-7	1.862030E-7	4.741609E-9	4.741609E-9
3.500000E-1	1.929190E-7	1.929190E-7	4.912630E-9	4.912630E-9
3.600000E-1	1.995980E-7	1.995980E-7	5.082709E-9	5.082709E-9
3.700000E-1	2.064390E-7	2.064390E-7	5.256914E-9	5.256914E-9
3.800000E-1	2.133210E-7	2.133210E-7	5.432162E-9	5.432162E-9
3.900000E-1	2.201730E-7	2.201730E-7	5.606646E-9	5.606646E-9
4.000000E-1	2.271310E-7	2.271310E-7	5.783830E-9	5.783830E-9
4.100000E-1	2.340430E-7	2.340430E-7	5.959842E-9	5.959842E-9
4.200000E-1	2.410710E-7	2.410710E-7	6.138808E-9	6.138808E-9
4.300000E-1	2.479940E-7	2.479940E-7	6.315101E-9	6.315101E-9
4.400000E-1	2.550200E-7	2.550200E-7	6.494016E-9	6.494016E-9
4.500000E-1	2.619500E-7	2.619500E-7	6.670486E-9	6.670486E-9
4.600000E-1	2.689610E-7	2.689610E-7	6.849020E-9	6.849020E-9
4.700000E-1	2.758540E-7	2.758540E-7	7.024548E-9	7.024548E-9
4.800000E-1	2.828180E-7	2.828180E-7	7.201884E-9	7.201884E-9
4.900000E-1	2.897550E-7	2.897550E-7	7.378533E-9	7.378533E-9
5.000000E-1	2.965420E-7	2.965420E-7	7.551362E-9	7.551362E-9
