

16:47:35	19/03/21


Ell Cont: 5,0x10,0

SMU1	V name:		V1
	I name:		I1
	Mode:		V
	Function:	VAR1
SMU2	V name:		V2
	I name:		I2
	Mode:		common
	Function:	const.
SMU3	off
SMU4	off
VMUs	off

Primary Source (VAR1):	single
	Sweep Spacing:	linear
	Start:		-1.500000
	Stop:		1.500000
	Step:		0.010000
	Compliance:	0.050000
Power Compliance OFF

Timing:		Integration Time:	medium
	Delay Time (sec):	0.000000
	Hold Time (sec):	0.000000
	Wait Time (sec):	1.000000

Secondary Source (VAR2):	OFF


   V1	   I1	Abs(I)	J (A\µm²)	Abs(J)
-1.500000E+0	-2.003590E-2	2.003590E-2	-5.102088E-4	5.102088E-4
-1.490000E+0	-2.027820E-2	2.027820E-2	-5.163789E-4	5.163789E-4
-1.480000E+0	-2.065020E-2	2.065020E-2	-5.258518E-4	5.258518E-4
-1.470000E+0	-2.097510E-2	2.097510E-2	-5.341253E-4	5.341253E-4
-1.460000E+0	-2.094740E-2	2.094740E-2	-5.334199E-4	5.334199E-4
-1.450000E+0	-2.054830E-2	2.054830E-2	-5.232569E-4	5.232569E-4
-1.440000E+0	-2.093120E-2	2.093120E-2	-5.330074E-4	5.330074E-4
-1.430000E+0	-2.017310E-2	2.017310E-2	-5.137026E-4	5.137026E-4
-1.420000E+0	-2.087410E-2	2.087410E-2	-5.315533E-4	5.315533E-4
-1.410000E+0	-1.970710E-2	1.970710E-2	-5.018360E-4	5.018360E-4
-1.400000E+0	-1.973920E-2	1.973920E-2	-5.026534E-4	5.026534E-4
-1.390000E+0	-1.913500E-2	1.913500E-2	-4.872676E-4	4.872676E-4
-1.380000E+0	-1.959350E-2	1.959350E-2	-4.989432E-4	4.989432E-4
-1.370000E+0	-1.970100E-2	1.970100E-2	-5.016807E-4	5.016807E-4
-1.360000E+0	-1.925210E-2	1.925210E-2	-4.902495E-4	4.902495E-4
-1.350000E+0	-1.880640E-2	1.880640E-2	-4.788999E-4	4.788999E-4
-1.340000E+0	-1.927740E-2	1.927740E-2	-4.908938E-4	4.908938E-4
-1.330000E+0	-1.978760E-2	1.978760E-2	-5.038859E-4	5.038859E-4
-1.320000E+0	-1.792760E-2	1.792760E-2	-4.565215E-4	4.565215E-4
-1.310000E+0	-1.746540E-2	1.746540E-2	-4.447517E-4	4.447517E-4
-1.300000E+0	-1.749120E-2	1.749120E-2	-4.454087E-4	4.454087E-4
-1.290000E+0	-1.773240E-2	1.773240E-2	-4.515508E-4	4.515508E-4
-1.280000E+0	-1.749420E-2	1.749420E-2	-4.454851E-4	4.454851E-4
-1.270000E+0	-1.685710E-2	1.685710E-2	-4.292615E-4	4.292615E-4
-1.260000E+0	-1.663000E-2	1.663000E-2	-4.234785E-4	4.234785E-4
-1.250000E+0	-1.655150E-2	1.655150E-2	-4.214795E-4	4.214795E-4
-1.240000E+0	-1.629880E-2	1.629880E-2	-4.150446E-4	4.150446E-4
-1.230000E+0	-1.613650E-2	1.613650E-2	-4.109116E-4	4.109116E-4
-1.220000E+0	-1.625110E-2	1.625110E-2	-4.138299E-4	4.138299E-4
-1.210000E+0	-1.542670E-2	1.542670E-2	-3.928368E-4	3.928368E-4
-1.200000E+0	-1.549810E-2	1.549810E-2	-3.946549E-4	3.946549E-4
-1.190000E+0	-1.543110E-2	1.543110E-2	-3.929488E-4	3.929488E-4
-1.180000E+0	-1.501430E-2	1.501430E-2	-3.823351E-4	3.823351E-4
-1.170000E+0	-1.581860E-2	1.581860E-2	-4.028164E-4	4.028164E-4
-1.160000E+0	-1.620670E-2	1.620670E-2	-4.126993E-4	4.126993E-4
-1.150000E+0	-1.587550E-2	1.587550E-2	-4.042653E-4	4.042653E-4
-1.140000E+0	-1.557150E-2	1.557150E-2	-3.965241E-4	3.965241E-4
-1.130000E+0	-1.554360E-2	1.554360E-2	-3.958136E-4	3.958136E-4
-1.120000E+0	-1.538300E-2	1.538300E-2	-3.917240E-4	3.917240E-4
-1.110000E+0	-1.524300E-2	1.524300E-2	-3.881589E-4	3.881589E-4
-1.100000E+0	-1.494150E-2	1.494150E-2	-3.804813E-4	3.804813E-4
-1.090000E+0	-1.492400E-2	1.492400E-2	-3.800356E-4	3.800356E-4
-1.080000E+0	-1.493640E-2	1.493640E-2	-3.803514E-4	3.803514E-4
-1.070000E+0	-1.480320E-2	1.480320E-2	-3.769595E-4	3.769595E-4
-1.060000E+0	-1.471130E-2	1.471130E-2	-3.746193E-4	3.746193E-4
-1.050000E+0	-1.460050E-2	1.460050E-2	-3.717978E-4	3.717978E-4
-1.040000E+0	-1.446330E-2	1.446330E-2	-3.683040E-4	3.683040E-4
-1.030000E+0	-1.432250E-2	1.432250E-2	-3.647186E-4	3.647186E-4
-1.020000E+0	-1.427880E-2	1.427880E-2	-3.636058E-4	3.636058E-4
-1.010000E+0	-1.392920E-2	1.392920E-2	-3.547033E-4	3.547033E-4
-1.000000E+0	-1.349430E-2	1.349430E-2	-3.436287E-4	3.436287E-4
-9.900000E-1	-1.332830E-2	1.332830E-2	-3.394016E-4	3.394016E-4
-9.800000E-1	-1.274900E-2	1.274900E-2	-3.246499E-4	3.246499E-4
-9.700000E-1	-1.279680E-2	1.279680E-2	-3.258671E-4	3.258671E-4
-9.600000E-1	-1.251480E-2	1.251480E-2	-3.186860E-4	3.186860E-4
-9.500000E-1	-1.210820E-2	1.210820E-2	-3.083321E-4	3.083321E-4
-9.400000E-1	-1.169010E-2	1.169010E-2	-2.976853E-4	2.976853E-4
-9.300000E-1	-1.214120E-2	1.214120E-2	-3.091724E-4	3.091724E-4
-9.200000E-1	-1.195880E-2	1.195880E-2	-3.045276E-4	3.045276E-4
-9.100000E-1	-1.186440E-2	1.186440E-2	-3.021238E-4	3.021238E-4
-9.000000E-1	-1.166380E-2	1.166380E-2	-2.970155E-4	2.970155E-4
-8.900000E-1	-1.146260E-2	1.146260E-2	-2.918920E-4	2.918920E-4
-8.800000E-1	-1.125860E-2	1.125860E-2	-2.866972E-4	2.866972E-4
-8.700000E-1	-1.106360E-2	1.106360E-2	-2.817316E-4	2.817316E-4
-8.600000E-1	-1.068660E-2	1.068660E-2	-2.721314E-4	2.721314E-4
-8.500000E-1	-1.047730E-2	1.047730E-2	-2.668016E-4	2.668016E-4
-8.400000E-1	-1.034030E-2	1.034030E-2	-2.633130E-4	2.633130E-4
-8.300000E-1	-1.021410E-2	1.021410E-2	-2.600993E-4	2.600993E-4
-8.200000E-1	-1.008440E-2	1.008440E-2	-2.567965E-4	2.567965E-4
-8.100000E-1	-9.937650E-3	9.937650E-3	-2.530596E-4	2.530596E-4
-8.000000E-1	-9.818230E-3	9.818230E-3	-2.500186E-4	2.500186E-4
-7.900000E-1	-9.636240E-3	9.636240E-3	-2.453843E-4	2.453843E-4
-7.800000E-1	-9.439490E-3	9.439490E-3	-2.403741E-4	2.403741E-4
-7.700000E-1	-9.267380E-3	9.267380E-3	-2.359913E-4	2.359913E-4
-7.600000E-1	-9.295650E-3	9.295650E-3	-2.367112E-4	2.367112E-4
-7.500000E-1	-9.176110E-3	9.176110E-3	-2.336672E-4	2.336672E-4
-7.400000E-1	-9.029120E-3	9.029120E-3	-2.299241E-4	2.299241E-4
-7.300000E-1	-8.912710E-3	8.912710E-3	-2.269598E-4	2.269598E-4
-7.200000E-1	-8.781990E-3	8.781990E-3	-2.236310E-4	2.236310E-4
-7.100000E-1	-8.663680E-3	8.663680E-3	-2.206183E-4	2.206183E-4
-7.000000E-1	-8.526350E-3	8.526350E-3	-2.171212E-4	2.171212E-4
-6.900000E-1	-8.393800E-3	8.393800E-3	-2.137459E-4	2.137459E-4
-6.800000E-1	-8.250050E-3	8.250050E-3	-2.100853E-4	2.100853E-4
-6.700000E-1	-8.152240E-3	8.152240E-3	-2.075946E-4	2.075946E-4
-6.600000E-1	-8.002860E-3	8.002860E-3	-2.037907E-4	2.037907E-4
-6.500000E-1	-7.893580E-3	7.893580E-3	-2.010079E-4	2.010079E-4
-6.400000E-1	-7.775480E-3	7.775480E-3	-1.980005E-4	1.980005E-4
-6.300000E-1	-7.643740E-3	7.643740E-3	-1.946458E-4	1.946458E-4
-6.200000E-1	-7.496910E-3	7.496910E-3	-1.909068E-4	1.909068E-4
-6.100000E-1	-7.352840E-3	7.352840E-3	-1.872381E-4	1.872381E-4
-6.000000E-1	-7.204450E-3	7.204450E-3	-1.834594E-4	1.834594E-4
-5.900000E-1	-7.064290E-3	7.064290E-3	-1.798902E-4	1.798902E-4
-5.800000E-1	-6.939280E-3	6.939280E-3	-1.767069E-4	1.767069E-4
-5.700000E-1	-6.806920E-3	6.806920E-3	-1.733364E-4	1.733364E-4
-5.600000E-1	-6.675320E-3	6.675320E-3	-1.699852E-4	1.699852E-4
-5.500000E-1	-6.534690E-3	6.534690E-3	-1.664041E-4	1.664041E-4
-5.400000E-1	-6.388420E-3	6.388420E-3	-1.626794E-4	1.626794E-4
-5.300000E-1	-6.240710E-3	6.240710E-3	-1.589180E-4	1.589180E-4
-5.200000E-1	-6.102520E-3	6.102520E-3	-1.553990E-4	1.553990E-4
-5.100000E-1	-5.965230E-3	5.965230E-3	-1.519030E-4	1.519030E-4
-5.000000E-1	-5.823000E-3	5.823000E-3	-1.482811E-4	1.482811E-4
-4.900000E-1	-5.696570E-3	5.696570E-3	-1.450616E-4	1.450616E-4
-4.800000E-1	-5.557270E-3	5.557270E-3	-1.415144E-4	1.415144E-4
-4.700000E-1	-5.407380E-3	5.407380E-3	-1.376975E-4	1.376975E-4
-4.600000E-1	-5.268180E-3	5.268180E-3	-1.341528E-4	1.341528E-4
-4.500000E-1	-5.117100E-3	5.117100E-3	-1.303056E-4	1.303056E-4
-4.400000E-1	-4.958270E-3	4.958270E-3	-1.262610E-4	1.262610E-4
-4.300000E-1	-4.827020E-3	4.827020E-3	-1.229188E-4	1.229188E-4
-4.200000E-1	-4.697180E-3	4.697180E-3	-1.196124E-4	1.196124E-4
-4.100000E-1	-4.568460E-3	4.568460E-3	-1.163346E-4	1.163346E-4
-4.000000E-1	-4.445360E-3	4.445360E-3	-1.131999E-4	1.131999E-4
-3.900000E-1	-4.305800E-3	4.305800E-3	-1.096460E-4	1.096460E-4
-3.800000E-1	-4.186050E-3	4.186050E-3	-1.065966E-4	1.065966E-4
-3.700000E-1	-4.062260E-3	4.062260E-3	-1.034444E-4	1.034444E-4
-3.600000E-1	-3.928860E-3	3.928860E-3	-1.000474E-4	1.000474E-4
-3.500000E-1	-3.805240E-3	3.805240E-3	-9.689941E-5	9.689941E-5
-3.400000E-1	-3.672610E-3	3.672610E-3	-9.352203E-5	9.352203E-5
-3.300000E-1	-3.550400E-3	3.550400E-3	-9.040998E-5	9.040998E-5
-3.200000E-1	-3.430900E-3	3.430900E-3	-8.736695E-5	8.736695E-5
-3.100000E-1	-3.309390E-3	3.309390E-3	-8.427273E-5	8.427273E-5
-3.000000E-1	-3.193620E-3	3.193620E-3	-8.132467E-5	8.132467E-5
-2.900000E-1	-3.082980E-3	3.082980E-3	-7.850726E-5	7.850726E-5
-2.800000E-1	-2.967200E-3	2.967200E-3	-7.555895E-5	7.555895E-5
-2.700000E-1	-2.844970E-3	2.844970E-3	-7.244640E-5	7.244640E-5
-2.600000E-1	-2.731880E-3	2.731880E-3	-6.956659E-5	6.956659E-5
-2.500000E-1	-2.622430E-3	2.622430E-3	-6.677947E-5	6.677947E-5
-2.400000E-1	-2.509140E-3	2.509140E-3	-6.389458E-5	6.389458E-5
-2.300000E-1	-2.390630E-3	2.390630E-3	-6.087675E-5	6.087675E-5
-2.200000E-1	-2.275930E-3	2.275930E-3	-5.795595E-5	5.795595E-5
-2.100000E-1	-2.163550E-3	2.163550E-3	-5.509422E-5	5.509422E-5
-2.000000E-1	-2.051850E-3	2.051850E-3	-5.224981E-5	5.224981E-5
-1.900000E-1	-1.945580E-3	1.945580E-3	-4.954367E-5	4.954367E-5
-1.800000E-1	-1.834370E-3	1.834370E-3	-4.671174E-5	4.671174E-5
-1.700000E-1	-1.729520E-3	1.729520E-3	-4.404176E-5	4.404176E-5
-1.600000E-1	-1.624280E-3	1.624280E-3	-4.136185E-5	4.136185E-5
-1.500000E-1	-1.520120E-3	1.520120E-3	-3.870945E-5	3.870945E-5
-1.400000E-1	-1.415260E-3	1.415260E-3	-3.603922E-5	3.603922E-5
-1.300000E-1	-1.312190E-3	1.312190E-3	-3.341457E-5	3.341457E-5
-1.200000E-1	-1.210880E-3	1.210880E-3	-3.083473E-5	3.083473E-5
-1.100000E-1	-1.105490E-3	1.105490E-3	-2.815101E-5	2.815101E-5
-1.000000E-1	-1.002330E-3	1.002330E-3	-2.552406E-5	2.552406E-5
-9.000000E-2	-9.026430E-4	9.026430E-4	-2.298556E-5	2.298556E-5
-8.000000E-2	-8.005220E-4	8.005220E-4	-2.038508E-5	2.038508E-5
-7.000000E-2	-6.978520E-4	6.978520E-4	-1.777061E-5	1.777061E-5
-6.000000E-2	-5.970260E-4	5.970260E-4	-1.520311E-5	1.520311E-5
-5.000000E-2	-4.946220E-4	4.946220E-4	-1.259542E-5	1.259542E-5
-4.000000E-2	-3.938330E-4	3.938330E-4	-1.002885E-5	1.002885E-5
-3.000000E-2	-2.947140E-4	2.947140E-4	-7.504813E-6	7.504813E-6
-2.000000E-2	-1.949550E-4	1.949550E-4	-4.964477E-6	4.964477E-6
-1.000000E-2	-9.758230E-5	9.758230E-5	-2.484907E-6	2.484907E-6
0.000000E+0	-1.168736E-7	1.168736E-7	-2.976155E-9	2.976155E-9
1.000000E-2	9.415550E-5	9.415550E-5	2.397644E-6	2.397644E-6
2.000000E-2	1.895450E-4	1.895450E-4	4.826712E-6	4.826712E-6
3.000000E-2	2.829400E-4	2.829400E-4	7.204991E-6	7.204991E-6
4.000000E-2	3.765140E-4	3.765140E-4	9.587828E-6	9.587828E-6
5.000000E-2	4.694640E-4	4.694640E-4	1.195477E-5	1.195477E-5
6.000000E-2	5.619250E-4	5.619250E-4	1.430927E-5	1.430927E-5
7.000000E-2	6.561070E-4	6.561070E-4	1.670759E-5	1.670759E-5
8.000000E-2	7.489030E-4	7.489030E-4	1.907061E-5	1.907061E-5
9.000000E-2	8.388050E-4	8.388050E-4	2.135994E-5	2.135994E-5
1.000000E-1	9.286640E-4	9.286640E-4	2.364818E-5	2.364818E-5
1.100000E-1	1.025243E-3	1.025243E-3	2.610754E-5	2.610754E-5
1.200000E-1	1.119108E-3	1.119108E-3	2.849778E-5	2.849778E-5
1.300000E-1	1.208150E-3	1.208150E-3	3.076521E-5	3.076521E-5
1.400000E-1	1.296110E-3	1.296110E-3	3.300509E-5	3.300509E-5
1.500000E-1	1.384540E-3	1.384540E-3	3.525694E-5	3.525694E-5
1.600000E-1	1.474750E-3	1.474750E-3	3.755411E-5	3.755411E-5
1.700000E-1	1.563680E-3	1.563680E-3	3.981869E-5	3.981869E-5
1.800000E-1	1.656150E-3	1.656150E-3	4.217341E-5	4.217341E-5
1.900000E-1	1.740870E-3	1.740870E-3	4.433079E-5	4.433079E-5
2.000000E-1	1.828180E-3	1.828180E-3	4.655411E-5	4.655411E-5
2.100000E-1	1.918450E-3	1.918450E-3	4.885281E-5	4.885281E-5
2.200000E-1	2.010020E-3	2.010020E-3	5.118462E-5	5.118462E-5
2.300000E-1	2.098380E-3	2.098380E-3	5.343468E-5	5.343468E-5
2.400000E-1	2.192450E-3	2.192450E-3	5.583015E-5	5.583015E-5
2.500000E-1	2.281300E-3	2.281300E-3	5.809269E-5	5.809269E-5
2.600000E-1	2.375000E-3	2.375000E-3	6.047874E-5	6.047874E-5
2.700000E-1	2.491790E-3	2.491790E-3	6.345276E-5	6.345276E-5
2.800000E-1	2.716830E-3	2.716830E-3	6.918335E-5	6.918335E-5
2.900000E-1	2.858780E-3	2.858780E-3	7.279806E-5	7.279806E-5
3.000000E-1	2.964940E-3	2.964940E-3	7.550140E-5	7.550140E-5
3.100000E-1	3.081950E-3	3.081950E-3	7.848103E-5	7.848103E-5
3.200000E-1	3.168000E-3	3.168000E-3	8.067227E-5	8.067227E-5
3.300000E-1	3.275840E-3	3.275840E-3	8.341838E-5	8.341838E-5
3.400000E-1	3.373190E-3	3.373190E-3	8.589738E-5	8.589738E-5
3.500000E-1	3.475560E-3	3.475560E-3	8.850420E-5	8.850420E-5
3.600000E-1	3.584140E-3	3.584140E-3	9.126916E-5	9.126916E-5
3.700000E-1	3.692500E-3	3.692500E-3	9.402852E-5	9.402852E-5
3.800000E-1	3.790890E-3	3.790890E-3	9.653399E-5	9.653399E-5
3.900000E-1	3.903030E-3	3.903030E-3	9.938961E-5	9.938961E-5
4.000000E-1	3.999530E-3	3.999530E-3	1.018470E-4	1.018470E-4
4.100000E-1	4.112930E-3	4.112930E-3	1.047347E-4	1.047347E-4
4.200000E-1	4.217970E-3	4.217970E-3	1.074095E-4	1.074095E-4
4.300000E-1	4.327930E-3	4.327930E-3	1.102096E-4	1.102096E-4
4.400000E-1	4.438110E-3	4.438110E-3	1.130153E-4	1.130153E-4
4.500000E-1	4.555050E-3	4.555050E-3	1.159931E-4	1.159931E-4
4.600000E-1	4.667150E-3	4.667150E-3	1.188477E-4	1.188477E-4
4.700000E-1	4.757830E-3	4.757830E-3	1.211569E-4	1.211569E-4
4.800000E-1	4.856100E-3	4.856100E-3	1.236593E-4	1.236593E-4
4.900000E-1	4.926030E-3	4.926030E-3	1.254400E-4	1.254400E-4
5.000000E-1	5.040850E-3	5.040850E-3	1.283639E-4	1.283639E-4
5.100000E-1	5.146940E-3	5.146940E-3	1.310654E-4	1.310654E-4
5.200000E-1	5.232980E-3	5.232980E-3	1.332564E-4	1.332564E-4
5.300000E-1	5.350040E-3	5.350040E-3	1.362373E-4	1.362373E-4
5.400000E-1	5.464200E-3	5.464200E-3	1.391444E-4	1.391444E-4
5.500000E-1	5.571780E-3	5.571780E-3	1.418839E-4	1.418839E-4
5.600000E-1	5.689160E-3	5.689160E-3	1.448729E-4	1.448729E-4
5.700000E-1	5.797910E-3	5.797910E-3	1.476422E-4	1.476422E-4
5.800000E-1	5.899590E-3	5.899590E-3	1.502315E-4	1.502315E-4
5.900000E-1	6.008930E-3	6.008930E-3	1.530158E-4	1.530158E-4
6.000000E-1	6.115480E-3	6.115480E-3	1.557291E-4	1.557291E-4
6.100000E-1	6.194830E-3	6.194830E-3	1.577497E-4	1.577497E-4
6.200000E-1	6.267620E-3	6.267620E-3	1.596033E-4	1.596033E-4
6.300000E-1	6.366320E-3	6.366320E-3	1.621166E-4	1.621166E-4
6.400000E-1	6.401400E-3	6.401400E-3	1.630099E-4	1.630099E-4
6.500000E-1	6.444010E-3	6.444010E-3	1.640950E-4	1.640950E-4
6.600000E-1	6.548580E-3	6.548580E-3	1.667578E-4	1.667578E-4
6.700000E-1	6.610020E-3	6.610020E-3	1.683224E-4	1.683224E-4
6.800000E-1	6.667970E-3	6.667970E-3	1.697981E-4	1.697981E-4
6.900000E-1	6.589040E-3	6.589040E-3	1.677881E-4	1.677881E-4
7.000000E-1	6.584910E-3	6.584910E-3	1.676830E-4	1.676830E-4
7.100000E-1	6.611790E-3	6.611790E-3	1.683675E-4	1.683675E-4
7.200000E-1	6.645760E-3	6.645760E-3	1.692325E-4	1.692325E-4
7.300000E-1	6.574070E-3	6.574070E-3	1.674069E-4	1.674069E-4
7.400000E-1	6.102430E-3	6.102430E-3	1.553967E-4	1.553967E-4
7.500000E-1	5.788860E-3	5.788860E-3	1.474118E-4	1.474118E-4
7.600000E-1	5.919670E-3	5.919670E-3	1.507428E-4	1.507428E-4
7.700000E-1	5.479710E-3	5.479710E-3	1.395393E-4	1.395393E-4
7.800000E-1	4.888770E-3	4.888770E-3	1.244912E-4	1.244912E-4
7.900000E-1	4.528550E-3	4.528550E-3	1.153183E-4	1.153183E-4
8.000000E-1	5.074720E-3	5.074720E-3	1.292264E-4	1.292264E-4
8.100000E-1	7.661530E-3	7.661530E-3	1.950988E-4	1.950988E-4
8.200000E-1	7.509380E-3	7.509380E-3	1.912243E-4	1.912243E-4
8.300000E-1	6.964190E-3	6.964190E-3	1.773412E-4	1.773412E-4
8.400000E-1	6.948480E-3	6.948480E-3	1.769412E-4	1.769412E-4
8.500000E-1	7.378880E-3	7.378880E-3	1.879012E-4	1.879012E-4
8.600000E-1	7.465620E-3	7.465620E-3	1.901100E-4	1.901100E-4
8.700000E-1	7.521930E-3	7.521930E-3	1.915439E-4	1.915439E-4
8.800000E-1	7.548010E-3	7.548010E-3	1.922080E-4	1.922080E-4
8.900000E-1	7.670690E-3	7.670690E-3	1.953321E-4	1.953321E-4
9.000000E-1	7.880720E-3	7.880720E-3	2.006804E-4	2.006804E-4
9.100000E-1	8.057710E-3	8.057710E-3	2.051874E-4	2.051874E-4
9.200000E-1	8.386330E-3	8.386330E-3	2.135556E-4	2.135556E-4
9.300000E-1	8.600580E-3	8.600580E-3	2.190115E-4	2.190115E-4
9.400000E-1	8.756330E-3	8.756330E-3	2.229776E-4	2.229776E-4
9.500000E-1	8.989360E-3	8.989360E-3	2.289116E-4	2.289116E-4
9.600000E-1	9.246020E-3	9.246020E-3	2.354474E-4	2.354474E-4
9.700000E-1	9.567270E-3	9.567270E-3	2.436280E-4	2.436280E-4
9.800000E-1	9.744280E-3	9.744280E-3	2.481355E-4	2.481355E-4
9.900000E-1	9.972770E-3	9.972770E-3	2.539539E-4	2.539539E-4
1.000000E+0	1.009691E-2	1.009691E-2	2.571151E-4	2.571151E-4
1.010000E+0	1.022919E-2	1.022919E-2	2.604836E-4	2.604836E-4
1.020000E+0	1.047952E-2	1.047952E-2	2.668582E-4	2.668582E-4
1.030000E+0	1.071477E-2	1.071477E-2	2.728487E-4	2.728487E-4
1.040000E+0	1.100422E-2	1.100422E-2	2.802195E-4	2.802195E-4
1.050000E+0	1.129210E-2	1.129210E-2	2.875503E-4	2.875503E-4
1.060000E+0	1.164200E-2	1.164200E-2	2.964604E-4	2.964604E-4
1.070000E+0	1.185150E-2	1.185150E-2	3.017953E-4	3.017953E-4
1.080000E+0	1.213060E-2	1.213060E-2	3.089025E-4	3.089025E-4
1.090000E+0	1.237200E-2	1.237200E-2	3.150497E-4	3.150497E-4
1.100000E+0	1.248050E-2	1.248050E-2	3.178126E-4	3.178126E-4
1.110000E+0	1.249870E-2	1.249870E-2	3.182760E-4	3.182760E-4
1.120000E+0	1.256630E-2	1.256630E-2	3.199974E-4	3.199974E-4
1.130000E+0	1.275780E-2	1.275780E-2	3.248739E-4	3.248739E-4
1.140000E+0	1.299680E-2	1.299680E-2	3.309600E-4	3.309600E-4
1.150000E+0	1.313660E-2	1.313660E-2	3.345200E-4	3.345200E-4
1.160000E+0	1.338750E-2	1.338750E-2	3.409091E-4	3.409091E-4
1.170000E+0	1.398620E-2	1.398620E-2	3.561548E-4	3.561548E-4
1.180000E+0	1.411290E-2	1.411290E-2	3.593812E-4	3.593812E-4
1.190000E+0	1.409090E-2	1.409090E-2	3.588210E-4	3.588210E-4
1.200000E+0	1.438260E-2	1.438260E-2	3.662490E-4	3.662490E-4
1.210000E+0	1.460090E-2	1.460090E-2	3.718080E-4	3.718080E-4
1.220000E+0	1.466750E-2	1.466750E-2	3.735039E-4	3.735039E-4
1.230000E+0	1.452760E-2	1.452760E-2	3.699414E-4	3.699414E-4
1.240000E+0	1.484350E-2	1.484350E-2	3.779857E-4	3.779857E-4
1.250000E+0	1.472340E-2	1.472340E-2	3.749274E-4	3.749274E-4
1.260000E+0	1.477830E-2	1.477830E-2	3.763254E-4	3.763254E-4
1.270000E+0	1.471810E-2	1.471810E-2	3.747925E-4	3.747925E-4
1.280000E+0	1.440240E-2	1.440240E-2	3.667532E-4	3.667532E-4
1.290000E+0	1.372450E-2	1.372450E-2	3.494907E-4	3.494907E-4
1.300000E+0	1.344870E-2	1.344870E-2	3.424675E-4	3.424675E-4
1.310000E+0	1.348140E-2	1.348140E-2	3.433002E-4	3.433002E-4
1.320000E+0	1.345310E-2	1.345310E-2	3.425796E-4	3.425796E-4
1.330000E+0	1.384920E-2	1.384920E-2	3.526662E-4	3.526662E-4
1.340000E+0	1.404970E-2	1.404970E-2	3.577718E-4	3.577718E-4
1.350000E+0	1.443140E-2	1.443140E-2	3.674917E-4	3.674917E-4
1.360000E+0	1.482990E-2	1.482990E-2	3.776394E-4	3.776394E-4
1.370000E+0	1.490770E-2	1.490770E-2	3.796206E-4	3.796206E-4
1.380000E+0	1.521800E-2	1.521800E-2	3.875223E-4	3.875223E-4
1.390000E+0	1.571550E-2	1.571550E-2	4.001910E-4	4.001910E-4
1.400000E+0	1.624170E-2	1.624170E-2	4.135905E-4	4.135905E-4
1.410000E+0	1.714130E-2	1.714130E-2	4.364986E-4	4.364986E-4
1.420000E+0	1.748670E-2	1.748670E-2	4.452941E-4	4.452941E-4
1.430000E+0	1.781880E-2	1.781880E-2	4.537509E-4	4.537509E-4
1.440000E+0	1.778940E-2	1.778940E-2	4.530023E-4	4.530023E-4
1.450000E+0	1.779990E-2	1.779990E-2	4.532697E-4	4.532697E-4
1.460000E+0	2.183810E-2	2.183810E-2	5.561013E-4	5.561013E-4
1.470000E+0	2.208480E-2	2.208480E-2	5.623835E-4	5.623835E-4
1.480000E+0	2.322180E-2	2.322180E-2	5.913369E-4	5.913369E-4
1.490000E+0	2.443550E-2	2.443550E-2	6.222434E-4	6.222434E-4
1.500000E+0	2.560500E-2	2.560500E-2	6.520244E-4	6.520244E-4
