

16:53:44	19/03/21


Ell Cont: 5,0x10,0

SMU1	V name:		V1
	I name:		I1
	Mode:		V
	Function:	VAR1
SMU2	V name:		V2
	I name:		I2
	Mode:		common
	Function:	const.
SMU3	off
SMU4	off
VMUs	off

Primary Source (VAR1):	single
	Sweep Spacing:	linear
	Start:		-0.500000
	Stop:		0.500000
	Step:		0.010000
	Compliance:	0.050000
Power Compliance OFF

Timing:		Integration Time:	medium
	Delay Time (sec):	0.000000
	Hold Time (sec):	0.000000
	Wait Time (sec):	1.000000

Secondary Source (VAR2):	OFF


   V1	   I1	Abs(I)	J (A\um²)	Abs(J)
-5.000000E-1	-1.373980E-9	1.373980E-9	-3.498803E-11	3.498803E-11
-4.900000E-1	1.569810E-9	1.569810E-9	3.997479E-11	3.997479E-11
-4.800000E-1	2.741990E-9	2.741990E-9	6.982404E-11	6.982404E-11
-4.700000E-1	3.339530E-9	3.339530E-9	8.504023E-11	8.504023E-11
-4.600000E-1	3.681640E-9	3.681640E-9	9.375197E-11	9.375197E-11
-4.500000E-1	3.932430E-9	3.932430E-9	1.001383E-10	1.001383E-10
-4.400000E-1	4.127660E-9	4.127660E-9	1.051098E-10	1.051098E-10
-4.300000E-1	4.321340E-9	4.321340E-9	1.100418E-10	1.100418E-10
-4.200000E-1	4.486210E-9	4.486210E-9	1.142401E-10	1.142401E-10
-4.100000E-1	4.660900E-9	4.660900E-9	1.186886E-10	1.186886E-10
-4.000000E-1	4.837790E-9	4.837790E-9	1.231930E-10	1.231930E-10
-3.900000E-1	5.014990E-9	5.014990E-9	1.277054E-10	1.277054E-10
-3.800000E-1	5.212570E-9	5.212570E-9	1.327367E-10	1.327367E-10
-3.700000E-1	5.401250E-9	5.401250E-9	1.375414E-10	1.375414E-10
-3.600000E-1	5.596590E-9	5.596590E-9	1.425157E-10	1.425157E-10
-3.500000E-1	5.805920E-9	5.805920E-9	1.478462E-10	1.478462E-10
-3.400000E-1	6.025420E-9	6.025420E-9	1.534357E-10	1.534357E-10
-3.300000E-1	6.254680E-9	6.254680E-9	1.592737E-10	1.592737E-10
-3.200000E-1	6.490610E-9	6.490610E-9	1.652816E-10	1.652816E-10
-3.100000E-1	6.741450E-9	6.741450E-9	1.716692E-10	1.716692E-10
-3.000000E-1	7.005800E-9	7.005800E-9	1.784008E-10	1.784008E-10
-2.900000E-1	7.281320E-9	7.281320E-9	1.854169E-10	1.854169E-10
-2.800000E-1	7.554260E-9	7.554260E-9	1.923672E-10	1.923672E-10
-2.700000E-1	7.863440E-9	7.863440E-9	2.002404E-10	2.002404E-10
-2.600000E-1	8.201590E-9	8.201590E-9	2.088513E-10	2.088513E-10
-2.500000E-1	8.519430E-9	8.519430E-9	2.169450E-10	2.169450E-10
-2.400000E-1	8.898700E-9	8.898700E-9	2.266030E-10	2.266030E-10
-2.300000E-1	9.233260E-9	9.233260E-9	2.351225E-10	2.351225E-10
-2.200000E-1	9.732800E-9	9.732800E-9	2.478431E-10	2.478431E-10
-2.100000E-1	1.324370E-8	1.324370E-8	3.372473E-10	3.372473E-10
-2.000000E-1	1.399360E-8	1.399360E-8	3.563433E-10	3.563433E-10
-1.900000E-1	1.459710E-8	1.459710E-8	3.717112E-10	3.717112E-10
-1.800000E-1	1.525290E-8	1.525290E-8	3.884110E-10	3.884110E-10
-1.700000E-1	1.586220E-8	1.586220E-8	4.039267E-10	4.039267E-10
-1.600000E-1	1.654890E-8	1.654890E-8	4.214133E-10	4.214133E-10
-1.500000E-1	1.724390E-8	1.724390E-8	4.391113E-10	4.391113E-10
-1.400000E-1	1.793530E-8	1.793530E-8	4.567176E-10	4.567176E-10
-1.300000E-1	1.872060E-8	1.872060E-8	4.767150E-10	4.767150E-10
-1.200000E-1	1.950120E-8	1.950120E-8	4.965928E-10	4.965928E-10
-1.100000E-1	2.034590E-8	2.034590E-8	5.181029E-10	5.181029E-10
-1.000000E-1	2.119560E-8	2.119560E-8	5.397403E-10	5.397403E-10
-9.000000E-2	2.213980E-8	2.213980E-8	5.637841E-10	5.637841E-10
-8.000000E-2	2.306530E-8	2.306530E-8	5.873517E-10	5.873517E-10
-7.000000E-2	2.411900E-8	2.411900E-8	6.141838E-10	6.141838E-10
-6.000000E-2	2.516610E-8	2.516610E-8	6.408480E-10	6.408480E-10
-5.000000E-2	2.631070E-8	2.631070E-8	6.699949E-10	6.699949E-10
-4.000000E-2	2.746830E-8	2.746830E-8	6.994729E-10	6.994729E-10
-3.000000E-2	2.872870E-8	2.872870E-8	7.315686E-10	7.315686E-10
-2.000000E-2	3.003900E-8	3.003900E-8	7.649351E-10	7.649351E-10
-1.000000E-2	3.138110E-8	3.138110E-8	7.991113E-10	7.991113E-10
0.000000E+0	3.280440E-8	3.280440E-8	8.353552E-10	8.353552E-10
1.000000E-2	3.430720E-8	3.430720E-8	8.736236E-10	8.736236E-10
2.000000E-2	3.591040E-8	3.591040E-8	9.144487E-10	9.144487E-10
3.000000E-2	3.753120E-8	3.753120E-8	9.557219E-10	9.557219E-10
4.000000E-2	3.929170E-8	3.929170E-8	1.000553E-9	1.000553E-9
5.000000E-2	4.108710E-8	4.108710E-8	1.046272E-9	1.046272E-9
6.000000E-2	4.293890E-8	4.293890E-8	1.093428E-9	1.093428E-9
7.000000E-2	4.493700E-8	4.493700E-8	1.144309E-9	1.144309E-9
8.000000E-2	4.697340E-8	4.697340E-8	1.196165E-9	1.196165E-9
9.000000E-2	4.911430E-8	4.911430E-8	1.250682E-9	1.250682E-9
1.000000E-1	5.129960E-8	5.129960E-8	1.306331E-9	1.306331E-9
1.100000E-1	5.364400E-8	5.364400E-8	1.366030E-9	1.366030E-9
1.200000E-1	5.602860E-8	5.602860E-8	1.426753E-9	1.426753E-9
1.300000E-1	5.852630E-8	5.852630E-8	1.490356E-9	1.490356E-9
1.400000E-1	6.107360E-8	6.107360E-8	1.555223E-9	1.555223E-9
1.500000E-1	6.376060E-8	6.376060E-8	1.623647E-9	1.623647E-9
1.600000E-1	6.652260E-8	6.652260E-8	1.693980E-9	1.693980E-9
1.700000E-1	6.934890E-8	6.934890E-8	1.765951E-9	1.765951E-9
1.800000E-1	7.231230E-8	7.231230E-8	1.841413E-9	1.841413E-9
1.900000E-1	7.529830E-8	7.529830E-8	1.917451E-9	1.917451E-9
2.000000E-1	7.842010E-8	7.842010E-8	1.996947E-9	1.996947E-9
2.100000E-1	8.159490E-8	8.159490E-8	2.077792E-9	2.077792E-9
2.200000E-1	8.489140E-8	8.489140E-8	2.161737E-9	2.161737E-9
2.300000E-1	8.820910E-8	8.820910E-8	2.246221E-9	2.246221E-9
2.400000E-1	9.166090E-8	9.166090E-8	2.334120E-9	2.334120E-9
2.500000E-1	9.513680E-8	9.513680E-8	2.422633E-9	2.422633E-9
2.600000E-1	9.582090E-8	9.582090E-8	2.440053E-9	2.440053E-9
2.700000E-1	9.790190E-8	9.790190E-8	2.493046E-9	2.493046E-9
2.800000E-1	9.995800E-8	9.995800E-8	2.545404E-9	2.545404E-9
2.900000E-1	1.051360E-7	1.051360E-7	2.677260E-9	2.677260E-9
3.000000E-1	1.086430E-7	1.086430E-7	2.766565E-9	2.766565E-9
3.100000E-1	1.123230E-7	1.123230E-7	2.860275E-9	2.860275E-9
3.200000E-1	1.160040E-7	1.160040E-7	2.954011E-9	2.954011E-9
3.300000E-1	1.198190E-7	1.198190E-7	3.051159E-9	3.051159E-9
3.400000E-1	1.236580E-7	1.236580E-7	3.148918E-9	3.148918E-9
3.500000E-1	1.276040E-7	1.276040E-7	3.249402E-9	3.249402E-9
3.600000E-1	1.315310E-7	1.315310E-7	3.349402E-9	3.349402E-9
3.700000E-1	1.355690E-7	1.355690E-7	3.452228E-9	3.452228E-9
3.800000E-1	1.396220E-7	1.396220E-7	3.555437E-9	3.555437E-9
3.900000E-1	1.436580E-7	1.436580E-7	3.658212E-9	3.658212E-9
4.000000E-1	1.477850E-7	1.477850E-7	3.763305E-9	3.763305E-9
4.100000E-1	1.518580E-7	1.518580E-7	3.867023E-9	3.867023E-9
4.200000E-1	1.560100E-7	1.560100E-7	3.972753E-9	3.972753E-9
4.300000E-1	1.601180E-7	1.601180E-7	4.077362E-9	4.077362E-9
4.400000E-1	1.643100E-7	1.643100E-7	4.184110E-9	4.184110E-9
4.500000E-1	1.683950E-7	1.683950E-7	4.288133E-9	4.288133E-9
4.600000E-1	1.725830E-7	1.725830E-7	4.394780E-9	4.394780E-9
4.700000E-1	1.766750E-7	1.766750E-7	4.498981E-9	4.498981E-9
4.800000E-1	1.808230E-7	1.808230E-7	4.604609E-9	4.604609E-9
4.900000E-1	1.849790E-7	1.849790E-7	4.710440E-9	4.710440E-9
5.000000E-1	1.890560E-7	1.890560E-7	4.814260E-9	4.814260E-9
