

16:46:10	19/03/21


Ell Cont: 5,0x10,0

SMU1	V name:		V1
	I name:		I1
	Mode:		V
	Function:	VAR1
SMU2	V name:		V2
	I name:		I2
	Mode:		common
	Function:	const.
SMU3	off
SMU4	off
VMUs	off

Primary Source (VAR1):	single
	Sweep Spacing:	linear
	Start:		-0.500000
	Stop:		0.500000
	Step:		0.010000
	Compliance:	0.050000
Power Compliance OFF

Timing:		Integration Time:	medium
	Delay Time (sec):	0.000000
	Hold Time (sec):	0.000000
	Wait Time (sec):	1.000000

Secondary Source (VAR2):	OFF


   V1	   I1	Abs(I)	J (A\µm²)	Abs(J)
-5.000000E-1	-2.573400E-3	2.573400E-3	-6.553094E-5	6.553094E-5
-4.900000E-1	-2.404980E-3	2.404980E-3	-6.124217E-5	6.124217E-5
-4.800000E-1	-2.309830E-3	2.309830E-3	-5.881920E-5	5.881920E-5
-4.700000E-1	-2.205850E-3	2.205850E-3	-5.617138E-5	5.617138E-5
-4.600000E-1	-2.144060E-3	2.144060E-3	-5.459791E-5	5.459791E-5
-4.500000E-1	-2.109010E-3	2.109010E-3	-5.370537E-5	5.370537E-5
-4.400000E-1	-2.051620E-3	2.051620E-3	-5.224395E-5	5.224395E-5
-4.300000E-1	-2.082650E-3	2.082650E-3	-5.303412E-5	5.303412E-5
-4.200000E-1	-1.938020E-3	1.938020E-3	-4.935116E-5	4.935116E-5
-4.100000E-1	-1.879920E-3	1.879920E-3	-4.787166E-5	4.787166E-5
-4.000000E-1	-1.853610E-3	1.853610E-3	-4.720168E-5	4.720168E-5
-3.900000E-1	-1.806210E-3	1.806210E-3	-4.599465E-5	4.599465E-5
-3.800000E-1	-1.785020E-3	1.785020E-3	-4.545505E-5	4.545505E-5
-3.700000E-1	-1.757120E-3	1.757120E-3	-4.474459E-5	4.474459E-5
-3.600000E-1	-1.698170E-3	1.698170E-3	-4.324344E-5	4.324344E-5
-3.500000E-1	-1.659930E-3	1.659930E-3	-4.226967E-5	4.226967E-5
-3.400000E-1	-1.636330E-3	1.636330E-3	-4.166870E-5	4.166870E-5
-3.300000E-1	-1.587960E-3	1.587960E-3	-4.043697E-5	4.043697E-5
-3.200000E-1	-1.533890E-3	1.533890E-3	-3.906010E-5	3.906010E-5
-3.100000E-1	-1.486030E-3	1.486030E-3	-3.784135E-5	3.784135E-5
-3.000000E-1	-1.457610E-3	1.457610E-3	-3.711765E-5	3.711765E-5
-2.900000E-1	-1.404200E-3	1.404200E-3	-3.575758E-5	3.575758E-5
-2.800000E-1	-1.412710E-3	1.412710E-3	-3.597428E-5	3.597428E-5
-2.700000E-1	-1.346590E-3	1.346590E-3	-3.429055E-5	3.429055E-5
-2.600000E-1	-1.289830E-3	1.289830E-3	-3.284517E-5	3.284517E-5
-2.500000E-1	-1.240080E-3	1.240080E-3	-3.157830E-5	3.157830E-5
-2.400000E-1	-1.196740E-3	1.196740E-3	-3.047466E-5	3.047466E-5
-2.300000E-1	-1.151050E-3	1.151050E-3	-2.931118E-5	2.931118E-5
-2.200000E-1	-1.110240E-3	1.110240E-3	-2.827196E-5	2.827196E-5
-2.100000E-1	-1.042180E-3	1.042180E-3	-2.653883E-5	2.653883E-5
-2.000000E-1	-9.575820E-4	9.575820E-4	-2.438457E-5	2.438457E-5
-1.900000E-1	-9.881300E-4	9.881300E-4	-2.516246E-5	2.516246E-5
-1.800000E-1	-9.205950E-4	9.205950E-4	-2.344270E-5	2.344270E-5
-1.700000E-1	-8.363680E-4	8.363680E-4	-2.129789E-5	2.129789E-5
-1.600000E-1	-7.507400E-4	7.507400E-4	-1.911739E-5	1.911739E-5
-1.500000E-1	-7.149160E-4	7.149160E-4	-1.820514E-5	1.820514E-5
-1.400000E-1	-6.807120E-4	6.807120E-4	-1.733415E-5	1.733415E-5
-1.300000E-1	-6.301290E-4	6.301290E-4	-1.604607E-5	1.604607E-5
-1.200000E-1	-5.805210E-4	5.805210E-4	-1.478281E-5	1.478281E-5
-1.100000E-1	-5.228000E-4	5.228000E-4	-1.331296E-5	1.331296E-5
-1.000000E-1	-4.759900E-4	4.759900E-4	-1.212096E-5	1.212096E-5
-9.000000E-2	-4.251150E-4	4.251150E-4	-1.082544E-5	1.082544E-5
-8.000000E-2	-3.776460E-4	3.776460E-4	-9.616654E-6	9.616654E-6
-7.000000E-2	-3.286490E-4	3.286490E-4	-8.368958E-6	8.368958E-6
-6.000000E-2	-2.806220E-4	2.806220E-4	-7.145964E-6	7.145964E-6
-5.000000E-2	-2.320250E-4	2.320250E-4	-5.908454E-6	5.908454E-6
-4.000000E-2	-1.855790E-4	1.855790E-4	-4.725719E-6	4.725719E-6
-3.000000E-2	-1.389940E-4	1.389940E-4	-3.539445E-6	3.539445E-6
-2.000000E-2	-9.254410E-5	9.254410E-5	-2.356611E-6	2.356611E-6
-1.000000E-2	-4.606320E-5	4.606320E-5	-1.172987E-6	1.172987E-6
0.000000E+0	-1.166761E-7	1.166761E-7	-2.971126E-9	2.971126E-9
1.000000E-2	4.525860E-5	4.525860E-5	1.152498E-6	1.152498E-6
2.000000E-2	9.121730E-5	9.121730E-5	2.322824E-6	2.322824E-6
3.000000E-2	1.369220E-4	1.369220E-4	3.486682E-6	3.486682E-6
4.000000E-2	1.813370E-4	1.813370E-4	4.617698E-6	4.617698E-6
5.000000E-2	2.249180E-4	2.249180E-4	5.727476E-6	5.727476E-6
6.000000E-2	2.737190E-4	2.737190E-4	6.970181E-6	6.970181E-6
7.000000E-2	3.202100E-4	3.202100E-4	8.154062E-6	8.154062E-6
8.000000E-2	3.684630E-4	3.684630E-4	9.382811E-6	9.382811E-6
9.000000E-2	4.077520E-4	4.077520E-4	1.038330E-5	1.038330E-5
1.000000E-1	4.447220E-4	4.447220E-4	1.132473E-5	1.132473E-5
1.100000E-1	4.842040E-4	4.842040E-4	1.233012E-5	1.233012E-5
1.200000E-1	5.297770E-4	5.297770E-4	1.349063E-5	1.349063E-5
1.300000E-1	5.710890E-4	5.710890E-4	1.454263E-5	1.454263E-5
1.400000E-1	6.132410E-4	6.132410E-4	1.561602E-5	1.561602E-5
1.500000E-1	6.535780E-4	6.535780E-4	1.664319E-5	1.664319E-5
1.600000E-1	6.981530E-4	6.981530E-4	1.777828E-5	1.777828E-5
1.700000E-1	7.419050E-4	7.419050E-4	1.889241E-5	1.889241E-5
1.800000E-1	7.914330E-4	7.914330E-4	2.015363E-5	2.015363E-5
1.900000E-1	8.363320E-4	8.363320E-4	2.129697E-5	2.129697E-5
2.000000E-1	8.785620E-4	8.785620E-4	2.237235E-5	2.237235E-5
2.100000E-1	9.035690E-4	9.035690E-4	2.300914E-5	2.300914E-5
2.200000E-1	9.195510E-4	9.195510E-4	2.341612E-5	2.341612E-5
2.300000E-1	9.269510E-4	9.269510E-4	2.360456E-5	2.360456E-5
2.400000E-1	9.457840E-4	9.457840E-4	2.408414E-5	2.408414E-5
2.500000E-1	9.855710E-4	9.855710E-4	2.509730E-5	2.509730E-5
2.600000E-1	1.017072E-3	1.017072E-3	2.589946E-5	2.589946E-5
2.700000E-1	1.074876E-3	1.074876E-3	2.737143E-5	2.737143E-5
2.800000E-1	1.139448E-3	1.139448E-3	2.901574E-5	2.901574E-5
2.900000E-1	1.224710E-3	1.224710E-3	3.118691E-5	3.118691E-5
3.000000E-1	1.300240E-3	1.300240E-3	3.311026E-5	3.311026E-5
3.100000E-1	1.353340E-3	1.353340E-3	3.446244E-5	3.446244E-5
3.200000E-1	1.407890E-3	1.407890E-3	3.585154E-5	3.585154E-5
3.300000E-1	1.485310E-3	1.485310E-3	3.782302E-5	3.782302E-5
3.400000E-1	1.547450E-3	1.547450E-3	3.940540E-5	3.940540E-5
3.500000E-1	1.590430E-3	1.590430E-3	4.049987E-5	4.049987E-5
3.600000E-1	1.634460E-3	1.634460E-3	4.162108E-5	4.162108E-5
3.700000E-1	1.665470E-3	1.665470E-3	4.241075E-5	4.241075E-5
3.800000E-1	1.697130E-3	1.697130E-3	4.321696E-5	4.321696E-5
3.900000E-1	1.691800E-3	1.691800E-3	4.308123E-5	4.308123E-5
4.000000E-1	1.691830E-3	1.691830E-3	4.308200E-5	4.308200E-5
4.100000E-1	1.762060E-3	1.762060E-3	4.487038E-5	4.487038E-5
4.200000E-1	1.854830E-3	1.854830E-3	4.723275E-5	4.723275E-5
4.300000E-1	1.932010E-3	1.932010E-3	4.919812E-5	4.919812E-5
4.400000E-1	2.006960E-3	2.006960E-3	5.110670E-5	5.110670E-5
4.500000E-1	2.094010E-3	2.094010E-3	5.332340E-5	5.332340E-5
4.600000E-1	2.155110E-3	2.155110E-3	5.487930E-5	5.487930E-5
4.700000E-1	2.182160E-3	2.182160E-3	5.556812E-5	5.556812E-5
4.800000E-1	2.246960E-3	2.246960E-3	5.721823E-5	5.721823E-5
4.900000E-1	2.296930E-3	2.296930E-3	5.849070E-5	5.849070E-5
5.000000E-1	2.382590E-3	2.382590E-3	6.067201E-5	6.067201E-5
