#
#
#17:32:10	09/02/21
#
#
#Ell Cont: 5,0x10,0
#
#SMU1	V name:		V1
#	I name:		I1
#	Mode:		V
#	Function:	VAR1
#SMU2	V name:		V2
#	I name:		I2
#	Mode:		common
#	Function:	const.
#SMU3	off
#SMU4	off
#VMUs	off
#
#Primary Source (VAR1):	single
#	Sweep Spacing:	linear
#	Start:		-0.500000
#	Stop:		0.500000
#	Step:		0.010000
#	Compliance:	0.050000
#Power Compliance OFF
#
#Timing:		Integration Time:	medium
#	Delay Time (sec):	0.000000
#	Hold Time (sec):	0.000000
#	Wait Time (sec):	1.000000
#
#Secondary Source (VAR2):	OFF
#
#
#   V1	   I1	Abs(I)	J (A\um²)	Abs(J)
-5.000000E-1	-1.574180E-6	1.574180E-6	-4.008607E-8	4.008607E-8
-4.900000E-1	-1.513290E-6	1.513290E-6	-3.853552E-8	3.853552E-8
-4.800000E-1	-1.455440E-6	1.455440E-6	-3.706239E-8	3.706239E-8
-4.700000E-1	-1.398900E-6	1.398900E-6	-3.562261E-8	3.562261E-8
-4.600000E-1	-1.345100E-6	1.345100E-6	-3.425261E-8	3.425261E-8
-4.500000E-1	-1.293150E-6	1.293150E-6	-3.292972E-8	3.292972E-8
-4.400000E-1	-1.238320E-6	1.238320E-6	-3.153349E-8	3.153349E-8
-4.300000E-1	-1.185580E-6	1.185580E-6	-3.019048E-8	3.019048E-8
-4.200000E-1	-1.135940E-6	1.135940E-6	-2.892641E-8	2.892641E-8
-4.100000E-1	-1.087620E-6	1.087620E-6	-2.769595E-8	2.769595E-8
-4.000000E-1	-1.040440E-6	1.040440E-6	-2.649452E-8	2.649452E-8
-3.900000E-1	-9.931600E-7	9.931600E-7	-2.529055E-8	2.529055E-8
-3.800000E-1	-9.506950E-7	9.506950E-7	-2.420919E-8	2.420919E-8
-3.700000E-1	-9.071340E-7	9.071340E-7	-2.309992E-8	2.309992E-8
-3.600000E-1	-8.639640E-7	8.639640E-7	-2.200061E-8	2.200061E-8
-3.500000E-1	-8.211070E-7	8.211070E-7	-2.090927E-8	2.090927E-8
-3.400000E-1	-7.812440E-7	7.812440E-7	-1.989417E-8	1.989417E-8
-3.300000E-1	-7.408840E-7	7.408840E-7	-1.886641E-8	1.886641E-8
-3.200000E-1	-7.027650E-7	7.027650E-7	-1.789572E-8	1.789572E-8
-3.100000E-1	-6.655050E-7	6.655050E-7	-1.694691E-8	1.694691E-8
-3.000000E-1	-6.297480E-7	6.297480E-7	-1.603636E-8	1.603636E-8
-2.900000E-1	-5.945610E-7	5.945610E-7	-1.514034E-8	1.514034E-8
-2.800000E-1	-5.596220E-7	5.596220E-7	-1.425062E-8	1.425062E-8
-2.700000E-1	-5.265520E-7	5.265520E-7	-1.340851E-8	1.340851E-8
-2.600000E-1	-4.945630E-7	4.945630E-7	-1.259391E-8	1.259391E-8
-2.500000E-1	-4.629180E-7	4.629180E-7	-1.178808E-8	1.178808E-8
-2.400000E-1	-4.330600E-7	4.330600E-7	-1.102776E-8	1.102776E-8
-2.300000E-1	-4.043300E-7	4.043300E-7	-1.029615E-8	1.029615E-8
-2.200000E-1	-3.748390E-7	3.748390E-7	-9.545174E-9	9.545174E-9
-2.100000E-1	-3.486210E-7	3.486210E-7	-8.877540E-9	8.877540E-9
-2.000000E-1	-3.227620E-7	3.227620E-7	-8.219048E-9	8.219048E-9
-1.900000E-1	-2.979880E-7	2.979880E-7	-7.588184E-9	7.588184E-9
-1.800000E-1	-2.738910E-7	2.738910E-7	-6.974561E-9	6.974561E-9
-1.700000E-1	-2.513830E-7	2.513830E-7	-6.401400E-9	6.401400E-9
-1.600000E-1	-2.293620E-7	2.293620E-7	-5.840642E-9	5.840642E-9
-1.500000E-1	-2.083650E-7	2.083650E-7	-5.305959E-9	5.305959E-9
-1.400000E-1	-1.887890E-7	1.887890E-7	-4.807461E-9	4.807461E-9
-1.300000E-1	-1.701970E-7	1.701970E-7	-4.334021E-9	4.334021E-9
-1.200000E-1	-1.524350E-7	1.524350E-7	-3.881716E-9	3.881716E-9
-1.100000E-1	-1.356570E-7	1.356570E-7	-3.454469E-9	3.454469E-9
-1.000000E-1	-1.199080E-7	1.199080E-7	-3.053425E-9	3.053425E-9
-9.000000E-2	-1.049640E-7	1.049640E-7	-2.672880E-9	2.672880E-9
-8.000000E-2	-9.119820E-8	9.119820E-8	-2.322338E-9	2.322338E-9
-7.000000E-2	-7.743610E-8	7.743610E-8	-1.971889E-9	1.971889E-9
-6.000000E-2	-6.484510E-8	6.484510E-8	-1.651263E-9	1.651263E-9
-5.000000E-2	-5.284660E-8	5.284660E-8	-1.345724E-9	1.345724E-9
-4.000000E-2	-4.151250E-8	4.151250E-8	-1.057105E-9	1.057105E-9
-3.000000E-2	-3.050380E-8	3.050380E-8	-7.767711E-10	7.767711E-10
-2.000000E-2	-1.995080E-8	1.995080E-8	-5.080418E-10	5.080418E-10
-1.000000E-2	-1.003255E-8	1.003255E-8	-2.554762E-10	2.554762E-10
0.000000E+0	1.600900E-10	1.600900E-10	4.076649E-12	4.076649E-12
1.000000E-2	1.035450E-8	1.035450E-8	2.636746E-10	2.636746E-10
2.000000E-2	2.110040E-8	2.110040E-8	5.373160E-10	5.373160E-10
3.000000E-2	3.164900E-8	3.164900E-8	8.059333E-10	8.059333E-10
4.000000E-2	4.277340E-8	4.277340E-8	1.089213E-9	1.089213E-9
5.000000E-2	5.409050E-8	5.409050E-8	1.377400E-9	1.377400E-9
6.000000E-2	6.607930E-8	6.607930E-8	1.682692E-9	1.682692E-9
7.000000E-2	7.872490E-8	7.872490E-8	2.004708E-9	2.004708E-9
8.000000E-2	9.177380E-8	9.177380E-8	2.336995E-9	2.336995E-9
9.000000E-2	1.054910E-7	1.054910E-7	2.686300E-9	2.686300E-9
1.000000E-1	1.205180E-7	1.205180E-7	3.068958E-9	3.068958E-9
1.100000E-1	1.366110E-7	1.366110E-7	3.478762E-9	3.478762E-9
1.200000E-1	1.532150E-7	1.532150E-7	3.901579E-9	3.901579E-9
1.300000E-1	1.708680E-7	1.708680E-7	4.351108E-9	4.351108E-9
1.400000E-1	1.889080E-7	1.889080E-7	4.810491E-9	4.810491E-9
1.500000E-1	2.086630E-7	2.086630E-7	5.313547E-9	5.313547E-9
1.600000E-1	2.290120E-7	2.290120E-7	5.831729E-9	5.831729E-9
1.700000E-1	2.501050E-7	2.501050E-7	6.368857E-9	6.368857E-9
1.800000E-1	2.725540E-7	2.725540E-7	6.940514E-9	6.940514E-9
1.900000E-1	2.957950E-7	2.957950E-7	7.532340E-9	7.532340E-9
2.000000E-1	3.211660E-7	3.211660E-7	8.178406E-9	8.178406E-9
2.100000E-1	3.454050E-7	3.454050E-7	8.795645E-9	8.795645E-9
2.200000E-1	3.716950E-7	3.716950E-7	9.465113E-9	9.465113E-9
2.300000E-1	3.988550E-7	3.988550E-7	1.015674E-8	1.015674E-8
2.400000E-1	4.277490E-7	4.277490E-7	1.089251E-8	1.089251E-8
2.500000E-1	4.573870E-7	4.573870E-7	1.164724E-8	1.164724E-8
2.600000E-1	4.870940E-7	4.870940E-7	1.240372E-8	1.240372E-8
2.700000E-1	5.202520E-7	5.202520E-7	1.324808E-8	1.324808E-8
2.800000E-1	5.527060E-7	5.527060E-7	1.407451E-8	1.407451E-8
2.900000E-1	5.877590E-7	5.877590E-7	1.496712E-8	1.496712E-8
3.000000E-1	6.225300E-7	6.225300E-7	1.585256E-8	1.585256E-8
3.100000E-1	6.585910E-7	6.585910E-7	1.677084E-8	1.677084E-8
3.200000E-1	6.935410E-7	6.935410E-7	1.766084E-8	1.766084E-8
3.300000E-1	7.310290E-7	7.310290E-7	1.861546E-8	1.861546E-8
3.400000E-1	7.710290E-7	7.710290E-7	1.963405E-8	1.963405E-8
3.500000E-1	8.109520E-7	8.109520E-7	2.065067E-8	2.065067E-8
3.600000E-1	8.520390E-7	8.520390E-7	2.169694E-8	2.169694E-8
3.700000E-1	8.938320E-7	8.938320E-7	2.276119E-8	2.276119E-8
3.800000E-1	9.386600E-7	9.386600E-7	2.390272E-8	2.390272E-8
3.900000E-1	9.831490E-7	9.831490E-7	2.503562E-8	2.503562E-8
4.000000E-1	1.027408E-6	1.027408E-6	2.616267E-8	2.616267E-8
4.100000E-1	1.071104E-6	1.071104E-6	2.727538E-8	2.727538E-8
4.200000E-1	1.118500E-6	1.118500E-6	2.848230E-8	2.848230E-8
4.300000E-1	1.166830E-6	1.166830E-6	2.971301E-8	2.971301E-8
4.400000E-1	1.217600E-6	1.217600E-6	3.100586E-8	3.100586E-8
4.500000E-1	1.267540E-6	1.267540E-6	3.227757E-8	3.227757E-8
4.600000E-1	1.321820E-6	1.321820E-6	3.365979E-8	3.365979E-8
4.700000E-1	1.373500E-6	1.373500E-6	3.497581E-8	3.497581E-8
4.800000E-1	1.432430E-6	1.432430E-6	3.647644E-8	3.647644E-8
4.900000E-1	1.488650E-6	1.488650E-6	3.790807E-8	3.790807E-8
5.000000E-1	1.541950E-6	1.541950E-6	3.926534E-8	3.926534E-8
