#
#
#17:23:53	09/02/21
#
#
#Ell Cont: 5,0x10,0
#
#SMU1	V name:		V1
#	I name:		I1
#	Mode:		V
#	Function:	VAR1
#SMU2	V name:		V2
#	I name:		I2
#	Mode:		common
#	Function:	const.
#SMU3	off
#SMU4	off
#VMUs	off
#
#Primary Source (VAR1):	single
#	Sweep Spacing:	linear
#	Start:		-0.500000
#	Stop:		0.500000
#	Step:		0.010000
#	Compliance:	0.050000
#Power Compliance OFF
#
#Timing:		Integration Time:	medium
#	Delay Time (sec):	0.000000
#	Hold Time (sec):	0.000000
#	Wait Time (sec):	1.000000
#
#Secondary Source (VAR2):	OFF
#
#
#   V1	   I1	Abs(I)	J (A\um²)	Abs(J)
-5.000000E-1	-1.278380E-5	1.278380E-5	-3.255360E-7	3.255360E-7
-4.900000E-1	-1.232200E-5	1.232200E-5	-3.137764E-7	3.137764E-7
-4.800000E-1	-1.187110E-5	1.187110E-5	-3.022944E-7	3.022944E-7
-4.700000E-1	-1.143030E-5	1.143030E-5	-2.910695E-7	2.910695E-7
-4.600000E-1	-1.099780E-5	1.099780E-5	-2.800560E-7	2.800560E-7
-4.500000E-1	-1.058150E-5	1.058150E-5	-2.694551E-7	2.694551E-7
-4.400000E-1	-1.017030E-5	1.017030E-5	-2.589840E-7	2.589840E-7
-4.300000E-1	-9.760880E-6	9.760880E-6	-2.485582E-7	2.485582E-7
-4.200000E-1	-9.371850E-6	9.371850E-6	-2.386516E-7	2.386516E-7
-4.100000E-1	-8.988330E-6	8.988330E-6	-2.288854E-7	2.288854E-7
-4.000000E-1	-8.608220E-6	8.608220E-6	-2.192060E-7	2.192060E-7
-3.900000E-1	-8.235300E-6	8.235300E-6	-2.097097E-7	2.097097E-7
-3.800000E-1	-7.883130E-6	7.883130E-6	-2.007418E-7	2.007418E-7
-3.700000E-1	-7.521720E-6	7.521720E-6	-1.915386E-7	1.915386E-7
-3.600000E-1	-7.179520E-6	7.179520E-6	-1.828245E-7	1.828245E-7
-3.500000E-1	-6.837740E-6	6.837740E-6	-1.741212E-7	1.741212E-7
-3.400000E-1	-6.514050E-6	6.514050E-6	-1.658785E-7	1.658785E-7
-3.300000E-1	-6.195670E-6	6.195670E-6	-1.577711E-7	1.577711E-7
-3.200000E-1	-5.888230E-6	5.888230E-6	-1.499422E-7	1.499422E-7
-3.100000E-1	-5.577770E-6	5.577770E-6	-1.420364E-7	1.420364E-7
-3.000000E-1	-5.283630E-6	5.283630E-6	-1.345462E-7	1.345462E-7
-2.900000E-1	-4.994100E-6	4.994100E-6	-1.271734E-7	1.271734E-7
-2.800000E-1	-4.711880E-6	4.711880E-6	-1.199868E-7	1.199868E-7
-2.700000E-1	-4.444600E-6	4.444600E-6	-1.131805E-7	1.131805E-7
-2.600000E-1	-4.177080E-6	4.177080E-6	-1.063682E-7	1.063682E-7
-2.500000E-1	-3.924080E-6	3.924080E-6	-9.992564E-8	9.992564E-8
-2.400000E-1	-3.676080E-6	3.676080E-6	-9.361039E-8	9.361039E-8
-2.300000E-1	-3.436120E-6	3.436120E-6	-8.749987E-8	8.749987E-8
-2.200000E-1	-3.203290E-6	3.203290E-6	-8.157092E-8	8.157092E-8
-2.100000E-1	-2.981260E-6	2.981260E-6	-7.591698E-8	7.591698E-8
-2.000000E-1	-2.763850E-6	2.763850E-6	-7.038070E-8	7.038070E-8
-1.900000E-1	-2.559590E-6	2.559590E-6	-6.517927E-8	6.517927E-8
-1.800000E-1	-2.357280E-6	2.357280E-6	-6.002750E-8	6.002750E-8
-1.700000E-1	-2.165150E-6	2.165150E-6	-5.513496E-8	5.513496E-8
-1.600000E-1	-1.983270E-6	1.983270E-6	-5.050344E-8	5.050344E-8
-1.500000E-1	-1.807110E-6	1.807110E-6	-4.601757E-8	4.601757E-8
-1.400000E-1	-1.638850E-6	1.638850E-6	-4.173287E-8	4.173287E-8
-1.300000E-1	-1.480040E-6	1.480040E-6	-3.768882E-8	3.768882E-8
-1.200000E-1	-1.330040E-6	1.330040E-6	-3.386911E-8	3.386911E-8
-1.100000E-1	-1.185510E-6	1.185510E-6	-3.018869E-8	3.018869E-8
-1.000000E-1	-1.049780E-6	1.049780E-6	-2.673237E-8	2.673237E-8
-9.000000E-2	-9.200840E-7	9.200840E-7	-2.342969E-8	2.342969E-8
-8.000000E-2	-7.983100E-7	7.983100E-7	-2.032875E-8	2.032875E-8
-7.000000E-2	-6.821210E-7	6.821210E-7	-1.737003E-8	1.737003E-8
-6.000000E-2	-5.730480E-7	5.730480E-7	-1.459251E-8	1.459251E-8
-5.000000E-2	-4.688640E-7	4.688640E-7	-1.193950E-8	1.193950E-8
-4.000000E-2	-3.696010E-7	3.696010E-7	-9.411790E-9	9.411790E-9
-3.000000E-2	-2.732170E-7	2.732170E-7	-6.957397E-9	6.957397E-9
-2.000000E-2	-1.802860E-7	1.802860E-7	-4.590935E-9	4.590935E-9
-1.000000E-2	-8.991380E-8	8.991380E-8	-2.289631E-9	2.289631E-9
0.000000E+0	-2.717300E-10	2.717300E-10	-6.919531E-12	6.919531E-12
1.000000E-2	8.901080E-8	8.901080E-8	2.266636E-9	2.266636E-9
2.000000E-2	1.799310E-7	1.799310E-7	4.581895E-9	4.581895E-9
3.000000E-2	2.726610E-7	2.726610E-7	6.943239E-9	6.943239E-9
4.000000E-2	3.686140E-7	3.686140E-7	9.386656E-9	9.386656E-9
5.000000E-2	4.675020E-7	4.675020E-7	1.190481E-8	1.190481E-8
6.000000E-2	5.721290E-7	5.721290E-7	1.456911E-8	1.456911E-8
7.000000E-2	6.814700E-7	6.814700E-7	1.735345E-8	1.735345E-8
8.000000E-2	7.964590E-7	7.964590E-7	2.028161E-8	2.028161E-8
9.000000E-2	9.181280E-7	9.181280E-7	2.337988E-8	2.337988E-8
1.000000E-1	1.045085E-6	1.045085E-6	2.661281E-8	2.661281E-8
1.100000E-1	1.180290E-6	1.180290E-6	3.005577E-8	3.005577E-8
1.200000E-1	1.323300E-6	1.323300E-6	3.369748E-8	3.369748E-8
1.300000E-1	1.473530E-6	1.473530E-6	3.752305E-8	3.752305E-8
1.400000E-1	1.632210E-6	1.632210E-6	4.156379E-8	4.156379E-8
1.500000E-1	1.797430E-6	1.797430E-6	4.577107E-8	4.577107E-8
1.600000E-1	1.970380E-6	1.970380E-6	5.017520E-8	5.017520E-8
1.700000E-1	2.150050E-6	2.150050E-6	5.475044E-8	5.475044E-8
1.800000E-1	2.343450E-6	2.343450E-6	5.967532E-8	5.967532E-8
1.900000E-1	2.537030E-6	2.537030E-6	6.460479E-8	6.460479E-8
2.000000E-1	2.746500E-6	2.746500E-6	6.993888E-8	6.993888E-8
2.100000E-1	2.958680E-6	2.958680E-6	7.534199E-8	7.534199E-8
2.200000E-1	3.182860E-6	3.182860E-6	8.105067E-8	8.105067E-8
2.300000E-1	3.412720E-6	3.412720E-6	8.690400E-8	8.690400E-8
2.400000E-1	3.650420E-6	3.650420E-6	9.295696E-8	9.295696E-8
2.500000E-1	3.894110E-6	3.894110E-6	9.916246E-8	9.916246E-8
2.600000E-1	4.148800E-6	4.148800E-6	1.056481E-7	1.056481E-7
2.700000E-1	4.405840E-6	4.405840E-6	1.121935E-7	1.121935E-7
2.800000E-1	4.676590E-6	4.676590E-6	1.190881E-7	1.190881E-7
2.900000E-1	4.959410E-6	4.959410E-6	1.262900E-7	1.262900E-7
3.000000E-1	5.245260E-6	5.245260E-6	1.335691E-7	1.335691E-7
3.100000E-1	5.535130E-6	5.535130E-6	1.409506E-7	1.409506E-7
3.200000E-1	5.833600E-6	5.833600E-6	1.485511E-7	1.485511E-7
3.300000E-1	6.144030E-6	6.144030E-6	1.564561E-7	1.564561E-7
3.400000E-1	6.456630E-6	6.456630E-6	1.644163E-7	1.644163E-7
3.500000E-1	6.780740E-6	6.780740E-6	1.726697E-7	1.726697E-7
3.600000E-1	7.112630E-6	7.112630E-6	1.811212E-7	1.811212E-7
3.700000E-1	7.452800E-6	7.452800E-6	1.897835E-7	1.897835E-7
3.800000E-1	7.802170E-6	7.802170E-6	1.986802E-7	1.986802E-7
3.900000E-1	8.155330E-6	8.155330E-6	2.076733E-7	2.076733E-7
4.000000E-1	8.521090E-6	8.521090E-6	2.169873E-7	2.169873E-7
4.100000E-1	8.889120E-6	8.889120E-6	2.263591E-7	2.263591E-7
4.200000E-1	9.261990E-6	9.261990E-6	2.358541E-7	2.358541E-7
4.300000E-1	9.653470E-6	9.653470E-6	2.458230E-7	2.458230E-7
4.400000E-1	1.005403E-5	1.005403E-5	2.560232E-7	2.560232E-7
4.500000E-1	1.045544E-5	1.045544E-5	2.662450E-7	2.662450E-7
4.600000E-1	1.086787E-5	1.086787E-5	2.767474E-7	2.767474E-7
4.700000E-1	1.128839E-5	1.128839E-5	2.874558E-7	2.874558E-7
4.800000E-1	1.172240E-5	1.172240E-5	2.985078E-7	2.985078E-7
4.900000E-1	1.216270E-5	1.216270E-5	3.097199E-7	3.097199E-7
5.000000E-1	1.261300E-5	1.261300E-5	3.211867E-7	3.211867E-7
