#
#
#17:47:49	09/02/21
#
#
#Ell Cont: 5,0x10,0
#
#SMU1	V name:		V1
#	I name:		I1
#	Mode:		V
#	Function:	VAR1
#SMU2	V name:		V2
#	I name:		I2
#	Mode:		common
#	Function:	const.
#SMU3	off
#SMU4	off
#VMUs	off
#
#Primary Source (VAR1):	single
#	Sweep Spacing:	linear
#	Start:		-0.500000
#	Stop:		0.500000
#	Step:		0.010000
#	Compliance:	0.050000
#Power Compliance OFF
#
#Timing:		Integration Time:	medium
#	Delay Time (sec):	0.000000
#	Hold Time (sec):	0.000000
#	Wait Time (sec):	1.000000
#
#Secondary Source (VAR2):	OFF
#
#
#   V1	   I1	Abs(I)	J (A\um²)	Abs(J)
-5.000000E-1	-1.235810E-4	1.235810E-4	-3.146957E-6	3.146957E-6
-4.900000E-1	-1.209260E-4	1.209260E-4	-3.079348E-6	3.079348E-6
-4.800000E-1	-1.182260E-4	1.182260E-4	-3.010593E-6	3.010593E-6
-4.700000E-1	-1.155830E-4	1.155830E-4	-2.943290E-6	2.943290E-6
-4.600000E-1	-1.129320E-4	1.129320E-4	-2.875783E-6	2.875783E-6
-4.500000E-1	-1.103200E-4	1.103200E-4	-2.809269E-6	2.809269E-6
-4.400000E-1	-1.076780E-4	1.076780E-4	-2.741991E-6	2.741991E-6
-4.300000E-1	-1.050430E-4	1.050430E-4	-2.674892E-6	2.674892E-6
-4.200000E-1	-1.024420E-4	1.024420E-4	-2.608658E-6	2.608658E-6
-4.100000E-1	-9.983050E-5	9.983050E-5	-2.542157E-6	2.542157E-6
-4.000000E-1	-9.724830E-5	9.724830E-5	-2.476402E-6	2.476402E-6
-3.900000E-1	-9.465740E-5	9.465740E-5	-2.410425E-6	2.410425E-6
-3.800000E-1	-9.207330E-5	9.207330E-5	-2.344622E-6	2.344622E-6
-3.700000E-1	-8.949740E-5	8.949740E-5	-2.279027E-6	2.279027E-6
-3.600000E-1	-8.693830E-5	8.693830E-5	-2.213860E-6	2.213860E-6
-3.500000E-1	-8.436380E-5	8.436380E-5	-2.148301E-6	2.148301E-6
-3.400000E-1	-8.183060E-5	8.183060E-5	-2.083794E-6	2.083794E-6
-3.300000E-1	-7.926900E-5	7.926900E-5	-2.018564E-6	2.018564E-6
-3.200000E-1	-7.674220E-5	7.674220E-5	-1.954219E-6	1.954219E-6
-3.100000E-1	-7.422910E-5	7.422910E-5	-1.890224E-6	1.890224E-6
-3.000000E-1	-7.172640E-5	7.172640E-5	-1.826493E-6	1.826493E-6
-2.900000E-1	-6.921870E-5	6.921870E-5	-1.762636E-6	1.762636E-6
-2.800000E-1	-6.670840E-5	6.670840E-5	-1.698711E-6	1.698711E-6
-2.700000E-1	-6.423730E-5	6.423730E-5	-1.635786E-6	1.635786E-6
-2.600000E-1	-6.174690E-5	6.174690E-5	-1.572368E-6	1.572368E-6
-2.500000E-1	-5.928850E-5	5.928850E-5	-1.509766E-6	1.509766E-6
-2.400000E-1	-5.681520E-5	5.681520E-5	-1.446784E-6	1.446784E-6
-2.300000E-1	-5.437840E-5	5.437840E-5	-1.384731E-6	1.384731E-6
-2.200000E-1	-5.193060E-5	5.193060E-5	-1.322399E-6	1.322399E-6
-2.100000E-1	-4.949850E-5	4.949850E-5	-1.260466E-6	1.260466E-6
-2.000000E-1	-4.706020E-5	4.706020E-5	-1.198375E-6	1.198375E-6
-1.900000E-1	-4.465030E-5	4.465030E-5	-1.137008E-6	1.137008E-6
-1.800000E-1	-4.223350E-5	4.223350E-5	-1.075465E-6	1.075465E-6
-1.700000E-1	-3.984420E-5	3.984420E-5	-1.014622E-6	1.014622E-6
-1.600000E-1	-3.744960E-5	3.744960E-5	-9.536440E-7	9.536440E-7
-1.500000E-1	-3.505460E-5	3.505460E-5	-8.926560E-7	8.926560E-7
-1.400000E-1	-3.268070E-5	3.268070E-5	-8.322052E-7	8.322052E-7
-1.300000E-1	-3.030580E-5	3.030580E-5	-7.717290E-7	7.717290E-7
-1.200000E-1	-2.795310E-5	2.795310E-5	-7.118182E-7	7.118182E-7
-1.100000E-1	-2.559130E-5	2.559130E-5	-6.516756E-7	6.516756E-7
-1.000000E-1	-2.325370E-5	2.325370E-5	-5.921492E-7	5.921492E-7
-9.000000E-2	-2.090320E-5	2.090320E-5	-5.322944E-7	5.322944E-7
-8.000000E-2	-1.857640E-5	1.857640E-5	-4.730430E-7	4.730430E-7
-7.000000E-2	-1.624050E-5	1.624050E-5	-4.135600E-7	4.135600E-7
-6.000000E-2	-1.392250E-5	1.392250E-5	-3.545327E-7	3.545327E-7
-5.000000E-2	-1.159460E-5	1.159460E-5	-2.952534E-7	2.952534E-7
-4.000000E-2	-9.284250E-6	9.284250E-6	-2.364209E-7	2.364209E-7
-3.000000E-2	-6.961330E-6	6.961330E-6	-1.772684E-7	1.772684E-7
-2.000000E-2	-4.638420E-6	4.638420E-6	-1.181161E-7	1.181161E-7
-1.000000E-2	-2.335560E-6	2.335560E-6	-5.947441E-8	5.947441E-8
0.000000E+0	-1.623190E-8	1.623190E-8	-4.133410E-10	4.133410E-10
1.000000E-2	2.284100E-6	2.284100E-6	5.816399E-8	5.816399E-8
2.000000E-2	4.603730E-6	4.603730E-6	1.172327E-7	1.172327E-7
3.000000E-2	6.905710E-6	6.905710E-6	1.758520E-7	1.758520E-7
4.000000E-2	9.228090E-6	9.228090E-6	2.349908E-7	2.349908E-7
5.000000E-2	1.153750E-5	1.153750E-5	2.937993E-7	2.937993E-7
6.000000E-2	1.386670E-5	1.386670E-5	3.531118E-7	3.531118E-7
7.000000E-2	1.620240E-5	1.620240E-5	4.125898E-7	4.125898E-7
8.000000E-2	1.852110E-5	1.852110E-5	4.716348E-7	4.716348E-7
9.000000E-2	2.086600E-5	2.086600E-5	5.313471E-7	5.313471E-7
1.000000E-1	2.319800E-5	2.319800E-5	5.907308E-7	5.907308E-7
1.100000E-1	2.555040E-5	2.555040E-5	6.506341E-7	6.506341E-7
1.200000E-1	2.789760E-5	2.789760E-5	7.104049E-7	7.104049E-7
1.300000E-1	3.026060E-5	3.026060E-5	7.705780E-7	7.705780E-7
1.400000E-1	3.262050E-5	3.262050E-5	8.306723E-7	8.306723E-7
1.500000E-1	3.500220E-5	3.500220E-5	8.913216E-7	8.913216E-7
1.600000E-1	3.737730E-5	3.737730E-5	9.518029E-7	9.518029E-7
1.700000E-1	3.977680E-5	3.977680E-5	1.012906E-6	1.012906E-6
1.800000E-1	4.218330E-5	4.218330E-5	1.074186E-6	1.074186E-6
1.900000E-1	4.457670E-5	4.457670E-5	1.135134E-6	1.135134E-6
2.000000E-1	4.699840E-5	4.699840E-5	1.196802E-6	1.196802E-6
2.100000E-1	4.941220E-5	4.941220E-5	1.258268E-6	1.258268E-6
2.200000E-1	5.185820E-5	5.185820E-5	1.320555E-6	1.320555E-6
2.300000E-1	5.428770E-5	5.428770E-5	1.382422E-6	1.382422E-6
2.400000E-1	5.674700E-5	5.674700E-5	1.445047E-6	1.445047E-6
2.500000E-1	5.919750E-5	5.919750E-5	1.507448E-6	1.507448E-6
2.600000E-1	6.166840E-5	6.166840E-5	1.570369E-6	1.570369E-6
2.700000E-1	6.412980E-5	6.412980E-5	1.633048E-6	1.633048E-6
2.800000E-1	6.662210E-5	6.662210E-5	1.696514E-6	1.696514E-6
2.900000E-1	6.912530E-5	6.912530E-5	1.760257E-6	1.760257E-6
3.000000E-1	7.161720E-5	7.161720E-5	1.823713E-6	1.823713E-6
3.100000E-1	7.413530E-5	7.413530E-5	1.887835E-6	1.887835E-6
3.200000E-1	7.664890E-5	7.664890E-5	1.951844E-6	1.951844E-6
3.300000E-1	7.918580E-5	7.918580E-5	2.016445E-6	2.016445E-6
3.400000E-1	8.169480E-5	8.169480E-5	2.080336E-6	2.080336E-6
3.500000E-1	8.424930E-5	8.424930E-5	2.145386E-6	2.145386E-6
3.600000E-1	8.679310E-5	8.679310E-5	2.210163E-6	2.210163E-6
3.700000E-1	8.936150E-5	8.936150E-5	2.275567E-6	2.275567E-6
3.800000E-1	9.194430E-5	9.194430E-5	2.341337E-6	2.341337E-6
3.900000E-1	9.450720E-5	9.450720E-5	2.406600E-6	2.406600E-6
4.000000E-1	9.712920E-5	9.712920E-5	2.473369E-6	2.473369E-6
4.100000E-1	9.969040E-5	9.969040E-5	2.538589E-6	2.538589E-6
4.200000E-1	1.023139E-4	1.023139E-4	2.605396E-6	2.605396E-6
4.300000E-1	1.049066E-4	1.049066E-4	2.671418E-6	2.671418E-6
4.400000E-1	1.075368E-4	1.075368E-4	2.738396E-6	2.738396E-6
4.500000E-1	1.101363E-4	1.101363E-4	2.804591E-6	2.804591E-6
4.600000E-1	1.127877E-4	1.127877E-4	2.872108E-6	2.872108E-6
4.700000E-1	1.154280E-4	1.154280E-4	2.939343E-6	2.939343E-6
4.800000E-1	1.180830E-4	1.180830E-4	3.006952E-6	3.006952E-6
4.900000E-1	1.207530E-4	1.207530E-4	3.074943E-6	3.074943E-6
5.000000E-1	1.234180E-4	1.234180E-4	3.142806E-6	3.142806E-6
