#
#
#17:20:03	09/02/21
#
#
#Ell Cont: 5,0x10,0
#
#SMU1	V name:		V1
#	I name:		I1
#	Mode:		V
#	Function:	VAR1
#SMU2	V name:		V2
#	I name:		I2
#	Mode:		common
#	Function:	const.
#SMU3	off
#SMU4	off
#VMUs	off
#
#Primary Source (VAR1):	single
#	Sweep Spacing:	linear
#	Start:		-0.500000
#	Stop:		0.500000
#	Step:		0.010000
#	Compliance:	0.050000
#Power Compliance OFF
#
#Timing:		Integration Time:	medium
#	Delay Time (sec):	0.000000
#	Hold Time (sec):	0.000000
#	Wait Time (sec):	1.000000
#
#Secondary Source (VAR2):	OFF
#
#
#   V1	   I1	Abs(I)	J (A\um²)	Abs(J)
-5.000000E-1	-1.466640E-9	1.466640E-9	-3.734759E-11	3.734759E-11
-4.900000E-1	-1.389750E-9	1.389750E-9	-3.538961E-11	3.538961E-11
-4.800000E-1	-1.399860E-9	1.399860E-9	-3.564706E-11	3.564706E-11
-4.700000E-1	-1.329760E-9	1.329760E-9	-3.386198E-11	3.386198E-11
-4.600000E-1	-1.323410E-9	1.323410E-9	-3.370028E-11	3.370028E-11
-4.500000E-1	-1.316410E-9	1.316410E-9	-3.352203E-11	3.352203E-11
-4.400000E-1	-1.237440E-9	1.237440E-9	-3.151108E-11	3.151108E-11
-4.300000E-1	-1.210220E-9	1.210220E-9	-3.081793E-11	3.081793E-11
-4.200000E-1	-1.246410E-9	1.246410E-9	-3.173950E-11	3.173950E-11
-4.100000E-1	-1.192810E-9	1.192810E-9	-3.037459E-11	3.037459E-11
-4.000000E-1	-1.091450E-9	1.091450E-9	-2.779348E-11	2.779348E-11
-3.900000E-1	-1.046900E-9	1.046900E-9	-2.665903E-11	2.665903E-11
-3.800000E-1	-9.733300E-10	9.733300E-10	-2.478559E-11	2.478559E-11
-3.700000E-1	-9.971900E-10	9.971900E-10	-2.539318E-11	2.539318E-11
-3.600000E-1	-9.018800E-10	9.018800E-10	-2.296613E-11	2.296613E-11
-3.500000E-1	-9.722900E-10	9.722900E-10	-2.475910E-11	2.475910E-11
-3.400000E-1	-9.453000E-10	9.453000E-10	-2.407181E-11	2.407181E-11
-3.300000E-1	-8.334300E-10	8.334300E-10	-2.122307E-11	2.122307E-11
-3.200000E-1	-8.332800E-10	8.332800E-10	-2.121925E-11	2.121925E-11
-3.100000E-1	-8.229800E-10	8.229800E-10	-2.095696E-11	2.095696E-11
-3.000000E-1	-7.854300E-10	7.854300E-10	-2.000076E-11	2.000076E-11
-2.900000E-1	-7.548600E-10	7.548600E-10	-1.922231E-11	1.922231E-11
-2.800000E-1	-7.265300E-10	7.265300E-10	-1.850089E-11	1.850089E-11
-2.700000E-1	-7.008700E-10	7.008700E-10	-1.784747E-11	1.784747E-11
-2.600000E-1	-6.617700E-10	6.617700E-10	-1.685180E-11	1.685180E-11
-2.500000E-1	-6.309400E-10	6.309400E-10	-1.606672E-11	1.606672E-11
-2.400000E-1	-6.250200E-10	6.250200E-10	-1.591597E-11	1.591597E-11
-2.300000E-1	-5.851000E-10	5.851000E-10	-1.489941E-11	1.489941E-11
-2.200000E-1	-5.561900E-10	5.561900E-10	-1.416323E-11	1.416323E-11
-2.100000E-1	-4.959200E-10	4.959200E-10	-1.262847E-11	1.262847E-11
-2.000000E-1	-4.592700E-10	4.592700E-10	-1.169519E-11	1.169519E-11
-1.900000E-1	-4.450400E-10	4.450400E-10	-1.133282E-11	1.133282E-11
-1.800000E-1	-4.248000E-10	4.248000E-10	-1.081742E-11	1.081742E-11
-1.700000E-1	-3.859400E-10	3.859400E-10	-9.827858E-12	9.827858E-12
-1.600000E-1	-3.614900E-10	3.614900E-10	-9.205246E-12	9.205246E-12
-1.500000E-1	-3.336800E-10	3.336800E-10	-8.497071E-12	8.497071E-12
-1.400000E-1	-3.094600E-10	3.094600E-10	-7.880316E-12	7.880316E-12
-1.300000E-1	-2.778900E-10	2.778900E-10	-7.076394E-12	7.076394E-12
-1.200000E-1	-2.432600E-10	2.432600E-10	-6.194550E-12	6.194550E-12
-1.100000E-1	-2.175400E-10	2.175400E-10	-5.539598E-12	5.539598E-12
-1.000000E-1	-1.883200E-10	1.883200E-10	-4.795518E-12	4.795518E-12
-9.000000E-2	-1.685700E-10	1.685700E-10	-4.292590E-12	4.292590E-12
-8.000000E-2	-1.446000E-10	1.446000E-10	-3.682200E-12	3.682200E-12
-7.000000E-2	-1.272700E-10	1.272700E-10	-3.240896E-12	3.240896E-12
-6.000000E-2	-1.049200E-10	1.049200E-10	-2.671760E-12	2.671760E-12
-5.000000E-2	-8.479000E-11	8.479000E-11	-2.159155E-12	2.159155E-12
-4.000000E-2	-6.853000E-11	6.853000E-11	-1.745098E-12	1.745098E-12
-3.000000E-2	-5.172000E-11	5.172000E-11	-1.317036E-12	1.317036E-12
-2.000000E-2	-3.425000E-11	3.425000E-11	-8.721670E-13	8.721670E-13
-1.000000E-2	-1.709000E-11	1.709000E-11	-4.351923E-13	4.351923E-13
0.000000E+0	3.000000E-14	3.000000E-14	7.639419E-16	7.639419E-16
1.000000E-2	1.662000E-11	1.662000E-11	4.232238E-13	4.232238E-13
2.000000E-2	3.363000E-11	3.363000E-11	8.563789E-13	8.563789E-13
3.000000E-2	5.099000E-11	5.099000E-11	1.298447E-12	1.298447E-12
4.000000E-2	6.933000E-11	6.933000E-11	1.765470E-12	1.765470E-12
5.000000E-2	8.495000E-11	8.495000E-11	2.163229E-12	2.163229E-12
6.000000E-2	1.050700E-10	1.050700E-10	2.675579E-12	2.675579E-12
7.000000E-2	1.271100E-10	1.271100E-10	3.236822E-12	3.236822E-12
8.000000E-2	1.454300E-10	1.454300E-10	3.703336E-12	3.703336E-12
9.000000E-2	1.665200E-10	1.665200E-10	4.240387E-12	4.240387E-12
1.000000E-1	1.913000E-10	1.913000E-10	4.871403E-12	4.871403E-12
1.100000E-1	2.175800E-10	2.175800E-10	5.540616E-12	5.540616E-12
1.200000E-1	2.408700E-10	2.408700E-10	6.133690E-12	6.133690E-12
1.300000E-1	2.671400E-10	2.671400E-10	6.802648E-12	6.802648E-12
1.400000E-1	2.908800E-10	2.908800E-10	7.407181E-12	7.407181E-12
1.500000E-1	3.224900E-10	3.224900E-10	8.212121E-12	8.212121E-12
1.600000E-1	3.479900E-10	3.479900E-10	8.861472E-12	8.861472E-12
1.700000E-1	3.769400E-10	3.769400E-10	9.598676E-12	9.598676E-12
1.800000E-1	4.113700E-10	4.113700E-10	1.047543E-11	1.047543E-11
1.900000E-1	4.622300E-10	4.622300E-10	1.177056E-11	1.177056E-11
2.000000E-1	4.805000E-10	4.805000E-10	1.223580E-11	1.223580E-11
2.100000E-1	5.197500E-10	5.197500E-10	1.323529E-11	1.323529E-11
2.200000E-1	5.512300E-10	5.512300E-10	1.403692E-11	1.403692E-11
2.300000E-1	5.849400E-10	5.849400E-10	1.489534E-11	1.489534E-11
2.400000E-1	6.359100E-10	6.359100E-10	1.619328E-11	1.619328E-11
2.500000E-1	6.535400E-10	6.535400E-10	1.664222E-11	1.664222E-11
2.600000E-1	7.530200E-10	7.530200E-10	1.917545E-11	1.917545E-11
2.700000E-1	6.898700E-10	6.898700E-10	1.756735E-11	1.756735E-11
2.800000E-1	7.850300E-10	7.850300E-10	1.999058E-11	1.999058E-11
2.900000E-1	8.076500E-10	8.076500E-10	2.056659E-11	2.056659E-11
3.000000E-1	8.332700E-10	8.332700E-10	2.121900E-11	2.121900E-11
3.100000E-1	1.067410E-9	1.067410E-9	2.718131E-11	2.718131E-11
3.200000E-1	9.493900E-10	9.493900E-10	2.417596E-11	2.417596E-11
3.300000E-1	9.653700E-10	9.653700E-10	2.458289E-11	2.458289E-11
3.400000E-1	1.175510E-9	1.175510E-9	2.993405E-11	2.993405E-11
3.500000E-1	1.299870E-9	1.299870E-9	3.310084E-11	3.310084E-11
3.600000E-1	1.290070E-9	1.290070E-9	3.285129E-11	3.285129E-11
3.700000E-1	1.302280E-9	1.302280E-9	3.316221E-11	3.316221E-11
3.800000E-1	1.166760E-9	1.166760E-9	2.971123E-11	2.971123E-11
3.900000E-1	1.426500E-9	1.426500E-9	3.632544E-11	3.632544E-11
4.000000E-1	1.403570E-9	1.403570E-9	3.574153E-11	3.574153E-11
4.100000E-1	1.403080E-9	1.403080E-9	3.572905E-11	3.572905E-11
4.200000E-1	1.473850E-9	1.473850E-9	3.753119E-11	3.753119E-11
4.300000E-1	1.586550E-9	1.586550E-9	4.040107E-11	4.040107E-11
4.400000E-1	1.599710E-9	1.599710E-9	4.073618E-11	4.073618E-11
4.500000E-1	1.656540E-9	1.656540E-9	4.218335E-11	4.218335E-11
4.600000E-1	1.617040E-9	1.617040E-9	4.117749E-11	4.117749E-11
4.700000E-1	1.624930E-9	1.624930E-9	4.137841E-11	4.137841E-11
4.800000E-1	1.561390E-9	1.561390E-9	3.976038E-11	3.976038E-11
4.900000E-1	1.520940E-9	1.520940E-9	3.873033E-11	3.873033E-11
5.000000E-1	1.567140E-9	1.567140E-9	3.990680E-11	3.990680E-11
