#
#
#17:18:26	09/02/21
#
#
#Ell Cont: 5,0x10,0
#
#SMU1	V name:		V1
#	I name:		I1
#	Mode:		V
#	Function:	VAR1
#SMU2	V name:		V2
#	I name:		I2
#	Mode:		common
#	Function:	const.
#SMU3	off
#SMU4	off
#VMUs	off
#
#Primary Source (VAR1):	single
#	Sweep Spacing:	linear
#	Start:		-0.500000
#	Stop:		0.500000
#	Step:		0.010000
#	Compliance:	0.050000
#Power Compliance OFF
#
#Timing:		Integration Time:	medium
#	Delay Time (sec):	0.000000
#	Hold Time (sec):	0.000000
#	Wait Time (sec):	1.000000
#
#Secondary Source (VAR2):	OFF
#
#
#   V1	   I1	Abs(I)	J (A\um²)	Abs(J)
-5.000000E-1	-1.377950E-6	1.377950E-6	-3.508913E-8	3.508913E-8
-4.900000E-1	-1.329340E-6	1.329340E-6	-3.385129E-8	3.385129E-8
-4.800000E-1	-1.278660E-6	1.278660E-6	-3.256073E-8	3.256073E-8
-4.700000E-1	-1.230880E-6	1.230880E-6	-3.134403E-8	3.134403E-8
-4.600000E-1	-1.184330E-6	1.184330E-6	-3.015864E-8	3.015864E-8
-4.500000E-1	-1.138700E-6	1.138700E-6	-2.899669E-8	2.899669E-8
-4.400000E-1	-1.093880E-6	1.093880E-6	-2.785536E-8	2.785536E-8
-4.300000E-1	-1.051210E-6	1.051210E-6	-2.676878E-8	2.676878E-8
-4.200000E-1	-1.010710E-6	1.010710E-6	-2.573746E-8	2.573746E-8
-4.100000E-1	-9.692450E-7	9.692450E-7	-2.468156E-8	2.468156E-8
-4.000000E-1	-9.279100E-7	9.279100E-7	-2.362898E-8	2.362898E-8
-3.900000E-1	-8.885470E-7	8.885470E-7	-2.262661E-8	2.262661E-8
-3.800000E-1	-8.510830E-7	8.510830E-7	-2.167260E-8	2.167260E-8
-3.700000E-1	-8.114840E-7	8.114840E-7	-2.066422E-8	2.066422E-8
-3.600000E-1	-7.764640E-7	7.764640E-7	-1.977245E-8	1.977245E-8
-3.500000E-1	-7.394050E-7	7.394050E-7	-1.882875E-8	1.882875E-8
-3.400000E-1	-7.050710E-7	7.050710E-7	-1.795444E-8	1.795444E-8
-3.300000E-1	-6.725330E-7	6.725330E-7	-1.712587E-8	1.712587E-8
-3.200000E-1	-6.379140E-7	6.379140E-7	-1.624431E-8	1.624431E-8
-3.100000E-1	-6.042840E-7	6.042840E-7	-1.538793E-8	1.538793E-8
-3.000000E-1	-5.729450E-7	5.729450E-7	-1.458989E-8	1.458989E-8
-2.900000E-1	-5.423080E-7	5.423080E-7	-1.380973E-8	1.380973E-8
-2.800000E-1	-5.125160E-7	5.125160E-7	-1.305108E-8	1.305108E-8
-2.700000E-1	-4.835110E-7	4.835110E-7	-1.231248E-8	1.231248E-8
-2.600000E-1	-4.548010E-7	4.548010E-7	-1.158139E-8	1.158139E-8
-2.500000E-1	-4.273730E-7	4.273730E-7	-1.088294E-8	1.088294E-8
-2.400000E-1	-4.005500E-7	4.005500E-7	-1.019990E-8	1.019990E-8
-2.300000E-1	-3.742400E-7	3.742400E-7	-9.529921E-9	9.529921E-9
-2.200000E-1	-3.493230E-7	3.493230E-7	-8.895416E-9	8.895416E-9
-2.100000E-1	-3.253440E-7	3.253440E-7	-8.284797E-9	8.284797E-9
-2.000000E-1	-3.020590E-7	3.020590E-7	-7.691851E-9	7.691851E-9
-1.900000E-1	-2.788740E-7	2.788740E-7	-7.101451E-9	7.101451E-9
-1.800000E-1	-2.577480E-7	2.577480E-7	-6.563483E-9	6.563483E-9
-1.700000E-1	-2.372880E-7	2.372880E-7	-6.042475E-9	6.042475E-9
-1.600000E-1	-2.166240E-7	2.166240E-7	-5.516272E-9	5.516272E-9
-1.500000E-1	-1.977370E-7	1.977370E-7	-5.035320E-9	5.035320E-9
-1.400000E-1	-1.805920E-7	1.805920E-7	-4.598727E-9	4.598727E-9
-1.300000E-1	-1.624670E-7	1.624670E-7	-4.137178E-9	4.137178E-9
-1.200000E-1	-1.462950E-7	1.462950E-7	-3.725363E-9	3.725363E-9
-1.100000E-1	-1.303150E-7	1.303150E-7	-3.318436E-9	3.318436E-9
-1.000000E-1	-1.154180E-7	1.154180E-7	-2.939088E-9	2.939088E-9
-9.000000E-2	-1.013747E-7	1.013747E-7	-2.581479E-9	2.581479E-9
-8.000000E-2	-8.763550E-8	8.763550E-8	-2.231614E-9	2.231614E-9
-7.000000E-2	-7.465090E-8	7.465090E-8	-1.900965E-9	1.900965E-9
-6.000000E-2	-6.274860E-8	6.274860E-8	-1.597876E-9	1.597876E-9
-5.000000E-2	-5.112800E-8	5.112800E-8	-1.301961E-9	1.301961E-9
-4.000000E-2	-4.014450E-8	4.014450E-8	-1.022269E-9	1.022269E-9
-3.000000E-2	-2.938770E-8	2.938770E-8	-7.483499E-10	7.483499E-10
-2.000000E-2	-1.906320E-8	1.906320E-8	-4.854393E-10	4.854393E-10
-1.000000E-2	-9.591490E-9	9.591490E-9	-2.442447E-10	2.442447E-10
0.000000E+0	2.831000E-10	2.831000E-10	7.209065E-12	7.209065E-12
1.000000E-2	1.021160E-8	1.021160E-8	2.600356E-10	2.600356E-10
2.000000E-2	2.086860E-8	2.086860E-8	5.314133E-10	5.314133E-10
3.000000E-2	3.120250E-8	3.120250E-8	7.945633E-10	7.945633E-10
4.000000E-2	4.187160E-8	4.187160E-8	1.066249E-9	1.066249E-9
5.000000E-2	5.289380E-8	5.289380E-8	1.346926E-9	1.346926E-9
6.000000E-2	6.457790E-8	6.457790E-8	1.644459E-9	1.644459E-9
7.000000E-2	7.663030E-8	7.663030E-8	1.951370E-9	1.951370E-9
8.000000E-2	8.940200E-8	8.940200E-8	2.276598E-9	2.276598E-9
9.000000E-2	1.022780E-7	1.022780E-7	2.604482E-9	2.604482E-9
1.000000E-1	1.167090E-7	1.167090E-7	2.971963E-9	2.971963E-9
1.100000E-1	1.317060E-7	1.317060E-7	3.353858E-9	3.353858E-9
1.200000E-1	1.473750E-7	1.473750E-7	3.752865E-9	3.752865E-9
1.300000E-1	1.637340E-7	1.637340E-7	4.169442E-9	4.169442E-9
1.400000E-1	1.811230E-7	1.811230E-7	4.612248E-9	4.612248E-9
1.500000E-1	1.991340E-7	1.991340E-7	5.070894E-9	5.070894E-9
1.600000E-1	2.183640E-7	2.183640E-7	5.560581E-9	5.560581E-9
1.700000E-1	2.381560E-7	2.381560E-7	6.064578E-9	6.064578E-9
1.800000E-1	2.586290E-7	2.586290E-7	6.585918E-9	6.585918E-9
1.900000E-1	2.803530E-7	2.803530E-7	7.139114E-9	7.139114E-9
2.000000E-1	3.031300E-7	3.031300E-7	7.719124E-9	7.719124E-9
2.100000E-1	3.256850E-7	3.256850E-7	8.293481E-9	8.293481E-9
2.200000E-1	3.499020E-7	3.499020E-7	8.910160E-9	8.910160E-9
2.300000E-1	3.745840E-7	3.745840E-7	9.538681E-9	9.538681E-9
2.400000E-1	3.995740E-7	3.995740E-7	1.017504E-8	1.017504E-8
2.500000E-1	4.260470E-7	4.260470E-7	1.084917E-8	1.084917E-8
2.600000E-1	4.537750E-7	4.537750E-7	1.155526E-8	1.155526E-8
2.700000E-1	4.816060E-7	4.816060E-7	1.226397E-8	1.226397E-8
2.800000E-1	5.109920E-7	5.109920E-7	1.301227E-8	1.301227E-8
2.900000E-1	5.407390E-7	5.407390E-7	1.376977E-8	1.376977E-8
3.000000E-1	5.717730E-7	5.717730E-7	1.456005E-8	1.456005E-8
3.100000E-1	6.018180E-7	6.018180E-7	1.532513E-8	1.532513E-8
3.200000E-1	6.353310E-7	6.353310E-7	1.617853E-8	1.617853E-8
3.300000E-1	6.678780E-7	6.678780E-7	1.700733E-8	1.700733E-8
3.400000E-1	7.017160E-7	7.017160E-7	1.786901E-8	1.786901E-8
3.500000E-1	7.361870E-7	7.361870E-7	1.874680E-8	1.874680E-8
3.600000E-1	7.714010E-7	7.714010E-7	1.964352E-8	1.964352E-8
3.700000E-1	8.078290E-7	8.078290E-7	2.057115E-8	2.057115E-8
3.800000E-1	8.455920E-7	8.455920E-7	2.153277E-8	2.153277E-8
3.900000E-1	8.843700E-7	8.843700E-7	2.252024E-8	2.252024E-8
4.000000E-1	9.225940E-7	9.225940E-7	2.349361E-8	2.349361E-8
4.100000E-1	9.624880E-7	9.624880E-7	2.450950E-8	2.450950E-8
4.200000E-1	1.002486E-6	1.002486E-6	2.552804E-8	2.552804E-8
4.300000E-1	1.044205E-6	1.044205E-6	2.659040E-8	2.659040E-8
4.400000E-1	1.085499E-6	1.085499E-6	2.764194E-8	2.764194E-8
4.500000E-1	1.129030E-6	1.129030E-6	2.875045E-8	2.875045E-8
4.600000E-1	1.173210E-6	1.173210E-6	2.987548E-8	2.987548E-8
4.700000E-1	1.218000E-6	1.218000E-6	3.101604E-8	3.101604E-8
4.800000E-1	1.264330E-6	1.264330E-6	3.219582E-8	3.219582E-8
4.900000E-1	1.310980E-6	1.310980E-6	3.338375E-8	3.338375E-8
5.000000E-1	1.359870E-6	1.359870E-6	3.462872E-8	3.462872E-8
