#
#
#17:38:16	09/02/21
#
#
#Ell Cont: 5,0x10,0
#
#SMU1	V name:		V1
#	I name:		I1
#	Mode:		V
#	Function:	VAR1
#SMU2	V name:		V2
#	I name:		I2
#	Mode:		common
#	Function:	const.
#SMU3	off
#SMU4	off
#VMUs	off
#
#Primary Source (VAR1):	single
#	Sweep Spacing:	linear
#	Start:		-0.500000
#	Stop:		0.500000
#	Step:		0.010000
#	Compliance:	0.050000
#Power Compliance OFF
#
#Timing:		Integration Time:	medium
#	Delay Time (sec):	0.000000
#	Hold Time (sec):	0.000000
#	Wait Time (sec):	1.000000
#
#Secondary Source (VAR2):	OFF
#
#
#   V1	   I1	Abs(I)	J (A\um²)	Abs(J)
-5.000000E-1	-2.558000E-11	2.558000E-11	-6.513878E-13	6.513878E-13
-4.900000E-1	-2.386000E-11	2.386000E-11	-6.075885E-13	6.075885E-13
-4.800000E-1	-2.018000E-11	2.018000E-11	-5.138783E-13	5.138783E-13
-4.700000E-1	-1.998000E-11	1.998000E-11	-5.087853E-13	5.087853E-13
-4.600000E-1	-1.932000E-11	1.932000E-11	-4.919786E-13	4.919786E-13
-4.500000E-1	-1.887000E-11	1.887000E-11	-4.805195E-13	4.805195E-13
-4.400000E-1	-1.896000E-11	1.896000E-11	-4.828113E-13	4.828113E-13
-4.300000E-1	-1.751000E-11	1.751000E-11	-4.458874E-13	4.458874E-13
-4.200000E-1	-1.623000E-11	1.623000E-11	-4.132926E-13	4.132926E-13
-4.100000E-1	-1.668000E-11	1.668000E-11	-4.247517E-13	4.247517E-13
-4.000000E-1	-1.590000E-11	1.590000E-11	-4.048892E-13	4.048892E-13
-3.900000E-1	-1.430000E-11	1.430000E-11	-3.641457E-13	3.641457E-13
-3.800000E-1	-6.790000E-12	6.790000E-12	-1.729055E-13	1.729055E-13
-3.700000E-1	1.550000E-12	1.550000E-12	3.947033E-14	3.947033E-14
-3.600000E-1	-6.840000E-12	6.840000E-12	-1.741788E-13	1.741788E-13
-3.500000E-1	-5.240000E-12	5.240000E-12	-1.334352E-13	1.334352E-13
-3.400000E-1	-5.350000E-12	5.350000E-12	-1.362363E-13	1.362363E-13
-3.300000E-1	-9.870000E-12	9.870000E-12	-2.513369E-13	2.513369E-13
-3.200000E-1	-8.260000E-12	8.260000E-12	-2.103387E-13	2.103387E-13
-3.100000E-1	-8.340000E-12	8.340000E-12	-2.123759E-13	2.123759E-13
-3.000000E-1	-9.500000E-12	9.500000E-12	-2.419149E-13	2.419149E-13
-2.900000E-1	-1.133000E-11	1.133000E-11	-2.885154E-13	2.885154E-13
-2.800000E-1	-9.450000E-12	9.450000E-12	-2.406417E-13	2.406417E-13
-2.700000E-1	-1.012000E-11	1.012000E-11	-2.577031E-13	2.577031E-13
-2.600000E-1	-9.890000E-12	9.890000E-12	-2.518462E-13	2.518462E-13
-2.500000E-1	-9.170000E-12	9.170000E-12	-2.335116E-13	2.335116E-13
-2.400000E-1	-9.640000E-12	9.640000E-12	-2.454800E-13	2.454800E-13
-2.300000E-1	-7.230000E-12	7.230000E-12	-1.841100E-13	1.841100E-13
-2.200000E-1	-6.750000E-12	6.750000E-12	-1.718869E-13	1.718869E-13
-2.100000E-1	-6.520000E-12	6.520000E-12	-1.660300E-13	1.660300E-13
-2.000000E-1	-6.260000E-12	6.260000E-12	-1.594092E-13	1.594092E-13
-1.900000E-1	-6.170000E-12	6.170000E-12	-1.571174E-13	1.571174E-13
-1.800000E-1	-6.160000E-12	6.160000E-12	-1.568627E-13	1.568627E-13
-1.700000E-1	-6.140000E-12	6.140000E-12	-1.563534E-13	1.563534E-13
-1.600000E-1	-5.960000E-12	5.960000E-12	-1.517698E-13	1.517698E-13
-1.500000E-1	-5.660000E-12	5.660000E-12	-1.441304E-13	1.441304E-13
-1.400000E-1	-5.170000E-12	5.170000E-12	-1.316527E-13	1.316527E-13
-1.300000E-1	-4.900000E-12	4.900000E-12	-1.247772E-13	1.247772E-13
-1.200000E-1	-4.220000E-12	4.220000E-12	-1.074612E-13	1.074612E-13
-1.100000E-1	-4.070000E-12	4.070000E-12	-1.036415E-13	1.036415E-13
-1.000000E-1	-3.520000E-12	3.520000E-12	-8.963585E-14	8.963585E-14
-9.000000E-2	-3.360000E-12	3.360000E-12	-8.556150E-14	8.556150E-14
-8.000000E-2	-3.300000E-12	3.300000E-12	-8.403361E-14	8.403361E-14
-7.000000E-2	-2.720000E-12	2.720000E-12	-6.926407E-14	6.926407E-14
-6.000000E-2	-2.080000E-12	2.080000E-12	-5.296664E-14	5.296664E-14
-5.000000E-2	-1.820000E-12	1.820000E-12	-4.634581E-14	4.634581E-14
-4.000000E-2	-1.460000E-12	1.460000E-12	-3.717851E-14	3.717851E-14
-3.000000E-2	-1.140000E-12	1.140000E-12	-2.902979E-14	2.902979E-14
-2.000000E-2	-7.400000E-13	7.400000E-13	-1.884390E-14	1.884390E-14
-1.000000E-2	-4.500000E-13	4.500000E-13	-1.145913E-14	1.145913E-14
0.000000E+0	-2.000000E-14	2.000000E-14	-5.092946E-16	5.092946E-16
1.000000E-2	1.600000E-13	1.600000E-13	4.074357E-15	4.074357E-15
2.000000E-2	5.500000E-13	5.500000E-13	1.400560E-14	1.400560E-14
3.000000E-2	9.200000E-13	9.200000E-13	2.342755E-14	2.342755E-14
4.000000E-2	1.120000E-12	1.120000E-12	2.852050E-14	2.852050E-14
5.000000E-2	1.430000E-12	1.430000E-12	3.641457E-14	3.641457E-14
6.000000E-2	1.710000E-12	1.710000E-12	4.354469E-14	4.354469E-14
7.000000E-2	1.950000E-12	1.950000E-12	4.965623E-14	4.965623E-14
8.000000E-2	2.350000E-12	2.350000E-12	5.984212E-14	5.984212E-14
9.000000E-2	2.680000E-12	2.680000E-12	6.824548E-14	6.824548E-14
1.000000E-1	2.940000E-12	2.940000E-12	7.486631E-14	7.486631E-14
1.100000E-1	3.680000E-12	3.680000E-12	9.371021E-14	9.371021E-14
1.200000E-1	4.120000E-12	4.120000E-12	1.049147E-13	1.049147E-13
1.300000E-1	4.740000E-12	4.740000E-12	1.207028E-13	1.207028E-13
1.400000E-1	4.960000E-12	4.960000E-12	1.263051E-13	1.263051E-13
1.500000E-1	5.310000E-12	5.310000E-12	1.352177E-13	1.352177E-13
1.600000E-1	5.600000E-12	5.600000E-12	1.426025E-13	1.426025E-13
1.700000E-1	5.960000E-12	5.960000E-12	1.517698E-13	1.517698E-13
1.800000E-1	6.230000E-12	6.230000E-12	1.586453E-13	1.586453E-13
1.900000E-1	6.920000E-12	6.920000E-12	1.762159E-13	1.762159E-13
2.000000E-1	7.290000E-12	7.290000E-12	1.856379E-13	1.856379E-13
2.100000E-1	7.720000E-12	7.720000E-12	1.965877E-13	1.965877E-13
2.200000E-1	8.210000E-12	8.210000E-12	2.090654E-13	2.090654E-13
2.300000E-1	8.860000E-12	8.860000E-12	2.256175E-13	2.256175E-13
2.400000E-1	9.300000E-12	9.300000E-12	2.368220E-13	2.368220E-13
2.500000E-1	9.780000E-12	9.780000E-12	2.490451E-13	2.490451E-13
2.600000E-1	1.012000E-11	1.012000E-11	2.577031E-13	2.577031E-13
2.700000E-1	1.052000E-11	1.052000E-11	2.678890E-13	2.678890E-13
2.800000E-1	1.140000E-11	1.140000E-11	2.902979E-13	2.902979E-13
2.900000E-1	1.208000E-11	1.208000E-11	3.076140E-13	3.076140E-13
3.000000E-1	1.292000E-11	1.292000E-11	3.290043E-13	3.290043E-13
3.100000E-1	1.334000E-11	1.334000E-11	3.396995E-13	3.396995E-13
3.200000E-1	1.299000E-11	1.299000E-11	3.307869E-13	3.307869E-13
3.300000E-1	1.376000E-11	1.376000E-11	3.503947E-13	3.503947E-13
3.400000E-1	1.437000E-11	1.437000E-11	3.659282E-13	3.659282E-13
3.500000E-1	1.494000E-11	1.494000E-11	3.804431E-13	3.804431E-13
3.600000E-1	1.522000E-11	1.522000E-11	3.875732E-13	3.875732E-13
3.700000E-1	1.544000E-11	1.544000E-11	3.931754E-13	3.931754E-13
3.800000E-1	1.630000E-11	1.630000E-11	4.150751E-13	4.150751E-13
3.900000E-1	1.699000E-11	1.699000E-11	4.326458E-13	4.326458E-13
4.000000E-1	1.727000E-11	1.727000E-11	4.397759E-13	4.397759E-13
4.100000E-1	1.763000E-11	1.763000E-11	4.489432E-13	4.489432E-13
4.200000E-1	1.823000E-11	1.823000E-11	4.642220E-13	4.642220E-13
4.300000E-1	1.844000E-11	1.844000E-11	4.695696E-13	4.695696E-13
4.400000E-1	1.858000E-11	1.858000E-11	4.731347E-13	4.731347E-13
4.500000E-1	1.915000E-11	1.915000E-11	4.876496E-13	4.876496E-13
4.600000E-1	2.031000E-11	2.031000E-11	5.171887E-13	5.171887E-13
4.700000E-1	2.205000E-11	2.205000E-11	5.614973E-13	5.614973E-13
4.800000E-1	2.287000E-11	2.287000E-11	5.823784E-13	5.823784E-13
4.900000E-1	2.508000E-11	2.508000E-11	6.386555E-13	6.386555E-13
5.000000E-1	2.581000E-11	2.581000E-11	6.572447E-13	6.572447E-13
