#
#
#17:37:02	09/02/21
#
#
#Ell Cont: 5,0x10,0
#
#SMU1	V name:		V1
#	I name:		I1
#	Mode:		V
#	Function:	VAR1
#SMU2	V name:		V2
#	I name:		I2
#	Mode:		common
#	Function:	const.
#SMU3	off
#SMU4	off
#VMUs	off
#
#Primary Source (VAR1):	single
#	Sweep Spacing:	linear
#	Start:		-0.500000
#	Stop:		0.500000
#	Step:		0.010000
#	Compliance:	0.050000
#Power Compliance OFF
#
#Timing:		Integration Time:	medium
#	Delay Time (sec):	0.000000
#	Hold Time (sec):	0.000000
#	Wait Time (sec):	1.000000
#
#Secondary Source (VAR2):	OFF
#
#
#   V1	   I1	Abs(I)	J (A\um²)	Abs(J)
-5.000000E-1	-3.643310E-6	3.643310E-6	-9.277591E-8	9.277591E-8
-4.900000E-1	-3.286680E-6	3.286680E-6	-8.369442E-8	8.369442E-8
-4.800000E-1	-4.068520E-6	4.068520E-6	-1.036038E-7	1.036038E-7
-4.700000E-1	-3.981130E-6	3.981130E-6	-1.013784E-7	1.013784E-7
-4.600000E-1	-4.201770E-6	4.201770E-6	-1.069969E-7	1.069969E-7
-4.500000E-1	-5.373640E-6	5.373640E-6	-1.368383E-7	1.368383E-7
-4.400000E-1	-4.936920E-6	4.936920E-6	-1.257173E-7	1.257173E-7
-4.300000E-1	-4.846120E-6	4.846120E-6	-1.234051E-7	1.234051E-7
-4.200000E-1	-3.117010E-6	3.117010E-6	-7.937382E-8	7.937382E-8
-4.100000E-1	-3.994540E-6	3.994540E-6	-1.017199E-7	1.017199E-7
-4.000000E-1	-3.258760E-6	3.258760E-6	-8.298345E-8	8.298345E-8
-3.900000E-1	-3.565670E-6	3.565670E-6	-9.079883E-8	9.079883E-8
-3.800000E-1	-3.175370E-6	3.175370E-6	-8.085994E-8	8.085994E-8
-3.700000E-1	-3.053220E-6	3.053220E-6	-7.774943E-8	7.774943E-8
-3.600000E-1	-3.353530E-6	3.353530E-6	-8.539674E-8	8.539674E-8
-3.500000E-1	-2.364180E-6	2.364180E-6	-6.020321E-8	6.020321E-8
-3.400000E-1	-2.306880E-6	2.306880E-6	-5.874408E-8	5.874408E-8
-3.300000E-1	-2.185000E-6	2.185000E-6	-5.564044E-8	5.564044E-8
-3.200000E-1	-2.281460E-6	2.281460E-6	-5.809677E-8	5.809677E-8
-3.100000E-1	-2.323560E-6	2.323560E-6	-5.916883E-8	5.916883E-8
-3.000000E-1	-2.531480E-6	2.531480E-6	-6.446346E-8	6.446346E-8
-2.900000E-1	-2.139100E-6	2.139100E-6	-5.447161E-8	5.447161E-8
-2.800000E-1	-2.228380E-6	2.228380E-6	-5.674510E-8	5.674510E-8
-2.700000E-1	-1.937000E-6	1.937000E-6	-4.932518E-8	4.932518E-8
-2.600000E-1	-1.845030E-6	1.845030E-6	-4.698319E-8	4.698319E-8
-2.500000E-1	-1.795460E-6	1.795460E-6	-4.572091E-8	4.572091E-8
-2.400000E-1	-1.840190E-6	1.840190E-6	-4.685994E-8	4.685994E-8
-2.300000E-1	-1.693550E-6	1.693550E-6	-4.312580E-8	4.312580E-8
-2.200000E-1	-1.540870E-6	1.540870E-6	-3.923784E-8	3.923784E-8
-2.100000E-1	-1.329800E-6	1.329800E-6	-3.386300E-8	3.386300E-8
-2.000000E-1	-1.421950E-6	1.421950E-6	-3.620957E-8	3.620957E-8
-1.900000E-1	-1.397140E-6	1.397140E-6	-3.557779E-8	3.557779E-8
-1.800000E-1	-1.281500E-6	1.281500E-6	-3.263305E-8	3.263305E-8
-1.700000E-1	-1.197840E-6	1.197840E-6	-3.050267E-8	3.050267E-8
-1.600000E-1	-1.576600E-6	1.576600E-6	-4.014769E-8	4.014769E-8
-1.500000E-1	-1.451300E-6	1.451300E-6	-3.695696E-8	3.695696E-8
-1.400000E-1	-1.355370E-6	1.355370E-6	-3.451413E-8	3.451413E-8
-1.300000E-1	-1.166530E-6	1.166530E-6	-2.970537E-8	2.970537E-8
-1.200000E-1	-1.036490E-6	1.036490E-6	-2.639394E-8	2.639394E-8
-1.100000E-1	-9.489530E-7	9.489530E-7	-2.416483E-8	2.416483E-8
-1.000000E-1	-8.628360E-7	8.628360E-7	-2.197189E-8	2.197189E-8
-9.000000E-2	-7.722320E-7	7.722320E-7	-1.966468E-8	1.966468E-8
-8.000000E-2	-6.168040E-7	6.168040E-7	-1.570675E-8	1.570675E-8
-7.000000E-2	-6.014550E-7	6.014550E-7	-1.531589E-8	1.531589E-8
-6.000000E-2	-5.063950E-7	5.063950E-7	-1.289521E-8	1.289521E-8
-5.000000E-2	-4.186850E-7	4.186850E-7	-1.066170E-8	1.066170E-8
-4.000000E-2	-3.489260E-7	3.489260E-7	-8.885307E-9	8.885307E-9
-3.000000E-2	-2.546360E-7	2.546360E-7	-6.484237E-9	6.484237E-9
-2.000000E-2	-1.833320E-7	1.833320E-7	-4.668500E-9	4.668500E-9
-1.000000E-2	-8.532820E-8	8.532820E-8	-2.172860E-9	2.172860E-9
0.000000E+0	-6.963100E-10	6.963100E-10	-1.773135E-11	1.773135E-11
1.000000E-2	7.357360E-8	7.357360E-8	1.873532E-9	1.873532E-9
2.000000E-2	1.518720E-7	1.518720E-7	3.867380E-9	3.867380E-9
3.000000E-2	2.438510E-7	2.438510E-7	6.209600E-9	6.209600E-9
4.000000E-2	2.987260E-7	2.987260E-7	7.606977E-9	7.606977E-9
5.000000E-2	3.838070E-7	3.838070E-7	9.773542E-9	9.773542E-9
6.000000E-2	4.521600E-7	4.521600E-7	1.151413E-8	1.151413E-8
7.000000E-2	5.283960E-7	5.283960E-7	1.345546E-8	1.345546E-8
8.000000E-2	5.849750E-7	5.849750E-7	1.489623E-8	1.489623E-8
9.000000E-2	6.851930E-7	6.851930E-7	1.744826E-8	1.744826E-8
1.000000E-1	7.708370E-7	7.708370E-7	1.962916E-8	1.962916E-8
1.100000E-1	8.489300E-7	8.489300E-7	2.161777E-8	2.161777E-8
1.200000E-1	9.345830E-7	9.345830E-7	2.379890E-8	2.379890E-8
1.300000E-1	9.965300E-7	9.965300E-7	2.537637E-8	2.537637E-8
1.400000E-1	1.085214E-6	1.085214E-6	2.763468E-8	2.763468E-8
1.500000E-1	1.157040E-6	1.157040E-6	2.946371E-8	2.946371E-8
1.600000E-1	1.223270E-6	1.223270E-6	3.115024E-8	3.115024E-8
1.700000E-1	1.285210E-6	1.285210E-6	3.272753E-8	3.272753E-8
1.800000E-1	1.378290E-6	1.378290E-6	3.509778E-8	3.509778E-8
1.900000E-1	1.487770E-6	1.487770E-6	3.788566E-8	3.788566E-8
2.000000E-1	1.539070E-6	1.539070E-6	3.919200E-8	3.919200E-8
2.100000E-1	1.647260E-6	1.647260E-6	4.194703E-8	4.194703E-8
2.200000E-1	1.818880E-6	1.818880E-6	4.631729E-8	4.631729E-8
2.300000E-1	1.865820E-6	1.865820E-6	4.751260E-8	4.751260E-8
2.400000E-1	1.840060E-6	1.840060E-6	4.685663E-8	4.685663E-8
2.500000E-1	1.914580E-6	1.914580E-6	4.875426E-8	4.875426E-8
2.600000E-1	2.058420E-6	2.058420E-6	5.241711E-8	5.241711E-8
2.700000E-1	2.047470E-6	2.047470E-6	5.213827E-8	5.213827E-8
2.800000E-1	2.127920E-6	2.127920E-6	5.418691E-8	5.418691E-8
2.900000E-1	2.114600E-6	2.114600E-6	5.384772E-8	5.384772E-8
3.000000E-1	2.408670E-6	2.408670E-6	6.133613E-8	6.133613E-8
3.100000E-1	2.499320E-6	2.499320E-6	6.364451E-8	6.364451E-8
3.200000E-1	2.548330E-6	2.548330E-6	6.489254E-8	6.489254E-8
3.300000E-1	2.518090E-6	2.518090E-6	6.412248E-8	6.412248E-8
3.400000E-1	2.696440E-6	2.696440E-6	6.866412E-8	6.866412E-8
3.500000E-1	2.480520E-6	2.480520E-6	6.316577E-8	6.316577E-8
3.600000E-1	2.573810E-6	2.573810E-6	6.554138E-8	6.554138E-8
3.700000E-1	2.705300E-6	2.705300E-6	6.888974E-8	6.888974E-8
3.800000E-1	2.853540E-6	2.853540E-6	7.266463E-8	7.266463E-8
3.900000E-1	2.960000E-6	2.960000E-6	7.537560E-8	7.537560E-8
4.000000E-1	2.918380E-6	2.918380E-6	7.431576E-8	7.431576E-8
4.100000E-1	3.013910E-6	3.013910E-6	7.674841E-8	7.674841E-8
4.200000E-1	2.961800E-6	2.961800E-6	7.542144E-8	7.542144E-8
4.300000E-1	3.103940E-6	3.103940E-6	7.904100E-8	7.904100E-8
4.400000E-1	3.142100E-6	3.142100E-6	8.001273E-8	8.001273E-8
4.500000E-1	3.244640E-6	3.244640E-6	8.262388E-8	8.262388E-8
4.600000E-1	3.264400E-6	3.264400E-6	8.312707E-8	8.312707E-8
4.700000E-1	3.432670E-6	3.432670E-6	8.741202E-8	8.741202E-8
4.800000E-1	3.567320E-6	3.567320E-6	9.084084E-8	9.084084E-8
4.900000E-1	3.710990E-6	3.710990E-6	9.449936E-8	9.449936E-8
5.000000E-1	3.759990E-6	3.759990E-6	9.574713E-8	9.574713E-8
