#
#
#17:41:32	09/02/21
#
#
#Ell Cont: 5,0x10,0
#
#SMU1	V name:		V1
#	I name:		I1
#	Mode:		V
#	Function:	VAR1
#SMU2	V name:		V2
#	I name:		I2
#	Mode:		common
#	Function:	const.
#SMU3	off
#SMU4	off
#VMUs	off
#
#Primary Source (VAR1):	single
#	Sweep Spacing:	linear
#	Start:		-0.500000
#	Stop:		0.500000
#	Step:		0.010000
#	Compliance:	0.050000
#Power Compliance OFF
#
#Timing:		Integration Time:	medium
#	Delay Time (sec):	0.000000
#	Hold Time (sec):	0.000000
#	Wait Time (sec):	1.000000
#
#Secondary Source (VAR2):	OFF
#
#
#   V1	   I1	Abs(I)	J (A\um²)	Abs(J)
-5.000000E-1	-9.427940E-6	9.427940E-6	-2.400800E-7	2.400800E-7
-4.900000E-1	-9.096100E-6	9.096100E-6	-2.316297E-7	2.316297E-7
-4.800000E-1	-8.770650E-6	8.770650E-6	-2.233422E-7	2.233422E-7
-4.700000E-1	-8.452620E-6	8.452620E-6	-2.152437E-7	2.152437E-7
-4.600000E-1	-8.144530E-6	8.144530E-6	-2.073983E-7	2.073983E-7
-4.500000E-1	-7.834810E-6	7.834810E-6	-1.995113E-7	1.995113E-7
-4.400000E-1	-7.538960E-6	7.538960E-6	-1.919776E-7	1.919776E-7
-4.300000E-1	-7.245160E-6	7.245160E-6	-1.844961E-7	1.844961E-7
-4.200000E-1	-6.958390E-6	6.958390E-6	-1.771935E-7	1.771935E-7
-4.100000E-1	-6.678070E-6	6.678070E-6	-1.700553E-7	1.700553E-7
-4.000000E-1	-6.402410E-6	6.402410E-6	-1.630356E-7	1.630356E-7
-3.900000E-1	-6.133540E-6	6.133540E-6	-1.561889E-7	1.561889E-7
-3.800000E-1	-5.871520E-6	5.871520E-6	-1.495167E-7	1.495167E-7
-3.700000E-1	-5.613950E-6	5.613950E-6	-1.429577E-7	1.429577E-7
-3.600000E-1	-5.364270E-6	5.364270E-6	-1.365997E-7	1.365997E-7
-3.500000E-1	-5.117820E-6	5.117820E-6	-1.303239E-7	1.303239E-7
-3.400000E-1	-4.877670E-6	4.877670E-6	-1.242086E-7	1.242086E-7
-3.300000E-1	-4.641390E-6	4.641390E-6	-1.181917E-7	1.181917E-7
-3.200000E-1	-4.412270E-6	4.412270E-6	-1.123573E-7	1.123573E-7
-3.100000E-1	-4.191490E-6	4.191490E-6	-1.067352E-7	1.067352E-7
-3.000000E-1	-3.974270E-6	3.974270E-6	-1.012037E-7	1.012037E-7
-2.900000E-1	-3.760740E-6	3.760740E-6	-9.576623E-8	9.576623E-8
-2.800000E-1	-3.556680E-6	3.556680E-6	-9.056990E-8	9.056990E-8
-2.700000E-1	-3.353540E-6	3.353540E-6	-8.539699E-8	8.539699E-8
-2.600000E-1	-3.158050E-6	3.158050E-6	-8.041889E-8	8.041889E-8
-2.500000E-1	-2.967620E-6	2.967620E-6	-7.556965E-8	7.556965E-8
-2.400000E-1	-2.783600E-6	2.783600E-6	-7.088363E-8	7.088363E-8
-2.300000E-1	-2.606800E-6	2.606800E-6	-6.638146E-8	6.638146E-8
-2.200000E-1	-2.433600E-6	2.433600E-6	-6.197097E-8	6.197097E-8
-2.100000E-1	-2.266550E-6	2.266550E-6	-5.771709E-8	5.771709E-8
-2.000000E-1	-2.106190E-6	2.106190E-6	-5.363356E-8	5.363356E-8
-1.900000E-1	-1.952150E-6	1.952150E-6	-4.971097E-8	4.971097E-8
-1.800000E-1	-1.802760E-6	1.802760E-6	-4.590680E-8	4.590680E-8
-1.700000E-1	-1.658990E-6	1.658990E-6	-4.224573E-8	4.224573E-8
-1.600000E-1	-1.519470E-6	1.519470E-6	-3.869289E-8	3.869289E-8
-1.500000E-1	-1.388000E-6	1.388000E-6	-3.534505E-8	3.534505E-8
-1.400000E-1	-1.260700E-6	1.260700E-6	-3.210339E-8	3.210339E-8
-1.300000E-1	-1.141220E-6	1.141220E-6	-2.906086E-8	2.906086E-8
-1.200000E-1	-1.026690E-6	1.026690E-6	-2.614438E-8	2.614438E-8
-1.100000E-1	-9.168240E-7	9.168240E-7	-2.334668E-8	2.334668E-8
-1.000000E-1	-8.143790E-7	8.143790E-7	-2.073794E-8	2.073794E-8
-9.000000E-2	-7.160700E-7	7.160700E-7	-1.823453E-8	1.823453E-8
-8.000000E-2	-6.228790E-7	6.228790E-7	-1.586145E-8	1.586145E-8
-7.000000E-2	-5.330740E-7	5.330740E-7	-1.357459E-8	1.357459E-8
-6.000000E-2	-4.487890E-7	4.487890E-7	-1.142829E-8	1.142829E-8
-5.000000E-2	-3.670950E-7	3.670950E-7	-9.347975E-9	9.347975E-9
-4.000000E-2	-2.892910E-7	2.892910E-7	-7.366718E-9	7.366718E-9
-3.000000E-2	-2.140380E-7	2.140380E-7	-5.450420E-9	5.450420E-9
-2.000000E-2	-1.410060E-7	1.410060E-7	-3.590680E-9	3.590680E-9
-1.000000E-2	-7.043080E-8	7.043080E-8	-1.793501E-9	1.793501E-9
0.000000E+0	-1.946400E-10	1.946400E-10	-4.956455E-12	4.956455E-12
1.000000E-2	6.977930E-8	6.977930E-8	1.776911E-9	1.776911E-9
2.000000E-2	1.410370E-7	1.410370E-7	3.591469E-9	3.591469E-9
3.000000E-2	2.136700E-7	2.136700E-7	5.441049E-9	5.441049E-9
4.000000E-2	2.883320E-7	2.883320E-7	7.342297E-9	7.342297E-9
5.000000E-2	3.656470E-7	3.656470E-7	9.311103E-9	9.311103E-9
6.000000E-2	4.466670E-7	4.466670E-7	1.137426E-8	1.137426E-8
7.000000E-2	5.311910E-7	5.311910E-7	1.352664E-8	1.352664E-8
8.000000E-2	6.188350E-7	6.188350E-7	1.575847E-8	1.575847E-8
9.000000E-2	7.126270E-7	7.126270E-7	1.814685E-8	1.814685E-8
1.000000E-1	8.126080E-7	8.126080E-7	2.069284E-8	2.069284E-8
1.100000E-1	9.165810E-7	9.165810E-7	2.334049E-8	2.334049E-8
1.200000E-1	1.023313E-6	1.023313E-6	2.605839E-8	2.605839E-8
1.300000E-1	1.138940E-6	1.138940E-6	2.900280E-8	2.900280E-8
1.400000E-1	1.259410E-6	1.259410E-6	3.207054E-8	3.207054E-8
1.500000E-1	1.384530E-6	1.384530E-6	3.525668E-8	3.525668E-8
1.600000E-1	1.516280E-6	1.516280E-6	3.861166E-8	3.861166E-8
1.700000E-1	1.652860E-6	1.652860E-6	4.208964E-8	4.208964E-8
1.800000E-1	1.798180E-6	1.798180E-6	4.579017E-8	4.579017E-8
1.900000E-1	1.947270E-6	1.947270E-6	4.958671E-8	4.958671E-8
2.000000E-1	2.103540E-6	2.103540E-6	5.356608E-8	5.356608E-8
2.100000E-1	2.261270E-6	2.261270E-6	5.758263E-8	5.758263E-8
2.200000E-1	2.427930E-6	2.427930E-6	6.182658E-8	6.182658E-8
2.300000E-1	2.600410E-6	2.600410E-6	6.621874E-8	6.621874E-8
2.400000E-1	2.773090E-6	2.773090E-6	7.061599E-8	7.061599E-8
2.500000E-1	2.959440E-6	2.959440E-6	7.536134E-8	7.536134E-8
2.600000E-1	3.149640E-6	3.149640E-6	8.020474E-8	8.020474E-8
2.700000E-1	3.340280E-6	3.340280E-6	8.505933E-8	8.505933E-8
2.800000E-1	3.540400E-6	3.540400E-6	9.015533E-8	9.015533E-8
2.900000E-1	3.741500E-6	3.741500E-6	9.527629E-8	9.527629E-8
3.000000E-1	3.950200E-6	3.950200E-6	1.005908E-7	1.005908E-7
3.100000E-1	4.166610E-6	4.166610E-6	1.061016E-7	1.061016E-7
3.200000E-1	4.384410E-6	4.384410E-6	1.116478E-7	1.116478E-7
3.300000E-1	4.610890E-6	4.610890E-6	1.174151E-7	1.174151E-7
3.400000E-1	4.840630E-6	4.840630E-6	1.232653E-7	1.232653E-7
3.500000E-1	5.079110E-6	5.079110E-6	1.293382E-7	1.293382E-7
3.600000E-1	5.321920E-6	5.321920E-6	1.355213E-7	1.355213E-7
3.700000E-1	5.570690E-6	5.570690E-6	1.418561E-7	1.418561E-7
3.800000E-1	5.823000E-6	5.823000E-6	1.482811E-7	1.482811E-7
3.900000E-1	6.086910E-6	6.086910E-6	1.550015E-7	1.550015E-7
4.000000E-1	6.351040E-6	6.351040E-6	1.617275E-7	1.617275E-7
4.100000E-1	6.618250E-6	6.618250E-6	1.685320E-7	1.685320E-7
4.200000E-1	6.895560E-6	6.895560E-6	1.755936E-7	1.755936E-7
4.300000E-1	7.177110E-6	7.177110E-6	1.827632E-7	1.827632E-7
4.400000E-1	7.464130E-6	7.464130E-6	1.900721E-7	1.900721E-7
4.500000E-1	7.755570E-6	7.755570E-6	1.974935E-7	1.974935E-7
4.600000E-1	8.059380E-6	8.059380E-6	2.052299E-7	2.052299E-7
4.700000E-1	8.355290E-6	8.355290E-6	2.127652E-7	2.127652E-7
4.800000E-1	8.670110E-6	8.670110E-6	2.207820E-7	2.207820E-7
4.900000E-1	8.988560E-6	8.988560E-6	2.288913E-7	2.288913E-7
5.000000E-1	9.306770E-6	9.306770E-6	2.369944E-7	2.369944E-7
