

15:02:36	25/02/21


Ell Cont: 5,0x10,0

SMU1	V name:		V1
	I name:		I1
	Mode:		V
	Function:	VAR1
SMU2	V name:		V2
	I name:		I2
	Mode:		common
	Function:	const.
SMU3	off
SMU4	off
VMUs	off

Primary Source (VAR1):	single
	Sweep Spacing:	linear
	Start:		-0.500000
	Stop:		0.500000
	Step:		0.010000
	Compliance:	0.050000
Power Compliance OFF

Timing:		Integration Time:	medium
	Delay Time (sec):	0.000000
	Hold Time (sec):	0.000000
	Wait Time (sec):	1.000000

Secondary Source (VAR2):	OFF


   V1	   I1	Abs(I)	J (A\um²)	Abs(J)
-5.000000E-1	-8.865040E-5	8.865040E-5	-2.257459E-6	2.257459E-6
-4.900000E-1	-8.634970E-5	8.634970E-5	-2.198872E-6	2.198872E-6
-4.800000E-1	-8.402400E-5	8.402400E-5	-2.139649E-6	2.139649E-6
-4.700000E-1	-8.176860E-5	8.176860E-5	-2.082215E-6	2.082215E-6
-4.600000E-1	-7.953390E-5	7.953390E-5	-2.025309E-6	2.025309E-6
-4.500000E-1	-7.731310E-5	7.731310E-5	-1.968757E-6	1.968757E-6
-4.400000E-1	-7.511920E-5	7.511920E-5	-1.912890E-6	1.912890E-6
-4.300000E-1	-7.293000E-5	7.293000E-5	-1.857143E-6	1.857143E-6
-4.200000E-1	-7.078390E-5	7.078390E-5	-1.802493E-6	1.802493E-6
-4.100000E-1	-6.864920E-5	6.864920E-5	-1.748133E-6	1.748133E-6
-4.000000E-1	-6.655050E-5	6.655050E-5	-1.694691E-6	1.694691E-6
-3.900000E-1	-6.445690E-5	6.445690E-5	-1.641378E-6	1.641378E-6
-3.800000E-1	-6.239320E-5	6.239320E-5	-1.588826E-6	1.588826E-6
-3.700000E-1	-6.035180E-5	6.035180E-5	-1.536842E-6	1.536842E-6
-3.600000E-1	-5.832080E-5	5.832080E-5	-1.485123E-6	1.485123E-6
-3.500000E-1	-5.632720E-5	5.632720E-5	-1.434357E-6	1.434357E-6
-3.400000E-1	-5.434810E-5	5.434810E-5	-1.383960E-6	1.383960E-6
-3.300000E-1	-5.237970E-5	5.237970E-5	-1.333835E-6	1.333835E-6
-3.200000E-1	-5.044760E-5	5.044760E-5	-1.284635E-6	1.284635E-6
-3.100000E-1	-4.852830E-5	4.852830E-5	-1.235760E-6	1.235760E-6
-3.000000E-1	-4.664700E-5	4.664700E-5	-1.187853E-6	1.187853E-6
-2.900000E-1	-4.476430E-5	4.476430E-5	-1.139911E-6	1.139911E-6
-2.800000E-1	-4.290480E-5	4.290480E-5	-1.092559E-6	1.092559E-6
-2.700000E-1	-4.108850E-5	4.108850E-5	-1.046308E-6	1.046308E-6
-2.600000E-1	-3.927670E-5	3.927670E-5	-1.000171E-6	1.000171E-6
-2.500000E-1	-3.750530E-5	3.750530E-5	-9.550624E-7	9.550624E-7
-2.400000E-1	-3.573460E-5	3.573460E-5	-9.099720E-7	9.099720E-7
-2.300000E-1	-3.400690E-5	3.400690E-5	-8.659766E-7	8.659766E-7
-2.200000E-1	-3.228880E-5	3.228880E-5	-8.222256E-7	8.222256E-7
-2.100000E-1	-3.060820E-5	3.060820E-5	-7.794296E-7	7.794296E-7
-2.000000E-1	-2.893070E-5	2.893070E-5	-7.367125E-7	7.367125E-7
-1.900000E-1	-2.728770E-5	2.728770E-5	-6.948739E-7	6.948739E-7
-1.800000E-1	-2.565820E-5	2.565820E-5	-6.533792E-7	6.533792E-7
-1.700000E-1	-2.406120E-5	2.406120E-5	-6.127120E-7	6.127120E-7
-1.600000E-1	-2.247990E-5	2.247990E-5	-5.724446E-7	5.724446E-7
-1.500000E-1	-2.091840E-5	2.091840E-5	-5.326814E-7	5.326814E-7
-1.400000E-1	-1.939470E-5	1.939470E-5	-4.938808E-7	4.938808E-7
-1.300000E-1	-1.788230E-5	1.788230E-5	-4.553680E-7	4.553680E-7
-1.200000E-1	-1.640460E-5	1.640460E-5	-4.177387E-7	4.177387E-7
-1.100000E-1	-1.493710E-5	1.493710E-5	-3.803692E-7	3.803692E-7
-1.000000E-1	-1.350380E-5	1.350380E-5	-3.438706E-7	3.438706E-7
-9.000000E-2	-1.207920E-5	1.207920E-5	-3.075936E-7	3.075936E-7
-8.000000E-2	-1.068340E-5	1.068340E-5	-2.720499E-7	2.720499E-7
-7.000000E-2	-9.298210E-6	9.298210E-6	-2.367764E-7	2.367764E-7
-6.000000E-2	-7.940490E-6	7.940490E-6	-2.022024E-7	2.022024E-7
-5.000000E-2	-6.588860E-6	6.588860E-6	-1.677835E-7	1.677835E-7
-4.000000E-2	-5.260160E-6	5.260160E-6	-1.339486E-7	1.339486E-7
-3.000000E-2	-3.934750E-6	3.934750E-6	-1.001974E-7	1.001974E-7
-2.000000E-2	-2.616110E-6	2.616110E-6	-6.661854E-8	6.661854E-8
-1.000000E-2	-1.314570E-6	1.314570E-6	-3.347517E-8	3.347517E-8
0.000000E+0	-2.401390E-9	2.401390E-9	-6.115075E-11	6.115075E-11
1.000000E-2	1.288220E-6	1.288220E-6	3.280418E-8	3.280418E-8
2.000000E-2	2.598080E-6	2.598080E-6	6.615941E-8	6.615941E-8
3.000000E-2	3.901380E-6	3.901380E-6	9.934759E-8	9.934759E-8
4.000000E-2	5.222540E-6	5.222540E-6	1.329906E-7	1.329906E-7
5.000000E-2	6.555200E-6	6.555200E-6	1.669264E-7	1.669264E-7
6.000000E-2	7.889400E-6	7.889400E-6	2.009014E-7	2.009014E-7
7.000000E-2	9.249290E-6	9.249290E-6	2.355307E-7	2.355307E-7
8.000000E-2	1.061405E-5	1.061405E-5	2.702839E-7	2.702839E-7
9.000000E-2	1.200690E-5	1.200690E-5	3.057525E-7	3.057525E-7
1.000000E-1	1.341120E-5	1.341120E-5	3.415126E-7	3.415126E-7
1.100000E-1	1.484320E-5	1.484320E-5	3.779781E-7	3.779781E-7
1.200000E-1	1.628720E-5	1.628720E-5	4.147492E-7	4.147492E-7
1.300000E-1	1.776330E-5	1.776330E-5	4.523377E-7	4.523377E-7
1.400000E-1	1.924940E-5	1.924940E-5	4.901808E-7	4.901808E-7
1.500000E-1	2.076910E-5	2.076910E-5	5.288795E-7	5.288795E-7
1.600000E-1	2.230950E-5	2.230950E-5	5.681054E-7	5.681054E-7
1.700000E-1	2.385740E-5	2.385740E-5	6.075223E-7	6.075223E-7
1.800000E-1	2.544210E-5	2.544210E-5	6.478762E-7	6.478762E-7
1.900000E-1	2.704110E-5	2.704110E-5	6.885943E-7	6.885943E-7
2.000000E-1	2.867380E-5	2.867380E-5	7.301706E-7	7.301706E-7
2.100000E-1	3.031560E-5	3.031560E-5	7.719786E-7	7.719786E-7
2.200000E-1	3.199480E-5	3.199480E-5	8.147390E-7	8.147390E-7
2.300000E-1	3.367780E-5	3.367780E-5	8.575961E-7	8.575961E-7
2.400000E-1	3.540200E-5	3.540200E-5	9.015024E-7	9.015024E-7
2.500000E-1	3.712700E-5	3.712700E-5	9.454291E-7	9.454291E-7
2.600000E-1	3.889090E-5	3.889090E-5	9.903463E-7	9.903463E-7
2.700000E-1	4.067490E-5	4.067490E-5	1.035775E-6	1.035775E-6
2.800000E-1	4.246480E-5	4.246480E-5	1.081355E-6	1.081355E-6
2.900000E-1	4.429440E-5	4.429440E-5	1.127945E-6	1.127945E-6
3.000000E-1	4.612640E-5	4.612640E-5	1.174596E-6	1.174596E-6
3.100000E-1	4.799700E-5	4.799700E-5	1.222231E-6	1.222231E-6
3.200000E-1	4.986350E-5	4.986350E-5	1.269761E-6	1.269761E-6
3.300000E-1	5.177750E-5	5.177750E-5	1.318500E-6	1.318500E-6
3.400000E-1	5.369280E-5	5.369280E-5	1.367273E-6	1.367273E-6
3.500000E-1	5.564950E-5	5.564950E-5	1.417100E-6	1.417100E-6
3.600000E-1	5.760840E-5	5.760840E-5	1.466982E-6	1.466982E-6
3.700000E-1	5.960770E-5	5.960770E-5	1.517894E-6	1.517894E-6
3.800000E-1	6.162290E-5	6.162290E-5	1.569211E-6	1.569211E-6
3.900000E-1	6.364080E-5	6.364080E-5	1.620596E-6	1.620596E-6
4.000000E-1	6.570460E-5	6.570460E-5	1.673150E-6	1.673150E-6
4.100000E-1	6.777820E-5	6.777820E-5	1.725954E-6	1.725954E-6
4.200000E-1	6.987710E-5	6.987710E-5	1.779402E-6	1.779402E-6
4.300000E-1	7.197480E-5	7.197480E-5	1.832819E-6	1.832819E-6
4.400000E-1	7.411460E-5	7.411460E-5	1.887308E-6	1.887308E-6
4.500000E-1	7.627520E-5	7.627520E-5	1.942327E-6	1.942327E-6
4.600000E-1	7.845410E-5	7.845410E-5	1.997813E-6	1.997813E-6
4.700000E-1	8.064270E-5	8.064270E-5	2.053545E-6	2.053545E-6
4.800000E-1	8.288400E-5	8.288400E-5	2.110619E-6	2.110619E-6
4.900000E-1	8.513070E-5	8.513070E-5	2.167830E-6	2.167830E-6
5.000000E-1	8.738840E-5	8.738840E-5	2.225322E-6	2.225322E-6
