

15:06:05	25/02/21


Ell Cont: 5,0x10,0

SMU1	V name:		V1
	I name:		I1
	Mode:		V
	Function:	VAR1
SMU2	V name:		V2
	I name:		I2
	Mode:		common
	Function:	const.
SMU3	off
SMU4	off
VMUs	off

Primary Source (VAR1):	single
	Sweep Spacing:	linear
	Start:		-0.500000
	Stop:		0.500000
	Step:		0.010000
	Compliance:	0.050000
Power Compliance OFF

Timing:		Integration Time:	medium
	Delay Time (sec):	0.000000
	Hold Time (sec):	0.000000
	Wait Time (sec):	1.000000

Secondary Source (VAR2):	OFF


   V1	   I1	Abs(I)	J (A\µm²)	Abs(J)
-5.000000E-1	-9.094500E-5	9.094500E-5	-2.315890E-6	2.315890E-6
-4.900000E-1	-8.852940E-5	8.852940E-5	-2.254377E-6	2.254377E-6
-4.800000E-1	-8.612220E-5	8.612220E-5	-2.193079E-6	2.193079E-6
-4.700000E-1	-8.377830E-5	8.377830E-5	-2.133392E-6	2.133392E-6
-4.600000E-1	-8.143430E-5	8.143430E-5	-2.073703E-6	2.073703E-6
-4.500000E-1	-7.913560E-5	7.913560E-5	-2.015167E-6	2.015167E-6
-4.400000E-1	-7.685030E-5	7.685030E-5	-1.956972E-6	1.956972E-6
-4.300000E-1	-7.458640E-5	7.458640E-5	-1.899323E-6	1.899323E-6
-4.200000E-1	-7.236110E-5	7.236110E-5	-1.842656E-6	1.842656E-6
-4.100000E-1	-7.013850E-5	7.013850E-5	-1.786058E-6	1.786058E-6
-4.000000E-1	-6.797150E-5	6.797150E-5	-1.730876E-6	1.730876E-6
-3.900000E-1	-6.580020E-5	6.580020E-5	-1.675584E-6	1.675584E-6
-3.800000E-1	-6.367130E-5	6.367130E-5	-1.621373E-6	1.621373E-6
-3.700000E-1	-6.154170E-5	6.154170E-5	-1.567143E-6	1.567143E-6
-3.600000E-1	-5.946480E-5	5.946480E-5	-1.514255E-6	1.514255E-6
-3.500000E-1	-5.738540E-5	5.738540E-5	-1.461304E-6	1.461304E-6
-3.400000E-1	-5.534230E-5	5.534230E-5	-1.409277E-6	1.409277E-6
-3.300000E-1	-5.330820E-5	5.330820E-5	-1.357479E-6	1.357479E-6
-3.200000E-1	-5.132720E-5	5.132720E-5	-1.307033E-6	1.307033E-6
-3.100000E-1	-4.934380E-5	4.934380E-5	-1.256527E-6	1.256527E-6
-3.000000E-1	-4.740680E-5	4.740680E-5	-1.207201E-6	1.207201E-6
-2.900000E-1	-4.548090E-5	4.548090E-5	-1.158159E-6	1.158159E-6
-2.800000E-1	-4.357480E-5	4.357480E-5	-1.109621E-6	1.109621E-6
-2.700000E-1	-4.171680E-5	4.171680E-5	-1.062307E-6	1.062307E-6
-2.600000E-1	-3.986010E-5	3.986010E-5	-1.015027E-6	1.015027E-6
-2.500000E-1	-3.803940E-5	3.803940E-5	-9.686631E-7	9.686631E-7
-2.400000E-1	-3.623380E-5	3.623380E-5	-9.226840E-7	9.226840E-7
-2.300000E-1	-3.446820E-5	3.446820E-5	-8.777234E-7	8.777234E-7
-2.200000E-1	-3.271270E-5	3.271270E-5	-8.330201E-7	8.330201E-7
-2.100000E-1	-3.098900E-5	3.098900E-5	-7.891266E-7	7.891266E-7
-2.000000E-1	-2.928890E-5	2.928890E-5	-7.458340E-7	7.458340E-7
-1.900000E-1	-2.761300E-5	2.761300E-5	-7.031576E-7	7.031576E-7
-1.800000E-1	-2.596220E-5	2.596220E-5	-6.611204E-7	6.611204E-7
-1.700000E-1	-2.433580E-5	2.433580E-5	-6.197046E-7	6.197046E-7
-1.600000E-1	-2.272990E-5	2.272990E-5	-5.788108E-7	5.788108E-7
-1.500000E-1	-2.115200E-5	2.115200E-5	-5.386300E-7	5.386300E-7
-1.400000E-1	-1.960450E-5	1.960450E-5	-4.992233E-7	4.992233E-7
-1.300000E-1	-1.807520E-5	1.807520E-5	-4.602801E-7	4.602801E-7
-1.200000E-1	-1.657300E-5	1.657300E-5	-4.220270E-7	4.220270E-7
-1.100000E-1	-1.509030E-5	1.509030E-5	-3.842704E-7	3.842704E-7
-1.000000E-1	-1.363710E-5	1.363710E-5	-3.472651E-7	3.472651E-7
-9.000000E-2	-1.219560E-5	1.219560E-5	-3.105577E-7	3.105577E-7
-8.000000E-2	-1.078640E-5	1.078640E-5	-2.746728E-7	2.746728E-7
-7.000000E-2	-9.390020E-6	9.390020E-6	-2.391143E-7	2.391143E-7
-6.000000E-2	-8.019120E-6	8.019120E-6	-2.042047E-7	2.042047E-7
-5.000000E-2	-6.653150E-6	6.653150E-6	-1.694207E-7	1.694207E-7
-4.000000E-2	-5.311570E-6	5.311570E-6	-1.352577E-7	1.352577E-7
-3.000000E-2	-3.973140E-6	3.973140E-6	-1.011749E-7	1.011749E-7
-2.000000E-2	-2.642080E-6	2.642080E-6	-6.727986E-8	6.727986E-8
-1.000000E-2	-1.328260E-6	1.328260E-6	-3.382378E-8	3.382378E-8
0.000000E+0	-8.622500E-9	8.622500E-9	-2.195696E-10	2.195696E-10
1.000000E-2	1.299870E-6	1.299870E-6	3.310084E-8	3.310084E-8
2.000000E-2	2.622430E-6	2.622430E-6	6.677947E-8	6.677947E-8
3.000000E-2	3.939060E-6	3.939060E-6	1.003071E-7	1.003071E-7
4.000000E-2	5.273720E-6	5.273720E-6	1.342939E-7	1.342939E-7
5.000000E-2	6.620900E-6	6.620900E-6	1.685994E-7	1.685994E-7
6.000000E-2	7.969600E-6	7.969600E-6	2.029437E-7	2.029437E-7
7.000000E-2	9.344420E-6	9.344420E-6	2.379531E-7	2.379531E-7
8.000000E-2	1.072595E-5	1.072595E-5	2.731334E-7	2.731334E-7
9.000000E-2	1.213430E-5	1.213430E-5	3.089967E-7	3.089967E-7
1.000000E-1	1.355390E-5	1.355390E-5	3.451464E-7	3.451464E-7
1.100000E-1	1.500860E-5	1.500860E-5	3.821900E-7	3.821900E-7
1.200000E-1	1.646840E-5	1.646840E-5	4.193634E-7	4.193634E-7
1.300000E-1	1.796560E-5	1.796560E-5	4.574892E-7	4.574892E-7
1.400000E-1	1.947500E-5	1.947500E-5	4.959256E-7	4.959256E-7
1.500000E-1	2.101380E-5	2.101380E-5	5.351108E-7	5.351108E-7
1.600000E-1	2.258360E-5	2.258360E-5	5.750853E-7	5.750853E-7
1.700000E-1	2.415810E-5	2.415810E-5	6.151795E-7	6.151795E-7
1.800000E-1	2.576790E-5	2.576790E-5	6.561726E-7	6.561726E-7
1.900000E-1	2.739450E-5	2.739450E-5	6.975936E-7	6.975936E-7
2.000000E-1	2.905920E-5	2.905920E-5	7.399847E-7	7.399847E-7
2.100000E-1	3.073090E-5	3.073090E-5	7.825541E-7	7.825541E-7
2.200000E-1	3.244470E-5	3.244470E-5	8.261956E-7	8.261956E-7
2.300000E-1	3.416760E-5	3.416760E-5	8.700687E-7	8.700687E-7
2.400000E-1	3.592460E-5	3.592460E-5	9.148103E-7	9.148103E-7
2.500000E-1	3.769180E-5	3.769180E-5	9.598115E-7	9.598115E-7
2.600000E-1	3.949270E-5	3.949270E-5	1.005671E-6	1.005671E-6
2.700000E-1	4.131990E-5	4.131990E-5	1.052200E-6	1.052200E-6
2.800000E-1	4.315930E-5	4.315930E-5	1.099040E-6	1.099040E-6
2.900000E-1	4.503570E-5	4.503570E-5	1.146822E-6	1.146822E-6
3.000000E-1	4.691890E-5	4.691890E-5	1.194777E-6	1.194777E-6
3.100000E-1	4.884220E-5	4.884220E-5	1.243753E-6	1.243753E-6
3.200000E-1	5.077580E-5	5.077580E-5	1.292992E-6	1.292992E-6
3.300000E-1	5.274830E-5	5.274830E-5	1.343221E-6	1.343221E-6
3.400000E-1	5.472830E-5	5.472830E-5	1.393641E-6	1.393641E-6
3.500000E-1	5.673470E-5	5.673470E-5	1.444734E-6	1.444734E-6
3.600000E-1	5.875500E-5	5.875500E-5	1.496180E-6	1.496180E-6
3.700000E-1	6.082450E-5	6.082450E-5	1.548880E-6	1.548880E-6
3.800000E-1	6.292220E-5	6.292220E-5	1.602297E-6	1.602297E-6
3.900000E-1	6.501790E-5	6.501790E-5	1.655663E-6	1.655663E-6
4.000000E-1	6.713890E-5	6.713890E-5	1.709674E-6	1.709674E-6
4.100000E-1	6.928940E-5	6.928940E-5	1.764436E-6	1.764436E-6
4.200000E-1	7.146550E-5	7.146550E-5	1.819850E-6	1.819850E-6
4.300000E-1	7.365740E-5	7.365740E-5	1.875666E-6	1.875666E-6
4.400000E-1	7.588030E-5	7.588030E-5	1.932271E-6	1.932271E-6
4.500000E-1	7.811850E-5	7.811850E-5	1.989267E-6	1.989267E-6
4.600000E-1	8.040830E-5	8.040830E-5	2.047576E-6	2.047576E-6
4.700000E-1	8.267810E-5	8.267810E-5	2.105376E-6	2.105376E-6
4.800000E-1	8.501210E-5	8.501210E-5	2.164810E-6	2.164810E-6
4.900000E-1	8.733840E-5	8.733840E-5	2.224049E-6	2.224049E-6
5.000000E-1	8.965660E-5	8.965660E-5	2.283081E-6	2.283081E-6
