

15:06:34	25/02/21


Ell Cont: 5,0x10,0

SMU1	V name:		V1
	I name:		I1
	Mode:		V
	Function:	VAR1
SMU2	V name:		V2
	I name:		I2
	Mode:		common
	Function:	const.
SMU3	off
SMU4	off
VMUs	off

Primary Source (VAR1):	single
	Sweep Spacing:	linear
	Start:		-0.500000
	Stop:		0.500000
	Step:		0.010000
	Compliance:	0.050000
Power Compliance OFF

Timing:		Integration Time:	medium
	Delay Time (sec):	0.000000
	Hold Time (sec):	0.000000
	Wait Time (sec):	1.000000

Secondary Source (VAR2):	OFF


   V1	   I1	Abs(I)	J (A\um²)	Abs(J)
-5.000000E-1	-8.748930E-5	8.748930E-5	-2.227891E-6	2.227891E-6
-4.900000E-1	-8.509520E-5	8.509520E-5	-2.166926E-6	2.166926E-6
-4.800000E-1	-8.271240E-5	8.271240E-5	-2.106249E-6	2.106249E-6
-4.700000E-1	-8.039740E-5	8.039740E-5	-2.047298E-6	2.047298E-6
-4.600000E-1	-7.805670E-5	7.805670E-5	-1.987693E-6	1.987693E-6
-4.500000E-1	-7.576580E-5	7.576580E-5	-1.929356E-6	1.929356E-6
-4.400000E-1	-7.349980E-5	7.349980E-5	-1.871653E-6	1.871653E-6
-4.300000E-1	-7.126250E-5	7.126250E-5	-1.814680E-6	1.814680E-6
-4.200000E-1	-6.906880E-5	6.906880E-5	-1.758818E-6	1.758818E-6
-4.100000E-1	-6.688520E-5	6.688520E-5	-1.703214E-6	1.703214E-6
-4.000000E-1	-6.475490E-5	6.475490E-5	-1.648966E-6	1.648966E-6
-3.900000E-1	-6.261560E-5	6.261560E-5	-1.594489E-6	1.594489E-6
-3.800000E-1	-6.051550E-5	6.051550E-5	-1.541011E-6	1.541011E-6
-3.700000E-1	-5.843980E-5	5.843980E-5	-1.488154E-6	1.488154E-6
-3.600000E-1	-5.641190E-5	5.641190E-5	-1.436514E-6	1.436514E-6
-3.500000E-1	-5.439380E-5	5.439380E-5	-1.385123E-6	1.385123E-6
-3.400000E-1	-5.242110E-5	5.242110E-5	-1.334889E-6	1.334889E-6
-3.300000E-1	-5.045970E-5	5.045970E-5	-1.284943E-6	1.284943E-6
-3.200000E-1	-4.852810E-5	4.852810E-5	-1.235755E-6	1.235755E-6
-3.100000E-1	-4.662030E-5	4.662030E-5	-1.187173E-6	1.187173E-6
-3.000000E-1	-4.473840E-5	4.473840E-5	-1.139251E-6	1.139251E-6
-2.900000E-1	-4.288220E-5	4.288220E-5	-1.091984E-6	1.091984E-6
-2.800000E-1	-4.104740E-5	4.104740E-5	-1.045261E-6	1.045261E-6
-2.700000E-1	-3.926060E-5	3.926060E-5	-9.997606E-7	9.997606E-7
-2.600000E-1	-3.747180E-5	3.747180E-5	-9.542093E-7	9.542093E-7
-2.500000E-1	-3.573680E-5	3.573680E-5	-9.100280E-7	9.100280E-7
-2.400000E-1	-3.401260E-5	3.401260E-5	-8.661217E-7	8.661217E-7
-2.300000E-1	-3.232020E-5	3.232020E-5	-8.230252E-7	8.230252E-7
-2.200000E-1	-3.064720E-5	3.064720E-5	-7.804227E-7	7.804227E-7
-2.100000E-1	-2.902140E-5	2.902140E-5	-7.390221E-7	7.390221E-7
-2.000000E-1	-2.740400E-5	2.740400E-5	-6.978355E-7	6.978355E-7
-1.900000E-1	-2.581690E-5	2.581690E-5	-6.574204E-7	6.574204E-7
-1.800000E-1	-2.424640E-5	2.424640E-5	-6.174281E-7	6.174281E-7
-1.700000E-1	-2.271930E-5	2.271930E-5	-5.785409E-7	5.785409E-7
-1.600000E-1	-2.120150E-5	2.120150E-5	-5.398905E-7	5.398905E-7
-1.500000E-1	-1.971330E-5	1.971330E-5	-5.019939E-7	5.019939E-7
-1.400000E-1	-1.826010E-5	1.826010E-5	-4.649885E-7	4.649885E-7
-1.300000E-1	-1.682070E-5	1.682070E-5	-4.283346E-7	4.283346E-7
-1.200000E-1	-1.542080E-5	1.542080E-5	-3.926865E-7	3.926865E-7
-1.100000E-1	-1.403010E-5	1.403010E-5	-3.572727E-7	3.572727E-7
-1.000000E-1	-1.267480E-5	1.267480E-5	-3.227604E-7	3.227604E-7
-9.000000E-2	-1.132980E-5	1.132980E-5	-2.885103E-7	2.885103E-7
-8.000000E-2	-1.001770E-5	1.001770E-5	-2.550980E-7	2.550980E-7
-7.000000E-2	-8.714340E-6	8.714340E-6	-2.219083E-7	2.219083E-7
-6.000000E-2	-7.438250E-6	7.438250E-6	-1.894130E-7	1.894130E-7
-5.000000E-2	-6.170530E-6	6.170530E-6	-1.571309E-7	1.571309E-7
-4.000000E-2	-4.924590E-6	4.924590E-6	-1.254034E-7	1.254034E-7
-3.000000E-2	-3.682680E-6	3.682680E-6	-9.377846E-8	9.377846E-8
-2.000000E-2	-2.448320E-6	2.448320E-6	-6.234581E-8	6.234581E-8
-1.000000E-2	-1.230310E-6	1.230310E-6	-3.132951E-8	3.132951E-8
0.000000E+0	-2.437400E-9	2.437400E-9	-6.206774E-11	6.206774E-11
1.000000E-2	1.205820E-6	1.205820E-6	3.070588E-8	3.070588E-8
2.000000E-2	2.431650E-6	2.431650E-6	6.192131E-8	6.192131E-8
3.000000E-2	3.652500E-6	3.652500E-6	9.300993E-8	9.300993E-8
4.000000E-2	4.892160E-6	4.892160E-6	1.245775E-7	1.245775E-7
5.000000E-2	6.140880E-6	6.140880E-6	1.563759E-7	1.563759E-7
6.000000E-2	7.392700E-6	7.392700E-6	1.882531E-7	1.882531E-7
7.000000E-2	8.671920E-6	8.671920E-6	2.208281E-7	2.208281E-7
8.000000E-2	9.957430E-6	9.957430E-6	2.535633E-7	2.535633E-7
9.000000E-2	1.127127E-5	1.127127E-5	2.870199E-7	2.870199E-7
1.000000E-1	1.259680E-5	1.259680E-5	3.207741E-7	3.207741E-7
1.100000E-1	1.395220E-5	1.395220E-5	3.552890E-7	3.552890E-7
1.200000E-1	1.531870E-5	1.531870E-5	3.900866E-7	3.900866E-7
1.300000E-1	1.672180E-5	1.672180E-5	4.258161E-7	4.258161E-7
1.400000E-1	1.813570E-5	1.813570E-5	4.618207E-7	4.618207E-7
1.500000E-1	1.959270E-5	1.959270E-5	4.989228E-7	4.989228E-7
1.600000E-1	2.106660E-5	2.106660E-5	5.364553E-7	5.364553E-7
1.700000E-1	2.255790E-5	2.255790E-5	5.744309E-7	5.744309E-7
1.800000E-1	2.408020E-5	2.408020E-5	6.131958E-7	6.131958E-7
1.900000E-1	2.561710E-5	2.561710E-5	6.523326E-7	6.523326E-7
2.000000E-1	2.719440E-5	2.719440E-5	6.924981E-7	6.924981E-7
2.100000E-1	2.878240E-5	2.878240E-5	7.329361E-7	7.329361E-7
2.200000E-1	3.040940E-5	3.040940E-5	7.743672E-7	7.743672E-7
2.300000E-1	3.205450E-5	3.205450E-5	8.162592E-7	8.162592E-7
2.400000E-1	3.372000E-5	3.372000E-5	8.586707E-7	8.586707E-7
2.500000E-1	3.540440E-5	3.540440E-5	9.015635E-7	9.015635E-7
2.600000E-1	3.714330E-5	3.714330E-5	9.458441E-7	9.458441E-7
2.700000E-1	3.889900E-5	3.889900E-5	9.905526E-7	9.905526E-7
2.800000E-1	4.066240E-5	4.066240E-5	1.035457E-6	1.035457E-6
2.900000E-1	4.246980E-5	4.246980E-5	1.081482E-6	1.081482E-6
3.000000E-1	4.428820E-5	4.428820E-5	1.127787E-6	1.127787E-6
3.100000E-1	4.614930E-5	4.614930E-5	1.175180E-6	1.175180E-6
3.200000E-1	4.802850E-5	4.802850E-5	1.223033E-6	1.223033E-6
3.300000E-1	4.994780E-5	4.994780E-5	1.271907E-6	1.271907E-6
3.400000E-1	5.188340E-5	5.188340E-5	1.321197E-6	1.321197E-6
3.500000E-1	5.383890E-5	5.383890E-5	1.370993E-6	1.370993E-6
3.600000E-1	5.582550E-5	5.582550E-5	1.421581E-6	1.421581E-6
3.700000E-1	5.783900E-5	5.783900E-5	1.472855E-6	1.472855E-6
3.800000E-1	5.986470E-5	5.986470E-5	1.524438E-6	1.524438E-6
3.900000E-1	6.193440E-5	6.193440E-5	1.577143E-6	1.577143E-6
4.000000E-1	6.401230E-5	6.401230E-5	1.630056E-6	1.630056E-6
4.100000E-1	6.613840E-5	6.613840E-5	1.684197E-6	1.684197E-6
4.200000E-1	6.828000E-5	6.828000E-5	1.738732E-6	1.738732E-6
4.300000E-1	7.042910E-5	7.042910E-5	1.793458E-6	1.793458E-6
4.400000E-1	7.261840E-5	7.261840E-5	1.849208E-6	1.849208E-6
4.500000E-1	7.484090E-5	7.484090E-5	1.905803E-6	1.905803E-6
4.600000E-1	7.708980E-5	7.708980E-5	1.963071E-6	1.963071E-6
4.700000E-1	7.934760E-5	7.934760E-5	2.020565E-6	2.020565E-6
4.800000E-1	8.165420E-5	8.165420E-5	2.079302E-6	2.079302E-6
4.900000E-1	8.400010E-5	8.400010E-5	2.139040E-6	2.139040E-6
5.000000E-1	8.634300E-5	8.634300E-5	2.198701E-6	2.198701E-6
