

15:04:10	25/02/21


Ell Cont: 5,0x10,0

SMU1	V name:		V1
	I name:		I1
	Mode:		V
	Function:	VAR1
SMU2	V name:		V2
	I name:		I2
	Mode:		common
	Function:	const.
SMU3	off
SMU4	off
VMUs	off

Primary Source (VAR1):	single
	Sweep Spacing:	linear
	Start:		-0.500000
	Stop:		0.500000
	Step:		0.010000
	Compliance:	0.050000
Power Compliance OFF

Timing:		Integration Time:	medium
	Delay Time (sec):	0.000000
	Hold Time (sec):	0.000000
	Wait Time (sec):	1.000000

Secondary Source (VAR2):	OFF


   V1	   I1	Abs(I)	J (A\um²)	Abs(J)
-5.000000E-1	-6.306010E-5	6.306010E-5	-1.605808E-6	1.605808E-6
-4.900000E-1	-6.136130E-5	6.136130E-5	-1.562549E-6	1.562549E-6
-4.800000E-1	-5.967240E-5	5.967240E-5	-1.519542E-6	1.519542E-6
-4.700000E-1	-5.803110E-5	5.803110E-5	-1.477746E-6	1.477746E-6
-4.600000E-1	-5.639050E-5	5.639050E-5	-1.435969E-6	1.435969E-6
-4.500000E-1	-5.478330E-5	5.478330E-5	-1.395042E-6	1.395042E-6
-4.400000E-1	-5.317950E-5	5.317950E-5	-1.354202E-6	1.354202E-6
-4.300000E-1	-5.159600E-5	5.159600E-5	-1.313878E-6	1.313878E-6
-4.200000E-1	-5.003650E-5	5.003650E-5	-1.274166E-6	1.274166E-6
-4.100000E-1	-4.849630E-5	4.849630E-5	-1.234945E-6	1.234945E-6
-4.000000E-1	-4.697670E-5	4.697670E-5	-1.196249E-6	1.196249E-6
-3.900000E-1	-4.545380E-5	4.545380E-5	-1.157469E-6	1.157469E-6
-3.800000E-1	-4.397230E-5	4.397230E-5	-1.119743E-6	1.119743E-6
-3.700000E-1	-4.250180E-5	4.250180E-5	-1.082297E-6	1.082297E-6
-3.600000E-1	-4.104860E-5	4.104860E-5	-1.045292E-6	1.045292E-6
-3.500000E-1	-3.960370E-5	3.960370E-5	-1.008498E-6	1.008498E-6
-3.400000E-1	-3.818850E-5	3.818850E-5	-9.724599E-7	9.724599E-7
-3.300000E-1	-3.678270E-5	3.678270E-5	-9.366616E-7	9.366616E-7
-3.200000E-1	-3.540120E-5	3.540120E-5	-9.014820E-7	9.014820E-7
-3.100000E-1	-3.402070E-5	3.402070E-5	-8.663280E-7	8.663280E-7
-3.000000E-1	-3.268260E-5	3.268260E-5	-8.322536E-7	8.322536E-7
-2.900000E-1	-3.135050E-5	3.135050E-5	-7.983321E-7	7.983321E-7
-2.800000E-1	-3.002910E-5	3.002910E-5	-7.646830E-7	7.646830E-7
-2.700000E-1	-2.873270E-5	2.873270E-5	-7.316705E-7	7.316705E-7
-2.600000E-1	-2.744870E-5	2.744870E-5	-6.989738E-7	6.989738E-7
-2.500000E-1	-2.619380E-5	2.619380E-5	-6.670181E-7	6.670181E-7
-2.400000E-1	-2.495110E-5	2.495110E-5	-6.353731E-7	6.353731E-7
-2.300000E-1	-2.372810E-5	2.372810E-5	-6.042297E-7	6.042297E-7
-2.200000E-1	-2.251520E-5	2.251520E-5	-5.733435E-7	5.733435E-7
-2.100000E-1	-2.132690E-5	2.132690E-5	-5.430838E-7	5.430838E-7
-2.000000E-1	-2.015060E-5	2.015060E-5	-5.131296E-7	5.131296E-7
-1.900000E-1	-1.900080E-5	1.900080E-5	-4.838503E-7	4.838503E-7
-1.800000E-1	-1.785750E-5	1.785750E-5	-4.547364E-7	4.547364E-7
-1.700000E-1	-1.674410E-5	1.674410E-5	-4.263840E-7	4.263840E-7
-1.600000E-1	-1.563740E-5	1.563740E-5	-3.982022E-7	3.982022E-7
-1.500000E-1	-1.454990E-5	1.454990E-5	-3.705093E-7	3.705093E-7
-1.400000E-1	-1.348230E-5	1.348230E-5	-3.433231E-7	3.433231E-7
-1.300000E-1	-1.242700E-5	1.242700E-5	-3.164502E-7	3.164502E-7
-1.200000E-1	-1.139470E-5	1.139470E-5	-2.901630E-7	2.901630E-7
-1.100000E-1	-1.037380E-5	1.037380E-5	-2.641660E-7	2.641660E-7
-1.000000E-1	-9.377550E-6	9.377550E-6	-2.387968E-7	2.387968E-7
-9.000000E-2	-8.386630E-6	8.386630E-6	-2.135633E-7	2.135633E-7
-8.000000E-2	-7.417700E-6	7.417700E-6	-1.888897E-7	1.888897E-7
-7.000000E-2	-6.456360E-6	6.456360E-6	-1.644095E-7	1.644095E-7
-6.000000E-2	-5.513380E-6	5.513380E-6	-1.403967E-7	1.403967E-7
-5.000000E-2	-4.574940E-6	4.574940E-6	-1.164996E-7	1.164996E-7
-4.000000E-2	-3.652380E-6	3.652380E-6	-9.300687E-8	9.300687E-8
-3.000000E-2	-2.731510E-6	2.731510E-6	-6.955717E-8	6.955717E-8
-2.000000E-2	-1.816310E-6	1.816310E-6	-4.625185E-8	4.625185E-8
-1.000000E-2	-9.131540E-7	9.131540E-7	-2.325322E-8	2.325322E-8
0.000000E+0	-2.090780E-9	2.090780E-9	-5.324115E-11	5.324115E-11
1.000000E-2	8.954510E-7	8.954510E-7	2.280242E-8	2.280242E-8
2.000000E-2	1.804870E-6	1.804870E-6	4.596053E-8	4.596053E-8
3.000000E-2	2.711460E-6	2.711460E-6	6.904660E-8	6.904660E-8
4.000000E-2	3.629460E-6	3.629460E-6	9.242322E-8	9.242322E-8
5.000000E-2	4.556370E-6	4.556370E-6	1.160267E-7	1.160267E-7
6.000000E-2	5.484360E-6	5.484360E-6	1.396578E-7	1.396578E-7
7.000000E-2	6.429410E-6	6.429410E-6	1.637232E-7	1.637232E-7
8.000000E-2	7.377630E-6	7.377630E-6	1.878694E-7	1.878694E-7
9.000000E-2	8.347470E-6	8.347470E-6	2.125661E-7	2.125661E-7
1.000000E-1	9.324460E-6	9.324460E-6	2.374449E-7	2.374449E-7
1.100000E-1	1.032336E-5	1.032336E-5	2.628816E-7	2.628816E-7
1.200000E-1	1.132850E-5	1.132850E-5	2.884772E-7	2.884772E-7
1.300000E-1	1.235670E-5	1.235670E-5	3.146600E-7	3.146600E-7
1.400000E-1	1.339230E-5	1.339230E-5	3.410313E-7	3.410313E-7
1.500000E-1	1.445340E-5	1.445340E-5	3.680519E-7	3.680519E-7
1.600000E-1	1.553350E-5	1.553350E-5	3.955564E-7	3.955564E-7
1.700000E-1	1.661650E-5	1.661650E-5	4.231347E-7	4.231347E-7
1.800000E-1	1.773100E-5	1.773100E-5	4.515151E-7	4.515151E-7
1.900000E-1	1.884730E-5	1.884730E-5	4.799414E-7	4.799414E-7
2.000000E-1	1.999600E-5	1.999600E-5	5.091928E-7	5.091928E-7
2.100000E-1	2.114960E-5	2.114960E-5	5.385689E-7	5.385689E-7
2.200000E-1	2.232980E-5	2.232980E-5	5.686224E-7	5.686224E-7
2.300000E-1	2.351980E-5	2.351980E-5	5.989254E-7	5.989254E-7
2.400000E-1	2.473600E-5	2.473600E-5	6.298956E-7	6.298956E-7
2.500000E-1	2.595830E-5	2.595830E-5	6.610211E-7	6.610211E-7
2.600000E-1	2.720930E-5	2.720930E-5	6.928775E-7	6.928775E-7
2.700000E-1	2.847420E-5	2.847420E-5	7.250878E-7	7.250878E-7
2.800000E-1	2.975220E-5	2.975220E-5	7.576318E-7	7.576318E-7
2.900000E-1	3.104930E-5	3.104930E-5	7.906621E-7	7.906621E-7
3.000000E-1	3.235820E-5	3.235820E-5	8.239929E-7	8.239929E-7
3.100000E-1	3.369700E-5	3.369700E-5	8.580850E-7	8.580850E-7
3.200000E-1	3.503270E-5	3.503270E-5	8.920983E-7	8.920983E-7
3.300000E-1	3.641160E-5	3.641160E-5	9.272116E-7	9.272116E-7
3.400000E-1	3.778280E-5	3.778280E-5	9.621288E-7	9.621288E-7
3.500000E-1	3.919280E-5	3.919280E-5	9.980341E-7	9.980341E-7
3.600000E-1	4.059330E-5	4.059330E-5	1.033697E-6	1.033697E-6
3.700000E-1	4.203090E-5	4.203090E-5	1.070306E-6	1.070306E-6
3.800000E-1	4.349500E-5	4.349500E-5	1.107588E-6	1.107588E-6
3.900000E-1	4.495680E-5	4.495680E-5	1.144813E-6	1.144813E-6
4.000000E-1	4.643640E-5	4.643640E-5	1.182490E-6	1.182490E-6
4.100000E-1	4.793450E-5	4.793450E-5	1.220639E-6	1.220639E-6
4.200000E-1	4.946700E-5	4.946700E-5	1.259664E-6	1.259664E-6
4.300000E-1	5.098600E-5	5.098600E-5	1.298345E-6	1.298345E-6
4.400000E-1	5.254650E-5	5.254650E-5	1.338082E-6	1.338082E-6
4.500000E-1	5.410540E-5	5.410540E-5	1.377779E-6	1.377779E-6
4.600000E-1	5.569750E-5	5.569750E-5	1.418322E-6	1.418322E-6
4.700000E-1	5.729280E-5	5.729280E-5	1.458946E-6	1.458946E-6
4.800000E-1	5.893200E-5	5.893200E-5	1.500688E-6	1.500688E-6
4.900000E-1	6.057830E-5	6.057830E-5	1.542610E-6	1.542610E-6
5.000000E-1	6.223270E-5	6.223270E-5	1.584739E-6	1.584739E-6
