

16:34:32	22/03/21


Ell Cont: 5,0x10,0

SMU1	V name:		V1
	I name:		I1
	Mode:		V
	Function:	VAR1
SMU2	V name:		V2
	I name:		I2
	Mode:		common
	Function:	const.
SMU3	off
SMU4	off
VMUs	off

Primary Source (VAR1):	single
	Sweep Spacing:	linear
	Start:		-0.500000
	Stop:		0.500000
	Step:		0.010000
	Compliance:	0.050000
Power Compliance OFF

Timing:		Integration Time:	medium
	Delay Time (sec):	0.000000
	Hold Time (sec):	0.000000
	Wait Time (sec):	1.000000

Secondary Source (VAR2):	OFF


   V1	   I1	Abs(I)	J (A\um²)	Abs(J)
-5.000000E-1	-2.401350E-9	2.401350E-9	-6.114973E-11	6.114973E-11
-4.900000E-1	9.998900E-10	9.998900E-10	2.546193E-11	2.546193E-11
-4.800000E-1	1.699480E-9	1.699480E-9	4.327680E-11	4.327680E-11
-4.700000E-1	1.894510E-9	1.894510E-9	4.824319E-11	4.824319E-11
-4.600000E-1	2.083070E-9	2.083070E-9	5.304482E-11	5.304482E-11
-4.500000E-1	2.229600E-9	2.229600E-9	5.677616E-11	5.677616E-11
-4.400000E-1	2.320340E-9	2.320340E-9	5.908683E-11	5.908683E-11
-4.300000E-1	2.472950E-9	2.472950E-9	6.297301E-11	6.297301E-11
-4.200000E-1	2.547720E-9	2.547720E-9	6.487700E-11	6.487700E-11
-4.100000E-1	2.630230E-9	2.630230E-9	6.697810E-11	6.697810E-11
-4.000000E-1	2.756720E-9	2.756720E-9	7.019913E-11	7.019913E-11
-3.900000E-1	2.861250E-9	2.861250E-9	7.286096E-11	7.286096E-11
-3.800000E-1	2.969380E-9	2.969380E-9	7.561446E-11	7.561446E-11
-3.700000E-1	3.095640E-9	3.095640E-9	7.882964E-11	7.882964E-11
-3.600000E-1	3.247060E-9	3.247060E-9	8.268551E-11	8.268551E-11
-3.500000E-1	3.351470E-9	3.351470E-9	8.534428E-11	8.534428E-11
-3.400000E-1	3.476030E-9	3.476030E-9	8.851617E-11	8.851617E-11
-3.300000E-1	3.653660E-9	3.653660E-9	9.303947E-11	9.303947E-11
-3.200000E-1	3.788490E-9	3.788490E-9	9.647288E-11	9.647288E-11
-3.100000E-1	3.954940E-9	3.954940E-9	1.007115E-10	1.007115E-10
-3.000000E-1	4.113220E-9	4.113220E-9	1.047420E-10	1.047420E-10
-2.900000E-1	4.299300E-9	4.299300E-9	1.094805E-10	1.094805E-10
-2.800000E-1	4.493570E-9	4.493570E-9	1.144276E-10	1.144276E-10
-2.700000E-1	4.697500E-9	4.697500E-9	1.196206E-10	1.196206E-10
-2.600000E-1	4.920300E-9	4.920300E-9	1.252941E-10	1.252941E-10
-2.500000E-1	5.145540E-9	5.145540E-9	1.310298E-10	1.310298E-10
-2.400000E-1	5.391040E-9	5.391040E-9	1.372814E-10	1.372814E-10
-2.300000E-1	5.631650E-9	5.631650E-9	1.434085E-10	1.434085E-10
-2.200000E-1	5.910250E-9	5.910250E-9	1.505029E-10	1.505029E-10
-2.100000E-1	6.194710E-9	6.194710E-9	1.577466E-10	1.577466E-10
-2.000000E-1	6.505510E-9	6.505510E-9	1.656611E-10	1.656611E-10
-1.900000E-1	6.820070E-9	6.820070E-9	1.736712E-10	1.736712E-10
-1.800000E-1	7.166550E-9	7.166550E-9	1.824943E-10	1.824943E-10
-1.700000E-1	7.524020E-9	7.524020E-9	1.915971E-10	1.915971E-10
-1.600000E-1	7.897390E-9	7.897390E-9	2.011049E-10	2.011049E-10
-1.500000E-1	8.287560E-9	8.287560E-9	2.110405E-10	2.110405E-10
-1.400000E-1	8.709520E-9	8.709520E-9	2.217856E-10	2.217856E-10
-1.300000E-1	9.144800E-9	9.144800E-9	2.328699E-10	2.328699E-10
-1.200000E-1	9.673200E-9	9.673200E-9	2.463254E-10	2.463254E-10
-1.100000E-1	1.185720E-8	1.185720E-8	3.019404E-10	3.019404E-10
-1.000000E-1	1.262840E-8	1.262840E-8	3.215788E-10	3.215788E-10
-9.000000E-2	1.336730E-8	1.336730E-8	3.403947E-10	3.403947E-10
-8.000000E-2	1.410960E-8	1.410960E-8	3.592972E-10	3.592972E-10
-7.000000E-2	1.490470E-8	1.490470E-8	3.795442E-10	3.795442E-10
-6.000000E-2	1.570900E-8	1.570900E-8	4.000255E-10	4.000255E-10
-5.000000E-2	1.660410E-8	1.660410E-8	4.228189E-10	4.228189E-10
-4.000000E-2	1.749690E-8	1.749690E-8	4.455539E-10	4.455539E-10
-3.000000E-2	1.848100E-8	1.848100E-8	4.706137E-10	4.706137E-10
-2.000000E-2	1.952260E-8	1.952260E-8	4.971378E-10	4.971378E-10
-1.000000E-2	2.062270E-8	2.062270E-8	5.251515E-10	5.251515E-10
0.000000E+0	2.177860E-8	2.177860E-8	5.545862E-10	5.545862E-10
1.000000E-2	2.300460E-8	2.300460E-8	5.858060E-10	5.858060E-10
2.000000E-2	2.432540E-8	2.432540E-8	6.194398E-10	6.194398E-10
3.000000E-2	2.566980E-8	2.566980E-8	6.536746E-10	6.536746E-10
4.000000E-2	2.713900E-8	2.713900E-8	6.910873E-10	6.910873E-10
5.000000E-2	2.865690E-8	2.865690E-8	7.297403E-10	7.297403E-10
6.000000E-2	3.025040E-8	3.025040E-8	7.703183E-10	7.703183E-10
7.000000E-2	3.193240E-8	3.193240E-8	8.131500E-10	8.131500E-10
8.000000E-2	3.366420E-8	3.366420E-8	8.572498E-10	8.572498E-10
9.000000E-2	3.553240E-8	3.553240E-8	9.048230E-10	9.048230E-10
1.000000E-1	3.744010E-8	3.744010E-8	9.534021E-10	9.534021E-10
1.100000E-1	3.950920E-8	3.950920E-8	1.006091E-9	1.006091E-9
1.200000E-1	4.155960E-8	4.155960E-8	1.058304E-9	1.058304E-9
1.300000E-1	4.375920E-8	4.375920E-8	1.114316E-9	1.114316E-9
1.400000E-1	4.605950E-8	4.605950E-8	1.172893E-9	1.172893E-9
1.500000E-1	4.847250E-8	4.847250E-8	1.234339E-9	1.234339E-9
1.600000E-1	5.097910E-8	5.097910E-8	1.298169E-9	1.298169E-9
1.700000E-1	5.353750E-8	5.353750E-8	1.363318E-9	1.363318E-9
1.800000E-1	5.624500E-8	5.624500E-8	1.432264E-9	1.432264E-9
1.900000E-1	5.901200E-8	5.901200E-8	1.502725E-9	1.502725E-9
2.000000E-1	6.191040E-8	6.191040E-8	1.576532E-9	1.576532E-9
2.100000E-1	6.487090E-8	6.487090E-8	1.651920E-9	1.651920E-9
2.200000E-1	6.796660E-8	6.796660E-8	1.730751E-9	1.730751E-9
2.300000E-1	7.110310E-8	7.110310E-8	1.810621E-9	1.810621E-9
2.400000E-1	7.439700E-8	7.439700E-8	1.894500E-9	1.894500E-9
2.500000E-1	7.772860E-8	7.772860E-8	1.979338E-9	1.979338E-9
2.600000E-1	8.117520E-8	8.117520E-8	2.067105E-9	2.067105E-9
2.700000E-1	8.250890E-8	8.250890E-8	2.101067E-9	2.101067E-9
2.800000E-1	8.420050E-8	8.420050E-8	2.144143E-9	2.144143E-9
2.900000E-1	8.583390E-8	8.583390E-8	2.185737E-9	2.185737E-9
3.000000E-1	8.734040E-8	8.734040E-8	2.224100E-9	2.224100E-9
3.100000E-1	8.883650E-8	8.883650E-8	2.262198E-9	2.262198E-9
3.200000E-1	9.022600E-8	9.022600E-8	2.297581E-9	2.297581E-9
3.300000E-1	9.164170E-8	9.164170E-8	2.333631E-9	2.333631E-9
3.400000E-1	9.297320E-8	9.297320E-8	2.367538E-9	2.367538E-9
3.500000E-1	9.431960E-8	9.431960E-8	2.401823E-9	2.401823E-9
3.600000E-1	9.558770E-8	9.558770E-8	2.434115E-9	2.434115E-9
3.700000E-1	9.685690E-8	9.685690E-8	2.466435E-9	2.466435E-9
3.800000E-1	9.812040E-8	9.812040E-8	2.498610E-9	2.498610E-9
3.900000E-1	9.951000E-8	9.951000E-8	2.533995E-9	2.533995E-9
4.000000E-1	1.036010E-7	1.036010E-7	2.638172E-9	2.638172E-9
4.100000E-1	1.070300E-7	1.070300E-7	2.725490E-9	2.725490E-9
4.200000E-1	1.106210E-7	1.106210E-7	2.816934E-9	2.816934E-9
4.300000E-1	1.142350E-7	1.142350E-7	2.908964E-9	2.908964E-9
4.400000E-1	1.179770E-7	1.179770E-7	3.004253E-9	3.004253E-9
4.500000E-1	1.217320E-7	1.217320E-7	3.099873E-9	3.099873E-9
4.600000E-1	1.255790E-7	1.255790E-7	3.197835E-9	3.197835E-9
4.700000E-1	1.293960E-7	1.293960E-7	3.295034E-9	3.295034E-9
4.800000E-1	1.332890E-7	1.332890E-7	3.394169E-9	3.394169E-9
4.900000E-1	1.371990E-7	1.371990E-7	3.493736E-9	3.493736E-9
5.000000E-1	1.410770E-7	1.410770E-7	3.592488E-9	3.592488E-9
