

16:21:23	22/03/21


Ell Cont: 5,0x10,0

SMU1	V name:		V1
	I name:		I1
	Mode:		V
	Function:	VAR1
SMU2	V name:		V2
	I name:		I2
	Mode:		common
	Function:	const.
SMU3	off
SMU4	off
VMUs	off

Primary Source (VAR1):	single
	Sweep Spacing:	linear
	Start:		-0.500000
	Stop:		0.500000
	Step:		0.010000
	Compliance:	0.050000
Power Compliance OFF

Timing:		Integration Time:	medium
	Delay Time (sec):	0.000000
	Hold Time (sec):	0.000000
	Wait Time (sec):	1.000000

Secondary Source (VAR2):	OFF


   V1	   I1	Abs(I)	J (A\um²)	Abs(J)
-5.000000E-1	-2.692640E-9	2.692640E-9	-6.856735E-11	6.856735E-11
-4.900000E-1	1.824700E-10	1.824700E-10	4.646549E-12	4.646549E-12
-4.800000E-1	8.835500E-10	8.835500E-10	2.249936E-11	2.249936E-11
-4.700000E-1	1.117010E-9	1.117010E-9	2.844436E-11	2.844436E-11
-4.600000E-1	1.340190E-9	1.340190E-9	3.412758E-11	3.412758E-11
-4.500000E-1	1.493650E-9	1.493650E-9	3.803540E-11	3.803540E-11
-4.400000E-1	1.601850E-9	1.601850E-9	4.079068E-11	4.079068E-11
-4.300000E-1	1.744810E-9	1.744810E-9	4.443112E-11	4.443112E-11
-4.200000E-1	1.830020E-9	1.830020E-9	4.660097E-11	4.660097E-11
-4.100000E-1	1.922580E-9	1.922580E-9	4.895798E-11	4.895798E-11
-4.000000E-1	2.024670E-9	2.024670E-9	5.155768E-11	5.155768E-11
-3.900000E-1	2.134930E-9	2.134930E-9	5.436542E-11	5.436542E-11
-3.800000E-1	2.201400E-9	2.201400E-9	5.605806E-11	5.605806E-11
-3.700000E-1	2.280360E-9	2.280360E-9	5.806875E-11	5.806875E-11
-3.600000E-1	2.417090E-9	2.417090E-9	6.155055E-11	6.155055E-11
-3.500000E-1	2.502370E-9	2.502370E-9	6.372218E-11	6.372218E-11
-3.400000E-1	2.620270E-9	2.620270E-9	6.672447E-11	6.672447E-11
-3.300000E-1	2.724440E-9	2.724440E-9	6.937713E-11	6.937713E-11
-3.200000E-1	2.842170E-9	2.842170E-9	7.237509E-11	7.237509E-11
-3.100000E-1	2.973490E-9	2.973490E-9	7.571912E-11	7.571912E-11
-3.000000E-1	3.116640E-9	3.116640E-9	7.936440E-11	7.936440E-11
-2.900000E-1	3.248150E-9	3.248150E-9	8.271327E-11	8.271327E-11
-2.800000E-1	3.394150E-9	3.394150E-9	8.643112E-11	8.643112E-11
-2.700000E-1	3.548540E-9	3.548540E-9	9.036262E-11	9.036262E-11
-2.600000E-1	3.714700E-9	3.714700E-9	9.459384E-11	9.459384E-11
-2.500000E-1	3.867850E-9	3.867850E-9	9.849376E-11	9.849376E-11
-2.400000E-1	4.065460E-9	4.065460E-9	1.035258E-10	1.035258E-10
-2.300000E-1	4.265640E-9	4.265640E-9	1.086234E-10	1.086234E-10
-2.200000E-1	4.437830E-9	4.437830E-9	1.130081E-10	1.130081E-10
-2.100000E-1	4.679520E-9	4.679520E-9	1.191627E-10	1.191627E-10
-2.000000E-1	4.906610E-9	4.906610E-9	1.249455E-10	1.249455E-10
-1.900000E-1	5.145400E-9	5.145400E-9	1.310262E-10	1.310262E-10
-1.800000E-1	5.373490E-9	5.373490E-9	1.368345E-10	1.368345E-10
-1.700000E-1	5.637870E-9	5.637870E-9	1.435668E-10	1.435668E-10
-1.600000E-1	5.927050E-9	5.927050E-9	1.509307E-10	1.509307E-10
-1.500000E-1	6.235610E-9	6.235610E-9	1.587881E-10	1.587881E-10
-1.400000E-1	6.555280E-9	6.555280E-9	1.669284E-10	1.669284E-10
-1.300000E-1	6.909180E-9	6.909180E-9	1.759404E-10	1.759404E-10
-1.200000E-1	7.250100E-9	7.250100E-9	1.846218E-10	1.846218E-10
-1.100000E-1	7.678620E-9	7.678620E-9	1.955340E-10	1.955340E-10
-1.000000E-1	8.069570E-9	8.069570E-9	2.054894E-10	2.054894E-10
-9.000000E-2	8.483250E-9	8.483250E-9	2.160237E-10	2.160237E-10
-8.000000E-2	8.960560E-9	8.960560E-9	2.281783E-10	2.281783E-10
-7.000000E-2	9.444900E-9	9.444900E-9	2.405118E-10	2.405118E-10
-6.000000E-2	1.002540E-8	1.002540E-8	2.552941E-10	2.552941E-10
-5.000000E-2	1.180960E-8	1.180960E-8	3.007283E-10	3.007283E-10
-4.000000E-2	1.260700E-8	1.260700E-8	3.210339E-10	3.210339E-10
-3.000000E-2	1.341390E-8	1.341390E-8	3.415814E-10	3.415814E-10
-2.000000E-2	1.422010E-8	1.422010E-8	3.621110E-10	3.621110E-10
-1.000000E-2	1.507080E-8	1.507080E-8	3.837739E-10	3.837739E-10
0.000000E+0	1.602440E-8	1.602440E-8	4.080570E-10	4.080570E-10
1.000000E-2	1.697110E-8	1.697110E-8	4.321645E-10	4.321645E-10
2.000000E-2	1.808610E-8	1.808610E-8	4.605577E-10	4.605577E-10
3.000000E-2	1.918890E-8	1.918890E-8	4.886402E-10	4.886402E-10
4.000000E-2	2.040170E-8	2.040170E-8	5.195238E-10	5.195238E-10
5.000000E-2	2.168720E-8	2.168720E-8	5.522587E-10	5.522587E-10
6.000000E-2	2.304770E-8	2.304770E-8	5.869035E-10	5.869035E-10
7.000000E-2	2.451630E-8	2.451630E-8	6.243010E-10	6.243010E-10
8.000000E-2	2.605380E-8	2.605380E-8	6.634530E-10	6.634530E-10
9.000000E-2	2.769090E-8	2.769090E-8	7.051413E-10	7.051413E-10
1.000000E-1	2.941520E-8	2.941520E-8	7.490502E-10	7.490502E-10
1.100000E-1	3.129820E-8	3.129820E-8	7.970002E-10	7.970002E-10
1.200000E-1	3.322650E-8	3.322650E-8	8.461039E-10	8.461039E-10
1.300000E-1	3.533040E-8	3.533040E-8	8.996791E-10	8.996791E-10
1.400000E-1	3.743900E-8	3.743900E-8	9.533741E-10	9.533741E-10
1.500000E-1	3.977690E-8	3.977690E-8	1.012908E-9	1.012908E-9
1.600000E-1	4.221280E-8	4.221280E-8	1.074938E-9	1.074938E-9
1.700000E-1	4.475270E-8	4.475270E-8	1.139615E-9	1.139615E-9
1.800000E-1	4.747850E-8	4.747850E-8	1.209027E-9	1.209027E-9
1.900000E-1	5.023440E-8	5.023440E-8	1.279205E-9	1.279205E-9
2.000000E-1	5.321100E-8	5.321100E-8	1.355004E-9	1.355004E-9
2.100000E-1	5.628210E-8	5.628210E-8	1.433209E-9	1.433209E-9
2.200000E-1	5.955140E-8	5.955140E-8	1.516460E-9	1.516460E-9
2.300000E-1	6.293470E-8	6.293470E-8	1.602615E-9	1.602615E-9
2.400000E-1	6.649470E-8	6.649470E-8	1.693270E-9	1.693270E-9
2.500000E-1	6.843100E-8	6.843100E-8	1.742577E-9	1.742577E-9
2.600000E-1	7.087290E-8	7.087290E-8	1.804759E-9	1.804759E-9
2.700000E-1	7.324810E-8	7.324810E-8	1.865243E-9	1.865243E-9
2.800000E-1	7.557310E-8	7.557310E-8	1.924449E-9	1.924449E-9
2.900000E-1	7.792280E-8	7.792280E-8	1.984283E-9	1.984283E-9
3.000000E-1	8.022010E-8	8.022010E-8	2.042783E-9	2.042783E-9
3.100000E-1	8.255450E-8	8.255450E-8	2.102228E-9	2.102228E-9
3.200000E-1	8.481190E-8	8.481190E-8	2.159712E-9	2.159712E-9
3.300000E-1	8.711340E-8	8.711340E-8	2.218319E-9	2.218319E-9
3.400000E-1	8.929530E-8	8.929530E-8	2.273881E-9	2.273881E-9
3.500000E-1	9.150820E-8	9.150820E-8	2.330232E-9	2.330232E-9
3.600000E-1	9.363950E-8	9.363950E-8	2.384505E-9	2.384505E-9
3.700000E-1	9.576500E-8	9.576500E-8	2.438630E-9	2.438630E-9
3.800000E-1	9.780800E-8	9.780800E-8	2.490654E-9	2.490654E-9
3.900000E-1	9.992900E-8	9.992900E-8	2.544665E-9	2.544665E-9
4.000000E-1	1.047680E-7	1.047680E-7	2.667889E-9	2.667889E-9
4.100000E-1	1.091320E-7	1.091320E-7	2.779017E-9	2.779017E-9
4.200000E-1	1.137640E-7	1.137640E-7	2.896970E-9	2.896970E-9
4.300000E-1	1.184580E-7	1.184580E-7	3.016501E-9	3.016501E-9
4.400000E-1	1.233620E-7	1.233620E-7	3.141380E-9	3.141380E-9
4.500000E-1	1.283070E-7	1.283070E-7	3.267303E-9	3.267303E-9
4.600000E-1	1.334320E-7	1.334320E-7	3.397810E-9	3.397810E-9
4.700000E-1	1.385590E-7	1.385590E-7	3.528368E-9	3.528368E-9
4.800000E-1	1.438440E-7	1.438440E-7	3.662949E-9	3.662949E-9
4.900000E-1	1.491530E-7	1.491530E-7	3.798141E-9	3.798141E-9
5.000000E-1	1.544680E-7	1.544680E-7	3.933486E-9	3.933486E-9
