

16:17:25	22/03/21


Ell Cont: 5,0x10,0

SMU1	V name:		V1
	I name:		I1
	Mode:		V
	Function:	VAR1
SMU2	V name:		V2
	I name:		I2
	Mode:		common
	Function:	const.
SMU3	off
SMU4	off
VMUs	off

Primary Source (VAR1):	single
	Sweep Spacing:	linear
	Start:		-0.500000
	Stop:		0.500000
	Step:		0.010000
	Compliance:	0.050000
Power Compliance OFF

Timing:		Integration Time:	medium
	Delay Time (sec):	0.000000
	Hold Time (sec):	0.000000
	Wait Time (sec):	1.000000

Secondary Source (VAR2):	OFF


   V1	   I1	Abs(I)	J (A\um²)	Abs(J)
-5.000000E-1	-3.007530E-9	3.007530E-9	-7.658594E-11	7.658594E-11
-4.900000E-1	7.615200E-10	7.615200E-10	1.939190E-11	1.939190E-11
-4.800000E-1	1.940390E-9	1.940390E-9	4.941151E-11	4.941151E-11
-4.700000E-1	2.577240E-9	2.577240E-9	6.562872E-11	6.562872E-11
-4.600000E-1	3.019970E-9	3.019970E-9	7.690272E-11	7.690272E-11
-4.500000E-1	3.365080E-9	3.365080E-9	8.569086E-11	8.569086E-11
-4.400000E-1	3.628980E-9	3.628980E-9	9.241100E-11	9.241100E-11
-4.300000E-1	3.902850E-9	3.902850E-9	9.938503E-11	9.938503E-11
-4.200000E-1	4.153400E-9	4.153400E-9	1.057652E-10	1.057652E-10
-4.100000E-1	4.428200E-9	4.428200E-9	1.127629E-10	1.127629E-10
-4.000000E-1	4.678800E-9	4.678800E-9	1.191444E-10	1.191444E-10
-3.900000E-1	4.925620E-9	4.925620E-9	1.254296E-10	1.254296E-10
-3.800000E-1	5.177220E-9	5.177220E-9	1.318365E-10	1.318365E-10
-3.700000E-1	5.440760E-9	5.440760E-9	1.385475E-10	1.385475E-10
-3.600000E-1	5.706080E-9	5.706080E-9	1.453038E-10	1.453038E-10
-3.500000E-1	5.978960E-9	5.978960E-9	1.522526E-10	1.522526E-10
-3.400000E-1	6.277380E-9	6.277380E-9	1.598518E-10	1.598518E-10
-3.300000E-1	6.576650E-9	6.576650E-9	1.674726E-10	1.674726E-10
-3.200000E-1	6.887410E-9	6.887410E-9	1.753860E-10	1.753860E-10
-3.100000E-1	7.209870E-9	7.209870E-9	1.835974E-10	1.835974E-10
-3.000000E-1	7.544500E-9	7.544500E-9	1.921187E-10	1.921187E-10
-2.900000E-1	7.884920E-9	7.884920E-9	2.007874E-10	2.007874E-10
-2.800000E-1	8.254090E-9	8.254090E-9	2.101882E-10	2.101882E-10
-2.700000E-1	8.619790E-9	8.619790E-9	2.195006E-10	2.195006E-10
-2.600000E-1	9.007030E-9	9.007030E-9	2.293616E-10	2.293616E-10
-2.500000E-1	9.503300E-9	9.503300E-9	2.419990E-10	2.419990E-10
-2.400000E-1	1.185420E-8	1.185420E-8	3.018640E-10	3.018640E-10
-2.300000E-1	1.258580E-8	1.258580E-8	3.204940E-10	3.204940E-10
-2.200000E-1	1.330530E-8	1.330530E-8	3.388159E-10	3.388159E-10
-2.100000E-1	1.398440E-8	1.398440E-8	3.561090E-10	3.561090E-10
-2.000000E-1	1.470140E-8	1.470140E-8	3.743672E-10	3.743672E-10
-1.900000E-1	1.540840E-8	1.540840E-8	3.923708E-10	3.923708E-10
-1.800000E-1	1.618580E-8	1.618580E-8	4.121670E-10	4.121670E-10
-1.700000E-1	1.695050E-8	1.695050E-8	4.316399E-10	4.316399E-10
-1.600000E-1	1.779870E-8	1.779870E-8	4.532391E-10	4.532391E-10
-1.500000E-1	1.865940E-8	1.865940E-8	4.751566E-10	4.751566E-10
-1.400000E-1	1.956840E-8	1.956840E-8	4.983040E-10	4.983040E-10
-1.300000E-1	2.053230E-8	2.053230E-8	5.228495E-10	5.228495E-10
-1.200000E-1	2.152050E-8	2.152050E-8	5.480137E-10	5.480137E-10
-1.100000E-1	2.258410E-8	2.258410E-8	5.750980E-10	5.750980E-10
-1.000000E-1	2.368170E-8	2.368170E-8	6.030481E-10	6.030481E-10
-9.000000E-2	2.485970E-8	2.485970E-8	6.330456E-10	6.330456E-10
-8.000000E-2	2.604590E-8	2.604590E-8	6.632518E-10	6.632518E-10
-7.000000E-2	2.740290E-8	2.740290E-8	6.978075E-10	6.978075E-10
-6.000000E-2	2.876540E-8	2.876540E-8	7.325032E-10	7.325032E-10
-5.000000E-2	3.023530E-8	3.023530E-8	7.699338E-10	7.699338E-10
-4.000000E-2	3.175150E-8	3.175150E-8	8.085434E-10	8.085434E-10
-3.000000E-2	3.338820E-8	3.338820E-8	8.502215E-10	8.502215E-10
-2.000000E-2	3.510950E-8	3.510950E-8	8.940540E-10	8.940540E-10
-1.000000E-2	3.689750E-8	3.689750E-8	9.395849E-10	9.395849E-10
0.000000E+0	3.879030E-8	3.879030E-8	9.877846E-10	9.877846E-10
1.000000E-2	4.080550E-8	4.080550E-8	1.039101E-9	1.039101E-9
2.000000E-2	4.295790E-8	4.295790E-8	1.093911E-9	1.093911E-9
3.000000E-2	4.518110E-8	4.518110E-8	1.150525E-9	1.150525E-9
4.000000E-2	4.757730E-8	4.757730E-8	1.211543E-9	1.211543E-9
5.000000E-2	5.010190E-8	5.010190E-8	1.275831E-9	1.275831E-9
6.000000E-2	5.272240E-8	5.272240E-8	1.342562E-9	1.342562E-9
7.000000E-2	5.329830E-8	5.329830E-8	1.357227E-9	1.357227E-9
8.000000E-2	5.529590E-8	5.529590E-8	1.408095E-9	1.408095E-9
9.000000E-2	5.747360E-8	5.747360E-8	1.463550E-9	1.463550E-9
1.000000E-1	5.974430E-8	5.974430E-8	1.521373E-9	1.521373E-9
1.100000E-1	6.216160E-8	6.216160E-8	1.582928E-9	1.582928E-9
1.200000E-1	6.467890E-8	6.467890E-8	1.647031E-9	1.647031E-9
1.300000E-1	6.735060E-8	6.735060E-8	1.715065E-9	1.715065E-9
1.400000E-1	7.010490E-8	7.010490E-8	1.785202E-9	1.785202E-9
1.500000E-1	7.301480E-8	7.301480E-8	1.859302E-9	1.859302E-9
1.600000E-1	7.603020E-8	7.603020E-8	1.936089E-9	1.936089E-9
1.700000E-1	7.909750E-8	7.909750E-8	2.014197E-9	2.014197E-9
1.800000E-1	8.229410E-8	8.229410E-8	2.095597E-9	2.095597E-9
1.900000E-1	8.552990E-8	8.552990E-8	2.177996E-9	2.177996E-9
2.000000E-1	8.887370E-8	8.887370E-8	2.263145E-9	2.263145E-9
2.100000E-1	9.223040E-8	9.223040E-8	2.348622E-9	2.348622E-9
2.200000E-1	9.563280E-8	9.563280E-8	2.435264E-9	2.435264E-9
2.300000E-1	9.902940E-8	9.902940E-8	2.521757E-9	2.521757E-9
2.400000E-1	1.026240E-7	1.026240E-7	2.613293E-9	2.613293E-9
2.500000E-1	1.087690E-7	1.087690E-7	2.769773E-9	2.769773E-9
2.600000E-1	1.141380E-7	1.141380E-7	2.906493E-9	2.906493E-9
2.700000E-1	1.197720E-7	1.197720E-7	3.049962E-9	3.049962E-9
2.800000E-1	1.256010E-7	1.256010E-7	3.198396E-9	3.198396E-9
2.900000E-1	1.317200E-7	1.317200E-7	3.354214E-9	3.354214E-9
3.000000E-1	1.379880E-7	1.379880E-7	3.513827E-9	3.513827E-9
3.100000E-1	1.445640E-7	1.445640E-7	3.681283E-9	3.681283E-9
3.200000E-1	1.512320E-7	1.512320E-7	3.851082E-9	3.851082E-9
3.300000E-1	1.581670E-7	1.581670E-7	4.027680E-9	4.027680E-9
3.400000E-1	1.652280E-7	1.652280E-7	4.207487E-9	4.207487E-9
3.500000E-1	1.724750E-7	1.724750E-7	4.392029E-9	4.392029E-9
3.600000E-1	1.797910E-7	1.797910E-7	4.578329E-9	4.578329E-9
3.700000E-1	1.873140E-7	1.873140E-7	4.769901E-9	4.769901E-9
3.800000E-1	1.949320E-7	1.949320E-7	4.963891E-9	4.963891E-9
3.900000E-1	2.025390E-7	2.025390E-7	5.157601E-9	5.157601E-9
4.000000E-1	2.102880E-7	2.102880E-7	5.354927E-9	5.354927E-9
4.100000E-1	2.179950E-7	2.179950E-7	5.551184E-9	5.551184E-9
4.200000E-1	2.257990E-7	2.257990E-7	5.749911E-9	5.749911E-9
4.300000E-1	2.335230E-7	2.335230E-7	5.946600E-9	5.946600E-9
4.400000E-1	2.412990E-7	2.412990E-7	6.144614E-9	6.144614E-9
4.500000E-1	2.489480E-7	2.489480E-7	6.339394E-9	6.339394E-9
4.600000E-1	2.566460E-7	2.566460E-7	6.535421E-9	6.535421E-9
4.700000E-1	2.641710E-7	2.641710E-7	6.727043E-9	6.727043E-9
4.800000E-1	2.717050E-7	2.717050E-7	6.918895E-9	6.918895E-9
4.900000E-1	2.791430E-7	2.791430E-7	7.108301E-9	7.108301E-9
5.000000E-1	2.863460E-7	2.863460E-7	7.291724E-9	7.291724E-9
