

16:39:22	22/03/21


Ell Cont: 5,0x10,0

SMU1	V name:		V1
	I name:		I1
	Mode:		V
	Function:	VAR1
SMU2	V name:		V2
	I name:		I2
	Mode:		common
	Function:	const.
SMU3	off
SMU4	off
VMUs	off

Primary Source (VAR1):	single
	Sweep Spacing:	linear
	Start:		-0.500000
	Stop:		0.500000
	Step:		0.010000
	Compliance:	0.050000
Power Compliance OFF

Timing:		Integration Time:	medium
	Delay Time (sec):	0.000000
	Hold Time (sec):	0.000000
	Wait Time (sec):	1.000000

Secondary Source (VAR2):	OFF


   V1	   I1	Abs(I)	J (A\µm²)	Abs(J)
-5.000000E-1	-1.846720E-9	1.846720E-9	-4.702623E-11	4.702623E-11
-4.900000E-1	1.575100E-10	1.575100E-10	4.010950E-12	4.010950E-12
-4.800000E-1	9.333500E-10	9.333500E-10	2.376751E-11	2.376751E-11
-4.700000E-1	1.380420E-9	1.380420E-9	3.515202E-11	3.515202E-11
-4.600000E-1	1.385450E-9	1.385450E-9	3.528011E-11	3.528011E-11
-4.500000E-1	1.774360E-9	1.774360E-9	4.518360E-11	4.518360E-11
-4.400000E-1	1.649690E-9	1.649690E-9	4.200891E-11	4.200891E-11
-4.300000E-1	1.757210E-9	1.757210E-9	4.474688E-11	4.474688E-11
-4.200000E-1	2.084500E-9	2.084500E-9	5.308123E-11	5.308123E-11
-4.100000E-1	1.961560E-9	1.961560E-9	4.995060E-11	4.995060E-11
-4.000000E-1	2.031190E-9	2.031190E-9	5.172371E-11	5.172371E-11
-3.900000E-1	2.122530E-9	2.122530E-9	5.404966E-11	5.404966E-11
-3.800000E-1	2.195840E-9	2.195840E-9	5.591648E-11	5.591648E-11
-3.700000E-1	2.275390E-9	2.275390E-9	5.794219E-11	5.794219E-11
-3.600000E-1	2.355120E-9	2.355120E-9	5.997250E-11	5.997250E-11
-3.500000E-1	2.433230E-9	2.433230E-9	6.196155E-11	6.196155E-11
-3.400000E-1	2.524670E-9	2.524670E-9	6.429004E-11	6.429004E-11
-3.300000E-1	2.617180E-9	2.617180E-9	6.664578E-11	6.664578E-11
-3.200000E-1	2.694420E-9	2.694420E-9	6.861268E-11	6.861268E-11
-3.100000E-1	2.796550E-9	2.796550E-9	7.121339E-11	7.121339E-11
-3.000000E-1	2.884540E-9	2.884540E-9	7.345404E-11	7.345404E-11
-2.900000E-1	2.980080E-9	2.980080E-9	7.588694E-11	7.588694E-11
-2.800000E-1	3.079210E-9	3.079210E-9	7.841125E-11	7.841125E-11
-2.700000E-1	3.183000E-9	3.183000E-9	8.105424E-11	8.105424E-11
-2.600000E-1	3.296260E-9	3.296260E-9	8.393837E-11	8.393837E-11
-2.500000E-1	3.402790E-9	3.402790E-9	8.665113E-11	8.665113E-11
-2.400000E-1	3.517240E-9	3.517240E-9	8.956557E-11	8.956557E-11
-2.300000E-1	3.633860E-9	3.633860E-9	9.253527E-11	9.253527E-11
-2.200000E-1	3.763400E-9	3.763400E-9	9.583397E-11	9.583397E-11
-2.100000E-1	3.886620E-9	3.886620E-9	9.897173E-11	9.897173E-11
-2.000000E-1	4.024120E-9	4.024120E-9	1.024731E-10	1.024731E-10
-1.900000E-1	4.158630E-9	4.158630E-9	1.058984E-10	1.058984E-10
-1.800000E-1	4.303770E-9	4.303770E-9	1.095943E-10	1.095943E-10
-1.700000E-1	4.445790E-9	4.445790E-9	1.132108E-10	1.132108E-10
-1.600000E-1	4.607580E-9	4.607580E-9	1.173308E-10	1.173308E-10
-1.500000E-1	4.812720E-9	4.812720E-9	1.225546E-10	1.225546E-10
-1.400000E-1	4.933090E-9	4.933090E-9	1.256198E-10	1.256198E-10
-1.300000E-1	5.108040E-9	5.108040E-9	1.300749E-10	1.300749E-10
-1.200000E-1	5.286150E-9	5.286150E-9	1.346104E-10	1.346104E-10
-1.100000E-1	5.459800E-9	5.459800E-9	1.390323E-10	1.390323E-10
-1.000000E-1	5.656180E-9	5.656180E-9	1.440331E-10	1.440331E-10
-9.000000E-2	5.853670E-9	5.853670E-9	1.490621E-10	1.490621E-10
-8.000000E-2	6.058590E-9	6.058590E-9	1.542804E-10	1.542804E-10
-7.000000E-2	6.261310E-9	6.261310E-9	1.594426E-10	1.594426E-10
-6.000000E-2	6.490150E-9	6.490150E-9	1.652699E-10	1.652699E-10
-5.000000E-2	6.718550E-9	6.718550E-9	1.710861E-10	1.710861E-10
-4.000000E-2	6.947930E-9	6.947930E-9	1.769272E-10	1.769272E-10
-3.000000E-2	7.195920E-9	7.195920E-9	1.832422E-10	1.832422E-10
-2.000000E-2	7.447830E-9	7.447830E-9	1.896570E-10	1.896570E-10
-1.000000E-2	7.702880E-9	7.702880E-9	1.961518E-10	1.961518E-10
0.000000E+0	7.969650E-9	7.969650E-9	2.029450E-10	2.029450E-10
1.000000E-2	8.233310E-9	8.233310E-9	2.096590E-10	2.096590E-10
2.000000E-2	8.526940E-9	8.526940E-9	2.171362E-10	2.171362E-10
3.000000E-2	8.809390E-9	8.809390E-9	2.243287E-10	2.243287E-10
4.000000E-2	9.113940E-9	9.113940E-9	2.320840E-10	2.320840E-10
5.000000E-2	9.465100E-9	9.465100E-9	2.410262E-10	2.410262E-10
6.000000E-2	1.066490E-8	1.066490E-8	2.715788E-10	2.715788E-10
7.000000E-2	1.114830E-8	1.114830E-8	2.838885E-10	2.838885E-10
8.000000E-2	1.159800E-8	1.159800E-8	2.953400E-10	2.953400E-10
9.000000E-2	1.206180E-8	1.206180E-8	3.071505E-10	3.071505E-10
1.000000E-1	1.251240E-8	1.251240E-8	3.186249E-10	3.186249E-10
1.100000E-1	1.300490E-8	1.300490E-8	3.311663E-10	3.311663E-10
1.200000E-1	1.349940E-8	1.349940E-8	3.437586E-10	3.437586E-10
1.300000E-1	1.403080E-8	1.403080E-8	3.572905E-10	3.572905E-10
1.400000E-1	1.456810E-8	1.456810E-8	3.709727E-10	3.709727E-10
1.500000E-1	1.515870E-8	1.515870E-8	3.860122E-10	3.860122E-10
1.600000E-1	1.574170E-8	1.574170E-8	4.008582E-10	4.008582E-10
1.700000E-1	1.633800E-8	1.633800E-8	4.160428E-10	4.160428E-10
1.800000E-1	1.698510E-8	1.698510E-8	4.325210E-10	4.325210E-10
1.900000E-1	1.761510E-8	1.761510E-8	4.485638E-10	4.485638E-10
2.000000E-1	1.832880E-8	1.832880E-8	4.667380E-10	4.667380E-10
2.100000E-1	1.902510E-8	1.902510E-8	4.844691E-10	4.844691E-10
2.200000E-1	1.977110E-8	1.977110E-8	5.034657E-10	5.034657E-10
2.300000E-1	2.052050E-8	2.052050E-8	5.225490E-10	5.225490E-10
2.400000E-1	2.130630E-8	2.130630E-8	5.425592E-10	5.425592E-10
2.500000E-1	2.210490E-8	2.210490E-8	5.628953E-10	5.628953E-10
2.600000E-1	2.294210E-8	2.294210E-8	5.842144E-10	5.842144E-10
2.700000E-1	2.379850E-8	2.379850E-8	6.060224E-10	6.060224E-10
2.800000E-1	2.466380E-8	2.466380E-8	6.280570E-10	6.280570E-10
2.900000E-1	2.557150E-8	2.557150E-8	6.511714E-10	6.511714E-10
3.000000E-1	2.647960E-8	2.647960E-8	6.742959E-10	6.742959E-10
3.100000E-1	2.742560E-8	2.742560E-8	6.983855E-10	6.983855E-10
3.200000E-1	2.838080E-8	2.838080E-8	7.227094E-10	7.227094E-10
3.300000E-1	2.937450E-8	2.937450E-8	7.480137E-10	7.480137E-10
3.400000E-1	3.036220E-8	3.036220E-8	7.731653E-10	7.731653E-10
3.500000E-1	3.139400E-8	3.139400E-8	7.994398E-10	7.994398E-10
3.600000E-1	3.241810E-8	3.241810E-8	8.255182E-10	8.255182E-10
3.700000E-1	3.348380E-8	3.348380E-8	8.526560E-10	8.526560E-10
3.800000E-1	3.456600E-8	3.456600E-8	8.802139E-10	8.802139E-10
3.900000E-1	3.563920E-8	3.563920E-8	9.075426E-10	9.075426E-10
4.000000E-1	3.676130E-8	3.676130E-8	9.361166E-10	9.361166E-10
4.100000E-1	3.785780E-8	3.785780E-8	9.640387E-10	9.640387E-10
4.200000E-1	3.899800E-8	3.899800E-8	9.930736E-10	9.930736E-10
4.300000E-1	4.013020E-8	4.013020E-8	1.021905E-9	1.021905E-9
4.400000E-1	4.128010E-8	4.128010E-8	1.051187E-9	1.051187E-9
4.500000E-1	4.244540E-8	4.244540E-8	1.080861E-9	1.080861E-9
4.600000E-1	4.363330E-8	4.363330E-8	1.111110E-9	1.111110E-9
4.700000E-1	4.479100E-8	4.479100E-8	1.140591E-9	1.140591E-9
4.800000E-1	4.597810E-8	4.597810E-8	1.170820E-9	1.170820E-9
4.900000E-1	4.718470E-8	4.718470E-8	1.201546E-9	1.201546E-9
5.000000E-1	4.836640E-8	4.836640E-8	1.231637E-9	1.231637E-9
