

16:08:15	22/03/21


Ell Cont: 5,0x10,0

SMU1	V name:		V1
	I name:		I1
	Mode:		V
	Function:	VAR1
SMU2	V name:		V2
	I name:		I2
	Mode:		common
	Function:	const.
SMU3	off
SMU4	off
VMUs	off

Primary Source (VAR1):	single
	Sweep Spacing:	linear
	Start:		-0.500000
	Stop:		0.500000
	Step:		0.010000
	Compliance:	0.050000
Power Compliance OFF

Timing:		Integration Time:	medium
	Delay Time (sec):	0.000000
	Hold Time (sec):	0.000000
	Wait Time (sec):	1.000000

Secondary Source (VAR2):	OFF


   V1	   I1	Abs(I)	J (A\µm²)	Abs(J)
-5.000000E-1	-5.318840E-9	5.318840E-9	-1.354428E-10	1.354428E-10
-4.900000E-1	-2.964830E-9	2.964830E-9	-7.549860E-11	7.549860E-11
-4.800000E-1	-1.728180E-9	1.728180E-9	-4.400764E-11	4.400764E-11
-4.700000E-1	-9.655200E-10	9.655200E-10	-2.458671E-11	2.458671E-11
-4.600000E-1	-4.231400E-10	4.231400E-10	-1.077515E-11	1.077515E-11
-4.500000E-1	3.702000E-11	3.702000E-11	9.427043E-13	9.427043E-13
-4.400000E-1	3.188400E-10	3.188400E-10	8.119175E-12	8.119175E-12
-4.300000E-1	5.339300E-10	5.339300E-10	1.359638E-11	1.359638E-11
-4.200000E-1	9.145800E-10	9.145800E-10	2.328953E-11	2.328953E-11
-4.100000E-1	1.112310E-9	1.112310E-9	2.832467E-11	2.832467E-11
-4.000000E-1	1.215950E-9	1.215950E-9	3.096384E-11	3.096384E-11
-3.900000E-1	1.350910E-9	1.350910E-9	3.440056E-11	3.440056E-11
-3.800000E-1	1.462560E-9	1.462560E-9	3.724370E-11	3.724370E-11
-3.700000E-1	1.538560E-9	1.538560E-9	3.917902E-11	3.917902E-11
-3.600000E-1	1.607140E-9	1.607140E-9	4.092539E-11	4.092539E-11
-3.500000E-1	1.706540E-9	1.706540E-9	4.345658E-11	4.345658E-11
-3.400000E-1	1.769070E-9	1.769070E-9	4.504889E-11	4.504889E-11
-3.300000E-1	1.836090E-9	1.836090E-9	4.675554E-11	4.675554E-11
-3.200000E-1	1.902660E-9	1.902660E-9	4.845073E-11	4.845073E-11
-3.100000E-1	1.974600E-9	1.974600E-9	5.028266E-11	5.028266E-11
-3.000000E-1	2.043470E-9	2.043470E-9	5.203641E-11	5.203641E-11
-2.900000E-1	2.091320E-9	2.091320E-9	5.325490E-11	5.325490E-11
-2.800000E-1	2.159350E-9	2.159350E-9	5.498727E-11	5.498727E-11
-2.700000E-1	2.240140E-9	2.240140E-9	5.704456E-11	5.704456E-11
-2.600000E-1	2.298040E-9	2.298040E-9	5.851897E-11	5.851897E-11
-2.500000E-1	2.349760E-9	2.349760E-9	5.983601E-11	5.983601E-11
-2.400000E-1	2.425600E-9	2.425600E-9	6.176725E-11	6.176725E-11
-2.300000E-1	2.497500E-9	2.497500E-9	6.359817E-11	6.359817E-11
-2.200000E-1	2.554970E-9	2.554970E-9	6.506162E-11	6.506162E-11
-2.100000E-1	2.625800E-9	2.625800E-9	6.686529E-11	6.686529E-11
-2.000000E-1	2.707170E-9	2.707170E-9	6.893736E-11	6.893736E-11
-1.900000E-1	2.774980E-9	2.774980E-9	7.066412E-11	7.066412E-11
-1.800000E-1	2.825540E-9	2.825540E-9	7.195162E-11	7.195162E-11
-1.700000E-1	2.920430E-9	2.920430E-9	7.436796E-11	7.436796E-11
-1.600000E-1	3.027420E-9	3.027420E-9	7.709244E-11	7.709244E-11
-1.500000E-1	3.095890E-9	3.095890E-9	7.883601E-11	7.883601E-11
-1.400000E-1	3.165440E-9	3.165440E-9	8.060708E-11	8.060708E-11
-1.300000E-1	3.269240E-9	3.269240E-9	8.325032E-11	8.325032E-11
-1.200000E-1	3.351990E-9	3.351990E-9	8.535752E-11	8.535752E-11
-1.100000E-1	3.441290E-9	3.441290E-9	8.763152E-11	8.763152E-11
-1.000000E-1	3.545960E-9	3.545960E-9	9.029692E-11	9.029692E-11
-9.000000E-2	3.668450E-9	3.668450E-9	9.341609E-11	9.341609E-11
-8.000000E-2	3.758610E-9	3.758610E-9	9.571199E-11	9.571199E-11
-7.000000E-2	3.864070E-9	3.864070E-9	9.839750E-11	9.839750E-11
-6.000000E-2	4.010480E-9	4.010480E-9	1.021258E-10	1.021258E-10
-5.000000E-2	4.148130E-9	4.148130E-9	1.056310E-10	1.056310E-10
-4.000000E-2	4.262010E-9	4.262010E-9	1.085309E-10	1.085309E-10
-3.000000E-2	3.984750E-9	3.984750E-9	1.014706E-10	1.014706E-10
-2.000000E-2	4.341730E-9	4.341730E-9	1.105610E-10	1.105610E-10
-1.000000E-2	4.205570E-9	4.205570E-9	1.070937E-10	1.070937E-10
0.000000E+0	4.584380E-9	4.584380E-9	1.167400E-10	1.167400E-10
1.000000E-2	4.492790E-9	4.492790E-9	1.144077E-10	1.144077E-10
2.000000E-2	4.606780E-9	4.606780E-9	1.173104E-10	1.173104E-10
3.000000E-2	4.729600E-9	4.729600E-9	1.204380E-10	1.204380E-10
4.000000E-2	4.929410E-9	4.929410E-9	1.255261E-10	1.255261E-10
5.000000E-2	5.103830E-9	5.103830E-9	1.299677E-10	1.299677E-10
6.000000E-2	5.272720E-9	5.272720E-9	1.342684E-10	1.342684E-10
7.000000E-2	5.501740E-9	5.501740E-9	1.401003E-10	1.401003E-10
8.000000E-2	5.701980E-9	5.701980E-9	1.451994E-10	1.451994E-10
9.000000E-2	5.899340E-9	5.899340E-9	1.502251E-10	1.502251E-10
1.000000E-1	6.139090E-9	6.139090E-9	1.563303E-10	1.563303E-10
1.100000E-1	6.381560E-9	6.381560E-9	1.625047E-10	1.625047E-10
1.200000E-1	6.618310E-9	6.618310E-9	1.685335E-10	1.685335E-10
1.300000E-1	6.883270E-9	6.883270E-9	1.752806E-10	1.752806E-10
1.400000E-1	7.154980E-9	7.154980E-9	1.821996E-10	1.821996E-10
1.500000E-1	7.428410E-9	7.428410E-9	1.891625E-10	1.891625E-10
1.600000E-1	7.719900E-9	7.719900E-9	1.965852E-10	1.965852E-10
1.700000E-1	8.010060E-9	8.010060E-9	2.039740E-10	2.039740E-10
1.800000E-1	8.316270E-9	8.316270E-9	2.117716E-10	2.117716E-10
1.900000E-1	8.633200E-9	8.633200E-9	2.198421E-10	2.198421E-10
2.000000E-1	8.955570E-9	8.955570E-9	2.280512E-10	2.280512E-10
2.100000E-1	9.294930E-9	9.294930E-9	2.366929E-10	2.366929E-10
2.200000E-1	9.678700E-9	9.678700E-9	2.464655E-10	2.464655E-10
2.300000E-1	1.076910E-8	1.076910E-8	2.742322E-10	2.742322E-10
2.400000E-1	1.127570E-8	1.127570E-8	2.871327E-10	2.871327E-10
2.500000E-1	1.174050E-8	1.174050E-8	2.989687E-10	2.989687E-10
2.600000E-1	1.219730E-8	1.219730E-8	3.106010E-10	3.106010E-10
2.700000E-1	1.267090E-8	1.267090E-8	3.226611E-10	3.226611E-10
2.800000E-1	1.314410E-8	1.314410E-8	3.347110E-10	3.347110E-10
2.900000E-1	1.364880E-8	1.364880E-8	3.475630E-10	3.475630E-10
3.000000E-1	1.415590E-8	1.415590E-8	3.604762E-10	3.604762E-10
3.100000E-1	1.469610E-8	1.469610E-8	3.742322E-10	3.742322E-10
3.200000E-1	1.524730E-8	1.524730E-8	3.882684E-10	3.882684E-10
3.300000E-1	1.584710E-8	1.584710E-8	4.035421E-10	4.035421E-10
3.400000E-1	1.642420E-8	1.642420E-8	4.182378E-10	4.182378E-10
3.500000E-1	1.705480E-8	1.705480E-8	4.342959E-10	4.342959E-10
3.600000E-1	1.768660E-8	1.768660E-8	4.503845E-10	4.503845E-10
3.700000E-1	1.834270E-8	1.834270E-8	4.670919E-10	4.670919E-10
3.800000E-1	1.904840E-8	1.904840E-8	4.850624E-10	4.850624E-10
3.900000E-1	1.976370E-8	1.976370E-8	5.032773E-10	5.032773E-10
4.000000E-1	2.049690E-8	2.049690E-8	5.219480E-10	5.219480E-10
4.100000E-1	2.123870E-8	2.123870E-8	5.408378E-10	5.408378E-10
4.200000E-1	2.203330E-8	2.203330E-8	5.610721E-10	5.610721E-10
4.300000E-1	2.281940E-8	2.281940E-8	5.810899E-10	5.810899E-10
4.400000E-1	2.366240E-8	2.366240E-8	6.025567E-10	6.025567E-10
4.500000E-1	2.452110E-8	2.452110E-8	6.244232E-10	6.244232E-10
4.600000E-1	2.538870E-8	2.538870E-8	6.465164E-10	6.465164E-10
4.700000E-1	2.626570E-8	2.626570E-8	6.688490E-10	6.688490E-10
4.800000E-1	2.720340E-8	2.720340E-8	6.927273E-10	6.927273E-10
4.900000E-1	2.815720E-8	2.815720E-8	7.170155E-10	7.170155E-10
5.000000E-1	2.911210E-8	2.911210E-8	7.413318E-10	7.413318E-10
