

16:04:26	22/03/21


Ell Cont: 5,0x10,0

SMU1	V name:		V1
	I name:		I1
	Mode:		V
	Function:	VAR1
SMU2	V name:		V2
	I name:		I2
	Mode:		common
	Function:	const.
SMU3	off
SMU4	off
VMUs	off

Primary Source (VAR1):	single
	Sweep Spacing:	linear
	Start:		-1.500000
	Stop:		1.500000
	Step:		0.010000
	Compliance:	0.050000
Power Compliance OFF

Timing:		Integration Time:	medium
	Delay Time (sec):	0.000000
	Hold Time (sec):	0.000000
	Wait Time (sec):	1.000000

Secondary Source (VAR2):	OFF


   V1	   I1	Abs(I)	J (A\µm²)	Abs(J)
-1.500000E+0	-5.000220E-2	5.000220E-2	-1.273293E-3	1.273293E-3
-1.490000E+0	-5.000770E-2	5.000770E-2	-1.273433E-3	1.273433E-3
-1.480000E+0	-5.000820E-2	5.000820E-2	-1.273445E-3	1.273445E-3
-1.470000E+0	-5.000620E-2	5.000620E-2	-1.273394E-3	1.273394E-3
-1.460000E+0	-5.000700E-2	5.000700E-2	-1.273415E-3	1.273415E-3
-1.450000E+0	-5.000420E-2	5.000420E-2	-1.273344E-3	1.273344E-3
-1.440000E+0	-5.000680E-2	5.000680E-2	-1.273410E-3	1.273410E-3
-1.430000E+0	-5.000710E-2	5.000710E-2	-1.273417E-3	1.273417E-3
-1.420000E+0	-5.000770E-2	5.000770E-2	-1.273433E-3	1.273433E-3
-1.410000E+0	-5.000680E-2	5.000680E-2	-1.273410E-3	1.273410E-3
-1.400000E+0	-5.000690E-2	5.000690E-2	-1.273412E-3	1.273412E-3
-1.390000E+0	-5.000700E-2	5.000700E-2	-1.273415E-3	1.273415E-3
-1.380000E+0	-5.000640E-2	5.000640E-2	-1.273400E-3	1.273400E-3
-1.370000E+0	-4.999340E-2	4.999340E-2	-1.273068E-3	1.273068E-3
-1.360000E+0	-5.000730E-2	5.000730E-2	-1.273422E-3	1.273422E-3
-1.350000E+0	-5.000680E-2	5.000680E-2	-1.273410E-3	1.273410E-3
-1.340000E+0	-5.000690E-2	5.000690E-2	-1.273412E-3	1.273412E-3
-1.330000E+0	-5.000650E-2	5.000650E-2	-1.273402E-3	1.273402E-3
-1.320000E+0	-5.000770E-2	5.000770E-2	-1.273433E-3	1.273433E-3
-1.310000E+0	-5.000690E-2	5.000690E-2	-1.273412E-3	1.273412E-3
-1.300000E+0	-5.000690E-2	5.000690E-2	-1.273412E-3	1.273412E-3
-1.290000E+0	-5.000740E-2	5.000740E-2	-1.273425E-3	1.273425E-3
-1.280000E+0	-5.000730E-2	5.000730E-2	-1.273422E-3	1.273422E-3
-1.270000E+0	-5.000710E-2	5.000710E-2	-1.273417E-3	1.273417E-3
-1.260000E+0	-5.000710E-2	5.000710E-2	-1.273417E-3	1.273417E-3
-1.250000E+0	-5.000710E-2	5.000710E-2	-1.273417E-3	1.273417E-3
-1.240000E+0	-5.000700E-2	5.000700E-2	-1.273415E-3	1.273415E-3
-1.230000E+0	-5.000710E-2	5.000710E-2	-1.273417E-3	1.273417E-3
-1.220000E+0	-5.000710E-2	5.000710E-2	-1.273417E-3	1.273417E-3
-1.210000E+0	-5.000700E-2	5.000700E-2	-1.273415E-3	1.273415E-3
-1.200000E+0	-5.000690E-2	5.000690E-2	-1.273412E-3	1.273412E-3
-1.190000E+0	-5.000690E-2	5.000690E-2	-1.273412E-3	1.273412E-3
-1.180000E+0	-5.000710E-2	5.000710E-2	-1.273417E-3	1.273417E-3
-1.170000E+0	-5.000700E-2	5.000700E-2	-1.273415E-3	1.273415E-3
-1.160000E+0	-5.000700E-2	5.000700E-2	-1.273415E-3	1.273415E-3
-1.150000E+0	-5.000700E-2	5.000700E-2	-1.273415E-3	1.273415E-3
-1.140000E+0	-5.000700E-2	5.000700E-2	-1.273415E-3	1.273415E-3
-1.130000E+0	-5.000710E-2	5.000710E-2	-1.273417E-3	1.273417E-3
-1.120000E+0	-5.000690E-2	5.000690E-2	-1.273412E-3	1.273412E-3
-1.110000E+0	-5.000700E-2	5.000700E-2	-1.273415E-3	1.273415E-3
-1.100000E+0	-5.000720E-2	5.000720E-2	-1.273420E-3	1.273420E-3
-1.090000E+0	-4.245430E-2	4.245430E-2	-1.081087E-3	1.081087E-3
-1.080000E+0	-5.000740E-2	5.000740E-2	-1.273425E-3	1.273425E-3
-1.070000E+0	-5.000730E-2	5.000730E-2	-1.273422E-3	1.273422E-3
-1.060000E+0	-5.000710E-2	5.000710E-2	-1.273417E-3	1.273417E-3
-1.050000E+0	-5.000720E-2	5.000720E-2	-1.273420E-3	1.273420E-3
-1.040000E+0	-5.000710E-2	5.000710E-2	-1.273417E-3	1.273417E-3
-1.030000E+0	-4.083230E-2	4.083230E-2	-1.039784E-3	1.039784E-3
-1.020000E+0	-4.881620E-2	4.881620E-2	-1.243091E-3	1.243091E-3
-1.010000E+0	-3.894780E-2	3.894780E-2	-9.917953E-4	9.917953E-4
-1.000000E+0	-4.333890E-2	4.333890E-2	-1.103613E-3	1.103613E-3
-9.900000E-1	-3.308540E-2	3.308540E-2	-8.425108E-4	8.425108E-4
-9.800000E-1	-3.155210E-2	3.155210E-2	-8.034657E-4	8.034657E-4
-9.700000E-1	-3.327480E-2	3.327480E-2	-8.473338E-4	8.473338E-4
-9.600000E-1	-3.097940E-2	3.097940E-2	-7.888821E-4	7.888821E-4
-9.500000E-1	-3.793840E-2	3.793840E-2	-9.660912E-4	9.660912E-4
-9.400000E-1	-3.117300E-2	3.117300E-2	-7.938121E-4	7.938121E-4
-9.300000E-1	-3.264190E-2	3.264190E-2	-8.312172E-4	8.312172E-4
-9.200000E-1	-2.688320E-2	2.688320E-2	-6.845735E-4	6.845735E-4
-9.100000E-1	-3.099510E-2	3.099510E-2	-7.892819E-4	7.892819E-4
-9.000000E-1	-2.958130E-2	2.958130E-2	-7.532798E-4	7.532798E-4
-8.900000E-1	-2.978860E-2	2.978860E-2	-7.585587E-4	7.585587E-4
-8.800000E-1	-3.184170E-2	3.184170E-2	-8.108403E-4	8.108403E-4
-8.700000E-1	-3.161810E-2	3.161810E-2	-8.051464E-4	8.051464E-4
-8.600000E-1	-2.813160E-2	2.813160E-2	-7.163636E-4	7.163636E-4
-8.500000E-1	-2.825470E-2	2.825470E-2	-7.194983E-4	7.194983E-4
-8.400000E-1	-2.782490E-2	2.782490E-2	-7.085536E-4	7.085536E-4
-8.300000E-1	-2.481570E-2	2.481570E-2	-6.319251E-4	6.319251E-4
-8.200000E-1	-2.141490E-2	2.141490E-2	-5.453247E-4	5.453247E-4
-8.100000E-1	-2.423960E-2	2.423960E-2	-6.172549E-4	6.172549E-4
-8.000000E-1	-2.500650E-2	2.500650E-2	-6.367838E-4	6.367838E-4
-7.900000E-1	-2.415320E-2	2.415320E-2	-6.150547E-4	6.150547E-4
-7.800000E-1	-2.534090E-2	2.534090E-2	-6.452992E-4	6.452992E-4
-7.700000E-1	-2.593490E-2	2.593490E-2	-6.604253E-4	6.604253E-4
-7.600000E-1	-2.539820E-2	2.539820E-2	-6.467583E-4	6.467583E-4
-7.500000E-1	-2.481130E-2	2.481130E-2	-6.318131E-4	6.318131E-4
-7.400000E-1	-2.435730E-2	2.435730E-2	-6.202521E-4	6.202521E-4
-7.300000E-1	-2.181130E-2	2.181130E-2	-5.554189E-4	5.554189E-4
-7.200000E-1	-2.036270E-2	2.036270E-2	-5.185307E-4	5.185307E-4
-7.100000E-1	-2.301660E-2	2.301660E-2	-5.861115E-4	5.861115E-4
-7.000000E-1	-2.013060E-2	2.013060E-2	-5.126203E-4	5.126203E-4
-6.900000E-1	-1.780420E-2	1.780420E-2	-4.533792E-4	4.533792E-4
-6.800000E-1	-1.904980E-2	1.904980E-2	-4.850980E-4	4.850980E-4
-6.700000E-1	-1.661190E-2	1.661190E-2	-4.230176E-4	4.230176E-4
-6.600000E-1	-1.624620E-2	1.624620E-2	-4.137051E-4	4.137051E-4
-6.500000E-1	-1.570120E-2	1.570120E-2	-3.998268E-4	3.998268E-4
-6.400000E-1	-1.474030E-2	1.474030E-2	-3.753578E-4	3.753578E-4
-6.300000E-1	-1.386120E-2	1.386120E-2	-3.529717E-4	3.529717E-4
-6.200000E-1	-1.316570E-2	1.316570E-2	-3.352610E-4	3.352610E-4
-6.100000E-1	-1.244830E-2	1.244830E-2	-3.169926E-4	3.169926E-4
-6.000000E-1	-1.325360E-2	1.325360E-2	-3.374994E-4	3.374994E-4
-5.900000E-1	-1.282890E-2	1.282890E-2	-3.266845E-4	3.266845E-4
-5.800000E-1	-1.199390E-2	1.199390E-2	-3.054214E-4	3.054214E-4
-5.700000E-1	-1.151420E-2	1.151420E-2	-2.932060E-4	2.932060E-4
-5.600000E-1	-1.022600E-2	1.022600E-2	-2.604023E-4	2.604023E-4
-5.500000E-1	-1.037940E-2	1.037940E-2	-2.643086E-4	2.643086E-4
-5.400000E-1	-1.005710E-2	1.005710E-2	-2.561013E-4	2.561013E-4
-5.300000E-1	-9.595280E-3	9.595280E-3	-2.443412E-4	2.443412E-4
-5.200000E-1	-8.761900E-3	8.761900E-3	-2.231194E-4	2.231194E-4
-5.100000E-1	-8.557860E-3	8.557860E-3	-2.179236E-4	2.179236E-4
-5.000000E-1	-7.900470E-3	7.900470E-3	-2.011833E-4	2.011833E-4
-4.900000E-1	-8.050450E-3	8.050450E-3	-2.050025E-4	2.050025E-4
-4.800000E-1	-7.793460E-3	7.793460E-3	-1.984584E-4	1.984584E-4
-4.700000E-1	-7.343310E-3	7.343310E-3	-1.869954E-4	1.869954E-4
-4.600000E-1	-7.016550E-3	7.016550E-3	-1.786746E-4	1.786746E-4
-4.500000E-1	-6.631090E-3	6.631090E-3	-1.688589E-4	1.688589E-4
-4.400000E-1	-5.741280E-3	5.741280E-3	-1.462002E-4	1.462002E-4
-4.300000E-1	-5.111680E-3	5.111680E-3	-1.301676E-4	1.301676E-4
-4.200000E-1	-4.195580E-3	4.195580E-3	-1.068393E-4	1.068393E-4
-4.100000E-1	-4.052460E-3	4.052460E-3	-1.031948E-4	1.031948E-4
-4.000000E-1	-4.039670E-3	4.039670E-3	-1.028691E-4	1.028691E-4
-3.900000E-1	-3.889170E-3	3.889170E-3	-9.903667E-5	9.903667E-5
-3.800000E-1	-3.504520E-3	3.504520E-3	-8.924166E-5	8.924166E-5
-3.700000E-1	-2.841560E-3	2.841560E-3	-7.235956E-5	7.235956E-5
-3.600000E-1	-2.430100E-3	2.430100E-3	-6.188184E-5	6.188184E-5
-3.500000E-1	-2.075380E-3	2.075380E-3	-5.284899E-5	5.284899E-5
-3.400000E-1	-2.822950E-3	2.822950E-3	-7.188566E-5	7.188566E-5
-3.300000E-1	-3.108130E-3	3.108130E-3	-7.914769E-5	7.914769E-5
-3.200000E-1	-3.030020E-3	3.030020E-3	-7.715864E-5	7.715864E-5
-3.100000E-1	-2.929140E-3	2.929140E-3	-7.458976E-5	7.458976E-5
-3.000000E-1	-2.728700E-3	2.728700E-3	-6.948561E-5	6.948561E-5
-2.900000E-1	-2.727550E-3	2.727550E-3	-6.945633E-5	6.945633E-5
-2.800000E-1	-2.568690E-3	2.568690E-3	-6.541100E-5	6.541100E-5
-2.700000E-1	-2.504850E-3	2.504850E-3	-6.378533E-5	6.378533E-5
-2.600000E-1	-2.516280E-3	2.516280E-3	-6.407639E-5	6.407639E-5
-2.500000E-1	-2.873490E-3	2.873490E-3	-7.317265E-5	7.317265E-5
-2.400000E-1	-3.104780E-3	3.104780E-3	-7.906239E-5	7.906239E-5
-2.300000E-1	-3.074910E-3	3.074910E-3	-7.830176E-5	7.830176E-5
-2.200000E-1	-2.827960E-3	2.827960E-3	-7.201324E-5	7.201324E-5
-2.100000E-1	-2.664930E-3	2.664930E-3	-6.786173E-5	6.786173E-5
-2.000000E-1	-2.460250E-3	2.460250E-3	-6.264960E-5	6.264960E-5
-1.900000E-1	-2.304510E-3	2.304510E-3	-5.868373E-5	5.868373E-5
-1.800000E-1	-2.159930E-3	2.159930E-3	-5.500204E-5	5.500204E-5
-1.700000E-1	-2.068370E-3	2.068370E-3	-5.267049E-5	5.267049E-5
-1.600000E-1	-1.857290E-3	1.857290E-3	-4.729539E-5	4.729539E-5
-1.500000E-1	-1.620560E-3	1.620560E-3	-4.126712E-5	4.126712E-5
-1.400000E-1	-1.339240E-3	1.339240E-3	-3.410339E-5	3.410339E-5
-1.300000E-1	-1.150140E-3	1.150140E-3	-2.928801E-5	2.928801E-5
-1.200000E-1	-9.040440E-4	9.040440E-4	-2.302124E-5	2.302124E-5
-1.100000E-1	-7.580420E-4	7.580420E-4	-1.930334E-5	1.930334E-5
-1.000000E-1	-6.592860E-4	6.592860E-4	-1.678854E-5	1.678854E-5
-9.000000E-2	-5.994600E-4	5.994600E-4	-1.526509E-5	1.526509E-5
-8.000000E-2	-5.570290E-4	5.570290E-4	-1.418459E-5	1.418459E-5
-7.000000E-2	-4.787430E-4	4.787430E-4	-1.219106E-5	1.219106E-5
-6.000000E-2	-3.692750E-4	3.692750E-4	-9.403489E-6	9.403489E-6
-5.000000E-2	-3.250980E-4	3.250980E-4	-8.278533E-6	8.278533E-6
-4.000000E-2	-2.652760E-4	2.652760E-4	-6.755182E-6	6.755182E-6
-3.000000E-2	-1.979190E-4	1.979190E-4	-5.039954E-6	5.039954E-6
-2.000000E-2	-1.422180E-4	1.422180E-4	-3.621543E-6	3.621543E-6
-1.000000E-2	-7.226120E-5	7.226120E-5	-1.840112E-6	1.840112E-6
0.000000E+0	-6.447000E-7	6.447000E-7	-1.641711E-8	1.641711E-8
1.000000E-2	1.183960E-4	1.183960E-4	3.014922E-6	3.014922E-6
2.000000E-2	2.065890E-4	2.065890E-4	5.260733E-6	5.260733E-6
3.000000E-2	2.931490E-4	2.931490E-4	7.464960E-6	7.464960E-6
4.000000E-2	4.034910E-4	4.034910E-4	1.027479E-5	1.027479E-5
5.000000E-2	6.352320E-4	6.352320E-4	1.617601E-5	1.617601E-5
6.000000E-2	8.065010E-4	8.065010E-4	2.053733E-5	2.053733E-5
7.000000E-2	9.771850E-4	9.771850E-4	2.488375E-5	2.488375E-5
8.000000E-2	1.149040E-3	1.149040E-3	2.925999E-5	2.925999E-5
9.000000E-2	1.494560E-3	1.494560E-3	3.805857E-5	3.805857E-5
1.000000E-1	1.769990E-3	1.769990E-3	4.507232E-5	4.507232E-5
1.100000E-1	2.014210E-3	2.014210E-3	5.129132E-5	5.129132E-5
1.200000E-1	2.163210E-3	2.163210E-3	5.508556E-5	5.508556E-5
1.300000E-1	2.258410E-3	2.258410E-3	5.750980E-5	5.750980E-5
1.400000E-1	2.463120E-3	2.463120E-3	6.272269E-5	6.272269E-5
1.500000E-1	2.632630E-3	2.632630E-3	6.703921E-5	6.703921E-5
1.600000E-1	2.738300E-3	2.738300E-3	6.973007E-5	6.973007E-5
1.700000E-1	2.842790E-3	2.842790E-3	7.239088E-5	7.239088E-5
1.800000E-1	2.599320E-3	2.599320E-3	6.619098E-5	6.619098E-5
1.900000E-1	2.458550E-3	2.458550E-3	6.260631E-5	6.260631E-5
2.000000E-1	2.470330E-3	2.470330E-3	6.290629E-5	6.290629E-5
2.100000E-1	2.488190E-3	2.488190E-3	6.336109E-5	6.336109E-5
2.200000E-1	2.493870E-3	2.493870E-3	6.350573E-5	6.350573E-5
2.300000E-1	3.341380E-3	3.341380E-3	8.508734E-5	8.508734E-5
2.400000E-1	3.110160E-3	3.110160E-3	7.919939E-5	7.919939E-5
2.500000E-1	2.477410E-3	2.477410E-3	6.308658E-5	6.308658E-5
2.600000E-1	2.025010E-3	2.025010E-3	5.156634E-5	5.156634E-5
2.700000E-1	1.753090E-3	1.753090E-3	4.464197E-5	4.464197E-5
2.800000E-1	1.574310E-3	1.574310E-3	4.008938E-5	4.008938E-5
2.900000E-1	1.446840E-3	1.446840E-3	3.684339E-5	3.684339E-5
3.000000E-1	1.244710E-3	1.244710E-3	3.169621E-5	3.169621E-5
3.100000E-1	1.142000E-3	1.142000E-3	2.908072E-5	2.908072E-5
3.200000E-1	1.059170E-3	1.059170E-3	2.697148E-5	2.697148E-5
3.300000E-1	1.055320E-3	1.055320E-3	2.687344E-5	2.687344E-5
3.400000E-1	1.088720E-3	1.088720E-3	2.772396E-5	2.772396E-5
3.500000E-1	1.207540E-3	1.207540E-3	3.074968E-5	3.074968E-5
3.600000E-1	1.331100E-3	1.331100E-3	3.389610E-5	3.389610E-5
3.700000E-1	1.503390E-3	1.503390E-3	3.828342E-5	3.828342E-5
3.800000E-1	1.575100E-3	1.575100E-3	4.010950E-5	4.010950E-5
3.900000E-1	1.525080E-3	1.525080E-3	3.883575E-5	3.883575E-5
4.000000E-1	1.537640E-3	1.537640E-3	3.915559E-5	3.915559E-5
4.100000E-1	1.612960E-3	1.612960E-3	4.107359E-5	4.107359E-5
4.200000E-1	1.684710E-3	1.684710E-3	4.290069E-5	4.290069E-5
4.300000E-1	1.651170E-3	1.651170E-3	4.204660E-5	4.204660E-5
4.400000E-1	1.624190E-3	1.624190E-3	4.135956E-5	4.135956E-5
4.500000E-1	3.652300E-3	3.652300E-3	9.300484E-5	9.300484E-5
4.600000E-1	3.650180E-3	3.650180E-3	9.295085E-5	9.295085E-5
4.700000E-1	3.354870E-3	3.354870E-3	8.543086E-5	8.543086E-5
4.800000E-1	2.983060E-3	2.983060E-3	7.596282E-5	7.596282E-5
4.900000E-1	2.447780E-3	2.447780E-3	6.233206E-5	6.233206E-5
5.000000E-1	1.650080E-3	1.650080E-3	4.201884E-5	4.201884E-5
5.100000E-1	8.690300E-4	8.690300E-4	2.212962E-5	2.212962E-5
5.200000E-1	6.007940E-4	6.007940E-4	1.529906E-5	1.529906E-5
5.300000E-1	6.775490E-4	6.775490E-4	1.725360E-5	1.725360E-5
5.400000E-1	7.146420E-4	7.146420E-4	1.819817E-5	1.819817E-5
5.500000E-1	7.605320E-4	7.605320E-4	1.936674E-5	1.936674E-5
5.600000E-1	9.713740E-4	9.713740E-4	2.473578E-5	2.473578E-5
5.700000E-1	1.058180E-2	1.058180E-2	2.694627E-4	2.694627E-4
5.800000E-1	1.033990E-2	1.033990E-2	2.633028E-4	2.633028E-4
5.900000E-1	1.015190E-2	1.015190E-2	2.585154E-4	2.585154E-4
6.000000E-1	1.007170E-2	1.007170E-2	2.564731E-4	2.564731E-4
6.100000E-1	1.007860E-2	1.007860E-2	2.566488E-4	2.566488E-4
6.200000E-1	1.010070E-2	1.010070E-2	2.572116E-4	2.572116E-4
6.300000E-1	1.008650E-2	1.008650E-2	2.568500E-4	2.568500E-4
6.400000E-1	9.817940E-3	9.817940E-3	2.500112E-4	2.500112E-4
6.500000E-1	9.924800E-3	9.924800E-3	2.527324E-4	2.527324E-4
6.600000E-1	9.937300E-3	9.937300E-3	2.530507E-4	2.530507E-4
6.700000E-1	9.937870E-3	9.937870E-3	2.530652E-4	2.530652E-4
6.800000E-1	1.004373E-2	1.004373E-2	2.557609E-4	2.557609E-4
6.900000E-1	1.008256E-2	1.008256E-2	2.567497E-4	2.567497E-4
7.000000E-1	1.001626E-2	1.001626E-2	2.550614E-4	2.550614E-4
7.100000E-1	1.140903E-2	1.140903E-2	2.905279E-4	2.905279E-4
7.200000E-1	1.047103E-2	1.047103E-2	2.666420E-4	2.666420E-4
7.300000E-1	1.029360E-2	1.029360E-2	2.621238E-4	2.621238E-4
7.400000E-1	9.809290E-3	9.809290E-3	2.497909E-4	2.497909E-4
7.500000E-1	1.008971E-2	1.008971E-2	2.569318E-4	2.569318E-4
7.600000E-1	9.933520E-3	9.933520E-3	2.529544E-4	2.529544E-4
7.700000E-1	9.740490E-3	9.740490E-3	2.480390E-4	2.480390E-4
7.800000E-1	1.681040E-2	1.681040E-2	4.280723E-4	4.280723E-4
7.900000E-1	1.631210E-2	1.631210E-2	4.153832E-4	4.153832E-4
8.000000E-1	1.638300E-2	1.638300E-2	4.171887E-4	4.171887E-4
8.100000E-1	1.654730E-2	1.654730E-2	4.213725E-4	4.213725E-4
8.200000E-1	1.688710E-2	1.688710E-2	4.300255E-4	4.300255E-4
8.300000E-1	1.705130E-2	1.705130E-2	4.342068E-4	4.342068E-4
8.400000E-1	1.696590E-2	1.696590E-2	4.320321E-4	4.320321E-4
8.500000E-1	1.698630E-2	1.698630E-2	4.325516E-4	4.325516E-4
8.600000E-1	1.752580E-2	1.752580E-2	4.462898E-4	4.462898E-4
8.700000E-1	1.780220E-2	1.780220E-2	4.533282E-4	4.533282E-4
8.800000E-1	1.653120E-2	1.653120E-2	4.209626E-4	4.209626E-4
8.900000E-1	2.173030E-2	2.173030E-2	5.533562E-4	5.533562E-4
9.000000E-1	2.009020E-2	2.009020E-2	5.115915E-4	5.115915E-4
9.100000E-1	2.066070E-2	2.066070E-2	5.261192E-4	5.261192E-4
9.200000E-1	1.987830E-2	1.987830E-2	5.061956E-4	5.061956E-4
9.300000E-1	2.023990E-2	2.023990E-2	5.154036E-4	5.154036E-4
9.400000E-1	1.984430E-2	1.984430E-2	5.053298E-4	5.053298E-4
9.500000E-1	1.959020E-2	1.959020E-2	4.988592E-4	4.988592E-4
9.600000E-1	2.030020E-2	2.030020E-2	5.169391E-4	5.169391E-4
9.700000E-1	1.941910E-2	1.941910E-2	4.945022E-4	4.945022E-4
9.800000E-1	2.086160E-2	2.086160E-2	5.312350E-4	5.312350E-4
9.900000E-1	2.190030E-2	2.190030E-2	5.576852E-4	5.576852E-4
1.000000E+0	2.207210E-2	2.207210E-2	5.620601E-4	5.620601E-4
1.010000E+0	2.405780E-2	2.405780E-2	6.126254E-4	6.126254E-4
1.020000E+0	2.647100E-2	2.647100E-2	6.740769E-4	6.740769E-4
1.030000E+0	2.449880E-2	2.449880E-2	6.238554E-4	6.238554E-4
1.040000E+0	2.245250E-2	2.245250E-2	5.717469E-4	5.717469E-4
1.050000E+0	2.124160E-2	2.124160E-2	5.409116E-4	5.409116E-4
1.060000E+0	2.098800E-2	2.098800E-2	5.344538E-4	5.344538E-4
1.070000E+0	2.246680E-2	2.246680E-2	5.721110E-4	5.721110E-4
1.080000E+0	2.263670E-2	2.263670E-2	5.764375E-4	5.764375E-4
1.090000E+0	1.948800E-2	1.948800E-2	4.962567E-4	4.962567E-4
1.100000E+0	1.803580E-2	1.803580E-2	4.592768E-4	4.592768E-4
1.110000E+0	1.776940E-2	1.776940E-2	4.524930E-4	4.524930E-4
1.120000E+0	1.637010E-2	1.637010E-2	4.168602E-4	4.168602E-4
1.130000E+0	1.682020E-2	1.682020E-2	4.283219E-4	4.283219E-4
1.140000E+0	1.945890E-2	1.945890E-2	4.955157E-4	4.955157E-4
1.150000E+0	2.053250E-2	2.053250E-2	5.228546E-4	5.228546E-4
1.160000E+0	2.198750E-2	2.198750E-2	5.599058E-4	5.599058E-4
1.170000E+0	2.334730E-2	2.334730E-2	5.945327E-4	5.945327E-4
1.180000E+0	2.178860E-2	2.178860E-2	5.548408E-4	5.548408E-4
1.190000E+0	2.101080E-2	2.101080E-2	5.350344E-4	5.350344E-4
1.200000E+0	2.172520E-2	2.172520E-2	5.532264E-4	5.532264E-4
1.210000E+0	1.827120E-2	1.827120E-2	4.652712E-4	4.652712E-4
1.220000E+0	1.697850E-2	1.697850E-2	4.323529E-4	4.323529E-4
1.230000E+0	1.668470E-2	1.668470E-2	4.248714E-4	4.248714E-4
1.240000E+0	1.569010E-2	1.569010E-2	3.995442E-4	3.995442E-4
1.250000E+0	1.560510E-2	1.560510E-2	3.973797E-4	3.973797E-4
1.260000E+0	1.611140E-2	1.611140E-2	4.102725E-4	4.102725E-4
1.270000E+0	1.628470E-2	1.628470E-2	4.146855E-4	4.146855E-4
1.280000E+0	1.984790E-2	1.984790E-2	5.054214E-4	5.054214E-4
1.290000E+0	4.999830E-2	4.999830E-2	1.273193E-3	1.273193E-3
1.300000E+0	4.999900E-2	4.999900E-2	1.273211E-3	1.273211E-3
1.310000E+0	4.999790E-2	4.999790E-2	1.273183E-3	1.273183E-3
1.320000E+0	4.999860E-2	4.999860E-2	1.273201E-3	1.273201E-3
1.330000E+0	4.999830E-2	4.999830E-2	1.273193E-3	1.273193E-3
1.340000E+0	4.999850E-2	4.999850E-2	1.273198E-3	1.273198E-3
1.350000E+0	4.999870E-2	4.999870E-2	1.273203E-3	1.273203E-3
1.360000E+0	4.999850E-2	4.999850E-2	1.273198E-3	1.273198E-3
1.370000E+0	4.999810E-2	4.999810E-2	1.273188E-3	1.273188E-3
1.380000E+0	4.999900E-2	4.999900E-2	1.273211E-3	1.273211E-3
1.390000E+0	4.999840E-2	4.999840E-2	1.273196E-3	1.273196E-3
1.400000E+0	4.714850E-2	4.714850E-2	1.200624E-3	1.200624E-3
1.410000E+0	4.172070E-2	4.172070E-2	1.062406E-3	1.062406E-3
1.420000E+0	4.960340E-2	4.960340E-2	1.263137E-3	1.263137E-3
1.430000E+0	4.833220E-2	4.833220E-2	1.230766E-3	1.230766E-3
1.440000E+0	4.999940E-2	4.999940E-2	1.273221E-3	1.273221E-3
1.450000E+0	4.999820E-2	4.999820E-2	1.273191E-3	1.273191E-3
1.460000E+0	4.999910E-2	4.999910E-2	1.273214E-3	1.273214E-3
1.470000E+0	4.999870E-2	4.999870E-2	1.273203E-3	1.273203E-3
1.480000E+0	4.999830E-2	4.999830E-2	1.273193E-3	1.273193E-3
1.490000E+0	4.999880E-2	4.999880E-2	1.273206E-3	1.273206E-3
1.500000E+0	4.999920E-2	4.999920E-2	1.273216E-3	1.273216E-3
