

16:14:37	22/03/21


Ell Cont: 5,0x10,0

SMU1	V name:		V1
	I name:		I1
	Mode:		V
	Function:	VAR1
SMU2	V name:		V2
	I name:		I2
	Mode:		common
	Function:	const.
SMU3	off
SMU4	off
VMUs	off

Primary Source (VAR1):	single
	Sweep Spacing:	linear
	Start:		-0.500000
	Stop:		0.500000
	Step:		0.010000
	Compliance:	0.050000
Power Compliance OFF

Timing:		Integration Time:	medium
	Delay Time (sec):	0.000000
	Hold Time (sec):	0.000000
	Wait Time (sec):	1.000000

Secondary Source (VAR2):	OFF


   V1	   I1	Abs(I)	J (A\µm²)	Abs(J)
-5.000000E-1	-1.816180E-9	1.816180E-9	-4.624854E-11	4.624854E-11
-4.900000E-1	3.653600E-10	3.653600E-10	9.303794E-12	9.303794E-12
-4.800000E-1	1.424590E-9	1.424590E-9	3.627680E-11	3.627680E-11
-4.700000E-1	1.930480E-9	1.930480E-9	4.915915E-11	4.915915E-11
-4.600000E-1	2.308750E-9	2.308750E-9	5.879170E-11	5.879170E-11
-4.500000E-1	2.614200E-9	2.614200E-9	6.656990E-11	6.656990E-11
-4.400000E-1	2.903950E-9	2.903950E-9	7.394831E-11	7.394831E-11
-4.300000E-1	3.101690E-9	3.101690E-9	7.898370E-11	7.898370E-11
-4.200000E-1	3.337490E-9	3.337490E-9	8.498829E-11	8.498829E-11
-4.100000E-1	3.513270E-9	3.513270E-9	8.946448E-11	8.946448E-11
-4.000000E-1	3.721200E-9	3.721200E-9	9.475936E-11	9.475936E-11
-3.900000E-1	3.891890E-9	3.891890E-9	9.910593E-11	9.910593E-11
-3.800000E-1	4.033340E-9	4.033340E-9	1.027079E-10	1.027079E-10
-3.700000E-1	4.232120E-9	4.232120E-9	1.077698E-10	1.077698E-10
-3.600000E-1	4.399280E-9	4.399280E-9	1.120265E-10	1.120265E-10
-3.500000E-1	4.580260E-9	4.580260E-9	1.166351E-10	1.166351E-10
-3.400000E-1	4.710890E-9	4.710890E-9	1.199615E-10	1.199615E-10
-3.300000E-1	4.920630E-9	4.920630E-9	1.253025E-10	1.253025E-10
-3.200000E-1	5.092270E-9	5.092270E-9	1.296733E-10	1.296733E-10
-3.100000E-1	5.270170E-9	5.270170E-9	1.342035E-10	1.342035E-10
-3.000000E-1	5.425910E-9	5.425910E-9	1.381693E-10	1.381693E-10
-2.900000E-1	5.665650E-9	5.665650E-9	1.442743E-10	1.442743E-10
-2.800000E-1	5.866580E-9	5.866580E-9	1.493909E-10	1.493909E-10
-2.700000E-1	6.034310E-9	6.034310E-9	1.536621E-10	1.536621E-10
-2.600000E-1	6.263210E-9	6.263210E-9	1.594910E-10	1.594910E-10
-2.500000E-1	6.552320E-9	6.552320E-9	1.668531E-10	1.668531E-10
-2.400000E-1	6.712400E-9	6.712400E-9	1.709295E-10	1.709295E-10
-2.300000E-1	6.968840E-9	6.968840E-9	1.774596E-10	1.774596E-10
-2.200000E-1	7.254290E-9	7.254290E-9	1.847285E-10	1.847285E-10
-2.100000E-1	7.487040E-9	7.487040E-9	1.906555E-10	1.906555E-10
-2.000000E-1	7.882590E-9	7.882590E-9	2.007280E-10	2.007280E-10
-1.900000E-1	8.071620E-9	8.071620E-9	2.055416E-10	2.055416E-10
-1.800000E-1	8.302460E-9	8.302460E-9	2.114199E-10	2.114199E-10
-1.700000E-1	8.630010E-9	8.630010E-9	2.197609E-10	2.197609E-10
-1.600000E-1	8.904550E-9	8.904550E-9	2.267520E-10	2.267520E-10
-1.500000E-1	9.138600E-9	9.138600E-9	2.327120E-10	2.327120E-10
-1.400000E-1	9.583300E-9	9.583300E-9	2.440362E-10	2.440362E-10
-1.300000E-1	1.087580E-8	1.087580E-8	2.769493E-10	2.769493E-10
-1.200000E-1	1.137530E-8	1.137530E-8	2.896690E-10	2.896690E-10
-1.100000E-1	1.177960E-8	1.177960E-8	2.999643E-10	2.999643E-10
-1.000000E-1	1.218410E-8	1.218410E-8	3.102648E-10	3.102648E-10
-9.000000E-2	1.268690E-8	1.268690E-8	3.230685E-10	3.230685E-10
-8.000000E-2	1.310460E-8	1.310460E-8	3.337051E-10	3.337051E-10
-7.000000E-2	1.358780E-8	1.358780E-8	3.460097E-10	3.460097E-10
-6.000000E-2	1.386830E-8	1.386830E-8	3.531525E-10	3.531525E-10
-5.000000E-2	1.449210E-8	1.449210E-8	3.690374E-10	3.690374E-10
-4.000000E-2	1.500500E-8	1.500500E-8	3.820983E-10	3.820983E-10
-3.000000E-2	1.572700E-8	1.572700E-8	4.004838E-10	4.004838E-10
-2.000000E-2	1.614920E-8	1.614920E-8	4.112350E-10	4.112350E-10
-1.000000E-2	1.682070E-8	1.682070E-8	4.283346E-10	4.283346E-10
0.000000E+0	1.727720E-8	1.727720E-8	4.399593E-10	4.399593E-10
1.000000E-2	1.786050E-8	1.786050E-8	4.548128E-10	4.548128E-10
2.000000E-2	1.865050E-8	1.865050E-8	4.749300E-10	4.749300E-10
3.000000E-2	1.933770E-8	1.933770E-8	4.924293E-10	4.924293E-10
4.000000E-2	1.992300E-8	1.992300E-8	5.073338E-10	5.073338E-10
5.000000E-2	2.064560E-8	2.064560E-8	5.257347E-10	5.257347E-10
6.000000E-2	2.136350E-8	2.136350E-8	5.440158E-10	5.440158E-10
7.000000E-2	2.211930E-8	2.211930E-8	5.632620E-10	5.632620E-10
8.000000E-2	2.282950E-8	2.282950E-8	5.813471E-10	5.813471E-10
9.000000E-2	2.375880E-8	2.375880E-8	6.050115E-10	6.050115E-10
1.000000E-1	2.437570E-8	2.437570E-8	6.207206E-10	6.207206E-10
1.100000E-1	2.536310E-8	2.536310E-8	6.458645E-10	6.458645E-10
1.200000E-1	2.630110E-8	2.630110E-8	6.697504E-10	6.697504E-10
1.300000E-1	2.711180E-8	2.711180E-8	6.903947E-10	6.903947E-10
1.400000E-1	2.821790E-8	2.821790E-8	7.185612E-10	7.185612E-10
1.500000E-1	2.915530E-8	2.915530E-8	7.424319E-10	7.424319E-10
1.600000E-1	3.012640E-8	3.012640E-8	7.671607E-10	7.671607E-10
1.700000E-1	3.109730E-8	3.109730E-8	7.918844E-10	7.918844E-10
1.800000E-1	3.220060E-8	3.220060E-8	8.199796E-10	8.199796E-10
1.900000E-1	3.330700E-8	3.330700E-8	8.481538E-10	8.481538E-10
2.000000E-1	3.431780E-8	3.431780E-8	8.738935E-10	8.738935E-10
2.100000E-1	3.569020E-8	3.569020E-8	9.088413E-10	9.088413E-10
2.200000E-1	3.693360E-8	3.693360E-8	9.405042E-10	9.405042E-10
2.300000E-1	3.808140E-8	3.808140E-8	9.697326E-10	9.697326E-10
2.400000E-1	3.957690E-8	3.957690E-8	1.007815E-9	1.007815E-9
2.500000E-1	4.082450E-8	4.082450E-8	1.039585E-9	1.039585E-9
2.600000E-1	4.209550E-8	4.209550E-8	1.071951E-9	1.071951E-9
2.700000E-1	4.316130E-8	4.316130E-8	1.099091E-9	1.099091E-9
2.800000E-1	4.466580E-8	4.466580E-8	1.137403E-9	1.137403E-9
2.900000E-1	4.622660E-8	4.622660E-8	1.177148E-9	1.177148E-9
3.000000E-1	4.765400E-8	4.765400E-8	1.213496E-9	1.213496E-9
3.100000E-1	4.922110E-8	4.922110E-8	1.253402E-9	1.253402E-9
3.200000E-1	5.079890E-8	5.079890E-8	1.293580E-9	1.293580E-9
3.300000E-1	5.241820E-8	5.241820E-8	1.334815E-9	1.334815E-9
3.400000E-1	5.378610E-8	5.378610E-8	1.369649E-9	1.369649E-9
3.500000E-1	5.547830E-8	5.547830E-8	1.412740E-9	1.412740E-9
3.600000E-1	5.692270E-8	5.692270E-8	1.449521E-9	1.449521E-9
3.700000E-1	5.878680E-8	5.878680E-8	1.496990E-9	1.496990E-9
3.800000E-1	6.050940E-8	6.050940E-8	1.540856E-9	1.540856E-9
3.900000E-1	6.202850E-8	6.202850E-8	1.579539E-9	1.579539E-9
4.000000E-1	6.384930E-8	6.384930E-8	1.625905E-9	1.625905E-9
4.100000E-1	6.548650E-8	6.548650E-8	1.667596E-9	1.667596E-9
4.200000E-1	6.696810E-8	6.696810E-8	1.705325E-9	1.705325E-9
4.300000E-1	6.864460E-8	6.864460E-8	1.748016E-9	1.748016E-9
4.400000E-1	7.038440E-8	7.038440E-8	1.792320E-9	1.792320E-9
4.500000E-1	7.202720E-8	7.202720E-8	1.834153E-9	1.834153E-9
4.600000E-1	7.418110E-8	7.418110E-8	1.889002E-9	1.889002E-9
4.700000E-1	7.573850E-8	7.573850E-8	1.928661E-9	1.928661E-9
4.800000E-1	7.751440E-8	7.751440E-8	1.973883E-9	1.973883E-9
4.900000E-1	7.921550E-8	7.921550E-8	2.017201E-9	2.017201E-9
5.000000E-1	8.141390E-8	8.141390E-8	2.073183E-9	2.073183E-9
