

16:24:59	22/03/21


Ell Cont: 5,0x10,0

SMU1	V name:		V1
	I name:		I1
	Mode:		V
	Function:	VAR1
SMU2	V name:		V2
	I name:		I2
	Mode:		common
	Function:	const.
SMU3	off
SMU4	off
VMUs	off

Primary Source (VAR1):	single
	Sweep Spacing:	linear
	Start:		-0.500000
	Stop:		0.500000
	Step:		0.010000
	Compliance:	0.050000
Power Compliance OFF

Timing:		Integration Time:	medium
	Delay Time (sec):	0.000000
	Hold Time (sec):	0.000000
	Wait Time (sec):	1.000000

Secondary Source (VAR2):	OFF


   V1	   I1	Abs(I)	J (A\um²)	Abs(J)
-5.000000E-1	-2.567400E-9	2.567400E-9	-6.537815E-11	6.537815E-11
-4.900000E-1	2.606600E-10	2.606600E-10	6.637637E-12	6.637637E-12
-4.800000E-1	9.419100E-10	9.419100E-10	2.398548E-11	2.398548E-11
-4.700000E-1	1.181060E-9	1.181060E-9	3.007538E-11	3.007538E-11
-4.600000E-1	1.370200E-9	1.370200E-9	3.489177E-11	3.489177E-11
-4.500000E-1	1.512470E-9	1.512470E-9	3.851464E-11	3.851464E-11
-4.400000E-1	1.631760E-9	1.631760E-9	4.155233E-11	4.155233E-11
-4.300000E-1	1.730650E-9	1.730650E-9	4.407054E-11	4.407054E-11
-4.200000E-1	1.833660E-9	1.833660E-9	4.669366E-11	4.669366E-11
-4.100000E-1	1.928370E-9	1.928370E-9	4.910542E-11	4.910542E-11
-4.000000E-1	2.023040E-9	2.023040E-9	5.151617E-11	5.151617E-11
-3.900000E-1	2.112750E-9	2.112750E-9	5.380061E-11	5.380061E-11
-3.800000E-1	2.205110E-9	2.205110E-9	5.615253E-11	5.615253E-11
-3.700000E-1	2.303730E-9	2.303730E-9	5.866386E-11	5.866386E-11
-3.600000E-1	2.401050E-9	2.401050E-9	6.114209E-11	6.114209E-11
-3.500000E-1	2.505790E-9	2.505790E-9	6.380927E-11	6.380927E-11
-3.400000E-1	2.605900E-9	2.605900E-9	6.635854E-11	6.635854E-11
-3.300000E-1	2.726380E-9	2.726380E-9	6.942653E-11	6.942653E-11
-3.200000E-1	2.833570E-9	2.833570E-9	7.215610E-11	7.215610E-11
-3.100000E-1	2.967590E-9	2.967590E-9	7.556888E-11	7.556888E-11
-3.000000E-1	3.090950E-9	3.090950E-9	7.871021E-11	7.871021E-11
-2.900000E-1	3.233700E-9	3.233700E-9	8.234530E-11	8.234530E-11
-2.800000E-1	3.378710E-9	3.378710E-9	8.603794E-11	8.603794E-11
-2.700000E-1	3.533060E-9	3.533060E-9	8.996842E-11	8.996842E-11
-2.600000E-1	3.689180E-9	3.689180E-9	9.394398E-11	9.394398E-11
-2.500000E-1	3.862890E-9	3.862890E-9	9.836745E-11	9.836745E-11
-2.400000E-1	4.043200E-9	4.043200E-9	1.029590E-10	1.029590E-10
-2.300000E-1	4.245000E-9	4.245000E-9	1.080978E-10	1.080978E-10
-2.200000E-1	4.450170E-9	4.450170E-9	1.133224E-10	1.133224E-10
-2.100000E-1	4.670660E-9	4.670660E-9	1.189371E-10	1.189371E-10
-2.000000E-1	4.901720E-9	4.901720E-9	1.248210E-10	1.248210E-10
-1.900000E-1	5.142740E-9	5.142740E-9	1.309585E-10	1.309585E-10
-1.800000E-1	5.415700E-9	5.415700E-9	1.379093E-10	1.379093E-10
-1.700000E-1	5.687490E-9	5.687490E-9	1.448304E-10	1.448304E-10
-1.600000E-1	5.985850E-9	5.985850E-9	1.524281E-10	1.524281E-10
-1.500000E-1	6.302110E-9	6.302110E-9	1.604815E-10	1.604815E-10
-1.400000E-1	6.636480E-9	6.636480E-9	1.689962E-10	1.689962E-10
-1.300000E-1	6.991950E-9	6.991950E-9	1.780481E-10	1.780481E-10
-1.200000E-1	7.355850E-9	7.355850E-9	1.873147E-10	1.873147E-10
-1.100000E-1	7.763590E-9	7.763590E-9	1.976977E-10	1.976977E-10
-1.000000E-1	8.184010E-9	8.184010E-9	2.084036E-10	2.084036E-10
-9.000000E-2	8.629910E-9	8.629910E-9	2.197583E-10	2.197583E-10
-8.000000E-2	9.101310E-9	9.101310E-9	2.317624E-10	2.317624E-10
-7.000000E-2	9.682300E-9	9.682300E-9	2.465572E-10	2.465572E-10
-6.000000E-2	1.156350E-8	1.156350E-8	2.944614E-10	2.944614E-10
-5.000000E-2	1.236760E-8	1.236760E-8	3.149376E-10	3.149376E-10
-4.000000E-2	1.314710E-8	1.314710E-8	3.347874E-10	3.347874E-10
-3.000000E-2	1.395970E-8	1.395970E-8	3.554800E-10	3.554800E-10
-2.000000E-2	1.482740E-8	1.482740E-8	3.775758E-10	3.775758E-10
-1.000000E-2	1.573390E-8	1.573390E-8	4.006595E-10	4.006595E-10
0.000000E+0	1.670670E-8	1.670670E-8	4.254316E-10	4.254316E-10
1.000000E-2	1.775810E-8	1.775810E-8	4.522052E-10	4.522052E-10
2.000000E-2	1.889330E-8	1.889330E-8	4.811128E-10	4.811128E-10
3.000000E-2	2.007060E-8	2.007060E-8	5.110924E-10	5.110924E-10
4.000000E-2	2.137430E-8	2.137430E-8	5.442908E-10	5.442908E-10
5.000000E-2	2.272310E-8	2.272310E-8	5.786376E-10	5.786376E-10
6.000000E-2	2.414470E-8	2.414470E-8	6.148383E-10	6.148383E-10
7.000000E-2	2.570230E-8	2.570230E-8	6.545022E-10	6.545022E-10
8.000000E-2	2.729820E-8	2.729820E-8	6.951413E-10	6.951413E-10
9.000000E-2	2.905900E-8	2.905900E-8	7.399796E-10	7.399796E-10
1.000000E-1	3.087930E-8	3.087930E-8	7.863331E-10	7.863331E-10
1.100000E-1	3.282010E-8	3.282010E-8	8.357550E-10	8.357550E-10
1.200000E-1	3.484740E-8	3.484740E-8	8.873797E-10	8.873797E-10
1.300000E-1	3.702940E-8	3.702940E-8	9.429437E-10	9.429437E-10
1.400000E-1	3.929500E-8	3.929500E-8	1.000637E-9	1.000637E-9
1.500000E-1	4.170370E-8	4.170370E-8	1.061974E-9	1.061974E-9
1.600000E-1	4.423530E-8	4.423530E-8	1.126440E-9	1.126440E-9
1.700000E-1	4.688520E-8	4.688520E-8	1.193919E-9	1.193919E-9
1.800000E-1	4.969640E-8	4.969640E-8	1.265505E-9	1.265505E-9
1.900000E-1	5.260200E-8	5.260200E-8	1.339496E-9	1.339496E-9
2.000000E-1	5.568930E-8	5.568930E-8	1.418113E-9	1.418113E-9
2.100000E-1	5.888200E-8	5.888200E-8	1.499414E-9	1.499414E-9
2.200000E-1	6.225490E-8	6.225490E-8	1.585304E-9	1.585304E-9
2.300000E-1	6.574600E-8	6.574600E-8	1.674204E-9	1.674204E-9
2.400000E-1	6.761660E-8	6.761660E-8	1.721839E-9	1.721839E-9
2.500000E-1	6.998140E-8	6.998140E-8	1.782058E-9	1.782058E-9
2.600000E-1	7.234410E-8	7.234410E-8	1.842223E-9	1.842223E-9
2.700000E-1	7.468920E-8	7.468920E-8	1.901940E-9	1.901940E-9
2.800000E-1	7.700200E-8	7.700200E-8	1.960835E-9	1.960835E-9
2.900000E-1	7.933980E-8	7.933980E-8	2.020367E-9	2.020367E-9
3.000000E-1	8.163890E-8	8.163890E-8	2.078913E-9	2.078913E-9
3.100000E-1	8.395980E-8	8.395980E-8	2.138014E-9	2.138014E-9
3.200000E-1	8.619800E-8	8.619800E-8	2.195009E-9	2.195009E-9
3.300000E-1	8.848280E-8	8.848280E-8	2.253191E-9	2.253191E-9
3.400000E-1	9.067370E-8	9.067370E-8	2.308981E-9	2.308981E-9
3.500000E-1	9.287100E-8	9.287100E-8	2.364935E-9	2.364935E-9
3.600000E-1	9.499860E-8	9.499860E-8	2.419114E-9	2.419114E-9
3.700000E-1	9.712200E-8	9.712200E-8	2.473186E-9	2.473186E-9
3.800000E-1	9.933100E-8	9.933100E-8	2.529437E-9	2.529437E-9
3.900000E-1	1.042030E-7	1.042030E-7	2.653501E-9	2.653501E-9
4.000000E-1	1.086210E-7	1.086210E-7	2.766005E-9	2.766005E-9
4.100000E-1	1.131820E-7	1.131820E-7	2.882149E-9	2.882149E-9
4.200000E-1	1.179430E-7	1.179430E-7	3.003387E-9	3.003387E-9
4.300000E-1	1.227860E-7	1.227860E-7	3.126712E-9	3.126712E-9
4.400000E-1	1.277920E-7	1.277920E-7	3.254189E-9	3.254189E-9
4.500000E-1	1.328470E-7	1.328470E-7	3.382913E-9	3.382913E-9
4.600000E-1	1.380440E-7	1.380440E-7	3.515253E-9	3.515253E-9
4.700000E-1	1.432590E-7	1.432590E-7	3.648052E-9	3.648052E-9
4.800000E-1	1.485970E-7	1.485970E-7	3.783983E-9	3.783983E-9
4.900000E-1	1.539880E-7	1.539880E-7	3.921263E-9	3.921263E-9
5.000000E-1	1.593250E-7	1.593250E-7	4.057168E-9	4.057168E-9
