

16:36:10	22/03/21


Ell Cont: 5,0x10,0

SMU1	V name:		V1
	I name:		I1
	Mode:		V
	Function:	VAR1
SMU2	V name:		V2
	I name:		I2
	Mode:		common
	Function:	const.
SMU3	off
SMU4	off
VMUs	off

Primary Source (VAR1):	single
	Sweep Spacing:	linear
	Start:		-0.500000
	Stop:		0.500000
	Step:		0.010000
	Compliance:	0.050000
Power Compliance OFF

Timing:		Integration Time:	medium
	Delay Time (sec):	0.000000
	Hold Time (sec):	0.000000
	Wait Time (sec):	1.000000

Secondary Source (VAR2):	OFF


   V1	   I1	Abs(I)	J (A\µm²)	Abs(J)
-5.000000E-1	-1.324250E-9	1.324250E-9	-3.372167E-11	3.372167E-11
-4.900000E-1	4.280000E-11	4.280000E-11	1.089890E-12	1.089890E-12
-4.800000E-1	5.708300E-10	5.708300E-10	1.453603E-11	1.453603E-11
-4.700000E-1	8.839300E-10	8.839300E-10	2.250904E-11	2.250904E-11
-4.600000E-1	1.006440E-9	1.006440E-9	2.562872E-11	2.562872E-11
-4.500000E-1	1.171270E-9	1.171270E-9	2.982608E-11	2.982608E-11
-4.400000E-1	1.248630E-9	1.248630E-9	3.179603E-11	3.179603E-11
-4.300000E-1	1.350290E-9	1.350290E-9	3.438477E-11	3.438477E-11
-4.200000E-1	1.450590E-9	1.450590E-9	3.693888E-11	3.693888E-11
-4.100000E-1	1.520030E-9	1.520030E-9	3.870716E-11	3.870716E-11
-4.000000E-1	1.585970E-9	1.585970E-9	4.038630E-11	4.038630E-11
-3.900000E-1	1.662460E-9	1.662460E-9	4.233410E-11	4.233410E-11
-3.800000E-1	1.718100E-9	1.718100E-9	4.375095E-11	4.375095E-11
-3.700000E-1	1.781240E-9	1.781240E-9	4.535880E-11	4.535880E-11
-3.600000E-1	1.841200E-9	1.841200E-9	4.688566E-11	4.688566E-11
-3.500000E-1	1.902880E-9	1.902880E-9	4.845633E-11	4.845633E-11
-3.400000E-1	1.976910E-9	1.976910E-9	5.034148E-11	5.034148E-11
-3.300000E-1	2.042490E-9	2.042490E-9	5.201146E-11	5.201146E-11
-3.200000E-1	2.099580E-9	2.099580E-9	5.346524E-11	5.346524E-11
-3.100000E-1	2.161260E-9	2.161260E-9	5.503590E-11	5.503590E-11
-3.000000E-1	2.231320E-9	2.231320E-9	5.681996E-11	5.681996E-11
-2.900000E-1	2.295750E-9	2.295750E-9	5.846066E-11	5.846066E-11
-2.800000E-1	2.357490E-9	2.357490E-9	6.003285E-11	6.003285E-11
-2.700000E-1	2.434140E-9	2.434140E-9	6.198472E-11	6.198472E-11
-2.600000E-1	2.508370E-9	2.508370E-9	6.387497E-11	6.387497E-11
-2.500000E-1	2.579050E-9	2.579050E-9	6.567481E-11	6.567481E-11
-2.400000E-1	2.666270E-9	2.666270E-9	6.789585E-11	6.789585E-11
-2.300000E-1	2.739440E-9	2.739440E-9	6.975910E-11	6.975910E-11
-2.200000E-1	2.821940E-9	2.821940E-9	7.185994E-11	7.185994E-11
-2.100000E-1	2.902050E-9	2.902050E-9	7.389992E-11	7.389992E-11
-2.000000E-1	2.989910E-9	2.989910E-9	7.613725E-11	7.613725E-11
-1.900000E-1	3.079750E-9	3.079750E-9	7.842501E-11	7.842501E-11
-1.800000E-1	3.172080E-9	3.172080E-9	8.077616E-11	8.077616E-11
-1.700000E-1	3.268500E-9	3.268500E-9	8.323147E-11	8.323147E-11
-1.600000E-1	3.373150E-9	3.373150E-9	8.589636E-11	8.589636E-11
-1.500000E-1	3.474170E-9	3.474170E-9	8.846880E-11	8.846880E-11
-1.400000E-1	3.576710E-9	3.576710E-9	9.107996E-11	9.107996E-11
-1.300000E-1	3.702520E-9	3.702520E-9	9.428368E-11	9.428368E-11
-1.200000E-1	3.808610E-9	3.808610E-9	9.698523E-11	9.698523E-11
-1.100000E-1	3.924200E-9	3.924200E-9	9.992870E-11	9.992870E-11
-1.000000E-1	4.051000E-9	4.051000E-9	1.031576E-10	1.031576E-10
-9.000000E-2	4.192700E-9	4.192700E-9	1.067660E-10	1.067660E-10
-8.000000E-2	4.314260E-9	4.314260E-9	1.098615E-10	1.098615E-10
-7.000000E-2	4.457000E-9	4.457000E-9	1.134963E-10	1.134963E-10
-6.000000E-2	4.601400E-9	4.601400E-9	1.171734E-10	1.171734E-10
-5.000000E-2	4.753440E-9	4.753440E-9	1.210451E-10	1.210451E-10
-4.000000E-2	4.908760E-9	4.908760E-9	1.250003E-10	1.250003E-10
-3.000000E-2	5.075210E-9	5.075210E-9	1.292389E-10	1.292389E-10
-2.000000E-2	5.012850E-9	5.012850E-9	1.276509E-10	1.276509E-10
-1.000000E-2	5.324270E-9	5.324270E-9	1.355811E-10	1.355811E-10
0.000000E+0	5.318470E-9	5.318470E-9	1.354334E-10	1.354334E-10
1.000000E-2	5.648660E-9	5.648660E-9	1.438416E-10	1.438416E-10
2.000000E-2	5.666160E-9	5.666160E-9	1.442872E-10	1.442872E-10
3.000000E-2	5.811420E-9	5.811420E-9	1.479862E-10	1.479862E-10
4.000000E-2	5.973360E-9	5.973360E-9	1.521100E-10	1.521100E-10
5.000000E-2	6.128850E-9	6.128850E-9	1.560695E-10	1.560695E-10
6.000000E-2	6.318260E-9	6.318260E-9	1.608928E-10	1.608928E-10
7.000000E-2	6.495890E-9	6.495890E-9	1.654161E-10	1.654161E-10
8.000000E-2	6.677310E-9	6.677310E-9	1.700359E-10	1.700359E-10
9.000000E-2	6.863780E-9	6.863780E-9	1.747843E-10	1.747843E-10
1.000000E-1	7.049570E-9	7.049570E-9	1.795154E-10	1.795154E-10
1.100000E-1	7.239150E-9	7.239150E-9	1.843430E-10	1.843430E-10
1.200000E-1	7.456200E-9	7.456200E-9	1.898701E-10	1.898701E-10
1.300000E-1	7.649040E-9	7.649040E-9	1.947807E-10	1.947807E-10
1.400000E-1	7.857590E-9	7.857590E-9	2.000914E-10	2.000914E-10
1.500000E-1	8.063950E-9	8.063950E-9	2.053463E-10	2.053463E-10
1.600000E-1	8.276570E-9	8.276570E-9	2.107606E-10	2.107606E-10
1.700000E-1	8.487220E-9	8.487220E-9	2.161248E-10	2.161248E-10
1.800000E-1	8.695430E-9	8.695430E-9	2.214268E-10	2.214268E-10
1.900000E-1	8.911900E-9	8.911900E-9	2.269391E-10	2.269391E-10
2.000000E-1	9.132250E-9	9.132250E-9	2.325503E-10	2.325503E-10
2.100000E-1	9.350810E-9	9.350810E-9	2.381159E-10	2.381159E-10
2.200000E-1	9.618900E-9	9.618900E-9	2.449427E-10	2.449427E-10
2.300000E-1	1.040960E-8	1.040960E-8	2.650777E-10	2.650777E-10
2.400000E-1	1.080800E-8	1.080800E-8	2.752228E-10	2.752228E-10
2.500000E-1	1.117540E-8	1.117540E-8	2.845786E-10	2.845786E-10
2.600000E-1	1.156440E-8	1.156440E-8	2.944843E-10	2.944843E-10
2.700000E-1	1.196340E-8	1.196340E-8	3.046448E-10	3.046448E-10
2.800000E-1	1.236880E-8	1.236880E-8	3.149682E-10	3.149682E-10
2.900000E-1	1.278700E-8	1.278700E-8	3.256175E-10	3.256175E-10
3.000000E-1	1.321540E-8	1.321540E-8	3.365266E-10	3.365266E-10
3.100000E-1	1.366340E-8	1.366340E-8	3.479348E-10	3.479348E-10
3.200000E-1	1.412460E-8	1.412460E-8	3.596791E-10	3.596791E-10
3.300000E-1	1.459660E-8	1.459660E-8	3.716985E-10	3.716985E-10
3.400000E-1	1.508100E-8	1.508100E-8	3.840336E-10	3.840336E-10
3.500000E-1	1.558500E-8	1.558500E-8	3.968678E-10	3.968678E-10
3.600000E-1	1.608900E-8	1.608900E-8	4.097021E-10	4.097021E-10
3.700000E-1	1.661300E-8	1.661300E-8	4.230456E-10	4.230456E-10
3.800000E-1	1.715260E-8	1.715260E-8	4.367863E-10	4.367863E-10
3.900000E-1	1.768860E-8	1.768860E-8	4.504354E-10	4.504354E-10
4.000000E-1	1.824290E-8	1.824290E-8	4.645505E-10	4.645505E-10
4.100000E-1	1.880860E-8	1.880860E-8	4.789559E-10	4.789559E-10
4.200000E-1	1.938830E-8	1.938830E-8	4.937178E-10	4.937178E-10
4.300000E-1	1.996400E-8	1.996400E-8	5.083779E-10	5.083779E-10
4.400000E-1	2.056170E-8	2.056170E-8	5.235982E-10	5.235982E-10
4.500000E-1	2.115420E-8	2.115420E-8	5.386860E-10	5.386860E-10
4.600000E-1	2.177500E-8	2.177500E-8	5.544945E-10	5.544945E-10
4.700000E-1	2.238080E-8	2.238080E-8	5.699211E-10	5.699211E-10
4.800000E-1	2.300430E-8	2.300430E-8	5.857983E-10	5.857983E-10
4.900000E-1	2.363550E-8	2.363550E-8	6.018717E-10	6.018717E-10
5.000000E-1	2.426240E-8	2.426240E-8	6.178355E-10	6.178355E-10
