

16:25:46	22/03/21


Ell Cont: 5,0x10,0

SMU1	V name:		V1
	I name:		I1
	Mode:		V
	Function:	VAR1
SMU2	V name:		V2
	I name:		I2
	Mode:		common
	Function:	const.
SMU3	off
SMU4	off
VMUs	off

Primary Source (VAR1):	single
	Sweep Spacing:	linear
	Start:		-0.500000
	Stop:		0.500000
	Step:		0.010000
	Compliance:	0.050000
Power Compliance OFF

Timing:		Integration Time:	medium
	Delay Time (sec):	0.000000
	Hold Time (sec):	0.000000
	Wait Time (sec):	1.000000

Secondary Source (VAR2):	OFF


   V1	   I1	Abs(I)	J (A\µm²)	Abs(J)
-5.000000E-1	-3.221730E-9	3.221730E-9	-8.204049E-11	8.204049E-11
-4.900000E-1	5.755000E-10	5.755000E-10	1.465495E-11	1.465495E-11
-4.800000E-1	1.529510E-9	1.529510E-9	3.894856E-11	3.894856E-11
-4.700000E-1	1.877820E-9	1.877820E-9	4.781818E-11	4.781818E-11
-4.600000E-1	2.156360E-9	2.156360E-9	5.491113E-11	5.491113E-11
-4.500000E-1	2.360470E-9	2.360470E-9	6.010873E-11	6.010873E-11
-4.400000E-1	2.553090E-9	2.553090E-9	6.501375E-11	6.501375E-11
-4.300000E-1	2.713030E-9	2.713030E-9	6.908658E-11	6.908658E-11
-4.200000E-1	2.857950E-9	2.857950E-9	7.277693E-11	7.277693E-11
-4.100000E-1	3.004840E-9	3.004840E-9	7.651744E-11	7.651744E-11
-4.000000E-1	3.147510E-9	3.147510E-9	8.015050E-11	8.015050E-11
-3.900000E-1	3.285180E-9	3.285180E-9	8.365623E-11	8.365623E-11
-3.800000E-1	3.428520E-9	3.428520E-9	8.730634E-11	8.730634E-11
-3.700000E-1	3.571510E-9	3.571510E-9	9.094754E-11	9.094754E-11
-3.600000E-1	3.731690E-9	3.731690E-9	9.502648E-11	9.502648E-11
-3.500000E-1	3.894620E-9	3.894620E-9	9.917545E-11	9.917545E-11
-3.400000E-1	4.066910E-9	4.066910E-9	1.035628E-10	1.035628E-10
-3.300000E-1	4.229300E-9	4.229300E-9	1.076980E-10	1.076980E-10
-3.200000E-1	4.410960E-9	4.410960E-9	1.123239E-10	1.123239E-10
-3.100000E-1	4.602780E-9	4.602780E-9	1.172086E-10	1.172086E-10
-3.000000E-1	4.808260E-9	4.808260E-9	1.224410E-10	1.224410E-10
-2.900000E-1	5.023470E-9	5.023470E-9	1.279213E-10	1.279213E-10
-2.800000E-1	5.250290E-9	5.250290E-9	1.336972E-10	1.336972E-10
-2.700000E-1	5.493580E-9	5.493580E-9	1.398925E-10	1.398925E-10
-2.600000E-1	5.751520E-9	5.751520E-9	1.464609E-10	1.464609E-10
-2.500000E-1	6.024000E-9	6.024000E-9	1.533995E-10	1.533995E-10
-2.400000E-1	6.296320E-9	6.296320E-9	1.603341E-10	1.603341E-10
-2.300000E-1	6.610770E-9	6.610770E-9	1.683415E-10	1.683415E-10
-2.200000E-1	6.946630E-9	6.946630E-9	1.768941E-10	1.768941E-10
-2.100000E-1	7.282830E-9	7.282830E-9	1.854553E-10	1.854553E-10
-2.000000E-1	7.650890E-9	7.650890E-9	1.948279E-10	1.948279E-10
-1.900000E-1	8.031730E-9	8.031730E-9	2.045258E-10	2.045258E-10
-1.800000E-1	8.437550E-9	8.437550E-9	2.148599E-10	2.148599E-10
-1.700000E-1	8.869170E-9	8.869170E-9	2.258510E-10	2.258510E-10
-1.600000E-1	9.417700E-9	9.417700E-9	2.398192E-10	2.398192E-10
-1.500000E-1	1.156690E-8	1.156690E-8	2.945480E-10	2.945480E-10
-1.400000E-1	1.235530E-8	1.235530E-8	3.146244E-10	3.146244E-10
-1.300000E-1	1.314140E-8	1.314140E-8	3.346422E-10	3.346422E-10
-1.200000E-1	1.390660E-8	1.390660E-8	3.541278E-10	3.541278E-10
-1.100000E-1	1.475770E-8	1.475770E-8	3.758009E-10	3.758009E-10
-1.000000E-1	1.561900E-8	1.561900E-8	3.977336E-10	3.977336E-10
-9.000000E-2	1.655740E-8	1.655740E-8	4.216297E-10	4.216297E-10
-8.000000E-2	1.753430E-8	1.753430E-8	4.465062E-10	4.465062E-10
-7.000000E-2	1.858880E-8	1.858880E-8	4.733588E-10	4.733588E-10
-6.000000E-2	1.968020E-8	1.968020E-8	5.011510E-10	5.011510E-10
-5.000000E-2	2.089390E-8	2.089390E-8	5.320575E-10	5.320575E-10
-4.000000E-2	2.213880E-8	2.213880E-8	5.637586E-10	5.637586E-10
-3.000000E-2	2.351250E-8	2.351250E-8	5.987395E-10	5.987395E-10
-2.000000E-2	2.495500E-8	2.495500E-8	6.354724E-10	6.354724E-10
-1.000000E-2	2.647910E-8	2.647910E-8	6.742832E-10	6.742832E-10
0.000000E+0	2.810010E-8	2.810010E-8	7.155615E-10	7.155615E-10
1.000000E-2	2.983960E-8	2.983960E-8	7.598574E-10	7.598574E-10
2.000000E-2	3.170500E-8	3.170500E-8	8.073593E-10	8.073593E-10
3.000000E-2	3.366050E-8	3.366050E-8	8.571556E-10	8.571556E-10
4.000000E-2	3.575790E-8	3.575790E-8	9.105653E-10	9.105653E-10
5.000000E-2	3.800300E-8	3.800300E-8	9.677362E-10	9.677362E-10
6.000000E-2	4.033380E-8	4.033380E-8	1.027089E-9	1.027089E-9
7.000000E-2	4.175360E-8	4.175360E-8	1.063244E-9	1.063244E-9
8.000000E-2	4.346130E-8	4.346130E-8	1.106730E-9	1.106730E-9
9.000000E-2	4.552690E-8	4.552690E-8	1.159330E-9	1.159330E-9
1.000000E-1	4.766450E-8	4.766450E-8	1.213764E-9	1.213764E-9
1.100000E-1	4.992960E-8	4.992960E-8	1.271444E-9	1.271444E-9
1.200000E-1	5.228690E-8	5.228690E-8	1.331472E-9	1.331472E-9
1.300000E-1	5.478380E-8	5.478380E-8	1.395055E-9	1.395055E-9
1.400000E-1	5.737510E-8	5.737510E-8	1.461041E-9	1.461041E-9
1.500000E-1	6.011480E-8	6.011480E-8	1.530807E-9	1.530807E-9
1.600000E-1	6.296450E-8	6.296450E-8	1.603374E-9	1.603374E-9
1.700000E-1	6.589280E-8	6.589280E-8	1.677942E-9	1.677942E-9
1.800000E-1	6.895900E-8	6.895900E-8	1.756022E-9	1.756022E-9
1.900000E-1	7.208420E-8	7.208420E-8	1.835605E-9	1.835605E-9
2.000000E-1	7.533350E-8	7.533350E-8	1.918347E-9	1.918347E-9
2.100000E-1	7.862670E-8	7.862670E-8	2.002208E-9	2.002208E-9
2.200000E-1	8.204180E-8	8.204180E-8	2.089172E-9	2.089172E-9
2.300000E-1	8.546590E-8	8.546590E-8	2.176366E-9	2.176366E-9
2.400000E-1	8.895740E-8	8.895740E-8	2.265276E-9	2.265276E-9
2.500000E-1	9.243760E-8	9.243760E-8	2.353899E-9	2.353899E-9
2.600000E-1	9.599430E-8	9.599430E-8	2.444469E-9	2.444469E-9
2.700000E-1	9.971500E-8	9.971500E-8	2.539216E-9	2.539216E-9
2.800000E-1	1.059240E-7	1.059240E-7	2.697326E-9	2.697326E-9
2.900000E-1	1.115190E-7	1.115190E-7	2.839801E-9	2.839801E-9
3.000000E-1	1.173600E-7	1.173600E-7	2.988541E-9	2.988541E-9
3.100000E-1	1.235390E-7	1.235390E-7	3.145887E-9	3.145887E-9
3.200000E-1	1.299050E-7	1.299050E-7	3.307996E-9	3.307996E-9
3.300000E-1	1.365860E-7	1.365860E-7	3.478126E-9	3.478126E-9
3.400000E-1	1.434360E-7	1.434360E-7	3.652559E-9	3.652559E-9
3.500000E-1	1.505560E-7	1.505560E-7	3.833868E-9	3.833868E-9
3.600000E-1	1.578050E-7	1.578050E-7	4.018462E-9	4.018462E-9
3.700000E-1	1.653380E-7	1.653380E-7	4.210288E-9	4.210288E-9
3.800000E-1	1.730360E-7	1.730360E-7	4.406315E-9	4.406315E-9
3.900000E-1	1.808040E-7	1.808040E-7	4.604125E-9	4.604125E-9
4.000000E-1	1.887720E-7	1.887720E-7	4.807028E-9	4.807028E-9
4.100000E-1	1.967660E-7	1.967660E-7	5.010593E-9	5.010593E-9
4.200000E-1	2.049560E-7	2.049560E-7	5.219149E-9	5.219149E-9
4.300000E-1	2.131110E-7	2.131110E-7	5.426814E-9	5.426814E-9
4.400000E-1	2.214020E-7	2.214020E-7	5.637942E-9	5.637942E-9
4.500000E-1	2.296140E-7	2.296140E-7	5.847059E-9	5.847059E-9
4.600000E-1	2.379350E-7	2.379350E-7	6.058951E-9	6.058951E-9
4.700000E-1	2.461270E-7	2.461270E-7	6.267558E-9	6.267558E-9
4.800000E-1	2.544060E-7	2.544060E-7	6.478380E-9	6.478380E-9
4.900000E-1	2.626040E-7	2.626040E-7	6.687140E-9	6.687140E-9
5.000000E-1	2.706180E-7	2.706180E-7	6.891215E-9	6.891215E-9
