

16:37:52	22/03/21


Ell Cont: 5,0x10,0

SMU1	V name:		V1
	I name:		I1
	Mode:		V
	Function:	VAR1
SMU2	V name:		V2
	I name:		I2
	Mode:		common
	Function:	const.
SMU3	off
SMU4	off
VMUs	off

Primary Source (VAR1):	single
	Sweep Spacing:	linear
	Start:		-0.500000
	Stop:		0.500000
	Step:		0.010000
	Compliance:	0.050000
Power Compliance OFF

Timing:		Integration Time:	medium
	Delay Time (sec):	0.000000
	Hold Time (sec):	0.000000
	Wait Time (sec):	1.000000

Secondary Source (VAR2):	OFF


   V1	   I1	Abs(I)	J (A\µm²)	Abs(J)
-5.000000E-1	-1.196810E-8	1.196810E-8	-3.047644E-10	3.047644E-10
-4.900000E-1	-6.751400E-9	6.751400E-9	-1.719226E-10	1.719226E-10
-4.800000E-1	-4.630440E-9	4.630440E-9	-1.179129E-10	1.179129E-10
-4.700000E-1	-3.363710E-9	3.363710E-9	-8.565597E-11	8.565597E-11
-4.600000E-1	-2.487390E-9	2.487390E-9	-6.334072E-11	6.334072E-11
-4.500000E-1	-1.859830E-9	1.859830E-9	-4.736007E-11	4.736007E-11
-4.400000E-1	-1.575650E-9	1.575650E-9	-4.012350E-11	4.012350E-11
-4.300000E-1	-1.173110E-9	1.173110E-9	-2.987293E-11	2.987293E-11
-4.200000E-1	-8.946800E-10	8.946800E-10	-2.278279E-11	2.278279E-11
-4.100000E-1	-6.578900E-10	6.578900E-10	-1.675299E-11	1.675299E-11
-4.000000E-1	-4.781600E-10	4.781600E-10	-1.217622E-11	1.217622E-11
-3.900000E-1	-3.812100E-10	3.812100E-10	-9.707410E-12	9.707410E-12
-3.800000E-1	-2.400200E-10	2.400200E-10	-6.112045E-12	6.112045E-12
-3.700000E-1	-1.322900E-10	1.322900E-10	-3.368729E-12	3.368729E-12
-3.600000E-1	-3.729000E-11	3.729000E-11	-9.495798E-13	9.495798E-13
-3.500000E-1	6.279000E-11	6.279000E-11	1.598930E-12	1.598930E-12
-3.400000E-1	1.337700E-10	1.337700E-10	3.406417E-12	3.406417E-12
-3.300000E-1	2.096200E-10	2.096200E-10	5.337917E-12	5.337917E-12
-3.200000E-1	2.811800E-10	2.811800E-10	7.160173E-12	7.160173E-12
-3.100000E-1	3.373200E-10	3.373200E-10	8.589763E-12	8.589763E-12
-3.000000E-1	3.966700E-10	3.966700E-10	1.010109E-11	1.010109E-11
-2.900000E-1	5.452500E-10	5.452500E-10	1.388464E-11	1.388464E-11
-2.800000E-1	5.710400E-10	5.710400E-10	1.454138E-11	1.454138E-11
-2.700000E-1	6.407300E-10	6.407300E-10	1.631602E-11	1.631602E-11
-2.600000E-1	6.998000E-10	6.998000E-10	1.782022E-11	1.782022E-11
-2.500000E-1	7.553200E-10	7.553200E-10	1.923402E-11	1.923402E-11
-2.400000E-1	8.268600E-10	8.268600E-10	2.105577E-11	2.105577E-11
-2.300000E-1	8.728200E-10	8.728200E-10	2.222613E-11	2.222613E-11
-2.200000E-1	9.517000E-10	9.517000E-10	2.423478E-11	2.423478E-11
-2.100000E-1	1.016920E-9	1.016920E-9	2.589559E-11	2.589559E-11
-2.000000E-1	1.087210E-9	1.087210E-9	2.768551E-11	2.768551E-11
-1.900000E-1	1.147230E-9	1.147230E-9	2.921390E-11	2.921390E-11
-1.800000E-1	1.216870E-9	1.216870E-9	3.098727E-11	3.098727E-11
-1.700000E-1	1.292970E-9	1.292970E-9	3.292513E-11	3.292513E-11
-1.600000E-1	1.372560E-9	1.372560E-9	3.495187E-11	3.495187E-11
-1.500000E-1	1.447560E-9	1.447560E-9	3.686173E-11	3.686173E-11
-1.400000E-1	1.527280E-9	1.527280E-9	3.889177E-11	3.889177E-11
-1.300000E-1	1.610930E-9	1.610930E-9	4.102190E-11	4.102190E-11
-1.200000E-1	1.698510E-9	1.698510E-9	4.325210E-11	4.325210E-11
-1.100000E-1	1.792300E-9	1.792300E-9	4.564044E-11	4.564044E-11
-1.000000E-1	1.891380E-9	1.891380E-9	4.816348E-11	4.816348E-11
-9.000000E-2	1.992300E-9	1.992300E-9	5.073338E-11	5.073338E-11
-8.000000E-2	2.099810E-9	2.099810E-9	5.347110E-11	5.347110E-11
-7.000000E-2	2.206190E-9	2.206190E-9	5.618003E-11	5.618003E-11
-6.000000E-2	2.346640E-9	2.346640E-9	5.975656E-11	5.975656E-11
-5.000000E-2	2.473040E-9	2.473040E-9	6.297530E-11	6.297530E-11
-4.000000E-2	2.610830E-9	2.610830E-9	6.648408E-11	6.648408E-11
-3.000000E-2	2.761270E-9	2.761270E-9	7.031500E-11	7.031500E-11
-2.000000E-2	2.912100E-9	2.912100E-9	7.415584E-11	7.415584E-11
-1.000000E-2	3.086210E-9	3.086210E-9	7.858951E-11	7.858951E-11
0.000000E+0	3.276680E-9	3.276680E-9	8.343977E-11	8.343977E-11
1.000000E-2	3.481600E-9	3.481600E-9	8.865801E-11	8.865801E-11
2.000000E-2	3.707230E-9	3.707230E-9	9.440361E-11	9.440361E-11
3.000000E-2	3.945720E-9	3.945720E-9	1.004767E-10	1.004767E-10
4.000000E-2	4.208750E-9	4.208750E-9	1.071747E-10	1.071747E-10
5.000000E-2	4.480390E-9	4.480390E-9	1.140919E-10	1.140919E-10
6.000000E-2	4.770410E-9	4.770410E-9	1.214772E-10	1.214772E-10
7.000000E-2	5.094940E-9	5.094940E-9	1.297413E-10	1.297413E-10
8.000000E-2	5.426040E-9	5.426040E-9	1.381726E-10	1.381726E-10
9.000000E-2	5.803380E-9	5.803380E-9	1.477815E-10	1.477815E-10
1.000000E-1	6.179200E-9	6.179200E-9	1.573517E-10	1.573517E-10
1.100000E-1	6.593310E-9	6.593310E-9	1.678969E-10	1.678969E-10
1.200000E-1	7.028930E-9	7.028930E-9	1.789898E-10	1.789898E-10
1.300000E-1	7.493390E-9	7.493390E-9	1.908172E-10	1.908172E-10
1.400000E-1	7.975110E-9	7.975110E-9	2.030840E-10	2.030840E-10
1.500000E-1	8.483410E-9	8.483410E-9	2.160278E-10	2.160278E-10
1.600000E-1	9.028680E-9	9.028680E-9	2.299129E-10	2.299129E-10
1.700000E-1	9.641200E-9	9.641200E-9	2.455106E-10	2.455106E-10
1.800000E-1	1.152130E-8	1.152130E-8	2.933868E-10	2.933868E-10
1.900000E-1	1.237290E-8	1.237290E-8	3.150726E-10	3.150726E-10
2.000000E-1	1.321810E-8	1.321810E-8	3.365954E-10	3.365954E-10
2.100000E-1	1.408010E-8	1.408010E-8	3.585460E-10	3.585460E-10
2.200000E-1	1.499510E-8	1.499510E-8	3.818462E-10	3.818462E-10
2.300000E-1	1.594150E-8	1.594150E-8	4.059460E-10	4.059460E-10
2.400000E-1	1.697150E-8	1.697150E-8	4.321747E-10	4.321747E-10
2.500000E-1	1.804450E-8	1.804450E-8	4.594983E-10	4.594983E-10
2.600000E-1	1.919740E-8	1.919740E-8	4.888566E-10	4.888566E-10
2.700000E-1	2.041060E-8	2.041060E-8	5.197504E-10	5.197504E-10
2.800000E-1	2.167420E-8	2.167420E-8	5.519277E-10	5.519277E-10
2.900000E-1	2.302810E-8	2.302810E-8	5.864044E-10	5.864044E-10
3.000000E-1	2.442600E-8	2.442600E-8	6.220015E-10	6.220015E-10
3.100000E-1	2.591150E-8	2.591150E-8	6.598294E-10	6.598294E-10
3.200000E-1	2.744380E-8	2.744380E-8	6.988490E-10	6.988490E-10
3.300000E-1	2.905700E-8	2.905700E-8	7.399287E-10	7.399287E-10
3.400000E-1	3.071880E-8	3.071880E-8	7.822460E-10	7.822460E-10
3.500000E-1	3.246860E-8	3.246860E-8	8.268042E-10	8.268042E-10
3.600000E-1	3.425200E-8	3.425200E-8	8.722180E-10	8.722180E-10
3.700000E-1	3.613510E-8	3.613510E-8	9.201706E-10	9.201706E-10
3.800000E-1	3.807830E-8	3.807830E-8	9.696537E-10	9.696537E-10
3.900000E-1	4.008180E-8	4.008180E-8	1.020672E-9	1.020672E-9
4.000000E-1	4.215330E-8	4.215330E-8	1.073422E-9	1.073422E-9
4.100000E-1	4.427440E-8	4.427440E-8	1.127436E-9	1.127436E-9
4.200000E-1	4.650890E-8	4.650890E-8	1.184337E-9	1.184337E-9
4.300000E-1	4.876820E-8	4.876820E-8	1.241869E-9	1.241869E-9
4.400000E-1	5.111580E-8	5.111580E-8	1.301650E-9	1.301650E-9
4.500000E-1	5.351910E-8	5.351910E-8	1.362849E-9	1.362849E-9
4.600000E-1	5.601700E-8	5.601700E-8	1.426458E-9	1.426458E-9
4.700000E-1	5.855680E-8	5.855680E-8	1.491133E-9	1.491133E-9
4.800000E-1	6.119060E-8	6.119060E-8	1.558202E-9	1.558202E-9
4.900000E-1	6.388410E-8	6.388410E-8	1.626791E-9	1.626791E-9
5.000000E-1	6.660430E-8	6.660430E-8	1.696061E-9	1.696061E-9
