

16:29:32	22/03/21


Ell Cont: 5,0x10,0

SMU1	V name:		V1
	I name:		I1
	Mode:		V
	Function:	VAR1
SMU2	V name:		V2
	I name:		I2
	Mode:		common
	Function:	const.
SMU3	off
SMU4	off
VMUs	off

Primary Source (VAR1):	single
	Sweep Spacing:	linear
	Start:		-0.500000
	Stop:		0.500000
	Step:		0.010000
	Compliance:	0.050000
Power Compliance OFF

Timing:		Integration Time:	medium
	Delay Time (sec):	0.000000
	Hold Time (sec):	0.000000
	Wait Time (sec):	1.000000

Secondary Source (VAR2):	OFF


   V1	   I1	Abs(I)	J (A\um²)	Abs(J)
-5.000000E-1	-8.748080E-9	8.748080E-9	-2.227675E-10	2.227675E-10
-4.900000E-1	-7.895220E-9	7.895220E-9	-2.010497E-10	2.010497E-10
-4.800000E-1	-7.392450E-9	7.392450E-9	-1.882468E-10	1.882468E-10
-4.700000E-1	-7.012250E-9	7.012250E-9	-1.785651E-10	1.785651E-10
-4.600000E-1	-6.727420E-9	6.727420E-9	-1.713119E-10	1.713119E-10
-4.500000E-1	-6.467690E-9	6.467690E-9	-1.646980E-10	1.646980E-10
-4.400000E-1	-6.211980E-9	6.211980E-9	-1.581864E-10	1.581864E-10
-4.300000E-1	-6.005590E-9	6.005590E-9	-1.529307E-10	1.529307E-10
-4.200000E-1	-5.837120E-9	5.837120E-9	-1.486407E-10	1.486407E-10
-4.100000E-1	-5.598470E-9	5.598470E-9	-1.425635E-10	1.425635E-10
-4.000000E-1	-5.427140E-9	5.427140E-9	-1.382007E-10	1.382007E-10
-3.900000E-1	-5.246280E-9	5.246280E-9	-1.335951E-10	1.335951E-10
-3.800000E-1	-5.066570E-9	5.066570E-9	-1.290188E-10	1.290188E-10
-3.700000E-1	-4.892390E-9	4.892390E-9	-1.245834E-10	1.245834E-10
-3.600000E-1	-4.729410E-9	4.729410E-9	-1.204332E-10	1.204332E-10
-3.500000E-1	-4.541920E-9	4.541920E-9	-1.156588E-10	1.156588E-10
-3.400000E-1	-4.349100E-9	4.349100E-9	-1.107487E-10	1.107487E-10
-3.300000E-1	-4.202160E-9	4.202160E-9	-1.070069E-10	1.070069E-10
-3.200000E-1	-4.065300E-9	4.065300E-9	-1.035218E-10	1.035218E-10
-3.100000E-1	-3.907670E-9	3.907670E-9	-9.950777E-11	9.950777E-11
-3.000000E-1	-3.688140E-9	3.688140E-9	-9.391749E-11	9.391749E-11
-2.900000E-1	-3.574220E-9	3.574220E-9	-9.101655E-11	9.101655E-11
-2.800000E-1	-3.398520E-9	3.398520E-9	-8.654240E-11	8.654240E-11
-2.700000E-1	-3.257860E-9	3.257860E-9	-8.296053E-11	8.296053E-11
-2.600000E-1	-3.091830E-9	3.091830E-9	-7.873262E-11	7.873262E-11
-2.500000E-1	-2.936290E-9	2.936290E-9	-7.477184E-11	7.477184E-11
-2.400000E-1	-2.777000E-9	2.777000E-9	-7.071556E-11	7.071556E-11
-2.300000E-1	-2.633460E-9	2.633460E-9	-6.706035E-11	6.706035E-11
-2.200000E-1	-2.481910E-9	2.481910E-9	-6.320117E-11	6.320117E-11
-2.100000E-1	-2.351930E-9	2.351930E-9	-5.989126E-11	5.989126E-11
-2.000000E-1	-2.201500E-9	2.201500E-9	-5.606061E-11	5.606061E-11
-1.900000E-1	-2.052850E-9	2.052850E-9	-5.227527E-11	5.227527E-11
-1.800000E-1	-1.906060E-9	1.906060E-9	-4.853731E-11	4.853731E-11
-1.700000E-1	-1.760150E-9	1.760150E-9	-4.482175E-11	4.482175E-11
-1.600000E-1	-1.620430E-9	1.620430E-9	-4.126381E-11	4.126381E-11
-1.500000E-1	-1.469100E-9	1.469100E-9	-3.741024E-11	3.741024E-11
-1.400000E-1	-1.322490E-9	1.322490E-9	-3.367685E-11	3.367685E-11
-1.300000E-1	-1.189340E-9	1.189340E-9	-3.028622E-11	3.028622E-11
-1.200000E-1	-1.029880E-9	1.029880E-9	-2.622562E-11	2.622562E-11
-1.100000E-1	-8.933000E-10	8.933000E-10	-2.274764E-11	2.274764E-11
-1.000000E-1	-7.779600E-10	7.779600E-10	-1.981054E-11	1.981054E-11
-9.000000E-2	-6.537900E-10	6.537900E-10	-1.664859E-11	1.664859E-11
-8.000000E-2	-5.321000E-10	5.321000E-10	-1.354978E-11	1.354978E-11
-7.000000E-2	-4.482200E-10	4.482200E-10	-1.141380E-11	1.141380E-11
-6.000000E-2	-3.916100E-10	3.916100E-10	-9.972243E-12	9.972243E-12
-5.000000E-2	-2.739600E-10	2.739600E-10	-6.976318E-12	6.976318E-12
-4.000000E-2	-1.416500E-10	1.416500E-10	-3.607079E-12	3.607079E-12
-3.000000E-2	-1.026000E-11	1.026000E-11	-2.612681E-13	2.612681E-13
-2.000000E-2	1.211800E-10	1.211800E-10	3.085816E-12	3.085816E-12
-1.000000E-2	2.567100E-10	2.567100E-10	6.537051E-12	6.537051E-12
0.000000E+0	3.933900E-10	3.933900E-10	1.001757E-11	1.001757E-11
1.000000E-2	5.478300E-10	5.478300E-10	1.395034E-11	1.395034E-11
2.000000E-2	7.977100E-10	7.977100E-10	2.031347E-11	2.031347E-11
3.000000E-2	9.740300E-10	9.740300E-10	2.480341E-11	2.480341E-11
4.000000E-2	1.122340E-9	1.122340E-9	2.858009E-11	2.858009E-11
5.000000E-2	1.282330E-9	1.282330E-9	3.265419E-11	3.265419E-11
6.000000E-2	1.434380E-9	1.434380E-9	3.652610E-11	3.652610E-11
7.000000E-2	1.600110E-9	1.600110E-9	4.074637E-11	4.074637E-11
8.000000E-2	1.749600E-9	1.749600E-9	4.455309E-11	4.455309E-11
9.000000E-2	1.898210E-9	1.898210E-9	4.833741E-11	4.833741E-11
1.000000E-1	2.052590E-9	2.052590E-9	5.226865E-11	5.226865E-11
1.100000E-1	2.212470E-9	2.212470E-9	5.633995E-11	5.633995E-11
1.200000E-1	2.354780E-9	2.354780E-9	5.996384E-11	5.996384E-11
1.300000E-1	2.516250E-9	2.516250E-9	6.407563E-11	6.407563E-11
1.400000E-1	2.664980E-9	2.664980E-9	6.786300E-11	6.786300E-11
1.500000E-1	2.803300E-9	2.803300E-9	7.138528E-11	7.138528E-11
1.600000E-1	2.946570E-9	2.946570E-9	7.503361E-11	7.503361E-11
1.700000E-1	3.122030E-9	3.122030E-9	7.950165E-11	7.950165E-11
1.800000E-1	3.144310E-9	3.144310E-9	8.006901E-11	8.006901E-11
1.900000E-1	3.390170E-9	3.390170E-9	8.632977E-11	8.632977E-11
2.000000E-1	3.434650E-9	3.434650E-9	8.746244E-11	8.746244E-11
2.100000E-1	3.680620E-9	3.680620E-9	9.372600E-11	9.372600E-11
2.200000E-1	3.727660E-9	3.727660E-9	9.492386E-11	9.492386E-11
2.300000E-1	3.861330E-9	3.861330E-9	9.832773E-11	9.832773E-11
2.400000E-1	4.021980E-9	4.021980E-9	1.024186E-10	1.024186E-10
2.500000E-1	4.155750E-9	4.155750E-9	1.058251E-10	1.058251E-10
2.600000E-1	4.310710E-9	4.310710E-9	1.097711E-10	1.097711E-10
2.700000E-1	4.515970E-9	4.515970E-9	1.149980E-10	1.149980E-10
2.800000E-1	4.670900E-9	4.670900E-9	1.189432E-10	1.189432E-10
2.900000E-1	4.818410E-9	4.818410E-9	1.226995E-10	1.226995E-10
3.000000E-1	4.946490E-9	4.946490E-9	1.259610E-10	1.259610E-10
3.100000E-1	5.067150E-9	5.067150E-9	1.290336E-10	1.290336E-10
3.200000E-1	5.247670E-9	5.247670E-9	1.336305E-10	1.336305E-10
3.300000E-1	5.485360E-9	5.485360E-9	1.396832E-10	1.396832E-10
3.400000E-1	5.661520E-9	5.661520E-9	1.441691E-10	1.441691E-10
3.500000E-1	5.846640E-9	5.846640E-9	1.488831E-10	1.488831E-10
3.600000E-1	6.043480E-9	6.043480E-9	1.538956E-10	1.538956E-10
3.700000E-1	6.173350E-9	6.173350E-9	1.572027E-10	1.572027E-10
3.800000E-1	6.425520E-9	6.425520E-9	1.636241E-10	1.636241E-10
3.900000E-1	6.592890E-9	6.592890E-9	1.678862E-10	1.678862E-10
4.000000E-1	6.744660E-9	6.744660E-9	1.717510E-10	1.717510E-10
4.100000E-1	6.941320E-9	6.941320E-9	1.767588E-10	1.767588E-10
4.200000E-1	7.127610E-9	7.127610E-9	1.815027E-10	1.815027E-10
4.300000E-1	7.229830E-9	7.229830E-9	1.841057E-10	1.841057E-10
4.400000E-1	7.517170E-9	7.517170E-9	1.914227E-10	1.914227E-10
4.500000E-1	7.716270E-9	7.716270E-9	1.964927E-10	1.964927E-10
4.600000E-1	7.920300E-9	7.920300E-9	2.016883E-10	2.016883E-10
4.700000E-1	8.141250E-9	8.141250E-9	2.073147E-10	2.073147E-10
4.800000E-1	8.322900E-9	8.322900E-9	2.119404E-10	2.119404E-10
4.900000E-1	8.514980E-9	8.514980E-9	2.168317E-10	2.168317E-10
5.000000E-1	8.815220E-9	8.815220E-9	2.244772E-10	2.244772E-10
