

16:09:03	22/03/21


Ell Cont: 5,0x10,0

SMU1	V name:		V1
	I name:		I1
	Mode:		V
	Function:	VAR1
SMU2	V name:		V2
	I name:		I2
	Mode:		common
	Function:	const.
SMU3	off
SMU4	off
VMUs	off

Primary Source (VAR1):	single
	Sweep Spacing:	linear
	Start:		-0.500000
	Stop:		0.500000
	Step:		0.010000
	Compliance:	0.050000
Power Compliance OFF

Timing:		Integration Time:	medium
	Delay Time (sec):	0.000000
	Hold Time (sec):	0.000000
	Wait Time (sec):	1.000000

Secondary Source (VAR2):	OFF


   V1	   I1	Abs(I)	J (A\µm²)	Abs(J)
-5.000000E-1	-1.312720E-9	1.312720E-9	-3.342806E-11	3.342806E-11
-4.900000E-1	3.097300E-10	3.097300E-10	7.887191E-12	7.887191E-12
-4.800000E-1	1.019230E-9	1.019230E-9	2.595442E-11	2.595442E-11
-4.700000E-1	1.412140E-9	1.412140E-9	3.595977E-11	3.595977E-11
-4.600000E-1	1.451160E-9	1.451160E-9	3.695340E-11	3.695340E-11
-4.500000E-1	1.781840E-9	1.781840E-9	4.537408E-11	4.537408E-11
-4.400000E-1	1.760790E-9	1.760790E-9	4.483804E-11	4.483804E-11
-4.300000E-1	1.861070E-9	1.861070E-9	4.739165E-11	4.739165E-11
-4.200000E-1	1.965510E-9	1.965510E-9	5.005118E-11	5.005118E-11
-4.100000E-1	2.089850E-9	2.089850E-9	5.321747E-11	5.321747E-11
-4.000000E-1	2.158450E-9	2.158450E-9	5.496435E-11	5.496435E-11
-3.900000E-1	2.277480E-9	2.277480E-9	5.799542E-11	5.799542E-11
-3.800000E-1	2.365820E-9	2.365820E-9	6.024497E-11	6.024497E-11
-3.700000E-1	2.469210E-9	2.469210E-9	6.287777E-11	6.287777E-11
-3.600000E-1	2.559050E-9	2.559050E-9	6.516552E-11	6.516552E-11
-3.500000E-1	2.675050E-9	2.675050E-9	6.811943E-11	6.811943E-11
-3.400000E-1	2.796080E-9	2.796080E-9	7.120143E-11	7.120143E-11
-3.300000E-1	2.894300E-9	2.894300E-9	7.370257E-11	7.370257E-11
-3.200000E-1	2.981270E-9	2.981270E-9	7.591724E-11	7.591724E-11
-3.100000E-1	3.127350E-9	3.127350E-9	7.963713E-11	7.963713E-11
-3.000000E-1	3.225690E-9	3.225690E-9	8.214133E-11	8.214133E-11
-2.900000E-1	3.338890E-9	3.338890E-9	8.502394E-11	8.502394E-11
-2.800000E-1	3.496040E-9	3.496040E-9	8.902572E-11	8.902572E-11
-2.700000E-1	3.624600E-9	3.624600E-9	9.229946E-11	9.229946E-11
-2.600000E-1	3.754620E-9	3.754620E-9	9.561039E-11	9.561039E-11
-2.500000E-1	3.904530E-9	3.904530E-9	9.942781E-11	9.942781E-11
-2.400000E-1	4.078670E-9	4.078670E-9	1.038622E-10	1.038622E-10
-2.300000E-1	4.204840E-9	4.204840E-9	1.070751E-10	1.070751E-10
-2.200000E-1	4.352560E-9	4.352560E-9	1.108368E-10	1.108368E-10
-2.100000E-1	4.555090E-9	4.555090E-9	1.159941E-10	1.159941E-10
-2.000000E-1	4.727610E-9	4.727610E-9	1.203873E-10	1.203873E-10
-1.900000E-1	4.903360E-9	4.903360E-9	1.248627E-10	1.248627E-10
-1.800000E-1	5.121050E-9	5.121050E-9	1.304062E-10	1.304062E-10
-1.700000E-1	5.288270E-9	5.288270E-9	1.346644E-10	1.346644E-10
-1.600000E-1	5.503570E-9	5.503570E-9	1.401469E-10	1.401469E-10
-1.500000E-1	5.692090E-9	5.692090E-9	1.449475E-10	1.449475E-10
-1.400000E-1	5.958610E-9	5.958610E-9	1.517344E-10	1.517344E-10
-1.300000E-1	6.188470E-9	6.188470E-9	1.575877E-10	1.575877E-10
-1.200000E-1	6.389350E-9	6.389350E-9	1.627031E-10	1.627031E-10
-1.100000E-1	6.665560E-9	6.665560E-9	1.697367E-10	1.697367E-10
-1.000000E-1	6.916160E-9	6.916160E-9	1.761182E-10	1.761182E-10
-9.000000E-2	7.171180E-9	7.171180E-9	1.826122E-10	1.826122E-10
-8.000000E-2	7.482400E-9	7.482400E-9	1.905373E-10	1.905373E-10
-7.000000E-2	7.777750E-9	7.777750E-9	1.980583E-10	1.980583E-10
-6.000000E-2	8.043180E-9	8.043180E-9	2.048174E-10	2.048174E-10
-5.000000E-2	8.355120E-9	8.355120E-9	2.127609E-10	2.127609E-10
-4.000000E-2	8.690560E-9	8.690560E-9	2.213028E-10	2.213028E-10
-3.000000E-2	8.991920E-9	8.991920E-9	2.289768E-10	2.289768E-10
-2.000000E-2	9.314430E-9	9.314430E-9	2.371895E-10	2.371895E-10
-1.000000E-2	9.722700E-9	9.722700E-9	2.475859E-10	2.475859E-10
0.000000E+0	1.086210E-8	1.086210E-8	2.766005E-10	2.766005E-10
1.000000E-2	1.134780E-8	1.134780E-8	2.889687E-10	2.889687E-10
2.000000E-2	1.186370E-8	1.186370E-8	3.021059E-10	3.021059E-10
3.000000E-2	1.233420E-8	1.233420E-8	3.140871E-10	3.140871E-10
4.000000E-2	1.285330E-8	1.285330E-8	3.273058E-10	3.273058E-10
5.000000E-2	1.338480E-8	1.338480E-8	3.408403E-10	3.408403E-10
6.000000E-2	1.389640E-8	1.389640E-8	3.538681E-10	3.538681E-10
7.000000E-2	1.447950E-8	1.447950E-8	3.687166E-10	3.687166E-10
8.000000E-2	1.511080E-8	1.511080E-8	3.847925E-10	3.847925E-10
9.000000E-2	1.575180E-8	1.575180E-8	4.011154E-10	4.011154E-10
1.000000E-1	1.638440E-8	1.638440E-8	4.172243E-10	4.172243E-10
1.100000E-1	1.703780E-8	1.703780E-8	4.338630E-10	4.338630E-10
1.200000E-1	1.772770E-8	1.772770E-8	4.514311E-10	4.514311E-10
1.300000E-1	1.849980E-8	1.849980E-8	4.710924E-10	4.710924E-10
1.400000E-1	1.927290E-8	1.927290E-8	4.907792E-10	4.907792E-10
1.500000E-1	2.007810E-8	2.007810E-8	5.112834E-10	5.112834E-10
1.600000E-1	2.090550E-8	2.090550E-8	5.323529E-10	5.323529E-10
1.700000E-1	2.172520E-8	2.172520E-8	5.532264E-10	5.532264E-10
1.800000E-1	2.264440E-8	2.264440E-8	5.766336E-10	5.766336E-10
1.900000E-1	2.353910E-8	2.353910E-8	5.994169E-10	5.994169E-10
2.000000E-1	2.448140E-8	2.448140E-8	6.234123E-10	6.234123E-10
2.100000E-1	2.545220E-8	2.545220E-8	6.481334E-10	6.481334E-10
2.200000E-1	2.642400E-8	2.642400E-8	6.728801E-10	6.728801E-10
2.300000E-1	2.746690E-8	2.746690E-8	6.994372E-10	6.994372E-10
2.400000E-1	2.854550E-8	2.854550E-8	7.269035E-10	7.269035E-10
2.500000E-1	2.959230E-8	2.959230E-8	7.535600E-10	7.535600E-10
2.600000E-1	3.073660E-8	3.073660E-8	7.826993E-10	7.826993E-10
2.700000E-1	3.185180E-8	3.185180E-8	8.110975E-10	8.110975E-10
2.800000E-1	3.296490E-8	3.296490E-8	8.394423E-10	8.394423E-10
2.900000E-1	3.416310E-8	3.416310E-8	8.699542E-10	8.699542E-10
3.000000E-1	3.535410E-8	3.535410E-8	9.002826E-10	9.002826E-10
3.100000E-1	3.656120E-8	3.656120E-8	9.310211E-10	9.310211E-10
3.200000E-1	3.777610E-8	3.777610E-8	9.619582E-10	9.619582E-10
3.300000E-1	3.903110E-8	3.903110E-8	9.939165E-10	9.939165E-10
3.400000E-1	4.029700E-8	4.029700E-8	1.026152E-9	1.026152E-9
3.500000E-1	4.156900E-8	4.156900E-8	1.058543E-9	1.058543E-9
3.600000E-1	4.285590E-8	4.285590E-8	1.091314E-9	1.091314E-9
3.700000E-1	4.415480E-8	4.415480E-8	1.124390E-9	1.124390E-9
3.800000E-1	4.542830E-8	4.542830E-8	1.156819E-9	1.156819E-9
3.900000E-1	4.675950E-8	4.675950E-8	1.190718E-9	1.190718E-9
4.000000E-1	4.810280E-8	4.810280E-8	1.224925E-9	1.224925E-9
4.100000E-1	4.943370E-8	4.943370E-8	1.258816E-9	1.258816E-9
4.200000E-1	5.075260E-8	5.075260E-8	1.292401E-9	1.292401E-9
4.300000E-1	5.210500E-8	5.210500E-8	1.326840E-9	1.326840E-9
4.400000E-1	5.343640E-8	5.343640E-8	1.360744E-9	1.360744E-9
4.500000E-1	5.477710E-8	5.477710E-8	1.394884E-9	1.394884E-9
4.600000E-1	5.612140E-8	5.612140E-8	1.429116E-9	1.429116E-9
4.700000E-1	5.745080E-8	5.745080E-8	1.462969E-9	1.462969E-9
4.800000E-1	5.880700E-8	5.880700E-8	1.497504E-9	1.497504E-9
4.900000E-1	6.012850E-8	6.012850E-8	1.531156E-9	1.531156E-9
5.000000E-1	6.143840E-8	6.143840E-8	1.564512E-9	1.564512E-9
