

16:07:11	16/03/21


Ell Cont: 5,0x10,0

SMU1	V name:		V1
	I name:		I1
	Mode:		V
	Function:	VAR1
SMU2	V name:		V2
	I name:		I2
	Mode:		common
	Function:	const.
SMU3	off
SMU4	off
VMUs	off

Primary Source (VAR1):	single
	Sweep Spacing:	linear
	Start:		-0.500000
	Stop:		0.500000
	Step:		0.010000
	Compliance:	0.050000
Power Compliance OFF

Timing:		Integration Time:	medium
	Delay Time (sec):	0.000000
	Hold Time (sec):	0.000000
	Wait Time (sec):	1.000000

Secondary Source (VAR2):	OFF


   V1	   I1	Abs(I)	J (A\µm²)	Abs(J)
-5.000000E-1	-1.243000E-11	1.243000E-11	-3.165266E-13	3.165266E-13
-4.900000E-1	-8.100000E-12	8.100000E-12	-2.062643E-13	2.062643E-13
-4.800000E-1	-5.780000E-12	5.780000E-12	-1.471861E-13	1.471861E-13
-4.700000E-1	-4.140000E-12	4.140000E-12	-1.054240E-13	1.054240E-13
-4.600000E-1	-4.200000E-12	4.200000E-12	-1.069519E-13	1.069519E-13
-4.500000E-1	-3.170000E-12	3.170000E-12	-8.072320E-14	8.072320E-14
-4.400000E-1	-3.140000E-12	3.140000E-12	-7.995926E-14	7.995926E-14
-4.300000E-1	-2.400000E-12	2.400000E-12	-6.111535E-14	6.111535E-14
-4.200000E-1	-2.080000E-12	2.080000E-12	-5.296664E-14	5.296664E-14
-4.100000E-1	-1.650000E-12	1.650000E-12	-4.201681E-14	4.201681E-14
-4.000000E-1	-1.590000E-12	1.590000E-12	-4.048892E-14	4.048892E-14
-3.900000E-1	-1.520000E-12	1.520000E-12	-3.870639E-14	3.870639E-14
-3.800000E-1	-1.140000E-12	1.140000E-12	-2.902979E-14	2.902979E-14
-3.700000E-1	-1.110000E-12	1.110000E-12	-2.826585E-14	2.826585E-14
-3.600000E-1	-8.800000E-13	8.800000E-13	-2.240896E-14	2.240896E-14
-3.500000E-1	-4.600000E-13	4.600000E-13	-1.171378E-14	1.171378E-14
-3.400000E-1	-1.010000E-12	1.010000E-12	-2.571938E-14	2.571938E-14
-3.300000E-1	-4.800000E-13	4.800000E-13	-1.222307E-14	1.222307E-14
-3.200000E-1	-4.800000E-13	4.800000E-13	-1.222307E-14	1.222307E-14
-3.100000E-1	0.000000E+0	0.000000E+0	0.000000E+0	0.000000E+0
-3.000000E-1	-2.300000E-13	2.300000E-13	-5.856888E-15	5.856888E-15
-2.900000E-1	1.000000E-14	1.000000E-14	2.546473E-16	2.546473E-16
-2.800000E-1	2.000000E-14	2.000000E-14	5.092946E-16	5.092946E-16
-2.700000E-1	5.900000E-13	5.900000E-13	1.502419E-14	1.502419E-14
-2.600000E-1	1.800000E-13	1.800000E-13	4.583652E-15	4.583652E-15
-2.500000E-1	4.100000E-13	4.100000E-13	1.044054E-14	1.044054E-14
-2.400000E-1	7.600000E-13	7.600000E-13	1.935320E-14	1.935320E-14
-2.300000E-1	7.000000E-14	7.000000E-14	1.782531E-15	1.782531E-15
-2.200000E-1	4.300000E-13	4.300000E-13	1.094983E-14	1.094983E-14
-2.100000E-1	7.800000E-13	7.800000E-13	1.986249E-14	1.986249E-14
-2.000000E-1	8.000000E-13	8.000000E-13	2.037178E-14	2.037178E-14
-1.900000E-1	7.600000E-13	7.600000E-13	1.935320E-14	1.935320E-14
-1.800000E-1	8.700000E-13	8.700000E-13	2.215432E-14	2.215432E-14
-1.700000E-1	8.900000E-13	8.900000E-13	2.266361E-14	2.266361E-14
-1.600000E-1	9.600000E-13	9.600000E-13	2.444614E-14	2.444614E-14
-1.500000E-1	1.150000E-12	1.150000E-12	2.928444E-14	2.928444E-14
-1.400000E-1	3.800000E-13	3.800000E-13	9.676598E-15	9.676598E-15
-1.300000E-1	1.000000E-12	1.000000E-12	2.546473E-14	2.546473E-14
-1.200000E-1	9.400000E-13	9.400000E-13	2.393685E-14	2.393685E-14
-1.100000E-1	1.000000E-12	1.000000E-12	2.546473E-14	2.546473E-14
-1.000000E-1	9.000000E-13	9.000000E-13	2.291826E-14	2.291826E-14
-9.000000E-2	9.500000E-13	9.500000E-13	2.419149E-14	2.419149E-14
-8.000000E-2	1.290000E-12	1.290000E-12	3.284950E-14	3.284950E-14
-7.000000E-2	1.160000E-12	1.160000E-12	2.953909E-14	2.953909E-14
-6.000000E-2	1.290000E-12	1.290000E-12	3.284950E-14	3.284950E-14
-5.000000E-2	2.000000E-12	2.000000E-12	5.092946E-14	5.092946E-14
-4.000000E-2	1.450000E-12	1.450000E-12	3.692386E-14	3.692386E-14
-3.000000E-2	1.660000E-12	1.660000E-12	4.227145E-14	4.227145E-14
-2.000000E-2	1.380000E-12	1.380000E-12	3.514133E-14	3.514133E-14
-1.000000E-2	1.520000E-12	1.520000E-12	3.870639E-14	3.870639E-14
0.000000E+0	1.770000E-12	1.770000E-12	4.507257E-14	4.507257E-14
1.000000E-2	2.160000E-12	2.160000E-12	5.500382E-14	5.500382E-14
2.000000E-2	1.280000E-12	1.280000E-12	3.259486E-14	3.259486E-14
3.000000E-2	1.930000E-12	1.930000E-12	4.914693E-14	4.914693E-14
4.000000E-2	2.590000E-12	2.590000E-12	6.595365E-14	6.595365E-14
5.000000E-2	2.170000E-12	2.170000E-12	5.525847E-14	5.525847E-14
6.000000E-2	2.080000E-12	2.080000E-12	5.296664E-14	5.296664E-14
7.000000E-2	2.030000E-12	2.030000E-12	5.169340E-14	5.169340E-14
8.000000E-2	2.140000E-12	2.140000E-12	5.449452E-14	5.449452E-14
9.000000E-2	1.930000E-12	1.930000E-12	4.914693E-14	4.914693E-14
1.000000E-1	2.410000E-12	2.410000E-12	6.137000E-14	6.137000E-14
1.100000E-1	2.490000E-12	2.490000E-12	6.340718E-14	6.340718E-14
1.200000E-1	2.390000E-12	2.390000E-12	6.086071E-14	6.086071E-14
1.300000E-1	2.660000E-12	2.660000E-12	6.773618E-14	6.773618E-14
1.400000E-1	2.170000E-12	2.170000E-12	5.525847E-14	5.525847E-14
1.500000E-1	2.560000E-12	2.560000E-12	6.518971E-14	6.518971E-14
1.600000E-1	2.790000E-12	2.790000E-12	7.104660E-14	7.104660E-14
1.700000E-1	2.780000E-12	2.780000E-12	7.079195E-14	7.079195E-14
1.800000E-1	2.450000E-12	2.450000E-12	6.238859E-14	6.238859E-14
1.900000E-1	2.470000E-12	2.470000E-12	6.289789E-14	6.289789E-14
2.000000E-1	2.460000E-12	2.460000E-12	6.264324E-14	6.264324E-14
2.100000E-1	2.370000E-12	2.370000E-12	6.035141E-14	6.035141E-14
2.200000E-1	2.380000E-12	2.380000E-12	6.060606E-14	6.060606E-14
2.300000E-1	3.070000E-12	3.070000E-12	7.817672E-14	7.817672E-14
2.400000E-1	2.910000E-12	2.910000E-12	7.410237E-14	7.410237E-14
2.500000E-1	3.010000E-12	3.010000E-12	7.664884E-14	7.664884E-14
2.600000E-1	2.900000E-12	2.900000E-12	7.384772E-14	7.384772E-14
2.700000E-1	2.610000E-12	2.610000E-12	6.646295E-14	6.646295E-14
2.800000E-1	2.700000E-12	2.700000E-12	6.875477E-14	6.875477E-14
2.900000E-1	2.880000E-12	2.880000E-12	7.333843E-14	7.333843E-14
3.000000E-1	2.630000E-12	2.630000E-12	6.697224E-14	6.697224E-14
3.100000E-1	2.760000E-12	2.760000E-12	7.028266E-14	7.028266E-14
3.200000E-1	3.030000E-12	3.030000E-12	7.715814E-14	7.715814E-14
3.300000E-1	3.210000E-12	3.210000E-12	8.174179E-14	8.174179E-14
3.400000E-1	3.030000E-12	3.030000E-12	7.715814E-14	7.715814E-14
3.500000E-1	3.130000E-12	3.130000E-12	7.970461E-14	7.970461E-14
3.600000E-1	3.180000E-12	3.180000E-12	8.097784E-14	8.097784E-14
3.700000E-1	3.340000E-12	3.340000E-12	8.505220E-14	8.505220E-14
3.800000E-1	3.060000E-12	3.060000E-12	7.792208E-14	7.792208E-14
3.900000E-1	3.780000E-12	3.780000E-12	9.625668E-14	9.625668E-14
4.000000E-1	3.220000E-12	3.220000E-12	8.199643E-14	8.199643E-14
4.100000E-1	3.090000E-12	3.090000E-12	7.868602E-14	7.868602E-14
4.200000E-1	3.580000E-12	3.580000E-12	9.116374E-14	9.116374E-14
4.300000E-1	2.660000E-12	2.660000E-12	6.773618E-14	6.773618E-14
4.400000E-1	3.490000E-12	3.490000E-12	8.887191E-14	8.887191E-14
4.500000E-1	3.560000E-12	3.560000E-12	9.065444E-14	9.065444E-14
4.600000E-1	3.180000E-12	3.180000E-12	8.097784E-14	8.097784E-14
4.700000E-1	3.360000E-12	3.360000E-12	8.556150E-14	8.556150E-14
4.800000E-1	3.410000E-12	3.410000E-12	8.683473E-14	8.683473E-14
4.900000E-1	3.310000E-12	3.310000E-12	8.428826E-14	8.428826E-14
5.000000E-1	3.260000E-12	3.260000E-12	8.301502E-14	8.301502E-14
