

16:05:28	16/03/21


Ell Cont: 5,0x10,0

SMU1	V name:		V1
	I name:		I1
	Mode:		V
	Function:	VAR1
SMU2	V name:		V2
	I name:		I2
	Mode:		common
	Function:	const.
SMU3	off
SMU4	off
VMUs	off

Primary Source (VAR1):	single
	Sweep Spacing:	linear
	Start:		-0.500000
	Stop:		0.500000
	Step:		0.010000
	Compliance:	0.050000
Power Compliance OFF

Timing:		Integration Time:	medium
	Delay Time (sec):	0.000000
	Hold Time (sec):	0.000000
	Wait Time (sec):	1.000000

Secondary Source (VAR2):	OFF


   V1	   I1	Abs(I)	J (A\µm²)	Abs(J)
-5.000000E-1	-2.830000E-11	2.830000E-11	-7.206519E-13	7.206519E-13
-4.900000E-1	-1.467000E-11	1.467000E-11	-3.735676E-13	3.735676E-13
-4.800000E-1	-7.320000E-12	7.320000E-12	-1.864018E-13	1.864018E-13
-4.700000E-1	7.300000E-12	7.300000E-12	1.858925E-13	1.858925E-13
-4.600000E-1	1.544000E-11	1.544000E-11	3.931754E-13	3.931754E-13
-4.500000E-1	5.100000E-13	5.100000E-13	1.298701E-14	1.298701E-14
-4.400000E-1	4.580000E-12	4.580000E-12	1.166285E-13	1.166285E-13
-4.300000E-1	3.390000E-12	3.390000E-12	8.632544E-14	8.632544E-14
-4.200000E-1	5.230000E-12	5.230000E-12	1.331805E-13	1.331805E-13
-4.100000E-1	5.140000E-12	5.140000E-12	1.308887E-13	1.308887E-13
-4.000000E-1	4.490000E-12	4.490000E-12	1.143366E-13	1.143366E-13
-3.900000E-1	1.490000E-12	1.490000E-12	3.794245E-14	3.794245E-14
-3.800000E-1	7.600000E-13	7.600000E-13	1.935320E-14	1.935320E-14
-3.700000E-1	1.320000E-12	1.320000E-12	3.361344E-14	3.361344E-14
-3.600000E-1	1.500000E-13	1.500000E-13	3.819710E-15	3.819710E-15
-3.500000E-1	-6.300000E-13	6.300000E-13	-1.604278E-14	1.604278E-14
-3.400000E-1	-9.000000E-13	9.000000E-13	-2.291826E-14	2.291826E-14
-3.300000E-1	2.100000E-13	2.100000E-13	5.347594E-15	5.347594E-15
-3.200000E-1	-7.500000E-13	7.500000E-13	-1.909855E-14	1.909855E-14
-3.100000E-1	-3.190000E-12	3.190000E-12	-8.123249E-14	8.123249E-14
-3.000000E-1	-1.510000E-12	1.510000E-12	-3.845174E-14	3.845174E-14
-2.900000E-1	2.470000E-12	2.470000E-12	6.289789E-14	6.289789E-14
-2.800000E-1	1.400000E-13	1.400000E-13	3.565062E-15	3.565062E-15
-2.700000E-1	-2.590000E-12	2.590000E-12	-6.595365E-14	6.595365E-14
-2.600000E-1	6.170000E-12	6.170000E-12	1.571174E-13	1.571174E-13
-2.500000E-1	4.350000E-12	4.350000E-12	1.107716E-13	1.107716E-13
-2.400000E-1	2.800000E-12	2.800000E-12	7.130125E-14	7.130125E-14
-2.300000E-1	2.000000E-13	2.000000E-13	5.092946E-15	5.092946E-15
-2.200000E-1	2.900000E-13	2.900000E-13	7.384772E-15	7.384772E-15
-2.100000E-1	-2.810000E-12	2.810000E-12	-7.155589E-14	7.155589E-14
-2.000000E-1	1.270000E-12	1.270000E-12	3.234021E-14	3.234021E-14
-1.900000E-1	1.360000E-12	1.360000E-12	3.463203E-14	3.463203E-14
-1.800000E-1	1.000000E-12	1.000000E-12	2.546473E-14	2.546473E-14
-1.700000E-1	8.000000E-13	8.000000E-13	2.037178E-14	2.037178E-14
-1.600000E-1	6.100000E-13	6.100000E-13	1.553349E-14	1.553349E-14
-1.500000E-1	-5.300000E-13	5.300000E-13	-1.349631E-14	1.349631E-14
-1.400000E-1	4.100000E-13	4.100000E-13	1.044054E-14	1.044054E-14
-1.300000E-1	2.900000E-12	2.900000E-12	7.384772E-14	7.384772E-14
-1.200000E-1	1.930000E-12	1.930000E-12	4.914693E-14	4.914693E-14
-1.100000E-1	3.000000E-12	3.000000E-12	7.639419E-14	7.639419E-14
-1.000000E-1	2.470000E-12	2.470000E-12	6.289789E-14	6.289789E-14
-9.000000E-2	3.890000E-12	3.890000E-12	9.905780E-14	9.905780E-14
-8.000000E-2	2.050000E-12	2.050000E-12	5.220270E-14	5.220270E-14
-7.000000E-2	2.150000E-12	2.150000E-12	5.474917E-14	5.474917E-14
-6.000000E-2	1.700000E-12	1.700000E-12	4.329004E-14	4.329004E-14
-5.000000E-2	1.430000E-12	1.430000E-12	3.641457E-14	3.641457E-14
-4.000000E-2	1.670000E-12	1.670000E-12	4.252610E-14	4.252610E-14
-3.000000E-2	7.500000E-13	7.500000E-13	1.909855E-14	1.909855E-14
-2.000000E-2	5.900000E-12	5.900000E-12	1.502419E-13	1.502419E-13
-1.000000E-2	4.890000E-12	4.890000E-12	1.245225E-13	1.245225E-13
0.000000E+0	-4.100000E-13	4.100000E-13	-1.044054E-14	1.044054E-14
1.000000E-2	4.780000E-12	4.780000E-12	1.217214E-13	1.217214E-13
2.000000E-2	2.950000E-12	2.950000E-12	7.512096E-14	7.512096E-14
3.000000E-2	3.020000E-12	3.020000E-12	7.690349E-14	7.690349E-14
4.000000E-2	-8.500000E-13	8.500000E-13	-2.164502E-14	2.164502E-14
5.000000E-2	1.560000E-12	1.560000E-12	3.972498E-14	3.972498E-14
6.000000E-2	2.980000E-12	2.980000E-12	7.588490E-14	7.588490E-14
7.000000E-2	2.390000E-12	2.390000E-12	6.086071E-14	6.086071E-14
8.000000E-2	2.730000E-12	2.730000E-12	6.951872E-14	6.951872E-14
9.000000E-2	2.590000E-12	2.590000E-12	6.595365E-14	6.595365E-14
1.000000E-1	2.390000E-12	2.390000E-12	6.086071E-14	6.086071E-14
1.100000E-1	2.170000E-12	2.170000E-12	5.525847E-14	5.525847E-14
1.200000E-1	2.540000E-12	2.540000E-12	6.468042E-14	6.468042E-14
1.300000E-1	2.240000E-12	2.240000E-12	5.704100E-14	5.704100E-14
1.400000E-1	2.290000E-12	2.290000E-12	5.831423E-14	5.831423E-14
1.500000E-1	3.910000E-12	3.910000E-12	9.956710E-14	9.956710E-14
1.600000E-1	6.210000E-12	6.210000E-12	1.581360E-13	1.581360E-13
1.700000E-1	7.310000E-12	7.310000E-12	1.861472E-13	1.861472E-13
1.800000E-1	1.190000E-12	1.190000E-12	3.030303E-14	3.030303E-14
1.900000E-1	-3.280000E-12	3.280000E-12	-8.352432E-14	8.352432E-14
2.000000E-1	8.240000E-12	8.240000E-12	2.098294E-13	2.098294E-13
2.100000E-1	8.340000E-12	8.340000E-12	2.123759E-13	2.123759E-13
2.200000E-1	2.850000E-12	2.850000E-12	7.257448E-14	7.257448E-14
2.300000E-1	8.600000E-13	8.600000E-13	2.189967E-14	2.189967E-14
2.400000E-1	-8.300000E-13	8.300000E-13	-2.113573E-14	2.113573E-14
2.500000E-1	7.700000E-13	7.700000E-13	1.960784E-14	1.960784E-14
2.600000E-1	4.670000E-12	4.670000E-12	1.189203E-13	1.189203E-13
2.700000E-1	9.730000E-12	9.730000E-12	2.477718E-13	2.477718E-13
2.800000E-1	-1.320000E-12	1.320000E-12	-3.361344E-14	3.361344E-14
2.900000E-1	-2.930000E-12	2.930000E-12	-7.461166E-14	7.461166E-14
3.000000E-1	1.750000E-12	1.750000E-12	4.456328E-14	4.456328E-14
3.100000E-1	3.540000E-12	3.540000E-12	9.014515E-14	9.014515E-14
3.200000E-1	3.890000E-12	3.890000E-12	9.905780E-14	9.905780E-14
3.300000E-1	3.460000E-12	3.460000E-12	8.810797E-14	8.810797E-14
3.400000E-1	3.160000E-12	3.160000E-12	8.046855E-14	8.046855E-14
3.500000E-1	3.040000E-12	3.040000E-12	7.741278E-14	7.741278E-14
3.600000E-1	3.350000E-12	3.350000E-12	8.530685E-14	8.530685E-14
3.700000E-1	3.140000E-12	3.140000E-12	7.995926E-14	7.995926E-14
3.800000E-1	3.670000E-12	3.670000E-12	9.345556E-14	9.345556E-14
3.900000E-1	4.290000E-12	4.290000E-12	1.092437E-13	1.092437E-13
4.000000E-1	8.150000E-12	8.150000E-12	2.075376E-13	2.075376E-13
4.100000E-1	5.670000E-12	5.670000E-12	1.443850E-13	1.443850E-13
4.200000E-1	8.400000E-13	8.400000E-13	2.139037E-14	2.139037E-14
4.300000E-1	-1.980000E-12	1.980000E-12	-5.042017E-14	5.042017E-14
4.400000E-1	2.920000E-12	2.920000E-12	7.435701E-14	7.435701E-14
4.500000E-1	4.890000E-12	4.890000E-12	1.245225E-13	1.245225E-13
4.600000E-1	9.710000E-12	9.710000E-12	2.472625E-13	2.472625E-13
4.700000E-1	1.304000E-11	1.304000E-11	3.320601E-13	3.320601E-13
4.800000E-1	3.530000E-12	3.530000E-12	8.989050E-14	8.989050E-14
4.900000E-1	2.410000E-12	2.410000E-12	6.137000E-14	6.137000E-14
5.000000E-1	8.200000E-13	8.200000E-13	2.088108E-14	2.088108E-14
