

15:52:26	16/03/21


Ell Cont: 5,0x10,0

SMU1	V name:		V1
	I name:		I1
	Mode:		V
	Function:	VAR1
SMU2	V name:		V2
	I name:		I2
	Mode:		common
	Function:	const.
SMU3	off
SMU4	off
VMUs	off

Primary Source (VAR1):	single
	Sweep Spacing:	linear
	Start:		-0.500000
	Stop:		0.500000
	Step:		0.010000
	Compliance:	0.050000
Power Compliance OFF

Timing:		Integration Time:	medium
	Delay Time (sec):	0.000000
	Hold Time (sec):	0.000000
	Wait Time (sec):	1.000000

Secondary Source (VAR2):	OFF


   V1	   I1	Abs(I)	J (A\µm²)	Abs(J)
-5.000000E-1	-2.213000E-11	2.213000E-11	-5.635345E-13	5.635345E-13
-4.900000E-1	-2.031000E-11	2.031000E-11	-5.171887E-13	5.171887E-13
-4.800000E-1	1.450000E-12	1.450000E-12	3.692386E-14	3.692386E-14
-4.700000E-1	-1.740000E-12	1.740000E-12	-4.430863E-14	4.430863E-14
-4.600000E-1	9.960000E-12	9.960000E-12	2.536287E-13	2.536287E-13
-4.500000E-1	-1.553000E-11	1.553000E-11	-3.954673E-13	3.954673E-13
-4.400000E-1	-1.078000E-11	1.078000E-11	-2.745098E-13	2.745098E-13
-4.300000E-1	-4.430000E-12	4.430000E-12	-1.128088E-13	1.128088E-13
-4.200000E-1	-2.600000E-12	2.600000E-12	-6.620830E-14	6.620830E-14
-4.100000E-1	-2.830000E-12	2.830000E-12	-7.206519E-14	7.206519E-14
-4.000000E-1	-1.740000E-12	1.740000E-12	-4.430863E-14	4.430863E-14
-3.900000E-1	-1.990000E-12	1.990000E-12	-5.067481E-14	5.067481E-14
-3.800000E-1	-1.750000E-12	1.750000E-12	-4.456328E-14	4.456328E-14
-3.700000E-1	-2.030000E-12	2.030000E-12	-5.169340E-14	5.169340E-14
-3.600000E-1	-8.200000E-13	8.200000E-13	-2.088108E-14	2.088108E-14
-3.500000E-1	-1.020000E-12	1.020000E-12	-2.597403E-14	2.597403E-14
-3.400000E-1	-2.100000E-13	2.100000E-13	-5.347594E-15	5.347594E-15
-3.300000E-1	-6.500000E-13	6.500000E-13	-1.655208E-14	1.655208E-14
-3.200000E-1	-5.600000E-13	5.600000E-13	-1.426025E-14	1.426025E-14
-3.100000E-1	-4.600000E-13	4.600000E-13	-1.171378E-14	1.171378E-14
-3.000000E-1	5.100000E-13	5.100000E-13	1.298701E-14	1.298701E-14
-2.900000E-1	-1.300000E-13	1.300000E-13	-3.310415E-15	3.310415E-15
-2.800000E-1	-2.700000E-13	2.700000E-13	-6.875477E-15	6.875477E-15
-2.700000E-1	3.000000E-14	3.000000E-14	7.639419E-16	7.639419E-16
-2.600000E-1	1.480000E-12	1.480000E-12	3.768780E-14	3.768780E-14
-2.500000E-1	1.810000E-12	1.810000E-12	4.609116E-14	4.609116E-14
-2.400000E-1	-8.000000E-13	8.000000E-13	-2.037178E-14	2.037178E-14
-2.300000E-1	-7.500000E-13	7.500000E-13	-1.909855E-14	1.909855E-14
-2.200000E-1	4.500000E-13	4.500000E-13	1.145913E-14	1.145913E-14
-2.100000E-1	2.900000E-13	2.900000E-13	7.384772E-15	7.384772E-15
-2.000000E-1	5.600000E-13	5.600000E-13	1.426025E-14	1.426025E-14
-1.900000E-1	5.500000E-13	5.500000E-13	1.400560E-14	1.400560E-14
-1.800000E-1	1.450000E-12	1.450000E-12	3.692386E-14	3.692386E-14
-1.700000E-1	3.790000E-12	3.790000E-12	9.651133E-14	9.651133E-14
-1.600000E-1	5.300000E-12	5.300000E-12	1.349631E-13	1.349631E-13
-1.500000E-1	8.810000E-12	8.810000E-12	2.243443E-13	2.243443E-13
-1.400000E-1	-4.200000E-12	4.200000E-12	-1.069519E-13	1.069519E-13
-1.300000E-1	-1.370000E-12	1.370000E-12	-3.488668E-14	3.488668E-14
-1.200000E-1	-3.620000E-12	3.620000E-12	-9.218233E-14	9.218233E-14
-1.100000E-1	1.200000E-13	1.200000E-13	3.055768E-15	3.055768E-15
-1.000000E-1	1.229000E-11	1.229000E-11	3.129615E-13	3.129615E-13
-9.000000E-2	1.330000E-12	1.330000E-12	3.386809E-14	3.386809E-14
-8.000000E-2	-2.730000E-12	2.730000E-12	-6.951872E-14	6.951872E-14
-7.000000E-2	-2.430000E-12	2.430000E-12	-6.187930E-14	6.187930E-14
-6.000000E-2	-1.400000E-13	1.400000E-13	-3.565062E-15	3.565062E-15
-5.000000E-2	1.290000E-12	1.290000E-12	3.284950E-14	3.284950E-14
-4.000000E-2	1.940000E-12	1.940000E-12	4.940158E-14	4.940158E-14
-3.000000E-2	5.700000E-12	5.700000E-12	1.451490E-13	1.451490E-13
-2.000000E-2	-4.200000E-13	4.200000E-13	-1.069519E-14	1.069519E-14
-1.000000E-2	-1.020000E-12	1.020000E-12	-2.597403E-14	2.597403E-14
0.000000E+0	-4.200000E-13	4.200000E-13	-1.069519E-14	1.069519E-14
1.000000E-2	1.830000E-12	1.830000E-12	4.660046E-14	4.660046E-14
2.000000E-2	1.570000E-12	1.570000E-12	3.997963E-14	3.997963E-14
3.000000E-2	1.960000E-12	1.960000E-12	4.991087E-14	4.991087E-14
4.000000E-2	2.570000E-12	2.570000E-12	6.544436E-14	6.544436E-14
5.000000E-2	1.700000E-12	1.700000E-12	4.329004E-14	4.329004E-14
6.000000E-2	1.800000E-12	1.800000E-12	4.583652E-14	4.583652E-14
7.000000E-2	1.630000E-12	1.630000E-12	4.150751E-14	4.150751E-14
8.000000E-2	1.800000E-12	1.800000E-12	4.583652E-14	4.583652E-14
9.000000E-2	1.410000E-12	1.410000E-12	3.590527E-14	3.590527E-14
1.000000E-1	1.780000E-12	1.780000E-12	4.532722E-14	4.532722E-14
1.100000E-1	1.660000E-12	1.660000E-12	4.227145E-14	4.227145E-14
1.200000E-1	2.180000E-12	2.180000E-12	5.551311E-14	5.551311E-14
1.300000E-1	2.330000E-12	2.330000E-12	5.933282E-14	5.933282E-14
1.400000E-1	1.520000E-12	1.520000E-12	3.870639E-14	3.870639E-14
1.500000E-1	1.770000E-12	1.770000E-12	4.507257E-14	4.507257E-14
1.600000E-1	2.520000E-12	2.520000E-12	6.417112E-14	6.417112E-14
1.700000E-1	2.630000E-12	2.630000E-12	6.697224E-14	6.697224E-14
1.800000E-1	2.940000E-12	2.940000E-12	7.486631E-14	7.486631E-14
1.900000E-1	2.420000E-12	2.420000E-12	6.162465E-14	6.162465E-14
2.000000E-1	2.950000E-12	2.950000E-12	7.512096E-14	7.512096E-14
2.100000E-1	4.370000E-12	4.370000E-12	1.112809E-13	1.112809E-13
2.200000E-1	2.850000E-12	2.850000E-12	7.257448E-14	7.257448E-14
2.300000E-1	2.210000E-12	2.210000E-12	5.627706E-14	5.627706E-14
2.400000E-1	3.080000E-12	3.080000E-12	7.843137E-14	7.843137E-14
2.500000E-1	3.620000E-12	3.620000E-12	9.218233E-14	9.218233E-14
2.600000E-1	5.230000E-12	5.230000E-12	1.331805E-13	1.331805E-13
2.700000E-1	1.980000E-12	1.980000E-12	5.042017E-14	5.042017E-14
2.800000E-1	1.700000E-12	1.700000E-12	4.329004E-14	4.329004E-14
2.900000E-1	2.710000E-12	2.710000E-12	6.900942E-14	6.900942E-14
3.000000E-1	2.040000E-12	2.040000E-12	5.194805E-14	5.194805E-14
3.100000E-1	2.520000E-12	2.520000E-12	6.417112E-14	6.417112E-14
3.200000E-1	4.730000E-12	4.730000E-12	1.204482E-13	1.204482E-13
3.300000E-1	3.410000E-12	3.410000E-12	8.683473E-14	8.683473E-14
3.400000E-1	1.070000E-12	1.070000E-12	2.724726E-14	2.724726E-14
3.500000E-1	3.420000E-12	3.420000E-12	8.708938E-14	8.708938E-14
3.600000E-1	2.590000E-12	2.590000E-12	6.595365E-14	6.595365E-14
3.700000E-1	2.610000E-12	2.610000E-12	6.646295E-14	6.646295E-14
3.800000E-1	2.700000E-12	2.700000E-12	6.875477E-14	6.875477E-14
3.900000E-1	3.530000E-12	3.530000E-12	8.989050E-14	8.989050E-14
4.000000E-1	3.020000E-12	3.020000E-12	7.690349E-14	7.690349E-14
4.100000E-1	3.050000E-12	3.050000E-12	7.766743E-14	7.766743E-14
4.200000E-1	3.650000E-12	3.650000E-12	9.294627E-14	9.294627E-14
4.300000E-1	3.770000E-12	3.770000E-12	9.600204E-14	9.600204E-14
4.400000E-1	3.500000E-12	3.500000E-12	8.912656E-14	8.912656E-14
4.500000E-1	3.500000E-12	3.500000E-12	8.912656E-14	8.912656E-14
4.600000E-1	3.130000E-12	3.130000E-12	7.970461E-14	7.970461E-14
4.700000E-1	3.800000E-12	3.800000E-12	9.676598E-14	9.676598E-14
4.800000E-1	3.760000E-12	3.760000E-12	9.574739E-14	9.574739E-14
4.900000E-1	3.870000E-12	3.870000E-12	9.854851E-14	9.854851E-14
5.000000E-1	3.070000E-12	3.070000E-12	7.817672E-14	7.817672E-14
