

16:15:25	16/03/21


Ell Cont: 5,0x10,0

SMU1	V name:		V1
	I name:		I1
	Mode:		V
	Function:	VAR1
SMU2	V name:		V2
	I name:		I2
	Mode:		common
	Function:	const.
SMU3	off
SMU4	off
VMUs	off

Primary Source (VAR1):	single
	Sweep Spacing:	linear
	Start:		-0.500000
	Stop:		0.500000
	Step:		0.010000
	Compliance:	0.050000
Power Compliance OFF

Timing:		Integration Time:	medium
	Delay Time (sec):	0.000000
	Hold Time (sec):	0.000000
	Wait Time (sec):	1.000000

Secondary Source (VAR2):	OFF


   V1	   I1	Abs(I)	J (A\um²)	Abs(J)
-5.000000E-1	-1.251000E-11	1.251000E-11	-3.185638E-13	3.185638E-13
-4.900000E-1	-8.320000E-12	8.320000E-12	-2.118666E-13	2.118666E-13
-4.800000E-1	-6.570000E-12	6.570000E-12	-1.673033E-13	1.673033E-13
-4.700000E-1	-5.500000E-12	5.500000E-12	-1.400560E-13	1.400560E-13
-4.600000E-1	-4.360000E-12	4.360000E-12	-1.110262E-13	1.110262E-13
-4.500000E-1	-3.620000E-12	3.620000E-12	-9.218233E-14	9.218233E-14
-4.400000E-1	-3.040000E-12	3.040000E-12	-7.741278E-14	7.741278E-14
-4.300000E-1	-2.500000E-12	2.500000E-12	-6.366183E-14	6.366183E-14
-4.200000E-1	-1.700000E-12	1.700000E-12	-4.329004E-14	4.329004E-14
-4.100000E-1	-1.360000E-12	1.360000E-12	-3.463203E-14	3.463203E-14
-4.000000E-1	-1.740000E-12	1.740000E-12	-4.430863E-14	4.430863E-14
-3.900000E-1	-1.370000E-12	1.370000E-12	-3.488668E-14	3.488668E-14
-3.800000E-1	-1.600000E-12	1.600000E-12	-4.074357E-14	4.074357E-14
-3.700000E-1	-6.600000E-13	6.600000E-13	-1.680672E-14	1.680672E-14
-3.600000E-1	-1.370000E-12	1.370000E-12	-3.488668E-14	3.488668E-14
-3.500000E-1	-9.600000E-13	9.600000E-13	-2.444614E-14	2.444614E-14
-3.400000E-1	-6.100000E-13	6.100000E-13	-1.553349E-14	1.553349E-14
-3.300000E-1	-1.140000E-12	1.140000E-12	-2.902979E-14	2.902979E-14
-3.200000E-1	-1.380000E-12	1.380000E-12	-3.514133E-14	3.514133E-14
-3.100000E-1	-6.100000E-13	6.100000E-13	-1.553349E-14	1.553349E-14
-3.000000E-1	-7.100000E-13	7.100000E-13	-1.807996E-14	1.807996E-14
-2.900000E-1	-2.000000E-13	2.000000E-13	-5.092946E-15	5.092946E-15
-2.800000E-1	7.100000E-13	7.100000E-13	1.807996E-14	1.807996E-14
-2.700000E-1	1.340000E-12	1.340000E-12	3.412274E-14	3.412274E-14
-2.600000E-1	-6.500000E-13	6.500000E-13	-1.655208E-14	1.655208E-14
-2.500000E-1	8.800000E-13	8.800000E-13	2.240896E-14	2.240896E-14
-2.400000E-1	9.400000E-13	9.400000E-13	2.393685E-14	2.393685E-14
-2.300000E-1	3.000000E-14	3.000000E-14	7.639419E-16	7.639419E-16
-2.200000E-1	4.300000E-13	4.300000E-13	1.094983E-14	1.094983E-14
-2.100000E-1	7.100000E-13	7.100000E-13	1.807996E-14	1.807996E-14
-2.000000E-1	2.800000E-13	2.800000E-13	7.130125E-15	7.130125E-15
-1.900000E-1	2.230000E-12	2.230000E-12	5.678635E-14	5.678635E-14
-1.800000E-1	2.720000E-12	2.720000E-12	6.926407E-14	6.926407E-14
-1.700000E-1	2.160000E-12	2.160000E-12	5.500382E-14	5.500382E-14
-1.600000E-1	-1.200000E-12	1.200000E-12	-3.055768E-14	3.055768E-14
-1.500000E-1	-7.000000E-14	7.000000E-14	-1.782531E-15	1.782531E-15
-1.400000E-1	4.200000E-13	4.200000E-13	1.069519E-14	1.069519E-14
-1.300000E-1	8.100000E-13	8.100000E-13	2.062643E-14	2.062643E-14
-1.200000E-1	6.200000E-13	6.200000E-13	1.578813E-14	1.578813E-14
-1.100000E-1	9.100000E-13	9.100000E-13	2.317291E-14	2.317291E-14
-1.000000E-1	1.140000E-12	1.140000E-12	2.902979E-14	2.902979E-14
-9.000000E-2	9.200000E-13	9.200000E-13	2.342755E-14	2.342755E-14
-8.000000E-2	7.100000E-13	7.100000E-13	1.807996E-14	1.807996E-14
-7.000000E-2	1.170000E-12	1.170000E-12	2.979374E-14	2.979374E-14
-6.000000E-2	1.110000E-12	1.110000E-12	2.826585E-14	2.826585E-14
-5.000000E-2	1.490000E-12	1.490000E-12	3.794245E-14	3.794245E-14
-4.000000E-2	1.650000E-12	1.650000E-12	4.201681E-14	4.201681E-14
-3.000000E-2	2.090000E-12	2.090000E-12	5.322129E-14	5.322129E-14
-2.000000E-2	1.320000E-12	1.320000E-12	3.361344E-14	3.361344E-14
-1.000000E-2	1.760000E-12	1.760000E-12	4.481793E-14	4.481793E-14
0.000000E+0	1.740000E-12	1.740000E-12	4.430863E-14	4.430863E-14
1.000000E-2	2.210000E-12	2.210000E-12	5.627706E-14	5.627706E-14
2.000000E-2	2.480000E-12	2.480000E-12	6.315253E-14	6.315253E-14
3.000000E-2	2.500000E-12	2.500000E-12	6.366183E-14	6.366183E-14
4.000000E-2	2.980000E-12	2.980000E-12	7.588490E-14	7.588490E-14
5.000000E-2	2.060000E-12	2.060000E-12	5.245735E-14	5.245735E-14
6.000000E-2	2.310000E-12	2.310000E-12	5.882353E-14	5.882353E-14
7.000000E-2	2.680000E-12	2.680000E-12	6.824548E-14	6.824548E-14
8.000000E-2	2.480000E-12	2.480000E-12	6.315253E-14	6.315253E-14
9.000000E-2	1.460000E-12	1.460000E-12	3.717851E-14	3.717851E-14
1.000000E-1	1.910000E-12	1.910000E-12	4.863764E-14	4.863764E-14
1.100000E-1	2.150000E-12	2.150000E-12	5.474917E-14	5.474917E-14
1.200000E-1	1.640000E-12	1.640000E-12	4.176216E-14	4.176216E-14
1.300000E-1	1.820000E-12	1.820000E-12	4.634581E-14	4.634581E-14
1.400000E-1	1.940000E-12	1.940000E-12	4.940158E-14	4.940158E-14
1.500000E-1	1.710000E-12	1.710000E-12	4.354469E-14	4.354469E-14
1.600000E-1	1.750000E-12	1.750000E-12	4.456328E-14	4.456328E-14
1.700000E-1	2.000000E-12	2.000000E-12	5.092946E-14	5.092946E-14
1.800000E-1	2.320000E-12	2.320000E-12	5.907818E-14	5.907818E-14
1.900000E-1	2.330000E-12	2.330000E-12	5.933282E-14	5.933282E-14
2.000000E-1	2.420000E-12	2.420000E-12	6.162465E-14	6.162465E-14
2.100000E-1	2.800000E-12	2.800000E-12	7.130125E-14	7.130125E-14
2.200000E-1	2.980000E-12	2.980000E-12	7.588490E-14	7.588490E-14
2.300000E-1	2.680000E-12	2.680000E-12	6.824548E-14	6.824548E-14
2.400000E-1	2.730000E-12	2.730000E-12	6.951872E-14	6.951872E-14
2.500000E-1	2.570000E-12	2.570000E-12	6.544436E-14	6.544436E-14
2.600000E-1	2.890000E-12	2.890000E-12	7.359307E-14	7.359307E-14
2.700000E-1	2.600000E-12	2.600000E-12	6.620830E-14	6.620830E-14
2.800000E-1	2.520000E-12	2.520000E-12	6.417112E-14	6.417112E-14
2.900000E-1	2.670000E-12	2.670000E-12	6.799083E-14	6.799083E-14
3.000000E-1	2.640000E-12	2.640000E-12	6.722689E-14	6.722689E-14
3.100000E-1	2.660000E-12	2.660000E-12	6.773618E-14	6.773618E-14
3.200000E-1	2.670000E-12	2.670000E-12	6.799083E-14	6.799083E-14
3.300000E-1	3.300000E-12	3.300000E-12	8.403361E-14	8.403361E-14
3.400000E-1	2.430000E-12	2.430000E-12	6.187930E-14	6.187930E-14
3.500000E-1	2.830000E-12	2.830000E-12	7.206519E-14	7.206519E-14
3.600000E-1	3.130000E-12	3.130000E-12	7.970461E-14	7.970461E-14
3.700000E-1	3.070000E-12	3.070000E-12	7.817672E-14	7.817672E-14
3.800000E-1	3.370000E-12	3.370000E-12	8.581614E-14	8.581614E-14
3.900000E-1	3.290000E-12	3.290000E-12	8.377897E-14	8.377897E-14
4.000000E-1	3.040000E-12	3.040000E-12	7.741278E-14	7.741278E-14
4.100000E-1	3.180000E-12	3.180000E-12	8.097784E-14	8.097784E-14
4.200000E-1	3.190000E-12	3.190000E-12	8.123249E-14	8.123249E-14
4.300000E-1	3.550000E-12	3.550000E-12	9.039980E-14	9.039980E-14
4.400000E-1	3.200000E-12	3.200000E-12	8.148714E-14	8.148714E-14
4.500000E-1	3.210000E-12	3.210000E-12	8.174179E-14	8.174179E-14
4.600000E-1	3.330000E-12	3.330000E-12	8.479755E-14	8.479755E-14
4.700000E-1	3.450000E-12	3.450000E-12	8.785332E-14	8.785332E-14
4.800000E-1	3.630000E-12	3.630000E-12	9.243697E-14	9.243697E-14
4.900000E-1	3.650000E-12	3.650000E-12	9.294627E-14	9.294627E-14
5.000000E-1	3.530000E-12	3.530000E-12	8.989050E-14	8.989050E-14
