

15:50:32	16/03/21


Ell Cont: 5,0x10,0

SMU1	V name:		V1
	I name:		I1
	Mode:		V
	Function:	VAR1
SMU2	V name:		V2
	I name:		I2
	Mode:		common
	Function:	const.
SMU3	off
SMU4	off
VMUs	off

Primary Source (VAR1):	single
	Sweep Spacing:	linear
	Start:		-0.500000
	Stop:		0.500000
	Step:		0.010000
	Compliance:	0.050000
Power Compliance OFF

Timing:		Integration Time:	medium
	Delay Time (sec):	0.000000
	Hold Time (sec):	0.000000
	Wait Time (sec):	1.000000

Secondary Source (VAR2):	OFF


   V1	   I1	Abs(I)	J (A\um²)	Abs(J)
-5.000000E-1	-1.259000E-11	1.259000E-11	-3.206010E-13	3.206010E-13
-4.900000E-1	-1.507000E-11	1.507000E-11	-3.837535E-13	3.837535E-13
-4.800000E-1	-5.610000E-12	5.610000E-12	-1.428571E-13	1.428571E-13
-4.700000E-1	4.400000E-13	4.400000E-13	1.120448E-14	1.120448E-14
-4.600000E-1	-6.370000E-12	6.370000E-12	-1.622103E-13	1.622103E-13
-4.500000E-1	-8.900000E-13	8.900000E-13	-2.266361E-14	2.266361E-14
-4.400000E-1	-3.210000E-12	3.210000E-12	-8.174179E-14	8.174179E-14
-4.300000E-1	-8.800000E-13	8.800000E-13	-2.240896E-14	2.240896E-14
-4.200000E-1	-3.590000E-12	3.590000E-12	-9.141838E-14	9.141838E-14
-4.100000E-1	-3.120000E-12	3.120000E-12	-7.944996E-14	7.944996E-14
-4.000000E-1	-2.040000E-12	2.040000E-12	-5.194805E-14	5.194805E-14
-3.900000E-1	-1.200000E-13	1.200000E-13	-3.055768E-15	3.055768E-15
-3.800000E-1	-3.200000E-13	3.200000E-13	-8.148714E-15	8.148714E-15
-3.700000E-1	-8.600000E-13	8.600000E-13	-2.189967E-14	2.189967E-14
-3.600000E-1	-1.800000E-13	1.800000E-13	-4.583652E-15	4.583652E-15
-3.500000E-1	-1.490000E-12	1.490000E-12	-3.794245E-14	3.794245E-14
-3.400000E-1	-9.600000E-13	9.600000E-13	-2.444614E-14	2.444614E-14
-3.300000E-1	-9.900000E-13	9.900000E-13	-2.521008E-14	2.521008E-14
-3.200000E-1	-1.800000E-13	1.800000E-13	-4.583652E-15	4.583652E-15
-3.100000E-1	5.100000E-13	5.100000E-13	1.298701E-14	1.298701E-14
-3.000000E-1	1.010000E-12	1.010000E-12	2.571938E-14	2.571938E-14
-2.900000E-1	-4.400000E-13	4.400000E-13	-1.120448E-14	1.120448E-14
-2.800000E-1	-1.170000E-12	1.170000E-12	-2.979374E-14	2.979374E-14
-2.700000E-1	-1.490000E-12	1.490000E-12	-3.794245E-14	3.794245E-14
-2.600000E-1	5.100000E-13	5.100000E-13	1.298701E-14	1.298701E-14
-2.500000E-1	4.400000E-13	4.400000E-13	1.120448E-14	1.120448E-14
-2.400000E-1	7.400000E-13	7.400000E-13	1.884390E-14	1.884390E-14
-2.300000E-1	1.500000E-13	1.500000E-13	3.819710E-15	3.819710E-15
-2.200000E-1	4.900000E-13	4.900000E-13	1.247772E-14	1.247772E-14
-2.100000E-1	1.350000E-12	1.350000E-12	3.437739E-14	3.437739E-14
-2.000000E-1	7.200000E-13	7.200000E-13	1.833461E-14	1.833461E-14
-1.900000E-1	8.100000E-13	8.100000E-13	2.062643E-14	2.062643E-14
-1.800000E-1	1.050000E-12	1.050000E-12	2.673797E-14	2.673797E-14
-1.700000E-1	1.030000E-12	1.030000E-12	2.622867E-14	2.622867E-14
-1.600000E-1	9.500000E-13	9.500000E-13	2.419149E-14	2.419149E-14
-1.500000E-1	1.390000E-12	1.390000E-12	3.539598E-14	3.539598E-14
-1.400000E-1	1.160000E-12	1.160000E-12	2.953909E-14	2.953909E-14
-1.300000E-1	7.600000E-13	7.600000E-13	1.935320E-14	1.935320E-14
-1.200000E-1	1.060000E-12	1.060000E-12	2.699261E-14	2.699261E-14
-1.100000E-1	1.030000E-12	1.030000E-12	2.622867E-14	2.622867E-14
-1.000000E-1	1.110000E-12	1.110000E-12	2.826585E-14	2.826585E-14
-9.000000E-2	9.900000E-13	9.900000E-13	2.521008E-14	2.521008E-14
-8.000000E-2	1.260000E-12	1.260000E-12	3.208556E-14	3.208556E-14
-7.000000E-2	1.110000E-12	1.110000E-12	2.826585E-14	2.826585E-14
-6.000000E-2	1.070000E-12	1.070000E-12	2.724726E-14	2.724726E-14
-5.000000E-2	1.380000E-12	1.380000E-12	3.514133E-14	3.514133E-14
-4.000000E-2	1.700000E-12	1.700000E-12	4.329004E-14	4.329004E-14
-3.000000E-2	1.510000E-12	1.510000E-12	3.845174E-14	3.845174E-14
-2.000000E-2	1.620000E-12	1.620000E-12	4.125286E-14	4.125286E-14
-1.000000E-2	1.520000E-12	1.520000E-12	3.870639E-14	3.870639E-14
0.000000E+0	1.620000E-12	1.620000E-12	4.125286E-14	4.125286E-14
1.000000E-2	1.800000E-12	1.800000E-12	4.583652E-14	4.583652E-14
2.000000E-2	1.390000E-12	1.390000E-12	3.539598E-14	3.539598E-14
3.000000E-2	1.660000E-12	1.660000E-12	4.227145E-14	4.227145E-14
4.000000E-2	1.960000E-12	1.960000E-12	4.991087E-14	4.991087E-14
5.000000E-2	2.250000E-12	2.250000E-12	5.729564E-14	5.729564E-14
6.000000E-2	1.970000E-12	1.970000E-12	5.016552E-14	5.016552E-14
7.000000E-2	1.830000E-12	1.830000E-12	4.660046E-14	4.660046E-14
8.000000E-2	1.880000E-12	1.880000E-12	4.787369E-14	4.787369E-14
9.000000E-2	1.920000E-12	1.920000E-12	4.889228E-14	4.889228E-14
1.000000E-1	2.030000E-12	2.030000E-12	5.169340E-14	5.169340E-14
1.100000E-1	1.760000E-12	1.760000E-12	4.481793E-14	4.481793E-14
1.200000E-1	2.140000E-12	2.140000E-12	5.449452E-14	5.449452E-14
1.300000E-1	2.020000E-12	2.020000E-12	5.143876E-14	5.143876E-14
1.400000E-1	2.180000E-12	2.180000E-12	5.551311E-14	5.551311E-14
1.500000E-1	1.780000E-12	1.780000E-12	4.532722E-14	4.532722E-14
1.600000E-1	1.670000E-12	1.670000E-12	4.252610E-14	4.252610E-14
1.700000E-1	1.870000E-12	1.870000E-12	4.761905E-14	4.761905E-14
1.800000E-1	2.070000E-12	2.070000E-12	5.271199E-14	5.271199E-14
1.900000E-1	2.240000E-12	2.240000E-12	5.704100E-14	5.704100E-14
2.000000E-1	2.240000E-12	2.240000E-12	5.704100E-14	5.704100E-14
2.100000E-1	1.920000E-12	1.920000E-12	4.889228E-14	4.889228E-14
2.200000E-1	2.830000E-12	2.830000E-12	7.206519E-14	7.206519E-14
2.300000E-1	1.070000E-12	1.070000E-12	2.724726E-14	2.724726E-14
2.400000E-1	-2.000000E-14	2.000000E-14	-5.092946E-16	5.092946E-16
2.500000E-1	-2.440000E-12	2.440000E-12	-6.213394E-14	6.213394E-14
2.600000E-1	3.020000E-12	3.020000E-12	7.690349E-14	7.690349E-14
2.700000E-1	5.470000E-12	5.470000E-12	1.392921E-13	1.392921E-13
2.800000E-1	3.080000E-12	3.080000E-12	7.843137E-14	7.843137E-14
2.900000E-1	2.420000E-12	2.420000E-12	6.162465E-14	6.162465E-14
3.000000E-1	2.490000E-12	2.490000E-12	6.340718E-14	6.340718E-14
3.100000E-1	3.170000E-12	3.170000E-12	8.072320E-14	8.072320E-14
3.200000E-1	3.310000E-12	3.310000E-12	8.428826E-14	8.428826E-14
3.300000E-1	2.110000E-12	2.110000E-12	5.373058E-14	5.373058E-14
3.400000E-1	2.690000E-12	2.690000E-12	6.850013E-14	6.850013E-14
3.500000E-1	2.830000E-12	2.830000E-12	7.206519E-14	7.206519E-14
3.600000E-1	2.700000E-12	2.700000E-12	6.875477E-14	6.875477E-14
3.700000E-1	3.230000E-12	3.230000E-12	8.225108E-14	8.225108E-14
3.800000E-1	2.870000E-12	2.870000E-12	7.308378E-14	7.308378E-14
3.900000E-1	3.020000E-12	3.020000E-12	7.690349E-14	7.690349E-14
4.000000E-1	2.300000E-12	2.300000E-12	5.856888E-14	5.856888E-14
4.100000E-1	2.820000E-12	2.820000E-12	7.181054E-14	7.181054E-14
4.200000E-1	2.660000E-12	2.660000E-12	6.773618E-14	6.773618E-14
4.300000E-1	3.500000E-12	3.500000E-12	8.912656E-14	8.912656E-14
4.400000E-1	2.880000E-12	2.880000E-12	7.333843E-14	7.333843E-14
4.500000E-1	2.890000E-12	2.890000E-12	7.359307E-14	7.359307E-14
4.600000E-1	3.280000E-12	3.280000E-12	8.352432E-14	8.352432E-14
4.700000E-1	2.780000E-12	2.780000E-12	7.079195E-14	7.079195E-14
4.800000E-1	2.990000E-12	2.990000E-12	7.613955E-14	7.613955E-14
4.900000E-1	2.550000E-12	2.550000E-12	6.493506E-14	6.493506E-14
5.000000E-1	3.080000E-12	3.080000E-12	7.843137E-14	7.843137E-14
