

16:10:31	16/03/21


Ell Cont: 5,0x10,0

SMU1	V name:		V1
	I name:		I1
	Mode:		V
	Function:	VAR1
SMU2	V name:		V2
	I name:		I2
	Mode:		common
	Function:	const.
SMU3	off
SMU4	off
VMUs	off

Primary Source (VAR1):	single
	Sweep Spacing:	linear
	Start:		-0.500000
	Stop:		0.500000
	Step:		0.010000
	Compliance:	0.050000
Power Compliance OFF

Timing:		Integration Time:	medium
	Delay Time (sec):	0.000000
	Hold Time (sec):	0.000000
	Wait Time (sec):	1.000000

Secondary Source (VAR2):	OFF


   V1	   I1	Abs(I)	J (A\µm²)	Abs(J)
-5.000000E-1	-1.324000E-11	1.324000E-11	-3.371530E-13	3.371530E-13
-4.900000E-1	-8.660000E-12	8.660000E-12	-2.205246E-13	2.205246E-13
-4.800000E-1	-5.660000E-12	5.660000E-12	-1.441304E-13	1.441304E-13
-4.700000E-1	-3.450000E-12	3.450000E-12	-8.785332E-14	8.785332E-14
-4.600000E-1	-4.110000E-12	4.110000E-12	-1.046600E-13	1.046600E-13
-4.500000E-1	-3.510000E-12	3.510000E-12	-8.938121E-14	8.938121E-14
-4.400000E-1	-3.070000E-12	3.070000E-12	-7.817672E-14	7.817672E-14
-4.300000E-1	-2.620000E-12	2.620000E-12	-6.671760E-14	6.671760E-14
-4.200000E-1	-2.320000E-12	2.320000E-12	-5.907818E-14	5.907818E-14
-4.100000E-1	-1.730000E-12	1.730000E-12	-4.405398E-14	4.405398E-14
-4.000000E-1	-1.390000E-12	1.390000E-12	-3.539598E-14	3.539598E-14
-3.900000E-1	-1.370000E-12	1.370000E-12	-3.488668E-14	3.488668E-14
-3.800000E-1	-8.900000E-13	8.900000E-13	-2.266361E-14	2.266361E-14
-3.700000E-1	-1.760000E-12	1.760000E-12	-4.481793E-14	4.481793E-14
-3.600000E-1	-7.700000E-13	7.700000E-13	-1.960784E-14	1.960784E-14
-3.500000E-1	-3.600000E-13	3.600000E-13	-9.167303E-15	9.167303E-15
-3.400000E-1	-3.400000E-13	3.400000E-13	-8.658009E-15	8.658009E-15
-3.300000E-1	-4.700000E-13	4.700000E-13	-1.196842E-14	1.196842E-14
-3.200000E-1	1.970000E-12	1.970000E-12	5.016552E-14	5.016552E-14
-3.100000E-1	9.900000E-13	9.900000E-13	2.521008E-14	2.521008E-14
-3.000000E-1	-1.090000E-12	1.090000E-12	-2.775656E-14	2.775656E-14
-2.900000E-1	-2.300000E-12	2.300000E-12	-5.856888E-14	5.856888E-14
-2.800000E-1	5.900000E-13	5.900000E-13	1.502419E-14	1.502419E-14
-2.700000E-1	1.690000E-12	1.690000E-12	4.303540E-14	4.303540E-14
-2.600000E-1	1.880000E-12	1.880000E-12	4.787369E-14	4.787369E-14
-2.500000E-1	2.860000E-12	2.860000E-12	7.282913E-14	7.282913E-14
-2.400000E-1	3.100000E-13	3.100000E-13	7.894067E-15	7.894067E-15
-2.300000E-1	6.200000E-13	6.200000E-13	1.578813E-14	1.578813E-14
-2.200000E-1	-2.760000E-12	2.760000E-12	-7.028266E-14	7.028266E-14
-2.100000E-1	1.100000E-13	1.100000E-13	2.801120E-15	2.801120E-15
-2.000000E-1	4.500000E-13	4.500000E-13	1.145913E-14	1.145913E-14
-1.900000E-1	1.740000E-12	1.740000E-12	4.430863E-14	4.430863E-14
-1.800000E-1	4.460000E-12	4.460000E-12	1.135727E-13	1.135727E-13
-1.700000E-1	-5.500000E-13	5.500000E-13	-1.400560E-14	1.400560E-14
-1.600000E-1	-2.340000E-12	2.340000E-12	-5.958747E-14	5.958747E-14
-1.500000E-1	1.130000E-12	1.130000E-12	2.877515E-14	2.877515E-14
-1.400000E-1	1.250000E-12	1.250000E-12	3.183091E-14	3.183091E-14
-1.300000E-1	9.400000E-13	9.400000E-13	2.393685E-14	2.393685E-14
-1.200000E-1	1.520000E-12	1.520000E-12	3.870639E-14	3.870639E-14
-1.100000E-1	1.070000E-12	1.070000E-12	2.724726E-14	2.724726E-14
-1.000000E-1	1.980000E-12	1.980000E-12	5.042017E-14	5.042017E-14
-9.000000E-2	1.510000E-12	1.510000E-12	3.845174E-14	3.845174E-14
-8.000000E-2	1.920000E-12	1.920000E-12	4.889228E-14	4.889228E-14
-7.000000E-2	1.770000E-12	1.770000E-12	4.507257E-14	4.507257E-14
-6.000000E-2	1.580000E-12	1.580000E-12	4.023428E-14	4.023428E-14
-5.000000E-2	1.960000E-12	1.960000E-12	4.991087E-14	4.991087E-14
-4.000000E-2	6.300000E-13	6.300000E-13	1.604278E-14	1.604278E-14
-3.000000E-2	2.570000E-12	2.570000E-12	6.544436E-14	6.544436E-14
-2.000000E-2	6.400000E-13	6.400000E-13	1.629743E-14	1.629743E-14
-1.000000E-2	1.850000E-12	1.850000E-12	4.710975E-14	4.710975E-14
0.000000E+0	4.300000E-13	4.300000E-13	1.094983E-14	1.094983E-14
1.000000E-2	2.120000E-12	2.120000E-12	5.398523E-14	5.398523E-14
2.000000E-2	1.850000E-12	1.850000E-12	4.710975E-14	4.710975E-14
3.000000E-2	1.260000E-12	1.260000E-12	3.208556E-14	3.208556E-14
4.000000E-2	1.940000E-12	1.940000E-12	4.940158E-14	4.940158E-14
5.000000E-2	1.710000E-12	1.710000E-12	4.354469E-14	4.354469E-14
6.000000E-2	2.810000E-12	2.810000E-12	7.155589E-14	7.155589E-14
7.000000E-2	1.000000E-12	1.000000E-12	2.546473E-14	2.546473E-14
8.000000E-2	2.500000E-12	2.500000E-12	6.366183E-14	6.366183E-14
9.000000E-2	3.460000E-12	3.460000E-12	8.810797E-14	8.810797E-14
1.000000E-1	1.230000E-12	1.230000E-12	3.132162E-14	3.132162E-14
1.100000E-1	2.420000E-12	2.420000E-12	6.162465E-14	6.162465E-14
1.200000E-1	1.870000E-12	1.870000E-12	4.761905E-14	4.761905E-14
1.300000E-1	3.010000E-12	3.010000E-12	7.664884E-14	7.664884E-14
1.400000E-1	2.170000E-12	2.170000E-12	5.525847E-14	5.525847E-14
1.500000E-1	2.370000E-12	2.370000E-12	6.035141E-14	6.035141E-14
1.600000E-1	2.140000E-12	2.140000E-12	5.449452E-14	5.449452E-14
1.700000E-1	2.530000E-12	2.530000E-12	6.442577E-14	6.442577E-14
1.800000E-1	1.980000E-12	1.980000E-12	5.042017E-14	5.042017E-14
1.900000E-1	3.240000E-12	3.240000E-12	8.250573E-14	8.250573E-14
2.000000E-1	1.600000E-12	1.600000E-12	4.074357E-14	4.074357E-14
2.100000E-1	3.060000E-12	3.060000E-12	7.792208E-14	7.792208E-14
2.200000E-1	2.300000E-12	2.300000E-12	5.856888E-14	5.856888E-14
2.300000E-1	3.630000E-12	3.630000E-12	9.243697E-14	9.243697E-14
2.400000E-1	2.120000E-12	2.120000E-12	5.398523E-14	5.398523E-14
2.500000E-1	2.100000E-12	2.100000E-12	5.347594E-14	5.347594E-14
2.600000E-1	3.640000E-12	3.640000E-12	9.269162E-14	9.269162E-14
2.700000E-1	2.840000E-12	2.840000E-12	7.231984E-14	7.231984E-14
2.800000E-1	3.490000E-12	3.490000E-12	8.887191E-14	8.887191E-14
2.900000E-1	2.850000E-12	2.850000E-12	7.257448E-14	7.257448E-14
3.000000E-1	3.270000E-12	3.270000E-12	8.326967E-14	8.326967E-14
3.100000E-1	2.890000E-12	2.890000E-12	7.359307E-14	7.359307E-14
3.200000E-1	2.770000E-12	2.770000E-12	7.053731E-14	7.053731E-14
3.300000E-1	2.280000E-12	2.280000E-12	5.805959E-14	5.805959E-14
3.400000E-1	2.530000E-12	2.530000E-12	6.442577E-14	6.442577E-14
3.500000E-1	2.790000E-12	2.790000E-12	7.104660E-14	7.104660E-14
3.600000E-1	3.450000E-12	3.450000E-12	8.785332E-14	8.785332E-14
3.700000E-1	3.210000E-12	3.210000E-12	8.174179E-14	8.174179E-14
3.800000E-1	3.290000E-12	3.290000E-12	8.377897E-14	8.377897E-14
3.900000E-1	3.680000E-12	3.680000E-12	9.371021E-14	9.371021E-14
4.000000E-1	3.480000E-12	3.480000E-12	8.861726E-14	8.861726E-14
4.100000E-1	3.460000E-12	3.460000E-12	8.810797E-14	8.810797E-14
4.200000E-1	3.480000E-12	3.480000E-12	8.861726E-14	8.861726E-14
4.300000E-1	3.020000E-12	3.020000E-12	7.690349E-14	7.690349E-14
4.400000E-1	3.390000E-12	3.390000E-12	8.632544E-14	8.632544E-14
4.500000E-1	2.940000E-12	2.940000E-12	7.486631E-14	7.486631E-14
4.600000E-1	2.570000E-12	2.570000E-12	6.544436E-14	6.544436E-14
4.700000E-1	3.200000E-12	3.200000E-12	8.148714E-14	8.148714E-14
4.800000E-1	2.790000E-12	2.790000E-12	7.104660E-14	7.104660E-14
4.900000E-1	3.120000E-12	3.120000E-12	7.944996E-14	7.944996E-14
5.000000E-1	3.810000E-12	3.810000E-12	9.702063E-14	9.702063E-14
