

16:12:21	16/03/21


Ell Cont: 5,0x10,0

SMU1	V name:		V1
	I name:		I1
	Mode:		V
	Function:	VAR1
SMU2	V name:		V2
	I name:		I2
	Mode:		common
	Function:	const.
SMU3	off
SMU4	off
VMUs	off

Primary Source (VAR1):	single
	Sweep Spacing:	linear
	Start:		-0.500000
	Stop:		0.500000
	Step:		0.010000
	Compliance:	0.050000
Power Compliance OFF

Timing:		Integration Time:	medium
	Delay Time (sec):	0.000000
	Hold Time (sec):	0.000000
	Wait Time (sec):	1.000000

Secondary Source (VAR2):	OFF


   V1	   I1	Abs(I)	J (A\um²)	Abs(J)
-5.000000E-1	-1.016000E-11	1.016000E-11	-2.587217E-13	2.587217E-13
-4.900000E-1	-6.770000E-12	6.770000E-12	-1.723962E-13	1.723962E-13
-4.800000E-1	-8.660000E-12	8.660000E-12	-2.205246E-13	2.205246E-13
-4.700000E-1	-6.040000E-12	6.040000E-12	-1.538070E-13	1.538070E-13
-4.600000E-1	-5.010000E-12	5.010000E-12	-1.275783E-13	1.275783E-13
-4.500000E-1	-3.780000E-12	3.780000E-12	-9.625668E-14	9.625668E-14
-4.400000E-1	-3.430000E-12	3.430000E-12	-8.734403E-14	8.734403E-14
-4.300000E-1	-3.160000E-12	3.160000E-12	-8.046855E-14	8.046855E-14
-4.200000E-1	-2.540000E-12	2.540000E-12	-6.468042E-14	6.468042E-14
-4.100000E-1	-2.540000E-12	2.540000E-12	-6.468042E-14	6.468042E-14
-4.000000E-1	-2.020000E-12	2.020000E-12	-5.143876E-14	5.143876E-14
-3.900000E-1	-2.500000E-12	2.500000E-12	-6.366183E-14	6.366183E-14
-3.800000E-1	-1.590000E-12	1.590000E-12	-4.048892E-14	4.048892E-14
-3.700000E-1	-1.280000E-12	1.280000E-12	-3.259486E-14	3.259486E-14
-3.600000E-1	-9.000000E-13	9.000000E-13	-2.291826E-14	2.291826E-14
-3.500000E-1	-3.500000E-13	3.500000E-13	-8.912656E-15	8.912656E-15
-3.400000E-1	-8.200000E-13	8.200000E-13	-2.088108E-14	2.088108E-14
-3.300000E-1	-3.200000E-13	3.200000E-13	-8.148714E-15	8.148714E-15
-3.200000E-1	0.000000E+0	0.000000E+0	0.000000E+0	0.000000E+0
-3.100000E-1	-4.000000E-13	4.000000E-13	-1.018589E-14	1.018589E-14
-3.000000E-1	-2.600000E-13	2.600000E-13	-6.620830E-15	6.620830E-15
-2.900000E-1	1.200000E-13	1.200000E-13	3.055768E-15	3.055768E-15
-2.800000E-1	2.000000E-13	2.000000E-13	5.092946E-15	5.092946E-15
-2.700000E-1	2.700000E-13	2.700000E-13	6.875477E-15	6.875477E-15
-2.600000E-1	6.000000E-13	6.000000E-13	1.527884E-14	1.527884E-14
-2.500000E-1	2.500000E-13	2.500000E-13	6.366183E-15	6.366183E-15
-2.400000E-1	6.600000E-13	6.600000E-13	1.680672E-14	1.680672E-14
-2.300000E-1	3.700000E-13	3.700000E-13	9.421950E-15	9.421950E-15
-2.200000E-1	5.600000E-13	5.600000E-13	1.426025E-14	1.426025E-14
-2.100000E-1	4.600000E-13	4.600000E-13	1.171378E-14	1.171378E-14
-2.000000E-1	9.000000E-13	9.000000E-13	2.291826E-14	2.291826E-14
-1.900000E-1	8.400000E-13	8.400000E-13	2.139037E-14	2.139037E-14
-1.800000E-1	1.210000E-12	1.210000E-12	3.081232E-14	3.081232E-14
-1.700000E-1	1.590000E-12	1.590000E-12	4.048892E-14	4.048892E-14
-1.600000E-1	3.600000E-12	3.600000E-12	9.167303E-14	9.167303E-14
-1.500000E-1	3.770000E-12	3.770000E-12	9.600204E-14	9.600204E-14
-1.400000E-1	4.200000E-12	4.200000E-12	1.069519E-13	1.069519E-13
-1.300000E-1	3.460000E-12	3.460000E-12	8.810797E-14	8.810797E-14
-1.200000E-1	2.250000E-12	2.250000E-12	5.729564E-14	5.729564E-14
-1.100000E-1	2.110000E-12	2.110000E-12	5.373058E-14	5.373058E-14
-1.000000E-1	1.860000E-12	1.860000E-12	4.736440E-14	4.736440E-14
-9.000000E-2	2.180000E-12	2.180000E-12	5.551311E-14	5.551311E-14
-8.000000E-2	3.300000E-12	3.300000E-12	8.403361E-14	8.403361E-14
-7.000000E-2	2.240000E-12	2.240000E-12	5.704100E-14	5.704100E-14
-6.000000E-2	1.250000E-12	1.250000E-12	3.183091E-14	3.183091E-14
-5.000000E-2	1.880000E-12	1.880000E-12	4.787369E-14	4.787369E-14
-4.000000E-2	9.200000E-13	9.200000E-13	2.342755E-14	2.342755E-14
-3.000000E-2	1.690000E-12	1.690000E-12	4.303540E-14	4.303540E-14
-2.000000E-2	1.700000E-12	1.700000E-12	4.329004E-14	4.329004E-14
-1.000000E-2	1.710000E-12	1.710000E-12	4.354469E-14	4.354469E-14
0.000000E+0	1.840000E-12	1.840000E-12	4.685511E-14	4.685511E-14
1.000000E-2	2.130000E-12	2.130000E-12	5.423988E-14	5.423988E-14
2.000000E-2	1.940000E-12	1.940000E-12	4.940158E-14	4.940158E-14
3.000000E-2	1.440000E-12	1.440000E-12	3.666921E-14	3.666921E-14
4.000000E-2	2.120000E-12	2.120000E-12	5.398523E-14	5.398523E-14
5.000000E-2	1.300000E-12	1.300000E-12	3.310415E-14	3.310415E-14
6.000000E-2	5.800000E-13	5.800000E-13	1.476954E-14	1.476954E-14
7.000000E-2	1.490000E-12	1.490000E-12	3.794245E-14	3.794245E-14
8.000000E-2	2.570000E-12	2.570000E-12	6.544436E-14	6.544436E-14
9.000000E-2	1.580000E-12	1.580000E-12	4.023428E-14	4.023428E-14
1.000000E-1	1.100000E-12	1.100000E-12	2.801120E-14	2.801120E-14
1.100000E-1	1.660000E-12	1.660000E-12	4.227145E-14	4.227145E-14
1.200000E-1	3.810000E-12	3.810000E-12	9.702063E-14	9.702063E-14
1.300000E-1	3.240000E-12	3.240000E-12	8.250573E-14	8.250573E-14
1.400000E-1	2.230000E-12	2.230000E-12	5.678635E-14	5.678635E-14
1.500000E-1	2.520000E-12	2.520000E-12	6.417112E-14	6.417112E-14
1.600000E-1	2.930000E-12	2.930000E-12	7.461166E-14	7.461166E-14
1.700000E-1	3.250000E-12	3.250000E-12	8.276038E-14	8.276038E-14
1.800000E-1	2.390000E-12	2.390000E-12	6.086071E-14	6.086071E-14
1.900000E-1	3.150000E-12	3.150000E-12	8.021390E-14	8.021390E-14
2.000000E-1	3.260000E-12	3.260000E-12	8.301502E-14	8.301502E-14
2.100000E-1	4.080000E-12	4.080000E-12	1.038961E-13	1.038961E-13
2.200000E-1	2.530000E-12	2.530000E-12	6.442577E-14	6.442577E-14
2.300000E-1	2.720000E-12	2.720000E-12	6.926407E-14	6.926407E-14
2.400000E-1	2.570000E-12	2.570000E-12	6.544436E-14	6.544436E-14
2.500000E-1	1.980000E-12	1.980000E-12	5.042017E-14	5.042017E-14
2.600000E-1	1.770000E-12	1.770000E-12	4.507257E-14	4.507257E-14
2.700000E-1	6.100000E-13	6.100000E-13	1.553349E-14	1.553349E-14
2.800000E-1	4.690000E-12	4.690000E-12	1.194296E-13	1.194296E-13
2.900000E-1	-5.200000E-13	5.200000E-13	-1.324166E-14	1.324166E-14
3.000000E-1	2.980000E-12	2.980000E-12	7.588490E-14	7.588490E-14
3.100000E-1	1.280000E-12	1.280000E-12	3.259486E-14	3.259486E-14
3.200000E-1	1.350000E-12	1.350000E-12	3.437739E-14	3.437739E-14
3.300000E-1	4.210000E-12	4.210000E-12	1.072065E-13	1.072065E-13
3.400000E-1	3.400000E-12	3.400000E-12	8.658009E-14	8.658009E-14
3.500000E-1	2.490000E-12	2.490000E-12	6.340718E-14	6.340718E-14
3.600000E-1	2.400000E-12	2.400000E-12	6.111535E-14	6.111535E-14
3.700000E-1	3.650000E-12	3.650000E-12	9.294627E-14	9.294627E-14
3.800000E-1	4.000000E-12	4.000000E-12	1.018589E-13	1.018589E-13
3.900000E-1	4.480000E-12	4.480000E-12	1.140820E-13	1.140820E-13
4.000000E-1	2.500000E-12	2.500000E-12	6.366183E-14	6.366183E-14
4.100000E-1	4.540000E-12	4.540000E-12	1.156099E-13	1.156099E-13
4.200000E-1	3.440000E-12	3.440000E-12	8.759867E-14	8.759867E-14
4.300000E-1	2.710000E-12	2.710000E-12	6.900942E-14	6.900942E-14
4.400000E-1	2.680000E-12	2.680000E-12	6.824548E-14	6.824548E-14
4.500000E-1	2.980000E-12	2.980000E-12	7.588490E-14	7.588490E-14
4.600000E-1	3.560000E-12	3.560000E-12	9.065444E-14	9.065444E-14
4.700000E-1	3.890000E-12	3.890000E-12	9.905780E-14	9.905780E-14
4.800000E-1	2.840000E-12	2.840000E-12	7.231984E-14	7.231984E-14
4.900000E-1	3.140000E-12	3.140000E-12	7.995926E-14	7.995926E-14
5.000000E-1	2.900000E-12	2.900000E-12	7.384772E-14	7.384772E-14
