

15:32:21	16/03/21


Ell Cont: 5,0x10,0

SMU1	V name:		V1
	I name:		I1
	Mode:		V
	Function:	VAR1
SMU2	V name:		V2
	I name:		I2
	Mode:		common
	Function:	const.
SMU3	off
SMU4	off
VMUs	off

Primary Source (VAR1):	single
	Sweep Spacing:	linear
	Start:		-0.500000
	Stop:		0.500000
	Step:		0.010000
	Compliance:	0.050000
Power Compliance OFF

Timing:		Integration Time:	medium
	Delay Time (sec):	0.000000
	Hold Time (sec):	0.000000
	Wait Time (sec):	1.000000

Secondary Source (VAR2):	OFF


   V1	   I1	Abs(I)	J (A\um²)	Abs(J)
-5.000000E-1	-5.096840E-9	5.096840E-9	-1.297897E-10	1.297897E-10
-4.900000E-1	-3.308350E-9	3.308350E-9	-8.424624E-11	8.424624E-11
-4.800000E-1	-2.492900E-9	2.492900E-9	-6.348103E-11	6.348103E-11
-4.700000E-1	-1.972100E-9	1.972100E-9	-5.021900E-11	5.021900E-11
-4.600000E-1	-1.568600E-9	1.568600E-9	-3.994398E-11	3.994398E-11
-4.500000E-1	-1.284340E-9	1.284340E-9	-3.270537E-11	3.270537E-11
-4.400000E-1	-1.085680E-9	1.085680E-9	-2.764655E-11	2.764655E-11
-4.300000E-1	-9.488200E-10	9.488200E-10	-2.416145E-11	2.416145E-11
-4.200000E-1	-8.211900E-10	8.211900E-10	-2.091138E-11	2.091138E-11
-4.100000E-1	-8.052400E-10	8.052400E-10	-2.050522E-11	2.050522E-11
-4.000000E-1	-6.828100E-10	6.828100E-10	-1.738757E-11	1.738757E-11
-3.900000E-1	-6.003300E-10	6.003300E-10	-1.528724E-11	1.528724E-11
-3.800000E-1	-5.296500E-10	5.296500E-10	-1.348739E-11	1.348739E-11
-3.700000E-1	-4.652400E-10	4.652400E-10	-1.184721E-11	1.184721E-11
-3.600000E-1	-4.124500E-10	4.124500E-10	-1.050293E-11	1.050293E-11
-3.500000E-1	-3.657500E-10	3.657500E-10	-9.313725E-12	9.313725E-12
-3.400000E-1	-3.195400E-10	3.195400E-10	-8.137000E-12	8.137000E-12
-3.300000E-1	-3.070100E-10	3.070100E-10	-7.817927E-12	7.817927E-12
-3.200000E-1	-2.465600E-10	2.465600E-10	-6.278584E-12	6.278584E-12
-3.100000E-1	-1.974700E-10	1.974700E-10	-5.028520E-12	5.028520E-12
-3.000000E-1	-1.647300E-10	1.647300E-10	-4.194805E-12	4.194805E-12
-2.900000E-1	-1.324300E-10	1.324300E-10	-3.372294E-12	3.372294E-12
-2.800000E-1	-1.011100E-10	1.011100E-10	-2.574739E-12	2.574739E-12
-2.700000E-1	-7.199000E-11	7.199000E-11	-1.833206E-12	1.833206E-12
-2.600000E-1	-4.469000E-11	4.469000E-11	-1.138019E-12	1.138019E-12
-2.500000E-1	-2.042000E-11	2.042000E-11	-5.199898E-13	5.199898E-13
-2.400000E-1	5.880000E-12	5.880000E-12	1.497326E-13	1.497326E-13
-2.300000E-1	2.883000E-11	2.883000E-11	7.341482E-13	7.341482E-13
-2.200000E-1	3.679000E-11	3.679000E-11	9.368475E-13	9.368475E-13
-2.100000E-1	7.107000E-11	7.107000E-11	1.809778E-12	1.809778E-12
-2.000000E-1	9.692000E-11	9.692000E-11	2.468042E-12	2.468042E-12
-1.900000E-1	1.161700E-10	1.161700E-10	2.958238E-12	2.958238E-12
-1.800000E-1	1.298600E-10	1.298600E-10	3.306850E-12	3.306850E-12
-1.700000E-1	1.541700E-10	1.541700E-10	3.925898E-12	3.925898E-12
-1.600000E-1	1.748000E-10	1.748000E-10	4.451235E-12	4.451235E-12
-1.500000E-1	4.726000E-11	4.726000E-11	1.203463E-12	1.203463E-12
-1.400000E-1	1.540000E-10	1.540000E-10	3.921569E-12	3.921569E-12
-1.300000E-1	2.006300E-10	2.006300E-10	5.108989E-12	5.108989E-12
-1.200000E-1	2.270000E-10	2.270000E-10	5.780494E-12	5.780494E-12
-1.100000E-1	1.026800E-10	1.026800E-10	2.614719E-12	2.614719E-12
-1.000000E-1	2.149900E-10	2.149900E-10	5.474663E-12	5.474663E-12
-9.000000E-2	2.578900E-10	2.578900E-10	6.567099E-12	6.567099E-12
-8.000000E-2	2.828500E-10	2.828500E-10	7.202699E-12	7.202699E-12
-7.000000E-2	3.041000E-10	3.041000E-10	7.743825E-12	7.743825E-12
-6.000000E-2	3.213800E-10	3.213800E-10	8.183855E-12	8.183855E-12
-5.000000E-2	1.850600E-10	1.850600E-10	4.712503E-12	4.712503E-12
-4.000000E-2	1.719800E-10	1.719800E-10	4.379424E-12	4.379424E-12
-3.000000E-2	2.942500E-10	2.942500E-10	7.492997E-12	7.492997E-12
-2.000000E-2	3.399400E-10	3.399400E-10	8.656481E-12	8.656481E-12
-1.000000E-2	3.666200E-10	3.666200E-10	9.335880E-12	9.335880E-12
0.000000E+0	2.422500E-10	2.422500E-10	6.168831E-12	6.168831E-12
1.000000E-2	2.313200E-10	2.313200E-10	5.890502E-12	5.890502E-12
2.000000E-2	2.466200E-10	2.466200E-10	6.280112E-12	6.280112E-12
3.000000E-2	2.602200E-10	2.602200E-10	6.626432E-12	6.626432E-12
4.000000E-2	2.577100E-10	2.577100E-10	6.562516E-12	6.562516E-12
5.000000E-2	3.773900E-10	3.773900E-10	9.610135E-12	9.610135E-12
6.000000E-2	4.340700E-10	4.340700E-10	1.105348E-11	1.105348E-11
7.000000E-2	4.571900E-10	4.571900E-10	1.164222E-11	1.164222E-11
8.000000E-2	3.362900E-10	3.362900E-10	8.563534E-12	8.563534E-12
9.000000E-2	3.310100E-10	3.310100E-10	8.429081E-12	8.429081E-12
1.000000E-1	3.368600E-10	3.368600E-10	8.578049E-12	8.578049E-12
1.100000E-1	3.441800E-10	3.441800E-10	8.764451E-12	8.764451E-12
1.200000E-1	4.789900E-10	4.789900E-10	1.219735E-11	1.219735E-11
1.300000E-1	5.299700E-10	5.299700E-10	1.349554E-11	1.349554E-11
1.400000E-1	4.251400E-10	4.251400E-10	1.082608E-11	1.082608E-11
1.500000E-1	4.165700E-10	4.165700E-10	1.060784E-11	1.060784E-11
1.600000E-1	4.364100E-10	4.364100E-10	1.111306E-11	1.111306E-11
1.700000E-1	4.496900E-10	4.496900E-10	1.145123E-11	1.145123E-11
1.800000E-1	4.673100E-10	4.673100E-10	1.189992E-11	1.189992E-11
1.900000E-1	4.859500E-10	4.859500E-10	1.237459E-11	1.237459E-11
2.000000E-1	6.216800E-10	6.216800E-10	1.583091E-11	1.583091E-11
2.100000E-1	5.460500E-10	5.460500E-10	1.390502E-11	1.390502E-11
2.200000E-1	5.595200E-10	5.595200E-10	1.424803E-11	1.424803E-11
2.300000E-1	5.792700E-10	5.792700E-10	1.475095E-11	1.475095E-11
2.400000E-1	6.023100E-10	6.023100E-10	1.533766E-11	1.533766E-11
2.500000E-1	6.231400E-10	6.231400E-10	1.586809E-11	1.586809E-11
2.600000E-1	6.504800E-10	6.504800E-10	1.656430E-11	1.656430E-11
2.700000E-1	6.790800E-10	6.790800E-10	1.729259E-11	1.729259E-11
2.800000E-1	7.443000E-10	7.443000E-10	1.895340E-11	1.895340E-11
2.900000E-1	9.613200E-10	9.613200E-10	2.447976E-11	2.447976E-11
3.000000E-1	1.074560E-9	1.074560E-9	2.736338E-11	2.736338E-11
3.100000E-1	1.155580E-9	1.155580E-9	2.942653E-11	2.942653E-11
3.200000E-1	1.218470E-9	1.218470E-9	3.102801E-11	3.102801E-11
3.300000E-1	1.279320E-9	1.279320E-9	3.257754E-11	3.257754E-11
3.400000E-1	1.329910E-9	1.329910E-9	3.386580E-11	3.386580E-11
3.500000E-1	1.387210E-9	1.387210E-9	3.532493E-11	3.532493E-11
3.600000E-1	1.439020E-9	1.439020E-9	3.664426E-11	3.664426E-11
3.700000E-1	1.491620E-9	1.491620E-9	3.798370E-11	3.798370E-11
3.800000E-1	1.544720E-9	1.544720E-9	3.933588E-11	3.933588E-11
3.900000E-1	1.601920E-9	1.601920E-9	4.079246E-11	4.079246E-11
4.000000E-1	1.654180E-9	1.654180E-9	4.212325E-11	4.212325E-11
4.100000E-1	1.707350E-9	1.707350E-9	4.347721E-11	4.347721E-11
4.200000E-1	1.764520E-9	1.764520E-9	4.493303E-11	4.493303E-11
4.300000E-1	1.826630E-9	1.826630E-9	4.651464E-11	4.651464E-11
4.400000E-1	1.887480E-9	1.887480E-9	4.806417E-11	4.806417E-11
4.500000E-1	1.952600E-9	1.952600E-9	4.972243E-11	4.972243E-11
4.600000E-1	2.016370E-9	2.016370E-9	5.134632E-11	5.134632E-11
4.700000E-1	2.086960E-9	2.086960E-9	5.314388E-11	5.314388E-11
4.800000E-1	2.160570E-9	2.160570E-9	5.501833E-11	5.501833E-11
4.900000E-1	2.232220E-9	2.232220E-9	5.684288E-11	5.684288E-11
5.000000E-1	2.310600E-9	2.310600E-9	5.883881E-11	5.883881E-11
