

15:12:46	16/03/21


Ell Cont: 5,0x10,0

SMU1	V name:		V1
	I name:		I1
	Mode:		V
	Function:	VAR1
SMU2	V name:		V2
	I name:		I2
	Mode:		common
	Function:	const.
SMU3	off
SMU4	off
VMUs	off

Primary Source (VAR1):	single
	Sweep Spacing:	linear
	Start:		-0.500000
	Stop:		0.500000
	Step:		0.010000
	Compliance:	0.050000
Power Compliance OFF

Timing:		Integration Time:	medium
	Delay Time (sec):	0.000000
	Hold Time (sec):	0.000000
	Wait Time (sec):	1.000000

Secondary Source (VAR2):	OFF


   V1	   I1	Abs(I)	J (A\um²)	Abs(J)
-5.000000E-1	-1.756510E-9	1.756510E-9	-4.472905E-11	4.472905E-11
-4.900000E-1	-1.529920E-9	1.529920E-9	-3.895900E-11	3.895900E-11
-4.800000E-1	-1.356860E-9	1.356860E-9	-3.455207E-11	3.455207E-11
-4.700000E-1	-1.222280E-9	1.222280E-9	-3.112503E-11	3.112503E-11
-4.600000E-1	-1.097340E-9	1.097340E-9	-2.794347E-11	2.794347E-11
-4.500000E-1	-9.882700E-10	9.882700E-10	-2.516603E-11	2.516603E-11
-4.400000E-1	-8.947600E-10	8.947600E-10	-2.278482E-11	2.278482E-11
-4.300000E-1	-8.092000E-10	8.092000E-10	-2.060606E-11	2.060606E-11
-4.200000E-1	-7.347800E-10	7.347800E-10	-1.871098E-11	1.871098E-11
-4.100000E-1	-6.473000E-10	6.473000E-10	-1.648332E-11	1.648332E-11
-4.000000E-1	-5.714000E-10	5.714000E-10	-1.455055E-11	1.455055E-11
-3.900000E-1	-5.071200E-10	5.071200E-10	-1.291367E-11	1.291367E-11
-3.800000E-1	-4.487900E-10	4.487900E-10	-1.142832E-11	1.142832E-11
-3.700000E-1	-3.969500E-10	3.969500E-10	-1.010822E-11	1.010822E-11
-3.600000E-1	-3.501900E-10	3.501900E-10	-8.917494E-12	8.917494E-12
-3.500000E-1	-3.068900E-10	3.068900E-10	-7.814871E-12	7.814871E-12
-3.400000E-1	-2.695400E-10	2.695400E-10	-6.863764E-12	6.863764E-12
-3.300000E-1	-2.328700E-10	2.328700E-10	-5.929972E-12	5.929972E-12
-3.200000E-1	-1.995500E-10	1.995500E-10	-5.081487E-12	5.081487E-12
-3.100000E-1	-1.682200E-10	1.682200E-10	-4.283677E-12	4.283677E-12
-3.000000E-1	-1.399900E-10	1.399900E-10	-3.564808E-12	3.564808E-12
-2.900000E-1	-1.125000E-10	1.125000E-10	-2.864782E-12	2.864782E-12
-2.800000E-1	-8.651000E-11	8.651000E-11	-2.202954E-12	2.202954E-12
-2.700000E-1	-6.290000E-11	6.290000E-11	-1.601732E-12	1.601732E-12
-2.600000E-1	-3.922000E-11	3.922000E-11	-9.987268E-13	9.987268E-13
-2.500000E-1	-1.871000E-11	1.871000E-11	-4.764451E-13	4.764451E-13
-2.400000E-1	2.530000E-12	2.530000E-12	6.442577E-14	6.442577E-14
-2.300000E-1	2.229000E-11	2.229000E-11	5.676089E-13	5.676089E-13
-2.200000E-1	4.086000E-11	4.086000E-11	1.040489E-12	1.040489E-12
-2.100000E-1	5.917000E-11	5.917000E-11	1.506748E-12	1.506748E-12
-2.000000E-1	7.608000E-11	7.608000E-11	1.937357E-12	1.937357E-12
-1.900000E-1	9.193000E-11	9.193000E-11	2.340973E-12	2.340973E-12
-1.800000E-1	1.080600E-10	1.080600E-10	2.751719E-12	2.751719E-12
-1.700000E-1	1.238800E-10	1.238800E-10	3.154571E-12	3.154571E-12
-1.600000E-1	1.381500E-10	1.381500E-10	3.517953E-12	3.517953E-12
-1.500000E-1	1.527900E-10	1.527900E-10	3.890756E-12	3.890756E-12
-1.400000E-1	1.666700E-10	1.666700E-10	4.244207E-12	4.244207E-12
-1.300000E-1	1.815000E-10	1.815000E-10	4.621849E-12	4.621849E-12
-1.200000E-1	1.925500E-10	1.925500E-10	4.903234E-12	4.903234E-12
-1.100000E-1	2.055100E-10	2.055100E-10	5.233257E-12	5.233257E-12
-1.000000E-1	2.186100E-10	2.186100E-10	5.566845E-12	5.566845E-12
-9.000000E-2	2.304400E-10	2.304400E-10	5.868093E-12	5.868093E-12
-8.000000E-2	2.414100E-10	2.414100E-10	6.147441E-12	6.147441E-12
-7.000000E-2	2.538500E-10	2.538500E-10	6.464222E-12	6.464222E-12
-6.000000E-2	2.564000E-10	2.564000E-10	6.529157E-12	6.529157E-12
-5.000000E-2	2.711300E-10	2.711300E-10	6.904253E-12	6.904253E-12
-4.000000E-2	2.833400E-10	2.833400E-10	7.215177E-12	7.215177E-12
-3.000000E-2	2.653100E-10	2.653100E-10	6.756048E-12	6.756048E-12
-2.000000E-2	2.857100E-10	2.857100E-10	7.275528E-12	7.275528E-12
-1.000000E-2	2.998200E-10	2.998200E-10	7.634836E-12	7.634836E-12
0.000000E+0	3.132400E-10	3.132400E-10	7.976572E-12	7.976572E-12
1.000000E-2	3.012500E-10	3.012500E-10	7.671250E-12	7.671250E-12
2.000000E-2	2.951300E-10	2.951300E-10	7.515406E-12	7.515406E-12
3.000000E-2	3.168700E-10	3.168700E-10	8.069009E-12	8.069009E-12
4.000000E-2	3.338700E-10	3.338700E-10	8.501910E-12	8.501910E-12
5.000000E-2	3.490900E-10	3.490900E-10	8.889483E-12	8.889483E-12
6.000000E-2	3.343400E-10	3.343400E-10	8.513878E-12	8.513878E-12
7.000000E-2	3.311100E-10	3.311100E-10	8.431627E-12	8.431627E-12
8.000000E-2	3.552000E-10	3.552000E-10	9.045072E-12	9.045072E-12
9.000000E-2	3.734400E-10	3.734400E-10	9.509549E-12	9.509549E-12
1.000000E-1	3.893800E-10	3.893800E-10	9.915457E-12	9.915457E-12
1.100000E-1	4.048400E-10	4.048400E-10	1.030914E-11	1.030914E-11
1.200000E-1	3.912000E-10	3.912000E-10	9.961803E-12	9.961803E-12
1.300000E-1	3.895800E-10	3.895800E-10	9.920550E-12	9.920550E-12
1.400000E-1	3.941000E-10	3.941000E-10	1.003565E-11	1.003565E-11
1.500000E-1	4.012200E-10	4.012200E-10	1.021696E-11	1.021696E-11
1.600000E-1	4.079000E-10	4.079000E-10	1.038706E-11	1.038706E-11
1.700000E-1	4.161900E-10	4.161900E-10	1.059817E-11	1.059817E-11
1.800000E-1	4.241700E-10	4.241700E-10	1.080137E-11	1.080137E-11
1.900000E-1	4.338100E-10	4.338100E-10	1.104685E-11	1.104685E-11
2.000000E-1	4.449700E-10	4.449700E-10	1.133104E-11	1.133104E-11
2.100000E-1	4.548900E-10	4.548900E-10	1.158365E-11	1.158365E-11
2.200000E-1	4.638200E-10	4.638200E-10	1.181105E-11	1.181105E-11
2.300000E-1	4.929800E-10	4.929800E-10	1.255360E-11	1.255360E-11
2.400000E-1	5.184100E-10	5.184100E-10	1.320117E-11	1.320117E-11
2.500000E-1	5.196500E-10	5.196500E-10	1.323275E-11	1.323275E-11
2.600000E-1	5.286900E-10	5.286900E-10	1.346295E-11	1.346295E-11
2.700000E-1	5.410500E-10	5.410500E-10	1.377769E-11	1.377769E-11
2.800000E-1	5.691300E-10	5.691300E-10	1.449274E-11	1.449274E-11
2.900000E-1	5.721400E-10	5.721400E-10	1.456939E-11	1.456939E-11
3.000000E-1	5.822100E-10	5.822100E-10	1.482582E-11	1.482582E-11
3.100000E-1	5.962900E-10	5.962900E-10	1.518436E-11	1.518436E-11
3.200000E-1	6.274300E-10	6.274300E-10	1.597734E-11	1.597734E-11
3.300000E-1	6.539000E-10	6.539000E-10	1.665139E-11	1.665139E-11
3.400000E-1	6.609200E-10	6.609200E-10	1.683015E-11	1.683015E-11
3.500000E-1	6.660700E-10	6.660700E-10	1.696129E-11	1.696129E-11
3.600000E-1	6.816200E-10	6.816200E-10	1.735727E-11	1.735727E-11
3.700000E-1	7.016000E-10	7.016000E-10	1.786606E-11	1.786606E-11
3.800000E-1	7.174400E-10	7.174400E-10	1.826942E-11	1.826942E-11
3.900000E-1	7.328600E-10	7.328600E-10	1.866208E-11	1.866208E-11
4.000000E-1	7.623300E-10	7.623300E-10	1.941253E-11	1.941253E-11
4.100000E-1	8.104700E-10	8.104700E-10	2.063840E-11	2.063840E-11
4.200000E-1	8.395200E-10	8.395200E-10	2.137815E-11	2.137815E-11
4.300000E-1	8.703100E-10	8.703100E-10	2.216221E-11	2.216221E-11
4.400000E-1	9.007500E-10	9.007500E-10	2.293736E-11	2.293736E-11
4.500000E-1	9.341700E-10	9.341700E-10	2.378839E-11	2.378839E-11
4.600000E-1	9.631300E-10	9.631300E-10	2.452585E-11	2.452585E-11
4.700000E-1	1.000220E-9	1.000220E-9	2.547033E-11	2.547033E-11
4.800000E-1	1.030370E-9	1.030370E-9	2.623809E-11	2.623809E-11
4.900000E-1	1.064790E-9	1.064790E-9	2.711459E-11	2.711459E-11
5.000000E-1	1.089200E-9	1.089200E-9	2.773619E-11	2.773619E-11
