

16:04:33	16/03/21


Ell Cont: 5,0x10,0

SMU1	V name:		V1
	I name:		I1
	Mode:		V
	Function:	VAR1
SMU2	V name:		V2
	I name:		I2
	Mode:		common
	Function:	const.
SMU3	off
SMU4	off
VMUs	off

Primary Source (VAR1):	single
	Sweep Spacing:	linear
	Start:		-0.500000
	Stop:		0.500000
	Step:		0.010000
	Compliance:	0.050000
Power Compliance OFF

Timing:		Integration Time:	medium
	Delay Time (sec):	0.000000
	Hold Time (sec):	0.000000
	Wait Time (sec):	1.000000

Secondary Source (VAR2):	OFF


   V1	   I1	Abs(I)	J (A\um²)	Abs(J)
-5.000000E-1	-1.145000E-11	1.145000E-11	-2.915712E-13	2.915712E-13
-4.900000E-1	-7.280000E-12	7.280000E-12	-1.853832E-13	1.853832E-13
-4.800000E-1	-5.270000E-12	5.270000E-12	-1.341991E-13	1.341991E-13
-4.700000E-1	-4.060000E-12	4.060000E-12	-1.033868E-13	1.033868E-13
-4.600000E-1	-2.760000E-12	2.760000E-12	-7.028266E-14	7.028266E-14
-4.500000E-1	-2.300000E-12	2.300000E-12	-5.856888E-14	5.856888E-14
-4.400000E-1	-2.290000E-12	2.290000E-12	-5.831423E-14	5.831423E-14
-4.300000E-1	-1.640000E-12	1.640000E-12	-4.176216E-14	4.176216E-14
-4.200000E-1	-1.060000E-12	1.060000E-12	-2.699261E-14	2.699261E-14
-4.100000E-1	-1.190000E-12	1.190000E-12	-3.030303E-14	3.030303E-14
-4.000000E-1	-1.430000E-12	1.430000E-12	-3.641457E-14	3.641457E-14
-3.900000E-1	-7.000000E-13	7.000000E-13	-1.782531E-14	1.782531E-14
-3.800000E-1	-1.650000E-12	1.650000E-12	-4.201681E-14	4.201681E-14
-3.700000E-1	-5.600000E-13	5.600000E-13	-1.426025E-14	1.426025E-14
-3.600000E-1	-7.700000E-13	7.700000E-13	-1.960784E-14	1.960784E-14
-3.500000E-1	-3.700000E-13	3.700000E-13	-9.421950E-15	9.421950E-15
-3.400000E-1	9.900000E-13	9.900000E-13	2.521008E-14	2.521008E-14
-3.300000E-1	1.600000E-13	1.600000E-13	4.074357E-15	4.074357E-15
-3.200000E-1	-4.700000E-13	4.700000E-13	-1.196842E-14	1.196842E-14
-3.100000E-1	1.300000E-13	1.300000E-13	3.310415E-15	3.310415E-15
-3.000000E-1	-2.000000E-13	2.000000E-13	-5.092946E-15	5.092946E-15
-2.900000E-1	2.500000E-13	2.500000E-13	6.366183E-15	6.366183E-15
-2.800000E-1	1.800000E-13	1.800000E-13	4.583652E-15	4.583652E-15
-2.700000E-1	2.000000E-13	2.000000E-13	5.092946E-15	5.092946E-15
-2.600000E-1	1.900000E-13	1.900000E-13	4.838299E-15	4.838299E-15
-2.500000E-1	-2.600000E-13	2.600000E-13	-6.620830E-15	6.620830E-15
-2.400000E-1	-1.010000E-12	1.010000E-12	-2.571938E-14	2.571938E-14
-2.300000E-1	6.200000E-13	6.200000E-13	1.578813E-14	1.578813E-14
-2.200000E-1	6.800000E-13	6.800000E-13	1.731602E-14	1.731602E-14
-2.100000E-1	7.300000E-13	7.300000E-13	1.858925E-14	1.858925E-14
-2.000000E-1	5.700000E-13	5.700000E-13	1.451490E-14	1.451490E-14
-1.900000E-1	8.300000E-13	8.300000E-13	2.113573E-14	2.113573E-14
-1.800000E-1	8.500000E-13	8.500000E-13	2.164502E-14	2.164502E-14
-1.700000E-1	1.090000E-12	1.090000E-12	2.775656E-14	2.775656E-14
-1.600000E-1	1.380000E-12	1.380000E-12	3.514133E-14	3.514133E-14
-1.500000E-1	1.100000E-12	1.100000E-12	2.801120E-14	2.801120E-14
-1.400000E-1	9.300000E-13	9.300000E-13	2.368220E-14	2.368220E-14
-1.300000E-1	1.020000E-12	1.020000E-12	2.597403E-14	2.597403E-14
-1.200000E-1	1.280000E-12	1.280000E-12	3.259486E-14	3.259486E-14
-1.100000E-1	1.500000E-12	1.500000E-12	3.819710E-14	3.819710E-14
-1.000000E-1	1.300000E-12	1.300000E-12	3.310415E-14	3.310415E-14
-9.000000E-2	1.060000E-12	1.060000E-12	2.699261E-14	2.699261E-14
-8.000000E-2	8.300000E-13	8.300000E-13	2.113573E-14	2.113573E-14
-7.000000E-2	7.200000E-13	7.200000E-13	1.833461E-14	1.833461E-14
-6.000000E-2	9.800000E-13	9.800000E-13	2.495544E-14	2.495544E-14
-5.000000E-2	1.160000E-12	1.160000E-12	2.953909E-14	2.953909E-14
-4.000000E-2	1.700000E-12	1.700000E-12	4.329004E-14	4.329004E-14
-3.000000E-2	1.440000E-12	1.440000E-12	3.666921E-14	3.666921E-14
-2.000000E-2	1.180000E-12	1.180000E-12	3.004838E-14	3.004838E-14
-1.000000E-2	2.290000E-12	2.290000E-12	5.831423E-14	5.831423E-14
0.000000E+0	3.470000E-12	3.470000E-12	8.836262E-14	8.836262E-14
1.000000E-2	1.010000E-12	1.010000E-12	2.571938E-14	2.571938E-14
2.000000E-2	3.000000E-13	3.000000E-13	7.639419E-15	7.639419E-15
3.000000E-2	2.020000E-12	2.020000E-12	5.143876E-14	5.143876E-14
4.000000E-2	1.520000E-12	1.520000E-12	3.870639E-14	3.870639E-14
5.000000E-2	1.290000E-12	1.290000E-12	3.284950E-14	3.284950E-14
6.000000E-2	2.450000E-12	2.450000E-12	6.238859E-14	6.238859E-14
7.000000E-2	3.000000E-12	3.000000E-12	7.639419E-14	7.639419E-14
8.000000E-2	2.110000E-12	2.110000E-12	5.373058E-14	5.373058E-14
9.000000E-2	2.010000E-12	2.010000E-12	5.118411E-14	5.118411E-14
1.000000E-1	1.880000E-12	1.880000E-12	4.787369E-14	4.787369E-14
1.100000E-1	2.100000E-12	2.100000E-12	5.347594E-14	5.347594E-14
1.200000E-1	1.740000E-12	1.740000E-12	4.430863E-14	4.430863E-14
1.300000E-1	2.230000E-12	2.230000E-12	5.678635E-14	5.678635E-14
1.400000E-1	1.750000E-12	1.750000E-12	4.456328E-14	4.456328E-14
1.500000E-1	1.840000E-12	1.840000E-12	4.685511E-14	4.685511E-14
1.600000E-1	1.930000E-12	1.930000E-12	4.914693E-14	4.914693E-14
1.700000E-1	1.830000E-12	1.830000E-12	4.660046E-14	4.660046E-14
1.800000E-1	2.300000E-12	2.300000E-12	5.856888E-14	5.856888E-14
1.900000E-1	2.380000E-12	2.380000E-12	6.060606E-14	6.060606E-14
2.000000E-1	2.760000E-12	2.760000E-12	7.028266E-14	7.028266E-14
2.100000E-1	2.170000E-12	2.170000E-12	5.525847E-14	5.525847E-14
2.200000E-1	2.490000E-12	2.490000E-12	6.340718E-14	6.340718E-14
2.300000E-1	1.980000E-12	1.980000E-12	5.042017E-14	5.042017E-14
2.400000E-1	2.180000E-12	2.180000E-12	5.551311E-14	5.551311E-14
2.500000E-1	2.070000E-12	2.070000E-12	5.271199E-14	5.271199E-14
2.600000E-1	2.350000E-12	2.350000E-12	5.984212E-14	5.984212E-14
2.700000E-1	2.560000E-12	2.560000E-12	6.518971E-14	6.518971E-14
2.800000E-1	2.850000E-12	2.850000E-12	7.257448E-14	7.257448E-14
2.900000E-1	2.600000E-12	2.600000E-12	6.620830E-14	6.620830E-14
3.000000E-1	2.370000E-12	2.370000E-12	6.035141E-14	6.035141E-14
3.100000E-1	3.470000E-12	3.470000E-12	8.836262E-14	8.836262E-14
3.200000E-1	3.560000E-12	3.560000E-12	9.065444E-14	9.065444E-14
3.300000E-1	2.370000E-12	2.370000E-12	6.035141E-14	6.035141E-14
3.400000E-1	2.480000E-12	2.480000E-12	6.315253E-14	6.315253E-14
3.500000E-1	2.580000E-12	2.580000E-12	6.569901E-14	6.569901E-14
3.600000E-1	1.930000E-12	1.930000E-12	4.914693E-14	4.914693E-14
3.700000E-1	2.560000E-12	2.560000E-12	6.518971E-14	6.518971E-14
3.800000E-1	2.380000E-12	2.380000E-12	6.060606E-14	6.060606E-14
3.900000E-1	2.430000E-12	2.430000E-12	6.187930E-14	6.187930E-14
4.000000E-1	2.600000E-12	2.600000E-12	6.620830E-14	6.620830E-14
4.100000E-1	3.470000E-12	3.470000E-12	8.836262E-14	8.836262E-14
4.200000E-1	2.760000E-12	2.760000E-12	7.028266E-14	7.028266E-14
4.300000E-1	2.690000E-12	2.690000E-12	6.850013E-14	6.850013E-14
4.400000E-1	3.060000E-12	3.060000E-12	7.792208E-14	7.792208E-14
4.500000E-1	2.950000E-12	2.950000E-12	7.512096E-14	7.512096E-14
4.600000E-1	2.600000E-12	2.600000E-12	6.620830E-14	6.620830E-14
4.700000E-1	3.100000E-12	3.100000E-12	7.894067E-14	7.894067E-14
4.800000E-1	2.620000E-12	2.620000E-12	6.671760E-14	6.671760E-14
4.900000E-1	2.730000E-12	2.730000E-12	6.951872E-14	6.951872E-14
5.000000E-1	3.110000E-12	3.110000E-12	7.919531E-14	7.919531E-14
