

15:40:31	16/03/21


Ell Cont: 5,0x10,0

SMU1	V name:		V1
	I name:		I1
	Mode:		V
	Function:	VAR1
SMU2	V name:		V2
	I name:		I2
	Mode:		common
	Function:	const.
SMU3	off
SMU4	off
VMUs	off

Primary Source (VAR1):	single
	Sweep Spacing:	linear
	Start:		-0.500000
	Stop:		0.500000
	Step:		0.010000
	Compliance:	0.050000
Power Compliance OFF

Timing:		Integration Time:	medium
	Delay Time (sec):	0.000000
	Hold Time (sec):	0.000000
	Wait Time (sec):	1.000000

Secondary Source (VAR2):	OFF


   V1	   I1	Abs(I)	J (A\um²)	Abs(J)
-5.000000E-1	-1.454000E-11	1.454000E-11	-3.702572E-13	3.702572E-13
-4.900000E-1	-5.990000E-12	5.990000E-12	-1.525337E-13	1.525337E-13
-4.800000E-1	-3.810000E-12	3.810000E-12	-9.702063E-14	9.702063E-14
-4.700000E-1	-4.310000E-12	4.310000E-12	-1.097530E-13	1.097530E-13
-4.600000E-1	-2.560000E-12	2.560000E-12	-6.518971E-14	6.518971E-14
-4.500000E-1	-6.200000E-13	6.200000E-13	-1.578813E-14	1.578813E-14
-4.400000E-1	1.150000E-12	1.150000E-12	2.928444E-14	2.928444E-14
-4.300000E-1	-1.270000E-12	1.270000E-12	-3.234021E-14	3.234021E-14
-4.200000E-1	-2.520000E-12	2.520000E-12	-6.417112E-14	6.417112E-14
-4.100000E-1	-2.580000E-12	2.580000E-12	-6.569901E-14	6.569901E-14
-4.000000E-1	-2.510000E-12	2.510000E-12	-6.391647E-14	6.391647E-14
-3.900000E-1	-1.630000E-12	1.630000E-12	-4.150751E-14	4.150751E-14
-3.800000E-1	-1.120000E-12	1.120000E-12	-2.852050E-14	2.852050E-14
-3.700000E-1	-1.920000E-12	1.920000E-12	-4.889228E-14	4.889228E-14
-3.600000E-1	-1.590000E-12	1.590000E-12	-4.048892E-14	4.048892E-14
-3.500000E-1	-5.800000E-13	5.800000E-13	-1.476954E-14	1.476954E-14
-3.400000E-1	-1.850000E-12	1.850000E-12	-4.710975E-14	4.710975E-14
-3.300000E-1	-1.800000E-12	1.800000E-12	-4.583652E-14	4.583652E-14
-3.200000E-1	-1.590000E-12	1.590000E-12	-4.048892E-14	4.048892E-14
-3.100000E-1	-2.500000E-13	2.500000E-13	-6.366183E-15	6.366183E-15
-3.000000E-1	3.900000E-13	3.900000E-13	9.931245E-15	9.931245E-15
-2.900000E-1	-4.200000E-13	4.200000E-13	-1.069519E-14	1.069519E-14
-2.800000E-1	-1.700000E-13	1.700000E-13	-4.329004E-15	4.329004E-15
-2.700000E-1	2.400000E-13	2.400000E-13	6.111535E-15	6.111535E-15
-2.600000E-1	-4.400000E-13	4.400000E-13	-1.120448E-14	1.120448E-14
-2.500000E-1	9.000000E-14	9.000000E-14	2.291826E-15	2.291826E-15
-2.400000E-1	7.300000E-13	7.300000E-13	1.858925E-14	1.858925E-14
-2.300000E-1	-4.800000E-13	4.800000E-13	-1.222307E-14	1.222307E-14
-2.200000E-1	4.300000E-13	4.300000E-13	1.094983E-14	1.094983E-14
-2.100000E-1	-1.000000E-14	1.000000E-14	-2.546473E-16	2.546473E-16
-2.000000E-1	-3.400000E-13	3.400000E-13	-8.658009E-15	8.658009E-15
-1.900000E-1	2.800000E-13	2.800000E-13	7.130125E-15	7.130125E-15
-1.800000E-1	1.020000E-12	1.020000E-12	2.597403E-14	2.597403E-14
-1.700000E-1	1.970000E-12	1.970000E-12	5.016552E-14	5.016552E-14
-1.600000E-1	1.240000E-12	1.240000E-12	3.157627E-14	3.157627E-14
-1.500000E-1	5.600000E-13	5.600000E-13	1.426025E-14	1.426025E-14
-1.400000E-1	1.760000E-12	1.760000E-12	4.481793E-14	4.481793E-14
-1.300000E-1	1.090000E-12	1.090000E-12	2.775656E-14	2.775656E-14
-1.200000E-1	-4.300000E-13	4.300000E-13	-1.094983E-14	1.094983E-14
-1.100000E-1	5.030000E-12	5.030000E-12	1.280876E-13	1.280876E-13
-1.000000E-1	3.250000E-12	3.250000E-12	8.276038E-14	8.276038E-14
-9.000000E-2	-4.200000E-12	4.200000E-12	-1.069519E-13	1.069519E-13
-8.000000E-2	1.030000E-12	1.030000E-12	2.622867E-14	2.622867E-14
-7.000000E-2	9.300000E-13	9.300000E-13	2.368220E-14	2.368220E-14
-6.000000E-2	1.210000E-12	1.210000E-12	3.081232E-14	3.081232E-14
-5.000000E-2	1.240000E-12	1.240000E-12	3.157627E-14	3.157627E-14
-4.000000E-2	1.600000E-12	1.600000E-12	4.074357E-14	4.074357E-14
-3.000000E-2	1.450000E-12	1.450000E-12	3.692386E-14	3.692386E-14
-2.000000E-2	1.700000E-12	1.700000E-12	4.329004E-14	4.329004E-14
-1.000000E-2	1.120000E-12	1.120000E-12	2.852050E-14	2.852050E-14
0.000000E+0	1.480000E-12	1.480000E-12	3.768780E-14	3.768780E-14
1.000000E-2	1.500000E-12	1.500000E-12	3.819710E-14	3.819710E-14
2.000000E-2	1.580000E-12	1.580000E-12	4.023428E-14	4.023428E-14
3.000000E-2	1.600000E-12	1.600000E-12	4.074357E-14	4.074357E-14
4.000000E-2	2.390000E-12	2.390000E-12	6.086071E-14	6.086071E-14
5.000000E-2	2.640000E-12	2.640000E-12	6.722689E-14	6.722689E-14
6.000000E-2	1.960000E-12	1.960000E-12	4.991087E-14	4.991087E-14
7.000000E-2	1.800000E-12	1.800000E-12	4.583652E-14	4.583652E-14
8.000000E-2	1.790000E-12	1.790000E-12	4.558187E-14	4.558187E-14
9.000000E-2	1.760000E-12	1.760000E-12	4.481793E-14	4.481793E-14
1.000000E-1	1.310000E-12	1.310000E-12	3.335880E-14	3.335880E-14
1.100000E-1	1.590000E-12	1.590000E-12	4.048892E-14	4.048892E-14
1.200000E-1	1.770000E-12	1.770000E-12	4.507257E-14	4.507257E-14
1.300000E-1	1.310000E-12	1.310000E-12	3.335880E-14	3.335880E-14
1.400000E-1	1.960000E-12	1.960000E-12	4.991087E-14	4.991087E-14
1.500000E-1	1.720000E-12	1.720000E-12	4.379934E-14	4.379934E-14
1.600000E-1	1.420000E-12	1.420000E-12	3.615992E-14	3.615992E-14
1.700000E-1	1.840000E-12	1.840000E-12	4.685511E-14	4.685511E-14
1.800000E-1	2.310000E-12	2.310000E-12	5.882353E-14	5.882353E-14
1.900000E-1	2.050000E-12	2.050000E-12	5.220270E-14	5.220270E-14
2.000000E-1	1.620000E-12	1.620000E-12	4.125286E-14	4.125286E-14
2.100000E-1	1.760000E-12	1.760000E-12	4.481793E-14	4.481793E-14
2.200000E-1	2.150000E-12	2.150000E-12	5.474917E-14	5.474917E-14
2.300000E-1	2.240000E-12	2.240000E-12	5.704100E-14	5.704100E-14
2.400000E-1	2.330000E-12	2.330000E-12	5.933282E-14	5.933282E-14
2.500000E-1	2.480000E-12	2.480000E-12	6.315253E-14	6.315253E-14
2.600000E-1	2.260000E-12	2.260000E-12	5.755029E-14	5.755029E-14
2.700000E-1	2.270000E-12	2.270000E-12	5.780494E-14	5.780494E-14
2.800000E-1	2.300000E-12	2.300000E-12	5.856888E-14	5.856888E-14
2.900000E-1	2.340000E-12	2.340000E-12	5.958747E-14	5.958747E-14
3.000000E-1	2.670000E-12	2.670000E-12	6.799083E-14	6.799083E-14
3.100000E-1	2.860000E-12	2.860000E-12	7.282913E-14	7.282913E-14
3.200000E-1	2.590000E-12	2.590000E-12	6.595365E-14	6.595365E-14
3.300000E-1	1.970000E-12	1.970000E-12	5.016552E-14	5.016552E-14
3.400000E-1	1.790000E-12	1.790000E-12	4.558187E-14	4.558187E-14
3.500000E-1	2.700000E-12	2.700000E-12	6.875477E-14	6.875477E-14
3.600000E-1	2.420000E-12	2.420000E-12	6.162465E-14	6.162465E-14
3.700000E-1	2.340000E-12	2.340000E-12	5.958747E-14	5.958747E-14
3.800000E-1	2.780000E-12	2.780000E-12	7.079195E-14	7.079195E-14
3.900000E-1	2.790000E-12	2.790000E-12	7.104660E-14	7.104660E-14
4.000000E-1	2.310000E-12	2.310000E-12	5.882353E-14	5.882353E-14
4.100000E-1	2.460000E-12	2.460000E-12	6.264324E-14	6.264324E-14
4.200000E-1	3.140000E-12	3.140000E-12	7.995926E-14	7.995926E-14
4.300000E-1	2.710000E-12	2.710000E-12	6.900942E-14	6.900942E-14
4.400000E-1	3.340000E-12	3.340000E-12	8.505220E-14	8.505220E-14
4.500000E-1	2.640000E-12	2.640000E-12	6.722689E-14	6.722689E-14
4.600000E-1	2.640000E-12	2.640000E-12	6.722689E-14	6.722689E-14
4.700000E-1	3.600000E-12	3.600000E-12	9.167303E-14	9.167303E-14
4.800000E-1	2.140000E-12	2.140000E-12	5.449452E-14	5.449452E-14
4.900000E-1	3.800000E-12	3.800000E-12	9.676598E-14	9.676598E-14
5.000000E-1	4.080000E-12	4.080000E-12	1.038961E-13	1.038961E-13
