

15:57:47	16/03/21


Ell Cont: 5,0x10,0

SMU1	V name:		V1
	I name:		I1
	Mode:		V
	Function:	VAR1
SMU2	V name:		V2
	I name:		I2
	Mode:		common
	Function:	const.
SMU3	off
SMU4	off
VMUs	off

Primary Source (VAR1):	single
	Sweep Spacing:	linear
	Start:		-0.500000
	Stop:		0.500000
	Step:		0.010000
	Compliance:	0.050000
Power Compliance OFF

Timing:		Integration Time:	medium
	Delay Time (sec):	0.000000
	Hold Time (sec):	0.000000
	Wait Time (sec):	1.000000

Secondary Source (VAR2):	OFF


   V1	   I1	Abs(I)	J (A\µm²)	Abs(J)
-5.000000E-1	-1.216000E-11	1.216000E-11	-3.096511E-13	3.096511E-13
-4.900000E-1	-8.010000E-12	8.010000E-12	-2.039725E-13	2.039725E-13
-4.800000E-1	-5.130000E-12	5.130000E-12	-1.306341E-13	1.306341E-13
-4.700000E-1	-3.400000E-12	3.400000E-12	-8.658009E-14	8.658009E-14
-4.600000E-1	-2.070000E-12	2.070000E-12	-5.271199E-14	5.271199E-14
-4.500000E-1	-3.030000E-12	3.030000E-12	-7.715814E-14	7.715814E-14
-4.400000E-1	8.000000E-13	8.000000E-13	2.037178E-14	2.037178E-14
-4.300000E-1	-2.170000E-12	2.170000E-12	-5.525847E-14	5.525847E-14
-4.200000E-1	-8.270000E-12	8.270000E-12	-2.105933E-13	2.105933E-13
-4.100000E-1	-3.350000E-12	3.350000E-12	-8.530685E-14	8.530685E-14
-4.000000E-1	-9.700000E-13	9.700000E-13	-2.470079E-14	2.470079E-14
-3.900000E-1	-8.100000E-13	8.100000E-13	-2.062643E-14	2.062643E-14
-3.800000E-1	2.280000E-12	2.280000E-12	5.805959E-14	5.805959E-14
-3.700000E-1	8.950000E-12	8.950000E-12	2.279093E-13	2.279093E-13
-3.600000E-1	2.921000E-11	2.921000E-11	7.438248E-13	7.438248E-13
-3.500000E-1	1.174000E-11	1.174000E-11	2.989559E-13	2.989559E-13
-3.400000E-1	4.380000E-12	4.380000E-12	1.115355E-13	1.115355E-13
-3.300000E-1	1.450000E-12	1.450000E-12	3.692386E-14	3.692386E-14
-3.200000E-1	1.410000E-11	1.410000E-11	3.590527E-13	3.590527E-13
-3.100000E-1	1.245000E-11	1.245000E-11	3.170359E-13	3.170359E-13
-3.000000E-1	8.300000E-13	8.300000E-13	2.113573E-14	2.113573E-14
-2.900000E-1	-6.020000E-12	6.020000E-12	-1.532977E-13	1.532977E-13
-2.800000E-1	-7.430000E-12	7.430000E-12	-1.892030E-13	1.892030E-13
-2.700000E-1	-7.530000E-12	7.530000E-12	-1.917494E-13	1.917494E-13
-2.600000E-1	-4.120000E-12	4.120000E-12	-1.049147E-13	1.049147E-13
-2.500000E-1	-6.200000E-12	6.200000E-12	-1.578813E-13	1.578813E-13
-2.400000E-1	-1.750000E-12	1.750000E-12	-4.456328E-14	4.456328E-14
-2.300000E-1	-4.100000E-13	4.100000E-13	-1.044054E-14	1.044054E-14
-2.200000E-1	1.150000E-12	1.150000E-12	2.928444E-14	2.928444E-14
-2.100000E-1	2.100000E-13	2.100000E-13	5.347594E-15	5.347594E-15
-2.000000E-1	3.000000E-12	3.000000E-12	7.639419E-14	7.639419E-14
-1.900000E-1	1.600000E-12	1.600000E-12	4.074357E-14	4.074357E-14
-1.800000E-1	-7.000000E-13	7.000000E-13	-1.782531E-14	1.782531E-14
-1.700000E-1	1.320000E-12	1.320000E-12	3.361344E-14	3.361344E-14
-1.600000E-1	1.220000E-12	1.220000E-12	3.106697E-14	3.106697E-14
-1.500000E-1	2.900000E-13	2.900000E-13	7.384772E-15	7.384772E-15
-1.400000E-1	9.700000E-13	9.700000E-13	2.470079E-14	2.470079E-14
-1.300000E-1	8.700000E-13	8.700000E-13	2.215432E-14	2.215432E-14
-1.200000E-1	5.600000E-13	5.600000E-13	1.426025E-14	1.426025E-14
-1.100000E-1	1.130000E-12	1.130000E-12	2.877515E-14	2.877515E-14
-1.000000E-1	1.090000E-12	1.090000E-12	2.775656E-14	2.775656E-14
-9.000000E-2	1.110000E-12	1.110000E-12	2.826585E-14	2.826585E-14
-8.000000E-2	1.710000E-12	1.710000E-12	4.354469E-14	4.354469E-14
-7.000000E-2	7.500000E-13	7.500000E-13	1.909855E-14	1.909855E-14
-6.000000E-2	1.160000E-12	1.160000E-12	2.953909E-14	2.953909E-14
-5.000000E-2	1.900000E-12	1.900000E-12	4.838299E-14	4.838299E-14
-4.000000E-2	1.850000E-12	1.850000E-12	4.710975E-14	4.710975E-14
-3.000000E-2	1.240000E-12	1.240000E-12	3.157627E-14	3.157627E-14
-2.000000E-2	9.500000E-13	9.500000E-13	2.419149E-14	2.419149E-14
-1.000000E-2	1.510000E-12	1.510000E-12	3.845174E-14	3.845174E-14
0.000000E+0	1.050000E-12	1.050000E-12	2.673797E-14	2.673797E-14
1.000000E-2	9.300000E-13	9.300000E-13	2.368220E-14	2.368220E-14
2.000000E-2	2.020000E-12	2.020000E-12	5.143876E-14	5.143876E-14
3.000000E-2	4.090000E-12	4.090000E-12	1.041507E-13	1.041507E-13
4.000000E-2	6.300000E-13	6.300000E-13	1.604278E-14	1.604278E-14
5.000000E-2	1.230000E-12	1.230000E-12	3.132162E-14	3.132162E-14
6.000000E-2	1.520000E-12	1.520000E-12	3.870639E-14	3.870639E-14
7.000000E-2	1.710000E-12	1.710000E-12	4.354469E-14	4.354469E-14
8.000000E-2	1.730000E-12	1.730000E-12	4.405398E-14	4.405398E-14
9.000000E-2	2.110000E-12	2.110000E-12	5.373058E-14	5.373058E-14
1.000000E-1	2.790000E-12	2.790000E-12	7.104660E-14	7.104660E-14
1.100000E-1	3.080000E-12	3.080000E-12	7.843137E-14	7.843137E-14
1.200000E-1	2.040000E-12	2.040000E-12	5.194805E-14	5.194805E-14
1.300000E-1	2.720000E-12	2.720000E-12	6.926407E-14	6.926407E-14
1.400000E-1	2.520000E-12	2.520000E-12	6.417112E-14	6.417112E-14
1.500000E-1	3.010000E-12	3.010000E-12	7.664884E-14	7.664884E-14
1.600000E-1	4.220000E-12	4.220000E-12	1.074612E-13	1.074612E-13
1.700000E-1	3.330000E-12	3.330000E-12	8.479755E-14	8.479755E-14
1.800000E-1	2.730000E-12	2.730000E-12	6.951872E-14	6.951872E-14
1.900000E-1	3.110000E-12	3.110000E-12	7.919531E-14	7.919531E-14
2.000000E-1	2.660000E-12	2.660000E-12	6.773618E-14	6.773618E-14
2.100000E-1	1.940000E-12	1.940000E-12	4.940158E-14	4.940158E-14
2.200000E-1	1.550000E-12	1.550000E-12	3.947033E-14	3.947033E-14
2.300000E-1	1.930000E-12	1.930000E-12	4.914693E-14	4.914693E-14
2.400000E-1	1.650000E-12	1.650000E-12	4.201681E-14	4.201681E-14
2.500000E-1	3.070000E-12	3.070000E-12	7.817672E-14	7.817672E-14
2.600000E-1	2.430000E-12	2.430000E-12	6.187930E-14	6.187930E-14
2.700000E-1	2.460000E-12	2.460000E-12	6.264324E-14	6.264324E-14
2.800000E-1	2.620000E-12	2.620000E-12	6.671760E-14	6.671760E-14
2.900000E-1	2.600000E-12	2.600000E-12	6.620830E-14	6.620830E-14
3.000000E-1	2.070000E-12	2.070000E-12	5.271199E-14	5.271199E-14
3.100000E-1	2.670000E-12	2.670000E-12	6.799083E-14	6.799083E-14
3.200000E-1	2.820000E-12	2.820000E-12	7.181054E-14	7.181054E-14
3.300000E-1	2.520000E-12	2.520000E-12	6.417112E-14	6.417112E-14
3.400000E-1	2.700000E-12	2.700000E-12	6.875477E-14	6.875477E-14
3.500000E-1	2.240000E-12	2.240000E-12	5.704100E-14	5.704100E-14
3.600000E-1	2.250000E-12	2.250000E-12	5.729564E-14	5.729564E-14
3.700000E-1	2.640000E-12	2.640000E-12	6.722689E-14	6.722689E-14
3.800000E-1	2.650000E-12	2.650000E-12	6.748154E-14	6.748154E-14
3.900000E-1	3.170000E-12	3.170000E-12	8.072320E-14	8.072320E-14
4.000000E-1	2.390000E-12	2.390000E-12	6.086071E-14	6.086071E-14
4.100000E-1	3.460000E-12	3.460000E-12	8.810797E-14	8.810797E-14
4.200000E-1	2.460000E-12	2.460000E-12	6.264324E-14	6.264324E-14
4.300000E-1	3.150000E-12	3.150000E-12	8.021390E-14	8.021390E-14
4.400000E-1	3.190000E-12	3.190000E-12	8.123249E-14	8.123249E-14
4.500000E-1	3.350000E-12	3.350000E-12	8.530685E-14	8.530685E-14
4.600000E-1	2.280000E-12	2.280000E-12	5.805959E-14	5.805959E-14
4.700000E-1	3.150000E-12	3.150000E-12	8.021390E-14	8.021390E-14
4.800000E-1	3.370000E-12	3.370000E-12	8.581614E-14	8.581614E-14
4.900000E-1	3.860000E-12	3.860000E-12	9.829386E-14	9.829386E-14
5.000000E-1	3.370000E-12	3.370000E-12	8.581614E-14	8.581614E-14
