

15:31:33	16/03/21


Ell Cont: 5,0x10,0

SMU1	V name:		V1
	I name:		I1
	Mode:		V
	Function:	VAR1
SMU2	V name:		V2
	I name:		I2
	Mode:		common
	Function:	const.
SMU3	off
SMU4	off
VMUs	off

Primary Source (VAR1):	single
	Sweep Spacing:	linear
	Start:		-0.500000
	Stop:		0.500000
	Step:		0.010000
	Compliance:	0.050000
Power Compliance OFF

Timing:		Integration Time:	medium
	Delay Time (sec):	0.000000
	Hold Time (sec):	0.000000
	Wait Time (sec):	1.000000

Secondary Source (VAR2):	OFF


   V1	   I1	Abs(I)	J (A\um²)	Abs(J)
-5.000000E-1	-1.179000E-11	1.179000E-11	-3.002292E-13	3.002292E-13
-4.900000E-1	-8.270000E-12	8.270000E-12	-2.105933E-13	2.105933E-13
-4.800000E-1	-5.160000E-12	5.160000E-12	-1.313980E-13	1.313980E-13
-4.700000E-1	-3.710000E-12	3.710000E-12	-9.447415E-14	9.447415E-14
-4.600000E-1	-2.570000E-12	2.570000E-12	-6.544436E-14	6.544436E-14
-4.500000E-1	-1.960000E-12	1.960000E-12	-4.991087E-14	4.991087E-14
-4.400000E-1	-8.200000E-13	8.200000E-13	-2.088108E-14	2.088108E-14
-4.300000E-1	-8.700000E-13	8.700000E-13	-2.215432E-14	2.215432E-14
-4.200000E-1	-7.000000E-13	7.000000E-13	-1.782531E-14	1.782531E-14
-4.100000E-1	-5.500000E-13	5.500000E-13	-1.400560E-14	1.400560E-14
-4.000000E-1	-3.600000E-13	3.600000E-13	-9.167303E-15	9.167303E-15
-3.900000E-1	5.100000E-13	5.100000E-13	1.298701E-14	1.298701E-14
-3.800000E-1	2.140000E-12	2.140000E-12	5.449452E-14	5.449452E-14
-3.700000E-1	3.900000E-13	3.900000E-13	9.931245E-15	9.931245E-15
-3.600000E-1	1.400000E-13	1.400000E-13	3.565062E-15	3.565062E-15
-3.500000E-1	1.110000E-12	1.110000E-12	2.826585E-14	2.826585E-14
-3.400000E-1	7.600000E-13	7.600000E-13	1.935320E-14	1.935320E-14
-3.300000E-1	7.600000E-13	7.600000E-13	1.935320E-14	1.935320E-14
-3.200000E-1	1.210000E-12	1.210000E-12	3.081232E-14	3.081232E-14
-3.100000E-1	6.900000E-13	6.900000E-13	1.757066E-14	1.757066E-14
-3.000000E-1	8.900000E-13	8.900000E-13	2.266361E-14	2.266361E-14
-2.900000E-1	7.000000E-13	7.000000E-13	1.782531E-14	1.782531E-14
-2.800000E-1	9.700000E-13	9.700000E-13	2.470079E-14	2.470079E-14
-2.700000E-1	8.000000E-13	8.000000E-13	2.037178E-14	2.037178E-14
-2.600000E-1	1.220000E-12	1.220000E-12	3.106697E-14	3.106697E-14
-2.500000E-1	6.600000E-13	6.600000E-13	1.680672E-14	1.680672E-14
-2.400000E-1	1.130000E-12	1.130000E-12	2.877515E-14	2.877515E-14
-2.300000E-1	5.600000E-13	5.600000E-13	1.426025E-14	1.426025E-14
-2.200000E-1	1.310000E-12	1.310000E-12	3.335880E-14	3.335880E-14
-2.100000E-1	1.390000E-12	1.390000E-12	3.539598E-14	3.539598E-14
-2.000000E-1	7.600000E-13	7.600000E-13	1.935320E-14	1.935320E-14
-1.900000E-1	1.050000E-12	1.050000E-12	2.673797E-14	2.673797E-14
-1.800000E-1	1.010000E-12	1.010000E-12	2.571938E-14	2.571938E-14
-1.700000E-1	1.320000E-12	1.320000E-12	3.361344E-14	3.361344E-14
-1.600000E-1	1.460000E-12	1.460000E-12	3.717851E-14	3.717851E-14
-1.500000E-1	1.530000E-12	1.530000E-12	3.896104E-14	3.896104E-14
-1.400000E-1	1.560000E-12	1.560000E-12	3.972498E-14	3.972498E-14
-1.300000E-1	1.350000E-12	1.350000E-12	3.437739E-14	3.437739E-14
-1.200000E-1	1.540000E-12	1.540000E-12	3.921569E-14	3.921569E-14
-1.100000E-1	2.620000E-12	2.620000E-12	6.671760E-14	6.671760E-14
-1.000000E-1	8.400000E-13	8.400000E-13	2.139037E-14	2.139037E-14
-9.000000E-2	4.000000E-13	4.000000E-13	1.018589E-14	1.018589E-14
-8.000000E-2	1.800000E-13	1.800000E-13	4.583652E-15	4.583652E-15
-7.000000E-2	2.320000E-12	2.320000E-12	5.907818E-14	5.907818E-14
-6.000000E-2	1.080000E-12	1.080000E-12	2.750191E-14	2.750191E-14
-5.000000E-2	1.550000E-12	1.550000E-12	3.947033E-14	3.947033E-14
-4.000000E-2	2.220000E-12	2.220000E-12	5.653170E-14	5.653170E-14
-3.000000E-2	1.590000E-12	1.590000E-12	4.048892E-14	4.048892E-14
-2.000000E-2	9.500000E-13	9.500000E-13	2.419149E-14	2.419149E-14
-1.000000E-2	4.000000E-14	4.000000E-14	1.018589E-15	1.018589E-15
0.000000E+0	1.020000E-12	1.020000E-12	2.597403E-14	2.597403E-14
1.000000E-2	1.370000E-12	1.370000E-12	3.488668E-14	3.488668E-14
2.000000E-2	2.180000E-12	2.180000E-12	5.551311E-14	5.551311E-14
3.000000E-2	4.500000E-13	4.500000E-13	1.145913E-14	1.145913E-14
4.000000E-2	2.130000E-12	2.130000E-12	5.423988E-14	5.423988E-14
5.000000E-2	4.500000E-13	4.500000E-13	1.145913E-14	1.145913E-14
6.000000E-2	7.700000E-13	7.700000E-13	1.960784E-14	1.960784E-14
7.000000E-2	1.880000E-12	1.880000E-12	4.787369E-14	4.787369E-14
8.000000E-2	2.240000E-12	2.240000E-12	5.704100E-14	5.704100E-14
9.000000E-2	-9.000000E-14	9.000000E-14	-2.291826E-15	2.291826E-15
1.000000E-1	9.500000E-13	9.500000E-13	2.419149E-14	2.419149E-14
1.100000E-1	9.300000E-13	9.300000E-13	2.368220E-14	2.368220E-14
1.200000E-1	5.400000E-13	5.400000E-13	1.375095E-14	1.375095E-14
1.300000E-1	1.050000E-12	1.050000E-12	2.673797E-14	2.673797E-14
1.400000E-1	1.750000E-12	1.750000E-12	4.456328E-14	4.456328E-14
1.500000E-1	1.510000E-12	1.510000E-12	3.845174E-14	3.845174E-14
1.600000E-1	1.520000E-12	1.520000E-12	3.870639E-14	3.870639E-14
1.700000E-1	2.040000E-12	2.040000E-12	5.194805E-14	5.194805E-14
1.800000E-1	1.400000E-12	1.400000E-12	3.565062E-14	3.565062E-14
1.900000E-1	1.570000E-12	1.570000E-12	3.997963E-14	3.997963E-14
2.000000E-1	2.000000E-14	2.000000E-14	5.092946E-16	5.092946E-16
2.100000E-1	2.450000E-12	2.450000E-12	6.238859E-14	6.238859E-14
2.200000E-1	2.360000E-12	2.360000E-12	6.009677E-14	6.009677E-14
2.300000E-1	2.250000E-12	2.250000E-12	5.729564E-14	5.729564E-14
2.400000E-1	2.190000E-12	2.190000E-12	5.576776E-14	5.576776E-14
2.500000E-1	2.810000E-12	2.810000E-12	7.155589E-14	7.155589E-14
2.600000E-1	1.560000E-12	1.560000E-12	3.972498E-14	3.972498E-14
2.700000E-1	1.270000E-12	1.270000E-12	3.234021E-14	3.234021E-14
2.800000E-1	1.910000E-12	1.910000E-12	4.863764E-14	4.863764E-14
2.900000E-1	3.180000E-12	3.180000E-12	8.097784E-14	8.097784E-14
3.000000E-1	4.660000E-12	4.660000E-12	1.186656E-13	1.186656E-13
3.100000E-1	1.150000E-12	1.150000E-12	2.928444E-14	2.928444E-14
3.200000E-1	1.900000E-12	1.900000E-12	4.838299E-14	4.838299E-14
3.300000E-1	1.960000E-12	1.960000E-12	4.991087E-14	4.991087E-14
3.400000E-1	1.860000E-12	1.860000E-12	4.736440E-14	4.736440E-14
3.500000E-1	5.000000E-13	5.000000E-13	1.273237E-14	1.273237E-14
3.600000E-1	-8.600000E-13	8.600000E-13	-2.189967E-14	2.189967E-14
3.700000E-1	1.010000E-12	1.010000E-12	2.571938E-14	2.571938E-14
3.800000E-1	2.580000E-12	2.580000E-12	6.569901E-14	6.569901E-14
3.900000E-1	1.880000E-12	1.880000E-12	4.787369E-14	4.787369E-14
4.000000E-1	1.870000E-12	1.870000E-12	4.761905E-14	4.761905E-14
4.100000E-1	1.880000E-12	1.880000E-12	4.787369E-14	4.787369E-14
4.200000E-1	2.050000E-12	2.050000E-12	5.220270E-14	5.220270E-14
4.300000E-1	1.430000E-12	1.430000E-12	3.641457E-14	3.641457E-14
4.400000E-1	2.220000E-12	2.220000E-12	5.653170E-14	5.653170E-14
4.500000E-1	3.210000E-12	3.210000E-12	8.174179E-14	8.174179E-14
4.600000E-1	1.850000E-12	1.850000E-12	4.710975E-14	4.710975E-14
4.700000E-1	1.490000E-12	1.490000E-12	3.794245E-14	3.794245E-14
4.800000E-1	1.790000E-12	1.790000E-12	4.558187E-14	4.558187E-14
4.900000E-1	1.910000E-12	1.910000E-12	4.863764E-14	4.863764E-14
5.000000E-1	2.870000E-12	2.870000E-12	7.308378E-14	7.308378E-14
