

15:36:44	16/03/21


Ell Cont: 5,0x10,0

SMU1	V name:		V1
	I name:		I1
	Mode:		V
	Function:	VAR1
SMU2	V name:		V2
	I name:		I2
	Mode:		common
	Function:	const.
SMU3	off
SMU4	off
VMUs	off

Primary Source (VAR1):	single
	Sweep Spacing:	linear
	Start:		-0.500000
	Stop:		0.500000
	Step:		0.010000
	Compliance:	0.050000
Power Compliance OFF

Timing:		Integration Time:	medium
	Delay Time (sec):	0.000000
	Hold Time (sec):	0.000000
	Wait Time (sec):	1.000000

Secondary Source (VAR2):	OFF


   V1	   I1	Abs(I)	J (A\um²)	Abs(J)
-5.000000E-1	-1.259000E-11	1.259000E-11	-3.206010E-13	3.206010E-13
-4.900000E-1	-6.050000E-12	6.050000E-12	-1.540616E-13	1.540616E-13
-4.800000E-1	-5.720000E-12	5.720000E-12	-1.456583E-13	1.456583E-13
-4.700000E-1	-3.730000E-12	3.730000E-12	-9.498345E-14	9.498345E-14
-4.600000E-1	-3.150000E-12	3.150000E-12	-8.021390E-14	8.021390E-14
-4.500000E-1	-2.340000E-12	2.340000E-12	-5.958747E-14	5.958747E-14
-4.400000E-1	-2.210000E-12	2.210000E-12	-5.627706E-14	5.627706E-14
-4.300000E-1	-1.360000E-12	1.360000E-12	-3.463203E-14	3.463203E-14
-4.200000E-1	-1.050000E-12	1.050000E-12	-2.673797E-14	2.673797E-14
-4.100000E-1	-7.600000E-13	7.600000E-13	-1.935320E-14	1.935320E-14
-4.000000E-1	-1.190000E-12	1.190000E-12	-3.030303E-14	3.030303E-14
-3.900000E-1	-2.100000E-12	2.100000E-12	-5.347594E-14	5.347594E-14
-3.800000E-1	-8.500000E-13	8.500000E-13	-2.164502E-14	2.164502E-14
-3.700000E-1	-1.300000E-13	1.300000E-13	-3.310415E-15	3.310415E-15
-3.600000E-1	2.400000E-13	2.400000E-13	6.111535E-15	6.111535E-15
-3.500000E-1	4.100000E-13	4.100000E-13	1.044054E-14	1.044054E-14
-3.400000E-1	8.900000E-13	8.900000E-13	2.266361E-14	2.266361E-14
-3.300000E-1	1.300000E-12	1.300000E-12	3.310415E-14	3.310415E-14
-3.200000E-1	9.600000E-13	9.600000E-13	2.444614E-14	2.444614E-14
-3.100000E-1	9.000000E-13	9.000000E-13	2.291826E-14	2.291826E-14
-3.000000E-1	1.760000E-12	1.760000E-12	4.481793E-14	4.481793E-14
-2.900000E-1	1.070000E-12	1.070000E-12	2.724726E-14	2.724726E-14
-2.800000E-1	8.800000E-13	8.800000E-13	2.240896E-14	2.240896E-14
-2.700000E-1	7.000000E-14	7.000000E-14	1.782531E-15	1.782531E-15
-2.600000E-1	7.700000E-13	7.700000E-13	1.960784E-14	1.960784E-14
-2.500000E-1	5.300000E-13	5.300000E-13	1.349631E-14	1.349631E-14
-2.400000E-1	3.900000E-13	3.900000E-13	9.931245E-15	9.931245E-15
-2.300000E-1	9.700000E-13	9.700000E-13	2.470079E-14	2.470079E-14
-2.200000E-1	9.400000E-13	9.400000E-13	2.393685E-14	2.393685E-14
-2.100000E-1	1.570000E-12	1.570000E-12	3.997963E-14	3.997963E-14
-2.000000E-1	9.700000E-13	9.700000E-13	2.470079E-14	2.470079E-14
-1.900000E-1	8.600000E-13	8.600000E-13	2.189967E-14	2.189967E-14
-1.800000E-1	1.200000E-12	1.200000E-12	3.055768E-14	3.055768E-14
-1.700000E-1	1.140000E-12	1.140000E-12	2.902979E-14	2.902979E-14
-1.600000E-1	9.600000E-13	9.600000E-13	2.444614E-14	2.444614E-14
-1.500000E-1	1.320000E-12	1.320000E-12	3.361344E-14	3.361344E-14
-1.400000E-1	9.200000E-13	9.200000E-13	2.342755E-14	2.342755E-14
-1.300000E-1	1.340000E-12	1.340000E-12	3.412274E-14	3.412274E-14
-1.200000E-1	1.400000E-12	1.400000E-12	3.565062E-14	3.565062E-14
-1.100000E-1	1.250000E-12	1.250000E-12	3.183091E-14	3.183091E-14
-1.000000E-1	2.240000E-12	2.240000E-12	5.704100E-14	5.704100E-14
-9.000000E-2	1.420000E-12	1.420000E-12	3.615992E-14	3.615992E-14
-8.000000E-2	1.400000E-12	1.400000E-12	3.565062E-14	3.565062E-14
-7.000000E-2	1.930000E-12	1.930000E-12	4.914693E-14	4.914693E-14
-6.000000E-2	1.370000E-12	1.370000E-12	3.488668E-14	3.488668E-14
-5.000000E-2	9.400000E-13	9.400000E-13	2.393685E-14	2.393685E-14
-4.000000E-2	1.580000E-12	1.580000E-12	4.023428E-14	4.023428E-14
-3.000000E-2	1.330000E-12	1.330000E-12	3.386809E-14	3.386809E-14
-2.000000E-2	1.590000E-12	1.590000E-12	4.048892E-14	4.048892E-14
-1.000000E-2	1.600000E-12	1.600000E-12	4.074357E-14	4.074357E-14
0.000000E+0	2.070000E-12	2.070000E-12	5.271199E-14	5.271199E-14
1.000000E-2	1.740000E-12	1.740000E-12	4.430863E-14	4.430863E-14
2.000000E-2	1.500000E-12	1.500000E-12	3.819710E-14	3.819710E-14
3.000000E-2	1.560000E-12	1.560000E-12	3.972498E-14	3.972498E-14
4.000000E-2	1.830000E-12	1.830000E-12	4.660046E-14	4.660046E-14
5.000000E-2	1.860000E-12	1.860000E-12	4.736440E-14	4.736440E-14
6.000000E-2	2.250000E-12	2.250000E-12	5.729564E-14	5.729564E-14
7.000000E-2	1.560000E-12	1.560000E-12	3.972498E-14	3.972498E-14
8.000000E-2	2.350000E-12	2.350000E-12	5.984212E-14	5.984212E-14
9.000000E-2	1.820000E-12	1.820000E-12	4.634581E-14	4.634581E-14
1.000000E-1	1.510000E-12	1.510000E-12	3.845174E-14	3.845174E-14
1.100000E-1	1.460000E-12	1.460000E-12	3.717851E-14	3.717851E-14
1.200000E-1	1.780000E-12	1.780000E-12	4.532722E-14	4.532722E-14
1.300000E-1	1.800000E-12	1.800000E-12	4.583652E-14	4.583652E-14
1.400000E-1	1.970000E-12	1.970000E-12	5.016552E-14	5.016552E-14
1.500000E-1	1.830000E-12	1.830000E-12	4.660046E-14	4.660046E-14
1.600000E-1	1.990000E-12	1.990000E-12	5.067481E-14	5.067481E-14
1.700000E-1	2.330000E-12	2.330000E-12	5.933282E-14	5.933282E-14
1.800000E-1	2.140000E-12	2.140000E-12	5.449452E-14	5.449452E-14
1.900000E-1	1.960000E-12	1.960000E-12	4.991087E-14	4.991087E-14
2.000000E-1	1.990000E-12	1.990000E-12	5.067481E-14	5.067481E-14
2.100000E-1	2.060000E-12	2.060000E-12	5.245735E-14	5.245735E-14
2.200000E-1	1.920000E-12	1.920000E-12	4.889228E-14	4.889228E-14
2.300000E-1	2.120000E-12	2.120000E-12	5.398523E-14	5.398523E-14
2.400000E-1	1.670000E-12	1.670000E-12	4.252610E-14	4.252610E-14
2.500000E-1	1.770000E-12	1.770000E-12	4.507257E-14	4.507257E-14
2.600000E-1	1.950000E-12	1.950000E-12	4.965623E-14	4.965623E-14
2.700000E-1	2.120000E-12	2.120000E-12	5.398523E-14	5.398523E-14
2.800000E-1	2.090000E-12	2.090000E-12	5.322129E-14	5.322129E-14
2.900000E-1	2.050000E-12	2.050000E-12	5.220270E-14	5.220270E-14
3.000000E-1	1.680000E-12	1.680000E-12	4.278075E-14	4.278075E-14
3.100000E-1	1.520000E-12	1.520000E-12	3.870639E-14	3.870639E-14
3.200000E-1	1.800000E-12	1.800000E-12	4.583652E-14	4.583652E-14
3.300000E-1	1.760000E-12	1.760000E-12	4.481793E-14	4.481793E-14
3.400000E-1	1.960000E-12	1.960000E-12	4.991087E-14	4.991087E-14
3.500000E-1	1.990000E-12	1.990000E-12	5.067481E-14	5.067481E-14
3.600000E-1	2.300000E-12	2.300000E-12	5.856888E-14	5.856888E-14
3.700000E-1	2.240000E-12	2.240000E-12	5.704100E-14	5.704100E-14
3.800000E-1	1.960000E-12	1.960000E-12	4.991087E-14	4.991087E-14
3.900000E-1	2.420000E-12	2.420000E-12	6.162465E-14	6.162465E-14
4.000000E-1	1.860000E-12	1.860000E-12	4.736440E-14	4.736440E-14
4.100000E-1	2.300000E-12	2.300000E-12	5.856888E-14	5.856888E-14
4.200000E-1	2.370000E-12	2.370000E-12	6.035141E-14	6.035141E-14
4.300000E-1	2.490000E-12	2.490000E-12	6.340718E-14	6.340718E-14
4.400000E-1	2.180000E-12	2.180000E-12	5.551311E-14	5.551311E-14
4.500000E-1	1.720000E-12	1.720000E-12	4.379934E-14	4.379934E-14
4.600000E-1	2.270000E-12	2.270000E-12	5.780494E-14	5.780494E-14
4.700000E-1	2.390000E-12	2.390000E-12	6.086071E-14	6.086071E-14
4.800000E-1	1.720000E-12	1.720000E-12	4.379934E-14	4.379934E-14
4.900000E-1	2.000000E-12	2.000000E-12	5.092946E-14	5.092946E-14
5.000000E-1	2.230000E-12	2.230000E-12	5.678635E-14	5.678635E-14
