

15:46:25	16/03/21


Ell Cont: 5,0x10,0

SMU1	V name:		V1
	I name:		I1
	Mode:		V
	Function:	VAR1
SMU2	V name:		V2
	I name:		I2
	Mode:		common
	Function:	const.
SMU3	off
SMU4	off
VMUs	off

Primary Source (VAR1):	single
	Sweep Spacing:	linear
	Start:		-0.500000
	Stop:		0.500000
	Step:		0.010000
	Compliance:	0.050000
Power Compliance OFF

Timing:		Integration Time:	medium
	Delay Time (sec):	0.000000
	Hold Time (sec):	0.000000
	Wait Time (sec):	1.000000

Secondary Source (VAR2):	OFF


   V1	   I1	Abs(I)	J (A\um²)	Abs(J)
-5.000000E-1	-1.231000E-11	1.231000E-11	-3.134708E-13	3.134708E-13
-4.900000E-1	-6.910000E-12	6.910000E-12	-1.759613E-13	1.759613E-13
-4.800000E-1	-4.980000E-12	4.980000E-12	-1.268144E-13	1.268144E-13
-4.700000E-1	-4.610000E-12	4.610000E-12	-1.173924E-13	1.173924E-13
-4.600000E-1	-4.770000E-12	4.770000E-12	-1.214668E-13	1.214668E-13
-4.500000E-1	-2.960000E-12	2.960000E-12	-7.537560E-14	7.537560E-14
-4.400000E-1	-2.130000E-12	2.130000E-12	-5.423988E-14	5.423988E-14
-4.300000E-1	-1.120000E-12	1.120000E-12	-2.852050E-14	2.852050E-14
-4.200000E-1	0.000000E+0	0.000000E+0	0.000000E+0	0.000000E+0
-4.100000E-1	-2.440000E-12	2.440000E-12	-6.213394E-14	6.213394E-14
-4.000000E-1	-3.230000E-12	3.230000E-12	-8.225108E-14	8.225108E-14
-3.900000E-1	-2.990000E-12	2.990000E-12	-7.613955E-14	7.613955E-14
-3.800000E-1	-1.930000E-12	1.930000E-12	-4.914693E-14	4.914693E-14
-3.700000E-1	-1.020000E-12	1.020000E-12	-2.597403E-14	2.597403E-14
-3.600000E-1	2.900000E-13	2.900000E-13	7.384772E-15	7.384772E-15
-3.500000E-1	-2.000000E-14	2.000000E-14	-5.092946E-16	5.092946E-16
-3.400000E-1	-5.620000E-12	5.620000E-12	-1.431118E-13	1.431118E-13
-3.300000E-1	-2.630000E-12	2.630000E-12	-6.697224E-14	6.697224E-14
-3.200000E-1	-2.200000E-13	2.200000E-13	-5.602241E-15	5.602241E-15
-3.100000E-1	6.000000E-14	6.000000E-14	1.527884E-15	1.527884E-15
-3.000000E-1	7.000000E-14	7.000000E-14	1.782531E-15	1.782531E-15
-2.900000E-1	1.280000E-12	1.280000E-12	3.259486E-14	3.259486E-14
-2.800000E-1	1.090000E-12	1.090000E-12	2.775656E-14	2.775656E-14
-2.700000E-1	1.320000E-12	1.320000E-12	3.361344E-14	3.361344E-14
-2.600000E-1	8.600000E-13	8.600000E-13	2.189967E-14	2.189967E-14
-2.500000E-1	1.940000E-12	1.940000E-12	4.940158E-14	4.940158E-14
-2.400000E-1	1.030000E-12	1.030000E-12	2.622867E-14	2.622867E-14
-2.300000E-1	7.200000E-13	7.200000E-13	1.833461E-14	1.833461E-14
-2.200000E-1	2.700000E-13	2.700000E-13	6.875477E-15	6.875477E-15
-2.100000E-1	2.900000E-13	2.900000E-13	7.384772E-15	7.384772E-15
-2.000000E-1	7.500000E-13	7.500000E-13	1.909855E-14	1.909855E-14
-1.900000E-1	4.000000E-13	4.000000E-13	1.018589E-14	1.018589E-14
-1.800000E-1	7.700000E-13	7.700000E-13	1.960784E-14	1.960784E-14
-1.700000E-1	1.120000E-12	1.120000E-12	2.852050E-14	2.852050E-14
-1.600000E-1	8.200000E-13	8.200000E-13	2.088108E-14	2.088108E-14
-1.500000E-1	7.100000E-13	7.100000E-13	1.807996E-14	1.807996E-14
-1.400000E-1	1.800000E-12	1.800000E-12	4.583652E-14	4.583652E-14
-1.300000E-1	1.010000E-12	1.010000E-12	2.571938E-14	2.571938E-14
-1.200000E-1	1.400000E-12	1.400000E-12	3.565062E-14	3.565062E-14
-1.100000E-1	8.000000E-13	8.000000E-13	2.037178E-14	2.037178E-14
-1.000000E-1	1.850000E-12	1.850000E-12	4.710975E-14	4.710975E-14
-9.000000E-2	1.320000E-12	1.320000E-12	3.361344E-14	3.361344E-14
-8.000000E-2	1.610000E-12	1.610000E-12	4.099822E-14	4.099822E-14
-7.000000E-2	1.340000E-12	1.340000E-12	3.412274E-14	3.412274E-14
-6.000000E-2	1.700000E-12	1.700000E-12	4.329004E-14	4.329004E-14
-5.000000E-2	1.410000E-12	1.410000E-12	3.590527E-14	3.590527E-14
-4.000000E-2	6.200000E-13	6.200000E-13	1.578813E-14	1.578813E-14
-3.000000E-2	8.100000E-13	8.100000E-13	2.062643E-14	2.062643E-14
-2.000000E-2	1.360000E-12	1.360000E-12	3.463203E-14	3.463203E-14
-1.000000E-2	2.170000E-12	2.170000E-12	5.525847E-14	5.525847E-14
0.000000E+0	1.450000E-12	1.450000E-12	3.692386E-14	3.692386E-14
1.000000E-2	1.020000E-12	1.020000E-12	2.597403E-14	2.597403E-14
2.000000E-2	8.900000E-13	8.900000E-13	2.266361E-14	2.266361E-14
3.000000E-2	2.220000E-12	2.220000E-12	5.653170E-14	5.653170E-14
4.000000E-2	1.070000E-12	1.070000E-12	2.724726E-14	2.724726E-14
5.000000E-2	2.090000E-12	2.090000E-12	5.322129E-14	5.322129E-14
6.000000E-2	9.900000E-13	9.900000E-13	2.521008E-14	2.521008E-14
7.000000E-2	1.580000E-12	1.580000E-12	4.023428E-14	4.023428E-14
8.000000E-2	2.010000E-12	2.010000E-12	5.118411E-14	5.118411E-14
9.000000E-2	1.760000E-12	1.760000E-12	4.481793E-14	4.481793E-14
1.000000E-1	1.530000E-12	1.530000E-12	3.896104E-14	3.896104E-14
1.100000E-1	2.390000E-12	2.390000E-12	6.086071E-14	6.086071E-14
1.200000E-1	1.940000E-12	1.940000E-12	4.940158E-14	4.940158E-14
1.300000E-1	2.270000E-12	2.270000E-12	5.780494E-14	5.780494E-14
1.400000E-1	2.050000E-12	2.050000E-12	5.220270E-14	5.220270E-14
1.500000E-1	1.990000E-12	1.990000E-12	5.067481E-14	5.067481E-14
1.600000E-1	2.370000E-12	2.370000E-12	6.035141E-14	6.035141E-14
1.700000E-1	1.300000E-12	1.300000E-12	3.310415E-14	3.310415E-14
1.800000E-1	2.490000E-12	2.490000E-12	6.340718E-14	6.340718E-14
1.900000E-1	2.050000E-12	2.050000E-12	5.220270E-14	5.220270E-14
2.000000E-1	2.340000E-12	2.340000E-12	5.958747E-14	5.958747E-14
2.100000E-1	2.000000E-12	2.000000E-12	5.092946E-14	5.092946E-14
2.200000E-1	2.490000E-12	2.490000E-12	6.340718E-14	6.340718E-14
2.300000E-1	1.900000E-12	1.900000E-12	4.838299E-14	4.838299E-14
2.400000E-1	2.180000E-12	2.180000E-12	5.551311E-14	5.551311E-14
2.500000E-1	2.080000E-12	2.080000E-12	5.296664E-14	5.296664E-14
2.600000E-1	2.330000E-12	2.330000E-12	5.933282E-14	5.933282E-14
2.700000E-1	1.990000E-12	1.990000E-12	5.067481E-14	5.067481E-14
2.800000E-1	2.850000E-12	2.850000E-12	7.257448E-14	7.257448E-14
2.900000E-1	2.670000E-12	2.670000E-12	6.799083E-14	6.799083E-14
3.000000E-1	2.250000E-12	2.250000E-12	5.729564E-14	5.729564E-14
3.100000E-1	2.760000E-12	2.760000E-12	7.028266E-14	7.028266E-14
3.200000E-1	3.310000E-12	3.310000E-12	8.428826E-14	8.428826E-14
3.300000E-1	2.960000E-12	2.960000E-12	7.537560E-14	7.537560E-14
3.400000E-1	2.840000E-12	2.840000E-12	7.231984E-14	7.231984E-14
3.500000E-1	2.510000E-12	2.510000E-12	6.391647E-14	6.391647E-14
3.600000E-1	2.450000E-12	2.450000E-12	6.238859E-14	6.238859E-14
3.700000E-1	2.230000E-12	2.230000E-12	5.678635E-14	5.678635E-14
3.800000E-1	2.200000E-12	2.200000E-12	5.602241E-14	5.602241E-14
3.900000E-1	2.730000E-12	2.730000E-12	6.951872E-14	6.951872E-14
4.000000E-1	2.680000E-12	2.680000E-12	6.824548E-14	6.824548E-14
4.100000E-1	2.650000E-12	2.650000E-12	6.748154E-14	6.748154E-14
4.200000E-1	2.750000E-12	2.750000E-12	7.002801E-14	7.002801E-14
4.300000E-1	2.420000E-12	2.420000E-12	6.162465E-14	6.162465E-14
4.400000E-1	3.460000E-12	3.460000E-12	8.810797E-14	8.810797E-14
4.500000E-1	3.480000E-12	3.480000E-12	8.861726E-14	8.861726E-14
4.600000E-1	3.560000E-12	3.560000E-12	9.065444E-14	9.065444E-14
4.700000E-1	1.090000E-12	1.090000E-12	2.775656E-14	2.775656E-14
4.800000E-1	3.630000E-12	3.630000E-12	9.243697E-14	9.243697E-14
4.900000E-1	3.180000E-12	3.180000E-12	8.097784E-14	8.097784E-14
5.000000E-1	1.770000E-12	1.770000E-12	4.507257E-14	4.507257E-14
