

15:51:33	16/03/21


Ell Cont: 5,0x10,0

SMU1	V name:		V1
	I name:		I1
	Mode:		V
	Function:	VAR1
SMU2	V name:		V2
	I name:		I2
	Mode:		common
	Function:	const.
SMU3	off
SMU4	off
VMUs	off

Primary Source (VAR1):	single
	Sweep Spacing:	linear
	Start:		-0.500000
	Stop:		0.500000
	Step:		0.010000
	Compliance:	0.050000
Power Compliance OFF

Timing:		Integration Time:	medium
	Delay Time (sec):	0.000000
	Hold Time (sec):	0.000000
	Wait Time (sec):	1.000000

Secondary Source (VAR2):	OFF


   V1	   I1	Abs(I)	J (A\µm²)	Abs(J)
-5.000000E-1	-1.444000E-11	1.444000E-11	-3.677107E-13	3.677107E-13
-4.900000E-1	-8.870000E-12	8.870000E-12	-2.258722E-13	2.258722E-13
-4.800000E-1	-6.860000E-12	6.860000E-12	-1.746881E-13	1.746881E-13
-4.700000E-1	-5.400000E-12	5.400000E-12	-1.375095E-13	1.375095E-13
-4.600000E-1	-5.330000E-12	5.330000E-12	-1.357270E-13	1.357270E-13
-4.500000E-1	-3.160000E-12	3.160000E-12	-8.046855E-14	8.046855E-14
-4.400000E-1	-4.020000E-12	4.020000E-12	-1.023682E-13	1.023682E-13
-4.300000E-1	-3.110000E-12	3.110000E-12	-7.919531E-14	7.919531E-14
-4.200000E-1	-2.340000E-12	2.340000E-12	-5.958747E-14	5.958747E-14
-4.100000E-1	9.400000E-13	9.400000E-13	2.393685E-14	2.393685E-14
-4.000000E-1	1.700000E-13	1.700000E-13	4.329004E-15	4.329004E-15
-3.900000E-1	-8.100000E-13	8.100000E-13	-2.062643E-14	2.062643E-14
-3.800000E-1	-1.090000E-12	1.090000E-12	-2.775656E-14	2.775656E-14
-3.700000E-1	-1.400000E-13	1.400000E-13	-3.565062E-15	3.565062E-15
-3.600000E-1	-5.800000E-13	5.800000E-13	-1.476954E-14	1.476954E-14
-3.500000E-1	-2.130000E-12	2.130000E-12	-5.423988E-14	5.423988E-14
-3.400000E-1	-2.360000E-12	2.360000E-12	-6.009677E-14	6.009677E-14
-3.300000E-1	1.780000E-12	1.780000E-12	4.532722E-14	4.532722E-14
-3.200000E-1	-1.110000E-12	1.110000E-12	-2.826585E-14	2.826585E-14
-3.100000E-1	-2.230000E-12	2.230000E-12	-5.678635E-14	5.678635E-14
-3.000000E-1	-1.690000E-12	1.690000E-12	-4.303540E-14	4.303540E-14
-2.900000E-1	3.200000E-13	3.200000E-13	8.148714E-15	8.148714E-15
-2.800000E-1	3.820000E-12	3.820000E-12	9.727527E-14	9.727527E-14
-2.700000E-1	-5.610000E-12	5.610000E-12	-1.428571E-13	1.428571E-13
-2.600000E-1	6.000000E-13	6.000000E-13	1.527884E-14	1.527884E-14
-2.500000E-1	-3.200000E-12	3.200000E-12	-8.148714E-14	8.148714E-14
-2.400000E-1	2.210000E-12	2.210000E-12	5.627706E-14	5.627706E-14
-2.300000E-1	-1.430000E-12	1.430000E-12	-3.641457E-14	3.641457E-14
-2.200000E-1	-4.800000E-13	4.800000E-13	-1.222307E-14	1.222307E-14
-2.100000E-1	1.400000E-13	1.400000E-13	3.565062E-15	3.565062E-15
-2.000000E-1	6.300000E-13	6.300000E-13	1.604278E-14	1.604278E-14
-1.900000E-1	1.410000E-12	1.410000E-12	3.590527E-14	3.590527E-14
-1.800000E-1	1.000000E-12	1.000000E-12	2.546473E-14	2.546473E-14
-1.700000E-1	1.350000E-12	1.350000E-12	3.437739E-14	3.437739E-14
-1.600000E-1	6.000000E-13	6.000000E-13	1.527884E-14	1.527884E-14
-1.500000E-1	9.700000E-13	9.700000E-13	2.470079E-14	2.470079E-14
-1.400000E-1	3.400000E-13	3.400000E-13	8.658009E-15	8.658009E-15
-1.300000E-1	9.900000E-13	9.900000E-13	2.521008E-14	2.521008E-14
-1.200000E-1	-3.600000E-13	3.600000E-13	-9.167303E-15	9.167303E-15
-1.100000E-1	-4.000000E-14	4.000000E-14	-1.018589E-15	1.018589E-15
-1.000000E-1	8.000000E-13	8.000000E-13	2.037178E-14	2.037178E-14
-9.000000E-2	2.000000E-14	2.000000E-14	5.092946E-16	5.092946E-16
-8.000000E-2	-6.600000E-13	6.600000E-13	-1.680672E-14	1.680672E-14
-7.000000E-2	-3.900000E-13	3.900000E-13	-9.931245E-15	9.931245E-15
-6.000000E-2	5.100000E-13	5.100000E-13	1.298701E-14	1.298701E-14
-5.000000E-2	2.600000E-13	2.600000E-13	6.620830E-15	6.620830E-15
-4.000000E-2	5.100000E-13	5.100000E-13	1.298701E-14	1.298701E-14
-3.000000E-2	1.190000E-12	1.190000E-12	3.030303E-14	3.030303E-14
-2.000000E-2	2.230000E-12	2.230000E-12	5.678635E-14	5.678635E-14
-1.000000E-2	2.290000E-12	2.290000E-12	5.831423E-14	5.831423E-14
0.000000E+0	2.000000E-12	2.000000E-12	5.092946E-14	5.092946E-14
1.000000E-2	5.550000E-12	5.550000E-12	1.413293E-13	1.413293E-13
2.000000E-2	4.230000E-12	4.230000E-12	1.077158E-13	1.077158E-13
3.000000E-2	3.940000E-12	3.940000E-12	1.003310E-13	1.003310E-13
4.000000E-2	1.970000E-12	1.970000E-12	5.016552E-14	5.016552E-14
5.000000E-2	1.740000E-12	1.740000E-12	4.430863E-14	4.430863E-14
6.000000E-2	1.970000E-12	1.970000E-12	5.016552E-14	5.016552E-14
7.000000E-2	2.680000E-12	2.680000E-12	6.824548E-14	6.824548E-14
8.000000E-2	2.640000E-12	2.640000E-12	6.722689E-14	6.722689E-14
9.000000E-2	1.910000E-12	1.910000E-12	4.863764E-14	4.863764E-14
1.000000E-1	2.050000E-12	2.050000E-12	5.220270E-14	5.220270E-14
1.100000E-1	2.190000E-12	2.190000E-12	5.576776E-14	5.576776E-14
1.200000E-1	1.810000E-12	1.810000E-12	4.609116E-14	4.609116E-14
1.300000E-1	2.180000E-12	2.180000E-12	5.551311E-14	5.551311E-14
1.400000E-1	2.270000E-12	2.270000E-12	5.780494E-14	5.780494E-14
1.500000E-1	1.990000E-12	1.990000E-12	5.067481E-14	5.067481E-14
1.600000E-1	1.620000E-12	1.620000E-12	4.125286E-14	4.125286E-14
1.700000E-1	1.790000E-12	1.790000E-12	4.558187E-14	4.558187E-14
1.800000E-1	2.610000E-12	2.610000E-12	6.646295E-14	6.646295E-14
1.900000E-1	1.800000E-12	1.800000E-12	4.583652E-14	4.583652E-14
2.000000E-1	1.410000E-12	1.410000E-12	3.590527E-14	3.590527E-14
2.100000E-1	2.400000E-12	2.400000E-12	6.111535E-14	6.111535E-14
2.200000E-1	2.520000E-12	2.520000E-12	6.417112E-14	6.417112E-14
2.300000E-1	2.980000E-12	2.980000E-12	7.588490E-14	7.588490E-14
2.400000E-1	3.010000E-12	3.010000E-12	7.664884E-14	7.664884E-14
2.500000E-1	2.830000E-12	2.830000E-12	7.206519E-14	7.206519E-14
2.600000E-1	2.850000E-12	2.850000E-12	7.257448E-14	7.257448E-14
2.700000E-1	2.930000E-12	2.930000E-12	7.461166E-14	7.461166E-14
2.800000E-1	3.160000E-12	3.160000E-12	8.046855E-14	8.046855E-14
2.900000E-1	3.420000E-12	3.420000E-12	8.708938E-14	8.708938E-14
3.000000E-1	3.280000E-12	3.280000E-12	8.352432E-14	8.352432E-14
3.100000E-1	2.570000E-12	2.570000E-12	6.544436E-14	6.544436E-14
3.200000E-1	2.840000E-12	2.840000E-12	7.231984E-14	7.231984E-14
3.300000E-1	2.650000E-12	2.650000E-12	6.748154E-14	6.748154E-14
3.400000E-1	2.890000E-12	2.890000E-12	7.359307E-14	7.359307E-14
3.500000E-1	2.770000E-12	2.770000E-12	7.053731E-14	7.053731E-14
3.600000E-1	2.570000E-12	2.570000E-12	6.544436E-14	6.544436E-14
3.700000E-1	2.960000E-12	2.960000E-12	7.537560E-14	7.537560E-14
3.800000E-1	3.140000E-12	3.140000E-12	7.995926E-14	7.995926E-14
3.900000E-1	2.780000E-12	2.780000E-12	7.079195E-14	7.079195E-14
4.000000E-1	3.310000E-12	3.310000E-12	8.428826E-14	8.428826E-14
4.100000E-1	2.960000E-12	2.960000E-12	7.537560E-14	7.537560E-14
4.200000E-1	3.250000E-12	3.250000E-12	8.276038E-14	8.276038E-14
4.300000E-1	3.210000E-12	3.210000E-12	8.174179E-14	8.174179E-14
4.400000E-1	3.010000E-12	3.010000E-12	7.664884E-14	7.664884E-14
4.500000E-1	3.500000E-12	3.500000E-12	8.912656E-14	8.912656E-14
4.600000E-1	3.300000E-12	3.300000E-12	8.403361E-14	8.403361E-14
4.700000E-1	3.520000E-12	3.520000E-12	8.963585E-14	8.963585E-14
4.800000E-1	3.110000E-12	3.110000E-12	7.919531E-14	7.919531E-14
4.900000E-1	3.350000E-12	3.350000E-12	8.530685E-14	8.530685E-14
5.000000E-1	3.060000E-12	3.060000E-12	7.792208E-14	7.792208E-14
