

16:09:06	16/03/21


Ell Cont: 5,0x10,0

SMU1	V name:		V1
	I name:		I1
	Mode:		V
	Function:	VAR1
SMU2	V name:		V2
	I name:		I2
	Mode:		common
	Function:	const.
SMU3	off
SMU4	off
VMUs	off

Primary Source (VAR1):	single
	Sweep Spacing:	linear
	Start:		-0.500000
	Stop:		0.500000
	Step:		0.010000
	Compliance:	0.050000
Power Compliance OFF

Timing:		Integration Time:	medium
	Delay Time (sec):	0.000000
	Hold Time (sec):	0.000000
	Wait Time (sec):	1.000000

Secondary Source (VAR2):	OFF


   V1	   I1	Abs(I)	J (A\µm²)	Abs(J)
-5.000000E-1	-1.236000E-11	1.236000E-11	-3.147441E-13	3.147441E-13
-4.900000E-1	-8.510000E-12	8.510000E-12	-2.167049E-13	2.167049E-13
-4.800000E-1	-6.690000E-12	6.690000E-12	-1.703591E-13	1.703591E-13
-4.700000E-1	-6.320000E-12	6.320000E-12	-1.609371E-13	1.609371E-13
-4.600000E-1	-5.090000E-12	5.090000E-12	-1.296155E-13	1.296155E-13
-4.500000E-1	-3.270000E-12	3.270000E-12	-8.326967E-14	8.326967E-14
-4.400000E-1	-3.730000E-12	3.730000E-12	-9.498345E-14	9.498345E-14
-4.300000E-1	-3.110000E-12	3.110000E-12	-7.919531E-14	7.919531E-14
-4.200000E-1	-2.800000E-12	2.800000E-12	-7.130125E-14	7.130125E-14
-4.100000E-1	-1.850000E-12	1.850000E-12	-4.710975E-14	4.710975E-14
-4.000000E-1	-1.650000E-12	1.650000E-12	-4.201681E-14	4.201681E-14
-3.900000E-1	-7.600000E-13	7.600000E-13	-1.935320E-14	1.935320E-14
-3.800000E-1	-1.220000E-12	1.220000E-12	-3.106697E-14	3.106697E-14
-3.700000E-1	-1.460000E-12	1.460000E-12	-3.717851E-14	3.717851E-14
-3.600000E-1	3.600000E-13	3.600000E-13	9.167303E-15	9.167303E-15
-3.500000E-1	-4.700000E-13	4.700000E-13	-1.196842E-14	1.196842E-14
-3.400000E-1	-7.100000E-13	7.100000E-13	-1.807996E-14	1.807996E-14
-3.300000E-1	1.500000E-13	1.500000E-13	3.819710E-15	3.819710E-15
-3.200000E-1	-4.900000E-13	4.900000E-13	-1.247772E-14	1.247772E-14
-3.100000E-1	-5.900000E-13	5.900000E-13	-1.502419E-14	1.502419E-14
-3.000000E-1	3.000000E-14	3.000000E-14	7.639419E-16	7.639419E-16
-2.900000E-1	-3.900000E-13	3.900000E-13	-9.931245E-15	9.931245E-15
-2.800000E-1	-2.700000E-13	2.700000E-13	-6.875477E-15	6.875477E-15
-2.700000E-1	-7.500000E-13	7.500000E-13	-1.909855E-14	1.909855E-14
-2.600000E-1	2.000000E-14	2.000000E-14	5.092946E-16	5.092946E-16
-2.500000E-1	4.400000E-13	4.400000E-13	1.120448E-14	1.120448E-14
-2.400000E-1	5.600000E-13	5.600000E-13	1.426025E-14	1.426025E-14
-2.300000E-1	3.200000E-13	3.200000E-13	8.148714E-15	8.148714E-15
-2.200000E-1	5.500000E-13	5.500000E-13	1.400560E-14	1.400560E-14
-2.100000E-1	2.280000E-12	2.280000E-12	5.805959E-14	5.805959E-14
-2.000000E-1	7.800000E-13	7.800000E-13	1.986249E-14	1.986249E-14
-1.900000E-1	1.600000E-13	1.600000E-13	4.074357E-15	4.074357E-15
-1.800000E-1	3.300000E-13	3.300000E-13	8.403361E-15	8.403361E-15
-1.700000E-1	6.400000E-13	6.400000E-13	1.629743E-14	1.629743E-14
-1.600000E-1	5.600000E-13	5.600000E-13	1.426025E-14	1.426025E-14
-1.500000E-1	8.100000E-13	8.100000E-13	2.062643E-14	2.062643E-14
-1.400000E-1	9.300000E-13	9.300000E-13	2.368220E-14	2.368220E-14
-1.300000E-1	9.000000E-13	9.000000E-13	2.291826E-14	2.291826E-14
-1.200000E-1	5.800000E-13	5.800000E-13	1.476954E-14	1.476954E-14
-1.100000E-1	5.000000E-13	5.000000E-13	1.273237E-14	1.273237E-14
-1.000000E-1	1.110000E-12	1.110000E-12	2.826585E-14	2.826585E-14
-9.000000E-2	1.590000E-12	1.590000E-12	4.048892E-14	4.048892E-14
-8.000000E-2	8.900000E-13	8.900000E-13	2.266361E-14	2.266361E-14
-7.000000E-2	1.540000E-12	1.540000E-12	3.921569E-14	3.921569E-14
-6.000000E-2	1.490000E-12	1.490000E-12	3.794245E-14	3.794245E-14
-5.000000E-2	1.880000E-12	1.880000E-12	4.787369E-14	4.787369E-14
-4.000000E-2	1.240000E-12	1.240000E-12	3.157627E-14	3.157627E-14
-3.000000E-2	1.850000E-12	1.850000E-12	4.710975E-14	4.710975E-14
-2.000000E-2	1.440000E-12	1.440000E-12	3.666921E-14	3.666921E-14
-1.000000E-2	1.900000E-12	1.900000E-12	4.838299E-14	4.838299E-14
0.000000E+0	2.010000E-12	2.010000E-12	5.118411E-14	5.118411E-14
1.000000E-2	1.200000E-12	1.200000E-12	3.055768E-14	3.055768E-14
2.000000E-2	1.560000E-12	1.560000E-12	3.972498E-14	3.972498E-14
3.000000E-2	1.940000E-12	1.940000E-12	4.940158E-14	4.940158E-14
4.000000E-2	1.060000E-12	1.060000E-12	2.699261E-14	2.699261E-14
5.000000E-2	2.080000E-12	2.080000E-12	5.296664E-14	5.296664E-14
6.000000E-2	2.570000E-12	2.570000E-12	6.544436E-14	6.544436E-14
7.000000E-2	1.620000E-12	1.620000E-12	4.125286E-14	4.125286E-14
8.000000E-2	1.950000E-12	1.950000E-12	4.965623E-14	4.965623E-14
9.000000E-2	2.120000E-12	2.120000E-12	5.398523E-14	5.398523E-14
1.000000E-1	1.720000E-12	1.720000E-12	4.379934E-14	4.379934E-14
1.100000E-1	2.020000E-12	2.020000E-12	5.143876E-14	5.143876E-14
1.200000E-1	1.800000E-12	1.800000E-12	4.583652E-14	4.583652E-14
1.300000E-1	2.180000E-12	2.180000E-12	5.551311E-14	5.551311E-14
1.400000E-1	2.390000E-12	2.390000E-12	6.086071E-14	6.086071E-14
1.500000E-1	2.100000E-12	2.100000E-12	5.347594E-14	5.347594E-14
1.600000E-1	2.330000E-12	2.330000E-12	5.933282E-14	5.933282E-14
1.700000E-1	2.540000E-12	2.540000E-12	6.468042E-14	6.468042E-14
1.800000E-1	2.210000E-12	2.210000E-12	5.627706E-14	5.627706E-14
1.900000E-1	2.100000E-12	2.100000E-12	5.347594E-14	5.347594E-14
2.000000E-1	3.150000E-12	3.150000E-12	8.021390E-14	8.021390E-14
2.100000E-1	2.680000E-12	2.680000E-12	6.824548E-14	6.824548E-14
2.200000E-1	2.050000E-12	2.050000E-12	5.220270E-14	5.220270E-14
2.300000E-1	2.670000E-12	2.670000E-12	6.799083E-14	6.799083E-14
2.400000E-1	3.110000E-12	3.110000E-12	7.919531E-14	7.919531E-14
2.500000E-1	2.770000E-12	2.770000E-12	7.053731E-14	7.053731E-14
2.600000E-1	2.730000E-12	2.730000E-12	6.951872E-14	6.951872E-14
2.700000E-1	2.760000E-12	2.760000E-12	7.028266E-14	7.028266E-14
2.800000E-1	2.230000E-12	2.230000E-12	5.678635E-14	5.678635E-14
2.900000E-1	2.910000E-12	2.910000E-12	7.410237E-14	7.410237E-14
3.000000E-1	2.960000E-12	2.960000E-12	7.537560E-14	7.537560E-14
3.100000E-1	2.880000E-12	2.880000E-12	7.333843E-14	7.333843E-14
3.200000E-1	2.620000E-12	2.620000E-12	6.671760E-14	6.671760E-14
3.300000E-1	3.000000E-12	3.000000E-12	7.639419E-14	7.639419E-14
3.400000E-1	2.670000E-12	2.670000E-12	6.799083E-14	6.799083E-14
3.500000E-1	3.100000E-12	3.100000E-12	7.894067E-14	7.894067E-14
3.600000E-1	2.850000E-12	2.850000E-12	7.257448E-14	7.257448E-14
3.700000E-1	5.810000E-12	5.810000E-12	1.479501E-13	1.479501E-13
3.800000E-1	5.380000E-12	5.380000E-12	1.370003E-13	1.370003E-13
3.900000E-1	3.090000E-12	3.090000E-12	7.868602E-14	7.868602E-14
4.000000E-1	2.060000E-12	2.060000E-12	5.245735E-14	5.245735E-14
4.100000E-1	4.600000E-13	4.600000E-13	1.171378E-14	1.171378E-14
4.200000E-1	9.300000E-13	9.300000E-13	2.368220E-14	2.368220E-14
4.300000E-1	2.580000E-12	2.580000E-12	6.569901E-14	6.569901E-14
4.400000E-1	6.100000E-12	6.100000E-12	1.553349E-13	1.553349E-13
4.500000E-1	3.060000E-12	3.060000E-12	7.792208E-14	7.792208E-14
4.600000E-1	2.480000E-12	2.480000E-12	6.315253E-14	6.315253E-14
4.700000E-1	4.230000E-12	4.230000E-12	1.077158E-13	1.077158E-13
4.800000E-1	1.890000E-12	1.890000E-12	4.812834E-14	4.812834E-14
4.900000E-1	1.910000E-12	1.910000E-12	4.863764E-14	4.863764E-14
5.000000E-1	3.890000E-12	3.890000E-12	9.905780E-14	9.905780E-14
