

15:44:42	16/03/21


Ell Cont: 5,0x10,0

SMU1	V name:		V1
	I name:		I1
	Mode:		V
	Function:	VAR1
SMU2	V name:		V2
	I name:		I2
	Mode:		common
	Function:	const.
SMU3	off
SMU4	off
VMUs	off

Primary Source (VAR1):	single
	Sweep Spacing:	linear
	Start:		-0.500000
	Stop:		0.500000
	Step:		0.010000
	Compliance:	0.050000
Power Compliance OFF

Timing:		Integration Time:	medium
	Delay Time (sec):	0.000000
	Hold Time (sec):	0.000000
	Wait Time (sec):	1.000000

Secondary Source (VAR2):	OFF


   V1	   I1	Abs(I)	J (A\µm²)	Abs(J)
-5.000000E-1	-1.286000E-11	1.286000E-11	-3.274764E-13	3.274764E-13
-4.900000E-1	-8.900000E-12	8.900000E-12	-2.266361E-13	2.266361E-13
-4.800000E-1	-6.490000E-12	6.490000E-12	-1.652661E-13	1.652661E-13
-4.700000E-1	-4.940000E-12	4.940000E-12	-1.257958E-13	1.257958E-13
-4.600000E-1	-4.040000E-12	4.040000E-12	-1.028775E-13	1.028775E-13
-4.500000E-1	-3.320000E-12	3.320000E-12	-8.454291E-14	8.454291E-14
-4.400000E-1	-3.050000E-12	3.050000E-12	-7.766743E-14	7.766743E-14
-4.300000E-1	-2.390000E-12	2.390000E-12	-6.086071E-14	6.086071E-14
-4.200000E-1	-2.230000E-12	2.230000E-12	-5.678635E-14	5.678635E-14
-4.100000E-1	-1.710000E-12	1.710000E-12	-4.354469E-14	4.354469E-14
-4.000000E-1	-1.370000E-12	1.370000E-12	-3.488668E-14	3.488668E-14
-3.900000E-1	-6.400000E-13	6.400000E-13	-1.629743E-14	1.629743E-14
-3.800000E-1	-8.000000E-13	8.000000E-13	-2.037178E-14	2.037178E-14
-3.700000E-1	-7.500000E-13	7.500000E-13	-1.909855E-14	1.909855E-14
-3.600000E-1	-1.300000E-12	1.300000E-12	-3.310415E-14	3.310415E-14
-3.500000E-1	-2.300000E-13	2.300000E-13	-5.856888E-15	5.856888E-15
-3.400000E-1	-2.100000E-13	2.100000E-13	-5.347594E-15	5.347594E-15
-3.300000E-1	-6.100000E-13	6.100000E-13	-1.553349E-14	1.553349E-14
-3.200000E-1	2.100000E-13	2.100000E-13	5.347594E-15	5.347594E-15
-3.100000E-1	1.000000E-14	1.000000E-14	2.546473E-16	2.546473E-16
-3.000000E-1	-5.000000E-14	5.000000E-14	-1.273237E-15	1.273237E-15
-2.900000E-1	6.000000E-13	6.000000E-13	1.527884E-14	1.527884E-14
-2.800000E-1	0.000000E+0	0.000000E+0	0.000000E+0	0.000000E+0
-2.700000E-1	6.400000E-13	6.400000E-13	1.629743E-14	1.629743E-14
-2.600000E-1	2.900000E-13	2.900000E-13	7.384772E-15	7.384772E-15
-2.500000E-1	3.300000E-13	3.300000E-13	8.403361E-15	8.403361E-15
-2.400000E-1	7.100000E-13	7.100000E-13	1.807996E-14	1.807996E-14
-2.300000E-1	2.500000E-13	2.500000E-13	6.366183E-15	6.366183E-15
-2.200000E-1	1.080000E-12	1.080000E-12	2.750191E-14	2.750191E-14
-2.100000E-1	9.000000E-13	9.000000E-13	2.291826E-14	2.291826E-14
-2.000000E-1	6.300000E-13	6.300000E-13	1.604278E-14	1.604278E-14
-1.900000E-1	6.800000E-13	6.800000E-13	1.731602E-14	1.731602E-14
-1.800000E-1	1.170000E-12	1.170000E-12	2.979374E-14	2.979374E-14
-1.700000E-1	1.200000E-12	1.200000E-12	3.055768E-14	3.055768E-14
-1.600000E-1	9.400000E-13	9.400000E-13	2.393685E-14	2.393685E-14
-1.500000E-1	1.550000E-12	1.550000E-12	3.947033E-14	3.947033E-14
-1.400000E-1	1.300000E-12	1.300000E-12	3.310415E-14	3.310415E-14
-1.300000E-1	1.070000E-12	1.070000E-12	2.724726E-14	2.724726E-14
-1.200000E-1	1.790000E-12	1.790000E-12	4.558187E-14	4.558187E-14
-1.100000E-1	1.200000E-12	1.200000E-12	3.055768E-14	3.055768E-14
-1.000000E-1	1.090000E-12	1.090000E-12	2.775656E-14	2.775656E-14
-9.000000E-2	1.870000E-12	1.870000E-12	4.761905E-14	4.761905E-14
-8.000000E-2	1.510000E-12	1.510000E-12	3.845174E-14	3.845174E-14
-7.000000E-2	1.770000E-12	1.770000E-12	4.507257E-14	4.507257E-14
-6.000000E-2	1.960000E-12	1.960000E-12	4.991087E-14	4.991087E-14
-5.000000E-2	1.630000E-12	1.630000E-12	4.150751E-14	4.150751E-14
-4.000000E-2	1.410000E-12	1.410000E-12	3.590527E-14	3.590527E-14
-3.000000E-2	1.490000E-12	1.490000E-12	3.794245E-14	3.794245E-14
-2.000000E-2	1.840000E-12	1.840000E-12	4.685511E-14	4.685511E-14
-1.000000E-2	1.630000E-12	1.630000E-12	4.150751E-14	4.150751E-14
0.000000E+0	1.660000E-12	1.660000E-12	4.227145E-14	4.227145E-14
1.000000E-2	1.940000E-12	1.940000E-12	4.940158E-14	4.940158E-14
2.000000E-2	1.840000E-12	1.840000E-12	4.685511E-14	4.685511E-14
3.000000E-2	1.940000E-12	1.940000E-12	4.940158E-14	4.940158E-14
4.000000E-2	1.780000E-12	1.780000E-12	4.532722E-14	4.532722E-14
5.000000E-2	2.220000E-12	2.220000E-12	5.653170E-14	5.653170E-14
6.000000E-2	1.890000E-12	1.890000E-12	4.812834E-14	4.812834E-14
7.000000E-2	1.910000E-12	1.910000E-12	4.863764E-14	4.863764E-14
8.000000E-2	2.080000E-12	2.080000E-12	5.296664E-14	5.296664E-14
9.000000E-2	2.330000E-12	2.330000E-12	5.933282E-14	5.933282E-14
1.000000E-1	2.150000E-12	2.150000E-12	5.474917E-14	5.474917E-14
1.100000E-1	2.210000E-12	2.210000E-12	5.627706E-14	5.627706E-14
1.200000E-1	3.070000E-12	3.070000E-12	7.817672E-14	7.817672E-14
1.300000E-1	2.750000E-12	2.750000E-12	7.002801E-14	7.002801E-14
1.400000E-1	2.570000E-12	2.570000E-12	6.544436E-14	6.544436E-14
1.500000E-1	4.200000E-12	4.200000E-12	1.069519E-13	1.069519E-13
1.600000E-1	3.890000E-12	3.890000E-12	9.905780E-14	9.905780E-14
1.700000E-1	8.110000E-12	8.110000E-12	2.065190E-13	2.065190E-13
1.800000E-1	3.740000E-12	3.740000E-12	9.523809E-14	9.523809E-14
1.900000E-1	1.770000E-12	1.770000E-12	4.507257E-14	4.507257E-14
2.000000E-1	2.400000E-13	2.400000E-13	6.111535E-15	6.111535E-15
2.100000E-1	6.500000E-13	6.500000E-13	1.655208E-14	1.655208E-14
2.200000E-1	2.170000E-12	2.170000E-12	5.525847E-14	5.525847E-14
2.300000E-1	2.700000E-12	2.700000E-12	6.875477E-14	6.875477E-14
2.400000E-1	3.320000E-12	3.320000E-12	8.454291E-14	8.454291E-14
2.500000E-1	2.790000E-12	2.790000E-12	7.104660E-14	7.104660E-14
2.600000E-1	3.200000E-12	3.200000E-12	8.148714E-14	8.148714E-14
2.700000E-1	4.410000E-12	4.410000E-12	1.122995E-13	1.122995E-13
2.800000E-1	4.430000E-12	4.430000E-12	1.128088E-13	1.128088E-13
2.900000E-1	3.810000E-12	3.810000E-12	9.702063E-14	9.702063E-14
3.000000E-1	1.810000E-12	1.810000E-12	4.609116E-14	4.609116E-14
3.100000E-1	-4.800000E-13	4.800000E-13	-1.222307E-14	1.222307E-14
3.200000E-1	-5.400000E-13	5.400000E-13	-1.375095E-14	1.375095E-14
3.300000E-1	2.520000E-12	2.520000E-12	6.417112E-14	6.417112E-14
3.400000E-1	4.690000E-12	4.690000E-12	1.194296E-13	1.194296E-13
3.500000E-1	3.760000E-12	3.760000E-12	9.574739E-14	9.574739E-14
3.600000E-1	1.710000E-12	1.710000E-12	4.354469E-14	4.354469E-14
3.700000E-1	2.480000E-12	2.480000E-12	6.315253E-14	6.315253E-14
3.800000E-1	3.610000E-12	3.610000E-12	9.192768E-14	9.192768E-14
3.900000E-1	3.000000E-12	3.000000E-12	7.639419E-14	7.639419E-14
4.000000E-1	3.250000E-12	3.250000E-12	8.276038E-14	8.276038E-14
4.100000E-1	3.210000E-12	3.210000E-12	8.174179E-14	8.174179E-14
4.200000E-1	3.290000E-12	3.290000E-12	8.377897E-14	8.377897E-14
4.300000E-1	3.060000E-12	3.060000E-12	7.792208E-14	7.792208E-14
4.400000E-1	2.680000E-12	2.680000E-12	6.824548E-14	6.824548E-14
4.500000E-1	3.370000E-12	3.370000E-12	8.581614E-14	8.581614E-14
4.600000E-1	3.490000E-12	3.490000E-12	8.887191E-14	8.887191E-14
4.700000E-1	3.480000E-12	3.480000E-12	8.861726E-14	8.861726E-14
4.800000E-1	3.230000E-12	3.230000E-12	8.225108E-14	8.225108E-14
4.900000E-1	3.630000E-12	3.630000E-12	9.243697E-14	9.243697E-14
5.000000E-1	3.800000E-12	3.800000E-12	9.676598E-14	9.676598E-14
