

15:53:16	16/03/21


Ell Cont: 5,0x10,0

SMU1	V name:		V1
	I name:		I1
	Mode:		V
	Function:	VAR1
SMU2	V name:		V2
	I name:		I2
	Mode:		common
	Function:	const.
SMU3	off
SMU4	off
VMUs	off

Primary Source (VAR1):	single
	Sweep Spacing:	linear
	Start:		-0.500000
	Stop:		0.500000
	Step:		0.010000
	Compliance:	0.050000
Power Compliance OFF

Timing:		Integration Time:	medium
	Delay Time (sec):	0.000000
	Hold Time (sec):	0.000000
	Wait Time (sec):	1.000000

Secondary Source (VAR2):	OFF


   V1	   I1	Abs(I)	J (A\µm²)	Abs(J)
-5.000000E-1	-9.690000E-12	9.690000E-12	-2.467532E-13	2.467532E-13
-4.900000E-1	-5.750000E-12	5.750000E-12	-1.464222E-13	1.464222E-13
-4.800000E-1	-4.250000E-12	4.250000E-12	-1.082251E-13	1.082251E-13
-4.700000E-1	-3.440000E-12	3.440000E-12	-8.759867E-14	8.759867E-14
-4.600000E-1	-1.850000E-12	1.850000E-12	-4.710975E-14	4.710975E-14
-4.500000E-1	-1.530000E-12	1.530000E-12	-3.896104E-14	3.896104E-14
-4.400000E-1	-1.060000E-12	1.060000E-12	-2.699261E-14	2.699261E-14
-4.300000E-1	1.260000E-12	1.260000E-12	3.208556E-14	3.208556E-14
-4.200000E-1	2.100000E-12	2.100000E-12	5.347594E-14	5.347594E-14
-4.100000E-1	1.036000E-11	1.036000E-11	2.638146E-13	2.638146E-13
-4.000000E-1	-8.260000E-12	8.260000E-12	-2.103387E-13	2.103387E-13
-3.900000E-1	-4.300000E-13	4.300000E-13	-1.094983E-14	1.094983E-14
-3.800000E-1	2.300000E-13	2.300000E-13	5.856888E-15	5.856888E-15
-3.700000E-1	-9.400000E-13	9.400000E-13	-2.393685E-14	2.393685E-14
-3.600000E-1	-6.810000E-12	6.810000E-12	-1.734148E-13	1.734148E-13
-3.500000E-1	-3.740000E-12	3.740000E-12	-9.523809E-14	9.523809E-14
-3.400000E-1	-4.480000E-12	4.480000E-12	-1.140820E-13	1.140820E-13
-3.300000E-1	7.000000E-14	7.000000E-14	1.782531E-15	1.782531E-15
-3.200000E-1	2.270000E-12	2.270000E-12	5.780494E-14	5.780494E-14
-3.100000E-1	-3.870000E-12	3.870000E-12	-9.854851E-14	9.854851E-14
-3.000000E-1	3.410000E-12	3.410000E-12	8.683473E-14	8.683473E-14
-2.900000E-1	5.280000E-12	5.280000E-12	1.344538E-13	1.344538E-13
-2.800000E-1	-5.380000E-12	5.380000E-12	-1.370003E-13	1.370003E-13
-2.700000E-1	-4.370000E-12	4.370000E-12	-1.112809E-13	1.112809E-13
-2.600000E-1	-2.830000E-12	2.830000E-12	-7.206519E-14	7.206519E-14
-2.500000E-1	6.640000E-12	6.640000E-12	1.690858E-13	1.690858E-13
-2.400000E-1	1.047000E-11	1.047000E-11	2.666157E-13	2.666157E-13
-2.300000E-1	-1.020000E-12	1.020000E-12	-2.597403E-14	2.597403E-14
-2.200000E-1	-5.500000E-12	5.500000E-12	-1.400560E-13	1.400560E-13
-2.100000E-1	-2.930000E-12	2.930000E-12	-7.461166E-14	7.461166E-14
-2.000000E-1	-6.100000E-13	6.100000E-13	-1.553349E-14	1.553349E-14
-1.900000E-1	4.900000E-13	4.900000E-13	1.247772E-14	1.247772E-14
-1.800000E-1	9.000000E-13	9.000000E-13	2.291826E-14	2.291826E-14
-1.700000E-1	6.700000E-13	6.700000E-13	1.706137E-14	1.706137E-14
-1.600000E-1	1.060000E-12	1.060000E-12	2.699261E-14	2.699261E-14
-1.500000E-1	1.460000E-12	1.460000E-12	3.717851E-14	3.717851E-14
-1.400000E-1	8.600000E-13	8.600000E-13	2.189967E-14	2.189967E-14
-1.300000E-1	-6.000000E-14	6.000000E-14	-1.527884E-15	1.527884E-15
-1.200000E-1	5.200000E-13	5.200000E-13	1.324166E-14	1.324166E-14
-1.100000E-1	1.240000E-12	1.240000E-12	3.157627E-14	3.157627E-14
-1.000000E-1	1.470000E-12	1.470000E-12	3.743315E-14	3.743315E-14
-9.000000E-2	1.280000E-12	1.280000E-12	3.259486E-14	3.259486E-14
-8.000000E-2	9.100000E-13	9.100000E-13	2.317291E-14	2.317291E-14
-7.000000E-2	3.100000E-13	3.100000E-13	7.894067E-15	7.894067E-15
-6.000000E-2	9.800000E-13	9.800000E-13	2.495544E-14	2.495544E-14
-5.000000E-2	1.030000E-12	1.030000E-12	2.622867E-14	2.622867E-14
-4.000000E-2	9.900000E-13	9.900000E-13	2.521008E-14	2.521008E-14
-3.000000E-2	1.090000E-12	1.090000E-12	2.775656E-14	2.775656E-14
-2.000000E-2	6.200000E-13	6.200000E-13	1.578813E-14	1.578813E-14
-1.000000E-2	1.760000E-12	1.760000E-12	4.481793E-14	4.481793E-14
0.000000E+0	-4.300000E-13	4.300000E-13	-1.094983E-14	1.094983E-14
1.000000E-2	2.070000E-12	2.070000E-12	5.271199E-14	5.271199E-14
2.000000E-2	1.890000E-12	1.890000E-12	4.812834E-14	4.812834E-14
3.000000E-2	1.580000E-12	1.580000E-12	4.023428E-14	4.023428E-14
4.000000E-2	2.260000E-12	2.260000E-12	5.755029E-14	5.755029E-14
5.000000E-2	2.640000E-12	2.640000E-12	6.722689E-14	6.722689E-14
6.000000E-2	2.490000E-12	2.490000E-12	6.340718E-14	6.340718E-14
7.000000E-2	1.000000E-12	1.000000E-12	2.546473E-14	2.546473E-14
8.000000E-2	1.350000E-12	1.350000E-12	3.437739E-14	3.437739E-14
9.000000E-2	1.310000E-12	1.310000E-12	3.335880E-14	3.335880E-14
1.000000E-1	1.910000E-12	1.910000E-12	4.863764E-14	4.863764E-14
1.100000E-1	2.200000E-12	2.200000E-12	5.602241E-14	5.602241E-14
1.200000E-1	1.180000E-12	1.180000E-12	3.004838E-14	3.004838E-14
1.300000E-1	1.300000E-12	1.300000E-12	3.310415E-14	3.310415E-14
1.400000E-1	1.490000E-12	1.490000E-12	3.794245E-14	3.794245E-14
1.500000E-1	2.150000E-12	2.150000E-12	5.474917E-14	5.474917E-14
1.600000E-1	2.320000E-12	2.320000E-12	5.907818E-14	5.907818E-14
1.700000E-1	1.760000E-12	1.760000E-12	4.481793E-14	4.481793E-14
1.800000E-1	1.790000E-12	1.790000E-12	4.558187E-14	4.558187E-14
1.900000E-1	1.860000E-12	1.860000E-12	4.736440E-14	4.736440E-14
2.000000E-1	2.060000E-12	2.060000E-12	5.245735E-14	5.245735E-14
2.100000E-1	1.360000E-12	1.360000E-12	3.463203E-14	3.463203E-14
2.200000E-1	2.040000E-12	2.040000E-12	5.194805E-14	5.194805E-14
2.300000E-1	2.080000E-12	2.080000E-12	5.296664E-14	5.296664E-14
2.400000E-1	1.590000E-12	1.590000E-12	4.048892E-14	4.048892E-14
2.500000E-1	2.380000E-12	2.380000E-12	6.060606E-14	6.060606E-14
2.600000E-1	2.730000E-12	2.730000E-12	6.951872E-14	6.951872E-14
2.700000E-1	3.250000E-12	3.250000E-12	8.276038E-14	8.276038E-14
2.800000E-1	2.170000E-12	2.170000E-12	5.525847E-14	5.525847E-14
2.900000E-1	1.580000E-12	1.580000E-12	4.023428E-14	4.023428E-14
3.000000E-1	2.570000E-12	2.570000E-12	6.544436E-14	6.544436E-14
3.100000E-1	2.260000E-12	2.260000E-12	5.755029E-14	5.755029E-14
3.200000E-1	2.830000E-12	2.830000E-12	7.206519E-14	7.206519E-14
3.300000E-1	2.430000E-12	2.430000E-12	6.187930E-14	6.187930E-14
3.400000E-1	2.590000E-12	2.590000E-12	6.595365E-14	6.595365E-14
3.500000E-1	2.730000E-12	2.730000E-12	6.951872E-14	6.951872E-14
3.600000E-1	2.800000E-12	2.800000E-12	7.130125E-14	7.130125E-14
3.700000E-1	2.320000E-12	2.320000E-12	5.907818E-14	5.907818E-14
3.800000E-1	1.810000E-12	1.810000E-12	4.609116E-14	4.609116E-14
3.900000E-1	2.380000E-12	2.380000E-12	6.060606E-14	6.060606E-14
4.000000E-1	5.760000E-12	5.760000E-12	1.466769E-13	1.466769E-13
4.100000E-1	3.850000E-12	3.850000E-12	9.803921E-14	9.803921E-14
4.200000E-1	4.140000E-12	4.140000E-12	1.054240E-13	1.054240E-13
4.300000E-1	-4.100000E-13	4.100000E-13	-1.044054E-14	1.044054E-14
4.400000E-1	2.000000E-12	2.000000E-12	5.092946E-14	5.092946E-14
4.500000E-1	3.300000E-12	3.300000E-12	8.403361E-14	8.403361E-14
4.600000E-1	6.070000E-12	6.070000E-12	1.545709E-13	1.545709E-13
4.700000E-1	3.330000E-12	3.330000E-12	8.479755E-14	8.479755E-14
4.800000E-1	5.670000E-12	5.670000E-12	1.443850E-13	1.443850E-13
4.900000E-1	1.700000E-12	1.700000E-12	4.329004E-14	4.329004E-14
5.000000E-1	4.100000E-13	4.100000E-13	1.044054E-14	1.044054E-14
