

15:10:43	19/03/21


Ell Cont: 5,0x10,0

SMU1	V name:		V1
	I name:		I1
	Mode:		V
	Function:	VAR1
SMU2	V name:		V2
	I name:		I2
	Mode:		common
	Function:	const.
SMU3	off
SMU4	off
VMUs	off

Primary Source (VAR1):	single
	Sweep Spacing:	linear
	Start:		-0.500000
	Stop:		0.500000
	Step:		0.010000
	Compliance:	0.050000
Power Compliance OFF

Timing:		Integration Time:	medium
	Delay Time (sec):	0.000000
	Hold Time (sec):	0.000000
	Wait Time (sec):	1.000000

Secondary Source (VAR2):	OFF


   V1	   I1	Abs(I)	J (A\µm²)	Abs(J)
-5.000000E-1	-5.822160E-8	5.822160E-8	-1.482597E-9	1.482597E-9
-4.900000E-1	-5.473100E-8	5.473100E-8	-1.393710E-9	1.393710E-9
-4.800000E-1	-5.149910E-8	5.149910E-8	-1.311411E-9	1.311411E-9
-4.700000E-1	-4.942130E-8	4.942130E-8	-1.258500E-9	1.258500E-9
-4.600000E-1	-4.692870E-8	4.692870E-8	-1.195027E-9	1.195027E-9
-4.500000E-1	-4.503720E-8	4.503720E-8	-1.146860E-9	1.146860E-9
-4.400000E-1	-4.293370E-8	4.293370E-8	-1.093295E-9	1.093295E-9
-4.300000E-1	-4.099580E-8	4.099580E-8	-1.043947E-9	1.043947E-9
-4.200000E-1	-3.931480E-8	3.931480E-8	-1.001141E-9	1.001141E-9
-4.100000E-1	-3.760790E-8	3.760790E-8	-9.576751E-10	9.576751E-10
-4.000000E-1	-3.576980E-8	3.576980E-8	-9.108683E-10	9.108683E-10
-3.900000E-1	-3.457480E-8	3.457480E-8	-8.804380E-10	8.804380E-10
-3.800000E-1	-3.241730E-8	3.241730E-8	-8.254978E-10	8.254978E-10
-3.700000E-1	-3.098970E-8	3.098970E-8	-7.891444E-10	7.891444E-10
-3.600000E-1	-2.979510E-8	2.979510E-8	-7.587242E-10	7.587242E-10
-3.500000E-1	-2.814830E-8	2.814830E-8	-7.167889E-10	7.167889E-10
-3.400000E-1	-2.655650E-8	2.655650E-8	-6.762541E-10	6.762541E-10
-3.300000E-1	-2.541310E-8	2.541310E-8	-6.471378E-10	6.471378E-10
-3.200000E-1	-2.362060E-8	2.362060E-8	-6.014922E-10	6.014922E-10
-3.100000E-1	-2.241990E-8	2.241990E-8	-5.709167E-10	5.709167E-10
-3.000000E-1	-2.090280E-8	2.090280E-8	-5.322842E-10	5.322842E-10
-2.900000E-1	-1.955880E-8	1.955880E-8	-4.980596E-10	4.980596E-10
-2.800000E-1	-1.852220E-8	1.852220E-8	-4.716628E-10	4.716628E-10
-2.700000E-1	-1.733330E-8	1.733330E-8	-4.413878E-10	4.413878E-10
-2.600000E-1	-1.624120E-8	1.624120E-8	-4.135778E-10	4.135778E-10
-2.500000E-1	-1.540000E-8	1.540000E-8	-3.921569E-10	3.921569E-10
-2.400000E-1	-1.426650E-8	1.426650E-8	-3.632926E-10	3.632926E-10
-2.300000E-1	-1.338580E-8	1.338580E-8	-3.408658E-10	3.408658E-10
-2.200000E-1	-1.258650E-8	1.258650E-8	-3.205118E-10	3.205118E-10
-2.100000E-1	-1.176920E-8	1.176920E-8	-2.996995E-10	2.996995E-10
-2.000000E-1	-1.085610E-8	1.085610E-8	-2.764477E-10	2.764477E-10
-1.900000E-1	-1.013730E-8	1.013730E-8	-2.581436E-10	2.581436E-10
-1.800000E-1	-9.582040E-9	9.582040E-9	-2.440041E-10	2.440041E-10
-1.700000E-1	-8.809820E-9	8.809820E-9	-2.243397E-10	2.243397E-10
-1.600000E-1	-7.997240E-9	7.997240E-9	-2.036476E-10	2.036476E-10
-1.500000E-1	-7.221610E-9	7.221610E-9	-1.838964E-10	1.838964E-10
-1.400000E-1	-6.577040E-9	6.577040E-9	-1.674826E-10	1.674826E-10
-1.300000E-1	-5.776000E-9	5.776000E-9	-1.470843E-10	1.470843E-10
-1.200000E-1	-5.166390E-9	5.166390E-9	-1.315607E-10	1.315607E-10
-1.100000E-1	-4.892090E-9	4.892090E-9	-1.245758E-10	1.245758E-10
-1.000000E-1	-4.319850E-9	4.319850E-9	-1.100038E-10	1.100038E-10
-9.000000E-2	-3.761100E-9	3.761100E-9	-9.577540E-11	9.577540E-11
-8.000000E-2	-3.262870E-9	3.262870E-9	-8.308811E-11	8.308811E-11
-7.000000E-2	-2.810830E-9	2.810830E-9	-7.157703E-11	7.157703E-11
-6.000000E-2	-2.322070E-9	2.322070E-9	-5.913089E-11	5.913089E-11
-5.000000E-2	-1.797060E-9	1.797060E-9	-4.576165E-11	4.576165E-11
-4.000000E-2	-1.362530E-9	1.362530E-9	-3.469646E-11	3.469646E-11
-3.000000E-2	-8.875700E-10	8.875700E-10	-2.260173E-11	2.260173E-11
-2.000000E-2	-4.527400E-10	4.527400E-10	-1.152890E-11	1.152890E-11
-1.000000E-2	-4.252000E-11	4.252000E-11	-1.082760E-12	1.082760E-12
0.000000E+0	4.296000E-10	4.296000E-10	1.093965E-11	1.093965E-11
1.000000E-2	8.589100E-10	8.589100E-10	2.187191E-11	2.187191E-11
2.000000E-2	1.318310E-9	1.318310E-9	3.357041E-11	3.357041E-11
3.000000E-2	1.764470E-9	1.764470E-9	4.493175E-11	4.493175E-11
4.000000E-2	2.293280E-9	2.293280E-9	5.839776E-11	5.839776E-11
5.000000E-2	2.688840E-9	2.688840E-9	6.847059E-11	6.847059E-11
6.000000E-2	3.279770E-9	3.279770E-9	8.351846E-11	8.351846E-11
7.000000E-2	3.745680E-9	3.745680E-9	9.538273E-11	9.538273E-11
8.000000E-2	4.217820E-9	4.217820E-9	1.074057E-10	1.074057E-10
9.000000E-2	4.846210E-9	4.846210E-9	1.234074E-10	1.234074E-10
1.000000E-1	5.443050E-9	5.443050E-9	1.386058E-10	1.386058E-10
1.100000E-1	6.007420E-9	6.007420E-9	1.529773E-10	1.529773E-10
1.200000E-1	6.698630E-9	6.698630E-9	1.705788E-10	1.705788E-10
1.300000E-1	7.304880E-9	7.304880E-9	1.860168E-10	1.860168E-10
1.400000E-1	8.151280E-9	8.151280E-9	2.075702E-10	2.075702E-10
1.500000E-1	8.846790E-9	8.846790E-9	2.252811E-10	2.252811E-10
1.600000E-1	9.571700E-9	9.571700E-9	2.437408E-10	2.437408E-10
1.700000E-1	1.123320E-8	1.123320E-8	2.860504E-10	2.860504E-10
1.800000E-1	1.202720E-8	1.202720E-8	3.062694E-10	3.062694E-10
1.900000E-1	1.308160E-8	1.308160E-8	3.331194E-10	3.331194E-10
2.000000E-1	1.409710E-8	1.409710E-8	3.589789E-10	3.589789E-10
2.100000E-1	1.492520E-8	1.492520E-8	3.800662E-10	3.800662E-10
2.200000E-1	1.618570E-8	1.618570E-8	4.121645E-10	4.121645E-10
2.300000E-1	1.692040E-8	1.692040E-8	4.308734E-10	4.308734E-10
2.400000E-1	1.801670E-8	1.801670E-8	4.587904E-10	4.587904E-10
2.500000E-1	1.927610E-8	1.927610E-8	4.908607E-10	4.908607E-10
2.600000E-1	2.013320E-8	2.013320E-8	5.126865E-10	5.126865E-10
2.700000E-1	2.144300E-8	2.144300E-8	5.460402E-10	5.460402E-10
2.800000E-1	2.265840E-8	2.265840E-8	5.769901E-10	5.769901E-10
2.900000E-1	2.389370E-8	2.389370E-8	6.084466E-10	6.084466E-10
3.000000E-1	2.528760E-8	2.528760E-8	6.439419E-10	6.439419E-10
3.100000E-1	2.632920E-8	2.632920E-8	6.704660E-10	6.704660E-10
3.200000E-1	2.744910E-8	2.744910E-8	6.989839E-10	6.989839E-10
3.300000E-1	2.909350E-8	2.909350E-8	7.408582E-10	7.408582E-10
3.400000E-1	3.026740E-8	3.026740E-8	7.707512E-10	7.707512E-10
3.500000E-1	3.240490E-8	3.240490E-8	8.251821E-10	8.251821E-10
3.600000E-1	3.332270E-8	3.332270E-8	8.485536E-10	8.485536E-10
3.700000E-1	3.465020E-8	3.465020E-8	8.823580E-10	8.823580E-10
3.800000E-1	3.671210E-8	3.671210E-8	9.348638E-10	9.348638E-10
3.900000E-1	3.861090E-8	3.861090E-8	9.832162E-10	9.832162E-10
4.000000E-1	3.992000E-8	3.992000E-8	1.016552E-9	1.016552E-9
4.100000E-1	4.123680E-8	4.123680E-8	1.050084E-9	1.050084E-9
4.200000E-1	4.300070E-8	4.300070E-8	1.095001E-9	1.095001E-9
4.300000E-1	4.525490E-8	4.525490E-8	1.152404E-9	1.152404E-9
4.400000E-1	4.693630E-8	4.693630E-8	1.195220E-9	1.195220E-9
4.500000E-1	4.868170E-8	4.868170E-8	1.239666E-9	1.239666E-9
4.600000E-1	5.092150E-8	5.092150E-8	1.296702E-9	1.296702E-9
4.700000E-1	5.320150E-8	5.320150E-8	1.354762E-9	1.354762E-9
4.800000E-1	5.536600E-8	5.536600E-8	1.409880E-9	1.409880E-9
4.900000E-1	5.646380E-8	5.646380E-8	1.437835E-9	1.437835E-9
5.000000E-1	5.831250E-8	5.831250E-8	1.484912E-9	1.484912E-9
