

15:25:27	19/03/21


Ell Cont: 5,0x10,0

SMU1	V name:		V1
	I name:		I1
	Mode:		V
	Function:	VAR1
SMU2	V name:		V2
	I name:		I2
	Mode:		common
	Function:	const.
SMU3	off
SMU4	off
VMUs	off

Primary Source (VAR1):	single
	Sweep Spacing:	linear
	Start:		-0.500000
	Stop:		0.500000
	Step:		0.010000
	Compliance:	0.050000
Power Compliance OFF

Timing:		Integration Time:	medium
	Delay Time (sec):	0.000000
	Hold Time (sec):	0.000000
	Wait Time (sec):	1.000000

Secondary Source (VAR2):	OFF


   V1	   I1	Abs(I)	J (A\um²)	Abs(J)
-5.000000E-1	-3.061500E-7	3.061500E-7	-7.796027E-9	7.796027E-9
-4.900000E-1	-2.891330E-7	2.891330E-7	-7.362694E-9	7.362694E-9
-4.800000E-1	-2.825370E-7	2.825370E-7	-7.194729E-9	7.194729E-9
-4.700000E-1	-2.745030E-7	2.745030E-7	-6.990145E-9	6.990145E-9
-4.600000E-1	-2.627610E-7	2.627610E-7	-6.691138E-9	6.691138E-9
-4.500000E-1	-2.522600E-7	2.522600E-7	-6.423733E-9	6.423733E-9
-4.400000E-1	-2.506680E-7	2.506680E-7	-6.383193E-9	6.383193E-9
-4.300000E-1	-2.399500E-7	2.399500E-7	-6.110262E-9	6.110262E-9
-4.200000E-1	-2.316450E-7	2.316450E-7	-5.898778E-9	5.898778E-9
-4.100000E-1	-2.230320E-7	2.230320E-7	-5.679450E-9	5.679450E-9
-4.000000E-1	-2.195320E-7	2.195320E-7	-5.590323E-9	5.590323E-9
-3.900000E-1	-2.057730E-7	2.057730E-7	-5.239954E-9	5.239954E-9
-3.800000E-1	-1.895160E-7	1.895160E-7	-4.825974E-9	4.825974E-9
-3.700000E-1	-1.790990E-7	1.790990E-7	-4.560708E-9	4.560708E-9
-3.600000E-1	-1.692320E-7	1.692320E-7	-4.309447E-9	4.309447E-9
-3.500000E-1	-1.631100E-7	1.631100E-7	-4.153552E-9	4.153552E-9
-3.400000E-1	-1.721380E-7	1.721380E-7	-4.383448E-9	4.383448E-9
-3.300000E-1	-1.672380E-7	1.672380E-7	-4.258671E-9	4.258671E-9
-3.200000E-1	-1.594350E-7	1.594350E-7	-4.059969E-9	4.059969E-9
-3.100000E-1	-1.479440E-7	1.479440E-7	-3.767354E-9	3.767354E-9
-3.000000E-1	-1.377990E-7	1.377990E-7	-3.509014E-9	3.509014E-9
-2.900000E-1	-1.339830E-7	1.339830E-7	-3.411841E-9	3.411841E-9
-2.800000E-1	-1.270250E-7	1.270250E-7	-3.234657E-9	3.234657E-9
-2.700000E-1	-1.241420E-7	1.241420E-7	-3.161243E-9	3.161243E-9
-2.600000E-1	-1.178980E-7	1.178980E-7	-3.002241E-9	3.002241E-9
-2.500000E-1	-1.090270E-7	1.090270E-7	-2.776343E-9	2.776343E-9
-2.400000E-1	-1.036670E-7	1.036670E-7	-2.639852E-9	2.639852E-9
-2.300000E-1	-9.798290E-8	9.798290E-8	-2.495108E-9	2.495108E-9
-2.200000E-1	-9.116060E-8	9.116060E-8	-2.321380E-9	2.321380E-9
-2.100000E-1	-9.102180E-8	9.102180E-8	-2.317846E-9	2.317846E-9
-2.000000E-1	-8.422710E-8	8.422710E-8	-2.144820E-9	2.144820E-9
-1.900000E-1	-7.788540E-8	7.788540E-8	-1.983331E-9	1.983331E-9
-1.800000E-1	-6.788510E-8	6.788510E-8	-1.728676E-9	1.728676E-9
-1.700000E-1	-6.387230E-8	6.387230E-8	-1.626491E-9	1.626491E-9
-1.600000E-1	-6.227390E-8	6.227390E-8	-1.585788E-9	1.585788E-9
-1.500000E-1	-5.889090E-8	5.889090E-8	-1.499641E-9	1.499641E-9
-1.400000E-1	-5.203480E-8	5.203480E-8	-1.325052E-9	1.325052E-9
-1.300000E-1	-4.872400E-8	4.872400E-8	-1.240744E-9	1.240744E-9
-1.200000E-1	-4.466330E-8	4.466330E-8	-1.137339E-9	1.137339E-9
-1.100000E-1	-4.077240E-8	4.077240E-8	-1.038258E-9	1.038258E-9
-1.000000E-1	-3.619050E-8	3.619050E-8	-9.215813E-10	9.215813E-10
-9.000000E-2	-3.223510E-8	3.223510E-8	-8.208582E-10	8.208582E-10
-8.000000E-2	-2.860930E-8	2.860930E-8	-7.285281E-10	7.285281E-10
-7.000000E-2	-2.502570E-8	2.502570E-8	-6.372727E-10	6.372727E-10
-6.000000E-2	-2.023040E-8	2.023040E-8	-5.151617E-10	5.151617E-10
-5.000000E-2	-1.679180E-8	1.679180E-8	-4.275987E-10	4.275987E-10
-4.000000E-2	-1.293000E-8	1.293000E-8	-3.292590E-10	3.292590E-10
-3.000000E-2	-9.585300E-9	9.585300E-9	-2.440871E-10	2.440871E-10
-2.000000E-2	-5.883080E-9	5.883080E-9	-1.498110E-10	1.498110E-10
-1.000000E-2	-3.004750E-9	3.004750E-9	-7.651515E-11	7.651515E-11
0.000000E+0	3.756200E-10	3.756200E-10	9.565062E-12	9.565062E-12
1.000000E-2	3.689240E-9	3.689240E-9	9.394550E-11	9.394550E-11
2.000000E-2	7.437960E-9	7.437960E-9	1.894057E-10	1.894057E-10
3.000000E-2	1.075420E-8	1.075420E-8	2.738528E-10	2.738528E-10
4.000000E-2	1.482820E-8	1.482820E-8	3.775961E-10	3.775961E-10
5.000000E-2	1.915360E-8	1.915360E-8	4.877413E-10	4.877413E-10
6.000000E-2	2.207590E-8	2.207590E-8	5.621569E-10	5.621569E-10
7.000000E-2	2.315120E-8	2.315120E-8	5.895391E-10	5.895391E-10
8.000000E-2	2.620660E-8	2.620660E-8	6.673440E-10	6.673440E-10
9.000000E-2	3.098670E-8	3.098670E-8	7.890680E-10	7.890680E-10
1.000000E-1	3.422540E-8	3.422540E-8	8.715406E-10	8.715406E-10
1.100000E-1	3.753820E-8	3.753820E-8	9.559002E-10	9.559002E-10
1.200000E-1	4.271370E-8	4.271370E-8	1.087693E-9	1.087693E-9
1.300000E-1	4.580790E-8	4.580790E-8	1.166486E-9	1.166486E-9
1.400000E-1	4.786240E-8	4.786240E-8	1.218803E-9	1.218803E-9
1.500000E-1	5.483760E-8	5.483760E-8	1.396425E-9	1.396425E-9
1.600000E-1	5.903410E-8	5.903410E-8	1.503287E-9	1.503287E-9
1.700000E-1	6.276910E-8	6.276910E-8	1.598398E-9	1.598398E-9
1.800000E-1	7.319200E-8	7.319200E-8	1.863815E-9	1.863815E-9
1.900000E-1	7.820510E-8	7.820510E-8	1.991472E-9	1.991472E-9
2.000000E-1	8.098350E-8	8.098350E-8	2.062223E-9	2.062223E-9
2.100000E-1	8.890920E-8	8.890920E-8	2.264049E-9	2.264049E-9
2.200000E-1	9.399650E-8	9.399650E-8	2.393596E-9	2.393596E-9
2.300000E-1	9.968280E-8	9.968280E-8	2.538396E-9	2.538396E-9
2.400000E-1	1.025940E-7	1.025940E-7	2.612529E-9	2.612529E-9
2.500000E-1	1.098890E-7	1.098890E-7	2.798294E-9	2.798294E-9
2.600000E-1	1.177300E-7	1.177300E-7	2.997963E-9	2.997963E-9
2.700000E-1	1.237690E-7	1.237690E-7	3.151744E-9	3.151744E-9
2.800000E-1	1.289650E-7	1.289650E-7	3.284059E-9	3.284059E-9
2.900000E-1	1.345300E-7	1.345300E-7	3.425770E-9	3.425770E-9
3.000000E-1	1.360660E-7	1.360660E-7	3.464884E-9	3.464884E-9
3.100000E-1	1.479540E-7	1.479540E-7	3.767609E-9	3.767609E-9
3.200000E-1	1.541160E-7	1.541160E-7	3.924522E-9	3.924522E-9
3.300000E-1	1.521310E-7	1.521310E-7	3.873975E-9	3.873975E-9
3.400000E-1	1.554320E-7	1.554320E-7	3.958034E-9	3.958034E-9
3.500000E-1	1.639880E-7	1.639880E-7	4.175910E-9	4.175910E-9
3.600000E-1	1.719830E-7	1.719830E-7	4.379501E-9	4.379501E-9
3.700000E-1	1.875380E-7	1.875380E-7	4.775605E-9	4.775605E-9
3.800000E-1	1.881450E-7	1.881450E-7	4.791062E-9	4.791062E-9
3.900000E-1	1.991200E-7	1.991200E-7	5.070537E-9	5.070537E-9
4.000000E-1	2.018220E-7	2.018220E-7	5.139343E-9	5.139343E-9
4.100000E-1	2.095240E-7	2.095240E-7	5.335472E-9	5.335472E-9
4.200000E-1	2.197400E-7	2.197400E-7	5.595620E-9	5.595620E-9
4.300000E-1	2.256570E-7	2.256570E-7	5.746295E-9	5.746295E-9
4.400000E-1	2.328230E-7	2.328230E-7	5.928775E-9	5.928775E-9
4.500000E-1	2.429010E-7	2.429010E-7	6.185409E-9	6.185409E-9
4.600000E-1	2.608400E-7	2.608400E-7	6.642220E-9	6.642220E-9
4.700000E-1	2.562430E-7	2.562430E-7	6.525159E-9	6.525159E-9
4.800000E-1	2.699060E-7	2.699060E-7	6.873084E-9	6.873084E-9
4.900000E-1	2.907420E-7	2.907420E-7	7.403667E-9	7.403667E-9
5.000000E-1	3.003760E-7	3.003760E-7	7.648994E-9	7.648994E-9
