

15:06:18	19/03/21


Ell Cont: 5,0x10,0

SMU1	V name:		V1
	I name:		I1
	Mode:		V
	Function:	VAR1
SMU2	V name:		V2
	I name:		I2
	Mode:		common
	Function:	const.
SMU3	off
SMU4	off
VMUs	off

Primary Source (VAR1):	single
	Sweep Spacing:	linear
	Start:		-1.500000
	Stop:		1.500000
	Step:		0.010000
	Compliance:	0.050000
Power Compliance OFF

Timing:		Integration Time:	medium
	Delay Time (sec):	0.000000
	Hold Time (sec):	0.000000
	Wait Time (sec):	1.000000

Secondary Source (VAR2):	OFF


   V1	   I1	Abs(I)	J (A\µm²)	Abs(J)
-1.500000E+0	-4.917820E-2	4.917820E-2	-1.252310E-3	1.252310E-3
-1.490000E+0	-9.939300E-10	9.939300E-10	-2.531016E-11	2.531016E-11
-1.480000E+0	-7.093200E-10	7.093200E-10	-1.806264E-11	1.806264E-11
-1.470000E+0	-9.905500E-10	9.905500E-10	-2.522409E-11	2.522409E-11
-1.460000E+0	-1.298250E-9	1.298250E-9	-3.305959E-11	3.305959E-11
-1.450000E+0	-9.258900E-10	9.258900E-10	-2.357754E-11	2.357754E-11
-1.440000E+0	-7.797600E-10	7.797600E-10	-1.985638E-11	1.985638E-11
-1.430000E+0	-1.247830E-9	1.247830E-9	-3.177566E-11	3.177566E-11
-1.420000E+0	-8.859700E-10	8.859700E-10	-2.256099E-11	2.256099E-11
-1.410000E+0	-6.811000E-10	6.811000E-10	-1.734403E-11	1.734403E-11
-1.400000E+0	-8.509600E-10	8.509600E-10	-2.166947E-11	2.166947E-11
-1.390000E+0	-1.141150E-9	1.141150E-9	-2.905908E-11	2.905908E-11
-1.380000E+0	-1.293300E-9	1.293300E-9	-3.293354E-11	3.293354E-11
-1.370000E+0	-1.833610E-8	1.833610E-8	-4.669239E-10	4.669239E-10
-1.360000E+0	-1.037110E-7	1.037110E-7	-2.640973E-9	2.640973E-9
-1.350000E+0	-5.585430E-6	5.585430E-6	-1.422315E-7	1.422315E-7
-1.340000E+0	-2.205050E-6	2.205050E-6	-5.615101E-8	5.615101E-8
-1.330000E+0	-4.154070E-7	4.154070E-7	-1.057823E-8	1.057823E-8
-1.320000E+0	-2.941280E-7	2.941280E-7	-7.489890E-9	7.489890E-9
-1.310000E+0	-4.348900E-6	4.348900E-6	-1.107436E-7	1.107436E-7
-1.300000E+0	-1.307610E-6	1.307610E-6	-3.329794E-8	3.329794E-8
-1.290000E+0	-6.551350E-7	6.551350E-7	-1.668284E-8	1.668284E-8
-1.280000E+0	-3.130400E-6	3.130400E-6	-7.971479E-8	7.971479E-8
-1.270000E+0	-1.309370E-6	1.309370E-6	-3.334275E-8	3.334275E-8
-1.260000E+0	-1.409930E-6	1.409930E-6	-3.590349E-8	3.590349E-8
-1.250000E+0	-1.465750E-6	1.465750E-6	-3.732493E-8	3.732493E-8
-1.240000E+0	-2.530790E-6	2.530790E-6	-6.444589E-8	6.444589E-8
-1.230000E+0	-1.858830E-6	1.858830E-6	-4.733461E-8	4.733461E-8
-1.220000E+0	-2.022520E-6	2.022520E-6	-5.150293E-8	5.150293E-8
-1.210000E+0	-1.897010E-6	1.897010E-6	-4.830685E-8	4.830685E-8
-1.200000E+0	-3.493400E-5	3.493400E-5	-8.895849E-7	8.895849E-7
-1.190000E+0	-8.460890E-6	8.460890E-6	-2.154543E-7	2.154543E-7
-1.180000E+0	-8.025930E-6	8.025930E-6	-2.043781E-7	2.043781E-7
-1.170000E+0	-6.991680E-6	6.991680E-6	-1.780413E-7	1.780413E-7
-1.160000E+0	-7.371560E-6	7.371560E-6	-1.877148E-7	1.877148E-7
-1.150000E+0	-2.189220E-5	2.189220E-5	-5.574790E-7	5.574790E-7
-1.140000E+0	-5.339040E-5	5.339040E-5	-1.359572E-6	1.359572E-6
-1.130000E+0	-4.155890E-5	4.155890E-5	-1.058286E-6	1.058286E-6
-1.120000E+0	-4.067160E-5	4.067160E-5	-1.035691E-6	1.035691E-6
-1.110000E+0	-4.114230E-5	4.114230E-5	-1.047678E-6	1.047678E-6
-1.100000E+0	-4.263470E-5	4.263470E-5	-1.085681E-6	1.085681E-6
-1.090000E+0	-4.276110E-5	4.276110E-5	-1.088900E-6	1.088900E-6
-1.080000E+0	-4.233320E-5	4.233320E-5	-1.078004E-6	1.078004E-6
-1.070000E+0	-4.517180E-5	4.517180E-5	-1.150288E-6	1.150288E-6
-1.060000E+0	-5.045240E-5	5.045240E-5	-1.284757E-6	1.284757E-6
-1.050000E+0	-4.994350E-5	4.994350E-5	-1.271798E-6	1.271798E-6
-1.040000E+0	-7.153110E-5	7.153110E-5	-1.821520E-6	1.821520E-6
-1.030000E+0	-8.802200E-5	8.802200E-5	-2.241457E-6	2.241457E-6
-1.020000E+0	-6.035840E-5	6.035840E-5	-1.537010E-6	1.537010E-6
-1.010000E+0	-5.147270E-5	5.147270E-5	-1.310738E-6	1.310738E-6
-1.000000E+0	-5.224750E-5	5.224750E-5	-1.330469E-6	1.330469E-6
-9.900000E-1	-5.435030E-5	5.435030E-5	-1.384016E-6	1.384016E-6
-9.800000E-1	-5.823840E-5	5.823840E-5	-1.483025E-6	1.483025E-6
-9.700000E-1	-7.785270E-5	7.785270E-5	-1.982498E-6	1.982498E-6
-9.600000E-1	-7.903250E-5	7.903250E-5	-2.012541E-6	2.012541E-6
-9.500000E-1	-8.215500E-5	8.215500E-5	-2.092055E-6	2.092055E-6
-9.400000E-1	-9.104450E-5	9.104450E-5	-2.318424E-6	2.318424E-6
-9.300000E-1	-8.391420E-5	8.391420E-5	-2.136853E-6	2.136853E-6
-9.200000E-1	-8.648440E-5	8.648440E-5	-2.202302E-6	2.202302E-6
-9.100000E-1	-9.697370E-5	9.697370E-5	-2.469409E-6	2.469409E-6
-9.000000E-1	-9.772390E-5	9.772390E-5	-2.488513E-6	2.488513E-6
-8.900000E-1	-9.575250E-5	9.575250E-5	-2.438312E-6	2.438312E-6
-8.800000E-1	-9.771520E-5	9.771520E-5	-2.488291E-6	2.488291E-6
-8.700000E-1	-2.800350E-3	2.800350E-3	-7.131016E-5	7.131016E-5
-8.600000E-1	-2.594200E-3	2.594200E-3	-6.606061E-5	6.606061E-5
-8.500000E-1	-2.432430E-3	2.432430E-3	-6.194118E-5	6.194118E-5
-8.400000E-1	-2.301390E-3	2.301390E-3	-5.860428E-5	5.860428E-5
-8.300000E-1	-2.202920E-3	2.202920E-3	-5.609677E-5	5.609677E-5
-8.200000E-1	-2.111910E-3	2.111910E-3	-5.377922E-5	5.377922E-5
-8.100000E-1	-2.035660E-3	2.035660E-3	-5.183753E-5	5.183753E-5
-8.000000E-1	-1.971330E-3	1.971330E-3	-5.019939E-5	5.019939E-5
-7.900000E-1	-1.917240E-3	1.917240E-3	-4.882200E-5	4.882200E-5
-7.800000E-1	-1.868520E-3	1.868520E-3	-4.758136E-5	4.758136E-5
-7.700000E-1	-1.822030E-3	1.822030E-3	-4.639750E-5	4.639750E-5
-7.600000E-1	-1.780850E-3	1.780850E-3	-4.534887E-5	4.534887E-5
-7.500000E-1	-1.741320E-3	1.741320E-3	-4.434225E-5	4.434225E-5
-7.400000E-1	-1.700060E-3	1.700060E-3	-4.329157E-5	4.329157E-5
-7.300000E-1	-1.661720E-3	1.661720E-3	-4.231525E-5	4.231525E-5
-7.200000E-1	-1.625810E-3	1.625810E-3	-4.140081E-5	4.140081E-5
-7.100000E-1	-1.591680E-3	1.591680E-3	-4.053170E-5	4.053170E-5
-7.000000E-1	-1.556730E-3	1.556730E-3	-3.964171E-5	3.964171E-5
-6.900000E-1	-1.522140E-3	1.522140E-3	-3.876089E-5	3.876089E-5
-6.800000E-1	-1.490040E-3	1.490040E-3	-3.794347E-5	3.794347E-5
-6.700000E-1	-1.457700E-3	1.457700E-3	-3.711994E-5	3.711994E-5
-6.600000E-1	-1.429040E-3	1.429040E-3	-3.639012E-5	3.639012E-5
-6.500000E-1	-1.400420E-3	1.400420E-3	-3.566132E-5	3.566132E-5
-6.400000E-1	-1.370520E-3	1.370520E-3	-3.489992E-5	3.489992E-5
-6.300000E-1	-1.352680E-3	1.352680E-3	-3.444563E-5	3.444563E-5
-6.200000E-1	-1.324470E-3	1.324470E-3	-3.372727E-5	3.372727E-5
-6.100000E-1	-1.293770E-3	1.293770E-3	-3.294551E-5	3.294551E-5
-6.000000E-1	-1.260080E-3	1.260080E-3	-3.208760E-5	3.208760E-5
-5.900000E-1	-1.230140E-3	1.230140E-3	-3.132518E-5	3.132518E-5
-5.800000E-1	-1.204780E-3	1.204780E-3	-3.067940E-5	3.067940E-5
-5.700000E-1	-1.174790E-3	1.174790E-3	-2.991571E-5	2.991571E-5
-5.600000E-1	-1.145740E-3	1.145740E-3	-2.917596E-5	2.917596E-5
-5.500000E-1	-1.121170E-3	1.121170E-3	-2.855029E-5	2.855029E-5
-5.400000E-1	-1.094460E-3	1.094460E-3	-2.787013E-5	2.787013E-5
-5.300000E-1	-1.065640E-3	1.065640E-3	-2.713624E-5	2.713624E-5
-5.200000E-1	-1.040800E-3	1.040800E-3	-2.650369E-5	2.650369E-5
-5.100000E-1	-1.016290E-3	1.016290E-3	-2.587955E-5	2.587955E-5
-5.000000E-1	-9.920440E-4	9.920440E-4	-2.526213E-5	2.526213E-5
-4.900000E-1	-9.681520E-4	9.681520E-4	-2.465373E-5	2.465373E-5
-4.800000E-1	-9.427310E-4	9.427310E-4	-2.400639E-5	2.400639E-5
-4.700000E-1	-9.165830E-4	9.165830E-4	-2.334054E-5	2.334054E-5
-4.600000E-1	-8.938880E-4	8.938880E-4	-2.276262E-5	2.276262E-5
-4.500000E-1	-8.675980E-4	8.675980E-4	-2.209315E-5	2.209315E-5
-4.400000E-1	-8.433380E-4	8.433380E-4	-2.147538E-5	2.147538E-5
-4.300000E-1	-8.256290E-4	8.256290E-4	-2.102442E-5	2.102442E-5
-4.200000E-1	-8.048170E-4	8.048170E-4	-2.049445E-5	2.049445E-5
-4.100000E-1	-7.860600E-4	7.860600E-4	-2.001681E-5	2.001681E-5
-4.000000E-1	-7.620230E-4	7.620230E-4	-1.940471E-5	1.940471E-5
-3.900000E-1	-7.416120E-4	7.416120E-4	-1.888495E-5	1.888495E-5
-3.800000E-1	-7.233800E-4	7.233800E-4	-1.842068E-5	1.842068E-5
-3.700000E-1	-7.004550E-4	7.004550E-4	-1.783690E-5	1.783690E-5
-3.600000E-1	-6.775200E-4	6.775200E-4	-1.725286E-5	1.725286E-5
-3.500000E-1	-6.536160E-4	6.536160E-4	-1.664416E-5	1.664416E-5
-3.400000E-1	-6.358160E-4	6.358160E-4	-1.619088E-5	1.619088E-5
-3.300000E-1	-6.161250E-4	6.161250E-4	-1.568946E-5	1.568946E-5
-3.200000E-1	-5.946030E-4	5.946030E-4	-1.514141E-5	1.514141E-5
-3.100000E-1	-5.739470E-4	5.739470E-4	-1.461541E-5	1.461541E-5
-3.000000E-1	-5.554580E-4	5.554580E-4	-1.414459E-5	1.414459E-5
-2.900000E-1	-5.320930E-4	5.320930E-4	-1.354961E-5	1.354961E-5
-2.800000E-1	-5.135670E-4	5.135670E-4	-1.307785E-5	1.307785E-5
-2.700000E-1	-4.958450E-4	4.958450E-4	-1.262656E-5	1.262656E-5
-2.600000E-1	-4.756650E-4	4.756650E-4	-1.211268E-5	1.211268E-5
-2.500000E-1	-4.587480E-4	4.587480E-4	-1.168189E-5	1.168189E-5
-2.400000E-1	-4.385090E-4	4.385090E-4	-1.116651E-5	1.116651E-5
-2.300000E-1	-4.205940E-4	4.205940E-4	-1.071031E-5	1.071031E-5
-2.200000E-1	-3.997650E-4	3.997650E-4	-1.017991E-5	1.017991E-5
-2.100000E-1	-3.815470E-4	3.815470E-4	-9.715992E-6	9.715992E-6
-2.000000E-1	-3.609110E-4	3.609110E-4	-9.190502E-6	9.190502E-6
-1.900000E-1	-3.423760E-4	3.423760E-4	-8.718513E-6	8.718513E-6
-1.800000E-1	-3.239020E-4	3.239020E-4	-8.248077E-6	8.248077E-6
-1.700000E-1	-3.054150E-4	3.054150E-4	-7.777311E-6	7.777311E-6
-1.600000E-1	-2.884070E-4	2.884070E-4	-7.344207E-6	7.344207E-6
-1.500000E-1	-2.704750E-4	2.704750E-4	-6.887573E-6	6.887573E-6
-1.400000E-1	-2.500720E-4	2.500720E-4	-6.368016E-6	6.368016E-6
-1.300000E-1	-2.345930E-4	2.345930E-4	-5.973848E-6	5.973848E-6
-1.200000E-1	-2.171340E-4	2.171340E-4	-5.529259E-6	5.529259E-6
-1.100000E-1	-1.981820E-4	1.981820E-4	-5.046651E-6	5.046651E-6
-1.000000E-1	-1.792370E-4	1.792370E-4	-4.564222E-6	4.564222E-6
-9.000000E-2	-1.621160E-4	1.621160E-4	-4.128240E-6	4.128240E-6
-8.000000E-2	-1.444970E-4	1.444970E-4	-3.679577E-6	3.679577E-6
-7.000000E-2	-1.263490E-4	1.263490E-4	-3.217443E-6	3.217443E-6
-6.000000E-2	-1.076950E-4	1.076950E-4	-2.742424E-6	2.742424E-6
-5.000000E-2	-9.063530E-5	9.063530E-5	-2.308004E-6	2.308004E-6
-4.000000E-2	-7.277310E-5	7.277310E-5	-1.853147E-6	1.853147E-6
-3.000000E-2	-5.576670E-5	5.576670E-5	-1.420084E-6	1.420084E-6
-2.000000E-2	-3.710890E-5	3.710890E-5	-9.449682E-7	9.449682E-7
-1.000000E-2	-1.866400E-5	1.866400E-5	-4.752737E-7	4.752737E-7
0.000000E+0	-9.476500E-8	9.476500E-8	-2.413165E-9	2.413165E-9
1.000000E-2	1.852870E-5	1.852870E-5	4.718284E-7	4.718284E-7
2.000000E-2	3.794830E-5	3.794830E-5	9.663433E-7	9.663433E-7
3.000000E-2	5.719250E-5	5.719250E-5	1.456392E-6	1.456392E-6
4.000000E-2	7.699100E-5	7.699100E-5	1.960555E-6	1.960555E-6
5.000000E-2	9.756770E-5	9.756770E-5	2.484535E-6	2.484535E-6
6.000000E-2	1.161130E-4	1.161130E-4	2.956786E-6	2.956786E-6
7.000000E-2	1.363040E-4	1.363040E-4	3.470945E-6	3.470945E-6
8.000000E-2	1.578450E-4	1.578450E-4	4.019480E-6	4.019480E-6
9.000000E-2	1.804660E-4	1.804660E-4	4.595518E-6	4.595518E-6
1.000000E-1	2.027330E-4	2.027330E-4	5.162541E-6	5.162541E-6
1.100000E-1	2.256880E-4	2.256880E-4	5.747084E-6	5.747084E-6
1.200000E-1	2.484050E-4	2.484050E-4	6.325567E-6	6.325567E-6
1.300000E-1	2.734660E-4	2.734660E-4	6.963738E-6	6.963738E-6
1.400000E-1	2.959070E-4	2.959070E-4	7.535192E-6	7.535192E-6
1.500000E-1	3.188750E-4	3.188750E-4	8.120066E-6	8.120066E-6
1.600000E-1	3.440780E-4	3.440780E-4	8.761854E-6	8.761854E-6
1.700000E-1	3.697500E-4	3.697500E-4	9.415584E-6	9.415584E-6
1.800000E-1	3.918540E-4	3.918540E-4	9.978457E-6	9.978457E-6
1.900000E-1	4.179150E-4	4.179150E-4	1.064209E-5	1.064209E-5
2.000000E-1	4.458210E-4	4.458210E-4	1.135271E-5	1.135271E-5
2.100000E-1	4.746390E-4	4.746390E-4	1.208655E-5	1.208655E-5
2.200000E-1	5.009610E-4	5.009610E-4	1.275684E-5	1.275684E-5
2.300000E-1	5.298890E-4	5.298890E-4	1.349348E-5	1.349348E-5
2.400000E-1	5.566230E-4	5.566230E-4	1.417425E-5	1.417425E-5
2.500000E-1	5.837610E-4	5.837610E-4	1.486532E-5	1.486532E-5
2.600000E-1	6.161110E-4	6.161110E-4	1.568910E-5	1.568910E-5
2.700000E-1	6.451520E-4	6.451520E-4	1.642862E-5	1.642862E-5
2.800000E-1	6.773270E-4	6.773270E-4	1.724795E-5	1.724795E-5
2.900000E-1	7.098000E-4	7.098000E-4	1.807487E-5	1.807487E-5
3.000000E-1	7.396380E-4	7.396380E-4	1.883468E-5	1.883468E-5
3.100000E-1	7.707320E-4	7.707320E-4	1.962648E-5	1.962648E-5
3.200000E-1	7.997050E-4	7.997050E-4	2.036427E-5	2.036427E-5
3.300000E-1	8.343020E-4	8.343020E-4	2.124528E-5	2.124528E-5
3.400000E-1	8.682510E-4	8.682510E-4	2.210978E-5	2.210978E-5
3.500000E-1	9.039310E-4	9.039310E-4	2.301836E-5	2.301836E-5
3.600000E-1	9.324150E-4	9.324150E-4	2.374370E-5	2.374370E-5
3.700000E-1	9.689900E-4	9.689900E-4	2.467507E-5	2.467507E-5
3.800000E-1	1.007439E-3	1.007439E-3	2.565416E-5	2.565416E-5
3.900000E-1	1.039885E-3	1.039885E-3	2.648039E-5	2.648039E-5
4.000000E-1	1.082458E-3	1.082458E-3	2.756450E-5	2.756450E-5
4.100000E-1	1.124116E-3	1.124116E-3	2.862531E-5	2.862531E-5
4.200000E-1	1.158580E-3	1.158580E-3	2.950293E-5	2.950293E-5
4.300000E-1	1.189490E-3	1.189490E-3	3.029004E-5	3.029004E-5
4.400000E-1	1.225290E-3	1.225290E-3	3.120168E-5	3.120168E-5
4.500000E-1	1.271870E-3	1.271870E-3	3.238783E-5	3.238783E-5
4.600000E-1	1.312680E-3	1.312680E-3	3.342704E-5	3.342704E-5
4.700000E-1	1.359670E-3	1.359670E-3	3.462363E-5	3.462363E-5
4.800000E-1	1.401020E-3	1.401020E-3	3.567660E-5	3.567660E-5
4.900000E-1	1.485000E-3	1.485000E-3	3.781513E-5	3.781513E-5
5.000000E-1	1.619890E-3	1.619890E-3	4.125006E-5	4.125006E-5
5.100000E-1	1.702880E-3	1.702880E-3	4.336338E-5	4.336338E-5
5.200000E-1	1.771820E-3	1.771820E-3	4.511892E-5	4.511892E-5
5.300000E-1	1.839440E-3	1.839440E-3	4.684084E-5	4.684084E-5
5.400000E-1	1.881530E-3	1.881530E-3	4.791266E-5	4.791266E-5
5.500000E-1	1.942450E-3	1.942450E-3	4.946397E-5	4.946397E-5
5.600000E-1	2.003130E-3	2.003130E-3	5.100917E-5	5.100917E-5
5.700000E-1	2.631930E-3	2.631930E-3	6.702139E-5	6.702139E-5
5.800000E-1	2.710450E-3	2.710450E-3	6.902088E-5	6.902088E-5
5.900000E-1	2.744410E-3	2.744410E-3	6.988566E-5	6.988566E-5
6.000000E-1	2.782520E-3	2.782520E-3	7.085612E-5	7.085612E-5
6.100000E-1	2.874180E-3	2.874180E-3	7.319022E-5	7.319022E-5
6.200000E-1	2.946460E-3	2.946460E-3	7.503081E-5	7.503081E-5
6.300000E-1	3.030880E-3	3.030880E-3	7.718054E-5	7.718054E-5
6.400000E-1	3.152740E-3	3.152740E-3	8.028368E-5	8.028368E-5
6.500000E-1	3.258160E-3	3.258160E-3	8.296817E-5	8.296817E-5
6.600000E-1	3.411290E-3	3.411290E-3	8.686758E-5	8.686758E-5
6.700000E-1	3.533270E-3	3.533270E-3	8.997377E-5	8.997377E-5
6.800000E-1	3.702650E-3	3.702650E-3	9.428699E-5	9.428699E-5
6.900000E-1	3.838680E-3	3.838680E-3	9.775095E-5	9.775095E-5
7.000000E-1	4.030670E-3	4.030670E-3	1.026399E-4	1.026399E-4
7.100000E-1	4.256440E-3	4.256440E-3	1.083891E-4	1.083891E-4
7.200000E-1	4.680240E-3	4.680240E-3	1.191811E-4	1.191811E-4
7.300000E-1	7.120170E-3	7.120170E-3	1.813132E-4	1.813132E-4
7.400000E-1	7.599280E-3	7.599280E-3	1.935136E-4	1.935136E-4
7.500000E-1	7.898100E-3	7.898100E-3	2.011230E-4	2.011230E-4
7.600000E-1	8.150070E-3	8.150070E-3	2.075393E-4	2.075393E-4
7.700000E-1	8.187620E-3	8.187620E-3	2.084955E-4	2.084955E-4
7.800000E-1	8.075510E-3	8.075510E-3	2.056407E-4	2.056407E-4
7.900000E-1	8.053820E-3	8.053820E-3	2.050884E-4	2.050884E-4
8.000000E-1	7.920630E-3	7.920630E-3	2.016967E-4	2.016967E-4
8.100000E-1	7.731430E-3	7.731430E-3	1.968788E-4	1.968788E-4
8.200000E-1	7.620560E-3	7.620560E-3	1.940555E-4	1.940555E-4
8.300000E-1	7.706750E-3	7.706750E-3	1.962503E-4	1.962503E-4
8.400000E-1	7.775220E-3	7.775220E-3	1.979939E-4	1.979939E-4
8.500000E-1	7.791170E-3	7.791170E-3	1.984000E-4	1.984000E-4
8.600000E-1	7.823040E-3	7.823040E-3	1.992116E-4	1.992116E-4
8.700000E-1	7.838330E-3	7.838330E-3	1.996010E-4	1.996010E-4
8.800000E-1	7.815280E-3	7.815280E-3	1.990140E-4	1.990140E-4
8.900000E-1	7.833810E-3	7.833810E-3	1.994859E-4	1.994859E-4
9.000000E-1	7.799820E-3	7.799820E-3	1.986203E-4	1.986203E-4
9.100000E-1	7.913790E-3	7.913790E-3	2.015225E-4	2.015225E-4
9.200000E-1	7.934760E-3	7.934760E-3	2.020565E-4	2.020565E-4
9.300000E-1	7.928490E-3	7.928490E-3	2.018969E-4	2.018969E-4
9.400000E-1	8.300170E-3	8.300170E-3	2.113616E-4	2.113616E-4
9.500000E-1	8.274850E-3	8.274850E-3	2.107168E-4	2.107168E-4
9.600000E-1	8.338840E-3	8.338840E-3	2.123463E-4	2.123463E-4
9.700000E-1	8.386060E-3	8.386060E-3	2.135488E-4	2.135488E-4
9.800000E-1	8.295710E-3	8.295710E-3	2.112480E-4	2.112480E-4
9.900000E-1	8.115930E-3	8.115930E-3	2.066700E-4	2.066700E-4
1.000000E+0	8.017140E-3	8.017140E-3	2.041543E-4	2.041543E-4
1.010000E+0	8.008310E-3	8.008310E-3	2.039295E-4	2.039295E-4
1.020000E+0	1.311650E-2	1.311650E-2	3.340081E-4	3.340081E-4
1.030000E+0	1.396360E-2	1.396360E-2	3.555793E-4	3.555793E-4
1.040000E+0	1.009240E-2	1.009240E-2	2.570003E-4	2.570003E-4
1.050000E+0	1.249040E-2	1.249040E-2	3.180647E-4	3.180647E-4
1.060000E+0	1.048390E-2	1.048390E-2	2.669697E-4	2.669697E-4
1.070000E+0	7.619650E-3	7.619650E-3	1.940323E-4	1.940323E-4
1.080000E+0	7.575250E-3	7.575250E-3	1.929017E-4	1.929017E-4
1.090000E+0	7.718260E-3	7.718260E-3	1.965434E-4	1.965434E-4
1.100000E+0	7.632040E-3	7.632040E-3	1.943478E-4	1.943478E-4
1.110000E+0	6.604400E-3	6.604400E-3	1.681793E-4	1.681793E-4
1.120000E+0	6.376230E-3	6.376230E-3	1.623690E-4	1.623690E-4
1.130000E+0	6.179970E-3	6.179970E-3	1.573713E-4	1.573713E-4
1.140000E+0	6.688780E-3	6.688780E-3	1.703280E-4	1.703280E-4
1.150000E+0	6.742000E-3	6.742000E-3	1.716832E-4	1.716832E-4
1.160000E+0	8.225850E-3	8.225850E-3	2.094691E-4	2.094691E-4
1.170000E+0	1.140160E-2	1.140160E-2	2.903387E-4	2.903387E-4
1.180000E+0	9.206160E-3	9.206160E-3	2.344324E-4	2.344324E-4
1.190000E+0	1.093857E-2	1.093857E-2	2.785477E-4	2.785477E-4
1.200000E+0	8.691570E-3	8.691570E-3	2.213285E-4	2.213285E-4
1.210000E+0	1.454310E-2	1.454310E-2	3.703361E-4	3.703361E-4
1.220000E+0	1.373680E-2	1.373680E-2	3.498039E-4	3.498039E-4
1.230000E+0	1.047150E-2	1.047150E-2	2.666539E-4	2.666539E-4
1.240000E+0	1.895100E-2	1.895100E-2	4.825821E-4	4.825821E-4
1.250000E+0	1.991120E-2	1.991120E-2	5.070334E-4	5.070334E-4
1.260000E+0	2.051960E-2	2.051960E-2	5.225261E-4	5.225261E-4
1.270000E+0	1.232330E-2	1.232330E-2	3.138095E-4	3.138095E-4
1.280000E+0	1.023860E-2	1.023860E-2	2.607232E-4	2.607232E-4
1.290000E+0	1.137190E-2	1.137190E-2	2.895824E-4	2.895824E-4
1.300000E+0	1.751720E-2	1.751720E-2	4.460708E-4	4.460708E-4
1.310000E+0	1.110020E-2	1.110020E-2	2.826636E-4	2.826636E-4
1.320000E+0	1.199550E-2	1.199550E-2	3.054622E-4	3.054622E-4
1.330000E+0	1.034110E-2	1.034110E-2	2.633333E-4	2.633333E-4
1.340000E+0	1.991900E-2	1.991900E-2	5.072320E-4	5.072320E-4
1.350000E+0	1.154850E-2	1.154850E-2	2.940794E-4	2.940794E-4
1.360000E+0	1.891050E-2	1.891050E-2	4.815508E-4	4.815508E-4
1.370000E+0	1.781940E-2	1.781940E-2	4.537662E-4	4.537662E-4
1.380000E+0	1.786000E-2	1.786000E-2	4.548001E-4	4.548001E-4
1.390000E+0	2.376200E-2	2.376200E-2	6.050929E-4	6.050929E-4
1.400000E+0	1.768980E-2	1.768980E-2	4.504660E-4	4.504660E-4
1.410000E+0	2.214820E-2	2.214820E-2	5.639980E-4	5.639980E-4
1.420000E+0	1.940270E-2	1.940270E-2	4.940845E-4	4.940845E-4
1.430000E+0	1.774100E-2	1.774100E-2	4.517698E-4	4.517698E-4
1.440000E+0	1.791100E-2	1.791100E-2	4.560988E-4	4.560988E-4
1.450000E+0	1.891900E-2	1.891900E-2	4.817672E-4	4.817672E-4
1.460000E+0	2.005900E-2	2.005900E-2	5.107970E-4	5.107970E-4
1.470000E+0	2.039100E-2	2.039100E-2	5.192513E-4	5.192513E-4
1.480000E+0	1.904890E-2	1.904890E-2	4.850751E-4	4.850751E-4
1.490000E+0	2.250890E-2	2.250890E-2	5.731831E-4	5.731831E-4
1.500000E+0	2.384740E-2	2.384740E-2	6.072676E-4	6.072676E-4
