

15:09:19	19/03/21


Ell Cont: 5,0x10,0

SMU1	V name:		V1
	I name:		I1
	Mode:		V
	Function:	VAR1
SMU2	V name:		V2
	I name:		I2
	Mode:		common
	Function:	const.
SMU3	off
SMU4	off
VMUs	off

Primary Source (VAR1):	single
	Sweep Spacing:	linear
	Start:		-0.500000
	Stop:		0.500000
	Step:		0.010000
	Compliance:	0.050000
Power Compliance OFF

Timing:		Integration Time:	medium
	Delay Time (sec):	0.000000
	Hold Time (sec):	0.000000
	Wait Time (sec):	1.000000

Secondary Source (VAR2):	OFF


   V1	   I1	Abs(I)	J (A\µm²)	Abs(J)
-5.000000E-1	-9.482420E-4	9.482420E-4	-2.414673E-5	2.414673E-5
-4.900000E-1	-9.215230E-4	9.215230E-4	-2.346634E-5	2.346634E-5
-4.800000E-1	-8.951450E-4	8.951450E-4	-2.279463E-5	2.279463E-5
-4.700000E-1	-8.715740E-4	8.715740E-4	-2.219440E-5	2.219440E-5
-4.600000E-1	-8.496160E-4	8.496160E-4	-2.163524E-5	2.163524E-5
-4.500000E-1	-8.267050E-4	8.267050E-4	-2.105182E-5	2.105182E-5
-4.400000E-1	-7.953620E-4	7.953620E-4	-2.025368E-5	2.025368E-5
-4.300000E-1	-7.732120E-4	7.732120E-4	-1.968964E-5	1.968964E-5
-4.200000E-1	-7.582160E-4	7.582160E-4	-1.930777E-5	1.930777E-5
-4.100000E-1	-7.383740E-4	7.383740E-4	-1.880250E-5	1.880250E-5
-4.000000E-1	-7.157250E-4	7.157250E-4	-1.822574E-5	1.822574E-5
-3.900000E-1	-6.925090E-4	6.925090E-4	-1.763456E-5	1.763456E-5
-3.800000E-1	-6.706760E-4	6.706760E-4	-1.707858E-5	1.707858E-5
-3.700000E-1	-6.507000E-4	6.507000E-4	-1.656990E-5	1.656990E-5
-3.600000E-1	-6.290330E-4	6.290330E-4	-1.601816E-5	1.601816E-5
-3.500000E-1	-6.138810E-4	6.138810E-4	-1.563231E-5	1.563231E-5
-3.400000E-1	-5.914100E-4	5.914100E-4	-1.506010E-5	1.506010E-5
-3.300000E-1	-5.740470E-4	5.740470E-4	-1.461795E-5	1.461795E-5
-3.200000E-1	-5.564540E-4	5.564540E-4	-1.416995E-5	1.416995E-5
-3.100000E-1	-5.340640E-4	5.340640E-4	-1.359980E-5	1.359980E-5
-3.000000E-1	-5.148280E-4	5.148280E-4	-1.310996E-5	1.310996E-5
-2.900000E-1	-4.941230E-4	4.941230E-4	-1.258271E-5	1.258271E-5
-2.800000E-1	-4.781900E-4	4.781900E-4	-1.217698E-5	1.217698E-5
-2.700000E-1	-4.572490E-4	4.572490E-4	-1.164372E-5	1.164372E-5
-2.600000E-1	-4.387380E-4	4.387380E-4	-1.117235E-5	1.117235E-5
-2.500000E-1	-4.220990E-4	4.220990E-4	-1.074864E-5	1.074864E-5
-2.400000E-1	-4.017340E-4	4.017340E-4	-1.023005E-5	1.023005E-5
-2.300000E-1	-3.833630E-4	3.833630E-4	-9.762236E-6	9.762236E-6
-2.200000E-1	-3.654640E-4	3.654640E-4	-9.306442E-6	9.306442E-6
-2.100000E-1	-3.470380E-4	3.470380E-4	-8.837229E-6	8.837229E-6
-2.000000E-1	-3.290010E-4	3.290010E-4	-8.377922E-6	8.377922E-6
-1.900000E-1	-3.110770E-4	3.110770E-4	-7.921492E-6	7.921492E-6
-1.800000E-1	-2.943300E-4	2.943300E-4	-7.495034E-6	7.495034E-6
-1.700000E-1	-2.768540E-4	2.768540E-4	-7.050013E-6	7.050013E-6
-1.600000E-1	-2.612240E-4	2.612240E-4	-6.651999E-6	6.651999E-6
-1.500000E-1	-2.446640E-4	2.446640E-4	-6.230303E-6	6.230303E-6
-1.400000E-1	-2.284300E-4	2.284300E-4	-5.816909E-6	5.816909E-6
-1.300000E-1	-2.108010E-4	2.108010E-4	-5.367991E-6	5.367991E-6
-1.200000E-1	-1.949650E-4	1.949650E-4	-4.964731E-6	4.964731E-6
-1.100000E-1	-1.791140E-4	1.791140E-4	-4.561090E-6	4.561090E-6
-1.000000E-1	-1.626780E-4	1.626780E-4	-4.142552E-6	4.142552E-6
-9.000000E-2	-1.462320E-4	1.462320E-4	-3.723759E-6	3.723759E-6
-8.000000E-2	-1.298580E-4	1.298580E-4	-3.306799E-6	3.306799E-6
-7.000000E-2	-1.132010E-4	1.132010E-4	-2.882633E-6	2.882633E-6
-6.000000E-2	-9.689550E-5	9.689550E-5	-2.467418E-6	2.467418E-6
-5.000000E-2	-8.092600E-5	8.092600E-5	-2.060759E-6	2.060759E-6
-4.000000E-2	-6.434510E-5	6.434510E-5	-1.638531E-6	1.638531E-6
-3.000000E-2	-4.817420E-5	4.817420E-5	-1.226743E-6	1.226743E-6
-2.000000E-2	-3.196770E-5	3.196770E-5	-8.140489E-7	8.140489E-7
-1.000000E-2	-1.603320E-5	1.603320E-5	-4.082811E-7	4.082811E-7
0.000000E+0	-8.488280E-8	8.488280E-8	-2.161518E-9	2.161518E-9
1.000000E-2	1.569980E-5	1.569980E-5	3.997912E-7	3.997912E-7
2.000000E-2	3.168180E-5	3.168180E-5	8.067685E-7	8.067685E-7
3.000000E-2	4.767050E-5	4.767050E-5	1.213916E-6	1.213916E-6
4.000000E-2	6.338170E-5	6.338170E-5	1.613998E-6	1.613998E-6
5.000000E-2	7.993160E-5	7.993160E-5	2.035437E-6	2.035437E-6
6.000000E-2	9.585980E-5	9.585980E-5	2.441044E-6	2.441044E-6
7.000000E-2	1.122192E-4	1.122192E-4	2.857632E-6	2.857632E-6
8.000000E-2	1.280410E-4	1.280410E-4	3.260530E-6	3.260530E-6
9.000000E-2	1.437510E-4	1.437510E-4	3.660581E-6	3.660581E-6
1.000000E-1	1.606330E-4	1.606330E-4	4.090476E-6	4.090476E-6
1.100000E-1	1.763670E-4	1.763670E-4	4.491138E-6	4.491138E-6
1.200000E-1	1.916330E-4	1.916330E-4	4.879883E-6	4.879883E-6
1.300000E-1	2.091950E-4	2.091950E-4	5.327094E-6	5.327094E-6
1.400000E-1	2.248250E-4	2.248250E-4	5.725108E-6	5.725108E-6
1.500000E-1	2.418800E-4	2.418800E-4	6.159409E-6	6.159409E-6
1.600000E-1	2.600620E-4	2.600620E-4	6.622409E-6	6.622409E-6
1.700000E-1	2.763510E-4	2.763510E-4	7.037204E-6	7.037204E-6
1.800000E-1	2.952540E-4	2.952540E-4	7.518564E-6	7.518564E-6
1.900000E-1	3.124470E-4	3.124470E-4	7.956379E-6	7.956379E-6
2.000000E-1	3.284450E-4	3.284450E-4	8.363764E-6	8.363764E-6
2.100000E-1	3.473410E-4	3.473410E-4	8.844945E-6	8.844945E-6
2.200000E-1	3.632340E-4	3.632340E-4	9.249656E-6	9.249656E-6
2.300000E-1	3.841640E-4	3.841640E-4	9.782633E-6	9.782633E-6
2.400000E-1	3.992260E-4	3.992260E-4	1.016618E-5	1.016618E-5
2.500000E-1	4.161360E-4	4.161360E-4	1.059679E-5	1.059679E-5
2.600000E-1	4.351080E-4	4.351080E-4	1.107991E-5	1.107991E-5
2.700000E-1	4.518270E-4	4.518270E-4	1.150565E-5	1.150565E-5
2.800000E-1	4.700770E-4	4.700770E-4	1.197038E-5	1.197038E-5
2.900000E-1	4.885080E-4	4.885080E-4	1.243972E-5	1.243972E-5
3.000000E-1	5.066810E-4	5.066810E-4	1.290250E-5	1.290250E-5
3.100000E-1	5.214790E-4	5.214790E-4	1.327932E-5	1.327932E-5
3.200000E-1	5.393950E-4	5.393950E-4	1.373555E-5	1.373555E-5
3.300000E-1	5.565940E-4	5.565940E-4	1.417352E-5	1.417352E-5
3.400000E-1	5.742920E-4	5.742920E-4	1.462419E-5	1.462419E-5
3.500000E-1	5.916880E-4	5.916880E-4	1.506718E-5	1.506718E-5
3.600000E-1	6.113540E-4	6.113540E-4	1.556797E-5	1.556797E-5
3.700000E-1	6.284500E-4	6.284500E-4	1.600331E-5	1.600331E-5
3.800000E-1	6.446090E-4	6.446090E-4	1.641479E-5	1.641479E-5
3.900000E-1	6.612950E-4	6.612950E-4	1.683970E-5	1.683970E-5
4.000000E-1	6.797730E-4	6.797730E-4	1.731024E-5	1.731024E-5
4.100000E-1	6.984260E-4	6.984260E-4	1.778523E-5	1.778523E-5
4.200000E-1	7.192460E-4	7.192460E-4	1.831541E-5	1.831541E-5
4.300000E-1	7.396800E-4	7.396800E-4	1.883575E-5	1.883575E-5
4.400000E-1	7.548670E-4	7.548670E-4	1.922249E-5	1.922249E-5
4.500000E-1	7.995470E-4	7.995470E-4	2.036025E-5	2.036025E-5
4.600000E-1	8.675610E-4	8.675610E-4	2.209221E-5	2.209221E-5
4.700000E-1	9.051230E-4	9.051230E-4	2.304871E-5	2.304871E-5
4.800000E-1	9.200370E-4	9.200370E-4	2.342849E-5	2.342849E-5
4.900000E-1	9.701900E-4	9.701900E-4	2.470563E-5	2.470563E-5
5.000000E-1	1.054519E-3	1.054519E-3	2.685304E-5	2.685304E-5
