

15:31:51	19/03/21


Ell Cont: 5,0x10,0

SMU1	V name:		V1
	I name:		I1
	Mode:		V
	Function:	VAR1
SMU2	V name:		V2
	I name:		I2
	Mode:		common
	Function:	const.
SMU3	off
SMU4	off
VMUs	off

Primary Source (VAR1):	single
	Sweep Spacing:	linear
	Start:		-0.500000
	Stop:		0.500000
	Step:		0.010000
	Compliance:	0.050000
Power Compliance OFF

Timing:		Integration Time:	medium
	Delay Time (sec):	0.000000
	Hold Time (sec):	0.000000
	Wait Time (sec):	1.000000

Secondary Source (VAR2):	OFF


   V1	   I1	Abs(I)	J (A\µm²)	Abs(J)
-5.000000E-1	-4.374200E-10	4.374200E-10	-1.113878E-11	1.113878E-11
-4.900000E-1	1.869500E-10	1.869500E-10	4.760631E-12	4.760631E-12
-4.800000E-1	5.174900E-10	5.174900E-10	1.317774E-11	1.317774E-11
-4.700000E-1	6.570100E-10	6.570100E-10	1.673058E-11	1.673058E-11
-4.600000E-1	7.755400E-10	7.755400E-10	1.974892E-11	1.974892E-11
-4.500000E-1	8.372100E-10	8.372100E-10	2.131933E-11	2.131933E-11
-4.400000E-1	9.207600E-10	9.207600E-10	2.344691E-11	2.344691E-11
-4.300000E-1	9.711100E-10	9.711100E-10	2.472905E-11	2.472905E-11
-4.200000E-1	1.030610E-9	1.030610E-9	2.624421E-11	2.624421E-11
-4.100000E-1	1.069130E-9	1.069130E-9	2.722511E-11	2.722511E-11
-4.000000E-1	1.128940E-9	1.128940E-9	2.874815E-11	2.874815E-11
-3.900000E-1	1.165170E-9	1.165170E-9	2.967074E-11	2.967074E-11
-3.800000E-1	1.221710E-9	1.221710E-9	3.111052E-11	3.111052E-11
-3.700000E-1	1.252440E-9	1.252440E-9	3.189305E-11	3.189305E-11
-3.600000E-1	1.306780E-9	1.306780E-9	3.327680E-11	3.327680E-11
-3.500000E-1	1.340660E-9	1.340660E-9	3.413955E-11	3.413955E-11
-3.400000E-1	1.393290E-9	1.393290E-9	3.547976E-11	3.547976E-11
-3.300000E-1	1.425770E-9	1.425770E-9	3.630685E-11	3.630685E-11
-3.200000E-1	1.478620E-9	1.478620E-9	3.765266E-11	3.765266E-11
-3.100000E-1	1.516760E-9	1.516760E-9	3.862389E-11	3.862389E-11
-3.000000E-1	1.562910E-9	1.562910E-9	3.979908E-11	3.979908E-11
-2.900000E-1	1.611050E-9	1.611050E-9	4.102495E-11	4.102495E-11
-2.800000E-1	1.653420E-9	1.653420E-9	4.210390E-11	4.210390E-11
-2.700000E-1	1.699170E-9	1.699170E-9	4.326891E-11	4.326891E-11
-2.600000E-1	1.752390E-9	1.752390E-9	4.462414E-11	4.462414E-11
-2.500000E-1	1.809600E-9	1.809600E-9	4.608098E-11	4.608098E-11
-2.400000E-1	1.838560E-9	1.838560E-9	4.681844E-11	4.681844E-11
-2.300000E-1	1.890250E-9	1.890250E-9	4.813471E-11	4.813471E-11
-2.200000E-1	1.878060E-9	1.878060E-9	4.782429E-11	4.782429E-11
-2.100000E-1	1.992760E-9	1.992760E-9	5.074510E-11	5.074510E-11
-2.000000E-1	2.043930E-9	2.043930E-9	5.204813E-11	5.204813E-11
-1.900000E-1	2.098430E-9	2.098430E-9	5.343596E-11	5.343596E-11
-1.800000E-1	2.148650E-9	2.148650E-9	5.471479E-11	5.471479E-11
-1.700000E-1	2.198050E-9	2.198050E-9	5.597275E-11	5.597275E-11
-1.600000E-1	2.261610E-9	2.261610E-9	5.759129E-11	5.759129E-11
-1.500000E-1	2.317010E-9	2.317010E-9	5.900204E-11	5.900204E-11
-1.400000E-1	2.377850E-9	2.377850E-9	6.055131E-11	6.055131E-11
-1.300000E-1	2.441310E-9	2.441310E-9	6.216730E-11	6.216730E-11
-1.200000E-1	2.500010E-9	2.500010E-9	6.366208E-11	6.366208E-11
-1.100000E-1	2.548240E-9	2.548240E-9	6.489025E-11	6.489025E-11
-1.000000E-1	2.625950E-9	2.625950E-9	6.686911E-11	6.686911E-11
-9.000000E-2	2.687550E-9	2.687550E-9	6.843774E-11	6.843774E-11
-8.000000E-2	2.763100E-9	2.763100E-9	7.036160E-11	7.036160E-11
-7.000000E-2	2.831290E-9	2.831290E-9	7.209804E-11	7.209804E-11
-6.000000E-2	2.905330E-9	2.905330E-9	7.398345E-11	7.398345E-11
-5.000000E-2	2.980790E-9	2.980790E-9	7.590502E-11	7.590502E-11
-4.000000E-2	3.051940E-9	3.051940E-9	7.771683E-11	7.771683E-11
-3.000000E-2	3.113580E-9	3.113580E-9	7.928648E-11	7.928648E-11
-2.000000E-2	3.206760E-9	3.206760E-9	8.165928E-11	8.165928E-11
-1.000000E-2	3.285680E-9	3.285680E-9	8.366896E-11	8.366896E-11
0.000000E+0	3.365190E-9	3.365190E-9	8.569366E-11	8.569366E-11
1.000000E-2	3.445980E-9	3.445980E-9	8.775095E-11	8.775095E-11
2.000000E-2	3.524260E-9	3.524260E-9	8.974433E-11	8.974433E-11
3.000000E-2	3.620390E-9	3.620390E-9	9.219226E-11	9.219226E-11
4.000000E-2	3.709520E-9	3.709520E-9	9.446193E-11	9.446193E-11
5.000000E-2	3.800260E-9	3.800260E-9	9.677260E-11	9.677260E-11
6.000000E-2	3.896520E-9	3.896520E-9	9.922383E-11	9.922383E-11
7.000000E-2	3.986640E-9	3.986640E-9	1.015187E-10	1.015187E-10
8.000000E-2	4.079840E-9	4.079840E-9	1.038920E-10	1.038920E-10
9.000000E-2	4.172450E-9	4.172450E-9	1.062503E-10	1.062503E-10
1.000000E-1	4.276860E-9	4.276860E-9	1.089091E-10	1.089091E-10
1.100000E-1	4.379680E-9	4.379680E-9	1.115274E-10	1.115274E-10
1.200000E-1	4.481100E-9	4.481100E-9	1.141100E-10	1.141100E-10
1.300000E-1	4.583480E-9	4.583480E-9	1.167171E-10	1.167171E-10
1.400000E-1	4.693200E-9	4.693200E-9	1.195111E-10	1.195111E-10
1.500000E-1	4.802530E-9	4.802530E-9	1.222951E-10	1.222951E-10
1.600000E-1	4.912920E-9	4.912920E-9	1.251062E-10	1.251062E-10
1.700000E-1	5.024140E-9	5.024140E-9	1.279384E-10	1.279384E-10
1.800000E-1	5.141330E-9	5.141330E-9	1.309226E-10	1.309226E-10
1.900000E-1	5.251890E-9	5.251890E-9	1.337380E-10	1.337380E-10
2.000000E-1	5.376280E-9	5.376280E-9	1.369055E-10	1.369055E-10
2.100000E-1	5.502500E-9	5.502500E-9	1.401197E-10	1.401197E-10
2.200000E-1	5.609630E-9	5.609630E-9	1.428477E-10	1.428477E-10
2.300000E-1	5.730790E-9	5.730790E-9	1.459330E-10	1.459330E-10
2.400000E-1	5.863180E-9	5.863180E-9	1.493043E-10	1.493043E-10
2.500000E-1	5.984570E-9	5.984570E-9	1.523955E-10	1.523955E-10
2.600000E-1	5.984030E-9	5.984030E-9	1.523817E-10	1.523817E-10
2.700000E-1	6.166570E-9	6.166570E-9	1.570300E-10	1.570300E-10
2.800000E-1	6.190850E-9	6.190850E-9	1.576483E-10	1.576483E-10
2.900000E-1	6.383000E-9	6.383000E-9	1.625414E-10	1.625414E-10
3.000000E-1	6.388570E-9	6.388570E-9	1.626832E-10	1.626832E-10
3.100000E-1	6.576650E-9	6.576650E-9	1.674726E-10	1.674726E-10
3.200000E-1	6.600880E-9	6.600880E-9	1.680896E-10	1.680896E-10
3.300000E-1	6.788600E-9	6.788600E-9	1.728699E-10	1.728699E-10
3.400000E-1	6.801830E-9	6.801830E-9	1.732068E-10	1.732068E-10
3.500000E-1	6.875610E-9	6.875610E-9	1.750856E-10	1.750856E-10
3.600000E-1	6.953020E-9	6.953020E-9	1.770568E-10	1.770568E-10
3.700000E-1	7.024770E-9	7.024770E-9	1.788839E-10	1.788839E-10
3.800000E-1	7.108460E-9	7.108460E-9	1.810150E-10	1.810150E-10
3.900000E-1	7.178780E-9	7.178780E-9	1.828057E-10	1.828057E-10
4.000000E-1	7.282530E-9	7.282530E-9	1.854477E-10	1.854477E-10
4.100000E-1	7.369670E-9	7.369670E-9	1.876667E-10	1.876667E-10
4.200000E-1	7.408930E-9	7.408930E-9	1.886664E-10	1.886664E-10
4.300000E-1	7.472820E-9	7.472820E-9	1.902934E-10	1.902934E-10
4.400000E-1	7.571900E-9	7.571900E-9	1.928164E-10	1.928164E-10
4.500000E-1	7.641840E-9	7.641840E-9	1.945974E-10	1.945974E-10
4.600000E-1	7.725420E-9	7.725420E-9	1.967257E-10	1.967257E-10
4.700000E-1	7.802650E-9	7.802650E-9	1.986924E-10	1.986924E-10
4.800000E-1	7.877210E-9	7.877210E-9	2.005910E-10	2.005910E-10
4.900000E-1	7.962150E-9	7.962150E-9	2.027540E-10	2.027540E-10
5.000000E-1	8.055600E-9	8.055600E-9	2.051337E-10	2.051337E-10
