

15:19:34	19/03/21


Ell Cont: 5,0x10,0

SMU1	V name:		V1
	I name:		I1
	Mode:		V
	Function:	VAR1
SMU2	V name:		V2
	I name:		I2
	Mode:		common
	Function:	const.
SMU3	off
SMU4	off
VMUs	off

Primary Source (VAR1):	single
	Sweep Spacing:	linear
	Start:		-0.500000
	Stop:		0.500000
	Step:		0.010000
	Compliance:	0.050000
Power Compliance OFF

Timing:		Integration Time:	medium
	Delay Time (sec):	0.000000
	Hold Time (sec):	0.000000
	Wait Time (sec):	1.000000

Secondary Source (VAR2):	OFF


   V1	   I1	Abs(I)	J (A\µm²)	Abs(J)
-5.000000E-1	-9.989600E-10	9.989600E-10	-2.543825E-11	2.543825E-11
-4.900000E-1	-1.771300E-10	1.771300E-10	-4.510568E-12	4.510568E-12
-4.800000E-1	2.602100E-10	2.602100E-10	6.626178E-12	6.626178E-12
-4.700000E-1	4.441400E-10	4.441400E-10	1.130991E-11	1.130991E-11
-4.600000E-1	5.572900E-10	5.572900E-10	1.419124E-11	1.419124E-11
-4.500000E-1	7.057600E-10	7.057600E-10	1.797199E-11	1.797199E-11
-4.400000E-1	7.707800E-10	7.707800E-10	1.962771E-11	1.962771E-11
-4.300000E-1	8.614300E-10	8.614300E-10	2.193608E-11	2.193608E-11
-4.200000E-1	9.100000E-10	9.100000E-10	2.317291E-11	2.317291E-11
-4.100000E-1	9.868300E-10	9.868300E-10	2.512936E-11	2.512936E-11
-4.000000E-1	1.028370E-9	1.028370E-9	2.618717E-11	2.618717E-11
-3.900000E-1	1.098820E-9	1.098820E-9	2.798116E-11	2.798116E-11
-3.800000E-1	1.138560E-9	1.138560E-9	2.899312E-11	2.899312E-11
-3.700000E-1	1.197380E-9	1.197380E-9	3.049096E-11	3.049096E-11
-3.600000E-1	1.237470E-9	1.237470E-9	3.151184E-11	3.151184E-11
-3.500000E-1	1.306560E-9	1.306560E-9	3.327120E-11	3.327120E-11
-3.400000E-1	1.346600E-9	1.346600E-9	3.429081E-11	3.429081E-11
-3.300000E-1	1.420200E-9	1.420200E-9	3.616501E-11	3.616501E-11
-3.200000E-1	1.441950E-9	1.441950E-9	3.671887E-11	3.671887E-11
-3.100000E-1	1.504770E-9	1.504770E-9	3.831856E-11	3.831856E-11
-3.000000E-1	1.556360E-9	1.556360E-9	3.963229E-11	3.963229E-11
-2.900000E-1	1.612640E-9	1.612640E-9	4.106544E-11	4.106544E-11
-2.800000E-1	1.659050E-9	1.659050E-9	4.224726E-11	4.224726E-11
-2.700000E-1	1.717020E-9	1.717020E-9	4.372345E-11	4.372345E-11
-2.600000E-1	1.772050E-9	1.772050E-9	4.512478E-11	4.512478E-11
-2.500000E-1	1.822090E-9	1.822090E-9	4.639903E-11	4.639903E-11
-2.400000E-1	1.874560E-9	1.874560E-9	4.773517E-11	4.773517E-11
-2.300000E-1	1.928990E-9	1.928990E-9	4.912121E-11	4.912121E-11
-2.200000E-1	1.981720E-9	1.981720E-9	5.046397E-11	5.046397E-11
-2.100000E-1	2.039230E-9	2.039230E-9	5.192844E-11	5.192844E-11
-2.000000E-1	2.098180E-9	2.098180E-9	5.342959E-11	5.342959E-11
-1.900000E-1	2.156970E-9	2.156970E-9	5.492666E-11	5.492666E-11
-1.800000E-1	2.230120E-9	2.230120E-9	5.678941E-11	5.678941E-11
-1.700000E-1	2.289490E-9	2.289490E-9	5.830125E-11	5.830125E-11
-1.600000E-1	2.340540E-9	2.340540E-9	5.960122E-11	5.960122E-11
-1.500000E-1	2.395740E-9	2.395740E-9	6.100687E-11	6.100687E-11
-1.400000E-1	2.472930E-9	2.472930E-9	6.297250E-11	6.297250E-11
-1.300000E-1	2.472450E-9	2.472450E-9	6.296027E-11	6.296027E-11
-1.200000E-1	2.603830E-9	2.603830E-9	6.630583E-11	6.630583E-11
-1.100000E-1	2.678240E-9	2.678240E-9	6.820066E-11	6.820066E-11
-1.000000E-1	2.768980E-9	2.768980E-9	7.051133E-11	7.051133E-11
-9.000000E-2	2.817830E-9	2.817830E-9	7.175528E-11	7.175528E-11
-8.000000E-2	2.898170E-9	2.898170E-9	7.380112E-11	7.380112E-11
-7.000000E-2	2.971740E-9	2.971740E-9	7.567456E-11	7.567456E-11
-6.000000E-2	3.060810E-9	3.060810E-9	7.794270E-11	7.794270E-11
-5.000000E-2	3.147990E-9	3.147990E-9	8.016272E-11	8.016272E-11
-4.000000E-2	3.227990E-9	3.227990E-9	8.219990E-11	8.219990E-11
-3.000000E-2	3.299050E-9	3.299050E-9	8.400942E-11	8.400942E-11
-2.000000E-2	3.360110E-9	3.360110E-9	8.556430E-11	8.556430E-11
-1.000000E-2	3.478930E-9	3.478930E-9	8.859002E-11	8.859002E-11
0.000000E+0	3.589570E-9	3.589570E-9	9.140743E-11	9.140743E-11
1.000000E-2	3.662620E-9	3.662620E-9	9.326763E-11	9.326763E-11
2.000000E-2	3.748340E-9	3.748340E-9	9.545047E-11	9.545047E-11
3.000000E-2	3.858070E-9	3.858070E-9	9.824471E-11	9.824471E-11
4.000000E-2	3.966820E-9	3.966820E-9	1.010140E-10	1.010140E-10
5.000000E-2	4.057580E-9	4.057580E-9	1.033252E-10	1.033252E-10
6.000000E-2	4.172170E-9	4.172170E-9	1.062432E-10	1.062432E-10
7.000000E-2	4.283450E-9	4.283450E-9	1.090769E-10	1.090769E-10
8.000000E-2	4.396300E-9	4.396300E-9	1.119506E-10	1.119506E-10
9.000000E-2	4.487120E-9	4.487120E-9	1.142633E-10	1.142633E-10
1.000000E-1	4.626540E-9	4.626540E-9	1.178136E-10	1.178136E-10
1.100000E-1	4.743570E-9	4.743570E-9	1.207937E-10	1.207937E-10
1.200000E-1	4.876320E-9	4.876320E-9	1.241742E-10	1.241742E-10
1.300000E-1	4.988820E-9	4.988820E-9	1.270390E-10	1.270390E-10
1.400000E-1	5.112140E-9	5.112140E-9	1.301793E-10	1.301793E-10
1.500000E-1	5.245480E-9	5.245480E-9	1.335747E-10	1.335747E-10
1.600000E-1	5.374560E-9	5.374560E-9	1.368617E-10	1.368617E-10
1.700000E-1	5.515830E-9	5.515830E-9	1.404591E-10	1.404591E-10
1.800000E-1	5.528200E-9	5.528200E-9	1.407741E-10	1.407741E-10
1.900000E-1	5.640790E-9	5.640790E-9	1.436412E-10	1.436412E-10
2.000000E-1	5.746360E-9	5.746360E-9	1.463295E-10	1.463295E-10
2.100000E-1	5.861410E-9	5.861410E-9	1.492592E-10	1.492592E-10
2.200000E-1	5.988510E-9	5.988510E-9	1.524958E-10	1.524958E-10
2.300000E-1	6.110110E-9	6.110110E-9	1.555923E-10	1.555923E-10
2.400000E-1	6.239020E-9	6.239020E-9	1.588750E-10	1.588750E-10
2.500000E-1	6.357770E-9	6.357770E-9	1.618989E-10	1.618989E-10
2.600000E-1	6.491130E-9	6.491130E-9	1.652949E-10	1.652949E-10
2.700000E-1	6.623000E-9	6.623000E-9	1.686529E-10	1.686529E-10
2.800000E-1	6.729990E-9	6.729990E-9	1.713774E-10	1.713774E-10
2.900000E-1	6.880630E-9	6.880630E-9	1.752134E-10	1.752134E-10
3.000000E-1	7.020320E-9	7.020320E-9	1.787706E-10	1.787706E-10
3.100000E-1	7.148350E-9	7.148350E-9	1.820308E-10	1.820308E-10
3.200000E-1	7.294730E-9	7.294730E-9	1.857583E-10	1.857583E-10
3.300000E-1	7.434650E-9	7.434650E-9	1.893214E-10	1.893214E-10
3.400000E-1	7.576370E-9	7.576370E-9	1.929302E-10	1.929302E-10
3.500000E-1	7.687740E-9	7.687740E-9	1.957662E-10	1.957662E-10
3.600000E-1	7.855420E-9	7.855420E-9	2.000362E-10	2.000362E-10
3.700000E-1	7.999090E-9	7.999090E-9	2.036947E-10	2.036947E-10
3.800000E-1	8.145480E-9	8.145480E-9	2.074225E-10	2.074225E-10
3.900000E-1	8.280150E-9	8.280150E-9	2.108518E-10	2.108518E-10
4.000000E-1	8.409070E-9	8.409070E-9	2.141347E-10	2.141347E-10
4.100000E-1	8.586540E-9	8.586540E-9	2.186539E-10	2.186539E-10
4.200000E-1	8.718300E-9	8.718300E-9	2.220092E-10	2.220092E-10
4.300000E-1	8.884260E-9	8.884260E-9	2.262353E-10	2.262353E-10
4.400000E-1	9.031830E-9	9.031830E-9	2.299931E-10	2.299931E-10
4.500000E-1	9.174240E-9	9.174240E-9	2.336196E-10	2.336196E-10
4.600000E-1	9.330360E-9	9.330360E-9	2.375951E-10	2.375951E-10
4.700000E-1	9.476520E-9	9.476520E-9	2.413170E-10	2.413170E-10
4.800000E-1	9.628830E-9	9.628830E-9	2.451956E-10	2.451956E-10
4.900000E-1	9.798100E-9	9.798100E-9	2.495060E-10	2.495060E-10
5.000000E-1	1.028310E-8	1.028310E-8	2.618564E-10	2.618564E-10
