

15:23:02	19/03/21


Ell Cont: 5,0x10,0

SMU1	V name:		V1
	I name:		I1
	Mode:		V
	Function:	VAR1
SMU2	V name:		V2
	I name:		I2
	Mode:		common
	Function:	const.
SMU3	off
SMU4	off
VMUs	off

Primary Source (VAR1):	single
	Sweep Spacing:	linear
	Start:		-0.500000
	Stop:		0.500000
	Step:		0.010000
	Compliance:	0.050000
Power Compliance OFF

Timing:		Integration Time:	medium
	Delay Time (sec):	0.000000
	Hold Time (sec):	0.000000
	Wait Time (sec):	1.000000

Secondary Source (VAR2):	OFF


   V1	   I1	Abs(I)	J (A\um²)	Abs(J)
-5.000000E-1	-2.431370E-8	2.431370E-8	-6.191418E-10	6.191418E-10
-4.900000E-1	-2.152090E-8	2.152090E-8	-5.480239E-10	5.480239E-10
-4.800000E-1	-1.992930E-8	1.992930E-8	-5.074943E-10	5.074943E-10
-4.700000E-1	-1.878380E-8	1.878380E-8	-4.783244E-10	4.783244E-10
-4.600000E-1	-1.761860E-8	1.761860E-8	-4.486529E-10	4.486529E-10
-4.500000E-1	-1.669490E-8	1.669490E-8	-4.251311E-10	4.251311E-10
-4.400000E-1	-1.581590E-8	1.581590E-8	-4.027476E-10	4.027476E-10
-4.300000E-1	-1.506160E-8	1.506160E-8	-3.835396E-10	3.835396E-10
-4.200000E-1	-1.431900E-8	1.431900E-8	-3.646295E-10	3.646295E-10
-4.100000E-1	-1.359940E-8	1.359940E-8	-3.463051E-10	3.463051E-10
-4.000000E-1	-1.304260E-8	1.304260E-8	-3.321263E-10	3.321263E-10
-3.900000E-1	-1.240940E-8	1.240940E-8	-3.160020E-10	3.160020E-10
-3.800000E-1	-1.168790E-8	1.168790E-8	-2.976292E-10	2.976292E-10
-3.700000E-1	-1.117420E-8	1.117420E-8	-2.845480E-10	2.845480E-10
-3.600000E-1	-1.035990E-8	1.035990E-8	-2.638121E-10	2.638121E-10
-3.500000E-1	-1.000910E-8	1.000910E-8	-2.548790E-10	2.548790E-10
-3.400000E-1	-9.579100E-9	9.579100E-9	-2.439292E-10	2.439292E-10
-3.300000E-1	-9.184790E-9	9.184790E-9	-2.338882E-10	2.338882E-10
-3.200000E-1	-8.898200E-9	8.898200E-9	-2.265903E-10	2.265903E-10
-3.100000E-1	-8.464770E-9	8.464770E-9	-2.155531E-10	2.155531E-10
-3.000000E-1	-7.947860E-9	7.947860E-9	-2.023901E-10	2.023901E-10
-2.900000E-1	-7.488720E-9	7.488720E-9	-1.906982E-10	1.906982E-10
-2.800000E-1	-7.035040E-9	7.035040E-9	-1.791454E-10	1.791454E-10
-2.700000E-1	-6.548810E-9	6.548810E-9	-1.667637E-10	1.667637E-10
-2.600000E-1	-6.169900E-9	6.169900E-9	-1.571148E-10	1.571148E-10
-2.500000E-1	-5.715870E-9	5.715870E-9	-1.455531E-10	1.455531E-10
-2.400000E-1	-5.324230E-9	5.324230E-9	-1.355801E-10	1.355801E-10
-2.300000E-1	-4.927390E-9	4.927390E-9	-1.254747E-10	1.254747E-10
-2.200000E-1	-4.655220E-9	4.655220E-9	-1.185439E-10	1.185439E-10
-2.100000E-1	-4.319530E-9	4.319530E-9	-1.099957E-10	1.099957E-10
-2.000000E-1	-3.994430E-9	3.994430E-9	-1.017171E-10	1.017171E-10
-1.900000E-1	-3.705440E-9	3.705440E-9	-9.435803E-11	9.435803E-11
-1.800000E-1	-3.417360E-9	3.417360E-9	-8.702215E-11	8.702215E-11
-1.700000E-1	-3.155730E-9	3.155730E-9	-8.035982E-11	8.035982E-11
-1.600000E-1	-2.853980E-9	2.853980E-9	-7.267583E-11	7.267583E-11
-1.500000E-1	-2.583950E-9	2.583950E-9	-6.579959E-11	6.579959E-11
-1.400000E-1	-2.351230E-9	2.351230E-9	-5.987344E-11	5.987344E-11
-1.300000E-1	-2.113170E-9	2.113170E-9	-5.381131E-11	5.381131E-11
-1.200000E-1	-1.887320E-9	1.887320E-9	-4.806010E-11	4.806010E-11
-1.100000E-1	-1.704210E-9	1.704210E-9	-4.339725E-11	4.339725E-11
-1.000000E-1	-1.509130E-9	1.509130E-9	-3.842959E-11	3.842959E-11
-9.000000E-2	-1.282270E-9	1.282270E-9	-3.265266E-11	3.265266E-11
-8.000000E-2	-1.044200E-9	1.044200E-9	-2.659027E-11	2.659027E-11
-7.000000E-2	-8.785800E-10	8.785800E-10	-2.237280E-11	2.237280E-11
-6.000000E-2	-6.850200E-10	6.850200E-10	-1.744385E-11	1.744385E-11
-5.000000E-2	-5.278500E-10	5.278500E-10	-1.344156E-11	1.344156E-11
-4.000000E-2	-3.593700E-10	3.593700E-10	-9.151260E-12	9.151260E-12
-3.000000E-2	-2.166900E-10	2.166900E-10	-5.517953E-12	5.517953E-12
-2.000000E-2	-7.529000E-11	7.529000E-11	-1.917240E-12	1.917240E-12
-1.000000E-2	8.669000E-11	8.669000E-11	2.207538E-12	2.207538E-12
0.000000E+0	2.422400E-10	2.422400E-10	6.168576E-12	6.168576E-12
1.000000E-2	3.950500E-10	3.950500E-10	1.005984E-11	1.005984E-11
2.000000E-2	5.911000E-10	5.911000E-10	1.505220E-11	1.505220E-11
3.000000E-2	7.420900E-10	7.420900E-10	1.889712E-11	1.889712E-11
4.000000E-2	9.116800E-10	9.116800E-10	2.321569E-11	2.321569E-11
5.000000E-2	1.083690E-9	1.083690E-9	2.759587E-11	2.759587E-11
6.000000E-2	1.270740E-9	1.270740E-9	3.235905E-11	3.235905E-11
7.000000E-2	1.459020E-9	1.459020E-9	3.715355E-11	3.715355E-11
8.000000E-2	1.636030E-9	1.636030E-9	4.166106E-11	4.166106E-11
9.000000E-2	1.831510E-9	1.831510E-9	4.663891E-11	4.663891E-11
1.000000E-1	2.074800E-9	2.074800E-9	5.283422E-11	5.283422E-11
1.100000E-1	2.299290E-9	2.299290E-9	5.855080E-11	5.855080E-11
1.200000E-1	2.520900E-9	2.520900E-9	6.419404E-11	6.419404E-11
1.300000E-1	2.772760E-9	2.772760E-9	7.060759E-11	7.060759E-11
1.400000E-1	3.047920E-9	3.047920E-9	7.761446E-11	7.761446E-11
1.500000E-1	3.276360E-9	3.276360E-9	8.343163E-11	8.343163E-11
1.600000E-1	3.600280E-9	3.600280E-9	9.168016E-11	9.168016E-11
1.700000E-1	3.854120E-9	3.854120E-9	9.814413E-11	9.814413E-11
1.800000E-1	4.148730E-9	4.148730E-9	1.056463E-10	1.056463E-10
1.900000E-1	4.468900E-9	4.468900E-9	1.137993E-10	1.137993E-10
2.000000E-1	4.722820E-9	4.722820E-9	1.202653E-10	1.202653E-10
2.100000E-1	5.115250E-9	5.115250E-9	1.302585E-10	1.302585E-10
2.200000E-1	5.464140E-9	5.464140E-9	1.391429E-10	1.391429E-10
2.300000E-1	5.782980E-9	5.782980E-9	1.472620E-10	1.472620E-10
2.400000E-1	6.236420E-9	6.236420E-9	1.588088E-10	1.588088E-10
2.500000E-1	6.614640E-9	6.614640E-9	1.684400E-10	1.684400E-10
2.600000E-1	7.040250E-9	7.040250E-9	1.792781E-10	1.792781E-10
2.700000E-1	7.510060E-9	7.510060E-9	1.912417E-10	1.912417E-10
2.800000E-1	7.966690E-9	7.966690E-9	2.028696E-10	2.028696E-10
2.900000E-1	8.471310E-9	8.471310E-9	2.157196E-10	2.157196E-10
3.000000E-1	8.927180E-9	8.927180E-9	2.273282E-10	2.273282E-10
3.100000E-1	9.505300E-9	9.505300E-9	2.420499E-10	2.420499E-10
3.200000E-1	1.077590E-8	1.077590E-8	2.744054E-10	2.744054E-10
3.300000E-1	1.145180E-8	1.145180E-8	2.916170E-10	2.916170E-10
3.400000E-1	1.215530E-8	1.215530E-8	3.095314E-10	3.095314E-10
3.500000E-1	1.284020E-8	1.284020E-8	3.269722E-10	3.269722E-10
3.600000E-1	1.349360E-8	1.349360E-8	3.436109E-10	3.436109E-10
3.700000E-1	1.418840E-8	1.418840E-8	3.613038E-10	3.613038E-10
3.800000E-1	1.501380E-8	1.501380E-8	3.823224E-10	3.823224E-10
3.900000E-1	1.582740E-8	1.582740E-8	4.030405E-10	4.030405E-10
4.000000E-1	1.670470E-8	1.670470E-8	4.253807E-10	4.253807E-10
4.100000E-1	1.756210E-8	1.756210E-8	4.472142E-10	4.472142E-10
4.200000E-1	1.849510E-8	1.849510E-8	4.709727E-10	4.709727E-10
4.300000E-1	1.948260E-8	1.948260E-8	4.961192E-10	4.961192E-10
4.400000E-1	2.042790E-8	2.042790E-8	5.201910E-10	5.201910E-10
4.500000E-1	2.131430E-8	2.131430E-8	5.427629E-10	5.427629E-10
4.600000E-1	2.250430E-8	2.250430E-8	5.730659E-10	5.730659E-10
4.700000E-1	2.348350E-8	2.348350E-8	5.980010E-10	5.980010E-10
4.800000E-1	2.472020E-8	2.472020E-8	6.294932E-10	6.294932E-10
4.900000E-1	2.593040E-8	2.593040E-8	6.603107E-10	6.603107E-10
5.000000E-1	2.740800E-8	2.740800E-8	6.979373E-10	6.979373E-10
