

15:23:47	19/03/21


Ell Cont: 5,0x10,0

SMU1	V name:		V1
	I name:		I1
	Mode:		V
	Function:	VAR1
SMU2	V name:		V2
	I name:		I2
	Mode:		common
	Function:	const.
SMU3	off
SMU4	off
VMUs	off

Primary Source (VAR1):	single
	Sweep Spacing:	linear
	Start:		-0.500000
	Stop:		0.500000
	Step:		0.010000
	Compliance:	0.050000
Power Compliance OFF

Timing:		Integration Time:	medium
	Delay Time (sec):	0.000000
	Hold Time (sec):	0.000000
	Wait Time (sec):	1.000000

Secondary Source (VAR2):	OFF


   V1	   I1	Abs(I)	J (A\µm²)	Abs(J)
-5.000000E-1	-5.712990E-9	5.712990E-9	-1.454798E-10	1.454798E-10
-4.900000E-1	-4.436610E-9	4.436610E-9	-1.129771E-10	1.129771E-10
-4.800000E-1	-3.736630E-9	3.736630E-9	-9.515228E-11	9.515228E-11
-4.700000E-1	-3.255450E-9	3.255450E-9	-8.289916E-11	8.289916E-11
-4.600000E-1	-2.922980E-9	2.922980E-9	-7.443290E-11	7.443290E-11
-4.500000E-1	-2.643970E-9	2.643970E-9	-6.732798E-11	6.732798E-11
-4.400000E-1	-2.395290E-9	2.395290E-9	-6.099542E-11	6.099542E-11
-4.300000E-1	-2.198470E-9	2.198470E-9	-5.598345E-11	5.598345E-11
-4.200000E-1	-2.023320E-9	2.023320E-9	-5.152330E-11	5.152330E-11
-4.100000E-1	-1.878680E-9	1.878680E-9	-4.784008E-11	4.784008E-11
-4.000000E-1	-1.737190E-9	1.737190E-9	-4.423708E-11	4.423708E-11
-3.900000E-1	-1.604990E-9	1.604990E-9	-4.087064E-11	4.087064E-11
-3.800000E-1	-1.488460E-9	1.488460E-9	-3.790323E-11	3.790323E-11
-3.700000E-1	-1.391370E-9	1.391370E-9	-3.543086E-11	3.543086E-11
-3.600000E-1	-1.277200E-9	1.277200E-9	-3.252355E-11	3.252355E-11
-3.500000E-1	-1.218400E-9	1.218400E-9	-3.102623E-11	3.102623E-11
-3.400000E-1	-1.089000E-9	1.089000E-9	-2.773109E-11	2.773109E-11
-3.300000E-1	-1.030020E-9	1.030020E-9	-2.622918E-11	2.622918E-11
-3.200000E-1	-9.130700E-10	9.130700E-10	-2.325108E-11	2.325108E-11
-3.100000E-1	-8.658300E-10	8.658300E-10	-2.204813E-11	2.204813E-11
-3.000000E-1	-8.224000E-10	8.224000E-10	-2.094219E-11	2.094219E-11
-2.900000E-1	-7.594400E-10	7.594400E-10	-1.933894E-11	1.933894E-11
-2.800000E-1	-6.941000E-10	6.941000E-10	-1.767507E-11	1.767507E-11
-2.700000E-1	-6.450400E-10	6.450400E-10	-1.642577E-11	1.642577E-11
-2.600000E-1	-5.655400E-10	5.655400E-10	-1.440132E-11	1.440132E-11
-2.500000E-1	-5.189200E-10	5.189200E-10	-1.321416E-11	1.321416E-11
-2.400000E-1	-4.431300E-10	4.431300E-10	-1.128419E-11	1.128419E-11
-2.300000E-1	-5.046300E-10	5.046300E-10	-1.285027E-11	1.285027E-11
-2.200000E-1	-5.126800E-10	5.126800E-10	-1.305526E-11	1.305526E-11
-2.100000E-1	-4.539700E-10	4.539700E-10	-1.156022E-11	1.156022E-11
-2.000000E-1	-4.430100E-10	4.430100E-10	-1.128113E-11	1.128113E-11
-1.900000E-1	-3.742200E-10	3.742200E-10	-9.529412E-12	9.529412E-12
-1.800000E-1	-3.772400E-10	3.772400E-10	-9.606315E-12	9.606315E-12
-1.700000E-1	-3.355400E-10	3.355400E-10	-8.544436E-12	8.544436E-12
-1.600000E-1	-3.087700E-10	3.087700E-10	-7.862745E-12	7.862745E-12
-1.500000E-1	-2.738800E-10	2.738800E-10	-6.974281E-12	6.974281E-12
-1.400000E-1	-2.443000E-10	2.443000E-10	-6.221034E-12	6.221034E-12
-1.300000E-1	-1.891600E-10	1.891600E-10	-4.816909E-12	4.816909E-12
-1.200000E-1	-1.507100E-10	1.507100E-10	-3.837790E-12	3.837790E-12
-1.100000E-1	-1.159200E-10	1.159200E-10	-2.951872E-12	2.951872E-12
-1.000000E-1	-7.515000E-11	7.515000E-11	-1.913675E-12	1.913675E-12
-9.000000E-2	-3.944000E-11	3.944000E-11	-1.004329E-12	1.004329E-12
-8.000000E-2	-7.400000E-13	7.400000E-13	-1.884390E-14	1.884390E-14
-7.000000E-2	3.558000E-11	3.558000E-11	9.060351E-13	9.060351E-13
-6.000000E-2	7.593000E-11	7.593000E-11	1.933537E-12	1.933537E-12
-5.000000E-2	1.150600E-10	1.150600E-10	2.929972E-12	2.929972E-12
-4.000000E-2	1.522000E-10	1.522000E-10	3.875732E-12	3.875732E-12
-3.000000E-2	1.883000E-10	1.883000E-10	4.795009E-12	4.795009E-12
-2.000000E-2	2.260900E-10	2.260900E-10	5.757321E-12	5.757321E-12
-1.000000E-2	2.646100E-10	2.646100E-10	6.738222E-12	6.738222E-12
0.000000E+0	3.004800E-10	3.004800E-10	7.651642E-12	7.651642E-12
1.000000E-2	3.397400E-10	3.397400E-10	8.651388E-12	8.651388E-12
2.000000E-2	3.760600E-10	3.760600E-10	9.576267E-12	9.576267E-12
3.000000E-2	4.114900E-10	4.114900E-10	1.047848E-11	1.047848E-11
4.000000E-2	4.513200E-10	4.513200E-10	1.149274E-11	1.149274E-11
5.000000E-2	5.183000E-10	5.183000E-10	1.319837E-11	1.319837E-11
6.000000E-2	7.277000E-10	7.277000E-10	1.853068E-11	1.853068E-11
7.000000E-2	7.862600E-10	7.862600E-10	2.002190E-11	2.002190E-11
8.000000E-2	9.056100E-10	9.056100E-10	2.306112E-11	2.306112E-11
9.000000E-2	9.508100E-10	9.508100E-10	2.421212E-11	2.421212E-11
1.000000E-1	1.042500E-9	1.042500E-9	2.654698E-11	2.654698E-11
1.100000E-1	1.084650E-9	1.084650E-9	2.762032E-11	2.762032E-11
1.200000E-1	1.170930E-9	1.170930E-9	2.981742E-11	2.981742E-11
1.300000E-1	1.202030E-9	1.202030E-9	3.060937E-11	3.060937E-11
1.400000E-1	1.276930E-9	1.276930E-9	3.251668E-11	3.251668E-11
1.500000E-1	1.320460E-9	1.320460E-9	3.362516E-11	3.362516E-11
1.600000E-1	1.407180E-9	1.407180E-9	3.583346E-11	3.583346E-11
1.700000E-1	1.475020E-9	1.475020E-9	3.756099E-11	3.756099E-11
1.800000E-1	1.535440E-9	1.535440E-9	3.909957E-11	3.909957E-11
1.900000E-1	1.603180E-9	1.603180E-9	4.082455E-11	4.082455E-11
2.000000E-1	1.656650E-9	1.656650E-9	4.218615E-11	4.218615E-11
2.100000E-1	1.724470E-9	1.724470E-9	4.391316E-11	4.391316E-11
2.200000E-1	1.798440E-9	1.798440E-9	4.579679E-11	4.579679E-11
2.300000E-1	1.866860E-9	1.866860E-9	4.753909E-11	4.753909E-11
2.400000E-1	1.936700E-9	1.936700E-9	4.931754E-11	4.931754E-11
2.500000E-1	2.003210E-9	2.003210E-9	5.101120E-11	5.101120E-11
2.600000E-1	2.079650E-9	2.079650E-9	5.295773E-11	5.295773E-11
2.700000E-1	2.151500E-9	2.151500E-9	5.478737E-11	5.478737E-11
2.800000E-1	2.214480E-9	2.214480E-9	5.639114E-11	5.639114E-11
2.900000E-1	2.310310E-9	2.310310E-9	5.883142E-11	5.883142E-11
3.000000E-1	2.389300E-9	2.389300E-9	6.084288E-11	6.084288E-11
3.100000E-1	2.466920E-9	2.466920E-9	6.281945E-11	6.281945E-11
3.200000E-1	2.562680E-9	2.562680E-9	6.525796E-11	6.525796E-11
3.300000E-1	2.644160E-9	2.644160E-9	6.733282E-11	6.733282E-11
3.400000E-1	2.731090E-9	2.731090E-9	6.954647E-11	6.954647E-11
3.500000E-1	2.566130E-9	2.566130E-9	6.534581E-11	6.534581E-11
3.600000E-1	2.805290E-9	2.805290E-9	7.143596E-11	7.143596E-11
3.700000E-1	2.703470E-9	2.703470E-9	6.884314E-11	6.884314E-11
3.800000E-1	2.766040E-9	2.766040E-9	7.043646E-11	7.043646E-11
3.900000E-1	3.042110E-9	3.042110E-9	7.746651E-11	7.746651E-11
4.000000E-1	2.989960E-9	2.989960E-9	7.613853E-11	7.613853E-11
4.100000E-1	3.267660E-9	3.267660E-9	8.321008E-11	8.321008E-11
4.200000E-1	3.218160E-9	3.218160E-9	8.194958E-11	8.194958E-11
4.300000E-1	3.309040E-9	3.309040E-9	8.426381E-11	8.426381E-11
4.400000E-1	3.612400E-9	3.612400E-9	9.198879E-11	9.198879E-11
4.500000E-1	3.590870E-9	3.590870E-9	9.144054E-11	9.144054E-11
4.600000E-1	3.706150E-9	3.706150E-9	9.437611E-11	9.437611E-11
4.700000E-1	3.850310E-9	3.850310E-9	9.804711E-11	9.804711E-11
4.800000E-1	3.983990E-9	3.983990E-9	1.014512E-10	1.014512E-10
4.900000E-1	4.147240E-9	4.147240E-9	1.056084E-10	1.056084E-10
5.000000E-1	4.293050E-9	4.293050E-9	1.093214E-10	1.093214E-10
