

15:32:40	19/03/21


Ell Cont: 5,0x10,0

SMU1	V name:		V1
	I name:		I1
	Mode:		V
	Function:	VAR1
SMU2	V name:		V2
	I name:		I2
	Mode:		common
	Function:	const.
SMU3	off
SMU4	off
VMUs	off

Primary Source (VAR1):	single
	Sweep Spacing:	linear
	Start:		-0.500000
	Stop:		0.500000
	Step:		0.010000
	Compliance:	0.050000
Power Compliance OFF

Timing:		Integration Time:	medium
	Delay Time (sec):	0.000000
	Hold Time (sec):	0.000000
	Wait Time (sec):	1.000000

Secondary Source (VAR2):	OFF


   V1	   I1	Abs(I)	J (A\um²)	Abs(J)
-5.000000E-1	-1.528360E-9	1.528360E-9	-3.891928E-11	3.891928E-11
-4.900000E-1	-5.264200E-10	5.264200E-10	-1.340514E-11	1.340514E-11
-4.800000E-1	1.297500E-10	1.297500E-10	3.304049E-12	3.304049E-12
-4.700000E-1	5.521700E-10	5.521700E-10	1.406086E-11	1.406086E-11
-4.600000E-1	8.342700E-10	8.342700E-10	2.124446E-11	2.124446E-11
-4.500000E-1	1.018370E-9	1.018370E-9	2.593252E-11	2.593252E-11
-4.400000E-1	1.136160E-9	1.136160E-9	2.893201E-11	2.893201E-11
-4.300000E-1	1.273760E-9	1.273760E-9	3.243596E-11	3.243596E-11
-4.200000E-1	1.346920E-9	1.346920E-9	3.429896E-11	3.429896E-11
-4.100000E-1	1.474930E-9	1.474930E-9	3.755870E-11	3.755870E-11
-4.000000E-1	1.564570E-9	1.564570E-9	3.984135E-11	3.984135E-11
-3.900000E-1	1.632290E-9	1.632290E-9	4.156583E-11	4.156583E-11
-3.800000E-1	1.712480E-9	1.712480E-9	4.360784E-11	4.360784E-11
-3.700000E-1	1.779280E-9	1.779280E-9	4.530889E-11	4.530889E-11
-3.600000E-1	1.870160E-9	1.870160E-9	4.762312E-11	4.762312E-11
-3.500000E-1	1.951610E-9	1.951610E-9	4.969722E-11	4.969722E-11
-3.400000E-1	2.020690E-9	2.020690E-9	5.145633E-11	5.145633E-11
-3.300000E-1	2.101550E-9	2.101550E-9	5.351541E-11	5.351541E-11
-3.200000E-1	2.169030E-9	2.169030E-9	5.523377E-11	5.523377E-11
-3.100000E-1	2.258820E-9	2.258820E-9	5.752024E-11	5.752024E-11
-3.000000E-1	2.331670E-9	2.331670E-9	5.937535E-11	5.937535E-11
-2.900000E-1	2.415880E-9	2.415880E-9	6.151973E-11	6.151973E-11
-2.800000E-1	2.492030E-9	2.492030E-9	6.345887E-11	6.345887E-11
-2.700000E-1	2.571720E-9	2.571720E-9	6.548816E-11	6.548816E-11
-2.600000E-1	2.672610E-9	2.672610E-9	6.805729E-11	6.805729E-11
-2.500000E-1	2.739830E-9	2.739830E-9	6.976903E-11	6.976903E-11
-2.400000E-1	2.826180E-9	2.826180E-9	7.196791E-11	7.196791E-11
-2.300000E-1	2.916360E-9	2.916360E-9	7.426432E-11	7.426432E-11
-2.200000E-1	3.009450E-9	3.009450E-9	7.663483E-11	7.663483E-11
-2.100000E-1	3.101350E-9	3.101350E-9	7.897504E-11	7.897504E-11
-2.000000E-1	3.200400E-9	3.200400E-9	8.149733E-11	8.149733E-11
-1.900000E-1	3.294740E-9	3.294740E-9	8.389967E-11	8.389967E-11
-1.800000E-1	3.401350E-9	3.401350E-9	8.661446E-11	8.661446E-11
-1.700000E-1	3.504150E-9	3.504150E-9	8.923224E-11	8.923224E-11
-1.600000E-1	3.610750E-9	3.610750E-9	9.194678E-11	9.194678E-11
-1.500000E-1	3.724250E-9	3.724250E-9	9.483702E-11	9.483702E-11
-1.400000E-1	3.832130E-9	3.832130E-9	9.758416E-11	9.758416E-11
-1.300000E-1	3.956230E-9	3.956230E-9	1.007443E-10	1.007443E-10
-1.200000E-1	4.076810E-9	4.076810E-9	1.038149E-10	1.038149E-10
-1.100000E-1	4.203450E-9	4.203450E-9	1.070397E-10	1.070397E-10
-1.000000E-1	4.331750E-9	4.331750E-9	1.103068E-10	1.103068E-10
-9.000000E-2	4.463470E-9	4.463470E-9	1.136611E-10	1.136611E-10
-8.000000E-2	4.604210E-9	4.604210E-9	1.172450E-10	1.172450E-10
-7.000000E-2	4.752300E-9	4.752300E-9	1.210160E-10	1.210160E-10
-6.000000E-2	4.885950E-9	4.885950E-9	1.244194E-10	1.244194E-10
-5.000000E-2	4.835640E-9	4.835640E-9	1.231383E-10	1.231383E-10
-4.000000E-2	5.092710E-9	5.092710E-9	1.296845E-10	1.296845E-10
-3.000000E-2	5.097690E-9	5.097690E-9	1.298113E-10	1.298113E-10
-2.000000E-2	5.372570E-9	5.372570E-9	1.368111E-10	1.368111E-10
-1.000000E-2	5.385040E-9	5.385040E-9	1.371286E-10	1.371286E-10
0.000000E+0	5.666930E-9	5.666930E-9	1.443068E-10	1.443068E-10
1.000000E-2	5.699000E-9	5.699000E-9	1.451235E-10	1.451235E-10
2.000000E-2	5.834440E-9	5.834440E-9	1.485724E-10	1.485724E-10
3.000000E-2	5.966380E-9	5.966380E-9	1.519323E-10	1.519323E-10
4.000000E-2	6.112470E-9	6.112470E-9	1.556524E-10	1.556524E-10
5.000000E-2	6.263460E-9	6.263460E-9	1.594973E-10	1.594973E-10
6.000000E-2	6.413190E-9	6.413190E-9	1.633102E-10	1.633102E-10
7.000000E-2	6.577180E-9	6.577180E-9	1.674861E-10	1.674861E-10
8.000000E-2	6.754450E-9	6.754450E-9	1.720003E-10	1.720003E-10
9.000000E-2	6.895980E-9	6.895980E-9	1.756043E-10	1.756043E-10
1.000000E-1	7.055030E-9	7.055030E-9	1.796544E-10	1.796544E-10
1.100000E-1	7.215960E-9	7.215960E-9	1.837525E-10	1.837525E-10
1.200000E-1	7.392980E-9	7.392980E-9	1.882602E-10	1.882602E-10
1.300000E-1	7.561750E-9	7.561750E-9	1.925579E-10	1.925579E-10
1.400000E-1	7.740550E-9	7.740550E-9	1.971110E-10	1.971110E-10
1.500000E-1	7.905160E-9	7.905160E-9	2.013028E-10	2.013028E-10
1.600000E-1	8.077160E-9	8.077160E-9	2.056827E-10	2.056827E-10
1.700000E-1	8.247390E-9	8.247390E-9	2.100176E-10	2.100176E-10
1.800000E-1	8.429290E-9	8.429290E-9	2.146496E-10	2.146496E-10
1.900000E-1	8.604360E-9	8.604360E-9	2.191077E-10	2.191077E-10
2.000000E-1	8.772420E-9	8.772420E-9	2.233873E-10	2.233873E-10
2.100000E-1	8.956440E-9	8.956440E-9	2.280733E-10	2.280733E-10
2.200000E-1	9.129150E-9	9.129150E-9	2.324713E-10	2.324713E-10
2.300000E-1	9.349000E-9	9.349000E-9	2.380698E-10	2.380698E-10
2.400000E-1	9.946000E-9	9.946000E-9	2.532722E-10	2.532722E-10
2.500000E-1	1.026860E-8	1.026860E-8	2.614871E-10	2.614871E-10
2.600000E-1	1.056700E-8	1.056700E-8	2.690858E-10	2.690858E-10
2.700000E-1	1.086810E-8	1.086810E-8	2.767532E-10	2.767532E-10
2.800000E-1	1.115530E-8	1.115530E-8	2.840667E-10	2.840667E-10
2.900000E-1	1.146090E-8	1.146090E-8	2.918487E-10	2.918487E-10
3.000000E-1	1.176160E-8	1.176160E-8	2.995060E-10	2.995060E-10
3.100000E-1	1.208440E-8	1.208440E-8	3.077260E-10	3.077260E-10
3.200000E-1	1.240290E-8	1.240290E-8	3.158365E-10	3.158365E-10
3.300000E-1	1.272660E-8	1.272660E-8	3.240794E-10	3.240794E-10
3.400000E-1	1.306020E-8	1.306020E-8	3.325745E-10	3.325745E-10
3.500000E-1	1.340970E-8	1.340970E-8	3.414744E-10	3.414744E-10
3.600000E-1	1.375470E-8	1.375470E-8	3.502597E-10	3.502597E-10
3.700000E-1	1.412370E-8	1.412370E-8	3.596562E-10	3.596562E-10
3.800000E-1	1.450740E-8	1.450740E-8	3.694270E-10	3.694270E-10
3.900000E-1	1.489160E-8	1.489160E-8	3.792106E-10	3.792106E-10
4.000000E-1	1.525950E-8	1.525950E-8	3.885791E-10	3.885791E-10
4.100000E-1	1.564150E-8	1.564150E-8	3.983066E-10	3.983066E-10
4.200000E-1	1.604630E-8	1.604630E-8	4.086147E-10	4.086147E-10
4.300000E-1	1.643050E-8	1.643050E-8	4.183983E-10	4.183983E-10
4.400000E-1	1.685210E-8	1.685210E-8	4.291342E-10	4.291342E-10
4.500000E-1	1.721400E-8	1.721400E-8	4.383499E-10	4.383499E-10
4.600000E-1	1.763280E-8	1.763280E-8	4.490145E-10	4.490145E-10
4.700000E-1	1.805310E-8	1.805310E-8	4.597173E-10	4.597173E-10
4.800000E-1	1.848590E-8	1.848590E-8	4.707385E-10	4.707385E-10
4.900000E-1	1.893120E-8	1.893120E-8	4.820779E-10	4.820779E-10
5.000000E-1	1.935230E-8	1.935230E-8	4.928011E-10	4.928011E-10
