

14:17:39	22/03/21


Ell Cont: 5,0x10,0

SMU1	V name:		V1
	I name:		I1
	Mode:		V
	Function:	VAR1
SMU2	V name:		V2
	I name:		I2
	Mode:		common
	Function:	const.
SMU3	off
SMU4	off
VMUs	off

Primary Source (VAR1):	single
	Sweep Spacing:	linear
	Start:		-0.500000
	Stop:		0.500000
	Step:		0.010000
	Compliance:	0.050000
Power Compliance OFF

Timing:		Integration Time:	medium
	Delay Time (sec):	0.000000
	Hold Time (sec):	0.000000
	Wait Time (sec):	1.000000

Secondary Source (VAR2):	OFF


   V1	   I1	Abs(I)	J (A\µm²)	Abs(J)
-5.000000E-1	-8.185230E-7	8.185230E-7	-2.084347E-8	2.084347E-8
-4.900000E-1	-6.507820E-7	6.507820E-7	-1.657199E-8	1.657199E-8
-4.800000E-1	-6.169460E-7	6.169460E-7	-1.571036E-8	1.571036E-8
-4.700000E-1	-6.362620E-7	6.362620E-7	-1.620224E-8	1.620224E-8
-4.600000E-1	-6.125010E-7	6.125010E-7	-1.559717E-8	1.559717E-8
-4.500000E-1	-7.912440E-7	7.912440E-7	-2.014882E-8	2.014882E-8
-4.400000E-1	-7.219550E-7	7.219550E-7	-1.838439E-8	1.838439E-8
-4.300000E-1	-5.704850E-7	5.704850E-7	-1.452725E-8	1.452725E-8
-4.200000E-1	-9.916360E-7	9.916360E-7	-2.525174E-8	2.525174E-8
-4.100000E-1	-1.563490E-6	1.563490E-6	-3.981385E-8	3.981385E-8
-4.000000E-1	-1.518340E-6	1.518340E-6	-3.866412E-8	3.866412E-8
-3.900000E-1	-1.351670E-6	1.351670E-6	-3.441991E-8	3.441991E-8
-3.800000E-1	-1.283870E-6	1.283870E-6	-3.269340E-8	3.269340E-8
-3.700000E-1	-1.200130E-6	1.200130E-6	-3.056099E-8	3.056099E-8
-3.600000E-1	-1.068590E-6	1.068590E-6	-2.721136E-8	2.721136E-8
-3.500000E-1	-7.157240E-7	7.157240E-7	-1.822572E-8	1.822572E-8
-3.400000E-1	-6.905170E-7	6.905170E-7	-1.758383E-8	1.758383E-8
-3.300000E-1	-6.551500E-7	6.551500E-7	-1.668322E-8	1.668322E-8
-3.200000E-1	-6.199750E-7	6.199750E-7	-1.578750E-8	1.578750E-8
-3.100000E-1	-5.868730E-7	5.868730E-7	-1.494456E-8	1.494456E-8
-3.000000E-1	-5.556830E-7	5.556830E-7	-1.415032E-8	1.415032E-8
-2.900000E-1	-5.657220E-7	5.657220E-7	-1.440596E-8	1.440596E-8
-2.800000E-1	-5.257710E-7	5.257710E-7	-1.338862E-8	1.338862E-8
-2.700000E-1	-4.576250E-7	4.576250E-7	-1.165330E-8	1.165330E-8
-2.600000E-1	-4.769680E-7	4.769680E-7	-1.214586E-8	1.214586E-8
-2.500000E-1	-5.409320E-7	5.409320E-7	-1.377469E-8	1.377469E-8
-2.400000E-1	-4.604150E-7	4.604150E-7	-1.172434E-8	1.172434E-8
-2.300000E-1	-4.615100E-7	4.615100E-7	-1.175223E-8	1.175223E-8
-2.200000E-1	-4.611130E-7	4.611130E-7	-1.174212E-8	1.174212E-8
-2.100000E-1	-4.130600E-7	4.130600E-7	-1.051846E-8	1.051846E-8
-2.000000E-1	-4.099760E-7	4.099760E-7	-1.043993E-8	1.043993E-8
-1.900000E-1	-2.904870E-7	2.904870E-7	-7.397173E-9	7.397173E-9
-1.800000E-1	-3.697270E-7	3.697270E-7	-9.414999E-9	9.414999E-9
-1.700000E-1	-3.225500E-7	3.225500E-7	-8.213649E-9	8.213649E-9
-1.600000E-1	-3.026000E-7	3.026000E-7	-7.705628E-9	7.705628E-9
-1.500000E-1	-2.966900E-7	2.966900E-7	-7.555131E-9	7.555131E-9
-1.400000E-1	-2.470800E-7	2.470800E-7	-6.291826E-9	6.291826E-9
-1.300000E-1	-2.255890E-7	2.255890E-7	-5.744563E-9	5.744563E-9
-1.200000E-1	-2.713810E-7	2.713810E-7	-6.910644E-9	6.910644E-9
-1.100000E-1	-2.116360E-7	2.116360E-7	-5.389254E-9	5.389254E-9
-1.000000E-1	-1.520280E-7	1.520280E-7	-3.871352E-9	3.871352E-9
-9.000000E-2	-1.695440E-7	1.695440E-7	-4.317392E-9	4.317392E-9
-8.000000E-2	-1.560380E-7	1.560380E-7	-3.973466E-9	3.973466E-9
-7.000000E-2	-1.442460E-7	1.442460E-7	-3.673186E-9	3.673186E-9
-6.000000E-2	-1.198330E-7	1.198330E-7	-3.051515E-9	3.051515E-9
-5.000000E-2	-1.007127E-7	1.007127E-7	-2.564622E-9	2.564622E-9
-4.000000E-2	-8.262790E-8	8.262790E-8	-2.104097E-9	2.104097E-9
-3.000000E-2	-6.396930E-8	6.396930E-8	-1.628961E-9	1.628961E-9
-2.000000E-2	-3.914250E-8	3.914250E-8	-9.967532E-10	9.967532E-10
-1.000000E-2	-2.019230E-8	2.019230E-8	-5.141915E-10	5.141915E-10
0.000000E+0	2.067600E-10	2.067600E-10	5.265088E-12	5.265088E-12
1.000000E-2	2.038790E-8	2.038790E-8	5.191724E-10	5.191724E-10
2.000000E-2	4.057830E-8	4.057830E-8	1.033315E-9	1.033315E-9
3.000000E-2	6.265220E-8	6.265220E-8	1.595421E-9	1.595421E-9
4.000000E-2	7.477250E-8	7.477250E-8	1.904062E-9	1.904062E-9
5.000000E-2	1.052660E-7	1.052660E-7	2.680570E-9	2.680570E-9
6.000000E-2	1.356130E-7	1.356130E-7	3.453349E-9	3.453349E-9
7.000000E-2	1.462800E-7	1.462800E-7	3.724981E-9	3.724981E-9
8.000000E-2	1.681920E-7	1.681920E-7	4.282964E-9	4.282964E-9
9.000000E-2	1.258290E-7	1.258290E-7	3.204202E-9	3.204202E-9
1.000000E-1	1.366890E-7	1.366890E-7	3.480749E-9	3.480749E-9
1.100000E-1	1.508160E-7	1.508160E-7	3.840489E-9	3.840489E-9
1.200000E-1	1.836340E-7	1.836340E-7	4.676190E-9	4.676190E-9
1.300000E-1	1.753210E-7	1.753210E-7	4.464502E-9	4.464502E-9
1.400000E-1	2.247170E-7	2.247170E-7	5.722358E-9	5.722358E-9
1.500000E-1	2.367020E-7	2.367020E-7	6.027553E-9	6.027553E-9
1.600000E-1	2.228550E-7	2.228550E-7	5.674943E-9	5.674943E-9
1.700000E-1	2.653550E-7	2.653550E-7	6.757194E-9	6.757194E-9
1.800000E-1	2.541640E-7	2.541640E-7	6.472218E-9	6.472218E-9
1.900000E-1	2.978430E-7	2.978430E-7	7.584492E-9	7.584492E-9
2.000000E-1	3.301480E-7	3.301480E-7	8.407130E-9	8.407130E-9
2.100000E-1	3.009560E-7	3.009560E-7	7.663764E-9	7.663764E-9
2.200000E-1	3.161050E-7	3.161050E-7	8.049529E-9	8.049529E-9
2.300000E-1	3.328830E-7	3.328830E-7	8.476776E-9	8.476776E-9
2.400000E-1	3.498220E-7	3.498220E-7	8.908123E-9	8.908123E-9
2.500000E-1	3.660460E-7	3.660460E-7	9.321263E-9	9.321263E-9
2.600000E-1	4.354690E-7	4.354690E-7	1.108910E-8	1.108910E-8
2.700000E-1	3.811840E-7	3.811840E-7	9.706748E-9	9.706748E-9
2.800000E-1	4.230280E-7	4.230280E-7	1.077229E-8	1.077229E-8
2.900000E-1	4.307890E-7	4.307890E-7	1.096993E-8	1.096993E-8
3.000000E-1	4.538770E-7	4.538770E-7	1.155786E-8	1.155786E-8
3.100000E-1	4.776240E-7	4.776240E-7	1.216257E-8	1.216257E-8
3.200000E-1	4.886890E-7	4.886890E-7	1.244433E-8	1.244433E-8
3.300000E-1	5.140080E-7	5.140080E-7	1.308908E-8	1.308908E-8
3.400000E-1	5.294020E-7	5.294020E-7	1.348108E-8	1.348108E-8
3.500000E-1	5.514760E-7	5.514760E-7	1.404319E-8	1.404319E-8
3.600000E-1	5.773630E-7	5.773630E-7	1.470239E-8	1.470239E-8
3.700000E-1	5.895830E-7	5.895830E-7	1.501357E-8	1.501357E-8
3.800000E-1	6.078880E-7	6.078880E-7	1.547970E-8	1.547970E-8
3.900000E-1	6.246710E-7	6.246710E-7	1.590708E-8	1.590708E-8
4.000000E-1	6.313170E-7	6.313170E-7	1.607632E-8	1.607632E-8
4.100000E-1	6.589220E-7	6.589220E-7	1.677927E-8	1.677927E-8
4.200000E-1	6.847870E-7	6.847870E-7	1.743792E-8	1.743792E-8
4.300000E-1	7.287360E-7	7.287360E-7	1.855707E-8	1.855707E-8
4.400000E-1	7.412630E-7	7.412630E-7	1.887606E-8	1.887606E-8
4.500000E-1	7.483400E-7	7.483400E-7	1.905628E-8	1.905628E-8
4.600000E-1	7.672300E-7	7.672300E-7	1.953731E-8	1.953731E-8
4.700000E-1	7.783210E-7	7.783210E-7	1.981973E-8	1.981973E-8
4.800000E-1	8.067730E-7	8.067730E-7	2.054426E-8	2.054426E-8
4.900000E-1	7.997990E-7	7.997990E-7	2.036667E-8	2.036667E-8
5.000000E-1	9.715060E-7	9.715060E-7	2.473914E-8	2.473914E-8
