

14:25:27	22/03/21


Ell Cont: 5,0x10,0

SMU1	V name:		V1
	I name:		I1
	Mode:		V
	Function:	VAR1
SMU2	V name:		V2
	I name:		I2
	Mode:		common
	Function:	const.
SMU3	off
SMU4	off
VMUs	off

Primary Source (VAR1):	single
	Sweep Spacing:	linear
	Start:		-0.500000
	Stop:		0.500000
	Step:		0.010000
	Compliance:	0.050000
Power Compliance OFF

Timing:		Integration Time:	medium
	Delay Time (sec):	0.000000
	Hold Time (sec):	0.000000
	Wait Time (sec):	1.000000

Secondary Source (VAR2):	OFF


   V1	   I1	Abs(I)	J (A\µm²)	Abs(J)
-5.000000E-1	-1.246840E-7	1.246840E-7	-3.175045E-9	3.175045E-9
-4.900000E-1	-1.180240E-7	1.180240E-7	-3.005449E-9	3.005449E-9
-4.800000E-1	-1.127620E-7	1.127620E-7	-2.871454E-9	2.871454E-9
-4.700000E-1	-1.081210E-7	1.081210E-7	-2.753272E-9	2.753272E-9
-4.600000E-1	-1.039795E-7	1.039795E-7	-2.647810E-9	2.647810E-9
-4.500000E-1	-9.916110E-8	9.916110E-8	-2.525111E-9	2.525111E-9
-4.400000E-1	-9.485320E-8	9.485320E-8	-2.415411E-9	2.415411E-9
-4.300000E-1	-9.077190E-8	9.077190E-8	-2.311482E-9	2.311482E-9
-4.200000E-1	-8.676550E-8	8.676550E-8	-2.209460E-9	2.209460E-9
-4.100000E-1	-8.283330E-8	8.283330E-8	-2.109328E-9	2.109328E-9
-4.000000E-1	-7.918180E-8	7.918180E-8	-2.016343E-9	2.016343E-9
-3.900000E-1	-7.535570E-8	7.535570E-8	-1.918913E-9	1.918913E-9
-3.800000E-1	-7.171590E-8	7.171590E-8	-1.826226E-9	1.826226E-9
-3.700000E-1	-6.815790E-8	6.815790E-8	-1.735623E-9	1.735623E-9
-3.600000E-1	-6.488240E-8	6.488240E-8	-1.652213E-9	1.652213E-9
-3.500000E-1	-6.145630E-8	6.145630E-8	-1.564968E-9	1.564968E-9
-3.400000E-1	-5.819360E-8	5.819360E-8	-1.481884E-9	1.481884E-9
-3.300000E-1	-5.494230E-8	5.494230E-8	-1.399091E-9	1.399091E-9
-3.200000E-1	-5.192470E-8	5.192470E-8	-1.322249E-9	1.322249E-9
-3.100000E-1	-4.893920E-8	4.893920E-8	-1.246224E-9	1.246224E-9
-3.000000E-1	-4.607000E-8	4.607000E-8	-1.173160E-9	1.173160E-9
-2.900000E-1	-4.330790E-8	4.330790E-8	-1.102824E-9	1.102824E-9
-2.800000E-1	-4.049300E-8	4.049300E-8	-1.031143E-9	1.031143E-9
-2.700000E-1	-3.796730E-8	3.796730E-8	-9.668271E-10	9.668271E-10
-2.600000E-1	-3.540540E-8	3.540540E-8	-9.015890E-10	9.015890E-10
-2.500000E-1	-3.306620E-8	3.306620E-8	-8.420219E-10	8.420219E-10
-2.400000E-1	-3.063330E-8	3.063330E-8	-7.800687E-10	7.800687E-10
-2.300000E-1	-2.840900E-8	2.840900E-8	-7.234275E-10	7.234275E-10
-2.200000E-1	-2.619080E-8	2.619080E-8	-6.669417E-10	6.669417E-10
-2.100000E-1	-2.412070E-8	2.412070E-8	-6.142271E-10	6.142271E-10
-2.000000E-1	-2.208240E-8	2.208240E-8	-5.623224E-10	5.623224E-10
-1.900000E-1	-2.020840E-8	2.020840E-8	-5.146015E-10	5.146015E-10
-1.800000E-1	-1.835480E-8	1.835480E-8	-4.674000E-10	4.674000E-10
-1.700000E-1	-1.666250E-8	1.666250E-8	-4.243061E-10	4.243061E-10
-1.600000E-1	-1.500610E-8	1.500610E-8	-3.821263E-10	3.821263E-10
-1.500000E-1	-1.365160E-8	1.365160E-8	-3.476343E-10	3.476343E-10
-1.400000E-1	-1.218660E-8	1.218660E-8	-3.103285E-10	3.103285E-10
-1.300000E-1	-1.090010E-8	1.090010E-8	-2.775681E-10	2.775681E-10
-1.200000E-1	-9.837300E-9	9.837300E-9	-2.505042E-10	2.505042E-10
-1.100000E-1	-8.346200E-9	8.346200E-9	-2.125337E-10	2.125337E-10
-1.000000E-1	-6.649200E-9	6.649200E-9	-1.693201E-10	1.693201E-10
-9.000000E-2	-5.918800E-9	5.918800E-9	-1.507207E-10	1.507207E-10
-8.000000E-2	-4.841300E-9	4.841300E-9	-1.232824E-10	1.232824E-10
-7.000000E-2	-4.070700E-9	4.070700E-9	-1.036593E-10	1.036593E-10
-6.000000E-2	-3.856820E-9	3.856820E-9	-9.821288E-11	9.821288E-11
-5.000000E-2	-3.166740E-9	3.166740E-9	-8.064018E-11	8.064018E-11
-4.000000E-2	-2.434440E-9	2.434440E-9	-6.199236E-11	6.199236E-11
-3.000000E-2	-1.745030E-9	1.745030E-9	-4.443672E-11	4.443672E-11
-2.000000E-2	-1.056120E-9	1.056120E-9	-2.689381E-11	2.689381E-11
-1.000000E-2	-4.169900E-10	4.169900E-10	-1.061854E-11	1.061854E-11
0.000000E+0	2.428600E-10	2.428600E-10	6.184365E-12	6.184365E-12
1.000000E-2	9.173800E-10	9.173800E-10	2.336083E-11	2.336083E-11
2.000000E-2	1.606520E-9	1.606520E-9	4.090960E-11	4.090960E-11
3.000000E-2	2.308590E-9	2.308590E-9	5.878762E-11	5.878762E-11
4.000000E-2	3.021740E-9	3.021740E-9	7.694780E-11	7.694780E-11
5.000000E-2	3.785270E-9	3.785270E-9	9.639088E-11	9.639088E-11
6.000000E-2	4.605180E-9	4.605180E-9	1.172697E-10	1.172697E-10
7.000000E-2	5.468960E-9	5.468960E-9	1.392656E-10	1.392656E-10
8.000000E-2	6.368490E-9	6.368490E-9	1.621719E-10	1.621719E-10
9.000000E-2	7.347750E-9	7.347750E-9	1.871085E-10	1.871085E-10
1.000000E-1	8.395600E-9	8.395600E-9	2.137917E-10	2.137917E-10
1.100000E-1	9.518200E-9	9.518200E-9	2.423784E-10	2.423784E-10
1.200000E-1	1.143940E-8	1.143940E-8	2.913012E-10	2.913012E-10
1.300000E-1	1.281100E-8	1.281100E-8	3.262287E-10	3.262287E-10
1.400000E-1	1.422880E-8	1.422880E-8	3.623326E-10	3.623326E-10
1.500000E-1	1.567900E-8	1.567900E-8	3.992615E-10	3.992615E-10
1.600000E-1	1.723400E-8	1.723400E-8	4.388592E-10	4.388592E-10
1.700000E-1	1.887690E-8	1.887690E-8	4.806952E-10	4.806952E-10
1.800000E-1	2.065110E-8	2.065110E-8	5.258747E-10	5.258747E-10
1.900000E-1	2.245700E-8	2.245700E-8	5.718615E-10	5.718615E-10
2.000000E-1	2.434130E-8	2.434130E-8	6.198447E-10	6.198447E-10
2.100000E-1	2.633790E-8	2.633790E-8	6.706875E-10	6.706875E-10
2.200000E-1	2.839450E-8	2.839450E-8	7.230583E-10	7.230583E-10
2.300000E-1	3.059790E-8	3.059790E-8	7.791673E-10	7.791673E-10
2.400000E-1	3.234510E-8	3.234510E-8	8.236593E-10	8.236593E-10
2.500000E-1	3.442140E-8	3.442140E-8	8.765317E-10	8.765317E-10
2.600000E-1	3.671480E-8	3.671480E-8	9.349325E-10	9.349325E-10
2.700000E-1	3.932000E-8	3.932000E-8	1.001273E-9	1.001273E-9
2.800000E-1	4.184750E-8	4.184750E-8	1.065635E-9	1.065635E-9
2.900000E-1	4.464500E-8	4.464500E-8	1.136873E-9	1.136873E-9
3.000000E-1	4.771050E-8	4.771050E-8	1.214935E-9	1.214935E-9
3.100000E-1	5.087640E-8	5.087640E-8	1.295554E-9	1.295554E-9
3.200000E-1	5.402830E-8	5.402830E-8	1.375816E-9	1.375816E-9
3.300000E-1	5.713060E-8	5.713060E-8	1.454815E-9	1.454815E-9
3.400000E-1	6.017440E-8	6.017440E-8	1.532325E-9	1.532325E-9
3.500000E-1	6.296830E-8	6.296830E-8	1.603471E-9	1.603471E-9
3.600000E-1	6.623550E-8	6.623550E-8	1.686669E-9	1.686669E-9
3.700000E-1	6.971010E-8	6.971010E-8	1.775149E-9	1.775149E-9
3.800000E-1	7.320350E-8	7.320350E-8	1.864107E-9	1.864107E-9
3.900000E-1	7.675530E-8	7.675530E-8	1.954553E-9	1.954553E-9
4.000000E-1	8.075090E-8	8.075090E-8	2.056300E-9	2.056300E-9
4.100000E-1	8.448950E-8	8.448950E-8	2.151502E-9	2.151502E-9
4.200000E-1	8.862510E-8	8.862510E-8	2.256814E-9	2.256814E-9
4.300000E-1	9.291660E-8	9.291660E-8	2.366096E-9	2.366096E-9
4.400000E-1	9.745660E-8	9.745660E-8	2.481706E-9	2.481706E-9
4.500000E-1	1.017820E-7	1.017820E-7	2.591851E-9	2.591851E-9
4.600000E-1	1.068730E-7	1.068730E-7	2.721492E-9	2.721492E-9
4.700000E-1	1.115770E-7	1.115770E-7	2.841278E-9	2.841278E-9
4.800000E-1	1.161790E-7	1.161790E-7	2.958467E-9	2.958467E-9
4.900000E-1	1.211960E-7	1.211960E-7	3.086224E-9	3.086224E-9
5.000000E-1	1.263390E-7	1.263390E-7	3.217189E-9	3.217189E-9
