

14:24:23	22/03/21


Ell Cont: 5,0x10,0

SMU1	V name:		V1
	I name:		I1
	Mode:		V
	Function:	VAR1
SMU2	V name:		V2
	I name:		I2
	Mode:		common
	Function:	const.
SMU3	off
SMU4	off
VMUs	off

Primary Source (VAR1):	single
	Sweep Spacing:	linear
	Start:		-0.500000
	Stop:		0.500000
	Step:		0.010000
	Compliance:	0.050000
Power Compliance OFF

Timing:		Integration Time:	medium
	Delay Time (sec):	0.000000
	Hold Time (sec):	0.000000
	Wait Time (sec):	1.000000

Secondary Source (VAR2):	OFF


   V1	   I1	Abs(I)	J (A\um²)	Abs(J)
-5.000000E-1	-5.558560E-7	5.558560E-7	-1.415472E-8	1.415472E-8
-4.900000E-1	-5.335240E-7	5.335240E-7	-1.358605E-8	1.358605E-8
-4.800000E-1	-5.120640E-7	5.120640E-7	-1.303957E-8	1.303957E-8
-4.700000E-1	-4.923480E-7	4.923480E-7	-1.253751E-8	1.253751E-8
-4.600000E-1	-4.738710E-7	4.738710E-7	-1.206700E-8	1.206700E-8
-4.500000E-1	-4.541220E-7	4.541220E-7	-1.156409E-8	1.156409E-8
-4.400000E-1	-4.375330E-7	4.375330E-7	-1.114166E-8	1.114166E-8
-4.300000E-1	-4.189120E-7	4.189120E-7	-1.066748E-8	1.066748E-8
-4.200000E-1	-4.006780E-7	4.006780E-7	-1.020316E-8	1.020316E-8
-4.100000E-1	-3.830850E-7	3.830850E-7	-9.755156E-9	9.755156E-9
-4.000000E-1	-3.665670E-7	3.665670E-7	-9.334530E-9	9.334530E-9
-3.900000E-1	-3.492780E-7	3.492780E-7	-8.894270E-9	8.894270E-9
-3.800000E-1	-3.334980E-7	3.334980E-7	-8.492437E-9	8.492437E-9
-3.700000E-1	-3.181650E-7	3.181650E-7	-8.101986E-9	8.101986E-9
-3.600000E-1	-3.025030E-7	3.025030E-7	-7.703158E-9	7.703158E-9
-3.500000E-1	-2.880050E-7	2.880050E-7	-7.333970E-9	7.333970E-9
-3.400000E-1	-2.734560E-7	2.734560E-7	-6.963483E-9	6.963483E-9
-3.300000E-1	-2.592970E-7	2.592970E-7	-6.602928E-9	6.602928E-9
-3.200000E-1	-2.454420E-7	2.454420E-7	-6.250115E-9	6.250115E-9
-3.100000E-1	-2.318710E-7	2.318710E-7	-5.904533E-9	5.904533E-9
-3.000000E-1	-2.193040E-7	2.193040E-7	-5.584517E-9	5.584517E-9
-2.900000E-1	-2.064110E-7	2.064110E-7	-5.256201E-9	5.256201E-9
-2.800000E-1	-1.937340E-7	1.937340E-7	-4.933384E-9	4.933384E-9
-2.700000E-1	-1.817020E-7	1.817020E-7	-4.626993E-9	4.626993E-9
-2.600000E-1	-1.700400E-7	1.700400E-7	-4.330023E-9	4.330023E-9
-2.500000E-1	-1.592580E-7	1.592580E-7	-4.055462E-9	4.055462E-9
-2.400000E-1	-1.483330E-7	1.483330E-7	-3.777260E-9	3.777260E-9
-2.300000E-1	-1.379520E-7	1.379520E-7	-3.512911E-9	3.512911E-9
-2.200000E-1	-1.278860E-7	1.278860E-7	-3.256583E-9	3.256583E-9
-2.100000E-1	-1.179210E-7	1.179210E-7	-3.002827E-9	3.002827E-9
-2.000000E-1	-1.086560E-7	1.086560E-7	-2.766896E-9	2.766896E-9
-1.900000E-1	-1.003443E-7	1.003443E-7	-2.555241E-9	2.555241E-9
-1.800000E-1	-9.120040E-8	9.120040E-8	-2.322394E-9	2.322394E-9
-1.700000E-1	-8.330610E-8	8.330610E-8	-2.121367E-9	2.121367E-9
-1.600000E-1	-7.564060E-8	7.564060E-8	-1.926168E-9	1.926168E-9
-1.500000E-1	-6.854920E-8	6.854920E-8	-1.745587E-9	1.745587E-9
-1.400000E-1	-6.156820E-8	6.156820E-8	-1.567818E-9	1.567818E-9
-1.300000E-1	-5.491800E-8	5.491800E-8	-1.398472E-9	1.398472E-9
-1.200000E-1	-4.887370E-8	4.887370E-8	-1.244556E-9	1.244556E-9
-1.100000E-1	-4.311880E-8	4.311880E-8	-1.098009E-9	1.098009E-9
-1.000000E-1	-3.779210E-8	3.779210E-8	-9.623657E-10	9.623657E-10
-9.000000E-2	-3.273550E-8	3.273550E-8	-8.336007E-10	8.336007E-10
-8.000000E-2	-2.800700E-8	2.800700E-8	-7.131907E-10	7.131907E-10
-7.000000E-2	-2.354880E-8	2.354880E-8	-5.996639E-10	5.996639E-10
-6.000000E-2	-1.946950E-8	1.946950E-8	-4.957856E-10	4.957856E-10
-5.000000E-2	-1.559860E-8	1.559860E-8	-3.972142E-10	3.972142E-10
-4.000000E-2	-1.225500E-8	1.225500E-8	-3.120703E-10	3.120703E-10
-3.000000E-2	-9.196360E-9	9.196360E-9	-2.341828E-10	2.341828E-10
-2.000000E-2	-6.069780E-9	6.069780E-9	-1.545653E-10	1.545653E-10
-1.000000E-2	-2.849330E-9	2.849330E-9	-7.255742E-11	7.255742E-11
0.000000E+0	3.036300E-10	3.036300E-10	7.731856E-12	7.731856E-12
1.000000E-2	3.530500E-9	3.530500E-9	8.990323E-11	8.990323E-11
2.000000E-2	6.758570E-9	6.758570E-9	1.721052E-10	1.721052E-10
3.000000E-2	1.014400E-8	1.014400E-8	2.583142E-10	2.583142E-10
4.000000E-2	1.437800E-8	1.437800E-8	3.661319E-10	3.661319E-10
5.000000E-2	1.812440E-8	1.812440E-8	4.615330E-10	4.615330E-10
6.000000E-2	2.143170E-8	2.143170E-8	5.457525E-10	5.457525E-10
7.000000E-2	2.531340E-8	2.531340E-8	6.445989E-10	6.445989E-10
8.000000E-2	2.973400E-8	2.973400E-8	7.571683E-10	7.571683E-10
9.000000E-2	3.434800E-8	3.434800E-8	8.746626E-10	8.746626E-10
1.000000E-1	3.931330E-8	3.931330E-8	1.001103E-9	1.001103E-9
1.100000E-1	4.457790E-8	4.457790E-8	1.135164E-9	1.135164E-9
1.200000E-1	5.035060E-8	5.035060E-8	1.282164E-9	1.282164E-9
1.300000E-1	5.636450E-8	5.636450E-8	1.435307E-9	1.435307E-9
1.400000E-1	6.288170E-8	6.288170E-8	1.601266E-9	1.601266E-9
1.500000E-1	6.996410E-8	6.996410E-8	1.781617E-9	1.781617E-9
1.600000E-1	7.748050E-8	7.748050E-8	1.973020E-9	1.973020E-9
1.700000E-1	8.490260E-8	8.490260E-8	2.162022E-9	2.162022E-9
1.800000E-1	9.292560E-8	9.292560E-8	2.366325E-9	2.366325E-9
1.900000E-1	1.013570E-7	1.013570E-7	2.581029E-9	2.581029E-9
2.000000E-1	1.109550E-7	1.109550E-7	2.825439E-9	2.825439E-9
2.100000E-1	1.202910E-7	1.202910E-7	3.063178E-9	3.063178E-9
2.200000E-1	1.300150E-7	1.300150E-7	3.310797E-9	3.310797E-9
2.300000E-1	1.399240E-7	1.399240E-7	3.563127E-9	3.563127E-9
2.400000E-1	1.505160E-7	1.505160E-7	3.832849E-9	3.832849E-9
2.500000E-1	1.610150E-7	1.610150E-7	4.100204E-9	4.100204E-9
2.600000E-1	1.720520E-7	1.720520E-7	4.381258E-9	4.381258E-9
2.700000E-1	1.837090E-7	1.837090E-7	4.678100E-9	4.678100E-9
2.800000E-1	1.954120E-7	1.954120E-7	4.976114E-9	4.976114E-9
2.900000E-1	2.067570E-7	2.067570E-7	5.265011E-9	5.265011E-9
3.000000E-1	2.193180E-7	2.193180E-7	5.584874E-9	5.584874E-9
3.100000E-1	2.323690E-7	2.323690E-7	5.917214E-9	5.917214E-9
3.200000E-1	2.456930E-7	2.456930E-7	6.256506E-9	6.256506E-9
3.300000E-1	2.593240E-7	2.593240E-7	6.603616E-9	6.603616E-9
3.400000E-1	2.730100E-7	2.730100E-7	6.952126E-9	6.952126E-9
3.500000E-1	2.873690E-7	2.873690E-7	7.317774E-9	7.317774E-9
3.600000E-1	3.025410E-7	3.025410E-7	7.704125E-9	7.704125E-9
3.700000E-1	3.170030E-7	3.170030E-7	8.072396E-9	8.072396E-9
3.800000E-1	3.328270E-7	3.328270E-7	8.475350E-9	8.475350E-9
3.900000E-1	3.483530E-7	3.483530E-7	8.870715E-9	8.870715E-9
4.000000E-1	3.652140E-7	3.652140E-7	9.300076E-9	9.300076E-9
4.100000E-1	3.817350E-7	3.817350E-7	9.720779E-9	9.720779E-9
4.200000E-1	3.993040E-7	3.993040E-7	1.016817E-8	1.016817E-8
4.300000E-1	4.167960E-7	4.167960E-7	1.061360E-8	1.061360E-8
4.400000E-1	4.347430E-7	4.347430E-7	1.107061E-8	1.107061E-8
4.500000E-1	4.524450E-7	4.524450E-7	1.152139E-8	1.152139E-8
4.600000E-1	4.707510E-7	4.707510E-7	1.198755E-8	1.198755E-8
4.700000E-1	4.897170E-7	4.897170E-7	1.247051E-8	1.247051E-8
4.800000E-1	5.093860E-7	5.093860E-7	1.297138E-8	1.297138E-8
4.900000E-1	5.287910E-7	5.287910E-7	1.346552E-8	1.346552E-8
5.000000E-1	5.486300E-7	5.486300E-7	1.397072E-8	1.397072E-8
