

14:26:48	22/03/21


Ell Cont: 5,0x10,0

SMU1	V name:		V1
	I name:		I1
	Mode:		V
	Function:	VAR1
SMU2	V name:		V2
	I name:		I2
	Mode:		common
	Function:	const.
SMU3	off
SMU4	off
VMUs	off

Primary Source (VAR1):	single
	Sweep Spacing:	linear
	Start:		-0.500000
	Stop:		0.500000
	Step:		0.010000
	Compliance:	0.050000
Power Compliance OFF

Timing:		Integration Time:	medium
	Delay Time (sec):	0.000000
	Hold Time (sec):	0.000000
	Wait Time (sec):	1.000000

Secondary Source (VAR2):	OFF


   V1	   I1	Abs(I)	J (A\um²)	Abs(J)
-5.000000E-1	-1.817910E-6	1.817910E-6	-4.629259E-8	4.629259E-8
-4.900000E-1	-1.742270E-6	1.742270E-6	-4.436644E-8	4.436644E-8
-4.800000E-1	-1.684750E-6	1.684750E-6	-4.290171E-8	4.290171E-8
-4.700000E-1	-1.624070E-6	1.624070E-6	-4.135651E-8	4.135651E-8
-4.600000E-1	-1.568920E-6	1.568920E-6	-3.995213E-8	3.995213E-8
-4.500000E-1	-1.507990E-6	1.507990E-6	-3.840056E-8	3.840056E-8
-4.400000E-1	-1.450300E-6	1.450300E-6	-3.693150E-8	3.693150E-8
-4.300000E-1	-1.394050E-6	1.394050E-6	-3.549911E-8	3.549911E-8
-4.200000E-1	-1.342260E-6	1.342260E-6	-3.418029E-8	3.418029E-8
-4.100000E-1	-1.286260E-6	1.286260E-6	-3.275426E-8	3.275426E-8
-4.000000E-1	-1.235460E-6	1.235460E-6	-3.146066E-8	3.146066E-8
-3.900000E-1	-1.186710E-6	1.186710E-6	-3.021925E-8	3.021925E-8
-3.800000E-1	-1.130770E-6	1.130770E-6	-2.879475E-8	2.879475E-8
-3.700000E-1	-1.081370E-6	1.081370E-6	-2.753680E-8	2.753680E-8
-3.600000E-1	-1.033650E-6	1.033650E-6	-2.632162E-8	2.632162E-8
-3.500000E-1	-9.905740E-7	9.905740E-7	-2.522470E-8	2.522470E-8
-3.400000E-1	-9.426700E-7	9.426700E-7	-2.400484E-8	2.400484E-8
-3.300000E-1	-8.939260E-7	8.939260E-7	-2.276359E-8	2.276359E-8
-3.200000E-1	-8.534310E-7	8.534310E-7	-2.173239E-8	2.173239E-8
-3.100000E-1	-8.099770E-7	8.099770E-7	-2.062585E-8	2.062585E-8
-3.000000E-1	-7.666610E-7	7.666610E-7	-1.952282E-8	1.952282E-8
-2.900000E-1	-7.231830E-7	7.231830E-7	-1.841566E-8	1.841566E-8
-2.800000E-1	-6.824720E-7	6.824720E-7	-1.737897E-8	1.737897E-8
-2.700000E-1	-6.434700E-7	6.434700E-7	-1.638579E-8	1.638579E-8
-2.600000E-1	-6.045920E-7	6.045920E-7	-1.539577E-8	1.539577E-8
-2.500000E-1	-5.672270E-7	5.672270E-7	-1.444428E-8	1.444428E-8
-2.400000E-1	-5.310260E-7	5.310260E-7	-1.352243E-8	1.352243E-8
-2.300000E-1	-4.956090E-7	4.956090E-7	-1.262055E-8	1.262055E-8
-2.200000E-1	-4.606050E-7	4.606050E-7	-1.172918E-8	1.172918E-8
-2.100000E-1	-4.282710E-7	4.282710E-7	-1.090581E-8	1.090581E-8
-2.000000E-1	-3.973090E-7	3.973090E-7	-1.011737E-8	1.011737E-8
-1.900000E-1	-3.667190E-7	3.667190E-7	-9.338401E-9	9.338401E-9
-1.800000E-1	-3.370260E-7	3.370260E-7	-8.582276E-9	8.582276E-9
-1.700000E-1	-3.092520E-7	3.092520E-7	-7.875019E-9	7.875019E-9
-1.600000E-1	-2.821610E-7	2.821610E-7	-7.185154E-9	7.185154E-9
-1.500000E-1	-2.558110E-7	2.558110E-7	-6.514158E-9	6.514158E-9
-1.400000E-1	-2.311320E-7	2.311320E-7	-5.885714E-9	5.885714E-9
-1.300000E-1	-2.082230E-7	2.082230E-7	-5.302343E-9	5.302343E-9
-1.200000E-1	-1.861100E-7	1.861100E-7	-4.739241E-9	4.739241E-9
-1.100000E-1	-1.648070E-7	1.648070E-7	-4.196766E-9	4.196766E-9
-1.000000E-1	-1.449690E-7	1.449690E-7	-3.691597E-9	3.691597E-9
-9.000000E-2	-1.265650E-7	1.265650E-7	-3.222944E-9	3.222944E-9
-8.000000E-2	-1.092930E-7	1.092930E-7	-2.783117E-9	2.783117E-9
-7.000000E-2	-9.355320E-8	9.355320E-8	-2.382307E-9	2.382307E-9
-6.000000E-2	-7.750620E-8	7.750620E-8	-1.973675E-9	1.973675E-9
-5.000000E-2	-6.293430E-8	6.293430E-8	-1.602605E-9	1.602605E-9
-4.000000E-2	-4.909020E-8	4.909020E-8	-1.250069E-9	1.250069E-9
-3.000000E-2	-3.569020E-8	3.569020E-8	-9.088413E-10	9.088413E-10
-2.000000E-2	-2.294120E-8	2.294120E-8	-5.841915E-10	5.841915E-10
-1.000000E-2	-1.102110E-8	1.102110E-8	-2.806493E-10	2.806493E-10
0.000000E+0	7.325200E-10	7.325200E-10	1.865342E-11	1.865342E-11
1.000000E-2	1.276650E-8	1.276650E-8	3.250955E-10	3.250955E-10
2.000000E-2	2.524870E-8	2.524870E-8	6.429514E-10	6.429514E-10
3.000000E-2	3.807250E-8	3.807250E-8	9.695060E-10	9.695060E-10
4.000000E-2	5.117780E-8	5.117780E-8	1.303229E-9	1.303229E-9
5.000000E-2	6.499890E-8	6.499890E-8	1.655180E-9	1.655180E-9
6.000000E-2	7.949360E-8	7.949360E-8	2.024283E-9	2.024283E-9
7.000000E-2	9.491170E-8	9.491170E-8	2.416901E-9	2.416901E-9
8.000000E-2	1.113530E-7	1.113530E-7	2.835574E-9	2.835574E-9
9.000000E-2	1.299150E-7	1.299150E-7	3.308251E-9	3.308251E-9
1.000000E-1	1.480690E-7	1.480690E-7	3.770537E-9	3.770537E-9
1.100000E-1	1.677560E-7	1.677560E-7	4.271861E-9	4.271861E-9
1.200000E-1	1.885160E-7	1.885160E-7	4.800509E-9	4.800509E-9
1.300000E-1	2.103240E-7	2.103240E-7	5.355844E-9	5.355844E-9
1.400000E-1	2.335110E-7	2.335110E-7	5.946295E-9	5.946295E-9
1.500000E-1	2.576290E-7	2.576290E-7	6.560453E-9	6.560453E-9
1.600000E-1	2.843580E-7	2.843580E-7	7.241100E-9	7.241100E-9
1.700000E-1	3.114760E-7	3.114760E-7	7.931653E-9	7.931653E-9
1.800000E-1	3.395260E-7	3.395260E-7	8.645938E-9	8.645938E-9
1.900000E-1	3.680830E-7	3.680830E-7	9.373135E-9	9.373135E-9
2.000000E-1	3.993290E-7	3.993290E-7	1.016881E-8	1.016881E-8
2.100000E-1	4.306810E-7	4.306810E-7	1.096718E-8	1.096718E-8
2.200000E-1	4.639130E-7	4.639130E-7	1.181342E-8	1.181342E-8
2.300000E-1	4.970260E-7	4.970260E-7	1.265663E-8	1.265663E-8
2.400000E-1	5.340110E-7	5.340110E-7	1.359845E-8	1.359845E-8
2.500000E-1	5.681260E-7	5.681260E-7	1.446718E-8	1.446718E-8
2.600000E-1	6.076180E-7	6.076180E-7	1.547283E-8	1.547283E-8
2.700000E-1	6.456180E-7	6.456180E-7	1.644049E-8	1.644049E-8
2.800000E-1	6.843890E-7	6.843890E-7	1.742778E-8	1.742778E-8
2.900000E-1	7.259300E-7	7.259300E-7	1.848561E-8	1.848561E-8
3.000000E-1	7.677340E-7	7.677340E-7	1.955014E-8	1.955014E-8
3.100000E-1	8.110990E-7	8.110990E-7	2.065442E-8	2.065442E-8
3.200000E-1	8.557530E-7	8.557530E-7	2.179152E-8	2.179152E-8
3.300000E-1	9.016070E-7	9.016070E-7	2.295918E-8	2.295918E-8
3.400000E-1	9.465610E-7	9.465610E-7	2.410392E-8	2.410392E-8
3.500000E-1	9.928290E-7	9.928290E-7	2.528212E-8	2.528212E-8
3.600000E-1	1.038356E-6	1.038356E-6	2.644146E-8	2.644146E-8
3.700000E-1	1.086690E-6	1.086690E-6	2.767227E-8	2.767227E-8
3.800000E-1	1.136380E-6	1.136380E-6	2.893761E-8	2.893761E-8
3.900000E-1	1.193420E-6	1.193420E-6	3.039012E-8	3.039012E-8
4.000000E-1	1.244120E-6	1.244120E-6	3.168118E-8	3.168118E-8
4.100000E-1	1.293120E-6	1.293120E-6	3.292895E-8	3.292895E-8
4.200000E-1	1.352790E-6	1.352790E-6	3.444843E-8	3.444843E-8
4.300000E-1	1.400240E-6	1.400240E-6	3.565674E-8	3.565674E-8
4.400000E-1	1.458210E-6	1.458210E-6	3.713293E-8	3.713293E-8
4.500000E-1	1.519970E-6	1.519970E-6	3.870563E-8	3.870563E-8
4.600000E-1	1.576520E-6	1.576520E-6	4.014566E-8	4.014566E-8
4.700000E-1	1.633860E-6	1.633860E-6	4.160581E-8	4.160581E-8
4.800000E-1	1.694320E-6	1.694320E-6	4.314540E-8	4.314540E-8
4.900000E-1	1.757560E-6	1.757560E-6	4.475579E-8	4.475579E-8
5.000000E-1	1.820770E-6	1.820770E-6	4.636542E-8	4.636542E-8
