

14:10:05	22/03/21


Ell Cont: 5,0x10,0

SMU1	V name:		V1
	I name:		I1
	Mode:		V
	Function:	VAR1
SMU2	V name:		V2
	I name:		I2
	Mode:		common
	Function:	const.
SMU3	off
SMU4	off
VMUs	off

Primary Source (VAR1):	single
	Sweep Spacing:	linear
	Start:		-0.500000
	Stop:		0.500000
	Step:		0.010000
	Compliance:	0.050000
Power Compliance OFF

Timing:		Integration Time:	medium
	Delay Time (sec):	0.000000
	Hold Time (sec):	0.000000
	Wait Time (sec):	1.000000

Secondary Source (VAR2):	OFF


   V1	   I1	Abs(I)	J (A\µm²)	Abs(J)
-5.000000E-1	-4.333730E-7	4.333730E-7	-1.103573E-8	1.103573E-8
-4.900000E-1	-4.408700E-7	4.408700E-7	-1.122664E-8	1.122664E-8
-4.800000E-1	-3.918720E-7	3.918720E-7	-9.978915E-9	9.978915E-9
-4.700000E-1	-3.750960E-7	3.750960E-7	-9.551719E-9	9.551719E-9
-4.600000E-1	-3.611680E-7	3.611680E-7	-9.197046E-9	9.197046E-9
-4.500000E-1	-3.769130E-7	3.769130E-7	-9.597988E-9	9.597988E-9
-4.400000E-1	-3.004290E-7	3.004290E-7	-7.650344E-9	7.650344E-9
-4.300000E-1	-2.859350E-7	2.859350E-7	-7.281258E-9	7.281258E-9
-4.200000E-1	-2.895550E-7	2.895550E-7	-7.373440E-9	7.373440E-9
-4.100000E-1	-2.747830E-7	2.747830E-7	-6.997275E-9	6.997275E-9
-4.000000E-1	-2.679000E-7	2.679000E-7	-6.822001E-9	6.822001E-9
-3.900000E-1	-2.355130E-7	2.355130E-7	-5.997275E-9	5.997275E-9
-3.800000E-1	-2.210280E-7	2.210280E-7	-5.628419E-9	5.628419E-9
-3.700000E-1	-1.959070E-7	1.959070E-7	-4.988719E-9	4.988719E-9
-3.600000E-1	-1.957120E-7	1.957120E-7	-4.983753E-9	4.983753E-9
-3.500000E-1	-1.854330E-7	1.854330E-7	-4.722001E-9	4.722001E-9
-3.400000E-1	-1.750310E-7	1.750310E-7	-4.457117E-9	4.457117E-9
-3.300000E-1	-1.562440E-7	1.562440E-7	-3.978711E-9	3.978711E-9
-3.200000E-1	-1.708870E-7	1.708870E-7	-4.351591E-9	4.351591E-9
-3.100000E-1	-1.901160E-7	1.901160E-7	-4.841253E-9	4.841253E-9
-3.000000E-1	-1.748640E-7	1.748640E-7	-4.452865E-9	4.452865E-9
-2.900000E-1	-1.703830E-7	1.703830E-7	-4.338757E-9	4.338757E-9
-2.800000E-1	-1.633720E-7	1.633720E-7	-4.160224E-9	4.160224E-9
-2.700000E-1	-1.493220E-7	1.493220E-7	-3.802445E-9	3.802445E-9
-2.600000E-1	-1.448360E-7	1.448360E-7	-3.688210E-9	3.688210E-9
-2.500000E-1	-1.374680E-7	1.374680E-7	-3.500586E-9	3.500586E-9
-2.400000E-1	-1.332550E-7	1.332550E-7	-3.393303E-9	3.393303E-9
-2.300000E-1	-1.563990E-7	1.563990E-7	-3.982658E-9	3.982658E-9
-2.200000E-1	-1.389350E-7	1.389350E-7	-3.537942E-9	3.537942E-9
-2.100000E-1	-1.196060E-7	1.196060E-7	-3.045735E-9	3.045735E-9
-2.000000E-1	-1.169520E-7	1.169520E-7	-2.978151E-9	2.978151E-9
-1.900000E-1	-1.229840E-7	1.229840E-7	-3.131754E-9	3.131754E-9
-1.800000E-1	-1.181030E-7	1.181030E-7	-3.007461E-9	3.007461E-9
-1.700000E-1	-1.021982E-7	1.021982E-7	-2.602450E-9	2.602450E-9
-1.600000E-1	-1.132418E-7	1.132418E-7	-2.883672E-9	2.883672E-9
-1.500000E-1	-9.955570E-8	9.955570E-8	-2.535159E-9	2.535159E-9
-1.400000E-1	-1.092280E-7	1.092280E-7	-2.781462E-9	2.781462E-9
-1.300000E-1	-9.476920E-8	9.476920E-8	-2.413272E-9	2.413272E-9
-1.200000E-1	-8.522600E-8	8.522600E-8	-2.170257E-9	2.170257E-9
-1.100000E-1	-7.298680E-8	7.298680E-8	-1.858589E-9	1.858589E-9
-1.000000E-1	-6.470730E-8	6.470730E-8	-1.647754E-9	1.647754E-9
-9.000000E-2	-5.615500E-8	5.615500E-8	-1.429972E-9	1.429972E-9
-8.000000E-2	-4.922400E-8	4.922400E-8	-1.253476E-9	1.253476E-9
-7.000000E-2	-4.367340E-8	4.367340E-8	-1.112131E-9	1.112131E-9
-6.000000E-2	-3.576710E-8	3.576710E-8	-9.107996E-10	9.107996E-10
-5.000000E-2	-3.146850E-8	3.146850E-8	-8.013369E-10	8.013369E-10
-4.000000E-2	-2.568570E-8	2.568570E-8	-6.540794E-10	6.540794E-10
-3.000000E-2	-1.982600E-8	1.982600E-8	-5.048638E-10	5.048638E-10
-2.000000E-2	-1.327500E-8	1.327500E-8	-3.380443E-10	3.380443E-10
-1.000000E-2	-6.148580E-9	6.148580E-9	-1.565719E-10	1.565719E-10
0.000000E+0	-5.257000E-11	5.257000E-11	-1.338681E-12	1.338681E-12
1.000000E-2	7.231710E-9	7.231710E-9	1.841536E-10	1.841536E-10
2.000000E-2	1.320570E-8	1.320570E-8	3.362796E-10	3.362796E-10
3.000000E-2	2.007690E-8	2.007690E-8	5.112529E-10	5.112529E-10
4.000000E-2	2.682460E-8	2.682460E-8	6.830812E-10	6.830812E-10
5.000000E-2	3.281850E-8	3.281850E-8	8.357143E-10	8.357143E-10
6.000000E-2	4.251690E-8	4.251690E-8	1.082681E-9	1.082681E-9
7.000000E-2	5.912420E-8	5.912420E-8	1.505582E-9	1.505582E-9
8.000000E-2	6.889090E-8	6.889090E-8	1.754288E-9	1.754288E-9
9.000000E-2	6.225480E-8	6.225480E-8	1.585302E-9	1.585302E-9
1.000000E-1	7.036670E-8	7.036670E-8	1.791869E-9	1.791869E-9
1.100000E-1	7.920340E-8	7.920340E-8	2.016893E-9	2.016893E-9
1.200000E-1	8.924620E-8	8.924620E-8	2.272630E-9	2.272630E-9
1.300000E-1	9.830240E-8	9.830240E-8	2.503244E-9	2.503244E-9
1.400000E-1	9.608680E-8	9.608680E-8	2.446825E-9	2.446825E-9
1.500000E-1	8.513370E-8	8.513370E-8	2.167907E-9	2.167907E-9
1.600000E-1	1.038990E-7	1.038990E-7	2.645760E-9	2.645760E-9
1.700000E-1	9.981400E-8	9.981400E-8	2.541737E-9	2.541737E-9
1.800000E-1	1.174230E-7	1.174230E-7	2.990145E-9	2.990145E-9
1.900000E-1	1.162010E-7	1.162010E-7	2.959027E-9	2.959027E-9
2.000000E-1	1.085930E-7	1.085930E-7	2.765292E-9	2.765292E-9
2.100000E-1	1.309060E-7	1.309060E-7	3.333486E-9	3.333486E-9
2.200000E-1	1.315490E-7	1.315490E-7	3.349860E-9	3.349860E-9
2.300000E-1	1.366630E-7	1.366630E-7	3.480087E-9	3.480087E-9
2.400000E-1	1.447450E-7	1.447450E-7	3.685892E-9	3.685892E-9
2.500000E-1	1.534230E-7	1.534230E-7	3.906875E-9	3.906875E-9
2.600000E-1	1.615430E-7	1.615430E-7	4.113649E-9	4.113649E-9
2.700000E-1	1.700220E-7	1.700220E-7	4.329565E-9	4.329565E-9
2.800000E-1	1.798760E-7	1.798760E-7	4.580494E-9	4.580494E-9
2.900000E-1	1.960010E-7	1.960010E-7	4.991113E-9	4.991113E-9
3.000000E-1	2.190630E-7	2.190630E-7	5.578380E-9	5.578380E-9
3.100000E-1	2.965380E-7	2.965380E-7	7.551260E-9	7.551260E-9
3.200000E-1	2.981210E-7	2.981210E-7	7.591571E-9	7.591571E-9
3.300000E-1	2.713430E-7	2.713430E-7	6.909677E-9	6.909677E-9
3.400000E-1	2.670480E-7	2.670480E-7	6.800305E-9	6.800305E-9
3.500000E-1	2.768160E-7	2.768160E-7	7.049045E-9	7.049045E-9
3.600000E-1	2.890640E-7	2.890640E-7	7.360937E-9	7.360937E-9
3.700000E-1	2.909670E-7	2.909670E-7	7.409396E-9	7.409396E-9
3.800000E-1	3.206210E-7	3.206210E-7	8.164528E-9	8.164528E-9
3.900000E-1	3.327920E-7	3.327920E-7	8.474459E-9	8.474459E-9
4.000000E-1	3.833900E-7	3.833900E-7	9.762923E-9	9.762923E-9
4.100000E-1	4.064910E-7	4.064910E-7	1.035118E-8	1.035118E-8
4.200000E-1	4.469300E-7	4.469300E-7	1.138095E-8	1.138095E-8
4.300000E-1	4.740130E-7	4.740130E-7	1.207061E-8	1.207061E-8
4.400000E-1	5.045750E-7	5.045750E-7	1.284887E-8	1.284887E-8
4.500000E-1	5.338430E-7	5.338430E-7	1.359417E-8	1.359417E-8
4.600000E-1	6.341130E-7	6.341130E-7	1.614752E-8	1.614752E-8
4.700000E-1	6.852360E-7	6.852360E-7	1.744935E-8	1.744935E-8
4.800000E-1	6.529650E-7	6.529650E-7	1.662758E-8	1.662758E-8
4.900000E-1	6.573300E-7	6.573300E-7	1.673873E-8	1.673873E-8
5.000000E-1	6.807620E-7	6.807620E-7	1.733542E-8	1.733542E-8
