

14:16:58	22/03/21


Ell Cont: 5,0x10,0

SMU1	V name:		V1
	I name:		I1
	Mode:		V
	Function:	VAR1
SMU2	V name:		V2
	I name:		I2
	Mode:		common
	Function:	const.
SMU3	off
SMU4	off
VMUs	off

Primary Source (VAR1):	single
	Sweep Spacing:	linear
	Start:		-0.500000
	Stop:		0.500000
	Step:		0.010000
	Compliance:	0.050000
Power Compliance OFF

Timing:		Integration Time:	medium
	Delay Time (sec):	0.000000
	Hold Time (sec):	0.000000
	Wait Time (sec):	1.000000

Secondary Source (VAR2):	OFF


   V1	   I1	Abs(I)	J (A\um²)	Abs(J)
-5.000000E-1	-1.523940E-6	1.523940E-6	-3.880672E-8	3.880672E-8
-4.900000E-1	-1.479300E-6	1.479300E-6	-3.766998E-8	3.766998E-8
-4.800000E-1	-1.429820E-6	1.429820E-6	-3.640998E-8	3.640998E-8
-4.700000E-1	-1.380720E-6	1.380720E-6	-3.515966E-8	3.515966E-8
-4.600000E-1	-1.335760E-6	1.335760E-6	-3.401477E-8	3.401477E-8
-4.500000E-1	-1.314570E-6	1.314570E-6	-3.347517E-8	3.347517E-8
-4.400000E-1	-1.270440E-6	1.270440E-6	-3.235141E-8	3.235141E-8
-4.300000E-1	-1.261340E-6	1.261340E-6	-3.211968E-8	3.211968E-8
-4.200000E-1	-1.202180E-6	1.202180E-6	-3.061319E-8	3.061319E-8
-4.100000E-1	-1.152620E-6	1.152620E-6	-2.935116E-8	2.935116E-8
-4.000000E-1	-1.111700E-6	1.111700E-6	-2.830914E-8	2.830914E-8
-3.900000E-1	-1.061320E-6	1.061320E-6	-2.702623E-8	2.702623E-8
-3.800000E-1	-1.026340E-6	1.026340E-6	-2.613547E-8	2.613547E-8
-3.700000E-1	-9.869570E-7	9.869570E-7	-2.513259E-8	2.513259E-8
-3.600000E-1	-9.463420E-7	9.463420E-7	-2.409834E-8	2.409834E-8
-3.500000E-1	-9.065150E-7	9.065150E-7	-2.308416E-8	2.308416E-8
-3.400000E-1	-8.694180E-7	8.694180E-7	-2.213950E-8	2.213950E-8
-3.300000E-1	-8.341850E-7	8.341850E-7	-2.124230E-8	2.124230E-8
-3.200000E-1	-7.903300E-7	7.903300E-7	-2.012554E-8	2.012554E-8
-3.100000E-1	-7.511990E-7	7.511990E-7	-1.912908E-8	1.912908E-8
-3.000000E-1	-7.169120E-7	7.169120E-7	-1.825597E-8	1.825597E-8
-2.900000E-1	-6.799890E-7	6.799890E-7	-1.731574E-8	1.731574E-8
-2.800000E-1	-6.399550E-7	6.399550E-7	-1.629628E-8	1.629628E-8
-2.700000E-1	-6.134190E-7	6.134190E-7	-1.562055E-8	1.562055E-8
-2.600000E-1	-5.755620E-7	5.755620E-7	-1.465653E-8	1.465653E-8
-2.500000E-1	-5.452560E-7	5.452560E-7	-1.388480E-8	1.388480E-8
-2.400000E-1	-5.164730E-7	5.164730E-7	-1.315185E-8	1.315185E-8
-2.300000E-1	-4.846700E-7	4.846700E-7	-1.234199E-8	1.234199E-8
-2.200000E-1	-4.616770E-7	4.616770E-7	-1.175648E-8	1.175648E-8
-2.100000E-1	-4.307860E-7	4.307860E-7	-1.096985E-8	1.096985E-8
-2.000000E-1	-3.995010E-7	3.995010E-7	-1.017319E-8	1.017319E-8
-1.900000E-1	-3.724620E-7	3.724620E-7	-9.484645E-9	9.484645E-9
-1.800000E-1	-3.467880E-7	3.467880E-7	-8.830863E-9	8.830863E-9
-1.700000E-1	-3.202250E-7	3.202250E-7	-8.154444E-9	8.154444E-9
-1.600000E-1	-2.951360E-7	2.951360E-7	-7.515559E-9	7.515559E-9
-1.500000E-1	-2.689300E-7	2.689300E-7	-6.848230E-9	6.848230E-9
-1.400000E-1	-2.465770E-7	2.465770E-7	-6.279017E-9	6.279017E-9
-1.300000E-1	-2.232550E-7	2.232550E-7	-5.685129E-9	5.685129E-9
-1.200000E-1	-2.016040E-7	2.016040E-7	-5.133792E-9	5.133792E-9
-1.100000E-1	-1.802930E-7	1.802930E-7	-4.591113E-9	4.591113E-9
-1.000000E-1	-1.604500E-7	1.604500E-7	-4.085816E-9	4.085816E-9
-9.000000E-2	-1.405470E-7	1.405470E-7	-3.578992E-9	3.578992E-9
-8.000000E-2	-1.227690E-7	1.227690E-7	-3.126280E-9	3.126280E-9
-7.000000E-2	-1.056800E-7	1.056800E-7	-2.691113E-9	2.691113E-9
-6.000000E-2	-8.851560E-8	8.851560E-8	-2.254026E-9	2.254026E-9
-5.000000E-2	-7.234600E-8	7.234600E-8	-1.842271E-9	1.842271E-9
-4.000000E-2	-5.669310E-8	5.669310E-8	-1.443675E-9	1.443675E-9
-3.000000E-2	-4.171100E-8	4.171100E-8	-1.062159E-9	1.062159E-9
-2.000000E-2	-2.716560E-8	2.716560E-8	-6.917647E-10	6.917647E-10
-1.000000E-2	-1.325720E-8	1.325720E-8	-3.375910E-10	3.375910E-10
0.000000E+0	1.300500E-9	1.300500E-9	3.311688E-11	3.311688E-11
1.000000E-2	1.539690E-8	1.539690E-8	3.920779E-10	3.920779E-10
2.000000E-2	2.970660E-8	2.970660E-8	7.564706E-10	7.564706E-10
3.000000E-2	4.417520E-8	4.417520E-8	1.124910E-9	1.124910E-9
4.000000E-2	5.825460E-8	5.825460E-8	1.483438E-9	1.483438E-9
5.000000E-2	7.325300E-8	7.325300E-8	1.865368E-9	1.865368E-9
6.000000E-2	8.854750E-8	8.854750E-8	2.254838E-9	2.254838E-9
7.000000E-2	1.053020E-7	1.053020E-7	2.681487E-9	2.681487E-9
8.000000E-2	1.228690E-7	1.228690E-7	3.128826E-9	3.128826E-9
9.000000E-2	1.416360E-7	1.416360E-7	3.606723E-9	3.606723E-9
1.000000E-1	1.601630E-7	1.601630E-7	4.078508E-9	4.078508E-9
1.100000E-1	1.801510E-7	1.801510E-7	4.587497E-9	4.587497E-9
1.200000E-1	2.009090E-7	2.009090E-7	5.116094E-9	5.116094E-9
1.300000E-1	2.224990E-7	2.224990E-7	5.665877E-9	5.665877E-9
1.400000E-1	2.434790E-7	2.434790E-7	6.200127E-9	6.200127E-9
1.500000E-1	2.655820E-7	2.655820E-7	6.762974E-9	6.762974E-9
1.600000E-1	2.908300E-7	2.908300E-7	7.405908E-9	7.405908E-9
1.700000E-1	3.154340E-7	3.154340E-7	8.032442E-9	8.032442E-9
1.800000E-1	3.428370E-7	3.428370E-7	8.730252E-9	8.730252E-9
1.900000E-1	3.678680E-7	3.678680E-7	9.367660E-9	9.367660E-9
2.000000E-1	3.950500E-7	3.950500E-7	1.005984E-8	1.005984E-8
2.100000E-1	4.237370E-7	4.237370E-7	1.079035E-8	1.079035E-8
2.200000E-1	4.571950E-7	4.571950E-7	1.164235E-8	1.164235E-8
2.300000E-1	4.857620E-7	4.857620E-7	1.236980E-8	1.236980E-8
2.400000E-1	5.196570E-7	5.196570E-7	1.323293E-8	1.323293E-8
2.500000E-1	5.466530E-7	5.466530E-7	1.392037E-8	1.392037E-8
2.600000E-1	5.822740E-7	5.822740E-7	1.482745E-8	1.482745E-8
2.700000E-1	6.160820E-7	6.160820E-7	1.568836E-8	1.568836E-8
2.800000E-1	6.498600E-7	6.498600E-7	1.654851E-8	1.654851E-8
2.900000E-1	6.829960E-7	6.829960E-7	1.739231E-8	1.739231E-8
3.000000E-1	7.176420E-7	7.176420E-7	1.827456E-8	1.827456E-8
3.100000E-1	7.549150E-7	7.549150E-7	1.922371E-8	1.922371E-8
3.200000E-1	7.905160E-7	7.905160E-7	2.013028E-8	2.013028E-8
3.300000E-1	8.266260E-7	8.266260E-7	2.104981E-8	2.104981E-8
3.400000E-1	8.641110E-7	8.641110E-7	2.200435E-8	2.200435E-8
3.500000E-1	9.064670E-7	9.064670E-7	2.308294E-8	2.308294E-8
3.600000E-1	9.429720E-7	9.429720E-7	2.401253E-8	2.401253E-8
3.700000E-1	9.858500E-7	9.858500E-7	2.510441E-8	2.510441E-8
3.800000E-1	1.019939E-6	1.019939E-6	2.597247E-8	2.597247E-8
3.900000E-1	1.062486E-6	1.062486E-6	2.705592E-8	2.705592E-8
4.000000E-1	1.109220E-6	1.109220E-6	2.824599E-8	2.824599E-8
4.100000E-1	1.151630E-6	1.151630E-6	2.932595E-8	2.932595E-8
4.200000E-1	1.200090E-6	1.200090E-6	3.055997E-8	3.055997E-8
4.300000E-1	1.235950E-6	1.235950E-6	3.147313E-8	3.147313E-8
4.400000E-1	1.271060E-6	1.271060E-6	3.236720E-8	3.236720E-8
4.500000E-1	1.307270E-6	1.307270E-6	3.328928E-8	3.328928E-8
4.600000E-1	1.364270E-6	1.364270E-6	3.474077E-8	3.474077E-8
4.700000E-1	1.411610E-6	1.411610E-6	3.594627E-8	3.594627E-8
4.800000E-1	1.447310E-6	1.447310E-6	3.685536E-8	3.685536E-8
4.900000E-1	1.496070E-6	1.496070E-6	3.809702E-8	3.809702E-8
5.000000E-1	1.539060E-6	1.539060E-6	3.919175E-8	3.919175E-8
