

14:13:32	22/03/21


Ell Cont: 5,0x10,0

SMU1	V name:		V1
	I name:		I1
	Mode:		V
	Function:	VAR1
SMU2	V name:		V2
	I name:		I2
	Mode:		common
	Function:	const.
SMU3	off
SMU4	off
VMUs	off

Primary Source (VAR1):	single
	Sweep Spacing:	linear
	Start:		-0.500000
	Stop:		0.500000
	Step:		0.010000
	Compliance:	0.050000
Power Compliance OFF

Timing:		Integration Time:	medium
	Delay Time (sec):	0.000000
	Hold Time (sec):	0.000000
	Wait Time (sec):	1.000000

Secondary Source (VAR2):	OFF


   V1	   I1	Abs(I)	J (A\µm²)	Abs(J)
-5.000000E-1	-1.576640E-6	1.576640E-6	-4.014871E-8	4.014871E-8
-4.900000E-1	-1.534000E-6	1.534000E-6	-3.906290E-8	3.906290E-8
-4.800000E-1	-1.498350E-6	1.498350E-6	-3.815508E-8	3.815508E-8
-4.700000E-1	-1.442520E-6	1.442520E-6	-3.673338E-8	3.673338E-8
-4.600000E-1	-1.375730E-6	1.375730E-6	-3.503259E-8	3.503259E-8
-4.500000E-1	-1.367330E-6	1.367330E-6	-3.481869E-8	3.481869E-8
-4.400000E-1	-1.319680E-6	1.319680E-6	-3.360530E-8	3.360530E-8
-4.300000E-1	-1.271280E-6	1.271280E-6	-3.237280E-8	3.237280E-8
-4.200000E-1	-1.233090E-6	1.233090E-6	-3.140031E-8	3.140031E-8
-4.100000E-1	-1.213530E-6	1.213530E-6	-3.090222E-8	3.090222E-8
-4.000000E-1	-1.163800E-6	1.163800E-6	-2.963585E-8	2.963585E-8
-3.900000E-1	-1.125910E-6	1.125910E-6	-2.867100E-8	2.867100E-8
-3.800000E-1	-1.105310E-6	1.105310E-6	-2.814642E-8	2.814642E-8
-3.700000E-1	-1.056640E-6	1.056640E-6	-2.690705E-8	2.690705E-8
-3.600000E-1	-1.033640E-6	1.033640E-6	-2.632136E-8	2.632136E-8
-3.500000E-1	-1.042742E-6	1.042742E-6	-2.655314E-8	2.655314E-8
-3.400000E-1	-1.033453E-6	1.033453E-6	-2.631660E-8	2.631660E-8
-3.300000E-1	-1.002704E-6	1.002704E-6	-2.553359E-8	2.553359E-8
-3.200000E-1	-9.267660E-7	9.267660E-7	-2.359985E-8	2.359985E-8
-3.100000E-1	-9.083300E-7	9.083300E-7	-2.313038E-8	2.313038E-8
-3.000000E-1	-8.667120E-7	8.667120E-7	-2.207059E-8	2.207059E-8
-2.900000E-1	-8.326440E-7	8.326440E-7	-2.120306E-8	2.120306E-8
-2.800000E-1	-7.907200E-7	7.907200E-7	-2.013547E-8	2.013547E-8
-2.700000E-1	-7.834020E-7	7.834020E-7	-1.994912E-8	1.994912E-8
-2.600000E-1	-7.306430E-7	7.306430E-7	-1.860563E-8	1.860563E-8
-2.500000E-1	-6.742270E-7	6.742270E-7	-1.716901E-8	1.716901E-8
-2.400000E-1	-6.369240E-7	6.369240E-7	-1.621910E-8	1.621910E-8
-2.300000E-1	-6.084360E-7	6.084360E-7	-1.549366E-8	1.549366E-8
-2.200000E-1	-5.390210E-7	5.390210E-7	-1.372602E-8	1.372602E-8
-2.100000E-1	-5.030140E-7	5.030140E-7	-1.280912E-8	1.280912E-8
-2.000000E-1	-4.901120E-7	4.901120E-7	-1.248057E-8	1.248057E-8
-1.900000E-1	-4.387240E-7	4.387240E-7	-1.117199E-8	1.117199E-8
-1.800000E-1	-4.125580E-7	4.125580E-7	-1.050568E-8	1.050568E-8
-1.700000E-1	-3.955120E-7	3.955120E-7	-1.007161E-8	1.007161E-8
-1.600000E-1	-3.662380E-7	3.662380E-7	-9.326152E-9	9.326152E-9
-1.500000E-1	-3.409270E-7	3.409270E-7	-8.681614E-9	8.681614E-9
-1.400000E-1	-3.183060E-7	3.183060E-7	-8.105577E-9	8.105577E-9
-1.300000E-1	-2.910750E-7	2.910750E-7	-7.412147E-9	7.412147E-9
-1.200000E-1	-2.697630E-7	2.697630E-7	-6.869442E-9	6.869442E-9
-1.100000E-1	-2.563880E-7	2.563880E-7	-6.528851E-9	6.528851E-9
-1.000000E-1	-2.331980E-7	2.331980E-7	-5.938324E-9	5.938324E-9
-9.000000E-2	-2.073200E-7	2.073200E-7	-5.279348E-9	5.279348E-9
-8.000000E-2	-1.876340E-7	1.876340E-7	-4.778049E-9	4.778049E-9
-7.000000E-2	-1.620510E-7	1.620510E-7	-4.126585E-9	4.126585E-9
-6.000000E-2	-1.320260E-7	1.320260E-7	-3.362007E-9	3.362007E-9
-5.000000E-2	-1.103500E-7	1.103500E-7	-2.810033E-9	2.810033E-9
-4.000000E-2	-8.797330E-8	8.797330E-8	-2.240216E-9	2.240216E-9
-3.000000E-2	-6.601110E-8	6.601110E-8	-1.680955E-9	1.680955E-9
-2.000000E-2	-4.393160E-8	4.393160E-8	-1.118706E-9	1.118706E-9
-1.000000E-2	-2.182530E-8	2.182530E-8	-5.557754E-10	5.557754E-10
0.000000E+0	-3.820000E-12	3.820000E-12	-9.727527E-14	9.727527E-14
1.000000E-2	2.214170E-8	2.214170E-8	5.638324E-10	5.638324E-10
2.000000E-2	4.504480E-8	4.504480E-8	1.147054E-9	1.147054E-9
3.000000E-2	6.823850E-8	6.823850E-8	1.737675E-9	1.737675E-9
4.000000E-2	9.093840E-8	9.093840E-8	2.315722E-9	2.315722E-9
5.000000E-2	1.147950E-7	1.147950E-7	2.923224E-9	2.923224E-9
6.000000E-2	1.383360E-7	1.383360E-7	3.522689E-9	3.522689E-9
7.000000E-2	1.614140E-7	1.614140E-7	4.110364E-9	4.110364E-9
8.000000E-2	1.851110E-7	1.851110E-7	4.713802E-9	4.713802E-9
9.000000E-2	2.093350E-7	2.093350E-7	5.330659E-9	5.330659E-9
1.000000E-1	2.341290E-7	2.341290E-7	5.962032E-9	5.962032E-9
1.100000E-1	2.573500E-7	2.573500E-7	6.553349E-9	6.553349E-9
1.200000E-1	2.829100E-7	2.829100E-7	7.204227E-9	7.204227E-9
1.300000E-1	3.084980E-7	3.084980E-7	7.855819E-9	7.855819E-9
1.400000E-1	3.380930E-7	3.380930E-7	8.609447E-9	8.609447E-9
1.500000E-1	3.668930E-7	3.668930E-7	9.342832E-9	9.342832E-9
1.600000E-1	3.896080E-7	3.896080E-7	9.921263E-9	9.921263E-9
1.700000E-1	4.237140E-7	4.237140E-7	1.078976E-8	1.078976E-8
1.800000E-1	4.559020E-7	4.559020E-7	1.160942E-8	1.160942E-8
1.900000E-1	4.777850E-7	4.777850E-7	1.216667E-8	1.216667E-8
2.000000E-1	5.023980E-7	5.023980E-7	1.279343E-8	1.279343E-8
2.100000E-1	5.446620E-7	5.446620E-7	1.386967E-8	1.386967E-8
2.200000E-1	5.727530E-7	5.727530E-7	1.458500E-8	1.458500E-8
2.300000E-1	6.104140E-7	6.104140E-7	1.554403E-8	1.554403E-8
2.400000E-1	6.239830E-7	6.239830E-7	1.588956E-8	1.588956E-8
2.500000E-1	6.487250E-7	6.487250E-7	1.651961E-8	1.651961E-8
2.600000E-1	6.759530E-7	6.759530E-7	1.721296E-8	1.721296E-8
2.700000E-1	7.049590E-7	7.049590E-7	1.795159E-8	1.795159E-8
2.800000E-1	7.475730E-7	7.475730E-7	1.903675E-8	1.903675E-8
2.900000E-1	8.032910E-7	8.032910E-7	2.045559E-8	2.045559E-8
3.000000E-1	8.385080E-7	8.385080E-7	2.135238E-8	2.135238E-8
3.100000E-1	8.725020E-7	8.725020E-7	2.221803E-8	2.221803E-8
3.200000E-1	9.063760E-7	9.063760E-7	2.308062E-8	2.308062E-8
3.300000E-1	8.886870E-7	8.886870E-7	2.263018E-8	2.263018E-8
3.400000E-1	8.989960E-7	8.989960E-7	2.289269E-8	2.289269E-8
3.500000E-1	9.459650E-7	9.459650E-7	2.408874E-8	2.408874E-8
3.600000E-1	9.894720E-7	9.894720E-7	2.519664E-8	2.519664E-8
3.700000E-1	1.072637E-6	1.072637E-6	2.731441E-8	2.731441E-8
3.800000E-1	1.115381E-6	1.115381E-6	2.840288E-8	2.840288E-8
3.900000E-1	1.073273E-6	1.073273E-6	2.733061E-8	2.733061E-8
4.000000E-1	1.116476E-6	1.116476E-6	2.843076E-8	2.843076E-8
4.100000E-1	1.248650E-6	1.248650E-6	3.179654E-8	3.179654E-8
4.200000E-1	1.287230E-6	1.287230E-6	3.277897E-8	3.277897E-8
4.300000E-1	1.368980E-6	1.368980E-6	3.486071E-8	3.486071E-8
4.400000E-1	1.376350E-6	1.376350E-6	3.504838E-8	3.504838E-8
4.500000E-1	1.418360E-6	1.418360E-6	3.611816E-8	3.611816E-8
4.600000E-1	1.471990E-6	1.471990E-6	3.748383E-8	3.748383E-8
4.700000E-1	1.530640E-6	1.530640E-6	3.897734E-8	3.897734E-8
4.800000E-1	1.553120E-6	1.553120E-6	3.954978E-8	3.954978E-8
4.900000E-1	1.758410E-6	1.758410E-6	4.477744E-8	4.477744E-8
5.000000E-1	1.818190E-6	1.818190E-6	4.629972E-8	4.629972E-8
