

14:19:12	22/03/21


Ell Cont: 5,0x10,0

SMU1	V name:		V1
	I name:		I1
	Mode:		V
	Function:	VAR1
SMU2	V name:		V2
	I name:		I2
	Mode:		common
	Function:	const.
SMU3	off
SMU4	off
VMUs	off

Primary Source (VAR1):	single
	Sweep Spacing:	linear
	Start:		-0.500000
	Stop:		0.500000
	Step:		0.010000
	Compliance:	0.050000
Power Compliance OFF

Timing:		Integration Time:	medium
	Delay Time (sec):	0.000000
	Hold Time (sec):	0.000000
	Wait Time (sec):	1.000000

Secondary Source (VAR2):	OFF


   V1	   I1	Abs(I)	J (A\um²)	Abs(J)
-5.000000E-1	-3.303670E-7	3.303670E-7	-8.412707E-9	8.412707E-9
-4.900000E-1	-3.155350E-7	3.155350E-7	-8.035014E-9	8.035014E-9
-4.800000E-1	-3.031880E-7	3.031880E-7	-7.720601E-9	7.720601E-9
-4.700000E-1	-2.913030E-7	2.913030E-7	-7.417953E-9	7.417953E-9
-4.600000E-1	-2.798520E-7	2.798520E-7	-7.126356E-9	7.126356E-9
-4.500000E-1	-2.682320E-7	2.682320E-7	-6.830456E-9	6.830456E-9
-4.400000E-1	-2.573480E-7	2.573480E-7	-6.553298E-9	6.553298E-9
-4.300000E-1	-2.470610E-7	2.470610E-7	-6.291342E-9	6.291342E-9
-4.200000E-1	-2.363800E-7	2.363800E-7	-6.019353E-9	6.019353E-9
-4.100000E-1	-2.261510E-7	2.261510E-7	-5.758874E-9	5.758874E-9
-4.000000E-1	-2.159660E-7	2.159660E-7	-5.499516E-9	5.499516E-9
-3.900000E-1	-2.058570E-7	2.058570E-7	-5.242093E-9	5.242093E-9
-3.800000E-1	-1.968380E-7	1.968380E-7	-5.012427E-9	5.012427E-9
-3.700000E-1	-1.878880E-7	1.878880E-7	-4.784517E-9	4.784517E-9
-3.600000E-1	-1.789140E-7	1.789140E-7	-4.555997E-9	4.555997E-9
-3.500000E-1	-1.701180E-7	1.701180E-7	-4.332009E-9	4.332009E-9
-3.400000E-1	-1.613630E-7	1.613630E-7	-4.109065E-9	4.109065E-9
-3.300000E-1	-1.531570E-7	1.531570E-7	-3.900102E-9	3.900102E-9
-3.200000E-1	-1.452040E-7	1.452040E-7	-3.697581E-9	3.697581E-9
-3.100000E-1	-1.366600E-7	1.366600E-7	-3.480010E-9	3.480010E-9
-3.000000E-1	-1.287440E-7	1.287440E-7	-3.278431E-9	3.278431E-9
-2.900000E-1	-1.213920E-7	1.213920E-7	-3.091215E-9	3.091215E-9
-2.800000E-1	-1.138970E-7	1.138970E-7	-2.900356E-9	2.900356E-9
-2.700000E-1	-1.068350E-7	1.068350E-7	-2.720525E-9	2.720525E-9
-2.600000E-1	-1.006398E-7	1.006398E-7	-2.562765E-9	2.562765E-9
-2.500000E-1	-9.347900E-8	9.347900E-8	-2.380418E-9	2.380418E-9
-2.400000E-1	-8.699430E-8	8.699430E-8	-2.215286E-9	2.215286E-9
-2.300000E-1	-8.086670E-8	8.086670E-8	-2.059249E-9	2.059249E-9
-2.200000E-1	-7.486680E-8	7.486680E-8	-1.906463E-9	1.906463E-9
-2.100000E-1	-6.909670E-8	6.909670E-8	-1.759529E-9	1.759529E-9
-2.000000E-1	-6.379770E-8	6.379770E-8	-1.624591E-9	1.624591E-9
-1.900000E-1	-5.852720E-8	5.852720E-8	-1.490379E-9	1.490379E-9
-1.800000E-1	-5.344530E-8	5.344530E-8	-1.360970E-9	1.360970E-9
-1.700000E-1	-4.875790E-8	4.875790E-8	-1.241607E-9	1.241607E-9
-1.600000E-1	-4.423750E-8	4.423750E-8	-1.126496E-9	1.126496E-9
-1.500000E-1	-3.990690E-8	3.990690E-8	-1.016218E-9	1.016218E-9
-1.400000E-1	-3.579410E-8	3.579410E-8	-9.114871E-10	9.114871E-10
-1.300000E-1	-3.191630E-8	3.191630E-8	-8.127400E-10	8.127400E-10
-1.200000E-1	-2.835580E-8	2.835580E-8	-7.220728E-10	7.220728E-10
-1.100000E-1	-2.491120E-8	2.491120E-8	-6.343570E-10	6.343570E-10
-1.000000E-1	-2.175200E-8	2.175200E-8	-5.539088E-10	5.539088E-10
-9.000000E-2	-1.872070E-8	1.872070E-8	-4.767176E-10	4.767176E-10
-8.000000E-2	-1.600820E-8	1.600820E-8	-4.076445E-10	4.076445E-10
-7.000000E-2	-1.358240E-8	1.358240E-8	-3.458722E-10	3.458722E-10
-6.000000E-2	-1.123430E-8	1.123430E-8	-2.860784E-10	2.860784E-10
-5.000000E-2	-9.534900E-9	9.534900E-9	-2.428037E-10	2.428037E-10
-4.000000E-2	-7.353380E-9	7.353380E-9	-1.872518E-10	1.872518E-10
-3.000000E-2	-5.432600E-9	5.432600E-9	-1.383397E-10	1.383397E-10
-2.000000E-2	-3.456600E-9	3.456600E-9	-8.802139E-11	8.802139E-11
-1.000000E-2	-1.541020E-9	1.541020E-9	-3.924166E-11	3.924166E-11
0.000000E+0	3.225800E-10	3.225800E-10	8.214413E-12	8.214413E-12
1.000000E-2	2.260570E-9	2.260570E-9	5.756481E-11	5.756481E-11
2.000000E-2	4.179980E-9	4.179980E-9	1.064421E-10	1.064421E-10
3.000000E-2	6.162520E-9	6.162520E-9	1.569269E-10	1.569269E-10
4.000000E-2	8.227710E-9	8.227710E-9	2.095164E-10	2.095164E-10
5.000000E-2	1.044770E-8	1.044770E-8	2.660479E-10	2.660479E-10
6.000000E-2	1.276250E-8	1.276250E-8	3.249936E-10	3.249936E-10
7.000000E-2	1.522890E-8	1.522890E-8	3.877998E-10	3.877998E-10
8.000000E-2	1.781040E-8	1.781040E-8	4.535370E-10	4.535370E-10
9.000000E-2	2.059910E-8	2.059910E-8	5.245505E-10	5.245505E-10
1.000000E-1	2.362060E-8	2.362060E-8	6.014922E-10	6.014922E-10
1.100000E-1	2.691100E-8	2.691100E-8	6.852814E-10	6.852814E-10
1.200000E-1	3.022430E-8	3.022430E-8	7.696537E-10	7.696537E-10
1.300000E-1	3.396800E-8	3.396800E-8	8.649860E-10	8.649860E-10
1.400000E-1	3.781580E-8	3.781580E-8	9.629692E-10	9.629692E-10
1.500000E-1	4.189080E-8	4.189080E-8	1.066738E-9	1.066738E-9
1.600000E-1	4.614590E-8	4.614590E-8	1.175093E-9	1.175093E-9
1.700000E-1	5.060030E-8	5.060030E-8	1.288523E-9	1.288523E-9
1.800000E-1	5.549350E-8	5.549350E-8	1.413127E-9	1.413127E-9
1.900000E-1	6.042020E-8	6.042020E-8	1.538584E-9	1.538584E-9
2.000000E-1	6.562030E-8	6.562030E-8	1.671003E-9	1.671003E-9
2.100000E-1	7.109120E-8	7.109120E-8	1.810318E-9	1.810318E-9
2.200000E-1	7.672980E-8	7.672980E-8	1.953904E-9	1.953904E-9
2.300000E-1	8.293550E-8	8.293550E-8	2.111930E-9	2.111930E-9
2.400000E-1	8.921390E-8	8.921390E-8	2.271808E-9	2.271808E-9
2.500000E-1	9.550880E-8	9.550880E-8	2.432106E-9	2.432106E-9
2.600000E-1	1.023610E-7	1.023610E-7	2.606595E-9	2.606595E-9
2.700000E-1	1.099030E-7	1.099030E-7	2.798650E-9	2.798650E-9
2.800000E-1	1.168620E-7	1.168620E-7	2.975859E-9	2.975859E-9
2.900000E-1	1.242540E-7	1.242540E-7	3.164095E-9	3.164095E-9
3.000000E-1	1.317420E-7	1.317420E-7	3.354775E-9	3.354775E-9
3.100000E-1	1.394650E-7	1.394650E-7	3.551439E-9	3.551439E-9
3.200000E-1	1.473790E-7	1.473790E-7	3.752967E-9	3.752967E-9
3.300000E-1	1.556100E-7	1.556100E-7	3.962567E-9	3.962567E-9
3.400000E-1	1.642920E-7	1.642920E-7	4.183652E-9	4.183652E-9
3.500000E-1	1.730290E-7	1.730290E-7	4.406137E-9	4.406137E-9
3.600000E-1	1.817850E-7	1.817850E-7	4.629106E-9	4.629106E-9
3.700000E-1	1.910500E-7	1.910500E-7	4.865037E-9	4.865037E-9
3.800000E-1	2.008550E-7	2.008550E-7	5.114719E-9	5.114719E-9
3.900000E-1	2.105200E-7	2.105200E-7	5.360835E-9	5.360835E-9
4.000000E-1	2.199740E-7	2.199740E-7	5.601579E-9	5.601579E-9
4.100000E-1	2.302050E-7	2.302050E-7	5.862108E-9	5.862108E-9
4.200000E-1	2.403690E-7	2.403690E-7	6.120932E-9	6.120932E-9
4.300000E-1	2.510130E-7	2.510130E-7	6.391979E-9	6.391979E-9
4.400000E-1	2.618430E-7	2.618430E-7	6.667762E-9	6.667762E-9
4.500000E-1	2.723070E-7	2.723070E-7	6.934225E-9	6.934225E-9
4.600000E-1	2.834670E-7	2.834670E-7	7.218411E-9	7.218411E-9
4.700000E-1	2.951950E-7	2.951950E-7	7.517061E-9	7.517061E-9
4.800000E-1	3.077320E-7	3.077320E-7	7.836313E-9	7.836313E-9
4.900000E-1	3.199480E-7	3.199480E-7	8.147390E-9	8.147390E-9
5.000000E-1	3.324650E-7	3.324650E-7	8.466132E-9	8.466132E-9
