

14:16:22	22/03/21


Ell Cont: 5,0x10,0

SMU1	V name:		V1
	I name:		I1
	Mode:		V
	Function:	VAR1
SMU2	V name:		V2
	I name:		I2
	Mode:		common
	Function:	const.
SMU3	off
SMU4	off
VMUs	off

Primary Source (VAR1):	single
	Sweep Spacing:	linear
	Start:		-0.500000
	Stop:		0.500000
	Step:		0.010000
	Compliance:	0.050000
Power Compliance OFF

Timing:		Integration Time:	medium
	Delay Time (sec):	0.000000
	Hold Time (sec):	0.000000
	Wait Time (sec):	1.000000

Secondary Source (VAR2):	OFF


   V1	   I1	Abs(I)	J (A\µm²)	Abs(J)
-5.000000E-1	-4.627580E-7	4.627580E-7	-1.178401E-8	1.178401E-8
-4.900000E-1	-4.442080E-7	4.442080E-7	-1.131164E-8	1.131164E-8
-4.800000E-1	-4.319030E-7	4.319030E-7	-1.099829E-8	1.099829E-8
-4.700000E-1	-4.175510E-7	4.175510E-7	-1.063282E-8	1.063282E-8
-4.600000E-1	-4.024600E-7	4.024600E-7	-1.024854E-8	1.024854E-8
-4.500000E-1	-3.882960E-7	3.882960E-7	-9.887853E-9	9.887853E-9
-4.400000E-1	-3.721460E-7	3.721460E-7	-9.476598E-9	9.476598E-9
-4.300000E-1	-3.581080E-7	3.581080E-7	-9.119124E-9	9.119124E-9
-4.200000E-1	-3.445020E-7	3.445020E-7	-8.772651E-9	8.772651E-9
-4.100000E-1	-3.284650E-7	3.284650E-7	-8.364273E-9	8.364273E-9
-4.000000E-1	-3.148870E-7	3.148870E-7	-8.018513E-9	8.018513E-9
-3.900000E-1	-3.017950E-7	3.017950E-7	-7.685129E-9	7.685129E-9
-3.800000E-1	-2.893970E-7	2.893970E-7	-7.369417E-9	7.369417E-9
-3.700000E-1	-2.789700E-7	2.789700E-7	-7.103896E-9	7.103896E-9
-3.600000E-1	-2.670450E-7	2.670450E-7	-6.800229E-9	6.800229E-9
-3.500000E-1	-2.525920E-7	2.525920E-7	-6.432187E-9	6.432187E-9
-3.400000E-1	-2.409150E-7	2.409150E-7	-6.134836E-9	6.134836E-9
-3.300000E-1	-2.283820E-7	2.283820E-7	-5.815686E-9	5.815686E-9
-3.200000E-1	-2.167960E-7	2.167960E-7	-5.520652E-9	5.520652E-9
-3.100000E-1	-2.058660E-7	2.058660E-7	-5.242322E-9	5.242322E-9
-3.000000E-1	-1.960340E-7	1.960340E-7	-4.991953E-9	4.991953E-9
-2.900000E-1	-1.844110E-7	1.844110E-7	-4.695977E-9	4.695977E-9
-2.800000E-1	-1.745600E-7	1.745600E-7	-4.445123E-9	4.445123E-9
-2.700000E-1	-1.646370E-7	1.646370E-7	-4.192437E-9	4.192437E-9
-2.600000E-1	-1.548180E-7	1.548180E-7	-3.942399E-9	3.942399E-9
-2.500000E-1	-1.453650E-7	1.453650E-7	-3.701681E-9	3.701681E-9
-2.400000E-1	-1.356620E-7	1.356620E-7	-3.454596E-9	3.454596E-9
-2.300000E-1	-1.269870E-7	1.269870E-7	-3.233690E-9	3.233690E-9
-2.200000E-1	-1.210180E-7	1.210180E-7	-3.081691E-9	3.081691E-9
-2.100000E-1	-1.112109E-7	1.112109E-7	-2.831956E-9	2.831956E-9
-2.000000E-1	-1.018687E-7	1.018687E-7	-2.594059E-9	2.594059E-9
-1.900000E-1	-9.418740E-8	9.418740E-8	-2.398457E-9	2.398457E-9
-1.800000E-1	-8.685640E-8	8.685640E-8	-2.211775E-9	2.211775E-9
-1.700000E-1	-7.965000E-8	7.965000E-8	-2.028266E-9	2.028266E-9
-1.600000E-1	-7.280010E-8	7.280010E-8	-1.853835E-9	1.853835E-9
-1.500000E-1	-6.612370E-8	6.612370E-8	-1.683822E-9	1.683822E-9
-1.400000E-1	-5.980450E-8	5.980450E-8	-1.522906E-9	1.522906E-9
-1.300000E-1	-5.381940E-8	5.381940E-8	-1.370497E-9	1.370497E-9
-1.200000E-1	-4.785930E-8	4.785930E-8	-1.218724E-9	1.218724E-9
-1.100000E-1	-4.223820E-8	4.223820E-8	-1.075584E-9	1.075584E-9
-1.000000E-1	-3.710600E-8	3.710600E-8	-9.448943E-10	9.448943E-10
-9.000000E-2	-3.239350E-8	3.239350E-8	-8.248918E-10	8.248918E-10
-8.000000E-2	-2.785590E-8	2.785590E-8	-7.093430E-10	7.093430E-10
-7.000000E-2	-2.423800E-8	2.423800E-8	-6.172142E-10	6.172142E-10
-6.000000E-2	-2.008160E-8	2.008160E-8	-5.113725E-10	5.113725E-10
-5.000000E-2	-1.638570E-8	1.638570E-8	-4.172574E-10	4.172574E-10
-4.000000E-2	-1.279240E-8	1.279240E-8	-3.257550E-10	3.257550E-10
-3.000000E-2	-9.721860E-9	9.721860E-9	-2.475646E-10	2.475646E-10
-2.000000E-2	-6.387550E-9	6.387550E-9	-1.626572E-10	1.626572E-10
-1.000000E-2	-3.026260E-9	3.026260E-9	-7.706290E-11	7.706290E-11
0.000000E+0	3.025100E-10	3.025100E-10	7.703336E-12	7.703336E-12
1.000000E-2	3.663660E-9	3.663660E-9	9.329412E-11	9.329412E-11
2.000000E-2	7.073730E-9	7.073730E-9	1.801306E-10	1.801306E-10
3.000000E-2	1.057680E-8	1.057680E-8	2.693354E-10	2.693354E-10
4.000000E-2	1.584240E-8	1.584240E-8	4.034225E-10	4.034225E-10
5.000000E-2	1.979690E-8	1.979690E-8	5.041227E-10	5.041227E-10
6.000000E-2	2.373660E-8	2.373660E-8	6.044461E-10	6.044461E-10
7.000000E-2	2.793400E-8	2.793400E-8	7.113318E-10	7.113318E-10
8.000000E-2	3.223030E-8	3.223030E-8	8.207359E-10	8.207359E-10
9.000000E-2	3.700060E-8	3.700060E-8	9.422103E-10	9.422103E-10
1.000000E-1	4.166760E-8	4.166760E-8	1.061054E-9	1.061054E-9
1.100000E-1	4.717430E-8	4.717430E-8	1.201281E-9	1.201281E-9
1.200000E-1	5.228180E-8	5.228180E-8	1.331342E-9	1.331342E-9
1.300000E-1	5.812890E-8	5.812890E-8	1.480237E-9	1.480237E-9
1.400000E-1	6.223720E-8	6.223720E-8	1.584854E-9	1.584854E-9
1.500000E-1	6.857930E-8	6.857930E-8	1.746353E-9	1.746353E-9
1.600000E-1	7.539940E-8	7.539940E-8	1.920025E-9	1.920025E-9
1.700000E-1	8.212830E-8	8.212830E-8	2.091375E-9	2.091375E-9
1.800000E-1	8.914850E-8	8.914850E-8	2.270143E-9	2.270143E-9
1.900000E-1	9.699980E-8	9.699980E-8	2.470074E-9	2.470074E-9
2.000000E-1	1.047660E-7	1.047660E-7	2.667838E-9	2.667838E-9
2.100000E-1	1.146350E-7	1.146350E-7	2.919149E-9	2.919149E-9
2.200000E-1	1.230780E-7	1.230780E-7	3.134148E-9	3.134148E-9
2.300000E-1	1.320090E-7	1.320090E-7	3.361574E-9	3.361574E-9
2.400000E-1	1.406620E-7	1.406620E-7	3.581920E-9	3.581920E-9
2.500000E-1	1.494130E-7	1.494130E-7	3.804762E-9	3.804762E-9
2.600000E-1	1.582130E-7	1.582130E-7	4.028851E-9	4.028851E-9
2.700000E-1	1.683650E-7	1.683650E-7	4.287369E-9	4.287369E-9
2.800000E-1	1.785010E-7	1.785010E-7	4.545480E-9	4.545480E-9
2.900000E-1	1.887630E-7	1.887630E-7	4.806799E-9	4.806799E-9
3.000000E-1	1.993850E-7	1.993850E-7	5.077285E-9	5.077285E-9
3.100000E-1	2.098870E-7	2.098870E-7	5.344716E-9	5.344716E-9
3.200000E-1	2.202210E-7	2.202210E-7	5.607869E-9	5.607869E-9
3.300000E-1	2.302940E-7	2.302940E-7	5.864375E-9	5.864375E-9
3.400000E-1	2.415170E-7	2.415170E-7	6.150165E-9	6.150165E-9
3.500000E-1	2.537320E-7	2.537320E-7	6.461217E-9	6.461217E-9
3.600000E-1	2.662510E-7	2.662510E-7	6.780010E-9	6.780010E-9
3.700000E-1	2.782790E-7	2.782790E-7	7.086300E-9	7.086300E-9
3.800000E-1	2.905970E-7	2.905970E-7	7.399974E-9	7.399974E-9
3.900000E-1	3.021790E-7	3.021790E-7	7.694907E-9	7.694907E-9
4.000000E-1	3.143930E-7	3.143930E-7	8.005933E-9	8.005933E-9
4.100000E-1	3.283800E-7	3.283800E-7	8.362108E-9	8.362108E-9
4.200000E-1	3.409680E-7	3.409680E-7	8.682658E-9	8.682658E-9
4.300000E-1	3.540090E-7	3.540090E-7	9.014744E-9	9.014744E-9
4.400000E-1	3.682370E-7	3.682370E-7	9.377056E-9	9.377056E-9
4.500000E-1	3.796420E-7	3.796420E-7	9.667481E-9	9.667481E-9
4.600000E-1	3.944550E-7	3.944550E-7	1.004469E-8	1.004469E-8
4.700000E-1	4.093950E-7	4.093950E-7	1.042513E-8	1.042513E-8
4.800000E-1	4.250540E-7	4.250540E-7	1.082389E-8	1.082389E-8
4.900000E-1	4.413020E-7	4.413020E-7	1.123764E-8	1.123764E-8
5.000000E-1	4.566090E-7	4.566090E-7	1.162743E-8	1.162743E-8
