

14:22:08	22/03/21


Ell Cont: 5,0x10,0

SMU1	V name:		V1
	I name:		I1
	Mode:		V
	Function:	VAR1
SMU2	V name:		V2
	I name:		I2
	Mode:		common
	Function:	const.
SMU3	off
SMU4	off
VMUs	off

Primary Source (VAR1):	single
	Sweep Spacing:	linear
	Start:		-0.500000
	Stop:		0.500000
	Step:		0.010000
	Compliance:	0.050000
Power Compliance OFF

Timing:		Integration Time:	medium
	Delay Time (sec):	0.000000
	Hold Time (sec):	0.000000
	Wait Time (sec):	1.000000

Secondary Source (VAR2):	OFF


   V1	   I1	Abs(I)	J (A\um²)	Abs(J)
-5.000000E-1	-5.712360E-7	5.712360E-7	-1.454637E-8	1.454637E-8
-4.900000E-1	-5.486620E-7	5.486620E-7	-1.397153E-8	1.397153E-8
-4.800000E-1	-5.266100E-7	5.266100E-7	-1.340998E-8	1.340998E-8
-4.700000E-1	-5.061530E-7	5.061530E-7	-1.288905E-8	1.288905E-8
-4.600000E-1	-4.864430E-7	4.864430E-7	-1.238714E-8	1.238714E-8
-4.500000E-1	-4.682090E-7	4.682090E-7	-1.192282E-8	1.192282E-8
-4.400000E-1	-4.496080E-7	4.496080E-7	-1.144915E-8	1.144915E-8
-4.300000E-1	-4.308340E-7	4.308340E-7	-1.097107E-8	1.097107E-8
-4.200000E-1	-4.130110E-7	4.130110E-7	-1.051721E-8	1.051721E-8
-4.100000E-1	-3.954010E-7	3.954010E-7	-1.006878E-8	1.006878E-8
-4.000000E-1	-3.783800E-7	3.783800E-7	-9.635345E-9	9.635345E-9
-3.900000E-1	-3.620580E-7	3.620580E-7	-9.219710E-9	9.219710E-9
-3.800000E-1	-3.453590E-7	3.453590E-7	-8.794474E-9	8.794474E-9
-3.700000E-1	-3.293160E-7	3.293160E-7	-8.385943E-9	8.385943E-9
-3.600000E-1	-3.139680E-7	3.139680E-7	-7.995111E-9	7.995111E-9
-3.500000E-1	-2.990900E-7	2.990900E-7	-7.616246E-9	7.616246E-9
-3.400000E-1	-2.840400E-7	2.840400E-7	-7.233002E-9	7.233002E-9
-3.300000E-1	-2.696680E-7	2.696680E-7	-6.867023E-9	6.867023E-9
-3.200000E-1	-2.557800E-7	2.557800E-7	-6.513369E-9	6.513369E-9
-3.100000E-1	-2.419370E-7	2.419370E-7	-6.160861E-9	6.160861E-9
-3.000000E-1	-2.284900E-7	2.284900E-7	-5.818436E-9	5.818436E-9
-2.900000E-1	-2.153280E-7	2.153280E-7	-5.483270E-9	5.483270E-9
-2.800000E-1	-2.022610E-7	2.022610E-7	-5.150522E-9	5.150522E-9
-2.700000E-1	-1.900620E-7	1.900620E-7	-4.839878E-9	4.839878E-9
-2.600000E-1	-1.780580E-7	1.780580E-7	-4.534199E-9	4.534199E-9
-2.500000E-1	-1.667430E-7	1.667430E-7	-4.246066E-9	4.246066E-9
-2.400000E-1	-1.554340E-7	1.554340E-7	-3.958085E-9	3.958085E-9
-2.300000E-1	-1.446650E-7	1.446650E-7	-3.683855E-9	3.683855E-9
-2.200000E-1	-1.342330E-7	1.342330E-7	-3.418207E-9	3.418207E-9
-2.100000E-1	-1.242490E-7	1.242490E-7	-3.163967E-9	3.163967E-9
-2.000000E-1	-1.144820E-7	1.144820E-7	-2.915253E-9	2.915253E-9
-1.900000E-1	-1.052760E-7	1.052760E-7	-2.680825E-9	2.680825E-9
-1.800000E-1	-9.704060E-8	9.704060E-8	-2.471113E-9	2.471113E-9
-1.700000E-1	-8.818200E-8	8.818200E-8	-2.245531E-9	2.245531E-9
-1.600000E-1	-8.007170E-8	8.007170E-8	-2.039004E-9	2.039004E-9
-1.500000E-1	-7.246110E-8	7.246110E-8	-1.845202E-9	1.845202E-9
-1.400000E-1	-6.515700E-8	6.515700E-8	-1.659205E-9	1.659205E-9
-1.300000E-1	-5.823680E-8	5.823680E-8	-1.482984E-9	1.482984E-9
-1.200000E-1	-5.187160E-8	5.187160E-8	-1.320896E-9	1.320896E-9
-1.100000E-1	-4.573630E-8	4.573630E-8	-1.164663E-9	1.164663E-9
-1.000000E-1	-4.007670E-8	4.007670E-8	-1.020542E-9	1.020542E-9
-9.000000E-2	-3.484300E-8	3.484300E-8	-8.872676E-10	8.872676E-10
-8.000000E-2	-2.972590E-8	2.972590E-8	-7.569620E-10	7.569620E-10
-7.000000E-2	-2.504780E-8	2.504780E-8	-6.378355E-10	6.378355E-10
-6.000000E-2	-2.063360E-8	2.063360E-8	-5.254291E-10	5.254291E-10
-5.000000E-2	-1.654540E-8	1.654540E-8	-4.213242E-10	4.213242E-10
-4.000000E-2	-1.285620E-8	1.285620E-8	-3.273797E-10	3.273797E-10
-3.000000E-2	-9.552000E-9	9.552000E-9	-2.432391E-10	2.432391E-10
-2.000000E-2	-6.206350E-9	6.206350E-9	-1.580430E-10	1.580430E-10
-1.000000E-2	-2.940640E-9	2.940640E-9	-7.488261E-11	7.488261E-11
0.000000E+0	4.084800E-10	4.084800E-10	1.040183E-11	1.040183E-11
1.000000E-2	3.845820E-9	3.845820E-9	9.793277E-11	9.793277E-11
2.000000E-2	7.325950E-9	7.325950E-9	1.865533E-10	1.865533E-10
3.000000E-2	1.101570E-8	1.101570E-8	2.805118E-10	2.805118E-10
4.000000E-2	1.468480E-8	1.468480E-8	3.739445E-10	3.739445E-10
5.000000E-2	1.865430E-8	1.865430E-8	4.750267E-10	4.750267E-10
6.000000E-2	2.272860E-8	2.272860E-8	5.787777E-10	5.787777E-10
7.000000E-2	2.716260E-8	2.716260E-8	6.916883E-10	6.916883E-10
8.000000E-2	3.184130E-8	3.184130E-8	8.108301E-10	8.108301E-10
9.000000E-2	3.681470E-8	3.681470E-8	9.374764E-10	9.374764E-10
1.000000E-1	4.216910E-8	4.216910E-8	1.073825E-9	1.073825E-9
1.100000E-1	4.801940E-8	4.801940E-8	1.222801E-9	1.222801E-9
1.200000E-1	5.384780E-8	5.384780E-8	1.371220E-9	1.371220E-9
1.300000E-1	6.027920E-8	6.027920E-8	1.534994E-9	1.534994E-9
1.400000E-1	6.732950E-8	6.732950E-8	1.714528E-9	1.714528E-9
1.500000E-1	7.453100E-8	7.453100E-8	1.897912E-9	1.897912E-9
1.600000E-1	8.252020E-8	8.252020E-8	2.101355E-9	2.101355E-9
1.700000E-1	9.015400E-8	9.015400E-8	2.295747E-9	2.295747E-9
1.800000E-1	9.871400E-8	9.871400E-8	2.513725E-9	2.513725E-9
1.900000E-1	1.076090E-7	1.076090E-7	2.740234E-9	2.740234E-9
2.000000E-1	1.180580E-7	1.180580E-7	3.006315E-9	3.006315E-9
2.100000E-1	1.275260E-7	1.275260E-7	3.247415E-9	3.247415E-9
2.200000E-1	1.377490E-7	1.377490E-7	3.507741E-9	3.507741E-9
2.300000E-1	1.482020E-7	1.482020E-7	3.773924E-9	3.773924E-9
2.400000E-1	1.590540E-7	1.590540E-7	4.050267E-9	4.050267E-9
2.500000E-1	1.701550E-7	1.701550E-7	4.332951E-9	4.332951E-9
2.600000E-1	1.814370E-7	1.814370E-7	4.620244E-9	4.620244E-9
2.700000E-1	1.935040E-7	1.935040E-7	4.927527E-9	4.927527E-9
2.800000E-1	2.061080E-7	2.061080E-7	5.248485E-9	5.248485E-9
2.900000E-1	2.184880E-7	2.184880E-7	5.563738E-9	5.563738E-9
3.000000E-1	2.318480E-7	2.318480E-7	5.903947E-9	5.903947E-9
3.100000E-1	2.449710E-7	2.449710E-7	6.238121E-9	6.238121E-9
3.200000E-1	2.588480E-7	2.588480E-7	6.591495E-9	6.591495E-9
3.300000E-1	2.730890E-7	2.730890E-7	6.954138E-9	6.954138E-9
3.400000E-1	2.877600E-7	2.877600E-7	7.327731E-9	7.327731E-9
3.500000E-1	3.020620E-7	3.020620E-7	7.691928E-9	7.691928E-9
3.600000E-1	3.175940E-7	3.175940E-7	8.087446E-9	8.087446E-9
3.700000E-1	3.328440E-7	3.328440E-7	8.475783E-9	8.475783E-9
3.800000E-1	3.488240E-7	3.488240E-7	8.882709E-9	8.882709E-9
3.900000E-1	3.650870E-7	3.650870E-7	9.296842E-9	9.296842E-9
4.000000E-1	3.824520E-7	3.824520E-7	9.739037E-9	9.739037E-9
4.100000E-1	3.998590E-7	3.998590E-7	1.018230E-8	1.018230E-8
4.200000E-1	4.173370E-7	4.173370E-7	1.062737E-8	1.062737E-8
4.300000E-1	4.350920E-7	4.350920E-7	1.107950E-8	1.107950E-8
4.400000E-1	4.543710E-7	4.543710E-7	1.157044E-8	1.157044E-8
4.500000E-1	4.721420E-7	4.721420E-7	1.202297E-8	1.202297E-8
4.600000E-1	4.910720E-7	4.910720E-7	1.250502E-8	1.250502E-8
4.700000E-1	5.095870E-7	5.095870E-7	1.297650E-8	1.297650E-8
4.800000E-1	5.295590E-7	5.295590E-7	1.348508E-8	1.348508E-8
4.900000E-1	5.506600E-7	5.506600E-7	1.402241E-8	1.402241E-8
5.000000E-1	5.723450E-7	5.723450E-7	1.457461E-8	1.457461E-8
