

13:10:52	24/03/21


Ell Cont: 5,0x10,0

SMU1	V name:		V1
	I name:		I1
	Mode:		V
	Function:	VAR1
SMU2	V name:		V2
	I name:		I2
	Mode:		common
	Function:	const.
SMU3	off
SMU4	off
VMUs	off

Primary Source (VAR1):	single
	Sweep Spacing:	linear
	Start:		-0.500000
	Stop:		0.500000
	Step:		0.010000
	Compliance:	0.050000
Power Compliance OFF

Timing:		Integration Time:	medium
	Delay Time (sec):	0.000000
	Hold Time (sec):	0.000000
	Wait Time (sec):	1.000000

Secondary Source (VAR2):	OFF


   V1	   I1	Abs(I)	J (A\um²)	Abs(J)
-5.000000E-1	-4.197110E-6	4.197110E-6	-1.068783E-7	1.068783E-7
-4.900000E-1	-4.085340E-6	4.085340E-6	-1.040321E-7	1.040321E-7
-4.800000E-1	-3.973920E-6	3.973920E-6	-1.011948E-7	1.011948E-7
-4.700000E-1	-3.865370E-6	3.865370E-6	-9.843061E-8	9.843061E-8
-4.600000E-1	-3.758310E-6	3.758310E-6	-9.570435E-8	9.570435E-8
-4.500000E-1	-3.653880E-6	3.653880E-6	-9.304507E-8	9.304507E-8
-4.400000E-1	-3.550560E-6	3.550560E-6	-9.041406E-8	9.041406E-8
-4.300000E-1	-3.448180E-6	3.448180E-6	-8.780698E-8	8.780698E-8
-4.200000E-1	-3.345550E-6	3.345550E-6	-8.519353E-8	8.519353E-8
-4.100000E-1	-3.245810E-6	3.245810E-6	-8.265368E-8	8.265368E-8
-4.000000E-1	-3.146180E-6	3.146180E-6	-8.011663E-8	8.011663E-8
-3.900000E-1	-3.046260E-6	3.046260E-6	-7.757219E-8	7.757219E-8
-3.800000E-1	-2.949560E-6	2.949560E-6	-7.510975E-8	7.510975E-8
-3.700000E-1	-2.852650E-6	2.852650E-6	-7.264197E-8	7.264197E-8
-3.600000E-1	-2.757450E-6	2.757450E-6	-7.021772E-8	7.021772E-8
-3.500000E-1	-2.663540E-6	2.663540E-6	-6.782633E-8	6.782633E-8
-3.400000E-1	-2.569470E-6	2.569470E-6	-6.543086E-8	6.543086E-8
-3.300000E-1	-2.477450E-6	2.477450E-6	-6.308760E-8	6.308760E-8
-3.200000E-1	-2.386580E-6	2.386580E-6	-6.077362E-8	6.077362E-8
-3.100000E-1	-2.296020E-6	2.296020E-6	-5.846753E-8	5.846753E-8
-3.000000E-1	-2.207130E-6	2.207130E-6	-5.620397E-8	5.620397E-8
-2.900000E-1	-2.119350E-6	2.119350E-6	-5.396868E-8	5.396868E-8
-2.800000E-1	-2.031950E-6	2.031950E-6	-5.174306E-8	5.174306E-8
-2.700000E-1	-1.946480E-6	1.946480E-6	-4.956659E-8	4.956659E-8
-2.600000E-1	-1.860840E-6	1.860840E-6	-4.738579E-8	4.738579E-8
-2.500000E-1	-1.777220E-6	1.777220E-6	-4.525643E-8	4.525643E-8
-2.400000E-1	-1.693510E-6	1.693510E-6	-4.312478E-8	4.312478E-8
-2.300000E-1	-1.612090E-6	1.612090E-6	-4.105144E-8	4.105144E-8
-2.200000E-1	-1.530980E-6	1.530980E-6	-3.898599E-8	3.898599E-8
-2.100000E-1	-1.451580E-6	1.451580E-6	-3.696409E-8	3.696409E-8
-2.000000E-1	-1.373300E-6	1.373300E-6	-3.497072E-8	3.497072E-8
-1.900000E-1	-1.295420E-6	1.295420E-6	-3.298752E-8	3.298752E-8
-1.800000E-1	-1.218390E-6	1.218390E-6	-3.102597E-8	3.102597E-8
-1.700000E-1	-1.143100E-6	1.143100E-6	-2.910873E-8	2.910873E-8
-1.600000E-1	-1.068090E-6	1.068090E-6	-2.719862E-8	2.719862E-8
-1.500000E-1	-9.959590E-7	9.959590E-7	-2.536183E-8	2.536183E-8
-1.400000E-1	-9.227810E-7	9.227810E-7	-2.349837E-8	2.349837E-8
-1.300000E-1	-8.512020E-7	8.512020E-7	-2.167563E-8	2.167563E-8
-1.200000E-1	-7.807520E-7	7.807520E-7	-1.988164E-8	1.988164E-8
-1.100000E-1	-7.113950E-7	7.113950E-7	-1.811548E-8	1.811548E-8
-1.000000E-1	-6.433800E-7	6.433800E-7	-1.638350E-8	1.638350E-8
-9.000000E-2	-5.754420E-7	5.754420E-7	-1.465348E-8	1.465348E-8
-8.000000E-2	-5.092110E-7	5.092110E-7	-1.296692E-8	1.296692E-8
-7.000000E-2	-4.433600E-7	4.433600E-7	-1.129004E-8	1.129004E-8
-6.000000E-2	-3.784950E-7	3.784950E-7	-9.638273E-9	9.638273E-9
-5.000000E-2	-3.138530E-7	3.138530E-7	-7.992182E-9	7.992182E-9
-4.000000E-2	-2.501210E-7	2.501210E-7	-6.369264E-9	6.369264E-9
-3.000000E-2	-1.863300E-7	1.863300E-7	-4.744843E-9	4.744843E-9
-2.000000E-2	-1.227830E-7	1.227830E-7	-3.126636E-9	3.126636E-9
-1.000000E-2	-6.080810E-8	6.080810E-8	-1.548462E-9	1.548462E-9
0.000000E+0	3.426600E-9	3.426600E-9	8.725745E-11	8.725745E-11
1.000000E-2	6.484000E-8	6.484000E-8	1.651133E-9	1.651133E-9
2.000000E-2	1.287360E-7	1.287360E-7	3.278228E-9	3.278228E-9
3.000000E-2	1.941990E-7	1.941990E-7	4.945225E-9	4.945225E-9
4.000000E-2	2.594030E-7	2.594030E-7	6.605628E-9	6.605628E-9
5.000000E-2	3.253880E-7	3.253880E-7	8.285918E-9	8.285918E-9
6.000000E-2	3.916260E-7	3.916260E-7	9.972651E-9	9.972651E-9
7.000000E-2	4.592810E-7	4.592810E-7	1.169547E-8	1.169547E-8
8.000000E-2	5.273520E-7	5.273520E-7	1.342888E-8	1.342888E-8
9.000000E-2	5.975760E-7	5.975760E-7	1.521711E-8	1.521711E-8
1.000000E-1	6.682240E-7	6.682240E-7	1.701614E-8	1.701614E-8
1.100000E-1	7.406750E-7	7.406750E-7	1.886109E-8	1.886109E-8
1.200000E-1	8.137530E-7	8.137530E-7	2.072200E-8	2.072200E-8
1.300000E-1	8.890480E-7	8.890480E-7	2.263937E-8	2.263937E-8
1.400000E-1	9.653130E-7	9.653130E-7	2.458144E-8	2.458144E-8
1.500000E-1	1.043065E-6	1.043065E-6	2.656137E-8	2.656137E-8
1.600000E-1	1.120610E-6	1.120610E-6	2.853603E-8	2.853603E-8
1.700000E-1	1.202290E-6	1.202290E-6	3.061599E-8	3.061599E-8
1.800000E-1	1.284630E-6	1.284630E-6	3.271276E-8	3.271276E-8
1.900000E-1	1.366950E-6	1.366950E-6	3.480901E-8	3.480901E-8
2.000000E-1	1.451870E-6	1.451870E-6	3.697148E-8	3.697148E-8
2.100000E-1	1.538080E-6	1.538080E-6	3.916679E-8	3.916679E-8
2.200000E-1	1.625630E-6	1.625630E-6	4.139623E-8	4.139623E-8
2.300000E-1	1.713520E-6	1.713520E-6	4.363433E-8	4.363433E-8
2.400000E-1	1.803620E-6	1.803620E-6	4.592870E-8	4.592870E-8
2.500000E-1	1.894370E-6	1.894370E-6	4.823962E-8	4.823962E-8
2.600000E-1	1.988250E-6	1.988250E-6	5.063025E-8	5.063025E-8
2.700000E-1	2.082710E-6	2.082710E-6	5.303565E-8	5.303565E-8
2.800000E-1	2.178170E-6	2.178170E-6	5.546651E-8	5.546651E-8
2.900000E-1	2.275300E-6	2.275300E-6	5.793990E-8	5.793990E-8
3.000000E-1	2.372950E-6	2.372950E-6	6.042653E-8	6.042653E-8
3.100000E-1	2.472970E-6	2.472970E-6	6.297352E-8	6.297352E-8
3.200000E-1	2.573530E-6	2.573530E-6	6.553425E-8	6.553425E-8
3.300000E-1	2.676540E-6	2.676540E-6	6.815737E-8	6.815737E-8
3.400000E-1	2.779440E-6	2.779440E-6	7.077769E-8	7.077769E-8
3.500000E-1	2.885540E-6	2.885540E-6	7.347950E-8	7.347950E-8
3.600000E-1	2.991610E-6	2.991610E-6	7.618054E-8	7.618054E-8
3.700000E-1	3.099570E-6	3.099570E-6	7.892972E-8	7.892972E-8
3.800000E-1	3.208450E-6	3.208450E-6	8.170232E-8	8.170232E-8
3.900000E-1	3.318050E-6	3.318050E-6	8.449325E-8	8.449325E-8
4.000000E-1	3.430470E-6	3.430470E-6	8.735600E-8	8.735600E-8
4.100000E-1	3.542580E-6	3.542580E-6	9.021085E-8	9.021085E-8
4.200000E-1	3.657020E-6	3.657020E-6	9.312503E-8	9.312503E-8
4.300000E-1	3.772330E-6	3.772330E-6	9.606137E-8	9.606137E-8
4.400000E-1	3.888340E-6	3.888340E-6	9.901553E-8	9.901553E-8
4.500000E-1	4.007310E-6	4.007310E-6	1.020451E-7	1.020451E-7
4.600000E-1	4.128920E-6	4.128920E-6	1.051418E-7	1.051418E-7
4.700000E-1	4.249820E-6	4.249820E-6	1.082205E-7	1.082205E-7
4.800000E-1	4.373140E-6	4.373140E-6	1.113608E-7	1.113608E-7
4.900000E-1	4.497910E-6	4.497910E-6	1.145381E-7	1.145381E-7
5.000000E-1	4.620010E-6	4.620010E-6	1.176473E-7	1.176473E-7
