

13:27:41	24/03/21


Ell Cont: 5,0x10,0

SMU1	V name:		V1
	I name:		I1
	Mode:		V
	Function:	VAR1
SMU2	V name:		V2
	I name:		I2
	Mode:		common
	Function:	const.
SMU3	off
SMU4	off
VMUs	off

Primary Source (VAR1):	single
	Sweep Spacing:	linear
	Start:		-0.500000
	Stop:		0.500000
	Step:		0.010000
	Compliance:	0.050000
Power Compliance OFF

Timing:		Integration Time:	medium
	Delay Time (sec):	0.000000
	Hold Time (sec):	0.000000
	Wait Time (sec):	1.000000

Secondary Source (VAR2):	OFF


   V1	   I1	Abs(I)	J (A\um²)	Abs(J)
-5.000000E-1	-4.107090E-6	4.107090E-6	-1.045859E-7	1.045859E-7
-4.900000E-1	-3.995610E-6	3.995610E-6	-1.017471E-7	1.017471E-7
-4.800000E-1	-3.888780E-6	3.888780E-6	-9.902674E-8	9.902674E-8
-4.700000E-1	-3.785370E-6	3.785370E-6	-9.639343E-8	9.639343E-8
-4.600000E-1	-3.683200E-6	3.683200E-6	-9.379170E-8	9.379170E-8
-4.500000E-1	-3.583590E-6	3.583590E-6	-9.125516E-8	9.125516E-8
-4.400000E-1	-3.482020E-6	3.482020E-6	-8.866870E-8	8.866870E-8
-4.300000E-1	-3.382600E-6	3.382600E-6	-8.613700E-8	8.613700E-8
-4.200000E-1	-3.284720E-6	3.284720E-6	-8.364451E-8	8.364451E-8
-4.100000E-1	-3.187940E-6	3.187940E-6	-8.118003E-8	8.118003E-8
-4.000000E-1	-3.091880E-6	3.091880E-6	-7.873389E-8	7.873389E-8
-3.900000E-1	-2.996190E-6	2.996190E-6	-7.629717E-8	7.629717E-8
-3.800000E-1	-2.901530E-6	2.901530E-6	-7.388668E-8	7.388668E-8
-3.700000E-1	-2.807320E-6	2.807320E-6	-7.148765E-8	7.148765E-8
-3.600000E-1	-2.715660E-6	2.715660E-6	-6.915355E-8	6.915355E-8
-3.500000E-1	-2.624020E-6	2.624020E-6	-6.681996E-8	6.681996E-8
-3.400000E-1	-2.534230E-6	2.534230E-6	-6.453349E-8	6.453349E-8
-3.300000E-1	-2.445460E-6	2.445460E-6	-6.227298E-8	6.227298E-8
-3.200000E-1	-2.356800E-6	2.356800E-6	-6.001528E-8	6.001528E-8
-3.100000E-1	-2.269040E-6	2.269040E-6	-5.778049E-8	5.778049E-8
-3.000000E-1	-2.181140E-6	2.181140E-6	-5.554214E-8	5.554214E-8
-2.900000E-1	-2.096270E-6	2.096270E-6	-5.338095E-8	5.338095E-8
-2.800000E-1	-2.010500E-6	2.010500E-6	-5.119684E-8	5.119684E-8
-2.700000E-1	-1.926720E-6	1.926720E-6	-4.906341E-8	4.906341E-8
-2.600000E-1	-1.843190E-6	1.843190E-6	-4.693634E-8	4.693634E-8
-2.500000E-1	-1.761720E-6	1.761720E-6	-4.486173E-8	4.486173E-8
-2.400000E-1	-1.680050E-6	1.680050E-6	-4.278202E-8	4.278202E-8
-2.300000E-1	-1.599940E-6	1.599940E-6	-4.074204E-8	4.074204E-8
-2.200000E-1	-1.520860E-6	1.520860E-6	-3.872829E-8	3.872829E-8
-2.100000E-1	-1.442370E-6	1.442370E-6	-3.672956E-8	3.672956E-8
-2.000000E-1	-1.364680E-6	1.364680E-6	-3.475121E-8	3.475121E-8
-1.900000E-1	-1.288410E-6	1.288410E-6	-3.280901E-8	3.280901E-8
-1.800000E-1	-1.212340E-6	1.212340E-6	-3.087191E-8	3.087191E-8
-1.700000E-1	-1.138050E-6	1.138050E-6	-2.898014E-8	2.898014E-8
-1.600000E-1	-1.064300E-6	1.064300E-6	-2.710211E-8	2.710211E-8
-1.500000E-1	-9.919590E-7	9.919590E-7	-2.525997E-8	2.525997E-8
-1.400000E-1	-9.197280E-7	9.197280E-7	-2.342063E-8	2.342063E-8
-1.300000E-1	-8.484470E-7	8.484470E-7	-2.160547E-8	2.160547E-8
-1.200000E-1	-7.789740E-7	7.789740E-7	-1.983636E-8	1.983636E-8
-1.100000E-1	-7.097830E-7	7.097830E-7	-1.807443E-8	1.807443E-8
-1.000000E-1	-6.420930E-7	6.420930E-7	-1.635073E-8	1.635073E-8
-9.000000E-2	-5.746930E-7	5.746930E-7	-1.463440E-8	1.463440E-8
-8.000000E-2	-5.082760E-7	5.082760E-7	-1.294311E-8	1.294311E-8
-7.000000E-2	-4.426540E-7	4.426540E-7	-1.127207E-8	1.127207E-8
-6.000000E-2	-3.779510E-7	3.779510E-7	-9.624421E-9	9.624421E-9
-5.000000E-2	-3.133660E-7	3.133660E-7	-7.979781E-9	7.979781E-9
-4.000000E-2	-2.498200E-7	2.498200E-7	-6.361599E-9	6.361599E-9
-3.000000E-2	-1.860890E-7	1.860890E-7	-4.738706E-9	4.738706E-9
-2.000000E-2	-1.225700E-7	1.225700E-7	-3.121212E-9	3.121212E-9
-1.000000E-2	-6.068090E-8	6.068090E-8	-1.545223E-9	1.545223E-9
0.000000E+0	3.446700E-9	3.446700E-9	8.776929E-11	8.776929E-11
1.000000E-2	6.482260E-8	6.482260E-8	1.650690E-9	1.650690E-9
2.000000E-2	1.285530E-7	1.285530E-7	3.273568E-9	3.273568E-9
3.000000E-2	1.938470E-7	1.938470E-7	4.936262E-9	4.936262E-9
4.000000E-2	2.590150E-7	2.590150E-7	6.595747E-9	6.595747E-9
5.000000E-2	3.247910E-7	3.247910E-7	8.270715E-9	8.270715E-9
6.000000E-2	3.908640E-7	3.908640E-7	9.953247E-9	9.953247E-9
7.000000E-2	4.583870E-7	4.583870E-7	1.167270E-8	1.167270E-8
8.000000E-2	5.264560E-7	5.264560E-7	1.340606E-8	1.340606E-8
9.000000E-2	5.962760E-7	5.962760E-7	1.518401E-8	1.518401E-8
1.000000E-1	6.662560E-7	6.662560E-7	1.696603E-8	1.696603E-8
1.100000E-1	7.385620E-7	7.385620E-7	1.880728E-8	1.880728E-8
1.200000E-1	8.114510E-7	8.114510E-7	2.066338E-8	2.066338E-8
1.300000E-1	8.861470E-7	8.861470E-7	2.256550E-8	2.256550E-8
1.400000E-1	9.614510E-7	9.614510E-7	2.448309E-8	2.448309E-8
1.500000E-1	1.036870E-6	1.036870E-6	2.640362E-8	2.640362E-8
1.600000E-1	1.116670E-6	1.116670E-6	2.843570E-8	2.843570E-8
1.700000E-1	1.195580E-6	1.195580E-6	3.044512E-8	3.044512E-8
1.800000E-1	1.276750E-6	1.276750E-6	3.251210E-8	3.251210E-8
1.900000E-1	1.359210E-6	1.359210E-6	3.461192E-8	3.461192E-8
2.000000E-1	1.442440E-6	1.442440E-6	3.673135E-8	3.673135E-8
2.100000E-1	1.526900E-6	1.526900E-6	3.888210E-8	3.888210E-8
2.200000E-1	1.612780E-6	1.612780E-6	4.106901E-8	4.106901E-8
2.300000E-1	1.700540E-6	1.700540E-6	4.330379E-8	4.330379E-8
2.400000E-1	1.789150E-6	1.789150E-6	4.556022E-8	4.556022E-8
2.500000E-1	1.878680E-6	1.878680E-6	4.784008E-8	4.784008E-8
2.600000E-1	1.969420E-6	1.969420E-6	5.015075E-8	5.015075E-8
2.700000E-1	2.062120E-6	2.062120E-6	5.251133E-8	5.251133E-8
2.800000E-1	2.154580E-6	2.154580E-6	5.486580E-8	5.486580E-8
2.900000E-1	2.249160E-6	2.249160E-6	5.727425E-8	5.727425E-8
3.000000E-1	2.344980E-6	2.344980E-6	5.971429E-8	5.971429E-8
3.100000E-1	2.443040E-6	2.443040E-6	6.221136E-8	6.221136E-8
3.200000E-1	2.540670E-6	2.540670E-6	6.469748E-8	6.469748E-8
3.300000E-1	2.640660E-6	2.640660E-6	6.724370E-8	6.724370E-8
3.400000E-1	2.740260E-6	2.740260E-6	6.977998E-8	6.977998E-8
3.500000E-1	2.843820E-6	2.843820E-6	7.241711E-8	7.241711E-8
3.600000E-1	2.945370E-6	2.945370E-6	7.500305E-8	7.500305E-8
3.700000E-1	3.050910E-6	3.050910E-6	7.769060E-8	7.769060E-8
3.800000E-1	3.157520E-6	3.157520E-6	8.040540E-8	8.040540E-8
3.900000E-1	3.263750E-6	3.263750E-6	8.311052E-8	8.311052E-8
4.000000E-1	3.370960E-6	3.370960E-6	8.584059E-8	8.584059E-8
4.100000E-1	3.478850E-6	3.478850E-6	8.858798E-8	8.858798E-8
4.200000E-1	3.589770E-6	3.589770E-6	9.141253E-8	9.141253E-8
4.300000E-1	3.701210E-6	3.701210E-6	9.425032E-8	9.425032E-8
4.400000E-1	3.813470E-6	3.813470E-6	9.710899E-8	9.710899E-8
4.500000E-1	3.927610E-6	3.927610E-6	1.000155E-7	1.000155E-7
4.600000E-1	4.042570E-6	4.042570E-6	1.029430E-7	1.029430E-7
4.700000E-1	4.158140E-6	4.158140E-6	1.058859E-7	1.058859E-7
4.800000E-1	4.277460E-6	4.277460E-6	1.089244E-7	1.089244E-7
4.900000E-1	4.395700E-6	4.395700E-6	1.119353E-7	1.119353E-7
5.000000E-1	4.514830E-6	4.514830E-6	1.149689E-7	1.149689E-7
