

13:12:28	24/03/21


Ell Cont: 5,0x10,0

SMU1	V name:		V1
	I name:		I1
	Mode:		V
	Function:	VAR1
SMU2	V name:		V2
	I name:		I2
	Mode:		common
	Function:	const.
SMU3	off
SMU4	off
VMUs	off

Primary Source (VAR1):	single
	Sweep Spacing:	linear
	Start:		-0.500000
	Stop:		0.500000
	Step:		0.010000
	Compliance:	0.050000
Power Compliance OFF

Timing:		Integration Time:	medium
	Delay Time (sec):	0.000000
	Hold Time (sec):	0.000000
	Wait Time (sec):	1.000000

Secondary Source (VAR2):	OFF


   V1	   I1	Abs(I)	J (A\µm²)	Abs(J)
-5.000000E-1	-1.352890E-6	1.352890E-6	-3.445098E-8	3.445098E-8
-4.900000E-1	-1.314320E-6	1.314320E-6	-3.346881E-8	3.346881E-8
-4.800000E-1	-1.276630E-6	1.276630E-6	-3.250904E-8	3.250904E-8
-4.700000E-1	-1.242500E-6	1.242500E-6	-3.163993E-8	3.163993E-8
-4.600000E-1	-1.207600E-6	1.207600E-6	-3.075121E-8	3.075121E-8
-4.500000E-1	-1.173410E-6	1.173410E-6	-2.988057E-8	2.988057E-8
-4.400000E-1	-1.139650E-6	1.139650E-6	-2.902088E-8	2.902088E-8
-4.300000E-1	-1.106530E-6	1.106530E-6	-2.817749E-8	2.817749E-8
-4.200000E-1	-1.073860E-6	1.073860E-6	-2.734556E-8	2.734556E-8
-4.100000E-1	-1.041350E-6	1.041350E-6	-2.651770E-8	2.651770E-8
-4.000000E-1	-1.010140E-6	1.010140E-6	-2.572294E-8	2.572294E-8
-3.900000E-1	-9.785050E-7	9.785050E-7	-2.491737E-8	2.491737E-8
-3.800000E-1	-9.461840E-7	9.461840E-7	-2.409432E-8	2.409432E-8
-3.700000E-1	-9.152400E-7	9.152400E-7	-2.330634E-8	2.330634E-8
-3.600000E-1	-8.837420E-7	8.837420E-7	-2.250425E-8	2.250425E-8
-3.500000E-1	-8.532940E-7	8.532940E-7	-2.172890E-8	2.172890E-8
-3.400000E-1	-8.231480E-7	8.231480E-7	-2.096124E-8	2.096124E-8
-3.300000E-1	-7.934370E-7	7.934370E-7	-2.020466E-8	2.020466E-8
-3.200000E-1	-7.642900E-7	7.642900E-7	-1.946244E-8	1.946244E-8
-3.100000E-1	-7.347840E-7	7.347840E-7	-1.871108E-8	1.871108E-8
-3.000000E-1	-7.053450E-7	7.053450E-7	-1.796142E-8	1.796142E-8
-2.900000E-1	-6.776220E-7	6.776220E-7	-1.725546E-8	1.725546E-8
-2.800000E-1	-6.489170E-7	6.489170E-7	-1.652450E-8	1.652450E-8
-2.700000E-1	-6.211250E-7	6.211250E-7	-1.581678E-8	1.581678E-8
-2.600000E-1	-5.930150E-7	5.930150E-7	-1.510097E-8	1.510097E-8
-2.500000E-1	-5.662630E-7	5.662630E-7	-1.441973E-8	1.441973E-8
-2.400000E-1	-5.396120E-7	5.396120E-7	-1.374107E-8	1.374107E-8
-2.300000E-1	-5.134280E-7	5.134280E-7	-1.307431E-8	1.307431E-8
-2.200000E-1	-4.871430E-7	4.871430E-7	-1.240497E-8	1.240497E-8
-2.100000E-1	-4.617120E-7	4.617120E-7	-1.175737E-8	1.175737E-8
-2.000000E-1	-4.362250E-7	4.362250E-7	-1.110835E-8	1.110835E-8
-1.900000E-1	-4.107990E-7	4.107990E-7	-1.046089E-8	1.046089E-8
-1.800000E-1	-3.862570E-7	3.862570E-7	-9.835931E-9	9.835931E-9
-1.700000E-1	-3.619430E-7	3.619430E-7	-9.216781E-9	9.216781E-9
-1.600000E-1	-3.375440E-7	3.375440E-7	-8.595467E-9	8.595467E-9
-1.500000E-1	-3.138070E-7	3.138070E-7	-7.991011E-9	7.991011E-9
-1.400000E-1	-2.905880E-7	2.905880E-7	-7.399745E-9	7.399745E-9
-1.300000E-1	-2.677000E-7	2.677000E-7	-6.816909E-9	6.816909E-9
-1.200000E-1	-2.455950E-7	2.455950E-7	-6.254011E-9	6.254011E-9
-1.100000E-1	-2.231680E-7	2.231680E-7	-5.682913E-9	5.682913E-9
-1.000000E-1	-2.012400E-7	2.012400E-7	-5.124522E-9	5.124522E-9
-9.000000E-2	-1.796780E-7	1.796780E-7	-4.575452E-9	4.575452E-9
-8.000000E-2	-1.586310E-7	1.586310E-7	-4.039496E-9	4.039496E-9
-7.000000E-2	-1.376870E-7	1.376870E-7	-3.506162E-9	3.506162E-9
-6.000000E-2	-1.171750E-7	1.171750E-7	-2.983830E-9	2.983830E-9
-5.000000E-2	-9.750430E-8	9.750430E-8	-2.482921E-9	2.482921E-9
-4.000000E-2	-7.697140E-8	7.697140E-8	-1.960056E-9	1.960056E-9
-3.000000E-2	-5.688200E-8	5.688200E-8	-1.448485E-9	1.448485E-9
-2.000000E-2	-3.693610E-8	3.693610E-8	-9.405679E-10	9.405679E-10
-1.000000E-2	-1.720580E-8	1.720580E-8	-4.381411E-10	4.381411E-10
0.000000E+0	1.515070E-9	1.515070E-9	3.858085E-11	3.858085E-11
1.000000E-2	2.097740E-8	2.097740E-8	5.341838E-10	5.341838E-10
2.000000E-2	4.202040E-8	4.202040E-8	1.070038E-9	1.070038E-9
3.000000E-2	6.096380E-8	6.096380E-8	1.552427E-9	1.552427E-9
4.000000E-2	8.128910E-8	8.128910E-8	2.070005E-9	2.070005E-9
5.000000E-2	1.018950E-7	1.018950E-7	2.594729E-9	2.594729E-9
6.000000E-2	1.238260E-7	1.238260E-7	3.153196E-9	3.153196E-9
7.000000E-2	1.452210E-7	1.452210E-7	3.698014E-9	3.698014E-9
8.000000E-2	1.667030E-7	1.667030E-7	4.245047E-9	4.245047E-9
9.000000E-2	1.887780E-7	1.887780E-7	4.807181E-9	4.807181E-9
1.000000E-1	2.109720E-7	2.109720E-7	5.372345E-9	5.372345E-9
1.100000E-1	2.339390E-7	2.339390E-7	5.957194E-9	5.957194E-9
1.200000E-1	2.571680E-7	2.571680E-7	6.548714E-9	6.548714E-9
1.300000E-1	2.807500E-7	2.807500E-7	7.149223E-9	7.149223E-9
1.400000E-1	3.048020E-7	3.048020E-7	7.761701E-9	7.761701E-9
1.500000E-1	3.294570E-7	3.294570E-7	8.389534E-9	8.389534E-9
1.600000E-1	3.545970E-7	3.545970E-7	9.029717E-9	9.029717E-9
1.700000E-1	3.797180E-7	3.797180E-7	9.669417E-9	9.669417E-9
1.800000E-1	4.057290E-7	4.057290E-7	1.033178E-8	1.033178E-8
1.900000E-1	4.318840E-7	4.318840E-7	1.099781E-8	1.099781E-8
2.000000E-1	4.589110E-7	4.589110E-7	1.168605E-8	1.168605E-8
2.100000E-1	4.863760E-7	4.863760E-7	1.238543E-8	1.238543E-8
2.200000E-1	5.141680E-7	5.141680E-7	1.309315E-8	1.309315E-8
2.300000E-1	5.423150E-7	5.423150E-7	1.380991E-8	1.380991E-8
2.400000E-1	5.708010E-7	5.708010E-7	1.453529E-8	1.453529E-8
2.500000E-1	5.996740E-7	5.996740E-7	1.527054E-8	1.527054E-8
2.600000E-1	6.291130E-7	6.291130E-7	1.602019E-8	1.602019E-8
2.700000E-1	6.585740E-7	6.585740E-7	1.677041E-8	1.677041E-8
2.800000E-1	6.888150E-7	6.888150E-7	1.754049E-8	1.754049E-8
2.900000E-1	7.193610E-7	7.193610E-7	1.831833E-8	1.831833E-8
3.000000E-1	7.501320E-7	7.501320E-7	1.910191E-8	1.910191E-8
3.100000E-1	7.819540E-7	7.819540E-7	1.991225E-8	1.991225E-8
3.200000E-1	8.141310E-7	8.141310E-7	2.073163E-8	2.073163E-8
3.300000E-1	8.467970E-7	8.467970E-7	2.156346E-8	2.156346E-8
3.400000E-1	8.792480E-7	8.792480E-7	2.238981E-8	2.238981E-8
3.500000E-1	9.122470E-7	9.122470E-7	2.323012E-8	2.323012E-8
3.600000E-1	9.453700E-7	9.453700E-7	2.407359E-8	2.407359E-8
3.700000E-1	9.792010E-7	9.792010E-7	2.493509E-8	2.493509E-8
3.800000E-1	1.013995E-6	1.013995E-6	2.582111E-8	2.582111E-8
3.900000E-1	1.048465E-6	1.048465E-6	2.669888E-8	2.669888E-8
4.000000E-1	1.082150E-6	1.082150E-6	2.755666E-8	2.755666E-8
4.100000E-1	1.119120E-6	1.119120E-6	2.849809E-8	2.849809E-8
4.200000E-1	1.154410E-6	1.154410E-6	2.939674E-8	2.939674E-8
4.300000E-1	1.190260E-6	1.190260E-6	3.030965E-8	3.030965E-8
4.400000E-1	1.226800E-6	1.226800E-6	3.124013E-8	3.124013E-8
4.500000E-1	1.264410E-6	1.264410E-6	3.219786E-8	3.219786E-8
4.600000E-1	1.302990E-6	1.302990E-6	3.318029E-8	3.318029E-8
4.700000E-1	1.340430E-6	1.340430E-6	3.413369E-8	3.413369E-8
4.800000E-1	1.379070E-6	1.379070E-6	3.511765E-8	3.511765E-8
4.900000E-1	1.417750E-6	1.417750E-6	3.610262E-8	3.610262E-8
5.000000E-1	1.456520E-6	1.456520E-6	3.708989E-8	3.708989E-8
