

13:22:48	24/03/21


Ell Cont: 5,0x10,0

SMU1	V name:		V1
	I name:		I1
	Mode:		V
	Function:	VAR1
SMU2	V name:		V2
	I name:		I2
	Mode:		common
	Function:	const.
SMU3	off
SMU4	off
VMUs	off

Primary Source (VAR1):	single
	Sweep Spacing:	linear
	Start:		-0.500000
	Stop:		0.500000
	Step:		0.010000
	Compliance:	0.050000
Power Compliance OFF

Timing:		Integration Time:	medium
	Delay Time (sec):	0.000000
	Hold Time (sec):	0.000000
	Wait Time (sec):	1.000000

Secondary Source (VAR2):	OFF


   V1	   I1	Abs(I)	J (A\um²)	Abs(J)
-5.000000E-1	-1.321480E-8	1.321480E-8	-3.365113E-10	3.365113E-10
-4.900000E-1	-1.294950E-8	1.294950E-8	-3.297555E-10	3.297555E-10
-4.800000E-1	-1.269100E-8	1.269100E-8	-3.231729E-10	3.231729E-10
-4.700000E-1	-1.240720E-8	1.240720E-8	-3.159460E-10	3.159460E-10
-4.600000E-1	-1.244550E-8	1.244550E-8	-3.169213E-10	3.169213E-10
-4.500000E-1	-1.226040E-8	1.226040E-8	-3.122078E-10	3.122078E-10
-4.400000E-1	-1.158830E-8	1.158830E-8	-2.950929E-10	2.950929E-10
-4.300000E-1	-1.129260E-8	1.129260E-8	-2.875630E-10	2.875630E-10
-4.200000E-1	-1.082350E-8	1.082350E-8	-2.756175E-10	2.756175E-10
-4.100000E-1	-1.105760E-8	1.105760E-8	-2.815788E-10	2.815788E-10
-4.000000E-1	-1.068750E-8	1.068750E-8	-2.721543E-10	2.721543E-10
-3.900000E-1	-1.013910E-8	1.013910E-8	-2.581895E-10	2.581895E-10
-3.800000E-1	-1.036370E-8	1.036370E-8	-2.639088E-10	2.639088E-10
-3.700000E-1	-1.039940E-8	1.039940E-8	-2.648179E-10	2.648179E-10
-3.600000E-1	-1.035270E-8	1.035270E-8	-2.636287E-10	2.636287E-10
-3.500000E-1	-9.398500E-9	9.398500E-9	-2.393303E-10	2.393303E-10
-3.400000E-1	-9.140200E-9	9.140200E-9	-2.327527E-10	2.327527E-10
-3.300000E-1	-9.049920E-9	9.049920E-9	-2.304538E-10	2.304538E-10
-3.200000E-1	-9.873460E-9	9.873460E-9	-2.514250E-10	2.514250E-10
-3.100000E-1	-8.988620E-9	8.988620E-9	-2.288928E-10	2.288928E-10
-3.000000E-1	-8.553710E-9	8.553710E-9	-2.178179E-10	2.178179E-10
-2.900000E-1	-8.245360E-9	8.245360E-9	-2.099659E-10	2.099659E-10
-2.800000E-1	-7.274130E-9	7.274130E-9	-1.852338E-10	1.852338E-10
-2.700000E-1	-6.490520E-9	6.490520E-9	-1.652793E-10	1.652793E-10
-2.600000E-1	-6.506150E-9	6.506150E-9	-1.656774E-10	1.656774E-10
-2.500000E-1	-6.314430E-9	6.314430E-9	-1.607953E-10	1.607953E-10
-2.400000E-1	-5.844400E-9	5.844400E-9	-1.488261E-10	1.488261E-10
-2.300000E-1	-6.090310E-9	6.090310E-9	-1.550881E-10	1.550881E-10
-2.200000E-1	-5.399370E-9	5.399370E-9	-1.374935E-10	1.374935E-10
-2.100000E-1	-5.351140E-9	5.351140E-9	-1.362653E-10	1.362653E-10
-2.000000E-1	-4.848970E-9	4.848970E-9	-1.234777E-10	1.234777E-10
-1.900000E-1	-4.684510E-9	4.684510E-9	-1.192898E-10	1.192898E-10
-1.800000E-1	-4.534630E-9	4.534630E-9	-1.154731E-10	1.154731E-10
-1.700000E-1	-4.269590E-9	4.269590E-9	-1.087240E-10	1.087240E-10
-1.600000E-1	-4.077300E-9	4.077300E-9	-1.038273E-10	1.038273E-10
-1.500000E-1	-3.679000E-9	3.679000E-9	-9.368475E-11	9.368475E-11
-1.400000E-1	-3.749950E-9	3.749950E-9	-9.549147E-11	9.549147E-11
-1.300000E-1	-3.235040E-9	3.235040E-9	-8.237942E-11	8.237942E-11
-1.200000E-1	-2.977900E-9	2.977900E-9	-7.583142E-11	7.583142E-11
-1.100000E-1	-2.691610E-9	2.691610E-9	-6.854112E-11	6.854112E-11
-1.000000E-1	-2.422520E-9	2.422520E-9	-6.168882E-11	6.168882E-11
-9.000000E-2	-2.303340E-9	2.303340E-9	-5.865393E-11	5.865393E-11
-8.000000E-2	-1.989180E-9	1.989180E-9	-5.065393E-11	5.065393E-11
-7.000000E-2	-1.697360E-9	1.697360E-9	-4.322282E-11	4.322282E-11
-6.000000E-2	-1.524580E-9	1.524580E-9	-3.882302E-11	3.882302E-11
-5.000000E-2	-1.286340E-9	1.286340E-9	-3.275630E-11	3.275630E-11
-4.000000E-2	-1.002020E-9	1.002020E-9	-2.551617E-11	2.551617E-11
-3.000000E-2	-7.216800E-10	7.216800E-10	-1.837739E-11	1.837739E-11
-2.000000E-2	-4.780100E-10	4.780100E-10	-1.217240E-11	1.217240E-11
-1.000000E-2	-2.515800E-10	2.515800E-10	-6.406417E-12	6.406417E-12
0.000000E+0	4.400000E-13	4.400000E-13	1.120448E-14	1.120448E-14
1.000000E-2	2.477900E-10	2.477900E-10	6.309906E-12	6.309906E-12
2.000000E-2	5.013000E-10	5.013000E-10	1.276547E-11	1.276547E-11
3.000000E-2	7.654200E-10	7.654200E-10	1.949121E-11	1.949121E-11
4.000000E-2	1.480590E-9	1.480590E-9	3.770283E-11	3.770283E-11
5.000000E-2	2.037940E-9	2.037940E-9	5.189559E-11	5.189559E-11
6.000000E-2	2.632750E-9	2.632750E-9	6.704227E-11	6.704227E-11
7.000000E-2	2.968810E-9	2.968810E-9	7.559995E-11	7.559995E-11
8.000000E-2	3.527210E-9	3.527210E-9	8.981945E-11	8.981945E-11
9.000000E-2	4.109210E-9	4.109210E-9	1.046399E-10	1.046399E-10
1.000000E-1	4.700170E-9	4.700170E-9	1.196886E-10	1.196886E-10
1.100000E-1	5.015670E-9	5.015670E-9	1.277227E-10	1.277227E-10
1.200000E-1	5.824200E-9	5.824200E-9	1.483117E-10	1.483117E-10
1.300000E-1	6.323050E-9	6.323050E-9	1.610148E-10	1.610148E-10
1.400000E-1	6.704670E-9	6.704670E-9	1.707326E-10	1.707326E-10
1.500000E-1	6.264670E-9	6.264670E-9	1.595281E-10	1.595281E-10
1.600000E-1	7.477250E-9	7.477250E-9	1.904062E-10	1.904062E-10
1.700000E-1	6.696530E-9	6.696530E-9	1.705253E-10	1.705253E-10
1.800000E-1	6.866570E-9	6.866570E-9	1.748554E-10	1.748554E-10
1.900000E-1	7.322200E-9	7.322200E-9	1.864579E-10	1.864579E-10
2.000000E-1	7.765780E-9	7.765780E-9	1.977535E-10	1.977535E-10
2.100000E-1	8.168860E-9	8.168860E-9	2.080178E-10	2.080178E-10
2.200000E-1	8.504070E-9	8.504070E-9	2.165539E-10	2.165539E-10
2.300000E-1	8.168800E-9	8.168800E-9	2.080163E-10	2.080163E-10
2.400000E-1	9.514900E-9	9.514900E-9	2.422944E-10	2.422944E-10
2.500000E-1	9.598580E-9	9.598580E-9	2.444253E-10	2.444253E-10
2.600000E-1	9.131850E-9	9.131850E-9	2.325401E-10	2.325401E-10
2.700000E-1	9.346110E-9	9.346110E-9	2.379962E-10	2.379962E-10
2.800000E-1	9.698610E-9	9.698610E-9	2.469725E-10	2.469725E-10
2.900000E-1	1.015353E-8	1.015353E-8	2.585569E-10	2.585569E-10
3.000000E-1	1.119930E-8	1.119930E-8	2.851872E-10	2.851872E-10
3.100000E-1	1.615650E-8	1.615650E-8	4.114209E-10	4.114209E-10
3.200000E-1	1.353420E-8	1.353420E-8	3.446448E-10	3.446448E-10
3.300000E-1	1.362530E-8	1.362530E-8	3.469646E-10	3.469646E-10
3.400000E-1	1.851260E-8	1.851260E-8	4.714184E-10	4.714184E-10
3.500000E-1	2.599380E-8	2.599380E-8	6.619251E-10	6.619251E-10
3.600000E-1	1.781990E-8	1.781990E-8	4.537790E-10	4.537790E-10
3.700000E-1	1.877720E-8	1.877720E-8	4.781563E-10	4.781563E-10
3.800000E-1	1.717230E-8	1.717230E-8	4.372880E-10	4.372880E-10
3.900000E-1	3.180400E-8	3.180400E-8	8.098803E-10	8.098803E-10
4.000000E-1	2.784610E-8	2.784610E-8	7.090934E-10	7.090934E-10
4.100000E-1	2.630750E-8	2.630750E-8	6.699134E-10	6.699134E-10
4.200000E-1	3.004430E-8	3.004430E-8	7.650700E-10	7.650700E-10
4.300000E-1	2.789770E-8	2.789770E-8	7.104074E-10	7.104074E-10
4.400000E-1	2.853670E-8	2.853670E-8	7.266794E-10	7.266794E-10
4.500000E-1	3.047830E-8	3.047830E-8	7.761217E-10	7.761217E-10
4.600000E-1	3.084930E-8	3.084930E-8	7.855691E-10	7.855691E-10
4.700000E-1	3.004870E-8	3.004870E-8	7.651821E-10	7.651821E-10
4.800000E-1	3.198270E-8	3.198270E-8	8.144309E-10	8.144309E-10
4.900000E-1	3.217930E-8	3.217930E-8	8.194372E-10	8.194372E-10
5.000000E-1	3.339220E-8	3.339220E-8	8.503234E-10	8.503234E-10
