

13:02:10	24/03/21


Ell Cont: 5,0x10,0

SMU1	V name:		V1
	I name:		I1
	Mode:		V
	Function:	VAR1
SMU2	V name:		V2
	I name:		I2
	Mode:		common
	Function:	const.
SMU3	off
SMU4	off
VMUs	off

Primary Source (VAR1):	single
	Sweep Spacing:	linear
	Start:		-0.500000
	Stop:		0.500000
	Step:		0.010000
	Compliance:	0.050000
Power Compliance OFF

Timing:		Integration Time:	medium
	Delay Time (sec):	0.000000
	Hold Time (sec):	0.000000
	Wait Time (sec):	1.000000

Secondary Source (VAR2):	OFF


   V1	   I1	Abs(I)	J (A\µm²)	Abs(J)
-5.000000E-1	-1.873280E-3	1.873280E-3	-4.770257E-5	4.770257E-5
-4.900000E-1	-1.852350E-3	1.852350E-3	-4.716959E-5	4.716959E-5
-4.800000E-1	-1.813590E-3	1.813590E-3	-4.618258E-5	4.618258E-5
-4.700000E-1	-1.788070E-3	1.788070E-3	-4.553272E-5	4.553272E-5
-4.600000E-1	-1.748610E-3	1.748610E-3	-4.452788E-5	4.452788E-5
-4.500000E-1	-1.700930E-3	1.700930E-3	-4.331372E-5	4.331372E-5
-4.400000E-1	-1.657990E-3	1.657990E-3	-4.222027E-5	4.222027E-5
-4.300000E-1	-1.615480E-3	1.615480E-3	-4.113776E-5	4.113776E-5
-4.200000E-1	-1.576860E-3	1.576860E-3	-4.015432E-5	4.015432E-5
-4.100000E-1	-1.545320E-3	1.545320E-3	-3.935116E-5	3.935116E-5
-4.000000E-1	-1.498580E-3	1.498580E-3	-3.816094E-5	3.816094E-5
-3.900000E-1	-1.456080E-3	1.456080E-3	-3.707869E-5	3.707869E-5
-3.800000E-1	-1.418010E-3	1.418010E-3	-3.610924E-5	3.610924E-5
-3.700000E-1	-1.373270E-3	1.373270E-3	-3.496995E-5	3.496995E-5
-3.600000E-1	-1.335780E-3	1.335780E-3	-3.401528E-5	3.401528E-5
-3.500000E-1	-1.288260E-3	1.288260E-3	-3.280519E-5	3.280519E-5
-3.400000E-1	-1.243270E-3	1.243270E-3	-3.165954E-5	3.165954E-5
-3.300000E-1	-1.203470E-3	1.203470E-3	-3.064604E-5	3.064604E-5
-3.200000E-1	-1.161770E-3	1.161770E-3	-2.958416E-5	2.958416E-5
-3.100000E-1	-1.121420E-3	1.121420E-3	-2.855666E-5	2.855666E-5
-3.000000E-1	-1.073280E-3	1.073280E-3	-2.733079E-5	2.733079E-5
-2.900000E-1	-1.028710E-3	1.028710E-3	-2.619582E-5	2.619582E-5
-2.800000E-1	-9.845520E-4	9.845520E-4	-2.507135E-5	2.507135E-5
-2.700000E-1	-9.444710E-4	9.444710E-4	-2.405070E-5	2.405070E-5
-2.600000E-1	-9.023450E-4	9.023450E-4	-2.297797E-5	2.297797E-5
-2.500000E-1	-8.583510E-4	8.583510E-4	-2.185768E-5	2.185768E-5
-2.400000E-1	-8.126580E-4	8.126580E-4	-2.069412E-5	2.069412E-5
-2.300000E-1	-7.725430E-4	7.725430E-4	-1.967260E-5	1.967260E-5
-2.200000E-1	-7.322310E-4	7.322310E-4	-1.864607E-5	1.864607E-5
-2.100000E-1	-6.991970E-4	6.991970E-4	-1.780486E-5	1.780486E-5
-2.000000E-1	-6.559730E-4	6.559730E-4	-1.670418E-5	1.670418E-5
-1.900000E-1	-6.144840E-4	6.144840E-4	-1.564767E-5	1.564767E-5
-1.800000E-1	-5.750070E-4	5.750070E-4	-1.464240E-5	1.464240E-5
-1.700000E-1	-5.382680E-4	5.382680E-4	-1.370685E-5	1.370685E-5
-1.600000E-1	-5.026990E-4	5.026990E-4	-1.280109E-5	1.280109E-5
-1.500000E-1	-4.682520E-4	4.682520E-4	-1.192391E-5	1.192391E-5
-1.400000E-1	-4.285800E-4	4.285800E-4	-1.091367E-5	1.091367E-5
-1.300000E-1	-3.959570E-4	3.959570E-4	-1.008294E-5	1.008294E-5
-1.200000E-1	-3.617490E-4	3.617490E-4	-9.211841E-6	9.211841E-6
-1.100000E-1	-3.250800E-4	3.250800E-4	-8.278075E-6	8.278075E-6
-1.000000E-1	-2.923440E-4	2.923440E-4	-7.444461E-6	7.444461E-6
-9.000000E-2	-2.571060E-4	2.571060E-4	-6.547135E-6	6.547135E-6
-8.000000E-2	-2.271980E-4	2.271980E-4	-5.785536E-6	5.785536E-6
-7.000000E-2	-1.960100E-4	1.960100E-4	-4.991342E-6	4.991342E-6
-6.000000E-2	-1.650640E-4	1.650640E-4	-4.203310E-6	4.203310E-6
-5.000000E-2	-1.361330E-4	1.361330E-4	-3.466590E-6	3.466590E-6
-4.000000E-2	-1.097960E-4	1.097960E-4	-2.795926E-6	2.795926E-6
-3.000000E-2	-8.210720E-5	8.210720E-5	-2.090838E-6	2.090838E-6
-2.000000E-2	-5.476540E-5	5.476540E-5	-1.394586E-6	1.394586E-6
-1.000000E-2	-2.748760E-5	2.748760E-5	-6.999643E-7	6.999643E-7
0.000000E+0	-9.946940E-8	9.946940E-8	-2.532962E-9	2.532962E-9
1.000000E-2	2.690320E-5	2.690320E-5	6.850828E-7	6.850828E-7
2.000000E-2	5.425540E-5	5.425540E-5	1.381599E-6	1.381599E-6
3.000000E-2	8.119380E-5	8.119380E-5	2.067578E-6	2.067578E-6
4.000000E-2	1.077638E-4	1.077638E-4	2.744176E-6	2.744176E-6
5.000000E-2	1.366250E-4	1.366250E-4	3.479119E-6	3.479119E-6
6.000000E-2	1.643030E-4	1.643030E-4	4.183932E-6	4.183932E-6
7.000000E-2	1.914900E-4	1.914900E-4	4.876241E-6	4.876241E-6
8.000000E-2	2.192260E-4	2.192260E-4	5.582531E-6	5.582531E-6
9.000000E-2	2.467990E-4	2.467990E-4	6.284670E-6	6.284670E-6
1.000000E-1	2.723280E-4	2.723280E-4	6.934759E-6	6.934759E-6
1.100000E-1	2.983040E-4	2.983040E-4	7.596231E-6	7.596231E-6
1.200000E-1	3.237170E-4	3.237170E-4	8.243366E-6	8.243366E-6
1.300000E-1	3.507870E-4	3.507870E-4	8.932697E-6	8.932697E-6
1.400000E-1	3.754120E-4	3.754120E-4	9.559766E-6	9.559766E-6
1.500000E-1	3.989830E-4	3.989830E-4	1.015999E-5	1.015999E-5
1.600000E-1	4.273100E-4	4.273100E-4	1.088133E-5	1.088133E-5
1.700000E-1	4.556970E-4	4.556970E-4	1.160420E-5	1.160420E-5
1.800000E-1	4.773010E-4	4.773010E-4	1.215434E-5	1.215434E-5
1.900000E-1	5.047080E-4	5.047080E-4	1.285225E-5	1.285225E-5
2.000000E-1	5.339590E-4	5.339590E-4	1.359712E-5	1.359712E-5
2.100000E-1	5.734270E-4	5.734270E-4	1.460216E-5	1.460216E-5
2.200000E-1	6.586960E-4	6.586960E-4	1.677352E-5	1.677352E-5
2.300000E-1	6.942060E-4	6.942060E-4	1.767777E-5	1.767777E-5
2.400000E-1	7.399210E-4	7.399210E-4	1.884189E-5	1.884189E-5
2.500000E-1	7.927410E-4	7.927410E-4	2.018694E-5	2.018694E-5
2.600000E-1	8.452880E-4	8.452880E-4	2.152503E-5	2.152503E-5
2.700000E-1	8.926650E-4	8.926650E-4	2.273147E-5	2.273147E-5
2.800000E-1	9.366200E-4	9.366200E-4	2.385078E-5	2.385078E-5
2.900000E-1	9.756150E-4	9.756150E-4	2.484377E-5	2.484377E-5
3.000000E-1	1.056830E-3	1.056830E-3	2.691189E-5	2.691189E-5
3.100000E-1	1.108958E-3	1.108958E-3	2.823932E-5	2.823932E-5
3.200000E-1	1.102930E-3	1.102930E-3	2.808582E-5	2.808582E-5
3.300000E-1	1.147600E-3	1.147600E-3	2.922333E-5	2.922333E-5
3.400000E-1	1.227920E-3	1.227920E-3	3.126865E-5	3.126865E-5
3.500000E-1	1.269800E-3	1.269800E-3	3.233512E-5	3.233512E-5
3.600000E-1	1.316710E-3	1.316710E-3	3.352967E-5	3.352967E-5
3.700000E-1	1.362080E-3	1.362080E-3	3.468500E-5	3.468500E-5
3.800000E-1	1.409030E-3	1.409030E-3	3.588057E-5	3.588057E-5
3.900000E-1	1.459280E-3	1.459280E-3	3.716017E-5	3.716017E-5
4.000000E-1	1.499800E-3	1.499800E-3	3.819200E-5	3.819200E-5
4.100000E-1	1.554440E-3	1.554440E-3	3.958340E-5	3.958340E-5
4.200000E-1	1.595230E-3	1.595230E-3	4.062210E-5	4.062210E-5
4.300000E-1	1.638850E-3	1.638850E-3	4.173287E-5	4.173287E-5
4.400000E-1	1.689100E-3	1.689100E-3	4.301248E-5	4.301248E-5
4.500000E-1	1.742430E-3	1.742430E-3	4.437051E-5	4.437051E-5
4.600000E-1	1.800130E-3	1.800130E-3	4.583983E-5	4.583983E-5
4.700000E-1	1.867100E-3	1.867100E-3	4.754520E-5	4.754520E-5
4.800000E-1	1.908250E-3	1.908250E-3	4.859307E-5	4.859307E-5
4.900000E-1	1.963350E-3	1.963350E-3	4.999618E-5	4.999618E-5
5.000000E-1	1.995030E-3	1.995030E-3	5.080290E-5	5.080290E-5
