

13:20:00	24/03/21


Ell Cont: 5,0x10,0

SMU1	V name:		V1
	I name:		I1
	Mode:		V
	Function:	VAR1
SMU2	V name:		V2
	I name:		I2
	Mode:		common
	Function:	const.
SMU3	off
SMU4	off
VMUs	off

Primary Source (VAR1):	single
	Sweep Spacing:	linear
	Start:		-0.500000
	Stop:		0.500000
	Step:		0.010000
	Compliance:	0.050000
Power Compliance OFF

Timing:		Integration Time:	medium
	Delay Time (sec):	0.000000
	Hold Time (sec):	0.000000
	Wait Time (sec):	1.000000

Secondary Source (VAR2):	OFF


   V1	   I1	Abs(I)	J (A\um²)	Abs(J)
-5.000000E-1	-9.351910E-5	9.351910E-5	-2.381439E-6	2.381439E-6
-4.900000E-1	-9.056270E-5	9.056270E-5	-2.306155E-6	2.306155E-6
-4.800000E-1	-8.759790E-5	8.759790E-5	-2.230657E-6	2.230657E-6
-4.700000E-1	-8.469700E-5	8.469700E-5	-2.156786E-6	2.156786E-6
-4.600000E-1	-8.184850E-5	8.184850E-5	-2.084250E-6	2.084250E-6
-4.500000E-1	-7.908160E-5	7.908160E-5	-2.013792E-6	2.013792E-6
-4.400000E-1	-7.629140E-5	7.629140E-5	-1.942740E-6	1.942740E-6
-4.300000E-1	-7.355770E-5	7.355770E-5	-1.873127E-6	1.873127E-6
-4.200000E-1	-7.089390E-5	7.089390E-5	-1.805294E-6	1.805294E-6
-4.100000E-1	-6.825060E-5	6.825060E-5	-1.737983E-6	1.737983E-6
-4.000000E-1	-6.567510E-5	6.567510E-5	-1.672399E-6	1.672399E-6
-3.900000E-1	-6.313810E-5	6.313810E-5	-1.607795E-6	1.607795E-6
-3.800000E-1	-6.065230E-5	6.065230E-5	-1.544495E-6	1.544495E-6
-3.700000E-1	-5.819590E-5	5.819590E-5	-1.481943E-6	1.481943E-6
-3.600000E-1	-5.580260E-5	5.580260E-5	-1.420998E-6	1.420998E-6
-3.500000E-1	-5.344350E-5	5.344350E-5	-1.360924E-6	1.360924E-6
-3.400000E-1	-5.116520E-5	5.116520E-5	-1.302908E-6	1.302908E-6
-3.300000E-1	-4.889460E-5	4.889460E-5	-1.245088E-6	1.245088E-6
-3.200000E-1	-4.668060E-5	4.668060E-5	-1.188709E-6	1.188709E-6
-3.100000E-1	-4.451670E-5	4.451670E-5	-1.133606E-6	1.133606E-6
-3.000000E-1	-4.238880E-5	4.238880E-5	-1.079419E-6	1.079419E-6
-2.900000E-1	-4.033550E-5	4.033550E-5	-1.027133E-6	1.027133E-6
-2.800000E-1	-3.830820E-5	3.830820E-5	-9.755080E-7	9.755080E-7
-2.700000E-1	-3.633550E-5	3.633550E-5	-9.252737E-7	9.252737E-7
-2.600000E-1	-3.440830E-5	3.440830E-5	-8.761981E-7	8.761981E-7
-2.500000E-1	-3.253800E-5	3.253800E-5	-8.285714E-7	8.285714E-7
-2.400000E-1	-3.070510E-5	3.070510E-5	-7.818971E-7	7.818971E-7
-2.300000E-1	-2.893920E-5	2.893920E-5	-7.369289E-7	7.369289E-7
-2.200000E-1	-2.720910E-5	2.720910E-5	-6.928724E-7	6.928724E-7
-2.100000E-1	-2.553770E-5	2.553770E-5	-6.503107E-7	6.503107E-7
-2.000000E-1	-2.390070E-5	2.390070E-5	-6.086249E-7	6.086249E-7
-1.900000E-1	-2.232880E-5	2.232880E-5	-5.685969E-7	5.685969E-7
-1.800000E-1	-2.078650E-5	2.078650E-5	-5.293226E-7	5.293226E-7
-1.700000E-1	-1.930600E-5	1.930600E-5	-4.916221E-7	4.916221E-7
-1.600000E-1	-1.786030E-5	1.786030E-5	-4.548077E-7	4.548077E-7
-1.500000E-1	-1.646260E-5	1.646260E-5	-4.192157E-7	4.192157E-7
-1.400000E-1	-1.512380E-5	1.512380E-5	-3.851235E-7	3.851235E-7
-1.300000E-1	-1.381600E-5	1.381600E-5	-3.518207E-7	3.518207E-7
-1.200000E-1	-1.256080E-5	1.256080E-5	-3.198574E-7	3.198574E-7
-1.100000E-1	-1.134010E-5	1.134010E-5	-2.887726E-7	2.887726E-7
-1.000000E-1	-1.016770E-5	1.016770E-5	-2.589177E-7	2.589177E-7
-9.000000E-2	-9.024320E-6	9.024320E-6	-2.298019E-7	2.298019E-7
-8.000000E-2	-7.924270E-6	7.924270E-6	-2.017894E-7	2.017894E-7
-7.000000E-2	-6.851570E-6	6.851570E-6	-1.744734E-7	1.744734E-7
-6.000000E-2	-5.816100E-6	5.816100E-6	-1.481054E-7	1.481054E-7
-5.000000E-2	-4.800210E-6	4.800210E-6	-1.222361E-7	1.222361E-7
-4.000000E-2	-3.814890E-6	3.814890E-6	-9.714515E-8	9.714515E-8
-3.000000E-2	-2.841960E-6	2.841960E-6	-7.236975E-8	7.236975E-8
-2.000000E-2	-1.883580E-6	1.883580E-6	-4.796486E-8	4.796486E-8
-1.000000E-2	-9.442320E-7	9.442320E-7	-2.404461E-8	2.404461E-8
0.000000E+0	5.755770E-9	5.755770E-9	1.465691E-10	1.465691E-10
1.000000E-2	9.295410E-7	9.295410E-7	2.367051E-8	2.367051E-8
2.000000E-2	1.873890E-6	1.873890E-6	4.771810E-8	4.771810E-8
3.000000E-2	2.820370E-6	2.820370E-6	7.181996E-8	7.181996E-8
4.000000E-2	3.786360E-6	3.786360E-6	9.641864E-8	9.641864E-8
5.000000E-2	4.770010E-6	4.770010E-6	1.214670E-7	1.214670E-7
6.000000E-2	5.767530E-6	5.767530E-6	1.468686E-7	1.468686E-7
7.000000E-2	6.797310E-6	6.797310E-6	1.730917E-7	1.730917E-7
8.000000E-2	7.846800E-6	7.846800E-6	1.998167E-7	1.998167E-7
9.000000E-2	8.936100E-6	8.936100E-6	2.275554E-7	2.275554E-7
1.000000E-1	1.005173E-5	1.005173E-5	2.559646E-7	2.559646E-7
1.100000E-1	1.121245E-5	1.121245E-5	2.855220E-7	2.855220E-7
1.200000E-1	1.239800E-5	1.239800E-5	3.157117E-7	3.157117E-7
1.300000E-1	1.363800E-5	1.363800E-5	3.472880E-7	3.472880E-7
1.400000E-1	1.490870E-5	1.490870E-5	3.796460E-7	3.796460E-7
1.500000E-1	1.623280E-5	1.623280E-5	4.133639E-7	4.133639E-7
1.600000E-1	1.759960E-5	1.759960E-5	4.481691E-7	4.481691E-7
1.700000E-1	1.899990E-5	1.899990E-5	4.838273E-7	4.838273E-7
1.800000E-1	2.045660E-5	2.045660E-5	5.209218E-7	5.209218E-7
1.900000E-1	2.195110E-5	2.195110E-5	5.589789E-7	5.589789E-7
2.000000E-1	2.350190E-5	2.350190E-5	5.984696E-7	5.984696E-7
2.100000E-1	2.508850E-5	2.508850E-5	6.388719E-7	6.388719E-7
2.200000E-1	2.672890E-5	2.672890E-5	6.806442E-7	6.806442E-7
2.300000E-1	2.841260E-5	2.841260E-5	7.235192E-7	7.235192E-7
2.400000E-1	3.014770E-5	3.014770E-5	7.677031E-7	7.677031E-7
2.500000E-1	3.192430E-5	3.192430E-5	8.129437E-7	8.129437E-7
2.600000E-1	3.376240E-5	3.376240E-5	8.597504E-7	8.597504E-7
2.700000E-1	3.564930E-5	3.564930E-5	9.077998E-7	9.077998E-7
2.800000E-1	3.756970E-5	3.756970E-5	9.567023E-7	9.567023E-7
2.900000E-1	3.954310E-5	3.954310E-5	1.006954E-6	1.006954E-6
3.000000E-1	4.155210E-5	4.155210E-5	1.058113E-6	1.058113E-6
3.100000E-1	4.362490E-5	4.362490E-5	1.110896E-6	1.110896E-6
3.200000E-1	4.574520E-5	4.574520E-5	1.164889E-6	1.164889E-6
3.300000E-1	4.791170E-5	4.791170E-5	1.220059E-6	1.220059E-6
3.400000E-1	5.010370E-5	5.010370E-5	1.275877E-6	1.275877E-6
3.500000E-1	5.236690E-5	5.236690E-5	1.333509E-6	1.333509E-6
3.600000E-1	5.465900E-5	5.465900E-5	1.391877E-6	1.391877E-6
3.700000E-1	5.702440E-5	5.702440E-5	1.452111E-6	1.452111E-6
3.800000E-1	5.942170E-5	5.942170E-5	1.513158E-6	1.513158E-6
3.900000E-1	6.184650E-5	6.184650E-5	1.574904E-6	1.574904E-6
4.000000E-1	6.434360E-5	6.434360E-5	1.638492E-6	1.638492E-6
4.100000E-1	6.687350E-5	6.687350E-5	1.702916E-6	1.702916E-6
4.200000E-1	6.946420E-5	6.946420E-5	1.768887E-6	1.768887E-6
4.300000E-1	7.205560E-5	7.205560E-5	1.834876E-6	1.834876E-6
4.400000E-1	7.473820E-5	7.473820E-5	1.903188E-6	1.903188E-6
4.500000E-1	7.742260E-5	7.742260E-5	1.971546E-6	1.971546E-6
4.600000E-1	8.020600E-5	8.020600E-5	2.042424E-6	2.042424E-6
4.700000E-1	8.296900E-5	8.296900E-5	2.112783E-6	2.112783E-6
4.800000E-1	8.581830E-5	8.581830E-5	2.185340E-6	2.185340E-6
4.900000E-1	8.870670E-5	8.870670E-5	2.258892E-6	2.258892E-6
5.000000E-1	9.162170E-5	9.162170E-5	2.333122E-6	2.333122E-6
