

13:19:22	24/03/21


Ell Cont: 5,0x10,0

SMU1	V name:		V1
	I name:		I1
	Mode:		V
	Function:	VAR1
SMU2	V name:		V2
	I name:		I2
	Mode:		common
	Function:	const.
SMU3	off
SMU4	off
VMUs	off

Primary Source (VAR1):	single
	Sweep Spacing:	linear
	Start:		-0.500000
	Stop:		0.500000
	Step:		0.010000
	Compliance:	0.050000
Power Compliance OFF

Timing:		Integration Time:	medium
	Delay Time (sec):	0.000000
	Hold Time (sec):	0.000000
	Wait Time (sec):	1.000000

Secondary Source (VAR2):	OFF


   V1	   I1	Abs(I)	J (A\µm²)	Abs(J)
-5.000000E-1	-5.305460E-6	5.305460E-6	-1.351021E-7	1.351021E-7
-4.900000E-1	-5.163180E-6	5.163180E-6	-1.314790E-7	1.314790E-7
-4.800000E-1	-5.021970E-6	5.021970E-6	-1.278831E-7	1.278831E-7
-4.700000E-1	-4.884360E-6	4.884360E-6	-1.243789E-7	1.243789E-7
-4.600000E-1	-4.748390E-6	4.748390E-6	-1.209165E-7	1.209165E-7
-4.500000E-1	-4.614410E-6	4.614410E-6	-1.175047E-7	1.175047E-7
-4.400000E-1	-4.479580E-6	4.479580E-6	-1.140713E-7	1.140713E-7
-4.300000E-1	-4.347940E-6	4.347940E-6	-1.107191E-7	1.107191E-7
-4.200000E-1	-4.218780E-6	4.218780E-6	-1.074301E-7	1.074301E-7
-4.100000E-1	-4.089390E-6	4.089390E-6	-1.041352E-7	1.041352E-7
-4.000000E-1	-3.962670E-6	3.962670E-6	-1.009083E-7	1.009083E-7
-3.900000E-1	-3.835890E-6	3.835890E-6	-9.767991E-8	9.767991E-8
-3.800000E-1	-3.712330E-6	3.712330E-6	-9.453349E-8	9.453349E-8
-3.700000E-1	-3.588170E-6	3.588170E-6	-9.137178E-8	9.137178E-8
-3.600000E-1	-3.466900E-6	3.466900E-6	-8.828368E-8	8.828368E-8
-3.500000E-1	-3.346780E-6	3.346780E-6	-8.522485E-8	8.522485E-8
-3.400000E-1	-3.228150E-6	3.228150E-6	-8.220397E-8	8.220397E-8
-3.300000E-1	-3.109870E-6	3.109870E-6	-7.919200E-8	7.919200E-8
-3.200000E-1	-2.994110E-6	2.994110E-6	-7.624421E-8	7.624421E-8
-3.100000E-1	-2.879660E-6	2.879660E-6	-7.332977E-8	7.332977E-8
-3.000000E-1	-2.765640E-6	2.765640E-6	-7.042628E-8	7.042628E-8
-2.900000E-1	-2.654620E-6	2.654620E-6	-6.759918E-8	6.759918E-8
-2.800000E-1	-2.544580E-6	2.544580E-6	-6.479705E-8	6.479705E-8
-2.700000E-1	-2.436350E-6	2.436350E-6	-6.204100E-8	6.204100E-8
-2.600000E-1	-2.327900E-6	2.327900E-6	-5.927935E-8	5.927935E-8
-2.500000E-1	-2.222610E-6	2.222610E-6	-5.659817E-8	5.659817E-8
-2.400000E-1	-2.117770E-6	2.117770E-6	-5.392844E-8	5.392844E-8
-2.300000E-1	-2.014780E-6	2.014780E-6	-5.130583E-8	5.130583E-8
-2.200000E-1	-1.912890E-6	1.912890E-6	-4.871123E-8	4.871123E-8
-2.100000E-1	-1.813310E-6	1.813310E-6	-4.617545E-8	4.617545E-8
-2.000000E-1	-1.713810E-6	1.713810E-6	-4.364171E-8	4.364171E-8
-1.900000E-1	-1.616980E-6	1.616980E-6	-4.117596E-8	4.117596E-8
-1.800000E-1	-1.520660E-6	1.520660E-6	-3.872320E-8	3.872320E-8
-1.700000E-1	-1.426380E-6	1.426380E-6	-3.632238E-8	3.632238E-8
-1.600000E-1	-1.332860E-6	1.332860E-6	-3.394092E-8	3.394092E-8
-1.500000E-1	-1.240630E-6	1.240630E-6	-3.159231E-8	3.159231E-8
-1.400000E-1	-1.150460E-6	1.150460E-6	-2.929615E-8	2.929615E-8
-1.300000E-1	-1.061170E-6	1.061170E-6	-2.702241E-8	2.702241E-8
-1.200000E-1	-9.747020E-7	9.747020E-7	-2.482052E-8	2.482052E-8
-1.100000E-1	-8.871930E-7	8.871930E-7	-2.259213E-8	2.259213E-8
-1.000000E-1	-8.022880E-7	8.022880E-7	-2.043005E-8	2.043005E-8
-9.000000E-2	-7.176920E-7	7.176920E-7	-1.827583E-8	1.827583E-8
-8.000000E-2	-6.351220E-7	6.351220E-7	-1.617321E-8	1.617321E-8
-7.000000E-2	-5.527610E-7	5.527610E-7	-1.407591E-8	1.407591E-8
-6.000000E-2	-4.721230E-7	4.721230E-7	-1.202249E-8	1.202249E-8
-5.000000E-2	-3.914830E-7	3.914830E-7	-9.969009E-9	9.969009E-9
-4.000000E-2	-3.122180E-7	3.122180E-7	-7.950547E-9	7.950547E-9
-3.000000E-2	-2.329040E-7	2.329040E-7	-5.930838E-9	5.930838E-9
-2.000000E-2	-1.539030E-7	1.539030E-7	-3.919099E-9	3.919099E-9
-1.000000E-2	-7.661020E-8	7.661020E-8	-1.950858E-9	1.950858E-9
0.000000E+0	1.426090E-9	1.426090E-9	3.631500E-11	3.631500E-11
1.000000E-2	7.921850E-8	7.921850E-8	2.017278E-9	2.017278E-9
2.000000E-2	1.581200E-7	1.581200E-7	4.026483E-9	4.026483E-9
3.000000E-2	2.381550E-7	2.381550E-7	6.064553E-9	6.064553E-9
4.000000E-2	3.182970E-7	3.182970E-7	8.105347E-9	8.105347E-9
5.000000E-2	3.991390E-7	3.991390E-7	1.016397E-8	1.016397E-8
6.000000E-2	4.802590E-7	4.802590E-7	1.222967E-8	1.222967E-8
7.000000E-2	5.627260E-7	5.627260E-7	1.432967E-8	1.432967E-8
8.000000E-2	6.456720E-7	6.456720E-7	1.644186E-8	1.644186E-8
9.000000E-2	7.306580E-7	7.306580E-7	1.860601E-8	1.860601E-8
1.000000E-1	8.161140E-7	8.161140E-7	2.078212E-8	2.078212E-8
1.100000E-1	9.034660E-7	9.034660E-7	2.300652E-8	2.300652E-8
1.200000E-1	9.920640E-7	9.920640E-7	2.526264E-8	2.526264E-8
1.300000E-1	1.080940E-6	1.080940E-6	2.752585E-8	2.752585E-8
1.400000E-1	1.173280E-6	1.173280E-6	2.987726E-8	2.987726E-8
1.500000E-1	1.266860E-6	1.266860E-6	3.226025E-8	3.226025E-8
1.600000E-1	1.361610E-6	1.361610E-6	3.467303E-8	3.467303E-8
1.700000E-1	1.457650E-6	1.457650E-6	3.711867E-8	3.711867E-8
1.800000E-1	1.556230E-6	1.556230E-6	3.962898E-8	3.962898E-8
1.900000E-1	1.654880E-6	1.654880E-6	4.214107E-8	4.214107E-8
2.000000E-1	1.755840E-6	1.755840E-6	4.471199E-8	4.471199E-8
2.100000E-1	1.857920E-6	1.857920E-6	4.731143E-8	4.731143E-8
2.200000E-1	1.962360E-6	1.962360E-6	4.997097E-8	4.997097E-8
2.300000E-1	2.067830E-6	2.067830E-6	5.265673E-8	5.265673E-8
2.400000E-1	2.175710E-6	2.175710E-6	5.540387E-8	5.540387E-8
2.500000E-1	2.285340E-6	2.285340E-6	5.819557E-8	5.819557E-8
2.600000E-1	2.396310E-6	2.396310E-6	6.102139E-8	6.102139E-8
2.700000E-1	2.509150E-6	2.509150E-6	6.389483E-8	6.389483E-8
2.800000E-1	2.622130E-6	2.622130E-6	6.677184E-8	6.677184E-8
2.900000E-1	2.737450E-6	2.737450E-6	6.970843E-8	6.970843E-8
3.000000E-1	2.854090E-6	2.854090E-6	7.267863E-8	7.267863E-8
3.100000E-1	2.973790E-6	2.973790E-6	7.572676E-8	7.572676E-8
3.200000E-1	3.093850E-6	3.093850E-6	7.878406E-8	7.878406E-8
3.300000E-1	3.216390E-6	3.216390E-6	8.190451E-8	8.190451E-8
3.400000E-1	3.339060E-6	3.339060E-6	8.502826E-8	8.502826E-8
3.500000E-1	3.464580E-6	3.464580E-6	8.822460E-8	8.822460E-8
3.600000E-1	3.590520E-6	3.590520E-6	9.143163E-8	9.143163E-8
3.700000E-1	3.718890E-6	3.718890E-6	9.470053E-8	9.470053E-8
3.800000E-1	3.849900E-6	3.849900E-6	9.803667E-8	9.803667E-8
3.900000E-1	3.981140E-6	3.981140E-6	1.013787E-7	1.013787E-7
4.000000E-1	4.113660E-6	4.113660E-6	1.047532E-7	1.047532E-7
4.100000E-1	4.247530E-6	4.247530E-6	1.081622E-7	1.081622E-7
4.200000E-1	4.385890E-6	4.385890E-6	1.116855E-7	1.116855E-7
4.300000E-1	4.523120E-6	4.523120E-6	1.151800E-7	1.151800E-7
4.400000E-1	4.663360E-6	4.663360E-6	1.187512E-7	1.187512E-7
4.500000E-1	4.803200E-6	4.803200E-6	1.223122E-7	1.223122E-7
4.600000E-1	4.945430E-6	4.945430E-6	1.259340E-7	1.259340E-7
4.700000E-1	5.088370E-6	5.088370E-6	1.295740E-7	1.295740E-7
4.800000E-1	5.235440E-6	5.235440E-6	1.333191E-7	1.333191E-7
4.900000E-1	5.383950E-6	5.383950E-6	1.371008E-7	1.371008E-7
5.000000E-1	5.532030E-6	5.532030E-6	1.408717E-7	1.408717E-7
