

13:25:33	24/03/21


Ell Cont: 5,0x10,0

SMU1	V name:		V1
	I name:		I1
	Mode:		V
	Function:	VAR1
SMU2	V name:		V2
	I name:		I2
	Mode:		common
	Function:	const.
SMU3	off
SMU4	off
VMUs	off

Primary Source (VAR1):	single
	Sweep Spacing:	linear
	Start:		-0.500000
	Stop:		0.500000
	Step:		0.010000
	Compliance:	0.050000
Power Compliance OFF

Timing:		Integration Time:	medium
	Delay Time (sec):	0.000000
	Hold Time (sec):	0.000000
	Wait Time (sec):	1.000000

Secondary Source (VAR2):	OFF


   V1	   I1	Abs(I)	J (A\µm²)	Abs(J)
-5.000000E-1	-3.385580E-6	3.385580E-6	-8.621288E-8	8.621288E-8
-4.900000E-1	-3.331010E-6	3.331010E-6	-8.482327E-8	8.482327E-8
-4.800000E-1	-3.201400E-6	3.201400E-6	-8.152279E-8	8.152279E-8
-4.700000E-1	-3.188200E-6	3.188200E-6	-8.118666E-8	8.118666E-8
-4.600000E-1	-3.103820E-6	3.103820E-6	-7.903794E-8	7.903794E-8
-4.500000E-1	-3.017190E-6	3.017190E-6	-7.683193E-8	7.683193E-8
-4.400000E-1	-2.964920E-6	2.964920E-6	-7.550089E-8	7.550089E-8
-4.300000E-1	-2.913120E-6	2.913120E-6	-7.418182E-8	7.418182E-8
-4.200000E-1	-2.817320E-6	2.817320E-6	-7.174230E-8	7.174230E-8
-4.100000E-1	-2.717340E-6	2.717340E-6	-6.919633E-8	6.919633E-8
-4.000000E-1	-2.563170E-6	2.563170E-6	-6.527043E-8	6.527043E-8
-3.900000E-1	-2.546140E-6	2.546140E-6	-6.483677E-8	6.483677E-8
-3.800000E-1	-2.424810E-6	2.424810E-6	-6.174713E-8	6.174713E-8
-3.700000E-1	-2.365780E-6	2.365780E-6	-6.024395E-8	6.024395E-8
-3.600000E-1	-2.299410E-6	2.299410E-6	-5.855386E-8	5.855386E-8
-3.500000E-1	-2.256300E-6	2.256300E-6	-5.745607E-8	5.745607E-8
-3.400000E-1	-2.167110E-6	2.167110E-6	-5.518487E-8	5.518487E-8
-3.300000E-1	-2.121340E-6	2.121340E-6	-5.401935E-8	5.401935E-8
-3.200000E-1	-2.042490E-6	2.042490E-6	-5.201146E-8	5.201146E-8
-3.100000E-1	-1.938160E-6	1.938160E-6	-4.935472E-8	4.935472E-8
-3.000000E-1	-1.888960E-6	1.888960E-6	-4.810186E-8	4.810186E-8
-2.900000E-1	-1.839930E-6	1.839930E-6	-4.685332E-8	4.685332E-8
-2.800000E-1	-1.766840E-6	1.766840E-6	-4.499211E-8	4.499211E-8
-2.700000E-1	-1.674220E-6	1.674220E-6	-4.263356E-8	4.263356E-8
-2.600000E-1	-1.644830E-6	1.644830E-6	-4.188515E-8	4.188515E-8
-2.500000E-1	-1.561590E-6	1.561590E-6	-3.976547E-8	3.976547E-8
-2.400000E-1	-1.494280E-6	1.494280E-6	-3.805144E-8	3.805144E-8
-2.300000E-1	-1.409890E-6	1.409890E-6	-3.590247E-8	3.590247E-8
-2.200000E-1	-1.365620E-6	1.365620E-6	-3.477515E-8	3.477515E-8
-2.100000E-1	-1.291350E-6	1.291350E-6	-3.288388E-8	3.288388E-8
-2.000000E-1	-1.221680E-6	1.221680E-6	-3.110975E-8	3.110975E-8
-1.900000E-1	-1.152960E-6	1.152960E-6	-2.935982E-8	2.935982E-8
-1.800000E-1	-1.083330E-6	1.083330E-6	-2.758671E-8	2.758671E-8
-1.700000E-1	-1.022990E-6	1.022990E-6	-2.605017E-8	2.605017E-8
-1.600000E-1	-9.534840E-7	9.534840E-7	-2.428021E-8	2.428021E-8
-1.500000E-1	-8.662880E-7	8.662880E-7	-2.205979E-8	2.205979E-8
-1.400000E-1	-8.299820E-7	8.299820E-7	-2.113527E-8	2.113527E-8
-1.300000E-1	-7.640790E-7	7.640790E-7	-1.945707E-8	1.945707E-8
-1.200000E-1	-7.065870E-7	7.065870E-7	-1.799305E-8	1.799305E-8
-1.100000E-1	-6.352120E-7	6.352120E-7	-1.617550E-8	1.617550E-8
-1.000000E-1	-5.780510E-7	5.780510E-7	-1.471991E-8	1.471991E-8
-9.000000E-2	-5.244310E-7	5.244310E-7	-1.335449E-8	1.335449E-8
-8.000000E-2	-4.630190E-7	4.630190E-7	-1.179065E-8	1.179065E-8
-7.000000E-2	-4.111130E-7	4.111130E-7	-1.046888E-8	1.046888E-8
-6.000000E-2	-3.424600E-7	3.424600E-7	-8.720652E-9	8.720652E-9
-5.000000E-2	-2.894170E-7	2.894170E-7	-7.369926E-9	7.369926E-9
-4.000000E-2	-2.317190E-7	2.317190E-7	-5.900662E-9	5.900662E-9
-3.000000E-2	-1.726300E-7	1.726300E-7	-4.395977E-9	4.395977E-9
-2.000000E-2	-1.114290E-7	1.114290E-7	-2.837510E-9	2.837510E-9
-1.000000E-2	-5.640720E-8	5.640720E-8	-1.436394E-9	1.436394E-9
0.000000E+0	2.637800E-9	2.637800E-9	6.717087E-11	6.717087E-11
1.000000E-2	5.904800E-8	5.904800E-8	1.503641E-9	1.503641E-9
2.000000E-2	1.188330E-7	1.188330E-7	3.026050E-9	3.026050E-9
3.000000E-2	1.799650E-7	1.799650E-7	4.582760E-9	4.582760E-9
4.000000E-2	2.371280E-7	2.371280E-7	6.038401E-9	6.038401E-9
5.000000E-2	2.949270E-7	2.949270E-7	7.510237E-9	7.510237E-9
6.000000E-2	3.613620E-7	3.613620E-7	9.201986E-9	9.201986E-9
7.000000E-2	4.276060E-7	4.276060E-7	1.088887E-8	1.088887E-8
8.000000E-2	4.882650E-7	4.882650E-7	1.243354E-8	1.243354E-8
9.000000E-2	5.487220E-7	5.487220E-7	1.397306E-8	1.397306E-8
1.000000E-1	6.128090E-7	6.128090E-7	1.560502E-8	1.560502E-8
1.100000E-1	6.741380E-7	6.741380E-7	1.716674E-8	1.716674E-8
1.200000E-1	7.375440E-7	7.375440E-7	1.878136E-8	1.878136E-8
1.300000E-1	8.037100E-7	8.037100E-7	2.046626E-8	2.046626E-8
1.400000E-1	8.700180E-7	8.700180E-7	2.215477E-8	2.215477E-8
1.500000E-1	9.391560E-7	9.391560E-7	2.391535E-8	2.391535E-8
1.600000E-1	1.005353E-6	1.005353E-6	2.560104E-8	2.560104E-8
1.700000E-1	1.081327E-6	1.081327E-6	2.753570E-8	2.753570E-8
1.800000E-1	1.148050E-6	1.148050E-6	2.923478E-8	2.923478E-8
1.900000E-1	1.211770E-6	1.211770E-6	3.085740E-8	3.085740E-8
2.000000E-1	1.287530E-6	1.287530E-6	3.278661E-8	3.278661E-8
2.100000E-1	1.351940E-6	1.351940E-6	3.442679E-8	3.442679E-8
2.200000E-1	1.425870E-6	1.425870E-6	3.630940E-8	3.630940E-8
2.300000E-1	1.501530E-6	1.501530E-6	3.823606E-8	3.823606E-8
2.400000E-1	1.566300E-6	1.566300E-6	3.988541E-8	3.988541E-8
2.500000E-1	1.657720E-6	1.657720E-6	4.221339E-8	4.221339E-8
2.600000E-1	1.723590E-6	1.723590E-6	4.389076E-8	4.389076E-8
2.700000E-1	1.808060E-6	1.808060E-6	4.604176E-8	4.604176E-8
2.800000E-1	1.861770E-6	1.861770E-6	4.740947E-8	4.740947E-8
2.900000E-1	1.951350E-6	1.951350E-6	4.969060E-8	4.969060E-8
3.000000E-1	2.033250E-6	2.033250E-6	5.177616E-8	5.177616E-8
3.100000E-1	2.100210E-6	2.100210E-6	5.348128E-8	5.348128E-8
3.200000E-1	2.195770E-6	2.195770E-6	5.591469E-8	5.591469E-8
3.300000E-1	2.268580E-6	2.268580E-6	5.776878E-8	5.776878E-8
3.400000E-1	2.355190E-6	2.355190E-6	5.997428E-8	5.997428E-8
3.500000E-1	2.292790E-6	2.292790E-6	5.838528E-8	5.838528E-8
3.600000E-1	2.243420E-6	2.243420E-6	5.712809E-8	5.712809E-8
3.700000E-1	2.309740E-6	2.309740E-6	5.881691E-8	5.881691E-8
3.800000E-1	2.371400E-6	2.371400E-6	6.038706E-8	6.038706E-8
3.900000E-1	2.447420E-6	2.447420E-6	6.232289E-8	6.232289E-8
4.000000E-1	2.539100E-6	2.539100E-6	6.465750E-8	6.465750E-8
4.100000E-1	2.559410E-6	2.559410E-6	6.517469E-8	6.517469E-8
4.200000E-1	2.612250E-6	2.612250E-6	6.652024E-8	6.652024E-8
4.300000E-1	2.657450E-6	2.657450E-6	6.767125E-8	6.767125E-8
4.400000E-1	2.744350E-6	2.744350E-6	6.988413E-8	6.988413E-8
4.500000E-1	2.816620E-6	2.816620E-6	7.172447E-8	7.172447E-8
4.600000E-1	2.884180E-6	2.884180E-6	7.344487E-8	7.344487E-8
4.700000E-1	2.960760E-6	2.960760E-6	7.539496E-8	7.539496E-8
4.800000E-1	3.028270E-6	3.028270E-6	7.711408E-8	7.711408E-8
4.900000E-1	3.098400E-6	3.098400E-6	7.889992E-8	7.889992E-8
5.000000E-1	3.180770E-6	3.180770E-6	8.099745E-8	8.099745E-8
