

11:50:36	16/03/21


Ell Cont: 5,0x10,0

SMU1	V name:		V1
	I name:		I1
	Mode:		V
	Function:	VAR1
SMU2	V name:		V2
	I name:		I2
	Mode:		common
	Function:	const.
SMU3	off
SMU4	off
VMUs	off

Primary Source (VAR1):	single
	Sweep Spacing:	linear
	Start:		-0.500000
	Stop:		0.500000
	Step:		0.010000
	Compliance:	0.050000
Power Compliance OFF

Timing:		Integration Time:	medium
	Delay Time (sec):	0.000000
	Hold Time (sec):	0.000000
	Wait Time (sec):	1.000000

Secondary Source (VAR2):	OFF


   V1	   I1	Abs(I)	J (A\µm²)	Abs(J)
-5.000000E-1	-5.402190E-8	5.402190E-8	-1.375653E-9	1.375653E-9
-4.900000E-1	-5.120750E-8	5.120750E-8	-1.303985E-9	1.303985E-9
-4.800000E-1	-4.896350E-8	4.896350E-8	-1.246842E-9	1.246842E-9
-4.700000E-1	-4.697440E-8	4.697440E-8	-1.196190E-9	1.196190E-9
-4.600000E-1	-4.504030E-8	4.504030E-8	-1.146939E-9	1.146939E-9
-4.500000E-1	-4.314510E-8	4.314510E-8	-1.098678E-9	1.098678E-9
-4.400000E-1	-4.154410E-8	4.154410E-8	-1.057909E-9	1.057909E-9
-4.300000E-1	-3.967060E-8	3.967060E-8	-1.010201E-9	1.010201E-9
-4.200000E-1	-3.802730E-8	3.802730E-8	-9.683550E-10	9.683550E-10
-4.100000E-1	-3.632550E-8	3.632550E-8	-9.250191E-10	9.250191E-10
-4.000000E-1	-3.467470E-8	3.467470E-8	-8.829819E-10	8.829819E-10
-3.900000E-1	-3.313820E-8	3.313820E-8	-8.438554E-10	8.438554E-10
-3.800000E-1	-3.171600E-8	3.171600E-8	-8.076394E-10	8.076394E-10
-3.700000E-1	-3.020400E-8	3.020400E-8	-7.691367E-10	7.691367E-10
-3.600000E-1	-2.870860E-8	2.870860E-8	-7.310568E-10	7.310568E-10
-3.500000E-1	-2.731690E-8	2.731690E-8	-6.956175E-10	6.956175E-10
-3.400000E-1	-2.590400E-8	2.590400E-8	-6.596384E-10	6.596384E-10
-3.300000E-1	-2.461900E-8	2.461900E-8	-6.269162E-10	6.269162E-10
-3.200000E-1	-2.339260E-8	2.339260E-8	-5.956863E-10	5.956863E-10
-3.100000E-1	-2.204250E-8	2.204250E-8	-5.613063E-10	5.613063E-10
-3.000000E-1	-2.087780E-8	2.087780E-8	-5.316476E-10	5.316476E-10
-2.900000E-1	-1.958480E-8	1.958480E-8	-4.987217E-10	4.987217E-10
-2.800000E-1	-1.844040E-8	1.844040E-8	-4.695798E-10	4.695798E-10
-2.700000E-1	-1.735160E-8	1.735160E-8	-4.418538E-10	4.418538E-10
-2.600000E-1	-1.622020E-8	1.622020E-8	-4.130430E-10	4.130430E-10
-2.500000E-1	-1.515250E-8	1.515250E-8	-3.858543E-10	3.858543E-10
-2.400000E-1	-1.406070E-8	1.406070E-8	-3.580519E-10	3.580519E-10
-2.300000E-1	-1.309900E-8	1.309900E-8	-3.335625E-10	3.335625E-10
-2.200000E-1	-1.216290E-8	1.216290E-8	-3.097250E-10	3.097250E-10
-2.100000E-1	-1.134180E-8	1.134180E-8	-2.888159E-10	2.888159E-10
-2.000000E-1	-1.059840E-8	1.059840E-8	-2.698854E-10	2.698854E-10
-1.900000E-1	-9.855000E-9	9.855000E-9	-2.509549E-10	2.509549E-10
-1.800000E-1	-9.177370E-9	9.177370E-9	-2.336993E-10	2.336993E-10
-1.700000E-1	-8.357240E-9	8.357240E-9	-2.128149E-10	2.128149E-10
-1.600000E-1	-7.630080E-9	7.630080E-9	-1.942979E-10	1.942979E-10
-1.500000E-1	-6.950230E-9	6.950230E-9	-1.769857E-10	1.769857E-10
-1.400000E-1	-6.255940E-9	6.255940E-9	-1.593058E-10	1.593058E-10
-1.300000E-1	-5.604940E-9	5.604940E-9	-1.427283E-10	1.427283E-10
-1.200000E-1	-5.023480E-9	5.023480E-9	-1.279216E-10	1.279216E-10
-1.100000E-1	-4.432180E-9	4.432180E-9	-1.128643E-10	1.128643E-10
-1.000000E-1	-3.911100E-9	3.911100E-9	-9.959511E-11	9.959511E-11
-9.000000E-2	-3.377200E-9	3.377200E-9	-8.599949E-11	8.599949E-11
-8.000000E-2	-2.890950E-9	2.890950E-9	-7.361726E-11	7.361726E-11
-7.000000E-2	-2.428480E-9	2.428480E-9	-6.184059E-11	6.184059E-11
-6.000000E-2	-2.005460E-9	2.005460E-9	-5.106850E-11	5.106850E-11
-5.000000E-2	-1.575430E-9	1.575430E-9	-4.011790E-11	4.011790E-11
-4.000000E-2	-1.191260E-9	1.191260E-9	-3.033512E-11	3.033512E-11
-3.000000E-2	-8.385500E-10	8.385500E-10	-2.135345E-11	2.135345E-11
-2.000000E-2	-5.321700E-10	5.321700E-10	-1.355157E-11	1.355157E-11
-1.000000E-2	-2.214600E-10	2.214600E-10	-5.639419E-12	5.639419E-12
0.000000E+0	1.198500E-10	1.198500E-10	3.051948E-12	3.051948E-12
1.000000E-2	4.675600E-10	4.675600E-10	1.190629E-11	1.190629E-11
2.000000E-2	8.458200E-10	8.458200E-10	2.153858E-11	2.153858E-11
3.000000E-2	1.318090E-9	1.318090E-9	3.356481E-11	3.356481E-11
4.000000E-2	1.733020E-9	1.733020E-9	4.413089E-11	4.413089E-11
5.000000E-2	2.145850E-9	2.145850E-9	5.464349E-11	5.464349E-11
6.000000E-2	2.564060E-9	2.564060E-9	6.529310E-11	6.529310E-11
7.000000E-2	3.000900E-9	3.000900E-9	7.641711E-11	7.641711E-11
8.000000E-2	3.443280E-9	3.443280E-9	8.768220E-11	8.768220E-11
9.000000E-2	3.919150E-9	3.919150E-9	9.980010E-11	9.980010E-11
1.000000E-1	4.429180E-9	4.429180E-9	1.127879E-10	1.127879E-10
1.100000E-1	4.954890E-9	4.954890E-9	1.261749E-10	1.261749E-10
1.200000E-1	5.497360E-9	5.497360E-9	1.399888E-10	1.399888E-10
1.300000E-1	6.060610E-9	6.060610E-9	1.543318E-10	1.543318E-10
1.400000E-1	6.673280E-9	6.673280E-9	1.699333E-10	1.699333E-10
1.500000E-1	7.171770E-9	7.171770E-9	1.826272E-10	1.826272E-10
1.600000E-1	7.863210E-9	7.863210E-9	2.002345E-10	2.002345E-10
1.700000E-1	8.459850E-9	8.459850E-9	2.154278E-10	2.154278E-10
1.800000E-1	9.192540E-9	9.192540E-9	2.340856E-10	2.340856E-10
1.900000E-1	9.937200E-9	9.937200E-9	2.530481E-10	2.530481E-10
2.000000E-1	1.110460E-8	1.110460E-8	2.827757E-10	2.827757E-10
2.100000E-1	1.198830E-8	1.198830E-8	3.052788E-10	3.052788E-10
2.200000E-1	1.285900E-8	1.285900E-8	3.274510E-10	3.274510E-10
2.300000E-1	1.375980E-8	1.375980E-8	3.503896E-10	3.503896E-10
2.400000E-1	1.472750E-8	1.472750E-8	3.750318E-10	3.750318E-10
2.500000E-1	1.567110E-8	1.567110E-8	3.990603E-10	3.990603E-10
2.600000E-1	1.666910E-8	1.666910E-8	4.244741E-10	4.244741E-10
2.700000E-1	1.770060E-8	1.770060E-8	4.507410E-10	4.507410E-10
2.800000E-1	1.872520E-8	1.872520E-8	4.768322E-10	4.768322E-10
2.900000E-1	1.984920E-8	1.984920E-8	5.054545E-10	5.054545E-10
3.000000E-1	2.093210E-8	2.093210E-8	5.330303E-10	5.330303E-10
3.100000E-1	2.207170E-8	2.207170E-8	5.620499E-10	5.620499E-10
3.200000E-1	2.330230E-8	2.330230E-8	5.933868E-10	5.933868E-10
3.300000E-1	2.448520E-8	2.448520E-8	6.235090E-10	6.235090E-10
3.400000E-1	2.573340E-8	2.573340E-8	6.552941E-10	6.552941E-10
3.500000E-1	2.700520E-8	2.700520E-8	6.876802E-10	6.876802E-10
3.600000E-1	2.839400E-8	2.839400E-8	7.230456E-10	7.230456E-10
3.700000E-1	2.969560E-8	2.969560E-8	7.561905E-10	7.561905E-10
3.800000E-1	3.106850E-8	3.106850E-8	7.911510E-10	7.911510E-10
3.900000E-1	3.248620E-8	3.248620E-8	8.272523E-10	8.272523E-10
4.000000E-1	3.376270E-8	3.376270E-8	8.597581E-10	8.597581E-10
4.100000E-1	3.534670E-8	3.534670E-8	9.000942E-10	9.000942E-10
4.200000E-1	3.689030E-8	3.689030E-8	9.394016E-10	9.394016E-10
4.300000E-1	3.848050E-8	3.848050E-8	9.798956E-10	9.798956E-10
4.400000E-1	4.003200E-8	4.003200E-8	1.019404E-9	1.019404E-9
4.500000E-1	4.174210E-8	4.174210E-8	1.062951E-9	1.062951E-9
4.600000E-1	4.344780E-8	4.344780E-8	1.106387E-9	1.106387E-9
4.700000E-1	4.496890E-8	4.496890E-8	1.145121E-9	1.145121E-9
4.800000E-1	4.673590E-8	4.673590E-8	1.190117E-9	1.190117E-9
4.900000E-1	4.867560E-8	4.867560E-8	1.239511E-9	1.239511E-9
5.000000E-1	5.083920E-8	5.083920E-8	1.294607E-9	1.294607E-9
