

11:44:22	16/03/21


Ell Cont: 5,0x10,0

SMU1	V name:		V1
	I name:		I1
	Mode:		V
	Function:	VAR1
SMU2	V name:		V2
	I name:		I2
	Mode:		common
	Function:	const.
SMU3	off
SMU4	off
VMUs	off

Primary Source (VAR1):	single
	Sweep Spacing:	linear
	Start:		-0.500000
	Stop:		0.500000
	Step:		0.010000
	Compliance:	0.050000
Power Compliance OFF

Timing:		Integration Time:	medium
	Delay Time (sec):	0.000000
	Hold Time (sec):	0.000000
	Wait Time (sec):	1.000000

Secondary Source (VAR2):	OFF


   V1	   I1	Abs(I)	J (A\µm²)	Abs(J)
-5.000000E-1	-6.040880E-6	6.040880E-6	-1.538294E-7	1.538294E-7
-4.900000E-1	-5.597790E-6	5.597790E-6	-1.425462E-7	1.425462E-7
-4.800000E-1	-5.498070E-6	5.498070E-6	-1.400069E-7	1.400069E-7
-4.700000E-1	-5.271950E-6	5.271950E-6	-1.342488E-7	1.342488E-7
-4.600000E-1	-5.151950E-6	5.151950E-6	-1.311930E-7	1.311930E-7
-4.500000E-1	-4.995160E-6	4.995160E-6	-1.272004E-7	1.272004E-7
-4.400000E-1	-4.945910E-6	4.945910E-6	-1.259463E-7	1.259463E-7
-4.300000E-1	-5.006980E-6	5.006980E-6	-1.275014E-7	1.275014E-7
-4.200000E-1	-4.804270E-6	4.804270E-6	-1.223394E-7	1.223394E-7
-4.100000E-1	-4.733910E-6	4.733910E-6	-1.205477E-7	1.205477E-7
-4.000000E-1	-4.390060E-6	4.390060E-6	-1.117917E-7	1.117917E-7
-3.900000E-1	-4.229720E-6	4.229720E-6	-1.077087E-7	1.077087E-7
-3.800000E-1	-4.085490E-6	4.085490E-6	-1.040359E-7	1.040359E-7
-3.700000E-1	-3.843340E-6	3.843340E-6	-9.786962E-8	9.786962E-8
-3.600000E-1	-3.819320E-6	3.819320E-6	-9.725796E-8	9.725796E-8
-3.500000E-1	-3.652980E-6	3.652980E-6	-9.302215E-8	9.302215E-8
-3.400000E-1	-3.599330E-6	3.599330E-6	-9.165597E-8	9.165597E-8
-3.300000E-1	-3.381590E-6	3.381590E-6	-8.611128E-8	8.611128E-8
-3.200000E-1	-3.294730E-6	3.294730E-6	-8.389941E-8	8.389941E-8
-3.100000E-1	-3.194570E-6	3.194570E-6	-8.134887E-8	8.134887E-8
-3.000000E-1	-3.036430E-6	3.036430E-6	-7.732187E-8	7.732187E-8
-2.900000E-1	-3.048730E-6	3.048730E-6	-7.763509E-8	7.763509E-8
-2.800000E-1	-2.852500E-6	2.852500E-6	-7.263815E-8	7.263815E-8
-2.700000E-1	-2.570940E-6	2.570940E-6	-6.546830E-8	6.546830E-8
-2.600000E-1	-2.651130E-6	2.651130E-6	-6.751031E-8	6.751031E-8
-2.500000E-1	-2.616260E-6	2.616260E-6	-6.662236E-8	6.662236E-8
-2.400000E-1	-2.546090E-6	2.546090E-6	-6.483550E-8	6.483550E-8
-2.300000E-1	-2.584300E-6	2.584300E-6	-6.580850E-8	6.580850E-8
-2.200000E-1	-2.509910E-6	2.509910E-6	-6.391418E-8	6.391418E-8
-2.100000E-1	-2.357090E-6	2.357090E-6	-6.002266E-8	6.002266E-8
-2.000000E-1	-2.177270E-6	2.177270E-6	-5.544359E-8	5.544359E-8
-1.900000E-1	-2.078200E-6	2.078200E-6	-5.292080E-8	5.292080E-8
-1.800000E-1	-1.959980E-6	1.959980E-6	-4.991036E-8	4.991036E-8
-1.700000E-1	-1.858260E-6	1.858260E-6	-4.732009E-8	4.732009E-8
-1.600000E-1	-1.731550E-6	1.731550E-6	-4.409346E-8	4.409346E-8
-1.500000E-1	-1.658670E-6	1.658670E-6	-4.223759E-8	4.223759E-8
-1.400000E-1	-1.533430E-6	1.533430E-6	-3.904838E-8	3.904838E-8
-1.300000E-1	-1.408000E-6	1.408000E-6	-3.585434E-8	3.585434E-8
-1.200000E-1	-1.277490E-6	1.277490E-6	-3.253094E-8	3.253094E-8
-1.100000E-1	-1.149800E-6	1.149800E-6	-2.927935E-8	2.927935E-8
-1.000000E-1	-1.063660E-6	1.063660E-6	-2.708582E-8	2.708582E-8
-9.000000E-2	-9.492800E-7	9.492800E-7	-2.417316E-8	2.417316E-8
-8.000000E-2	-8.612040E-7	8.612040E-7	-2.193033E-8	2.193033E-8
-7.000000E-2	-7.628200E-7	7.628200E-7	-1.942501E-8	1.942501E-8
-6.000000E-2	-6.483240E-7	6.483240E-7	-1.650940E-8	1.650940E-8
-5.000000E-2	-5.490300E-7	5.490300E-7	-1.398090E-8	1.398090E-8
-4.000000E-2	-4.357140E-7	4.357140E-7	-1.109534E-8	1.109534E-8
-3.000000E-2	-3.270540E-7	3.270540E-7	-8.328342E-9	8.328342E-9
-2.000000E-2	-2.203160E-7	2.203160E-7	-5.610288E-9	5.610288E-9
-1.000000E-2	-1.115580E-7	1.115580E-7	-2.840794E-9	2.840794E-9
0.000000E+0	-5.370200E-10	5.370200E-10	-1.367507E-11	1.367507E-11
1.000000E-2	1.101970E-7	1.101970E-7	2.806137E-9	2.806137E-9
2.000000E-2	2.209570E-7	2.209570E-7	5.626611E-9	5.626611E-9
3.000000E-2	3.308110E-7	3.308110E-7	8.424013E-9	8.424013E-9
4.000000E-2	4.499630E-7	4.499630E-7	1.145819E-8	1.145819E-8
5.000000E-2	5.845450E-7	5.845450E-7	1.488528E-8	1.488528E-8
6.000000E-2	6.812980E-7	6.812980E-7	1.734907E-8	1.734907E-8
7.000000E-2	8.233230E-7	8.233230E-7	2.096570E-8	2.096570E-8
8.000000E-2	9.535040E-7	9.535040E-7	2.428072E-8	2.428072E-8
9.000000E-2	1.064078E-6	1.064078E-6	2.709646E-8	2.709646E-8
1.000000E-1	1.188970E-6	1.188970E-6	3.027680E-8	3.027680E-8
1.100000E-1	1.315160E-6	1.315160E-6	3.349020E-8	3.349020E-8
1.200000E-1	1.473180E-6	1.473180E-6	3.751413E-8	3.751413E-8
1.300000E-1	1.659360E-6	1.659360E-6	4.225516E-8	4.225516E-8
1.400000E-1	1.753760E-6	1.753760E-6	4.465903E-8	4.465903E-8
1.500000E-1	1.846080E-6	1.846080E-6	4.700993E-8	4.700993E-8
1.600000E-1	2.020140E-6	2.020140E-6	5.144232E-8	5.144232E-8
1.700000E-1	2.078970E-6	2.078970E-6	5.294041E-8	5.294041E-8
1.800000E-1	2.197750E-6	2.197750E-6	5.596511E-8	5.596511E-8
1.900000E-1	2.330020E-6	2.330020E-6	5.933333E-8	5.933333E-8
2.000000E-1	2.489440E-6	2.489440E-6	6.339292E-8	6.339292E-8
2.100000E-1	2.691400E-6	2.691400E-6	6.853578E-8	6.853578E-8
2.200000E-1	2.813230E-6	2.813230E-6	7.163815E-8	7.163815E-8
2.300000E-1	2.945680E-6	2.945680E-6	7.501095E-8	7.501095E-8
2.400000E-1	3.063520E-6	3.063520E-6	7.801171E-8	7.801171E-8
2.500000E-1	3.136370E-6	3.136370E-6	7.986682E-8	7.986682E-8
2.600000E-1	3.366650E-6	3.366650E-6	8.573084E-8	8.573084E-8
2.700000E-1	3.489190E-6	3.489190E-6	8.885128E-8	8.885128E-8
2.800000E-1	3.628750E-6	3.628750E-6	9.240514E-8	9.240514E-8
2.900000E-1	3.788870E-6	3.788870E-6	9.648256E-8	9.648256E-8
3.000000E-1	3.903530E-6	3.903530E-6	9.940234E-8	9.940234E-8
3.100000E-1	4.253700E-6	4.253700E-6	1.083193E-7	1.083193E-7
3.200000E-1	4.451220E-6	4.451220E-6	1.133491E-7	1.133491E-7
3.300000E-1	4.805290E-6	4.805290E-6	1.223654E-7	1.223654E-7
3.400000E-1	4.922330E-6	4.922330E-6	1.253458E-7	1.253458E-7
3.500000E-1	5.477560E-6	5.477560E-6	1.394846E-7	1.394846E-7
3.600000E-1	5.716680E-6	5.716680E-6	1.455737E-7	1.455737E-7
3.700000E-1	5.796010E-6	5.796010E-6	1.475938E-7	1.475938E-7
3.800000E-1	9.422180E-6	9.422180E-6	2.399333E-7	2.399333E-7
3.900000E-1	2.034480E-5	2.034480E-5	5.180749E-7	5.180749E-7
4.000000E-1	3.826000E-5	3.826000E-5	9.742806E-7	9.742806E-7
4.100000E-1	3.979530E-5	3.979530E-5	1.013377E-6	1.013377E-6
4.200000E-1	4.148330E-5	4.148330E-5	1.056361E-6	1.056361E-6
4.300000E-1	4.167460E-5	4.167460E-5	1.061232E-6	1.061232E-6
4.400000E-1	4.775230E-5	4.775230E-5	1.215999E-6	1.215999E-6
4.500000E-1	5.294660E-5	5.294660E-5	1.348271E-6	1.348271E-6
4.600000E-1	6.388380E-5	6.388380E-5	1.626784E-6	1.626784E-6
4.700000E-1	7.264250E-5	7.264250E-5	1.849822E-6	1.849822E-6
4.800000E-1	1.977940E-4	1.977940E-4	5.036771E-6	5.036771E-6
4.900000E-1	2.521050E-4	2.521050E-4	6.419786E-6	6.419786E-6
5.000000E-1	2.689950E-4	2.689950E-4	6.849885E-6	6.849885E-6
