

12:37:46	16/03/21


Ell Cont: 5,0x10,0

SMU1	V name:		V1
	I name:		I1
	Mode:		V
	Function:	VAR1
SMU2	V name:		V2
	I name:		I2
	Mode:		common
	Function:	const.
SMU3	off
SMU4	off
VMUs	off

Primary Source (VAR1):	single
	Sweep Spacing:	linear
	Start:		-0.500000
	Stop:		0.500000
	Step:		0.010000
	Compliance:	0.050000
Power Compliance OFF

Timing:		Integration Time:	medium
	Delay Time (sec):	0.000000
	Hold Time (sec):	0.000000
	Wait Time (sec):	1.000000

Secondary Source (VAR2):	OFF


   V1	   I1	Abs(I)	J (A\µm²)	Abs(J)
-5.000000E-1	-1.332000E-11	1.332000E-11	-3.391902E-13	3.391902E-13
-4.900000E-1	-8.510000E-12	8.510000E-12	-2.167049E-13	2.167049E-13
-4.800000E-1	-6.320000E-12	6.320000E-12	-1.609371E-13	1.609371E-13
-4.700000E-1	-4.300000E-12	4.300000E-12	-1.094983E-13	1.094983E-13
-4.600000E-1	-3.040000E-12	3.040000E-12	-7.741278E-14	7.741278E-14
-4.500000E-1	-2.510000E-12	2.510000E-12	-6.391647E-14	6.391647E-14
-4.400000E-1	-1.500000E-12	1.500000E-12	-3.819710E-14	3.819710E-14
-4.300000E-1	-1.170000E-12	1.170000E-12	-2.979374E-14	2.979374E-14
-4.200000E-1	-5.700000E-13	5.700000E-13	-1.451490E-14	1.451490E-14
-4.100000E-1	1.000000E-13	1.000000E-13	2.546473E-15	2.546473E-15
-4.000000E-1	3.400000E-13	3.400000E-13	8.658009E-15	8.658009E-15
-3.900000E-1	5.400000E-13	5.400000E-13	1.375095E-14	1.375095E-14
-3.800000E-1	9.400000E-13	9.400000E-13	2.393685E-14	2.393685E-14
-3.700000E-1	3.210000E-12	3.210000E-12	8.174179E-14	8.174179E-14
-3.600000E-1	-7.000000E-13	7.000000E-13	-1.782531E-14	1.782531E-14
-3.500000E-1	-3.660000E-12	3.660000E-12	-9.320092E-14	9.320092E-14
-3.400000E-1	5.200000E-13	5.200000E-13	1.324166E-14	1.324166E-14
-3.300000E-1	-2.200000E-12	2.200000E-12	-5.602241E-14	5.602241E-14
-3.200000E-1	1.710000E-12	1.710000E-12	4.354469E-14	4.354469E-14
-3.100000E-1	4.900000E-13	4.900000E-13	1.247772E-14	1.247772E-14
-3.000000E-1	9.100000E-13	9.100000E-13	2.317291E-14	2.317291E-14
-2.900000E-1	1.650000E-12	1.650000E-12	4.201681E-14	4.201681E-14
-2.800000E-1	1.580000E-12	1.580000E-12	4.023428E-14	4.023428E-14
-2.700000E-1	1.620000E-12	1.620000E-12	4.125286E-14	4.125286E-14
-2.600000E-1	1.440000E-12	1.440000E-12	3.666921E-14	3.666921E-14
-2.500000E-1	7.400000E-13	7.400000E-13	1.884390E-14	1.884390E-14
-2.400000E-1	1.520000E-12	1.520000E-12	3.870639E-14	3.870639E-14
-2.300000E-1	1.700000E-12	1.700000E-12	4.329004E-14	4.329004E-14
-2.200000E-1	1.450000E-12	1.450000E-12	3.692386E-14	3.692386E-14
-2.100000E-1	1.280000E-12	1.280000E-12	3.259486E-14	3.259486E-14
-2.000000E-1	1.850000E-12	1.850000E-12	4.710975E-14	4.710975E-14
-1.900000E-1	1.580000E-12	1.580000E-12	4.023428E-14	4.023428E-14
-1.800000E-1	1.500000E-12	1.500000E-12	3.819710E-14	3.819710E-14
-1.700000E-1	1.450000E-12	1.450000E-12	3.692386E-14	3.692386E-14
-1.600000E-1	1.970000E-12	1.970000E-12	5.016552E-14	5.016552E-14
-1.500000E-1	1.660000E-12	1.660000E-12	4.227145E-14	4.227145E-14
-1.400000E-1	2.240000E-12	2.240000E-12	5.704100E-14	5.704100E-14
-1.300000E-1	1.280000E-12	1.280000E-12	3.259486E-14	3.259486E-14
-1.200000E-1	1.830000E-12	1.830000E-12	4.660046E-14	4.660046E-14
-1.100000E-1	2.040000E-12	2.040000E-12	5.194805E-14	5.194805E-14
-1.000000E-1	1.810000E-12	1.810000E-12	4.609116E-14	4.609116E-14
-9.000000E-2	1.980000E-12	1.980000E-12	5.042017E-14	5.042017E-14
-8.000000E-2	1.690000E-12	1.690000E-12	4.303540E-14	4.303540E-14
-7.000000E-2	1.480000E-12	1.480000E-12	3.768780E-14	3.768780E-14
-6.000000E-2	2.290000E-12	2.290000E-12	5.831423E-14	5.831423E-14
-5.000000E-2	1.720000E-12	1.720000E-12	4.379934E-14	4.379934E-14
-4.000000E-2	2.090000E-12	2.090000E-12	5.322129E-14	5.322129E-14
-3.000000E-2	1.990000E-12	1.990000E-12	5.067481E-14	5.067481E-14
-2.000000E-2	1.370000E-12	1.370000E-12	3.488668E-14	3.488668E-14
-1.000000E-2	1.740000E-12	1.740000E-12	4.430863E-14	4.430863E-14
0.000000E+0	1.890000E-12	1.890000E-12	4.812834E-14	4.812834E-14
1.000000E-2	2.000000E-12	2.000000E-12	5.092946E-14	5.092946E-14
2.000000E-2	1.990000E-12	1.990000E-12	5.067481E-14	5.067481E-14
3.000000E-2	2.250000E-12	2.250000E-12	5.729564E-14	5.729564E-14
4.000000E-2	1.540000E-12	1.540000E-12	3.921569E-14	3.921569E-14
5.000000E-2	1.950000E-12	1.950000E-12	4.965623E-14	4.965623E-14
6.000000E-2	1.590000E-12	1.590000E-12	4.048892E-14	4.048892E-14
7.000000E-2	2.040000E-12	2.040000E-12	5.194805E-14	5.194805E-14
8.000000E-2	1.960000E-12	1.960000E-12	4.991087E-14	4.991087E-14
9.000000E-2	1.470000E-12	1.470000E-12	3.743315E-14	3.743315E-14
1.000000E-1	2.430000E-12	2.430000E-12	6.187930E-14	6.187930E-14
1.100000E-1	1.740000E-12	1.740000E-12	4.430863E-14	4.430863E-14
1.200000E-1	2.010000E-12	2.010000E-12	5.118411E-14	5.118411E-14
1.300000E-1	1.760000E-12	1.760000E-12	4.481793E-14	4.481793E-14
1.400000E-1	1.570000E-12	1.570000E-12	3.997963E-14	3.997963E-14
1.500000E-1	2.050000E-12	2.050000E-12	5.220270E-14	5.220270E-14
1.600000E-1	2.240000E-12	2.240000E-12	5.704100E-14	5.704100E-14
1.700000E-1	2.230000E-12	2.230000E-12	5.678635E-14	5.678635E-14
1.800000E-1	1.890000E-12	1.890000E-12	4.812834E-14	4.812834E-14
1.900000E-1	1.640000E-12	1.640000E-12	4.176216E-14	4.176216E-14
2.000000E-1	2.010000E-12	2.010000E-12	5.118411E-14	5.118411E-14
2.100000E-1	2.950000E-12	2.950000E-12	7.512096E-14	7.512096E-14
2.200000E-1	1.900000E-12	1.900000E-12	4.838299E-14	4.838299E-14
2.300000E-1	2.160000E-12	2.160000E-12	5.500382E-14	5.500382E-14
2.400000E-1	1.690000E-12	1.690000E-12	4.303540E-14	4.303540E-14
2.500000E-1	2.360000E-12	2.360000E-12	6.009677E-14	6.009677E-14
2.600000E-1	2.230000E-12	2.230000E-12	5.678635E-14	5.678635E-14
2.700000E-1	2.170000E-12	2.170000E-12	5.525847E-14	5.525847E-14
2.800000E-1	2.130000E-12	2.130000E-12	5.423988E-14	5.423988E-14
2.900000E-1	1.720000E-12	1.720000E-12	4.379934E-14	4.379934E-14
3.000000E-1	2.230000E-12	2.230000E-12	5.678635E-14	5.678635E-14
3.100000E-1	2.280000E-12	2.280000E-12	5.805959E-14	5.805959E-14
3.200000E-1	2.010000E-12	2.010000E-12	5.118411E-14	5.118411E-14
3.300000E-1	1.350000E-12	1.350000E-12	3.437739E-14	3.437739E-14
3.400000E-1	2.220000E-12	2.220000E-12	5.653170E-14	5.653170E-14
3.500000E-1	2.100000E-12	2.100000E-12	5.347594E-14	5.347594E-14
3.600000E-1	2.460000E-12	2.460000E-12	6.264324E-14	6.264324E-14
3.700000E-1	1.690000E-12	1.690000E-12	4.303540E-14	4.303540E-14
3.800000E-1	1.760000E-12	1.760000E-12	4.481793E-14	4.481793E-14
3.900000E-1	1.980000E-12	1.980000E-12	5.042017E-14	5.042017E-14
4.000000E-1	1.670000E-12	1.670000E-12	4.252610E-14	4.252610E-14
4.100000E-1	1.980000E-12	1.980000E-12	5.042017E-14	5.042017E-14
4.200000E-1	2.070000E-12	2.070000E-12	5.271199E-14	5.271199E-14
4.300000E-1	2.270000E-12	2.270000E-12	5.780494E-14	5.780494E-14
4.400000E-1	1.430000E-12	1.430000E-12	3.641457E-14	3.641457E-14
4.500000E-1	2.110000E-12	2.110000E-12	5.373058E-14	5.373058E-14
4.600000E-1	2.520000E-12	2.520000E-12	6.417112E-14	6.417112E-14
4.700000E-1	1.950000E-12	1.950000E-12	4.965623E-14	4.965623E-14
4.800000E-1	1.920000E-12	1.920000E-12	4.889228E-14	4.889228E-14
4.900000E-1	2.580000E-12	2.580000E-12	6.569901E-14	6.569901E-14
5.000000E-1	2.390000E-12	2.390000E-12	6.086071E-14	6.086071E-14
