

13:17:13	16/03/21


Ell Cont: 5,0x10,0

SMU1	V name:		V1
	I name:		I1
	Mode:		V
	Function:	VAR1
SMU2	V name:		V2
	I name:		I2
	Mode:		common
	Function:	const.
SMU3	off
SMU4	off
VMUs	off

Primary Source (VAR1):	single
	Sweep Spacing:	linear
	Start:		-0.500000
	Stop:		0.500000
	Step:		0.010000
	Compliance:	0.050000
Power Compliance OFF

Timing:		Integration Time:	medium
	Delay Time (sec):	0.000000
	Hold Time (sec):	0.000000
	Wait Time (sec):	1.000000

Secondary Source (VAR2):	OFF


   V1	   I1	Abs(I)	J (A\um²)	Abs(J)
-5.000000E-1	-8.172760E-7	8.172760E-7	-2.081171E-8	2.081171E-8
-4.900000E-1	-7.906110E-7	7.906110E-7	-2.013270E-8	2.013270E-8
-4.800000E-1	-7.634800E-7	7.634800E-7	-1.944181E-8	1.944181E-8
-4.700000E-1	-7.383270E-7	7.383270E-7	-1.880130E-8	1.880130E-8
-4.600000E-1	-7.131870E-7	7.131870E-7	-1.816112E-8	1.816112E-8
-4.500000E-1	-6.888210E-7	6.888210E-7	-1.754064E-8	1.754064E-8
-4.400000E-1	-6.644250E-7	6.644250E-7	-1.691940E-8	1.691940E-8
-4.300000E-1	-6.414970E-7	6.414970E-7	-1.633555E-8	1.633555E-8
-4.200000E-1	-6.176440E-7	6.176440E-7	-1.572814E-8	1.572814E-8
-4.100000E-1	-5.969520E-7	5.969520E-7	-1.520122E-8	1.520122E-8
-4.000000E-1	-5.736300E-7	5.736300E-7	-1.460733E-8	1.460733E-8
-3.900000E-1	-5.512800E-7	5.512800E-7	-1.403820E-8	1.403820E-8
-3.800000E-1	-5.302940E-7	5.302940E-7	-1.350379E-8	1.350379E-8
-3.700000E-1	-5.057480E-7	5.057480E-7	-1.287874E-8	1.287874E-8
-3.600000E-1	-4.854840E-7	4.854840E-7	-1.236272E-8	1.236272E-8
-3.500000E-1	-4.679620E-7	4.679620E-7	-1.191653E-8	1.191653E-8
-3.400000E-1	-4.481530E-7	4.481530E-7	-1.141210E-8	1.141210E-8
-3.300000E-1	-4.282720E-7	4.282720E-7	-1.090583E-8	1.090583E-8
-3.200000E-1	-4.097020E-7	4.097020E-7	-1.043295E-8	1.043295E-8
-3.100000E-1	-3.913210E-7	3.913210E-7	-9.964884E-9	9.964884E-9
-3.000000E-1	-3.740880E-7	3.740880E-7	-9.526050E-9	9.526050E-9
-2.900000E-1	-3.559450E-7	3.559450E-7	-9.064044E-9	9.064044E-9
-2.800000E-1	-3.379720E-7	3.379720E-7	-8.606366E-9	8.606366E-9
-2.700000E-1	-3.216740E-7	3.216740E-7	-8.191342E-9	8.191342E-9
-2.600000E-1	-3.046820E-7	3.046820E-7	-7.758645E-9	7.758645E-9
-2.500000E-1	-2.884380E-7	2.884380E-7	-7.344996E-9	7.344996E-9
-2.400000E-1	-2.722970E-7	2.722970E-7	-6.933970E-9	6.933970E-9
-2.300000E-1	-2.566570E-7	2.566570E-7	-6.535701E-9	6.535701E-9
-2.200000E-1	-2.420650E-7	2.420650E-7	-6.164120E-9	6.164120E-9
-2.100000E-1	-2.276580E-7	2.276580E-7	-5.797250E-9	5.797250E-9
-2.000000E-1	-2.135030E-7	2.135030E-7	-5.436796E-9	5.436796E-9
-1.900000E-1	-1.990090E-7	1.990090E-7	-5.067711E-9	5.067711E-9
-1.800000E-1	-1.858830E-7	1.858830E-7	-4.733461E-9	4.733461E-9
-1.700000E-1	-1.729970E-7	1.729970E-7	-4.405322E-9	4.405322E-9
-1.600000E-1	-1.602330E-7	1.602330E-7	-4.080290E-9	4.080290E-9
-1.500000E-1	-1.476190E-7	1.476190E-7	-3.759078E-9	3.759078E-9
-1.400000E-1	-1.358070E-7	1.358070E-7	-3.458289E-9	3.458289E-9
-1.300000E-1	-1.239660E-7	1.239660E-7	-3.156761E-9	3.156761E-9
-1.200000E-1	-1.127740E-7	1.127740E-7	-2.871760E-9	2.871760E-9
-1.100000E-1	-1.020072E-7	1.020072E-7	-2.597586E-9	2.597586E-9
-1.000000E-1	-9.121510E-8	9.121510E-8	-2.322768E-9	2.322768E-9
-9.000000E-2	-8.115200E-8	8.115200E-8	-2.066514E-9	2.066514E-9
-8.000000E-2	-7.114890E-8	7.114890E-8	-1.811788E-9	1.811788E-9
-7.000000E-2	-6.134360E-8	6.134360E-8	-1.562098E-9	1.562098E-9
-6.000000E-2	-5.198020E-8	5.198020E-8	-1.323662E-9	1.323662E-9
-5.000000E-2	-4.272450E-8	4.272450E-8	-1.087968E-9	1.087968E-9
-4.000000E-2	-3.380690E-8	3.380690E-8	-8.608836E-10	8.608836E-10
-3.000000E-2	-2.495720E-8	2.495720E-8	-6.355284E-10	6.355284E-10
-2.000000E-2	-1.626200E-8	1.626200E-8	-4.141075E-10	4.141075E-10
-1.000000E-2	-8.311920E-9	8.311920E-9	-2.116608E-10	2.116608E-10
0.000000E+0	1.806400E-10	1.806400E-10	4.599949E-12	4.599949E-12
1.000000E-2	8.665460E-9	8.665460E-9	2.206636E-10	2.206636E-10
2.000000E-2	1.730770E-8	1.730770E-8	4.407359E-10	4.407359E-10
3.000000E-2	2.660800E-8	2.660800E-8	6.775656E-10	6.775656E-10
4.000000E-2	3.545090E-8	3.545090E-8	9.027476E-10	9.027476E-10
5.000000E-2	4.447640E-8	4.447640E-8	1.132580E-9	1.132580E-9
6.000000E-2	5.362820E-8	5.362820E-8	1.365628E-9	1.365628E-9
7.000000E-2	6.313040E-8	6.313040E-8	1.607599E-9	1.607599E-9
8.000000E-2	7.278470E-8	7.278470E-8	1.853443E-9	1.853443E-9
9.000000E-2	8.288920E-8	8.288920E-8	2.110751E-9	2.110751E-9
1.000000E-1	9.258930E-8	9.258930E-8	2.357762E-9	2.357762E-9
1.100000E-1	1.029850E-7	1.029850E-7	2.622485E-9	2.622485E-9
1.200000E-1	1.139280E-7	1.139280E-7	2.901146E-9	2.901146E-9
1.300000E-1	1.252610E-7	1.252610E-7	3.189738E-9	3.189738E-9
1.400000E-1	1.375440E-7	1.375440E-7	3.502521E-9	3.502521E-9
1.500000E-1	1.494060E-7	1.494060E-7	3.804584E-9	3.804584E-9
1.600000E-1	1.622010E-7	1.622010E-7	4.130405E-9	4.130405E-9
1.700000E-1	1.748340E-7	1.748340E-7	4.452101E-9	4.452101E-9
1.800000E-1	1.878530E-7	1.878530E-7	4.783626E-9	4.783626E-9
1.900000E-1	2.012420E-7	2.012420E-7	5.124573E-9	5.124573E-9
2.000000E-1	2.152230E-7	2.152230E-7	5.480596E-9	5.480596E-9
2.100000E-1	2.295720E-7	2.295720E-7	5.845989E-9	5.845989E-9
2.200000E-1	2.445450E-7	2.445450E-7	6.227273E-9	6.227273E-9
2.300000E-1	2.588270E-7	2.588270E-7	6.590960E-9	6.590960E-9
2.400000E-1	2.741760E-7	2.741760E-7	6.981818E-9	6.981818E-9
2.500000E-1	2.900070E-7	2.900070E-7	7.384950E-9	7.384950E-9
2.600000E-1	3.057950E-7	3.057950E-7	7.786987E-9	7.786987E-9
2.700000E-1	3.223130E-7	3.223130E-7	8.207614E-9	8.207614E-9
2.800000E-1	3.391580E-7	3.391580E-7	8.636567E-9	8.636567E-9
2.900000E-1	3.565920E-7	3.565920E-7	9.080519E-9	9.080519E-9
3.000000E-1	3.740500E-7	3.740500E-7	9.525083E-9	9.525083E-9
3.100000E-1	3.919130E-7	3.919130E-7	9.979959E-9	9.979959E-9
3.200000E-1	4.101300E-7	4.101300E-7	1.044385E-8	1.044385E-8
3.300000E-1	4.288340E-7	4.288340E-7	1.092014E-8	1.092014E-8
3.400000E-1	4.480600E-7	4.480600E-7	1.140973E-8	1.140973E-8
3.500000E-1	4.677550E-7	4.677550E-7	1.191126E-8	1.191126E-8
3.600000E-1	4.882050E-7	4.882050E-7	1.243201E-8	1.243201E-8
3.700000E-1	5.083050E-7	5.083050E-7	1.294385E-8	1.294385E-8
3.800000E-1	5.293030E-7	5.293030E-7	1.347856E-8	1.347856E-8
3.900000E-1	5.513860E-7	5.513860E-7	1.404090E-8	1.404090E-8
4.000000E-1	5.721830E-7	5.721830E-7	1.457049E-8	1.457049E-8
4.100000E-1	5.944610E-7	5.944610E-7	1.513779E-8	1.513779E-8
4.200000E-1	6.169690E-7	6.169690E-7	1.571095E-8	1.571095E-8
4.300000E-1	6.393760E-7	6.393760E-7	1.628154E-8	1.628154E-8
4.400000E-1	6.623360E-7	6.623360E-7	1.686621E-8	1.686621E-8
4.500000E-1	6.865260E-7	6.865260E-7	1.748220E-8	1.748220E-8
4.600000E-1	7.093420E-7	7.093420E-7	1.806320E-8	1.806320E-8
4.700000E-1	7.362130E-7	7.362130E-7	1.874747E-8	1.874747E-8
4.800000E-1	7.594620E-7	7.594620E-7	1.933950E-8	1.933950E-8
4.900000E-1	7.862750E-7	7.862750E-7	2.002228E-8	2.002228E-8
5.000000E-1	8.136340E-7	8.136340E-7	2.071897E-8	2.071897E-8
