

13:01:51	16/03/21


Ell Cont: 5,0x10,0

SMU1	V name:		V1
	I name:		I1
	Mode:		V
	Function:	VAR1
SMU2	V name:		V2
	I name:		I2
	Mode:		common
	Function:	const.
SMU3	off
SMU4	off
VMUs	off

Primary Source (VAR1):	single
	Sweep Spacing:	linear
	Start:		-0.500000
	Stop:		0.500000
	Step:		0.010000
	Compliance:	0.050000
Power Compliance OFF

Timing:		Integration Time:	medium
	Delay Time (sec):	0.000000
	Hold Time (sec):	0.000000
	Wait Time (sec):	1.000000

Secondary Source (VAR2):	OFF


   V1	   I1	Abs(I)	J (A\um²)	Abs(J)
-5.000000E-1	-1.233000E-11	1.233000E-11	-3.139801E-13	3.139801E-13
-4.900000E-1	-4.950000E-12	4.950000E-12	-1.260504E-13	1.260504E-13
-4.800000E-1	-1.210000E-12	1.210000E-12	-3.081232E-14	3.081232E-14
-4.700000E-1	-3.430000E-12	3.430000E-12	-8.734403E-14	8.734403E-14
-4.600000E-1	-3.360000E-12	3.360000E-12	-8.556150E-14	8.556150E-14
-4.500000E-1	-1.030000E-12	1.030000E-12	-2.622867E-14	2.622867E-14
-4.400000E-1	-1.750000E-12	1.750000E-12	-4.456328E-14	4.456328E-14
-4.300000E-1	2.900000E-13	2.900000E-13	7.384772E-15	7.384772E-15
-4.200000E-1	1.850000E-12	1.850000E-12	4.710975E-14	4.710975E-14
-4.100000E-1	-2.080000E-12	2.080000E-12	-5.296664E-14	5.296664E-14
-4.000000E-1	-4.900000E-13	4.900000E-13	-1.247772E-14	1.247772E-14
-3.900000E-1	2.490000E-12	2.490000E-12	6.340718E-14	6.340718E-14
-3.800000E-1	7.800000E-13	7.800000E-13	1.986249E-14	1.986249E-14
-3.700000E-1	-1.310000E-12	1.310000E-12	-3.335880E-14	3.335880E-14
-3.600000E-1	3.350000E-12	3.350000E-12	8.530685E-14	8.530685E-14
-3.500000E-1	1.240000E-12	1.240000E-12	3.157627E-14	3.157627E-14
-3.400000E-1	1.550000E-12	1.550000E-12	3.947033E-14	3.947033E-14
-3.300000E-1	1.190000E-12	1.190000E-12	3.030303E-14	3.030303E-14
-3.200000E-1	2.650000E-12	2.650000E-12	6.748154E-14	6.748154E-14
-3.100000E-1	1.960000E-12	1.960000E-12	4.991087E-14	4.991087E-14
-3.000000E-1	4.700000E-13	4.700000E-13	1.196842E-14	1.196842E-14
-2.900000E-1	6.600000E-13	6.600000E-13	1.680672E-14	1.680672E-14
-2.800000E-1	1.560000E-12	1.560000E-12	3.972498E-14	3.972498E-14
-2.700000E-1	1.500000E-12	1.500000E-12	3.819710E-14	3.819710E-14
-2.600000E-1	3.300000E-13	3.300000E-13	8.403361E-15	8.403361E-15
-2.500000E-1	1.040000E-12	1.040000E-12	2.648332E-14	2.648332E-14
-2.400000E-1	1.610000E-12	1.610000E-12	4.099822E-14	4.099822E-14
-2.300000E-1	7.100000E-13	7.100000E-13	1.807996E-14	1.807996E-14
-2.200000E-1	2.600000E-13	2.600000E-13	6.620830E-15	6.620830E-15
-2.100000E-1	-1.070000E-12	1.070000E-12	-2.724726E-14	2.724726E-14
-2.000000E-1	1.360000E-12	1.360000E-12	3.463203E-14	3.463203E-14
-1.900000E-1	8.200000E-13	8.200000E-13	2.088108E-14	2.088108E-14
-1.800000E-1	2.230000E-12	2.230000E-12	5.678635E-14	5.678635E-14
-1.700000E-1	5.900000E-13	5.900000E-13	1.502419E-14	1.502419E-14
-1.600000E-1	2.590000E-12	2.590000E-12	6.595365E-14	6.595365E-14
-1.500000E-1	2.150000E-12	2.150000E-12	5.474917E-14	5.474917E-14
-1.400000E-1	-3.200000E-13	3.200000E-13	-8.148714E-15	8.148714E-15
-1.300000E-1	2.000000E-12	2.000000E-12	5.092946E-14	5.092946E-14
-1.200000E-1	3.580000E-12	3.580000E-12	9.116374E-14	9.116374E-14
-1.100000E-1	1.730000E-12	1.730000E-12	4.405398E-14	4.405398E-14
-1.000000E-1	2.160000E-12	2.160000E-12	5.500382E-14	5.500382E-14
-9.000000E-2	1.570000E-12	1.570000E-12	3.997963E-14	3.997963E-14
-8.000000E-2	1.020000E-12	1.020000E-12	2.597403E-14	2.597403E-14
-7.000000E-2	-1.340000E-12	1.340000E-12	-3.412274E-14	3.412274E-14
-6.000000E-2	-7.400000E-13	7.400000E-13	-1.884390E-14	1.884390E-14
-5.000000E-2	1.700000E-12	1.700000E-12	4.329004E-14	4.329004E-14
-4.000000E-2	2.430000E-12	2.430000E-12	6.187930E-14	6.187930E-14
-3.000000E-2	2.230000E-12	2.230000E-12	5.678635E-14	5.678635E-14
-2.000000E-2	2.430000E-12	2.430000E-12	6.187930E-14	6.187930E-14
-1.000000E-2	3.720000E-12	3.720000E-12	9.472880E-14	9.472880E-14
0.000000E+0	3.100000E-13	3.100000E-13	7.894067E-15	7.894067E-15
1.000000E-2	2.650000E-12	2.650000E-12	6.748154E-14	6.748154E-14
2.000000E-2	1.050000E-12	1.050000E-12	2.673797E-14	2.673797E-14
3.000000E-2	1.320000E-12	1.320000E-12	3.361344E-14	3.361344E-14
4.000000E-2	1.590000E-12	1.590000E-12	4.048892E-14	4.048892E-14
5.000000E-2	1.830000E-12	1.830000E-12	4.660046E-14	4.660046E-14
6.000000E-2	1.280000E-12	1.280000E-12	3.259486E-14	3.259486E-14
7.000000E-2	1.720000E-12	1.720000E-12	4.379934E-14	4.379934E-14
8.000000E-2	1.660000E-12	1.660000E-12	4.227145E-14	4.227145E-14
9.000000E-2	1.470000E-12	1.470000E-12	3.743315E-14	3.743315E-14
1.000000E-1	1.620000E-12	1.620000E-12	4.125286E-14	4.125286E-14
1.100000E-1	2.330000E-12	2.330000E-12	5.933282E-14	5.933282E-14
1.200000E-1	1.900000E-12	1.900000E-12	4.838299E-14	4.838299E-14
1.300000E-1	1.750000E-12	1.750000E-12	4.456328E-14	4.456328E-14
1.400000E-1	1.950000E-12	1.950000E-12	4.965623E-14	4.965623E-14
1.500000E-1	1.900000E-12	1.900000E-12	4.838299E-14	4.838299E-14
1.600000E-1	1.690000E-12	1.690000E-12	4.303540E-14	4.303540E-14
1.700000E-1	2.270000E-12	2.270000E-12	5.780494E-14	5.780494E-14
1.800000E-1	2.090000E-12	2.090000E-12	5.322129E-14	5.322129E-14
1.900000E-1	1.590000E-12	1.590000E-12	4.048892E-14	4.048892E-14
2.000000E-1	1.940000E-12	1.940000E-12	4.940158E-14	4.940158E-14
2.100000E-1	2.120000E-12	2.120000E-12	5.398523E-14	5.398523E-14
2.200000E-1	1.730000E-12	1.730000E-12	4.405398E-14	4.405398E-14
2.300000E-1	1.960000E-12	1.960000E-12	4.991087E-14	4.991087E-14
2.400000E-1	1.990000E-12	1.990000E-12	5.067481E-14	5.067481E-14
2.500000E-1	1.980000E-12	1.980000E-12	5.042017E-14	5.042017E-14
2.600000E-1	1.480000E-12	1.480000E-12	3.768780E-14	3.768780E-14
2.700000E-1	2.050000E-12	2.050000E-12	5.220270E-14	5.220270E-14
2.800000E-1	2.150000E-12	2.150000E-12	5.474917E-14	5.474917E-14
2.900000E-1	1.640000E-12	1.640000E-12	4.176216E-14	4.176216E-14
3.000000E-1	2.160000E-12	2.160000E-12	5.500382E-14	5.500382E-14
3.100000E-1	1.840000E-12	1.840000E-12	4.685511E-14	4.685511E-14
3.200000E-1	1.900000E-12	1.900000E-12	4.838299E-14	4.838299E-14
3.300000E-1	2.060000E-12	2.060000E-12	5.245735E-14	5.245735E-14
3.400000E-1	1.720000E-12	1.720000E-12	4.379934E-14	4.379934E-14
3.500000E-1	1.630000E-12	1.630000E-12	4.150751E-14	4.150751E-14
3.600000E-1	1.520000E-12	1.520000E-12	3.870639E-14	3.870639E-14
3.700000E-1	1.660000E-12	1.660000E-12	4.227145E-14	4.227145E-14
3.800000E-1	1.870000E-12	1.870000E-12	4.761905E-14	4.761905E-14
3.900000E-1	1.680000E-12	1.680000E-12	4.278075E-14	4.278075E-14
4.000000E-1	2.430000E-12	2.430000E-12	6.187930E-14	6.187930E-14
4.100000E-1	1.800000E-12	1.800000E-12	4.583652E-14	4.583652E-14
4.200000E-1	2.220000E-12	2.220000E-12	5.653170E-14	5.653170E-14
4.300000E-1	1.510000E-12	1.510000E-12	3.845174E-14	3.845174E-14
4.400000E-1	1.620000E-12	1.620000E-12	4.125286E-14	4.125286E-14
4.500000E-1	2.020000E-12	2.020000E-12	5.143876E-14	5.143876E-14
4.600000E-1	2.340000E-12	2.340000E-12	5.958747E-14	5.958747E-14
4.700000E-1	2.400000E-12	2.400000E-12	6.111535E-14	6.111535E-14
4.800000E-1	2.310000E-12	2.310000E-12	5.882353E-14	5.882353E-14
4.900000E-1	3.680000E-12	3.680000E-12	9.371021E-14	9.371021E-14
5.000000E-1	1.750000E-12	1.750000E-12	4.456328E-14	4.456328E-14
