

11:47:11	16/03/21


Ell Cont: 5,0x10,0

SMU1	V name:		V1
	I name:		I1
	Mode:		V
	Function:	VAR1
SMU2	V name:		V2
	I name:		I2
	Mode:		common
	Function:	const.
SMU3	off
SMU4	off
VMUs	off

Primary Source (VAR1):	single
	Sweep Spacing:	linear
	Start:		-1.500000
	Stop:		1.500000
	Step:		0.010000
	Compliance:	0.050000
Power Compliance OFF

Timing:		Integration Time:	medium
	Delay Time (sec):	0.000000
	Hold Time (sec):	0.000000
	Wait Time (sec):	1.000000

Secondary Source (VAR2):	OFF


   V1	   I1	Abs(I)	J (A\µm²)	Abs(J)
-1.500000E+0	-2.622210E-2	2.622210E-2	-6.677387E-4	6.677387E-4
-1.490000E+0	-4.999870E-2	4.999870E-2	-1.273203E-3	1.273203E-3
-1.480000E+0	-4.993710E-2	4.993710E-2	-1.271635E-3	1.271635E-3
-1.470000E+0	-4.999920E-2	4.999920E-2	-1.273216E-3	1.273216E-3
-1.460000E+0	-4.999920E-2	4.999920E-2	-1.273216E-3	1.273216E-3
-1.450000E+0	-4.998720E-2	4.998720E-2	-1.272911E-3	1.272911E-3
-1.440000E+0	-4.999980E-2	4.999980E-2	-1.273231E-3	1.273231E-3
-1.430000E+0	-4.999880E-2	4.999880E-2	-1.273206E-3	1.273206E-3
-1.420000E+0	-4.999920E-2	4.999920E-2	-1.273216E-3	1.273216E-3
-1.410000E+0	-4.999910E-2	4.999910E-2	-1.273214E-3	1.273214E-3
-1.400000E+0	-4.999910E-2	4.999910E-2	-1.273214E-3	1.273214E-3
-1.390000E+0	-4.999900E-2	4.999900E-2	-1.273211E-3	1.273211E-3
-1.380000E+0	-4.999900E-2	4.999900E-2	-1.273211E-3	1.273211E-3
-1.370000E+0	-4.999890E-2	4.999890E-2	-1.273209E-3	1.273209E-3
-1.360000E+0	-4.999900E-2	4.999900E-2	-1.273211E-3	1.273211E-3
-1.350000E+0	-4.999900E-2	4.999900E-2	-1.273211E-3	1.273211E-3
-1.340000E+0	-4.999910E-2	4.999910E-2	-1.273214E-3	1.273214E-3
-1.330000E+0	-4.999920E-2	4.999920E-2	-1.273216E-3	1.273216E-3
-1.320000E+0	-4.999900E-2	4.999900E-2	-1.273211E-3	1.273211E-3
-1.310000E+0	-4.999910E-2	4.999910E-2	-1.273214E-3	1.273214E-3
-1.300000E+0	-4.999920E-2	4.999920E-2	-1.273216E-3	1.273216E-3
-1.290000E+0	-4.999900E-2	4.999900E-2	-1.273211E-3	1.273211E-3
-1.280000E+0	-4.999900E-2	4.999900E-2	-1.273211E-3	1.273211E-3
-1.270000E+0	-4.999900E-2	4.999900E-2	-1.273211E-3	1.273211E-3
-1.260000E+0	-4.999890E-2	4.999890E-2	-1.273209E-3	1.273209E-3
-1.250000E+0	-4.999900E-2	4.999900E-2	-1.273211E-3	1.273211E-3
-1.240000E+0	-4.999890E-2	4.999890E-2	-1.273209E-3	1.273209E-3
-1.230000E+0	-4.931960E-2	4.931960E-2	-1.255910E-3	1.255910E-3
-1.220000E+0	-4.415700E-2	4.415700E-2	-1.124446E-3	1.124446E-3
-1.210000E+0	-4.132880E-2	4.132880E-2	-1.052427E-3	1.052427E-3
-1.200000E+0	-3.901100E-2	3.901100E-2	-9.934046E-4	9.934046E-4
-1.190000E+0	-3.762400E-2	3.762400E-2	-9.580850E-4	9.580850E-4
-1.180000E+0	-3.661260E-2	3.661260E-2	-9.323300E-4	9.323300E-4
-1.170000E+0	-3.496860E-2	3.496860E-2	-8.904660E-4	8.904660E-4
-1.160000E+0	-3.348170E-2	3.348170E-2	-8.526025E-4	8.526025E-4
-1.150000E+0	-3.287430E-2	3.287430E-2	-8.371352E-4	8.371352E-4
-1.140000E+0	-3.181140E-2	3.181140E-2	-8.100687E-4	8.100687E-4
-1.130000E+0	-3.073780E-2	3.073780E-2	-7.827298E-4	7.827298E-4
-1.120000E+0	-2.977150E-2	2.977150E-2	-7.581232E-4	7.581232E-4
-1.110000E+0	-2.893290E-2	2.893290E-2	-7.367685E-4	7.367685E-4
-1.100000E+0	-2.778100E-2	2.778100E-2	-7.074357E-4	7.074357E-4
-1.090000E+0	-2.737050E-2	2.737050E-2	-6.969824E-4	6.969824E-4
-1.080000E+0	-2.665550E-2	2.665550E-2	-6.787751E-4	6.787751E-4
-1.070000E+0	-2.630930E-2	2.630930E-2	-6.699592E-4	6.699592E-4
-1.060000E+0	-2.537470E-2	2.537470E-2	-6.461599E-4	6.461599E-4
-1.050000E+0	-2.472030E-2	2.472030E-2	-6.294958E-4	6.294958E-4
-1.040000E+0	-2.401970E-2	2.401970E-2	-6.116552E-4	6.116552E-4
-1.030000E+0	-2.357470E-2	2.357470E-2	-6.003234E-4	6.003234E-4
-1.020000E+0	-2.245990E-2	2.245990E-2	-5.719353E-4	5.719353E-4
-1.010000E+0	-2.221840E-2	2.221840E-2	-5.657856E-4	5.657856E-4
-1.000000E+0	-2.167360E-2	2.167360E-2	-5.519124E-4	5.519124E-4
-9.900000E-1	-2.051770E-2	2.051770E-2	-5.224777E-4	5.224777E-4
-9.800000E-1	-1.892590E-2	1.892590E-2	-4.819430E-4	4.819430E-4
-9.700000E-1	-1.750660E-2	1.750660E-2	-4.458009E-4	4.458009E-4
-9.600000E-1	-1.282170E-2	1.282170E-2	-3.265011E-4	3.265011E-4
-9.500000E-1	-1.113790E-2	1.113790E-2	-2.836236E-4	2.836236E-4
-9.400000E-1	-9.704700E-3	9.704700E-3	-2.471276E-4	2.471276E-4
-9.300000E-1	-8.816760E-3	8.816760E-3	-2.245164E-4	2.245164E-4
-9.200000E-1	-9.218910E-3	9.218910E-3	-2.347571E-4	2.347571E-4
-9.100000E-1	-6.925130E-3	6.925130E-3	-1.763466E-4	1.763466E-4
-9.000000E-1	-2.041430E-2	2.041430E-2	-5.198447E-4	5.198447E-4
-8.900000E-1	-1.097980E-2	1.097980E-2	-2.795977E-4	2.795977E-4
-8.800000E-1	-6.258750E-3	6.258750E-3	-1.593774E-4	1.593774E-4
-8.700000E-1	-6.065580E-3	6.065580E-3	-1.544584E-4	1.544584E-4
-8.600000E-1	-5.721230E-3	5.721230E-3	-1.456896E-4	1.456896E-4
-8.500000E-1	-5.591850E-3	5.591850E-3	-1.423950E-4	1.423950E-4
-8.400000E-1	-5.515840E-3	5.515840E-3	-1.404594E-4	1.404594E-4
-8.300000E-1	-5.388580E-3	5.388580E-3	-1.372187E-4	1.372187E-4
-8.200000E-1	-5.286160E-3	5.286160E-3	-1.346106E-4	1.346106E-4
-8.100000E-1	-6.648980E-3	6.648980E-3	-1.693145E-4	1.693145E-4
-8.000000E-1	-6.044650E-3	6.044650E-3	-1.539254E-4	1.539254E-4
-7.900000E-1	-5.974050E-3	5.974050E-3	-1.521276E-4	1.521276E-4
-7.800000E-1	-6.890910E-3	6.890910E-3	-1.754752E-4	1.754752E-4
-7.700000E-1	-5.403000E-3	5.403000E-3	-1.375859E-4	1.375859E-4
-7.600000E-1	-4.853570E-3	4.853570E-3	-1.235949E-4	1.235949E-4
-7.500000E-1	-4.808090E-3	4.808090E-3	-1.224367E-4	1.224367E-4
-7.400000E-1	-4.646240E-3	4.646240E-3	-1.183153E-4	1.183153E-4
-7.300000E-1	-4.551820E-3	4.551820E-3	-1.159109E-4	1.159109E-4
-7.200000E-1	-4.619260E-3	4.619260E-3	-1.176282E-4	1.176282E-4
-7.100000E-1	-4.561080E-3	4.561080E-3	-1.161467E-4	1.161467E-4
-7.000000E-1	-4.386620E-3	4.386620E-3	-1.117041E-4	1.117041E-4
-6.900000E-1	-4.303610E-3	4.303610E-3	-1.095903E-4	1.095903E-4
-6.800000E-1	-4.777620E-3	4.777620E-3	-1.216608E-4	1.216608E-4
-6.700000E-1	-4.527610E-3	4.527610E-3	-1.152944E-4	1.152944E-4
-6.600000E-1	-4.407010E-3	4.407010E-3	-1.122233E-4	1.122233E-4
-6.500000E-1	-4.217440E-3	4.217440E-3	-1.073960E-4	1.073960E-4
-6.400000E-1	-4.144980E-3	4.144980E-3	-1.055508E-4	1.055508E-4
-6.300000E-1	-4.023870E-3	4.023870E-3	-1.024668E-4	1.024668E-4
-6.200000E-1	-3.962810E-3	3.962810E-3	-1.009119E-4	1.009119E-4
-6.100000E-1	-3.858990E-3	3.858990E-3	-9.826814E-5	9.826814E-5
-6.000000E-1	-4.402160E-3	4.402160E-3	-1.120998E-4	1.120998E-4
-5.900000E-1	-3.796920E-3	3.796920E-3	-9.668755E-5	9.668755E-5
-5.800000E-1	-3.702170E-3	3.702170E-3	-9.427476E-5	9.427476E-5
-5.700000E-1	-4.681660E-3	4.681660E-3	-1.192172E-4	1.192172E-4
-5.600000E-1	-3.782050E-3	3.782050E-3	-9.630889E-5	9.630889E-5
-5.500000E-1	-3.629950E-3	3.629950E-3	-9.243570E-5	9.243570E-5
-5.400000E-1	-3.579560E-3	3.579560E-3	-9.115253E-5	9.115253E-5
-5.300000E-1	-3.396380E-3	3.396380E-3	-8.648790E-5	8.648790E-5
-5.200000E-1	-3.373260E-3	3.373260E-3	-8.589916E-5	8.589916E-5
-5.100000E-1	-3.353900E-3	3.353900E-3	-8.540616E-5	8.540616E-5
-5.000000E-1	-3.445820E-3	3.445820E-3	-8.774688E-5	8.774688E-5
-4.900000E-1	-3.058340E-3	3.058340E-3	-7.787981E-5	7.787981E-5
-4.800000E-1	-2.983360E-3	2.983360E-3	-7.597046E-5	7.597046E-5
-4.700000E-1	-2.872040E-3	2.872040E-3	-7.313573E-5	7.313573E-5
-4.600000E-1	-2.749150E-3	2.749150E-3	-7.000637E-5	7.000637E-5
-4.500000E-1	-2.679330E-3	2.679330E-3	-6.822842E-5	6.822842E-5
-4.400000E-1	-2.615440E-3	2.615440E-3	-6.660148E-5	6.660148E-5
-4.300000E-1	-2.549110E-3	2.549110E-3	-6.491240E-5	6.491240E-5
-4.200000E-1	-2.501020E-3	2.501020E-3	-6.368780E-5	6.368780E-5
-4.100000E-1	-2.403540E-3	2.403540E-3	-6.120550E-5	6.120550E-5
-4.000000E-1	-2.365840E-3	2.365840E-3	-6.024548E-5	6.024548E-5
-3.900000E-1	-2.279470E-3	2.279470E-3	-5.804609E-5	5.804609E-5
-3.800000E-1	-2.212830E-3	2.212830E-3	-5.634912E-5	5.634912E-5
-3.700000E-1	-2.181720E-3	2.181720E-3	-5.555691E-5	5.555691E-5
-3.600000E-1	-2.104220E-3	2.104220E-3	-5.358340E-5	5.358340E-5
-3.500000E-1	-2.027980E-3	2.027980E-3	-5.164197E-5	5.164197E-5
-3.400000E-1	-1.956790E-3	1.956790E-3	-4.982913E-5	4.982913E-5
-3.300000E-1	-1.893760E-3	1.893760E-3	-4.822409E-5	4.822409E-5
-3.200000E-1	-1.833480E-3	1.833480E-3	-4.668908E-5	4.668908E-5
-3.100000E-1	-1.775160E-3	1.775160E-3	-4.520397E-5	4.520397E-5
-3.000000E-1	-1.702170E-3	1.702170E-3	-4.334530E-5	4.334530E-5
-2.900000E-1	-1.624840E-3	1.624840E-3	-4.137611E-5	4.137611E-5
-2.800000E-1	-1.559440E-3	1.559440E-3	-3.971072E-5	3.971072E-5
-2.700000E-1	-1.510860E-3	1.510860E-3	-3.847364E-5	3.847364E-5
-2.600000E-1	-1.456900E-3	1.456900E-3	-3.709957E-5	3.709957E-5
-2.500000E-1	-1.396590E-3	1.396590E-3	-3.556379E-5	3.556379E-5
-2.400000E-1	-1.331690E-3	1.331690E-3	-3.391113E-5	3.391113E-5
-2.300000E-1	-1.274310E-3	1.274310E-3	-3.244996E-5	3.244996E-5
-2.200000E-1	-1.206210E-3	1.206210E-3	-3.071581E-5	3.071581E-5
-2.100000E-1	-1.144520E-3	1.144520E-3	-2.914489E-5	2.914489E-5
-2.000000E-1	-1.086740E-3	1.086740E-3	-2.767354E-5	2.767354E-5
-1.900000E-1	-1.029960E-3	1.029960E-3	-2.622765E-5	2.622765E-5
-1.800000E-1	-9.809350E-4	9.809350E-4	-2.497925E-5	2.497925E-5
-1.700000E-1	-9.199610E-4	9.199610E-4	-2.342656E-5	2.342656E-5
-1.600000E-1	-8.627940E-4	8.627940E-4	-2.197082E-5	2.197082E-5
-1.500000E-1	-8.113670E-4	8.113670E-4	-2.066124E-5	2.066124E-5
-1.400000E-1	-7.548300E-4	7.548300E-4	-1.922154E-5	1.922154E-5
-1.300000E-1	-7.008900E-4	7.008900E-4	-1.784798E-5	1.784798E-5
-1.200000E-1	-6.460280E-4	6.460280E-4	-1.645093E-5	1.645093E-5
-1.100000E-1	-5.903840E-4	5.903840E-4	-1.503397E-5	1.503397E-5
-1.000000E-1	-5.387190E-4	5.387190E-4	-1.371833E-5	1.371833E-5
-9.000000E-2	-4.856680E-4	4.856680E-4	-1.236740E-5	1.236740E-5
-8.000000E-2	-4.324190E-4	4.324190E-4	-1.101143E-5	1.101143E-5
-7.000000E-2	-3.807450E-4	3.807450E-4	-9.695569E-6	9.695569E-6
-6.000000E-2	-3.254830E-4	3.254830E-4	-8.288337E-6	8.288337E-6
-5.000000E-2	-2.715720E-4	2.715720E-4	-6.915508E-6	6.915508E-6
-4.000000E-2	-2.173460E-4	2.173460E-4	-5.534657E-6	5.534657E-6
-3.000000E-2	-1.632050E-4	1.632050E-4	-4.155971E-6	4.155971E-6
-2.000000E-2	-1.089130E-4	1.089130E-4	-2.773440E-6	2.773440E-6
-1.000000E-2	-5.458920E-5	5.458920E-5	-1.390099E-6	1.390099E-6
0.000000E+0	-3.591000E-7	3.591000E-7	-9.144385E-9	9.144385E-9
1.000000E-2	5.361070E-5	5.361070E-5	1.365182E-6	1.365182E-6
2.000000E-2	1.079619E-4	1.079619E-4	2.749221E-6	2.749221E-6
3.000000E-2	1.634020E-4	1.634020E-4	4.160988E-6	4.160988E-6
4.000000E-2	2.184710E-4	2.184710E-4	5.563305E-6	5.563305E-6
5.000000E-2	2.728100E-4	2.728100E-4	6.947033E-6	6.947033E-6
6.000000E-2	3.297550E-4	3.297550E-4	8.397122E-6	8.397122E-6
7.000000E-2	3.892770E-4	3.892770E-4	9.912834E-6	9.912834E-6
8.000000E-2	4.413030E-4	4.413030E-4	1.123766E-5	1.123766E-5
9.000000E-2	5.019940E-4	5.019940E-4	1.278314E-5	1.278314E-5
1.000000E-1	5.661000E-4	5.661000E-4	1.441558E-5	1.441558E-5
1.100000E-1	6.350130E-4	6.350130E-4	1.617044E-5	1.617044E-5
1.200000E-1	7.108710E-4	7.108710E-4	1.810214E-5	1.810214E-5
1.300000E-1	7.919180E-4	7.919180E-4	2.016598E-5	2.016598E-5
1.400000E-1	8.998860E-4	8.998860E-4	2.291535E-5	2.291535E-5
1.500000E-1	1.055304E-3	1.055304E-3	2.687303E-5	2.687303E-5
1.600000E-1	1.174760E-3	1.174760E-3	2.991495E-5	2.991495E-5
1.700000E-1	1.352280E-3	1.352280E-3	3.443545E-5	3.443545E-5
1.800000E-1	1.591540E-3	1.591540E-3	4.052814E-5	4.052814E-5
1.900000E-1	2.118310E-3	2.118310E-3	5.394219E-5	5.394219E-5
2.000000E-1	2.565600E-3	2.565600E-3	6.533231E-5	6.533231E-5
2.100000E-1	2.859400E-3	2.859400E-3	7.281385E-5	7.281385E-5
2.200000E-1	3.169510E-3	3.169510E-3	8.071072E-5	8.071072E-5
2.300000E-1	3.422070E-3	3.422070E-3	8.714209E-5	8.714209E-5
2.400000E-1	3.668780E-3	3.668780E-3	9.342450E-5	9.342450E-5
2.500000E-1	3.960780E-3	3.960780E-3	1.008602E-4	1.008602E-4
2.600000E-1	4.206810E-3	4.206810E-3	1.071253E-4	1.071253E-4
2.700000E-1	4.656400E-3	4.656400E-3	1.185740E-4	1.185740E-4
2.800000E-1	4.944910E-3	4.944910E-3	1.259208E-4	1.259208E-4
2.900000E-1	5.275730E-3	5.275730E-3	1.343450E-4	1.343450E-4
3.000000E-1	5.607550E-3	5.607550E-3	1.427948E-4	1.427948E-4
3.100000E-1	5.809190E-3	5.809190E-3	1.479295E-4	1.479295E-4
3.200000E-1	5.887960E-3	5.887960E-3	1.499353E-4	1.499353E-4
3.300000E-1	5.741150E-3	5.741150E-3	1.461968E-4	1.461968E-4
3.400000E-1	5.576710E-3	5.576710E-3	1.420094E-4	1.420094E-4
3.500000E-1	5.890310E-3	5.890310E-3	1.499952E-4	1.499952E-4
3.600000E-1	6.185600E-3	6.185600E-3	1.575146E-4	1.575146E-4
3.700000E-1	5.767480E-3	5.767480E-3	1.468673E-4	1.468673E-4
3.800000E-1	6.914820E-3	6.914820E-3	1.760840E-4	1.760840E-4
3.900000E-1	7.448100E-3	7.448100E-3	1.896639E-4	1.896639E-4
4.000000E-1	6.433530E-3	6.433530E-3	1.638281E-4	1.638281E-4
4.100000E-1	5.068260E-3	5.068260E-3	1.290619E-4	1.290619E-4
4.200000E-1	4.831480E-3	4.831480E-3	1.230323E-4	1.230323E-4
4.300000E-1	4.845320E-3	4.845320E-3	1.233848E-4	1.233848E-4
4.400000E-1	4.633210E-3	4.633210E-3	1.179834E-4	1.179834E-4
4.500000E-1	4.185170E-3	4.185170E-3	1.065742E-4	1.065742E-4
4.600000E-1	2.686930E-3	2.686930E-3	6.842195E-5	6.842195E-5
4.700000E-1	2.710290E-3	2.710290E-3	6.901681E-5	6.901681E-5
4.800000E-1	2.707710E-3	2.707710E-3	6.895111E-5	6.895111E-5
4.900000E-1	2.769760E-3	2.769760E-3	7.053119E-5	7.053119E-5
5.000000E-1	2.846890E-3	2.846890E-3	7.249529E-5	7.249529E-5
5.100000E-1	2.906800E-3	2.906800E-3	7.402088E-5	7.402088E-5
5.200000E-1	3.026580E-3	3.026580E-3	7.707105E-5	7.707105E-5
5.300000E-1	3.073390E-3	3.073390E-3	7.826305E-5	7.826305E-5
5.400000E-1	3.101870E-3	3.101870E-3	7.898829E-5	7.898829E-5
5.500000E-1	3.149880E-3	3.149880E-3	8.021085E-5	8.021085E-5
5.600000E-1	3.862640E-3	3.862640E-3	9.836109E-5	9.836109E-5
5.700000E-1	4.646000E-3	4.646000E-3	1.183091E-4	1.183091E-4
5.800000E-1	3.719100E-3	3.719100E-3	9.470588E-5	9.470588E-5
5.900000E-1	3.332090E-3	3.332090E-3	8.485078E-5	8.485078E-5
6.000000E-1	3.440030E-3	3.440030E-3	8.759944E-5	8.759944E-5
6.100000E-1	3.629490E-3	3.629490E-3	9.242399E-5	9.242399E-5
6.200000E-1	3.745030E-3	3.745030E-3	9.536618E-5	9.536618E-5
6.300000E-1	3.719700E-3	3.719700E-3	9.472116E-5	9.472116E-5
6.400000E-1	3.873540E-3	3.873540E-3	9.863865E-5	9.863865E-5
6.500000E-1	3.909170E-3	3.909170E-3	9.954596E-5	9.954596E-5
6.600000E-1	3.885270E-3	3.885270E-3	9.893736E-5	9.893736E-5
6.700000E-1	3.768840E-3	3.768840E-3	9.597250E-5	9.597250E-5
6.800000E-1	3.757740E-3	3.757740E-3	9.568984E-5	9.568984E-5
6.900000E-1	3.811790E-3	3.811790E-3	9.706621E-5	9.706621E-5
7.000000E-1	3.871760E-3	3.871760E-3	9.859333E-5	9.859333E-5
7.100000E-1	3.947350E-3	3.947350E-3	1.005182E-4	1.005182E-4
7.200000E-1	4.367670E-3	4.367670E-3	1.112215E-4	1.112215E-4
7.300000E-1	4.328680E-3	4.328680E-3	1.102287E-4	1.102287E-4
7.400000E-1	4.895850E-3	4.895850E-3	1.246715E-4	1.246715E-4
7.500000E-1	4.317000E-3	4.317000E-3	1.099312E-4	1.099312E-4
7.600000E-1	4.354450E-3	4.354450E-3	1.108849E-4	1.108849E-4
7.700000E-1	4.363010E-3	4.363010E-3	1.111029E-4	1.111029E-4
7.800000E-1	4.395870E-3	4.395870E-3	1.119396E-4	1.119396E-4
7.900000E-1	4.505930E-3	4.505930E-3	1.147423E-4	1.147423E-4
8.000000E-1	4.952280E-3	4.952280E-3	1.261085E-4	1.261085E-4
8.100000E-1	4.966860E-3	4.966860E-3	1.264798E-4	1.264798E-4
8.200000E-1	5.077330E-3	5.077330E-3	1.292928E-4	1.292928E-4
8.300000E-1	5.321760E-3	5.321760E-3	1.355172E-4	1.355172E-4
8.400000E-1	5.644760E-3	5.644760E-3	1.437423E-4	1.437423E-4
8.500000E-1	5.434240E-3	5.434240E-3	1.383815E-4	1.383815E-4
8.600000E-1	5.662840E-3	5.662840E-3	1.442027E-4	1.442027E-4
8.700000E-1	5.828770E-3	5.828770E-3	1.484281E-4	1.484281E-4
8.800000E-1	6.111330E-3	6.111330E-3	1.556234E-4	1.556234E-4
8.900000E-1	6.508220E-3	6.508220E-3	1.657301E-4	1.657301E-4
9.000000E-1	6.009760E-3	6.009760E-3	1.530369E-4	1.530369E-4
9.100000E-1	6.725700E-3	6.725700E-3	1.712681E-4	1.712681E-4
9.200000E-1	6.955050E-3	6.955050E-3	1.771085E-4	1.771085E-4
9.300000E-1	6.935950E-3	6.935950E-3	1.766221E-4	1.766221E-4
9.400000E-1	6.914310E-3	6.914310E-3	1.760710E-4	1.760710E-4
9.500000E-1	6.919090E-3	6.919090E-3	1.761928E-4	1.761928E-4
9.600000E-1	6.923500E-3	6.923500E-3	1.763051E-4	1.763051E-4
9.700000E-1	6.963880E-3	6.963880E-3	1.773333E-4	1.773333E-4
9.800000E-1	7.037240E-3	7.037240E-3	1.792014E-4	1.792014E-4
9.900000E-1	6.996690E-3	6.996690E-3	1.781688E-4	1.781688E-4
1.000000E+0	7.063810E-3	7.063810E-3	1.798780E-4	1.798780E-4
1.010000E+0	6.872940E-3	6.872940E-3	1.750176E-4	1.750176E-4
1.020000E+0	6.904810E-3	6.904810E-3	1.758291E-4	1.758291E-4
1.030000E+0	6.903340E-3	6.903340E-3	1.757917E-4	1.757917E-4
1.040000E+0	6.864990E-3	6.864990E-3	1.748151E-4	1.748151E-4
1.050000E+0	6.877220E-3	6.877220E-3	1.751266E-4	1.751266E-4
1.060000E+0	6.919420E-3	6.919420E-3	1.762012E-4	1.762012E-4
1.070000E+0	6.856720E-3	6.856720E-3	1.746045E-4	1.746045E-4
1.080000E+0	6.891530E-3	6.891530E-3	1.754910E-4	1.754910E-4
1.090000E+0	6.900120E-3	6.900120E-3	1.757097E-4	1.757097E-4
1.100000E+0	6.894790E-3	6.894790E-3	1.755740E-4	1.755740E-4
1.110000E+0	6.892640E-3	6.892640E-3	1.755192E-4	1.755192E-4
1.120000E+0	6.937040E-3	6.937040E-3	1.766499E-4	1.766499E-4
1.130000E+0	6.996260E-3	6.996260E-3	1.781579E-4	1.781579E-4
1.140000E+0	7.213650E-3	7.213650E-3	1.836937E-4	1.836937E-4
1.150000E+0	7.074930E-3	7.074930E-3	1.801612E-4	1.801612E-4
1.160000E+0	8.664860E-3	8.664860E-3	2.206483E-4	2.206483E-4
1.170000E+0	1.168750E-2	1.168750E-2	2.976190E-4	2.976190E-4
1.180000E+0	1.085980E-2	1.085980E-2	2.765419E-4	2.765419E-4
1.190000E+0	1.191510E-2	1.191510E-2	3.034148E-4	3.034148E-4
1.200000E+0	1.130420E-2	1.130420E-2	2.878584E-4	2.878584E-4
1.210000E+0	1.096060E-2	1.096060E-2	2.791087E-4	2.791087E-4
1.220000E+0	1.074960E-2	1.074960E-2	2.737357E-4	2.737357E-4
1.230000E+0	1.029580E-2	1.029580E-2	2.621798E-4	2.621798E-4
1.240000E+0	9.898380E-3	9.898380E-3	2.520596E-4	2.520596E-4
1.250000E+0	9.687520E-3	9.687520E-3	2.466901E-4	2.466901E-4
1.260000E+0	9.571240E-3	9.571240E-3	2.437291E-4	2.437291E-4
1.270000E+0	9.491590E-3	9.491590E-3	2.417008E-4	2.417008E-4
1.280000E+0	9.316880E-3	9.316880E-3	2.372518E-4	2.372518E-4
1.290000E+0	9.349330E-3	9.349330E-3	2.380782E-4	2.380782E-4
1.300000E+0	9.103590E-3	9.103590E-3	2.318205E-4	2.318205E-4
1.310000E+0	9.173250E-3	9.173250E-3	2.335943E-4	2.335943E-4
1.320000E+0	9.242620E-3	9.242620E-3	2.353608E-4	2.353608E-4
1.330000E+0	9.232420E-3	9.232420E-3	2.351011E-4	2.351011E-4
1.340000E+0	9.297080E-3	9.297080E-3	2.367476E-4	2.367476E-4
1.350000E+0	9.173760E-3	9.173760E-3	2.336073E-4	2.336073E-4
1.360000E+0	9.226390E-3	9.226390E-3	2.349475E-4	2.349475E-4
1.370000E+0	9.185520E-3	9.185520E-3	2.339068E-4	2.339068E-4
1.380000E+0	9.102560E-3	9.102560E-3	2.317942E-4	2.317942E-4
1.390000E+0	8.921650E-3	8.921650E-3	2.271874E-4	2.271874E-4
1.400000E+0	8.947030E-3	8.947030E-3	2.278337E-4	2.278337E-4
1.410000E+0	8.737440E-3	8.737440E-3	2.224966E-4	2.224966E-4
1.420000E+0	1.015791E-2	1.015791E-2	2.586684E-4	2.586684E-4
1.430000E+0	1.252400E-2	1.252400E-2	3.189203E-4	3.189203E-4
1.440000E+0	1.230160E-2	1.230160E-2	3.132569E-4	3.132569E-4
1.450000E+0	1.284290E-2	1.284290E-2	3.270410E-4	3.270410E-4
1.460000E+0	1.202230E-2	1.202230E-2	3.061446E-4	3.061446E-4
1.470000E+0	1.143300E-2	1.143300E-2	2.911383E-4	2.911383E-4
1.480000E+0	1.132380E-2	1.132380E-2	2.883575E-4	2.883575E-4
1.490000E+0	1.287230E-2	1.287230E-2	3.277897E-4	3.277897E-4
1.500000E+0	1.237010E-2	1.237010E-2	3.150013E-4	3.150013E-4
