

12:09:04	16/03/21


Ell Cont: 5,0x10,0

SMU1	V name:		V1
	I name:		I1
	Mode:		V
	Function:	VAR1
SMU2	V name:		V2
	I name:		I2
	Mode:		common
	Function:	const.
SMU3	off
SMU4	off
VMUs	off

Primary Source (VAR1):	single
	Sweep Spacing:	linear
	Start:		-0.500000
	Stop:		0.500000
	Step:		0.010000
	Compliance:	0.050000
Power Compliance OFF

Timing:		Integration Time:	medium
	Delay Time (sec):	0.000000
	Hold Time (sec):	0.000000
	Wait Time (sec):	1.000000

Secondary Source (VAR2):	OFF


   V1	   I1	Abs(I)	J (A\um²)	Abs(J)
-5.000000E-1	-1.221000E-11	1.221000E-11	-3.109244E-13	3.109244E-13
-4.900000E-1	-7.670000E-12	7.670000E-12	-1.953145E-13	1.953145E-13
-4.800000E-1	-5.350000E-12	5.350000E-12	-1.362363E-13	1.362363E-13
-4.700000E-1	-3.940000E-12	3.940000E-12	-1.003310E-13	1.003310E-13
-4.600000E-1	-3.060000E-12	3.060000E-12	-7.792208E-14	7.792208E-14
-4.500000E-1	-2.220000E-12	2.220000E-12	-5.653170E-14	5.653170E-14
-4.400000E-1	-1.610000E-12	1.610000E-12	-4.099822E-14	4.099822E-14
-4.300000E-1	-7.500000E-13	7.500000E-13	-1.909855E-14	1.909855E-14
-4.200000E-1	-1.020000E-12	1.020000E-12	-2.597403E-14	2.597403E-14
-4.100000E-1	-1.500000E-13	1.500000E-13	-3.819710E-15	3.819710E-15
-4.000000E-1	-1.600000E-13	1.600000E-13	-4.074357E-15	4.074357E-15
-3.900000E-1	1.800000E-13	1.800000E-13	4.583652E-15	4.583652E-15
-3.800000E-1	2.800000E-13	2.800000E-13	7.130125E-15	7.130125E-15
-3.700000E-1	5.600000E-13	5.600000E-13	1.426025E-14	1.426025E-14
-3.600000E-1	3.400000E-13	3.400000E-13	8.658009E-15	8.658009E-15
-3.500000E-1	9.400000E-13	9.400000E-13	2.393685E-14	2.393685E-14
-3.400000E-1	8.200000E-13	8.200000E-13	2.088108E-14	2.088108E-14
-3.300000E-1	9.300000E-13	9.300000E-13	2.368220E-14	2.368220E-14
-3.200000E-1	1.170000E-12	1.170000E-12	2.979374E-14	2.979374E-14
-3.100000E-1	1.460000E-12	1.460000E-12	3.717851E-14	3.717851E-14
-3.000000E-1	1.800000E-12	1.800000E-12	4.583652E-14	4.583652E-14
-2.900000E-1	1.260000E-12	1.260000E-12	3.208556E-14	3.208556E-14
-2.800000E-1	1.440000E-12	1.440000E-12	3.666921E-14	3.666921E-14
-2.700000E-1	1.570000E-12	1.570000E-12	3.997963E-14	3.997963E-14
-2.600000E-1	1.020000E-12	1.020000E-12	2.597403E-14	2.597403E-14
-2.500000E-1	1.750000E-12	1.750000E-12	4.456328E-14	4.456328E-14
-2.400000E-1	1.490000E-12	1.490000E-12	3.794245E-14	3.794245E-14
-2.300000E-1	1.330000E-12	1.330000E-12	3.386809E-14	3.386809E-14
-2.200000E-1	1.710000E-12	1.710000E-12	4.354469E-14	4.354469E-14
-2.100000E-1	1.660000E-12	1.660000E-12	4.227145E-14	4.227145E-14
-2.000000E-1	1.450000E-12	1.450000E-12	3.692386E-14	3.692386E-14
-1.900000E-1	1.240000E-12	1.240000E-12	3.157627E-14	3.157627E-14
-1.800000E-1	1.540000E-12	1.540000E-12	3.921569E-14	3.921569E-14
-1.700000E-1	1.460000E-12	1.460000E-12	3.717851E-14	3.717851E-14
-1.600000E-1	2.050000E-12	2.050000E-12	5.220270E-14	5.220270E-14
-1.500000E-1	1.220000E-12	1.220000E-12	3.106697E-14	3.106697E-14
-1.400000E-1	1.590000E-12	1.590000E-12	4.048892E-14	4.048892E-14
-1.300000E-1	1.730000E-12	1.730000E-12	4.405398E-14	4.405398E-14
-1.200000E-1	1.760000E-12	1.760000E-12	4.481793E-14	4.481793E-14
-1.100000E-1	1.690000E-12	1.690000E-12	4.303540E-14	4.303540E-14
-1.000000E-1	1.760000E-12	1.760000E-12	4.481793E-14	4.481793E-14
-9.000000E-2	1.590000E-12	1.590000E-12	4.048892E-14	4.048892E-14
-8.000000E-2	1.880000E-12	1.880000E-12	4.787369E-14	4.787369E-14
-7.000000E-2	2.450000E-12	2.450000E-12	6.238859E-14	6.238859E-14
-6.000000E-2	2.010000E-12	2.010000E-12	5.118411E-14	5.118411E-14
-5.000000E-2	1.520000E-12	1.520000E-12	3.870639E-14	3.870639E-14
-4.000000E-2	1.750000E-12	1.750000E-12	4.456328E-14	4.456328E-14
-3.000000E-2	1.800000E-12	1.800000E-12	4.583652E-14	4.583652E-14
-2.000000E-2	1.920000E-12	1.920000E-12	4.889228E-14	4.889228E-14
-1.000000E-2	2.400000E-12	2.400000E-12	6.111535E-14	6.111535E-14
0.000000E+0	1.620000E-12	1.620000E-12	4.125286E-14	4.125286E-14
1.000000E-2	1.710000E-12	1.710000E-12	4.354469E-14	4.354469E-14
2.000000E-2	1.590000E-12	1.590000E-12	4.048892E-14	4.048892E-14
3.000000E-2	1.790000E-12	1.790000E-12	4.558187E-14	4.558187E-14
4.000000E-2	1.510000E-12	1.510000E-12	3.845174E-14	3.845174E-14
5.000000E-2	1.750000E-12	1.750000E-12	4.456328E-14	4.456328E-14
6.000000E-2	2.490000E-12	2.490000E-12	6.340718E-14	6.340718E-14
7.000000E-2	1.830000E-12	1.830000E-12	4.660046E-14	4.660046E-14
8.000000E-2	1.590000E-12	1.590000E-12	4.048892E-14	4.048892E-14
9.000000E-2	2.010000E-12	2.010000E-12	5.118411E-14	5.118411E-14
1.000000E-1	1.680000E-12	1.680000E-12	4.278075E-14	4.278075E-14
1.100000E-1	1.780000E-12	1.780000E-12	4.532722E-14	4.532722E-14
1.200000E-1	1.970000E-12	1.970000E-12	5.016552E-14	5.016552E-14
1.300000E-1	1.630000E-12	1.630000E-12	4.150751E-14	4.150751E-14
1.400000E-1	1.440000E-12	1.440000E-12	3.666921E-14	3.666921E-14
1.500000E-1	1.870000E-12	1.870000E-12	4.761905E-14	4.761905E-14
1.600000E-1	1.980000E-12	1.980000E-12	5.042017E-14	5.042017E-14
1.700000E-1	1.600000E-12	1.600000E-12	4.074357E-14	4.074357E-14
1.800000E-1	1.800000E-12	1.800000E-12	4.583652E-14	4.583652E-14
1.900000E-1	1.950000E-12	1.950000E-12	4.965623E-14	4.965623E-14
2.000000E-1	2.230000E-12	2.230000E-12	5.678635E-14	5.678635E-14
2.100000E-1	1.740000E-12	1.740000E-12	4.430863E-14	4.430863E-14
2.200000E-1	1.970000E-12	1.970000E-12	5.016552E-14	5.016552E-14
2.300000E-1	2.140000E-12	2.140000E-12	5.449452E-14	5.449452E-14
2.400000E-1	2.310000E-12	2.310000E-12	5.882353E-14	5.882353E-14
2.500000E-1	1.640000E-12	1.640000E-12	4.176216E-14	4.176216E-14
2.600000E-1	1.690000E-12	1.690000E-12	4.303540E-14	4.303540E-14
2.700000E-1	1.900000E-12	1.900000E-12	4.838299E-14	4.838299E-14
2.800000E-1	1.740000E-12	1.740000E-12	4.430863E-14	4.430863E-14
2.900000E-1	2.100000E-12	2.100000E-12	5.347594E-14	5.347594E-14
3.000000E-1	2.460000E-12	2.460000E-12	6.264324E-14	6.264324E-14
3.100000E-1	2.020000E-12	2.020000E-12	5.143876E-14	5.143876E-14
3.200000E-1	2.210000E-12	2.210000E-12	5.627706E-14	5.627706E-14
3.300000E-1	1.970000E-12	1.970000E-12	5.016552E-14	5.016552E-14
3.400000E-1	1.960000E-12	1.960000E-12	4.991087E-14	4.991087E-14
3.500000E-1	1.910000E-12	1.910000E-12	4.863764E-14	4.863764E-14
3.600000E-1	1.760000E-12	1.760000E-12	4.481793E-14	4.481793E-14
3.700000E-1	1.860000E-12	1.860000E-12	4.736440E-14	4.736440E-14
3.800000E-1	2.080000E-12	2.080000E-12	5.296664E-14	5.296664E-14
3.900000E-1	1.940000E-12	1.940000E-12	4.940158E-14	4.940158E-14
4.000000E-1	1.940000E-12	1.940000E-12	4.940158E-14	4.940158E-14
4.100000E-1	2.110000E-12	2.110000E-12	5.373058E-14	5.373058E-14
4.200000E-1	1.950000E-12	1.950000E-12	4.965623E-14	4.965623E-14
4.300000E-1	2.470000E-12	2.470000E-12	6.289789E-14	6.289789E-14
4.400000E-1	2.090000E-12	2.090000E-12	5.322129E-14	5.322129E-14
4.500000E-1	2.200000E-12	2.200000E-12	5.602241E-14	5.602241E-14
4.600000E-1	2.160000E-12	2.160000E-12	5.500382E-14	5.500382E-14
4.700000E-1	1.670000E-12	1.670000E-12	4.252610E-14	4.252610E-14
4.800000E-1	2.040000E-12	2.040000E-12	5.194805E-14	5.194805E-14
4.900000E-1	1.540000E-12	1.540000E-12	3.921569E-14	3.921569E-14
5.000000E-1	1.860000E-12	1.860000E-12	4.736440E-14	4.736440E-14
