

13:16:40	16/03/21


Ell Cont: 5,0x10,0

SMU1	V name:		V1
	I name:		I1
	Mode:		V
	Function:	VAR1
SMU2	V name:		V2
	I name:		I2
	Mode:		common
	Function:	const.
SMU3	off
SMU4	off
VMUs	off

Primary Source (VAR1):	single
	Sweep Spacing:	linear
	Start:		-0.500000
	Stop:		0.500000
	Step:		0.010000
	Compliance:	0.050000
Power Compliance OFF

Timing:		Integration Time:	medium
	Delay Time (sec):	0.000000
	Hold Time (sec):	0.000000
	Wait Time (sec):	1.000000

Secondary Source (VAR2):	OFF


   V1	   I1	Abs(I)	J (A\um²)	Abs(J)
-5.000000E-1	-7.621010E-7	7.621010E-7	-1.940670E-8	1.940670E-8
-4.900000E-1	-7.360550E-7	7.360550E-7	-1.874344E-8	1.874344E-8
-4.800000E-1	-7.110550E-7	7.110550E-7	-1.810682E-8	1.810682E-8
-4.700000E-1	-6.879670E-7	6.879670E-7	-1.751889E-8	1.751889E-8
-4.600000E-1	-6.640060E-7	6.640060E-7	-1.690873E-8	1.690873E-8
-4.500000E-1	-6.411540E-7	6.411540E-7	-1.632681E-8	1.632681E-8
-4.400000E-1	-6.196850E-7	6.196850E-7	-1.578011E-8	1.578011E-8
-4.300000E-1	-5.973130E-7	5.973130E-7	-1.521041E-8	1.521041E-8
-4.200000E-1	-5.760140E-7	5.760140E-7	-1.466804E-8	1.466804E-8
-4.100000E-1	-5.549660E-7	5.549660E-7	-1.413206E-8	1.413206E-8
-4.000000E-1	-5.342080E-7	5.342080E-7	-1.360346E-8	1.360346E-8
-3.900000E-1	-5.134060E-7	5.134060E-7	-1.307375E-8	1.307375E-8
-3.800000E-1	-4.936210E-7	4.936210E-7	-1.256993E-8	1.256993E-8
-3.700000E-1	-4.740570E-7	4.740570E-7	-1.207173E-8	1.207173E-8
-3.600000E-1	-4.550290E-7	4.550290E-7	-1.158719E-8	1.158719E-8
-3.500000E-1	-4.364590E-7	4.364590E-7	-1.111431E-8	1.111431E-8
-3.400000E-1	-4.185470E-7	4.185470E-7	-1.065819E-8	1.065819E-8
-3.300000E-1	-4.001720E-7	4.001720E-7	-1.019027E-8	1.019027E-8
-3.200000E-1	-3.826800E-7	3.826800E-7	-9.744843E-9	9.744843E-9
-3.100000E-1	-3.654680E-7	3.654680E-7	-9.306544E-9	9.306544E-9
-3.000000E-1	-3.481430E-7	3.481430E-7	-8.865368E-9	8.865368E-9
-2.900000E-1	-3.313680E-7	3.313680E-7	-8.438197E-9	8.438197E-9
-2.800000E-1	-3.157810E-7	3.157810E-7	-8.041278E-9	8.041278E-9
-2.700000E-1	-2.999110E-7	2.999110E-7	-7.637153E-9	7.637153E-9
-2.600000E-1	-2.844370E-7	2.844370E-7	-7.243112E-9	7.243112E-9
-2.500000E-1	-2.691580E-7	2.691580E-7	-6.854036E-9	6.854036E-9
-2.400000E-1	-2.545410E-7	2.545410E-7	-6.481818E-9	6.481818E-9
-2.300000E-1	-2.404740E-7	2.404740E-7	-6.123606E-9	6.123606E-9
-2.200000E-1	-2.265160E-7	2.265160E-7	-5.768169E-9	5.768169E-9
-2.100000E-1	-2.127260E-7	2.127260E-7	-5.417010E-9	5.417010E-9
-2.000000E-1	-1.993360E-7	1.993360E-7	-5.076038E-9	5.076038E-9
-1.900000E-1	-1.865190E-7	1.865190E-7	-4.749656E-9	4.749656E-9
-1.800000E-1	-1.741950E-7	1.741950E-7	-4.435829E-9	4.435829E-9
-1.700000E-1	-1.619290E-7	1.619290E-7	-4.123478E-9	4.123478E-9
-1.600000E-1	-1.498870E-7	1.498870E-7	-3.816832E-9	3.816832E-9
-1.500000E-1	-1.387410E-7	1.387410E-7	-3.533002E-9	3.533002E-9
-1.400000E-1	-1.277110E-7	1.277110E-7	-3.252126E-9	3.252126E-9
-1.300000E-1	-1.166680E-7	1.166680E-7	-2.970919E-9	2.970919E-9
-1.200000E-1	-1.061430E-7	1.061430E-7	-2.702903E-9	2.702903E-9
-1.100000E-1	-9.636280E-8	9.636280E-8	-2.453853E-9	2.453853E-9
-1.000000E-1	-8.599750E-8	8.599750E-8	-2.189903E-9	2.189903E-9
-9.000000E-2	-7.635210E-8	7.635210E-8	-1.944286E-9	1.944286E-9
-8.000000E-2	-6.691460E-8	6.691460E-8	-1.703962E-9	1.703962E-9
-7.000000E-2	-5.788530E-8	5.788530E-8	-1.474034E-9	1.474034E-9
-6.000000E-2	-4.912080E-8	4.912080E-8	-1.250848E-9	1.250848E-9
-5.000000E-2	-4.049390E-8	4.049390E-8	-1.031166E-9	1.031166E-9
-4.000000E-2	-3.200470E-8	3.200470E-8	-8.149911E-10	8.149911E-10
-3.000000E-2	-2.356710E-8	2.356710E-8	-6.001299E-10	6.001299E-10
-2.000000E-2	-1.533780E-8	1.533780E-8	-3.905730E-10	3.905730E-10
-1.000000E-2	-7.866180E-9	7.866180E-9	-2.003102E-10	2.003102E-10
0.000000E+0	1.816300E-10	1.816300E-10	4.625159E-12	4.625159E-12
1.000000E-2	8.208160E-9	8.208160E-9	2.090186E-10	2.090186E-10
2.000000E-2	1.638030E-8	1.638030E-8	4.171199E-10	4.171199E-10
3.000000E-2	2.520860E-8	2.520860E-8	6.419302E-10	6.419302E-10
4.000000E-2	3.355650E-8	3.355650E-8	8.545072E-10	8.545072E-10
5.000000E-2	4.212730E-8	4.212730E-8	1.072760E-9	1.072760E-9
6.000000E-2	5.075580E-8	5.075580E-8	1.292483E-9	1.292483E-9
7.000000E-2	5.960080E-8	5.960080E-8	1.517718E-9	1.517718E-9
8.000000E-2	6.867860E-8	6.867860E-8	1.748882E-9	1.748882E-9
9.000000E-2	7.807850E-8	7.807850E-8	1.988248E-9	1.988248E-9
1.000000E-1	8.701240E-8	8.701240E-8	2.215747E-9	2.215747E-9
1.100000E-1	9.691550E-8	9.691550E-8	2.467927E-9	2.467927E-9
1.200000E-1	1.068320E-7	1.068320E-7	2.720448E-9	2.720448E-9
1.300000E-1	1.179860E-7	1.179860E-7	3.004482E-9	3.004482E-9
1.400000E-1	1.289620E-7	1.289620E-7	3.283983E-9	3.283983E-9
1.500000E-1	1.401610E-7	1.401610E-7	3.569162E-9	3.569162E-9
1.600000E-1	1.517600E-7	1.517600E-7	3.864528E-9	3.864528E-9
1.700000E-1	1.635940E-7	1.635940E-7	4.165877E-9	4.165877E-9
1.800000E-1	1.757020E-7	1.757020E-7	4.474204E-9	4.474204E-9
1.900000E-1	1.879280E-7	1.879280E-7	4.785536E-9	4.785536E-9
2.000000E-1	2.010270E-7	2.010270E-7	5.119098E-9	5.119098E-9
2.100000E-1	2.139540E-7	2.139540E-7	5.448281E-9	5.448281E-9
2.200000E-1	2.273180E-7	2.273180E-7	5.788592E-9	5.788592E-9
2.300000E-1	2.411010E-7	2.411010E-7	6.139572E-9	6.139572E-9
2.400000E-1	2.553550E-7	2.553550E-7	6.502546E-9	6.502546E-9
2.500000E-1	2.697620E-7	2.697620E-7	6.869417E-9	6.869417E-9
2.600000E-1	2.848390E-7	2.848390E-7	7.253349E-9	7.253349E-9
2.700000E-1	3.004240E-7	3.004240E-7	7.650216E-9	7.650216E-9
2.800000E-1	3.157580E-7	3.157580E-7	8.040693E-9	8.040693E-9
2.900000E-1	3.318180E-7	3.318180E-7	8.449656E-9	8.449656E-9
3.000000E-1	3.479930E-7	3.479930E-7	8.861548E-9	8.861548E-9
3.100000E-1	3.644100E-7	3.644100E-7	9.279603E-9	9.279603E-9
3.200000E-1	3.813330E-7	3.813330E-7	9.710542E-9	9.710542E-9
3.300000E-1	3.990120E-7	3.990120E-7	1.016073E-8	1.016073E-8
3.400000E-1	4.179330E-7	4.179330E-7	1.064255E-8	1.064255E-8
3.500000E-1	4.361910E-7	4.361910E-7	1.110749E-8	1.110749E-8
3.600000E-1	4.544700E-7	4.544700E-7	1.157296E-8	1.157296E-8
3.700000E-1	4.732690E-7	4.732690E-7	1.205167E-8	1.205167E-8
3.800000E-1	4.931430E-7	4.931430E-7	1.255775E-8	1.255775E-8
3.900000E-1	5.125830E-7	5.125830E-7	1.305279E-8	1.305279E-8
4.000000E-1	5.333380E-7	5.333380E-7	1.358131E-8	1.358131E-8
4.100000E-1	5.530880E-7	5.530880E-7	1.408424E-8	1.408424E-8
4.200000E-1	5.732550E-7	5.732550E-7	1.459778E-8	1.459778E-8
4.300000E-1	5.952920E-7	5.952920E-7	1.515895E-8	1.515895E-8
4.400000E-1	6.172930E-7	6.172930E-7	1.571920E-8	1.571920E-8
4.500000E-1	6.398360E-7	6.398360E-7	1.629325E-8	1.629325E-8
4.600000E-1	6.620630E-7	6.620630E-7	1.685926E-8	1.685926E-8
4.700000E-1	6.839770E-7	6.839770E-7	1.741729E-8	1.741729E-8
4.800000E-1	7.079510E-7	7.079510E-7	1.802778E-8	1.802778E-8
4.900000E-1	7.306850E-7	7.306850E-7	1.860670E-8	1.860670E-8
5.000000E-1	7.552060E-7	7.552060E-7	1.923112E-8	1.923112E-8
