

13:04:59	16/03/21


Ell Cont: 5,0x10,0

SMU1	V name:		V1
	I name:		I1
	Mode:		V
	Function:	VAR1
SMU2	V name:		V2
	I name:		I2
	Mode:		common
	Function:	const.
SMU3	off
SMU4	off
VMUs	off

Primary Source (VAR1):	single
	Sweep Spacing:	linear
	Start:		-0.500000
	Stop:		0.500000
	Step:		0.010000
	Compliance:	0.050000
Power Compliance OFF

Timing:		Integration Time:	medium
	Delay Time (sec):	0.000000
	Hold Time (sec):	0.000000
	Wait Time (sec):	1.000000

Secondary Source (VAR2):	OFF


   V1	   I1	Abs(I)	J (A\µm²)	Abs(J)
-5.000000E-1	-1.128000E-11	1.128000E-11	-2.872422E-13	2.872422E-13
-4.900000E-1	-4.660000E-12	4.660000E-12	-1.186656E-13	1.186656E-13
-4.800000E-1	-1.079000E-11	1.079000E-11	-2.747644E-13	2.747644E-13
-4.700000E-1	-5.860000E-12	5.860000E-12	-1.492233E-13	1.492233E-13
-4.600000E-1	-4.100000E-12	4.100000E-12	-1.044054E-13	1.044054E-13
-4.500000E-1	-2.520000E-12	2.520000E-12	-6.417112E-14	6.417112E-14
-4.400000E-1	-2.610000E-12	2.610000E-12	-6.646295E-14	6.646295E-14
-4.300000E-1	-1.040000E-12	1.040000E-12	-2.648332E-14	2.648332E-14
-4.200000E-1	-1.000000E-12	1.000000E-12	-2.546473E-14	2.546473E-14
-4.100000E-1	1.300000E-13	1.300000E-13	3.310415E-15	3.310415E-15
-4.000000E-1	9.500000E-13	9.500000E-13	2.419149E-14	2.419149E-14
-3.900000E-1	1.580000E-12	1.580000E-12	4.023428E-14	4.023428E-14
-3.800000E-1	2.060000E-12	2.060000E-12	5.245735E-14	5.245735E-14
-3.700000E-1	5.560000E-12	5.560000E-12	1.415839E-13	1.415839E-13
-3.600000E-1	3.590000E-12	3.590000E-12	9.141838E-14	9.141838E-14
-3.500000E-1	3.270000E-12	3.270000E-12	8.326967E-14	8.326967E-14
-3.400000E-1	2.640000E-12	2.640000E-12	6.722689E-14	6.722689E-14
-3.300000E-1	-6.300000E-13	6.300000E-13	-1.604278E-14	1.604278E-14
-3.200000E-1	-2.860000E-12	2.860000E-12	-7.282913E-14	7.282913E-14
-3.100000E-1	-2.400000E-13	2.400000E-13	-6.111535E-15	6.111535E-15
-3.000000E-1	5.860000E-12	5.860000E-12	1.492233E-13	1.492233E-13
-2.900000E-1	7.400000E-13	7.400000E-13	1.884390E-14	1.884390E-14
-2.800000E-1	1.500000E-13	1.500000E-13	3.819710E-15	3.819710E-15
-2.700000E-1	7.600000E-13	7.600000E-13	1.935320E-14	1.935320E-14
-2.600000E-1	1.470000E-12	1.470000E-12	3.743315E-14	3.743315E-14
-2.500000E-1	7.750000E-12	7.750000E-12	1.973517E-13	1.973517E-13
-2.400000E-1	-2.300000E-12	2.300000E-12	-5.856888E-14	5.856888E-14
-2.300000E-1	-7.830000E-12	7.830000E-12	-1.993888E-13	1.993888E-13
-2.200000E-1	4.600000E-12	4.600000E-12	1.171378E-13	1.171378E-13
-2.100000E-1	-6.600000E-13	6.600000E-13	-1.680672E-14	1.680672E-14
-2.000000E-1	-1.470000E-12	1.470000E-12	-3.743315E-14	3.743315E-14
-1.900000E-1	3.100000E-12	3.100000E-12	7.894067E-14	7.894067E-14
-1.800000E-1	8.300000E-13	8.300000E-13	2.113573E-14	2.113573E-14
-1.700000E-1	1.600000E-13	1.600000E-13	4.074357E-15	4.074357E-15
-1.600000E-1	2.850000E-12	2.850000E-12	7.257448E-14	7.257448E-14
-1.500000E-1	6.700000E-13	6.700000E-13	1.706137E-14	1.706137E-14
-1.400000E-1	3.400000E-13	3.400000E-13	8.658009E-15	8.658009E-15
-1.300000E-1	2.270000E-12	2.270000E-12	5.780494E-14	5.780494E-14
-1.200000E-1	9.330000E-12	9.330000E-12	2.375859E-13	2.375859E-13
-1.100000E-1	-1.960000E-12	1.960000E-12	-4.991087E-14	4.991087E-14
-1.000000E-1	6.040000E-12	6.040000E-12	1.538070E-13	1.538070E-13
-9.000000E-2	-1.500000E-13	1.500000E-13	-3.819710E-15	3.819710E-15
-8.000000E-2	2.190000E-12	2.190000E-12	5.576776E-14	5.576776E-14
-7.000000E-2	3.850000E-12	3.850000E-12	9.803921E-14	9.803921E-14
-6.000000E-2	4.300000E-13	4.300000E-13	1.094983E-14	1.094983E-14
-5.000000E-2	1.690000E-12	1.690000E-12	4.303540E-14	4.303540E-14
-4.000000E-2	2.340000E-12	2.340000E-12	5.958747E-14	5.958747E-14
-3.000000E-2	-6.000000E-14	6.000000E-14	-1.527884E-15	1.527884E-15
-2.000000E-2	3.360000E-12	3.360000E-12	8.556150E-14	8.556150E-14
-1.000000E-2	9.900000E-13	9.900000E-13	2.521008E-14	2.521008E-14
0.000000E+0	1.480000E-12	1.480000E-12	3.768780E-14	3.768780E-14
1.000000E-2	3.300000E-12	3.300000E-12	8.403361E-14	8.403361E-14
2.000000E-2	1.010000E-12	1.010000E-12	2.571938E-14	2.571938E-14
3.000000E-2	1.670000E-12	1.670000E-12	4.252610E-14	4.252610E-14
4.000000E-2	2.570000E-12	2.570000E-12	6.544436E-14	6.544436E-14
5.000000E-2	2.320000E-12	2.320000E-12	5.907818E-14	5.907818E-14
6.000000E-2	1.580000E-12	1.580000E-12	4.023428E-14	4.023428E-14
7.000000E-2	2.230000E-12	2.230000E-12	5.678635E-14	5.678635E-14
8.000000E-2	1.810000E-12	1.810000E-12	4.609116E-14	4.609116E-14
9.000000E-2	1.340000E-12	1.340000E-12	3.412274E-14	3.412274E-14
1.000000E-1	2.440000E-12	2.440000E-12	6.213394E-14	6.213394E-14
1.100000E-1	2.190000E-12	2.190000E-12	5.576776E-14	5.576776E-14
1.200000E-1	1.370000E-12	1.370000E-12	3.488668E-14	3.488668E-14
1.300000E-1	2.960000E-12	2.960000E-12	7.537560E-14	7.537560E-14
1.400000E-1	1.020000E-12	1.020000E-12	2.597403E-14	2.597403E-14
1.500000E-1	1.870000E-12	1.870000E-12	4.761905E-14	4.761905E-14
1.600000E-1	2.640000E-12	2.640000E-12	6.722689E-14	6.722689E-14
1.700000E-1	1.230000E-12	1.230000E-12	3.132162E-14	3.132162E-14
1.800000E-1	1.470000E-12	1.470000E-12	3.743315E-14	3.743315E-14
1.900000E-1	2.210000E-12	2.210000E-12	5.627706E-14	5.627706E-14
2.000000E-1	1.660000E-12	1.660000E-12	4.227145E-14	4.227145E-14
2.100000E-1	1.230000E-12	1.230000E-12	3.132162E-14	3.132162E-14
2.200000E-1	1.970000E-12	1.970000E-12	5.016552E-14	5.016552E-14
2.300000E-1	2.120000E-12	2.120000E-12	5.398523E-14	5.398523E-14
2.400000E-1	1.860000E-12	1.860000E-12	4.736440E-14	4.736440E-14
2.500000E-1	2.160000E-12	2.160000E-12	5.500382E-14	5.500382E-14
2.600000E-1	1.780000E-12	1.780000E-12	4.532722E-14	4.532722E-14
2.700000E-1	1.790000E-12	1.790000E-12	4.558187E-14	4.558187E-14
2.800000E-1	2.460000E-12	2.460000E-12	6.264324E-14	6.264324E-14
2.900000E-1	1.990000E-12	1.990000E-12	5.067481E-14	5.067481E-14
3.000000E-1	1.810000E-12	1.810000E-12	4.609116E-14	4.609116E-14
3.100000E-1	2.240000E-12	2.240000E-12	5.704100E-14	5.704100E-14
3.200000E-1	2.420000E-12	2.420000E-12	6.162465E-14	6.162465E-14
3.300000E-1	1.540000E-12	1.540000E-12	3.921569E-14	3.921569E-14
3.400000E-1	2.200000E-12	2.200000E-12	5.602241E-14	5.602241E-14
3.500000E-1	1.620000E-12	1.620000E-12	4.125286E-14	4.125286E-14
3.600000E-1	1.970000E-12	1.970000E-12	5.016552E-14	5.016552E-14
3.700000E-1	2.050000E-12	2.050000E-12	5.220270E-14	5.220270E-14
3.800000E-1	2.210000E-12	2.210000E-12	5.627706E-14	5.627706E-14
3.900000E-1	1.910000E-12	1.910000E-12	4.863764E-14	4.863764E-14
4.000000E-1	1.850000E-12	1.850000E-12	4.710975E-14	4.710975E-14
4.100000E-1	1.990000E-12	1.990000E-12	5.067481E-14	5.067481E-14
4.200000E-1	1.190000E-12	1.190000E-12	3.030303E-14	3.030303E-14
4.300000E-1	2.110000E-12	2.110000E-12	5.373058E-14	5.373058E-14
4.400000E-1	1.970000E-12	1.970000E-12	5.016552E-14	5.016552E-14
4.500000E-1	1.670000E-12	1.670000E-12	4.252610E-14	4.252610E-14
4.600000E-1	2.250000E-12	2.250000E-12	5.729564E-14	5.729564E-14
4.700000E-1	1.990000E-12	1.990000E-12	5.067481E-14	5.067481E-14
4.800000E-1	1.800000E-12	1.800000E-12	4.583652E-14	4.583652E-14
4.900000E-1	2.100000E-12	2.100000E-12	5.347594E-14	5.347594E-14
5.000000E-1	1.700000E-12	1.700000E-12	4.329004E-14	4.329004E-14
