

12:16:12	16/03/21


Ell Cont: 5,0x10,0

SMU1	V name:		V1
	I name:		I1
	Mode:		V
	Function:	VAR1
SMU2	V name:		V2
	I name:		I2
	Mode:		common
	Function:	const.
SMU3	off
SMU4	off
VMUs	off

Primary Source (VAR1):	single
	Sweep Spacing:	linear
	Start:		-0.500000
	Stop:		0.500000
	Step:		0.010000
	Compliance:	0.050000
Power Compliance OFF

Timing:		Integration Time:	medium
	Delay Time (sec):	0.000000
	Hold Time (sec):	0.000000
	Wait Time (sec):	1.000000

Secondary Source (VAR2):	OFF


   V1	   I1	Abs(I)	J (A\um²)	Abs(J)
-5.000000E-1	-2.502920E-9	2.502920E-9	-6.373618E-11	6.373618E-11
-4.900000E-1	-2.959780E-9	2.959780E-9	-7.537000E-11	7.537000E-11
-4.800000E-1	-2.941780E-9	2.941780E-9	-7.491164E-11	7.491164E-11
-4.700000E-1	-2.582080E-9	2.582080E-9	-6.575197E-11	6.575197E-11
-4.600000E-1	-3.092770E-9	3.092770E-9	-7.875656E-11	7.875656E-11
-4.500000E-1	-3.407440E-9	3.407440E-9	-8.676954E-11	8.676954E-11
-4.400000E-1	-2.815820E-9	2.815820E-9	-7.170410E-11	7.170410E-11
-4.300000E-1	-2.652970E-9	2.652970E-9	-6.755717E-11	6.755717E-11
-4.200000E-1	-2.800830E-9	2.800830E-9	-7.132238E-11	7.132238E-11
-4.100000E-1	-1.904280E-9	1.904280E-9	-4.849198E-11	4.849198E-11
-4.000000E-1	-1.771940E-9	1.771940E-9	-4.512198E-11	4.512198E-11
-3.900000E-1	-2.233120E-9	2.233120E-9	-5.686580E-11	5.686580E-11
-3.800000E-1	-2.333490E-9	2.333490E-9	-5.942170E-11	5.942170E-11
-3.700000E-1	-2.546900E-9	2.546900E-9	-6.485612E-11	6.485612E-11
-3.600000E-1	-2.131990E-9	2.131990E-9	-5.429055E-11	5.429055E-11
-3.500000E-1	-1.794160E-9	1.794160E-9	-4.568780E-11	4.568780E-11
-3.400000E-1	-1.775040E-9	1.775040E-9	-4.520092E-11	4.520092E-11
-3.300000E-1	-1.533680E-9	1.533680E-9	-3.905475E-11	3.905475E-11
-3.200000E-1	-1.485620E-9	1.485620E-9	-3.783091E-11	3.783091E-11
-3.100000E-1	-1.560360E-9	1.560360E-9	-3.973415E-11	3.973415E-11
-3.000000E-1	-1.493180E-9	1.493180E-9	-3.802343E-11	3.802343E-11
-2.900000E-1	-1.332740E-9	1.332740E-9	-3.393787E-11	3.393787E-11
-2.800000E-1	-1.347510E-9	1.347510E-9	-3.431398E-11	3.431398E-11
-2.700000E-1	-1.281390E-9	1.281390E-9	-3.263025E-11	3.263025E-11
-2.600000E-1	-1.196890E-9	1.196890E-9	-3.047848E-11	3.047848E-11
-2.500000E-1	-1.203020E-9	1.203020E-9	-3.063458E-11	3.063458E-11
-2.400000E-1	-1.128390E-9	1.128390E-9	-2.873415E-11	2.873415E-11
-2.300000E-1	-1.196490E-9	1.196490E-9	-3.046830E-11	3.046830E-11
-2.200000E-1	-9.596000E-10	9.596000E-10	-2.443596E-11	2.443596E-11
-2.100000E-1	-1.204400E-9	1.204400E-9	-3.066972E-11	3.066972E-11
-2.000000E-1	-9.809100E-10	9.809100E-10	-2.497861E-11	2.497861E-11
-1.900000E-1	-9.175300E-10	9.175300E-10	-2.336465E-11	2.336465E-11
-1.800000E-1	-1.106730E-9	1.106730E-9	-2.818258E-11	2.818258E-11
-1.700000E-1	-1.002460E-9	1.002460E-9	-2.552737E-11	2.552737E-11
-1.600000E-1	-9.275400E-10	9.275400E-10	-2.361956E-11	2.361956E-11
-1.500000E-1	-9.229100E-10	9.229100E-10	-2.350165E-11	2.350165E-11
-1.400000E-1	-9.189200E-10	9.189200E-10	-2.340005E-11	2.340005E-11
-1.300000E-1	-7.320200E-10	7.320200E-10	-1.864069E-11	1.864069E-11
-1.200000E-1	-6.178700E-10	6.178700E-10	-1.573389E-11	1.573389E-11
-1.100000E-1	-5.327300E-10	5.327300E-10	-1.356583E-11	1.356583E-11
-1.000000E-1	-4.455000E-10	4.455000E-10	-1.134454E-11	1.134454E-11
-9.000000E-2	-4.471900E-10	4.471900E-10	-1.138757E-11	1.138757E-11
-8.000000E-2	-3.993100E-10	3.993100E-10	-1.016832E-11	1.016832E-11
-7.000000E-2	-4.187500E-10	4.187500E-10	-1.066336E-11	1.066336E-11
-6.000000E-2	-3.510500E-10	3.510500E-10	-8.939394E-12	8.939394E-12
-5.000000E-2	-2.682400E-10	2.682400E-10	-6.830659E-12	6.830659E-12
-4.000000E-2	-1.872300E-10	1.872300E-10	-4.767762E-12	4.767762E-12
-3.000000E-2	-1.432900E-10	1.432900E-10	-3.648841E-12	3.648841E-12
-2.000000E-2	-1.001900E-10	1.001900E-10	-2.551311E-12	2.551311E-12
-1.000000E-2	-3.910000E-11	3.910000E-11	-9.956710E-13	9.956710E-13
0.000000E+0	1.610000E-12	1.610000E-12	4.099822E-14	4.099822E-14
1.000000E-2	4.033000E-11	4.033000E-11	1.026993E-12	1.026993E-12
2.000000E-2	8.073000E-11	8.073000E-11	2.055768E-12	2.055768E-12
3.000000E-2	1.166600E-10	1.166600E-10	2.970716E-12	2.970716E-12
4.000000E-2	1.318800E-10	1.318800E-10	3.358289E-12	3.358289E-12
5.000000E-2	1.834500E-10	1.834500E-10	4.671505E-12	4.671505E-12
6.000000E-2	2.219900E-10	2.219900E-10	5.652916E-12	5.652916E-12
7.000000E-2	2.811500E-10	2.811500E-10	7.159409E-12	7.159409E-12
8.000000E-2	2.676600E-10	2.676600E-10	6.815890E-12	6.815890E-12
9.000000E-2	3.199200E-10	3.199200E-10	8.146677E-12	8.146677E-12
1.000000E-1	3.973700E-10	3.973700E-10	1.011892E-11	1.011892E-11
1.100000E-1	4.072000E-10	4.072000E-10	1.036924E-11	1.036924E-11
1.200000E-1	3.366000E-10	3.366000E-10	8.571428E-12	8.571428E-12
1.300000E-1	3.864500E-10	3.864500E-10	9.840845E-12	9.840845E-12
1.400000E-1	5.073200E-10	5.073200E-10	1.291877E-11	1.291877E-11
1.500000E-1	5.991100E-10	5.991100E-10	1.525618E-11	1.525618E-11
1.600000E-1	5.743800E-10	5.743800E-10	1.462643E-11	1.462643E-11
1.700000E-1	7.032200E-10	7.032200E-10	1.790731E-11	1.790731E-11
1.800000E-1	7.803200E-10	7.803200E-10	1.987064E-11	1.987064E-11
1.900000E-1	7.023800E-10	7.023800E-10	1.788592E-11	1.788592E-11
2.000000E-1	8.022400E-10	8.022400E-10	2.042883E-11	2.042883E-11
2.100000E-1	8.567400E-10	8.567400E-10	2.181665E-11	2.181665E-11
2.200000E-1	1.089490E-9	1.089490E-9	2.774357E-11	2.774357E-11
2.300000E-1	9.125900E-10	9.125900E-10	2.323886E-11	2.323886E-11
2.400000E-1	9.503500E-10	9.503500E-10	2.420041E-11	2.420041E-11
2.500000E-1	1.441990E-9	1.441990E-9	3.671989E-11	3.671989E-11
2.600000E-1	1.423190E-9	1.423190E-9	3.624115E-11	3.624115E-11
2.700000E-1	1.413830E-9	1.413830E-9	3.600280E-11	3.600280E-11
2.800000E-1	2.022970E-9	2.022970E-9	5.151439E-11	5.151439E-11
2.900000E-1	1.988400E-9	1.988400E-9	5.063407E-11	5.063407E-11
3.000000E-1	1.684090E-9	1.684090E-9	4.288490E-11	4.288490E-11
3.100000E-1	3.549540E-9	3.549540E-9	9.038808E-11	9.038808E-11
3.200000E-1	2.212730E-9	2.212730E-9	5.634657E-11	5.634657E-11
3.300000E-1	4.104800E-9	4.104800E-9	1.045276E-10	1.045276E-10
3.400000E-1	3.354610E-9	3.354610E-9	8.542424E-11	8.542424E-11
3.500000E-1	2.483560E-9	2.483560E-9	6.324319E-11	6.324319E-11
3.600000E-1	2.802890E-9	2.802890E-9	7.137484E-11	7.137484E-11
3.700000E-1	2.465690E-9	2.465690E-9	6.278813E-11	6.278813E-11
3.800000E-1	2.718520E-9	2.718520E-9	6.922638E-11	6.922638E-11
3.900000E-1	2.886780E-9	2.886780E-9	7.351108E-11	7.351108E-11
4.000000E-1	3.343370E-9	3.343370E-9	8.513802E-11	8.513802E-11
4.100000E-1	3.633580E-9	3.633580E-9	9.252814E-11	9.252814E-11
4.200000E-1	5.080480E-9	5.080480E-9	1.293731E-10	1.293731E-10
4.300000E-1	6.099000E-9	6.099000E-9	1.553094E-10	1.553094E-10
4.400000E-1	5.963400E-9	5.963400E-9	1.518564E-10	1.518564E-10
4.500000E-1	5.347540E-9	5.347540E-9	1.361737E-10	1.361737E-10
4.600000E-1	7.947650E-9	7.947650E-9	2.023848E-10	2.023848E-10
4.700000E-1	8.381700E-9	8.381700E-9	2.134377E-10	2.134377E-10
4.800000E-1	9.455000E-9	9.455000E-9	2.407690E-10	2.407690E-10
4.900000E-1	1.330680E-8	1.330680E-8	3.388541E-10	3.388541E-10
5.000000E-1	1.153170E-8	1.153170E-8	2.936516E-10	2.936516E-10
