

13:02:42	16/03/21


Ell Cont: 5,0x10,0

SMU1	V name:		V1
	I name:		I1
	Mode:		V
	Function:	VAR1
SMU2	V name:		V2
	I name:		I2
	Mode:		common
	Function:	const.
SMU3	off
SMU4	off
VMUs	off

Primary Source (VAR1):	single
	Sweep Spacing:	linear
	Start:		-0.500000
	Stop:		0.500000
	Step:		0.010000
	Compliance:	0.050000
Power Compliance OFF

Timing:		Integration Time:	medium
	Delay Time (sec):	0.000000
	Hold Time (sec):	0.000000
	Wait Time (sec):	1.000000

Secondary Source (VAR2):	OFF


   V1	   I1	Abs(I)	J (A\um²)	Abs(J)
-5.000000E-1	-1.260000E-11	1.260000E-11	-3.208556E-13	3.208556E-13
-4.900000E-1	-8.460000E-12	8.460000E-12	-2.154316E-13	2.154316E-13
-4.800000E-1	-3.720000E-12	3.720000E-12	-9.472880E-14	9.472880E-14
-4.700000E-1	-2.990000E-12	2.990000E-12	-7.613955E-14	7.613955E-14
-4.600000E-1	-5.600000E-13	5.600000E-13	-1.426025E-14	1.426025E-14
-4.500000E-1	-2.200000E-12	2.200000E-12	-5.602241E-14	5.602241E-14
-4.400000E-1	-2.500000E-12	2.500000E-12	-6.366183E-14	6.366183E-14
-4.300000E-1	8.300000E-13	8.300000E-13	2.113573E-14	2.113573E-14
-4.200000E-1	4.270000E-12	4.270000E-12	1.087344E-13	1.087344E-13
-4.100000E-1	4.900000E-13	4.900000E-13	1.247772E-14	1.247772E-14
-4.000000E-1	-6.300000E-13	6.300000E-13	-1.604278E-14	1.604278E-14
-3.900000E-1	1.100000E-12	1.100000E-12	2.801120E-14	2.801120E-14
-3.800000E-1	-2.500000E-13	2.500000E-13	-6.366183E-15	6.366183E-15
-3.700000E-1	-2.400000E-13	2.400000E-13	-6.111535E-15	6.111535E-15
-3.600000E-1	3.220000E-12	3.220000E-12	8.199643E-14	8.199643E-14
-3.500000E-1	-2.990000E-12	2.990000E-12	-7.613955E-14	7.613955E-14
-3.400000E-1	1.610000E-12	1.610000E-12	4.099822E-14	4.099822E-14
-3.300000E-1	-1.700000E-13	1.700000E-13	-4.329004E-15	4.329004E-15
-3.200000E-1	-2.100000E-13	2.100000E-13	-5.347594E-15	5.347594E-15
-3.100000E-1	4.690000E-12	4.690000E-12	1.194296E-13	1.194296E-13
-3.000000E-1	1.440000E-12	1.440000E-12	3.666921E-14	3.666921E-14
-2.900000E-1	-5.100000E-13	5.100000E-13	-1.298701E-14	1.298701E-14
-2.800000E-1	6.600000E-13	6.600000E-13	1.680672E-14	1.680672E-14
-2.700000E-1	1.430000E-12	1.430000E-12	3.641457E-14	3.641457E-14
-2.600000E-1	2.500000E-13	2.500000E-13	6.366183E-15	6.366183E-15
-2.500000E-1	2.790000E-12	2.790000E-12	7.104660E-14	7.104660E-14
-2.400000E-1	1.490000E-12	1.490000E-12	3.794245E-14	3.794245E-14
-2.300000E-1	4.290000E-12	4.290000E-12	1.092437E-13	1.092437E-13
-2.200000E-1	1.410000E-12	1.410000E-12	3.590527E-14	3.590527E-14
-2.100000E-1	5.600000E-13	5.600000E-13	1.426025E-14	1.426025E-14
-2.000000E-1	2.000000E-13	2.000000E-13	5.092946E-15	5.092946E-15
-1.900000E-1	1.250000E-12	1.250000E-12	3.183091E-14	3.183091E-14
-1.800000E-1	2.110000E-12	2.110000E-12	5.373058E-14	5.373058E-14
-1.700000E-1	2.230000E-12	2.230000E-12	5.678635E-14	5.678635E-14
-1.600000E-1	1.100000E-12	1.100000E-12	2.801120E-14	2.801120E-14
-1.500000E-1	1.670000E-12	1.670000E-12	4.252610E-14	4.252610E-14
-1.400000E-1	2.290000E-12	2.290000E-12	5.831423E-14	5.831423E-14
-1.300000E-1	2.040000E-12	2.040000E-12	5.194805E-14	5.194805E-14
-1.200000E-1	1.700000E-12	1.700000E-12	4.329004E-14	4.329004E-14
-1.100000E-1	1.760000E-12	1.760000E-12	4.481793E-14	4.481793E-14
-1.000000E-1	2.000000E-12	2.000000E-12	5.092946E-14	5.092946E-14
-9.000000E-2	3.260000E-12	3.260000E-12	8.301502E-14	8.301502E-14
-8.000000E-2	2.080000E-12	2.080000E-12	5.296664E-14	5.296664E-14
-7.000000E-2	1.510000E-12	1.510000E-12	3.845174E-14	3.845174E-14
-6.000000E-2	2.330000E-12	2.330000E-12	5.933282E-14	5.933282E-14
-5.000000E-2	1.330000E-12	1.330000E-12	3.386809E-14	3.386809E-14
-4.000000E-2	1.230000E-12	1.230000E-12	3.132162E-14	3.132162E-14
-3.000000E-2	1.200000E-12	1.200000E-12	3.055768E-14	3.055768E-14
-2.000000E-2	1.840000E-12	1.840000E-12	4.685511E-14	4.685511E-14
-1.000000E-2	1.350000E-12	1.350000E-12	3.437739E-14	3.437739E-14
0.000000E+0	1.330000E-12	1.330000E-12	3.386809E-14	3.386809E-14
1.000000E-2	1.660000E-12	1.660000E-12	4.227145E-14	4.227145E-14
2.000000E-2	4.288000E-11	4.288000E-11	1.091928E-12	1.091928E-12
3.000000E-2	1.300000E-12	1.300000E-12	3.310415E-14	3.310415E-14
4.000000E-2	2.020000E-12	2.020000E-12	5.143876E-14	5.143876E-14
5.000000E-2	1.510000E-12	1.510000E-12	3.845174E-14	3.845174E-14
6.000000E-2	1.730000E-12	1.730000E-12	4.405398E-14	4.405398E-14
7.000000E-2	1.590000E-12	1.590000E-12	4.048892E-14	4.048892E-14
8.000000E-2	1.550000E-12	1.550000E-12	3.947033E-14	3.947033E-14
9.000000E-2	6.270000E-12	6.270000E-12	1.596639E-13	1.596639E-13
1.000000E-1	2.571000E-11	2.571000E-11	6.546982E-13	6.546982E-13
1.100000E-1	4.303000E-11	4.303000E-11	1.095747E-12	1.095747E-12
1.200000E-1	3.150000E-12	3.150000E-12	8.021390E-14	8.021390E-14
1.300000E-1	2.010000E-12	2.010000E-12	5.118411E-14	5.118411E-14
1.400000E-1	1.929700E-10	1.929700E-10	4.913929E-12	4.913929E-12
1.500000E-1	6.857000E-11	6.857000E-11	1.746117E-12	1.746117E-12
1.600000E-1	1.960000E-12	1.960000E-12	4.991087E-14	4.991087E-14
1.700000E-1	1.740000E-12	1.740000E-12	4.430863E-14	4.430863E-14
1.800000E-1	3.956300E-10	3.956300E-10	1.007461E-11	1.007461E-11
1.900000E-1	2.310000E-12	2.310000E-12	5.882353E-14	5.882353E-14
2.000000E-1	1.470000E-12	1.470000E-12	3.743315E-14	3.743315E-14
2.100000E-1	2.050000E-12	2.050000E-12	5.220270E-14	5.220270E-14
2.200000E-1	1.950000E-12	1.950000E-12	4.965623E-14	4.965623E-14
2.300000E-1	2.330000E-12	2.330000E-12	5.933282E-14	5.933282E-14
2.400000E-1	5.360000E-12	5.360000E-12	1.364910E-13	1.364910E-13
2.500000E-1	1.387000E-11	1.387000E-11	3.531958E-13	3.531958E-13
2.600000E-1	3.930000E-12	3.930000E-12	1.000764E-13	1.000764E-13
2.700000E-1	3.540000E-12	3.540000E-12	9.014515E-14	9.014515E-14
2.800000E-1	5.120000E-12	5.120000E-12	1.303794E-13	1.303794E-13
2.900000E-1	6.645000E-11	6.645000E-11	1.692131E-12	1.692131E-12
3.000000E-1	4.542000E-11	4.542000E-11	1.156608E-12	1.156608E-12
3.100000E-1	6.545100E-10	6.545100E-10	1.666692E-11	1.666692E-11
3.200000E-1	4.156000E-11	4.156000E-11	1.058314E-12	1.058314E-12
3.300000E-1	5.026000E-11	5.026000E-11	1.279857E-12	1.279857E-12
3.400000E-1	4.920000E-11	4.920000E-11	1.252865E-12	1.252865E-12
3.500000E-1	2.173200E-10	2.173200E-10	5.533995E-12	5.533995E-12
3.600000E-1	1.832500E-10	1.832500E-10	4.666412E-12	4.666412E-12
3.700000E-1	1.886000E-10	1.886000E-10	4.802648E-12	4.802648E-12
3.800000E-1	1.247500E-10	1.247500E-10	3.176725E-12	3.176725E-12
3.900000E-1	8.537300E-10	8.537300E-10	2.174000E-11	2.174000E-11
4.000000E-1	1.190740E-9	1.190740E-9	3.032187E-11	3.032187E-11
4.100000E-1	5.899300E-10	5.899300E-10	1.502241E-11	1.502241E-11
4.200000E-1	7.777900E-10	7.777900E-10	1.980621E-11	1.980621E-11
4.300000E-1	5.389300E-10	5.389300E-10	1.372371E-11	1.372371E-11
4.400000E-1	4.482400E-10	4.482400E-10	1.141431E-11	1.141431E-11
4.500000E-1	8.000600E-10	8.000600E-10	2.037331E-11	2.037331E-11
4.600000E-1	6.109000E-10	6.109000E-10	1.555640E-11	1.555640E-11
4.700000E-1	7.775400E-10	7.775400E-10	1.979985E-11	1.979985E-11
4.800000E-1	5.793000E-10	5.793000E-10	1.475172E-11	1.475172E-11
4.900000E-1	1.236300E-9	1.236300E-9	3.148205E-11	3.148205E-11
5.000000E-1	8.018000E-10	8.018000E-10	2.041762E-11	2.041762E-11
