

13:08:07	16/03/21


Ell Cont: 5,0x10,0

SMU1	V name:		V1
	I name:		I1
	Mode:		V
	Function:	VAR1
SMU2	V name:		V2
	I name:		I2
	Mode:		common
	Function:	const.
SMU3	off
SMU4	off
VMUs	off

Primary Source (VAR1):	single
	Sweep Spacing:	linear
	Start:		-0.500000
	Stop:		0.500000
	Step:		0.010000
	Compliance:	0.050000
Power Compliance OFF

Timing:		Integration Time:	medium
	Delay Time (sec):	0.000000
	Hold Time (sec):	0.000000
	Wait Time (sec):	1.000000

Secondary Source (VAR2):	OFF


   V1	   I1	Abs(I)	J (A\um²)	Abs(J)
-5.000000E-1	-1.965300E-7	1.965300E-7	-5.004584E-9	5.004584E-9
-4.900000E-1	-1.924060E-7	1.924060E-7	-4.899567E-9	4.899567E-9
-4.800000E-1	-1.946450E-7	1.946450E-7	-4.956583E-9	4.956583E-9
-4.700000E-1	-1.822010E-7	1.822010E-7	-4.639699E-9	4.639699E-9
-4.600000E-1	-1.826660E-7	1.826660E-7	-4.651541E-9	4.651541E-9
-4.500000E-1	-1.754610E-7	1.754610E-7	-4.468067E-9	4.468067E-9
-4.400000E-1	-1.718490E-7	1.718490E-7	-4.376089E-9	4.376089E-9
-4.300000E-1	-1.681360E-7	1.681360E-7	-4.281538E-9	4.281538E-9
-4.200000E-1	-1.637500E-7	1.637500E-7	-4.169850E-9	4.169850E-9
-4.100000E-1	-1.552920E-7	1.552920E-7	-3.954469E-9	3.954469E-9
-4.000000E-1	-1.502420E-7	1.502420E-7	-3.825872E-9	3.825872E-9
-3.900000E-1	-1.434420E-7	1.434420E-7	-3.652712E-9	3.652712E-9
-3.800000E-1	-1.404020E-7	1.404020E-7	-3.575299E-9	3.575299E-9
-3.700000E-1	-1.319190E-7	1.319190E-7	-3.359282E-9	3.359282E-9
-3.600000E-1	-1.264900E-7	1.264900E-7	-3.221034E-9	3.221034E-9
-3.500000E-1	-1.217200E-7	1.217200E-7	-3.099567E-9	3.099567E-9
-3.400000E-1	-1.151930E-7	1.151930E-7	-2.933359E-9	2.933359E-9
-3.300000E-1	-1.115570E-7	1.115570E-7	-2.840769E-9	2.840769E-9
-3.200000E-1	-1.075310E-7	1.075310E-7	-2.738248E-9	2.738248E-9
-3.100000E-1	-1.048190E-7	1.048190E-7	-2.669188E-9	2.669188E-9
-3.000000E-1	-1.004900E-7	1.004900E-7	-2.558951E-9	2.558951E-9
-2.900000E-1	-9.624100E-8	9.624100E-8	-2.450751E-9	2.450751E-9
-2.800000E-1	-9.245620E-8	9.245620E-8	-2.354372E-9	2.354372E-9
-2.700000E-1	-8.745130E-8	8.745130E-8	-2.226924E-9	2.226924E-9
-2.600000E-1	-8.384660E-8	8.384660E-8	-2.135131E-9	2.135131E-9
-2.500000E-1	-7.862910E-8	7.862910E-8	-2.002269E-9	2.002269E-9
-2.400000E-1	-7.542770E-8	7.542770E-8	-1.920746E-9	1.920746E-9
-2.300000E-1	-7.036160E-8	7.036160E-8	-1.791739E-9	1.791739E-9
-2.200000E-1	-6.764710E-8	6.764710E-8	-1.722615E-9	1.722615E-9
-2.100000E-1	-6.190430E-8	6.190430E-8	-1.576376E-9	1.576376E-9
-2.000000E-1	-5.567290E-8	5.567290E-8	-1.417695E-9	1.417695E-9
-1.900000E-1	-5.138230E-8	5.138230E-8	-1.308436E-9	1.308436E-9
-1.800000E-1	-4.710550E-8	4.710550E-8	-1.199529E-9	1.199529E-9
-1.700000E-1	-4.423540E-8	4.423540E-8	-1.126443E-9	1.126443E-9
-1.600000E-1	-4.156620E-8	4.156620E-8	-1.058472E-9	1.058472E-9
-1.500000E-1	-3.892530E-8	3.892530E-8	-9.912223E-10	9.912223E-10
-1.400000E-1	-3.520610E-8	3.520610E-8	-8.965139E-10	8.965139E-10
-1.300000E-1	-3.230750E-8	3.230750E-8	-8.227018E-10	8.227018E-10
-1.200000E-1	-3.039490E-8	3.039490E-8	-7.739980E-10	7.739980E-10
-1.100000E-1	-2.751180E-8	2.751180E-8	-7.005806E-10	7.005806E-10
-1.000000E-1	-2.380470E-8	2.380470E-8	-6.061803E-10	6.061803E-10
-9.000000E-2	-2.161420E-8	2.161420E-8	-5.503998E-10	5.503998E-10
-8.000000E-2	-1.840550E-8	1.840550E-8	-4.686911E-10	4.686911E-10
-7.000000E-2	-1.613980E-8	1.613980E-8	-4.109957E-10	4.109957E-10
-6.000000E-2	-1.367990E-8	1.367990E-8	-3.483550E-10	3.483550E-10
-5.000000E-2	-1.132580E-8	1.132580E-8	-2.884085E-10	2.884085E-10
-4.000000E-2	-9.410110E-9	9.410110E-9	-2.396259E-10	2.396259E-10
-3.000000E-2	-6.894710E-9	6.894710E-9	-1.755719E-10	1.755719E-10
-2.000000E-2	-4.622000E-9	4.622000E-9	-1.176980E-10	1.176980E-10
-1.000000E-2	-2.170180E-9	2.170180E-9	-5.526305E-11	5.526305E-11
0.000000E+0	1.271700E-10	1.271700E-10	3.238350E-12	3.238350E-12
1.000000E-2	2.505270E-9	2.505270E-9	6.379603E-11	6.379603E-11
2.000000E-2	5.016970E-9	5.016970E-9	1.277558E-10	1.277558E-10
3.000000E-2	7.303720E-9	7.303720E-9	1.859873E-10	1.859873E-10
4.000000E-2	9.724900E-9	9.724900E-9	2.476420E-10	2.476420E-10
5.000000E-2	1.296670E-8	1.296670E-8	3.301935E-10	3.301935E-10
6.000000E-2	1.543840E-8	1.543840E-8	3.931347E-10	3.931347E-10
7.000000E-2	1.824860E-8	1.824860E-8	4.646957E-10	4.646957E-10
8.000000E-2	2.050360E-8	2.050360E-8	5.221187E-10	5.221187E-10
9.000000E-2	2.340220E-8	2.340220E-8	5.959307E-10	5.959307E-10
1.000000E-1	2.613470E-8	2.613470E-8	6.655131E-10	6.655131E-10
1.100000E-1	2.909380E-8	2.909380E-8	7.408658E-10	7.408658E-10
1.200000E-1	3.156830E-8	3.156830E-8	8.038783E-10	8.038783E-10
1.300000E-1	3.495050E-8	3.495050E-8	8.900051E-10	8.900051E-10
1.400000E-1	3.818370E-8	3.818370E-8	9.723377E-10	9.723377E-10
1.500000E-1	4.174670E-8	4.174670E-8	1.063068E-9	1.063068E-9
1.600000E-1	4.485170E-8	4.485170E-8	1.142136E-9	1.142136E-9
1.700000E-1	4.972350E-8	4.972350E-8	1.266196E-9	1.266196E-9
1.800000E-1	5.305790E-8	5.305790E-8	1.351105E-9	1.351105E-9
1.900000E-1	5.753540E-8	5.753540E-8	1.465123E-9	1.465123E-9
2.000000E-1	6.060640E-8	6.060640E-8	1.543326E-9	1.543326E-9
2.100000E-1	6.517800E-8	6.517800E-8	1.659740E-9	1.659740E-9
2.200000E-1	6.898650E-8	6.898650E-8	1.756723E-9	1.756723E-9
2.300000E-1	7.228760E-8	7.228760E-8	1.840784E-9	1.840784E-9
2.400000E-1	7.710240E-8	7.710240E-8	1.963392E-9	1.963392E-9
2.500000E-1	8.267600E-8	8.267600E-8	2.105322E-9	2.105322E-9
2.600000E-1	8.520620E-8	8.520620E-8	2.169753E-9	2.169753E-9
2.700000E-1	8.930790E-8	8.930790E-8	2.274202E-9	2.274202E-9
2.800000E-1	9.510300E-8	9.510300E-8	2.421772E-9	2.421772E-9
2.900000E-1	9.727170E-8	9.727170E-8	2.476998E-9	2.476998E-9
3.000000E-1	1.018471E-7	1.018471E-7	2.593509E-9	2.593509E-9
3.100000E-1	1.102710E-7	1.102710E-7	2.808021E-9	2.808021E-9
3.200000E-1	1.142650E-7	1.142650E-7	2.909727E-9	2.909727E-9
3.300000E-1	1.194690E-7	1.194690E-7	3.042246E-9	3.042246E-9
3.400000E-1	1.223630E-7	1.223630E-7	3.115941E-9	3.115941E-9
3.500000E-1	1.273060E-7	1.273060E-7	3.241813E-9	3.241813E-9
3.600000E-1	1.329050E-7	1.329050E-7	3.384390E-9	3.384390E-9
3.700000E-1	1.387180E-7	1.387180E-7	3.532417E-9	3.532417E-9
3.800000E-1	1.469720E-7	1.469720E-7	3.742602E-9	3.742602E-9
3.900000E-1	1.484540E-7	1.484540E-7	3.780341E-9	3.780341E-9
4.000000E-1	1.536160E-7	1.536160E-7	3.911790E-9	3.911790E-9
4.100000E-1	1.595730E-7	1.595730E-7	4.063484E-9	4.063484E-9
4.200000E-1	1.679910E-7	1.679910E-7	4.277846E-9	4.277846E-9
4.300000E-1	1.745320E-7	1.745320E-7	4.444410E-9	4.444410E-9
4.400000E-1	1.800150E-7	1.800150E-7	4.584034E-9	4.584034E-9
4.500000E-1	1.896860E-7	1.896860E-7	4.830303E-9	4.830303E-9
4.600000E-1	1.931600E-7	1.931600E-7	4.918767E-9	4.918767E-9
4.700000E-1	1.997950E-7	1.997950E-7	5.087726E-9	5.087726E-9
4.800000E-1	2.060740E-7	2.060740E-7	5.247619E-9	5.247619E-9
4.900000E-1	2.159320E-7	2.159320E-7	5.498650E-9	5.498650E-9
5.000000E-1	2.215530E-7	2.215530E-7	5.641788E-9	5.641788E-9
