

11:48:44	16/03/21


Ell Cont: 5,0x10,0

SMU1	V name:		V1
	I name:		I1
	Mode:		V
	Function:	VAR1
SMU2	V name:		V2
	I name:		I2
	Mode:		common
	Function:	const.
SMU3	off
SMU4	off
VMUs	off

Primary Source (VAR1):	single
	Sweep Spacing:	linear
	Start:		-0.500000
	Stop:		0.500000
	Step:		0.010000
	Compliance:	0.050000
Power Compliance OFF

Timing:		Integration Time:	medium
	Delay Time (sec):	0.000000
	Hold Time (sec):	0.000000
	Wait Time (sec):	1.000000

Secondary Source (VAR2):	OFF


   V1	   I1	Abs(I)	J (A\µm²)	Abs(J)
-5.000000E-1	-1.577320E-3	1.577320E-3	-4.016603E-5	4.016603E-5
-4.900000E-1	-1.543500E-3	1.543500E-3	-3.930481E-5	3.930481E-5
-4.800000E-1	-1.509730E-3	1.509730E-3	-3.844487E-5	3.844487E-5
-4.700000E-1	-1.473510E-3	1.473510E-3	-3.752254E-5	3.752254E-5
-4.600000E-1	-1.439210E-3	1.439210E-3	-3.664910E-5	3.664910E-5
-4.500000E-1	-1.405030E-3	1.405030E-3	-3.577871E-5	3.577871E-5
-4.400000E-1	-1.370980E-3	1.370980E-3	-3.491164E-5	3.491164E-5
-4.300000E-1	-1.336900E-3	1.336900E-3	-3.404380E-5	3.404380E-5
-4.200000E-1	-1.302040E-3	1.302040E-3	-3.315610E-5	3.315610E-5
-4.100000E-1	-1.266740E-3	1.266740E-3	-3.225719E-5	3.225719E-5
-4.000000E-1	-1.233220E-3	1.233220E-3	-3.140362E-5	3.140362E-5
-3.900000E-1	-1.197950E-3	1.197950E-3	-3.050547E-5	3.050547E-5
-3.800000E-1	-1.166000E-3	1.166000E-3	-2.969188E-5	2.969188E-5
-3.700000E-1	-1.131020E-3	1.131020E-3	-2.880112E-5	2.880112E-5
-3.600000E-1	-1.098970E-3	1.098970E-3	-2.798498E-5	2.798498E-5
-3.500000E-1	-1.065310E-3	1.065310E-3	-2.712783E-5	2.712783E-5
-3.400000E-1	-1.032410E-3	1.032410E-3	-2.629004E-5	2.629004E-5
-3.300000E-1	-9.995270E-4	9.995270E-4	-2.545269E-5	2.545269E-5
-3.200000E-1	-9.671040E-4	9.671040E-4	-2.462704E-5	2.462704E-5
-3.100000E-1	-9.350780E-4	9.350780E-4	-2.381151E-5	2.381151E-5
-3.000000E-1	-9.023930E-4	9.023930E-4	-2.297920E-5	2.297920E-5
-2.900000E-1	-8.707470E-4	8.707470E-4	-2.217334E-5	2.217334E-5
-2.800000E-1	-8.385450E-4	8.385450E-4	-2.135332E-5	2.135332E-5
-2.700000E-1	-8.074240E-4	8.074240E-4	-2.056084E-5	2.056084E-5
-2.600000E-1	-7.754480E-4	7.754480E-4	-1.974657E-5	1.974657E-5
-2.500000E-1	-7.442730E-4	7.442730E-4	-1.895271E-5	1.895271E-5
-2.400000E-1	-7.130290E-4	7.130290E-4	-1.815709E-5	1.815709E-5
-2.300000E-1	-6.820760E-4	6.820760E-4	-1.736888E-5	1.736888E-5
-2.200000E-1	-6.504590E-4	6.504590E-4	-1.656376E-5	1.656376E-5
-2.100000E-1	-6.201320E-4	6.201320E-4	-1.579149E-5	1.579149E-5
-2.000000E-1	-5.895160E-4	5.895160E-4	-1.501187E-5	1.501187E-5
-1.900000E-1	-5.586390E-4	5.586390E-4	-1.422559E-5	1.422559E-5
-1.800000E-1	-5.282210E-4	5.282210E-4	-1.345101E-5	1.345101E-5
-1.700000E-1	-4.976450E-4	4.976450E-4	-1.267240E-5	1.267240E-5
-1.600000E-1	-4.678550E-4	4.678550E-4	-1.191380E-5	1.191380E-5
-1.500000E-1	-4.380360E-4	4.380360E-4	-1.115447E-5	1.115447E-5
-1.400000E-1	-4.084990E-4	4.084990E-4	-1.040232E-5	1.040232E-5
-1.300000E-1	-3.785350E-4	3.785350E-4	-9.639292E-6	9.639292E-6
-1.200000E-1	-3.492430E-4	3.492430E-4	-8.893379E-6	8.893379E-6
-1.100000E-1	-3.197050E-4	3.197050E-4	-8.141202E-6	8.141202E-6
-1.000000E-1	-2.903280E-4	2.903280E-4	-7.393124E-6	7.393124E-6
-9.000000E-2	-2.608130E-4	2.608130E-4	-6.641533E-6	6.641533E-6
-8.000000E-2	-2.320570E-4	2.320570E-4	-5.909269E-6	5.909269E-6
-7.000000E-2	-2.029140E-4	2.029140E-4	-5.167150E-6	5.167150E-6
-6.000000E-2	-1.738640E-4	1.738640E-4	-4.427400E-6	4.427400E-6
-5.000000E-2	-1.447840E-4	1.447840E-4	-3.686886E-6	3.686886E-6
-4.000000E-2	-1.159090E-4	1.159090E-4	-2.951592E-6	2.951592E-6
-3.000000E-2	-8.666230E-5	8.666230E-5	-2.206832E-6	2.206832E-6
-2.000000E-2	-5.779980E-5	5.779980E-5	-1.471856E-6	1.471856E-6
-1.000000E-2	-2.911520E-5	2.911520E-5	-7.414107E-7	7.414107E-7
0.000000E+0	-1.156072E-7	1.156072E-7	-2.943906E-9	2.943906E-9
1.000000E-2	2.846200E-5	2.846200E-5	7.247772E-7	7.247772E-7
2.000000E-2	5.742330E-5	5.742330E-5	1.462269E-6	1.462269E-6
3.000000E-2	8.633340E-5	8.633340E-5	2.198457E-6	2.198457E-6
4.000000E-2	1.151170E-4	1.151170E-4	2.931423E-6	2.931423E-6
5.000000E-2	1.441740E-4	1.441740E-4	3.671352E-6	3.671352E-6
6.000000E-2	1.730150E-4	1.730150E-4	4.405780E-6	4.405780E-6
7.000000E-2	2.022150E-4	2.022150E-4	5.149351E-6	5.149351E-6
8.000000E-2	2.312060E-4	2.312060E-4	5.887599E-6	5.887599E-6
9.000000E-2	2.605640E-4	2.605640E-4	6.635192E-6	6.635192E-6
1.000000E-1	2.896130E-4	2.896130E-4	7.374917E-6	7.374917E-6
1.100000E-1	3.191080E-4	3.191080E-4	8.125999E-6	8.125999E-6
1.200000E-1	3.484040E-4	3.484040E-4	8.872014E-6	8.872014E-6
1.300000E-1	3.784400E-4	3.784400E-4	9.636873E-6	9.636873E-6
1.400000E-1	4.080970E-4	4.080970E-4	1.039208E-5	1.039208E-5
1.500000E-1	4.374350E-4	4.374350E-4	1.113916E-5	1.113916E-5
1.600000E-1	4.675550E-4	4.675550E-4	1.190616E-5	1.190616E-5
1.700000E-1	4.973440E-4	4.973440E-4	1.266473E-5	1.266473E-5
1.800000E-1	5.273510E-4	5.273510E-4	1.342885E-5	1.342885E-5
1.900000E-1	5.569910E-4	5.569910E-4	1.418363E-5	1.418363E-5
2.000000E-1	5.872760E-4	5.872760E-4	1.495483E-5	1.495483E-5
2.100000E-1	6.189510E-4	6.189510E-4	1.576142E-5	1.576142E-5
2.200000E-1	6.490320E-4	6.490320E-4	1.652743E-5	1.652743E-5
2.300000E-1	6.790010E-4	6.790010E-4	1.729058E-5	1.729058E-5
2.400000E-1	7.105740E-4	7.105740E-4	1.809458E-5	1.809458E-5
2.500000E-1	7.409590E-4	7.409590E-4	1.886832E-5	1.886832E-5
2.600000E-1	7.725670E-4	7.725670E-4	1.967321E-5	1.967321E-5
2.700000E-1	8.035230E-4	8.035230E-4	2.046150E-5	2.046150E-5
2.800000E-1	8.353110E-4	8.353110E-4	2.127097E-5	2.127097E-5
2.900000E-1	8.668420E-4	8.668420E-4	2.207390E-5	2.207390E-5
3.000000E-1	8.988680E-4	8.988680E-4	2.288943E-5	2.288943E-5
3.100000E-1	9.309910E-4	9.309910E-4	2.370744E-5	2.370744E-5
3.200000E-1	9.628430E-4	9.628430E-4	2.451854E-5	2.451854E-5
3.300000E-1	9.948980E-4	9.948980E-4	2.533481E-5	2.533481E-5
3.400000E-1	1.027612E-3	1.027612E-3	2.616786E-5	2.616786E-5
3.500000E-1	1.060501E-3	1.060501E-3	2.700537E-5	2.700537E-5
3.600000E-1	1.093669E-3	1.093669E-3	2.784999E-5	2.784999E-5
3.700000E-1	1.126897E-3	1.126897E-3	2.869613E-5	2.869613E-5
3.800000E-1	1.161340E-3	1.161340E-3	2.957321E-5	2.957321E-5
3.900000E-1	1.195150E-3	1.195150E-3	3.043417E-5	3.043417E-5
4.000000E-1	1.228550E-3	1.228550E-3	3.128470E-5	3.128470E-5
4.100000E-1	1.261310E-3	1.261310E-3	3.211892E-5	3.211892E-5
4.200000E-1	1.295960E-3	1.295960E-3	3.300127E-5	3.300127E-5
4.300000E-1	1.328960E-3	1.328960E-3	3.384161E-5	3.384161E-5
4.400000E-1	1.363360E-3	1.363360E-3	3.471760E-5	3.471760E-5
4.500000E-1	1.400700E-3	1.400700E-3	3.566845E-5	3.566845E-5
4.600000E-1	1.435280E-3	1.435280E-3	3.654902E-5	3.654902E-5
4.700000E-1	1.470470E-3	1.470470E-3	3.744512E-5	3.744512E-5
4.800000E-1	1.506910E-3	1.506910E-3	3.837306E-5	3.837306E-5
4.900000E-1	1.542090E-3	1.542090E-3	3.926891E-5	3.926891E-5
5.000000E-1	1.577800E-3	1.577800E-3	4.017825E-5	4.017825E-5
