

12:56:01	16/03/21


Ell Cont: 5,0x10,0

SMU1	V name:		V1
	I name:		I1
	Mode:		V
	Function:	VAR1
SMU2	V name:		V2
	I name:		I2
	Mode:		common
	Function:	const.
SMU3	off
SMU4	off
VMUs	off

Primary Source (VAR1):	single
	Sweep Spacing:	linear
	Start:		-0.500000
	Stop:		0.500000
	Step:		0.010000
	Compliance:	0.050000
Power Compliance OFF

Timing:		Integration Time:	medium
	Delay Time (sec):	0.000000
	Hold Time (sec):	0.000000
	Wait Time (sec):	1.000000

Secondary Source (VAR2):	OFF


   V1	   I1	Abs(I)	J (A\µm²)	Abs(J)
-5.000000E-1	-3.132750E-6	3.132750E-6	-7.977464E-8	7.977464E-8
-4.900000E-1	-2.916120E-6	2.916120E-6	-7.425821E-8	7.425821E-8
-4.800000E-1	-2.682670E-6	2.682670E-6	-6.831347E-8	6.831347E-8
-4.700000E-1	-2.685650E-6	2.685650E-6	-6.838935E-8	6.838935E-8
-4.600000E-1	-2.644270E-6	2.644270E-6	-6.733562E-8	6.733562E-8
-4.500000E-1	-2.463170E-6	2.463170E-6	-6.272396E-8	6.272396E-8
-4.400000E-1	-2.322810E-6	2.322810E-6	-5.914973E-8	5.914973E-8
-4.300000E-1	-2.281630E-6	2.281630E-6	-5.810109E-8	5.810109E-8
-4.200000E-1	-2.130560E-6	2.130560E-6	-5.425414E-8	5.425414E-8
-4.100000E-1	-2.059510E-6	2.059510E-6	-5.244487E-8	5.244487E-8
-4.000000E-1	-2.048140E-6	2.048140E-6	-5.215533E-8	5.215533E-8
-3.900000E-1	-2.002480E-6	2.002480E-6	-5.099261E-8	5.099261E-8
-3.800000E-1	-1.990520E-6	1.990520E-6	-5.068806E-8	5.068806E-8
-3.700000E-1	-1.866130E-6	1.866130E-6	-4.752050E-8	4.752050E-8
-3.600000E-1	-1.797760E-6	1.797760E-6	-4.577947E-8	4.577947E-8
-3.500000E-1	-1.736330E-6	1.736330E-6	-4.421518E-8	4.421518E-8
-3.400000E-1	-1.676660E-6	1.676660E-6	-4.269570E-8	4.269570E-8
-3.300000E-1	-1.623520E-6	1.623520E-6	-4.134250E-8	4.134250E-8
-3.200000E-1	-1.612700E-6	1.612700E-6	-4.106697E-8	4.106697E-8
-3.100000E-1	-1.549680E-6	1.549680E-6	-3.946218E-8	3.946218E-8
-3.000000E-1	-1.508650E-6	1.508650E-6	-3.841737E-8	3.841737E-8
-2.900000E-1	-1.428900E-6	1.428900E-6	-3.638655E-8	3.638655E-8
-2.800000E-1	-1.412430E-6	1.412430E-6	-3.596715E-8	3.596715E-8
-2.700000E-1	-1.356220E-6	1.356220E-6	-3.453578E-8	3.453578E-8
-2.600000E-1	-1.312740E-6	1.312740E-6	-3.342857E-8	3.342857E-8
-2.500000E-1	-1.214050E-6	1.214050E-6	-3.091546E-8	3.091546E-8
-2.400000E-1	-1.170070E-6	1.170070E-6	-2.979552E-8	2.979552E-8
-2.300000E-1	-1.114610E-6	1.114610E-6	-2.838324E-8	2.838324E-8
-2.200000E-1	-1.083070E-6	1.083070E-6	-2.758009E-8	2.758009E-8
-2.100000E-1	-1.052280E-6	1.052280E-6	-2.679603E-8	2.679603E-8
-2.000000E-1	-9.561610E-7	9.561610E-7	-2.434838E-8	2.434838E-8
-1.900000E-1	-9.051690E-7	9.051690E-7	-2.304989E-8	2.304989E-8
-1.800000E-1	-8.449010E-7	8.449010E-7	-2.151518E-8	2.151518E-8
-1.700000E-1	-8.044770E-7	8.044770E-7	-2.048579E-8	2.048579E-8
-1.600000E-1	-7.617840E-7	7.617840E-7	-1.939862E-8	1.939862E-8
-1.500000E-1	-6.930380E-7	6.930380E-7	-1.764803E-8	1.764803E-8
-1.400000E-1	-6.514030E-7	6.514030E-7	-1.658780E-8	1.658780E-8
-1.300000E-1	-5.935090E-7	5.935090E-7	-1.511355E-8	1.511355E-8
-1.200000E-1	-5.504590E-7	5.504590E-7	-1.401729E-8	1.401729E-8
-1.100000E-1	-5.024860E-7	5.024860E-7	-1.279567E-8	1.279567E-8
-1.000000E-1	-4.415960E-7	4.415960E-7	-1.124512E-8	1.124512E-8
-9.000000E-2	-4.046460E-7	4.046460E-7	-1.030420E-8	1.030420E-8
-8.000000E-2	-3.516920E-7	3.516920E-7	-8.955742E-9	8.955742E-9
-7.000000E-2	-3.077330E-7	3.077330E-7	-7.836338E-9	7.836338E-9
-6.000000E-2	-2.629800E-7	2.629800E-7	-6.696715E-9	6.696715E-9
-5.000000E-2	-2.222040E-7	2.222040E-7	-5.658365E-9	5.658365E-9
-4.000000E-2	-1.773900E-7	1.773900E-7	-4.517189E-9	4.517189E-9
-3.000000E-2	-1.313460E-7	1.313460E-7	-3.344691E-9	3.344691E-9
-2.000000E-2	-8.757370E-8	8.757370E-8	-2.230041E-9	2.230041E-9
-1.000000E-2	-4.340620E-8	4.340620E-8	-1.105327E-9	1.105327E-9
0.000000E+0	-7.402000E-11	7.402000E-11	-1.884899E-12	1.884899E-12
1.000000E-2	4.368410E-8	4.368410E-8	1.112404E-9	1.112404E-9
2.000000E-2	8.797070E-8	8.797070E-8	2.240150E-9	2.240150E-9
3.000000E-2	1.334890E-7	1.334890E-7	3.399261E-9	3.399261E-9
4.000000E-2	1.813680E-7	1.813680E-7	4.618487E-9	4.618487E-9
5.000000E-2	2.304810E-7	2.304810E-7	5.869137E-9	5.869137E-9
6.000000E-2	2.736670E-7	2.736670E-7	6.968857E-9	6.968857E-9
7.000000E-2	3.200690E-7	3.200690E-7	8.150471E-9	8.150471E-9
8.000000E-2	3.676290E-7	3.676290E-7	9.361574E-9	9.361574E-9
9.000000E-2	4.164530E-7	4.164530E-7	1.060486E-8	1.060486E-8
1.000000E-1	4.655100E-7	4.655100E-7	1.185409E-8	1.185409E-8
1.100000E-1	5.149490E-7	5.149490E-7	1.311304E-8	1.311304E-8
1.200000E-1	5.639060E-7	5.639060E-7	1.435971E-8	1.435971E-8
1.300000E-1	6.209610E-7	6.209610E-7	1.581260E-8	1.581260E-8
1.400000E-1	6.655590E-7	6.655590E-7	1.694828E-8	1.694828E-8
1.500000E-1	7.109540E-7	7.109540E-7	1.810425E-8	1.810425E-8
1.600000E-1	7.886460E-7	7.886460E-7	2.008266E-8	2.008266E-8
1.700000E-1	8.422260E-7	8.422260E-7	2.144706E-8	2.144706E-8
1.800000E-1	9.008440E-7	9.008440E-7	2.293975E-8	2.293975E-8
1.900000E-1	9.786120E-7	9.786120E-7	2.492009E-8	2.492009E-8
2.000000E-1	1.033930E-6	1.033930E-6	2.632875E-8	2.632875E-8
2.100000E-1	1.079545E-6	1.079545E-6	2.749032E-8	2.749032E-8
2.200000E-1	1.160030E-6	1.160030E-6	2.953985E-8	2.953985E-8
2.300000E-1	1.220500E-6	1.220500E-6	3.107970E-8	3.107970E-8
2.400000E-1	1.282330E-6	1.282330E-6	3.265419E-8	3.265419E-8
2.500000E-1	1.343200E-6	1.343200E-6	3.420423E-8	3.420423E-8
2.600000E-1	1.425910E-6	1.425910E-6	3.631041E-8	3.631041E-8
2.700000E-1	1.485920E-6	1.485920E-6	3.783855E-8	3.783855E-8
2.800000E-1	1.579860E-6	1.579860E-6	4.023071E-8	4.023071E-8
2.900000E-1	1.614150E-6	1.614150E-6	4.110390E-8	4.110390E-8
3.000000E-1	1.707370E-6	1.707370E-6	4.347772E-8	4.347772E-8
3.100000E-1	1.823770E-6	1.823770E-6	4.644181E-8	4.644181E-8
3.200000E-1	1.913970E-6	1.913970E-6	4.873873E-8	4.873873E-8
3.300000E-1	1.977170E-6	1.977170E-6	5.034810E-8	5.034810E-8
3.400000E-1	2.103760E-6	2.103760E-6	5.357168E-8	5.357168E-8
3.500000E-1	2.128910E-6	2.128910E-6	5.421212E-8	5.421212E-8
3.600000E-1	2.188620E-6	2.188620E-6	5.573262E-8	5.573262E-8
3.700000E-1	2.309870E-6	2.309870E-6	5.882022E-8	5.882022E-8
3.800000E-1	2.384880E-6	2.384880E-6	6.073033E-8	6.073033E-8
3.900000E-1	2.514350E-6	2.514350E-6	6.402725E-8	6.402725E-8
4.000000E-1	2.587100E-6	2.587100E-6	6.587981E-8	6.587981E-8
4.100000E-1	2.673990E-6	2.673990E-6	6.809244E-8	6.809244E-8
4.200000E-1	2.802950E-6	2.802950E-6	7.137637E-8	7.137637E-8
4.300000E-1	2.795300E-6	2.795300E-6	7.118156E-8	7.118156E-8
4.400000E-1	2.888280E-6	2.888280E-6	7.354927E-8	7.354927E-8
4.500000E-1	3.040650E-6	3.040650E-6	7.742933E-8	7.742933E-8
4.600000E-1	3.113930E-6	3.113930E-6	7.929539E-8	7.929539E-8
4.700000E-1	3.291580E-6	3.291580E-6	8.381920E-8	8.381920E-8
4.800000E-1	3.370910E-6	3.370910E-6	8.583932E-8	8.583932E-8
4.900000E-1	3.401750E-6	3.401750E-6	8.662465E-8	8.662465E-8
5.000000E-1	3.565740E-6	3.565740E-6	9.080061E-8	9.080061E-8
