

12:02:01	16/03/21


Ell Cont: 5,0x10,0

SMU1	V name:		V1
	I name:		I1
	Mode:		V
	Function:	VAR1
SMU2	V name:		V2
	I name:		I2
	Mode:		common
	Function:	const.
SMU3	off
SMU4	off
VMUs	off

Primary Source (VAR1):	single
	Sweep Spacing:	linear
	Start:		-0.500000
	Stop:		0.500000
	Step:		0.010000
	Compliance:	0.050000
Power Compliance OFF

Timing:		Integration Time:	medium
	Delay Time (sec):	0.000000
	Hold Time (sec):	0.000000
	Wait Time (sec):	1.000000

Secondary Source (VAR2):	OFF


   V1	   I1	Abs(I)	J (A\um²)	Abs(J)
-5.000000E-1	-1.197000E-11	1.197000E-11	-3.048128E-13	3.048128E-13
-4.900000E-1	-7.340000E-12	7.340000E-12	-1.869111E-13	1.869111E-13
-4.800000E-1	-5.920000E-12	5.920000E-12	-1.507512E-13	1.507512E-13
-4.700000E-1	-4.500000E-12	4.500000E-12	-1.145913E-13	1.145913E-13
-4.600000E-1	-3.810000E-12	3.810000E-12	-9.702063E-14	9.702063E-14
-4.500000E-1	-2.530000E-12	2.530000E-12	-6.442577E-14	6.442577E-14
-4.400000E-1	-2.360000E-12	2.360000E-12	-6.009677E-14	6.009677E-14
-4.300000E-1	-1.990000E-12	1.990000E-12	-5.067481E-14	5.067481E-14
-4.200000E-1	-9.800000E-13	9.800000E-13	-2.495544E-14	2.495544E-14
-4.100000E-1	-6.400000E-13	6.400000E-13	-1.629743E-14	1.629743E-14
-4.000000E-1	5.400000E-13	5.400000E-13	1.375095E-14	1.375095E-14
-3.900000E-1	4.500000E-13	4.500000E-13	1.145913E-14	1.145913E-14
-3.800000E-1	5.400000E-13	5.400000E-13	1.375095E-14	1.375095E-14
-3.700000E-1	8.900000E-13	8.900000E-13	2.266361E-14	2.266361E-14
-3.600000E-1	1.000000E-12	1.000000E-12	2.546473E-14	2.546473E-14
-3.500000E-1	1.430000E-12	1.430000E-12	3.641457E-14	3.641457E-14
-3.400000E-1	1.190000E-12	1.190000E-12	3.030303E-14	3.030303E-14
-3.300000E-1	1.150000E-12	1.150000E-12	2.928444E-14	2.928444E-14
-3.200000E-1	9.700000E-13	9.700000E-13	2.470079E-14	2.470079E-14
-3.100000E-1	1.160000E-12	1.160000E-12	2.953909E-14	2.953909E-14
-3.000000E-1	1.090000E-12	1.090000E-12	2.775656E-14	2.775656E-14
-2.900000E-1	1.200000E-12	1.200000E-12	3.055768E-14	3.055768E-14
-2.800000E-1	1.260000E-12	1.260000E-12	3.208556E-14	3.208556E-14
-2.700000E-1	1.410000E-12	1.410000E-12	3.590527E-14	3.590527E-14
-2.600000E-1	1.620000E-12	1.620000E-12	4.125286E-14	4.125286E-14
-2.500000E-1	1.270000E-12	1.270000E-12	3.234021E-14	3.234021E-14
-2.400000E-1	1.080000E-12	1.080000E-12	2.750191E-14	2.750191E-14
-2.300000E-1	1.510000E-12	1.510000E-12	3.845174E-14	3.845174E-14
-2.200000E-1	1.550000E-12	1.550000E-12	3.947033E-14	3.947033E-14
-2.100000E-1	1.210000E-12	1.210000E-12	3.081232E-14	3.081232E-14
-2.000000E-1	1.770000E-12	1.770000E-12	4.507257E-14	4.507257E-14
-1.900000E-1	1.940000E-12	1.940000E-12	4.940158E-14	4.940158E-14
-1.800000E-1	2.060000E-12	2.060000E-12	5.245735E-14	5.245735E-14
-1.700000E-1	1.340000E-12	1.340000E-12	3.412274E-14	3.412274E-14
-1.600000E-1	1.510000E-12	1.510000E-12	3.845174E-14	3.845174E-14
-1.500000E-1	1.820000E-12	1.820000E-12	4.634581E-14	4.634581E-14
-1.400000E-1	1.470000E-12	1.470000E-12	3.743315E-14	3.743315E-14
-1.300000E-1	1.480000E-12	1.480000E-12	3.768780E-14	3.768780E-14
-1.200000E-1	1.320000E-12	1.320000E-12	3.361344E-14	3.361344E-14
-1.100000E-1	1.640000E-12	1.640000E-12	4.176216E-14	4.176216E-14
-1.000000E-1	1.400000E-12	1.400000E-12	3.565062E-14	3.565062E-14
-9.000000E-2	1.280000E-12	1.280000E-12	3.259486E-14	3.259486E-14
-8.000000E-2	1.640000E-12	1.640000E-12	4.176216E-14	4.176216E-14
-7.000000E-2	1.790000E-12	1.790000E-12	4.558187E-14	4.558187E-14
-6.000000E-2	2.220000E-12	2.220000E-12	5.653170E-14	5.653170E-14
-5.000000E-2	1.670000E-12	1.670000E-12	4.252610E-14	4.252610E-14
-4.000000E-2	1.440000E-12	1.440000E-12	3.666921E-14	3.666921E-14
-3.000000E-2	1.760000E-12	1.760000E-12	4.481793E-14	4.481793E-14
-2.000000E-2	1.580000E-12	1.580000E-12	4.023428E-14	4.023428E-14
-1.000000E-2	1.600000E-12	1.600000E-12	4.074357E-14	4.074357E-14
0.000000E+0	1.750000E-12	1.750000E-12	4.456328E-14	4.456328E-14
1.000000E-2	1.930000E-12	1.930000E-12	4.914693E-14	4.914693E-14
2.000000E-2	2.170000E-12	2.170000E-12	5.525847E-14	5.525847E-14
3.000000E-2	1.730000E-12	1.730000E-12	4.405398E-14	4.405398E-14
4.000000E-2	1.720000E-12	1.720000E-12	4.379934E-14	4.379934E-14
5.000000E-2	2.120000E-12	2.120000E-12	5.398523E-14	5.398523E-14
6.000000E-2	1.820000E-12	1.820000E-12	4.634581E-14	4.634581E-14
7.000000E-2	1.880000E-12	1.880000E-12	4.787369E-14	4.787369E-14
8.000000E-2	2.100000E-12	2.100000E-12	5.347594E-14	5.347594E-14
9.000000E-2	2.050000E-12	2.050000E-12	5.220270E-14	5.220270E-14
1.000000E-1	1.670000E-12	1.670000E-12	4.252610E-14	4.252610E-14
1.100000E-1	1.470000E-12	1.470000E-12	3.743315E-14	3.743315E-14
1.200000E-1	2.050000E-12	2.050000E-12	5.220270E-14	5.220270E-14
1.300000E-1	1.870000E-12	1.870000E-12	4.761905E-14	4.761905E-14
1.400000E-1	1.580000E-12	1.580000E-12	4.023428E-14	4.023428E-14
1.500000E-1	1.730000E-12	1.730000E-12	4.405398E-14	4.405398E-14
1.600000E-1	1.580000E-12	1.580000E-12	4.023428E-14	4.023428E-14
1.700000E-1	2.060000E-12	2.060000E-12	5.245735E-14	5.245735E-14
1.800000E-1	1.810000E-12	1.810000E-12	4.609116E-14	4.609116E-14
1.900000E-1	1.710000E-12	1.710000E-12	4.354469E-14	4.354469E-14
2.000000E-1	1.730000E-12	1.730000E-12	4.405398E-14	4.405398E-14
2.100000E-1	1.690000E-12	1.690000E-12	4.303540E-14	4.303540E-14
2.200000E-1	1.700000E-12	1.700000E-12	4.329004E-14	4.329004E-14
2.300000E-1	1.850000E-12	1.850000E-12	4.710975E-14	4.710975E-14
2.400000E-1	1.590000E-12	1.590000E-12	4.048892E-14	4.048892E-14
2.500000E-1	1.910000E-12	1.910000E-12	4.863764E-14	4.863764E-14
2.600000E-1	1.500000E-12	1.500000E-12	3.819710E-14	3.819710E-14
2.700000E-1	1.390000E-12	1.390000E-12	3.539598E-14	3.539598E-14
2.800000E-1	1.750000E-12	1.750000E-12	4.456328E-14	4.456328E-14
2.900000E-1	1.580000E-12	1.580000E-12	4.023428E-14	4.023428E-14
3.000000E-1	1.960000E-12	1.960000E-12	4.991087E-14	4.991087E-14
3.100000E-1	1.840000E-12	1.840000E-12	4.685511E-14	4.685511E-14
3.200000E-1	1.610000E-12	1.610000E-12	4.099822E-14	4.099822E-14
3.300000E-1	2.130000E-12	2.130000E-12	5.423988E-14	5.423988E-14
3.400000E-1	1.520000E-12	1.520000E-12	3.870639E-14	3.870639E-14
3.500000E-1	1.670000E-12	1.670000E-12	4.252610E-14	4.252610E-14
3.600000E-1	2.100000E-12	2.100000E-12	5.347594E-14	5.347594E-14
3.700000E-1	1.880000E-12	1.880000E-12	4.787369E-14	4.787369E-14
3.800000E-1	1.770000E-12	1.770000E-12	4.507257E-14	4.507257E-14
3.900000E-1	1.600000E-12	1.600000E-12	4.074357E-14	4.074357E-14
4.000000E-1	2.020000E-12	2.020000E-12	5.143876E-14	5.143876E-14
4.100000E-1	1.790000E-12	1.790000E-12	4.558187E-14	4.558187E-14
4.200000E-1	1.720000E-12	1.720000E-12	4.379934E-14	4.379934E-14
4.300000E-1	1.450000E-12	1.450000E-12	3.692386E-14	3.692386E-14
4.400000E-1	2.230000E-12	2.230000E-12	5.678635E-14	5.678635E-14
4.500000E-1	1.580000E-12	1.580000E-12	4.023428E-14	4.023428E-14
4.600000E-1	1.660000E-12	1.660000E-12	4.227145E-14	4.227145E-14
4.700000E-1	1.870000E-12	1.870000E-12	4.761905E-14	4.761905E-14
4.800000E-1	2.160000E-12	2.160000E-12	5.500382E-14	5.500382E-14
4.900000E-1	1.900000E-12	1.900000E-12	4.838299E-14	4.838299E-14
5.000000E-1	1.860000E-12	1.860000E-12	4.736440E-14	4.736440E-14
