

12:33:14	16/03/21


Ell Cont: 5,0x10,0

SMU1	V name:		V1
	I name:		I1
	Mode:		V
	Function:	VAR1
SMU2	V name:		V2
	I name:		I2
	Mode:		common
	Function:	const.
SMU3	off
SMU4	off
VMUs	off

Primary Source (VAR1):	single
	Sweep Spacing:	linear
	Start:		-0.500000
	Stop:		0.500000
	Step:		0.010000
	Compliance:	0.050000
Power Compliance OFF

Timing:		Integration Time:	medium
	Delay Time (sec):	0.000000
	Hold Time (sec):	0.000000
	Wait Time (sec):	1.000000

Secondary Source (VAR2):	OFF


   V1	   I1	Abs(I)	J (A\um²)	Abs(J)
-5.000000E-1	-1.214000E-11	1.214000E-11	-3.091418E-13	3.091418E-13
-4.900000E-1	-7.470000E-12	7.470000E-12	-1.902215E-13	1.902215E-13
-4.800000E-1	-5.740000E-12	5.740000E-12	-1.461676E-13	1.461676E-13
-4.700000E-1	-4.410000E-12	4.410000E-12	-1.122995E-13	1.122995E-13
-4.600000E-1	-3.060000E-12	3.060000E-12	-7.792208E-14	7.792208E-14
-4.500000E-1	-2.450000E-12	2.450000E-12	-6.238859E-14	6.238859E-14
-4.400000E-1	-1.800000E-12	1.800000E-12	-4.583652E-14	4.583652E-14
-4.300000E-1	-1.330000E-12	1.330000E-12	-3.386809E-14	3.386809E-14
-4.200000E-1	-9.400000E-13	9.400000E-13	-2.393685E-14	2.393685E-14
-4.100000E-1	-8.900000E-13	8.900000E-13	-2.266361E-14	2.266361E-14
-4.000000E-1	-2.700000E-13	2.700000E-13	-6.875477E-15	6.875477E-15
-3.900000E-1	-5.000000E-14	5.000000E-14	-1.273237E-15	1.273237E-15
-3.800000E-1	-2.300000E-13	2.300000E-13	-5.856888E-15	5.856888E-15
-3.700000E-1	4.000000E-13	4.000000E-13	1.018589E-14	1.018589E-14
-3.600000E-1	5.100000E-13	5.100000E-13	1.298701E-14	1.298701E-14
-3.500000E-1	8.000000E-13	8.000000E-13	2.037178E-14	2.037178E-14
-3.400000E-1	6.400000E-13	6.400000E-13	1.629743E-14	1.629743E-14
-3.300000E-1	8.200000E-13	8.200000E-13	2.088108E-14	2.088108E-14
-3.200000E-1	1.480000E-12	1.480000E-12	3.768780E-14	3.768780E-14
-3.100000E-1	1.430000E-12	1.430000E-12	3.641457E-14	3.641457E-14
-3.000000E-1	1.390000E-12	1.390000E-12	3.539598E-14	3.539598E-14
-2.900000E-1	1.310000E-12	1.310000E-12	3.335880E-14	3.335880E-14
-2.800000E-1	9.600000E-13	9.600000E-13	2.444614E-14	2.444614E-14
-2.700000E-1	1.240000E-12	1.240000E-12	3.157627E-14	3.157627E-14
-2.600000E-1	1.140000E-12	1.140000E-12	2.902979E-14	2.902979E-14
-2.500000E-1	1.390000E-12	1.390000E-12	3.539598E-14	3.539598E-14
-2.400000E-1	1.110000E-12	1.110000E-12	2.826585E-14	2.826585E-14
-2.300000E-1	1.520000E-12	1.520000E-12	3.870639E-14	3.870639E-14
-2.200000E-1	1.040000E-12	1.040000E-12	2.648332E-14	2.648332E-14
-2.100000E-1	2.120000E-12	2.120000E-12	5.398523E-14	5.398523E-14
-2.000000E-1	1.770000E-12	1.770000E-12	4.507257E-14	4.507257E-14
-1.900000E-1	1.460000E-12	1.460000E-12	3.717851E-14	3.717851E-14
-1.800000E-1	1.660000E-12	1.660000E-12	4.227145E-14	4.227145E-14
-1.700000E-1	1.930000E-12	1.930000E-12	4.914693E-14	4.914693E-14
-1.600000E-1	1.310000E-12	1.310000E-12	3.335880E-14	3.335880E-14
-1.500000E-1	1.770000E-12	1.770000E-12	4.507257E-14	4.507257E-14
-1.400000E-1	2.050000E-12	2.050000E-12	5.220270E-14	5.220270E-14
-1.300000E-1	1.060000E-12	1.060000E-12	2.699261E-14	2.699261E-14
-1.200000E-1	1.500000E-12	1.500000E-12	3.819710E-14	3.819710E-14
-1.100000E-1	1.990000E-12	1.990000E-12	5.067481E-14	5.067481E-14
-1.000000E-1	1.540000E-12	1.540000E-12	3.921569E-14	3.921569E-14
-9.000000E-2	1.330000E-12	1.330000E-12	3.386809E-14	3.386809E-14
-8.000000E-2	1.840000E-12	1.840000E-12	4.685511E-14	4.685511E-14
-7.000000E-2	2.070000E-12	2.070000E-12	5.271199E-14	5.271199E-14
-6.000000E-2	1.800000E-12	1.800000E-12	4.583652E-14	4.583652E-14
-5.000000E-2	1.820000E-12	1.820000E-12	4.634581E-14	4.634581E-14
-4.000000E-2	2.190000E-12	2.190000E-12	5.576776E-14	5.576776E-14
-3.000000E-2	1.310000E-12	1.310000E-12	3.335880E-14	3.335880E-14
-2.000000E-2	1.850000E-12	1.850000E-12	4.710975E-14	4.710975E-14
-1.000000E-2	2.090000E-12	2.090000E-12	5.322129E-14	5.322129E-14
0.000000E+0	2.410000E-12	2.410000E-12	6.137000E-14	6.137000E-14
1.000000E-2	1.830000E-12	1.830000E-12	4.660046E-14	4.660046E-14
2.000000E-2	1.560000E-12	1.560000E-12	3.972498E-14	3.972498E-14
3.000000E-2	2.040000E-12	2.040000E-12	5.194805E-14	5.194805E-14
4.000000E-2	2.010000E-12	2.010000E-12	5.118411E-14	5.118411E-14
5.000000E-2	2.050000E-12	2.050000E-12	5.220270E-14	5.220270E-14
6.000000E-2	1.560000E-12	1.560000E-12	3.972498E-14	3.972498E-14
7.000000E-2	1.880000E-12	1.880000E-12	4.787369E-14	4.787369E-14
8.000000E-2	1.880000E-12	1.880000E-12	4.787369E-14	4.787369E-14
9.000000E-2	2.000000E-12	2.000000E-12	5.092946E-14	5.092946E-14
1.000000E-1	1.520000E-12	1.520000E-12	3.870639E-14	3.870639E-14
1.100000E-1	2.100000E-12	2.100000E-12	5.347594E-14	5.347594E-14
1.200000E-1	1.590000E-12	1.590000E-12	4.048892E-14	4.048892E-14
1.300000E-1	1.860000E-12	1.860000E-12	4.736440E-14	4.736440E-14
1.400000E-1	1.790000E-12	1.790000E-12	4.558187E-14	4.558187E-14
1.500000E-1	1.500000E-12	1.500000E-12	3.819710E-14	3.819710E-14
1.600000E-1	1.710000E-12	1.710000E-12	4.354469E-14	4.354469E-14
1.700000E-1	2.070000E-12	2.070000E-12	5.271199E-14	5.271199E-14
1.800000E-1	1.870000E-12	1.870000E-12	4.761905E-14	4.761905E-14
1.900000E-1	2.170000E-12	2.170000E-12	5.525847E-14	5.525847E-14
2.000000E-1	2.320000E-12	2.320000E-12	5.907818E-14	5.907818E-14
2.100000E-1	2.670000E-12	2.670000E-12	6.799083E-14	6.799083E-14
2.200000E-1	2.390000E-12	2.390000E-12	6.086071E-14	6.086071E-14
2.300000E-1	2.100000E-12	2.100000E-12	5.347594E-14	5.347594E-14
2.400000E-1	2.120000E-12	2.120000E-12	5.398523E-14	5.398523E-14
2.500000E-1	1.870000E-12	1.870000E-12	4.761905E-14	4.761905E-14
2.600000E-1	1.890000E-12	1.890000E-12	4.812834E-14	4.812834E-14
2.700000E-1	1.940000E-12	1.940000E-12	4.940158E-14	4.940158E-14
2.800000E-1	2.100000E-12	2.100000E-12	5.347594E-14	5.347594E-14
2.900000E-1	1.780000E-12	1.780000E-12	4.532722E-14	4.532722E-14
3.000000E-1	1.510000E-12	1.510000E-12	3.845174E-14	3.845174E-14
3.100000E-1	1.880000E-12	1.880000E-12	4.787369E-14	4.787369E-14
3.200000E-1	2.010000E-12	2.010000E-12	5.118411E-14	5.118411E-14
3.300000E-1	1.520000E-12	1.520000E-12	3.870639E-14	3.870639E-14
3.400000E-1	1.490000E-12	1.490000E-12	3.794245E-14	3.794245E-14
3.500000E-1	1.820000E-12	1.820000E-12	4.634581E-14	4.634581E-14
3.600000E-1	1.810000E-12	1.810000E-12	4.609116E-14	4.609116E-14
3.700000E-1	2.200000E-12	2.200000E-12	5.602241E-14	5.602241E-14
3.800000E-1	2.260000E-12	2.260000E-12	5.755029E-14	5.755029E-14
3.900000E-1	2.220000E-12	2.220000E-12	5.653170E-14	5.653170E-14
4.000000E-1	2.130000E-12	2.130000E-12	5.423988E-14	5.423988E-14
4.100000E-1	1.890000E-12	1.890000E-12	4.812834E-14	4.812834E-14
4.200000E-1	2.180000E-12	2.180000E-12	5.551311E-14	5.551311E-14
4.300000E-1	2.170000E-12	2.170000E-12	5.525847E-14	5.525847E-14
4.400000E-1	1.870000E-12	1.870000E-12	4.761905E-14	4.761905E-14
4.500000E-1	1.780000E-12	1.780000E-12	4.532722E-14	4.532722E-14
4.600000E-1	1.850000E-12	1.850000E-12	4.710975E-14	4.710975E-14
4.700000E-1	1.530000E-12	1.530000E-12	3.896104E-14	3.896104E-14
4.800000E-1	1.800000E-12	1.800000E-12	4.583652E-14	4.583652E-14
4.900000E-1	2.010000E-12	2.010000E-12	5.118411E-14	5.118411E-14
5.000000E-1	1.920000E-12	1.920000E-12	4.889228E-14	4.889228E-14
