

12:27:09	16/03/21


Ell Cont: 5,0x10,0

SMU1	V name:		V1
	I name:		I1
	Mode:		V
	Function:	VAR1
SMU2	V name:		V2
	I name:		I2
	Mode:		common
	Function:	const.
SMU3	off
SMU4	off
VMUs	off

Primary Source (VAR1):	single
	Sweep Spacing:	linear
	Start:		-0.500000
	Stop:		0.500000
	Step:		0.010000
	Compliance:	0.050000
Power Compliance OFF

Timing:		Integration Time:	medium
	Delay Time (sec):	0.000000
	Hold Time (sec):	0.000000
	Wait Time (sec):	1.000000

Secondary Source (VAR2):	OFF


   V1	   I1	Abs(I)	J (A\um²)	Abs(J)
-5.000000E-1	-1.332000E-11	1.332000E-11	-3.391902E-13	3.391902E-13
-4.900000E-1	-7.660000E-12	7.660000E-12	-1.950598E-13	1.950598E-13
-4.800000E-1	-5.250000E-12	5.250000E-12	-1.336898E-13	1.336898E-13
-4.700000E-1	-2.790000E-12	2.790000E-12	-7.104660E-14	7.104660E-14
-4.600000E-1	-2.150000E-12	2.150000E-12	-5.474917E-14	5.474917E-14
-4.500000E-1	-1.700000E-12	1.700000E-12	-4.329004E-14	4.329004E-14
-4.400000E-1	-6.400000E-13	6.400000E-13	-1.629743E-14	1.629743E-14
-4.300000E-1	-8.500000E-13	8.500000E-13	-2.164502E-14	2.164502E-14
-4.200000E-1	-3.000000E-13	3.000000E-13	-7.639419E-15	7.639419E-15
-4.100000E-1	9.000000E-14	9.000000E-14	2.291826E-15	2.291826E-15
-4.000000E-1	4.900000E-13	4.900000E-13	1.247772E-14	1.247772E-14
-3.900000E-1	6.800000E-13	6.800000E-13	1.731602E-14	1.731602E-14
-3.800000E-1	1.000000E-14	1.000000E-14	2.546473E-16	2.546473E-16
-3.700000E-1	1.060000E-12	1.060000E-12	2.699261E-14	2.699261E-14
-3.600000E-1	1.080000E-12	1.080000E-12	2.750191E-14	2.750191E-14
-3.500000E-1	9.500000E-13	9.500000E-13	2.419149E-14	2.419149E-14
-3.400000E-1	1.040000E-12	1.040000E-12	2.648332E-14	2.648332E-14
-3.300000E-1	1.500000E-12	1.500000E-12	3.819710E-14	3.819710E-14
-3.200000E-1	1.370000E-12	1.370000E-12	3.488668E-14	3.488668E-14
-3.100000E-1	9.600000E-13	9.600000E-13	2.444614E-14	2.444614E-14
-3.000000E-1	1.120000E-12	1.120000E-12	2.852050E-14	2.852050E-14
-2.900000E-1	1.430000E-12	1.430000E-12	3.641457E-14	3.641457E-14
-2.800000E-1	1.460000E-12	1.460000E-12	3.717851E-14	3.717851E-14
-2.700000E-1	1.270000E-12	1.270000E-12	3.234021E-14	3.234021E-14
-2.600000E-1	1.520000E-12	1.520000E-12	3.870639E-14	3.870639E-14
-2.500000E-1	1.750000E-12	1.750000E-12	4.456328E-14	4.456328E-14
-2.400000E-1	1.260000E-12	1.260000E-12	3.208556E-14	3.208556E-14
-2.300000E-1	1.160000E-12	1.160000E-12	2.953909E-14	2.953909E-14
-2.200000E-1	2.060000E-12	2.060000E-12	5.245735E-14	5.245735E-14
-2.100000E-1	2.450000E-12	2.450000E-12	6.238859E-14	6.238859E-14
-2.000000E-1	1.610000E-12	1.610000E-12	4.099822E-14	4.099822E-14
-1.900000E-1	1.730000E-12	1.730000E-12	4.405398E-14	4.405398E-14
-1.800000E-1	2.160000E-12	2.160000E-12	5.500382E-14	5.500382E-14
-1.700000E-1	1.800000E-12	1.800000E-12	4.583652E-14	4.583652E-14
-1.600000E-1	2.020000E-12	2.020000E-12	5.143876E-14	5.143876E-14
-1.500000E-1	1.700000E-12	1.700000E-12	4.329004E-14	4.329004E-14
-1.400000E-1	2.060000E-12	2.060000E-12	5.245735E-14	5.245735E-14
-1.300000E-1	1.620000E-12	1.620000E-12	4.125286E-14	4.125286E-14
-1.200000E-1	1.500000E-12	1.500000E-12	3.819710E-14	3.819710E-14
-1.100000E-1	1.620000E-12	1.620000E-12	4.125286E-14	4.125286E-14
-1.000000E-1	1.930000E-12	1.930000E-12	4.914693E-14	4.914693E-14
-9.000000E-2	1.690000E-12	1.690000E-12	4.303540E-14	4.303540E-14
-8.000000E-2	1.740000E-12	1.740000E-12	4.430863E-14	4.430863E-14
-7.000000E-2	2.400000E-12	2.400000E-12	6.111535E-14	6.111535E-14
-6.000000E-2	2.210000E-12	2.210000E-12	5.627706E-14	5.627706E-14
-5.000000E-2	2.380000E-12	2.380000E-12	6.060606E-14	6.060606E-14
-4.000000E-2	2.370000E-12	2.370000E-12	6.035141E-14	6.035141E-14
-3.000000E-2	2.240000E-12	2.240000E-12	5.704100E-14	5.704100E-14
-2.000000E-2	2.370000E-12	2.370000E-12	6.035141E-14	6.035141E-14
-1.000000E-2	1.660000E-12	1.660000E-12	4.227145E-14	4.227145E-14
0.000000E+0	1.850000E-12	1.850000E-12	4.710975E-14	4.710975E-14
1.000000E-2	1.240000E-12	1.240000E-12	3.157627E-14	3.157627E-14
2.000000E-2	2.070000E-12	2.070000E-12	5.271199E-14	5.271199E-14
3.000000E-2	2.410000E-12	2.410000E-12	6.137000E-14	6.137000E-14
4.000000E-2	1.200000E-12	1.200000E-12	3.055768E-14	3.055768E-14
5.000000E-2	1.780000E-12	1.780000E-12	4.532722E-14	4.532722E-14
6.000000E-2	1.720000E-12	1.720000E-12	4.379934E-14	4.379934E-14
7.000000E-2	1.740000E-12	1.740000E-12	4.430863E-14	4.430863E-14
8.000000E-2	1.690000E-12	1.690000E-12	4.303540E-14	4.303540E-14
9.000000E-2	2.070000E-12	2.070000E-12	5.271199E-14	5.271199E-14
1.000000E-1	2.050000E-12	2.050000E-12	5.220270E-14	5.220270E-14
1.100000E-1	2.490000E-12	2.490000E-12	6.340718E-14	6.340718E-14
1.200000E-1	2.620000E-12	2.620000E-12	6.671760E-14	6.671760E-14
1.300000E-1	2.180000E-12	2.180000E-12	5.551311E-14	5.551311E-14
1.400000E-1	1.790000E-12	1.790000E-12	4.558187E-14	4.558187E-14
1.500000E-1	2.260000E-12	2.260000E-12	5.755029E-14	5.755029E-14
1.600000E-1	2.100000E-12	2.100000E-12	5.347594E-14	5.347594E-14
1.700000E-1	1.890000E-12	1.890000E-12	4.812834E-14	4.812834E-14
1.800000E-1	1.890000E-12	1.890000E-12	4.812834E-14	4.812834E-14
1.900000E-1	2.160000E-12	2.160000E-12	5.500382E-14	5.500382E-14
2.000000E-1	1.760000E-12	1.760000E-12	4.481793E-14	4.481793E-14
2.100000E-1	1.430000E-12	1.430000E-12	3.641457E-14	3.641457E-14
2.200000E-1	1.850000E-12	1.850000E-12	4.710975E-14	4.710975E-14
2.300000E-1	2.300000E-12	2.300000E-12	5.856888E-14	5.856888E-14
2.400000E-1	1.690000E-12	1.690000E-12	4.303540E-14	4.303540E-14
2.500000E-1	2.450000E-12	2.450000E-12	6.238859E-14	6.238859E-14
2.600000E-1	2.210000E-12	2.210000E-12	5.627706E-14	5.627706E-14
2.700000E-1	2.350000E-12	2.350000E-12	5.984212E-14	5.984212E-14
2.800000E-1	2.580000E-12	2.580000E-12	6.569901E-14	6.569901E-14
2.900000E-1	2.390000E-12	2.390000E-12	6.086071E-14	6.086071E-14
3.000000E-1	1.710000E-12	1.710000E-12	4.354469E-14	4.354469E-14
3.100000E-1	1.970000E-12	1.970000E-12	5.016552E-14	5.016552E-14
3.200000E-1	2.050000E-12	2.050000E-12	5.220270E-14	5.220270E-14
3.300000E-1	1.950000E-12	1.950000E-12	4.965623E-14	4.965623E-14
3.400000E-1	2.300000E-12	2.300000E-12	5.856888E-14	5.856888E-14
3.500000E-1	1.730000E-12	1.730000E-12	4.405398E-14	4.405398E-14
3.600000E-1	1.540000E-12	1.540000E-12	3.921569E-14	3.921569E-14
3.700000E-1	2.250000E-12	2.250000E-12	5.729564E-14	5.729564E-14
3.800000E-1	2.010000E-12	2.010000E-12	5.118411E-14	5.118411E-14
3.900000E-1	1.870000E-12	1.870000E-12	4.761905E-14	4.761905E-14
4.000000E-1	1.960000E-12	1.960000E-12	4.991087E-14	4.991087E-14
4.100000E-1	1.990000E-12	1.990000E-12	5.067481E-14	5.067481E-14
4.200000E-1	1.860000E-12	1.860000E-12	4.736440E-14	4.736440E-14
4.300000E-1	2.110000E-12	2.110000E-12	5.373058E-14	5.373058E-14
4.400000E-1	2.560000E-12	2.560000E-12	6.518971E-14	6.518971E-14
4.500000E-1	2.030000E-12	2.030000E-12	5.169340E-14	5.169340E-14
4.600000E-1	1.860000E-12	1.860000E-12	4.736440E-14	4.736440E-14
4.700000E-1	1.870000E-12	1.870000E-12	4.761905E-14	4.761905E-14
4.800000E-1	1.800000E-12	1.800000E-12	4.583652E-14	4.583652E-14
4.900000E-1	1.990000E-12	1.990000E-12	5.067481E-14	5.067481E-14
5.000000E-1	2.010000E-12	2.010000E-12	5.118411E-14	5.118411E-14
