

11:55:18	16/03/21


Ell Cont: 5,0x10,0

SMU1	V name:		V1
	I name:		I1
	Mode:		V
	Function:	VAR1
SMU2	V name:		V2
	I name:		I2
	Mode:		common
	Function:	const.
SMU3	off
SMU4	off
VMUs	off

Primary Source (VAR1):	single
	Sweep Spacing:	linear
	Start:		-0.500000
	Stop:		0.500000
	Step:		0.010000
	Compliance:	0.050000
Power Compliance OFF

Timing:		Integration Time:	medium
	Delay Time (sec):	0.000000
	Hold Time (sec):	0.000000
	Wait Time (sec):	1.000000

Secondary Source (VAR2):	OFF


   V1	   I1	Abs(I)	J (A\um²)	Abs(J)
-5.000000E-1	-1.229000E-11	1.229000E-11	-3.129615E-13	3.129615E-13
-4.900000E-1	-7.940000E-12	7.940000E-12	-2.021900E-13	2.021900E-13
-4.800000E-1	-4.920000E-12	4.920000E-12	-1.252865E-13	1.252865E-13
-4.700000E-1	-4.460000E-12	4.460000E-12	-1.135727E-13	1.135727E-13
-4.600000E-1	-2.990000E-12	2.990000E-12	-7.613955E-14	7.613955E-14
-4.500000E-1	-2.800000E-12	2.800000E-12	-7.130125E-14	7.130125E-14
-4.400000E-1	-1.630000E-12	1.630000E-12	-4.150751E-14	4.150751E-14
-4.300000E-1	-1.390000E-12	1.390000E-12	-3.539598E-14	3.539598E-14
-4.200000E-1	-5.000000E-13	5.000000E-13	-1.273237E-14	1.273237E-14
-4.100000E-1	-4.400000E-13	4.400000E-13	-1.120448E-14	1.120448E-14
-4.000000E-1	-2.200000E-13	2.200000E-13	-5.602241E-15	5.602241E-15
-3.900000E-1	-8.000000E-14	8.000000E-14	-2.037178E-15	2.037178E-15
-3.800000E-1	6.100000E-13	6.100000E-13	1.553349E-14	1.553349E-14
-3.700000E-1	1.500000E-13	1.500000E-13	3.819710E-15	3.819710E-15
-3.600000E-1	7.900000E-13	7.900000E-13	2.011714E-14	2.011714E-14
-3.500000E-1	7.900000E-13	7.900000E-13	2.011714E-14	2.011714E-14
-3.400000E-1	1.410000E-12	1.410000E-12	3.590527E-14	3.590527E-14
-3.300000E-1	8.500000E-13	8.500000E-13	2.164502E-14	2.164502E-14
-3.200000E-1	9.400000E-13	9.400000E-13	2.393685E-14	2.393685E-14
-3.100000E-1	8.500000E-13	8.500000E-13	2.164502E-14	2.164502E-14
-3.000000E-1	6.600000E-13	6.600000E-13	1.680672E-14	1.680672E-14
-2.900000E-1	1.160000E-12	1.160000E-12	2.953909E-14	2.953909E-14
-2.800000E-1	9.600000E-13	9.600000E-13	2.444614E-14	2.444614E-14
-2.700000E-1	1.610000E-12	1.610000E-12	4.099822E-14	4.099822E-14
-2.600000E-1	1.100000E-12	1.100000E-12	2.801120E-14	2.801120E-14
-2.500000E-1	2.000000E-12	2.000000E-12	5.092946E-14	5.092946E-14
-2.400000E-1	1.000000E-12	1.000000E-12	2.546473E-14	2.546473E-14
-2.300000E-1	1.310000E-12	1.310000E-12	3.335880E-14	3.335880E-14
-2.200000E-1	1.470000E-12	1.470000E-12	3.743315E-14	3.743315E-14
-2.100000E-1	1.050000E-12	1.050000E-12	2.673797E-14	2.673797E-14
-2.000000E-1	1.480000E-12	1.480000E-12	3.768780E-14	3.768780E-14
-1.900000E-1	1.700000E-12	1.700000E-12	4.329004E-14	4.329004E-14
-1.800000E-1	1.460000E-12	1.460000E-12	3.717851E-14	3.717851E-14
-1.700000E-1	1.450000E-12	1.450000E-12	3.692386E-14	3.692386E-14
-1.600000E-1	1.720000E-12	1.720000E-12	4.379934E-14	4.379934E-14
-1.500000E-1	1.070000E-12	1.070000E-12	2.724726E-14	2.724726E-14
-1.400000E-1	1.830000E-12	1.830000E-12	4.660046E-14	4.660046E-14
-1.300000E-1	1.380000E-12	1.380000E-12	3.514133E-14	3.514133E-14
-1.200000E-1	1.960000E-12	1.960000E-12	4.991087E-14	4.991087E-14
-1.100000E-1	1.490000E-12	1.490000E-12	3.794245E-14	3.794245E-14
-1.000000E-1	1.800000E-12	1.800000E-12	4.583652E-14	4.583652E-14
-9.000000E-2	1.380000E-12	1.380000E-12	3.514133E-14	3.514133E-14
-8.000000E-2	1.940000E-12	1.940000E-12	4.940158E-14	4.940158E-14
-7.000000E-2	1.060000E-12	1.060000E-12	2.699261E-14	2.699261E-14
-6.000000E-2	1.710000E-12	1.710000E-12	4.354469E-14	4.354469E-14
-5.000000E-2	2.000000E-12	2.000000E-12	5.092946E-14	5.092946E-14
-4.000000E-2	1.460000E-12	1.460000E-12	3.717851E-14	3.717851E-14
-3.000000E-2	1.540000E-12	1.540000E-12	3.921569E-14	3.921569E-14
-2.000000E-2	1.530000E-12	1.530000E-12	3.896104E-14	3.896104E-14
-1.000000E-2	2.080000E-12	2.080000E-12	5.296664E-14	5.296664E-14
0.000000E+0	1.730000E-12	1.730000E-12	4.405398E-14	4.405398E-14
1.000000E-2	1.840000E-12	1.840000E-12	4.685511E-14	4.685511E-14
2.000000E-2	1.290000E-12	1.290000E-12	3.284950E-14	3.284950E-14
3.000000E-2	1.860000E-12	1.860000E-12	4.736440E-14	4.736440E-14
4.000000E-2	1.690000E-12	1.690000E-12	4.303540E-14	4.303540E-14
5.000000E-2	1.580000E-12	1.580000E-12	4.023428E-14	4.023428E-14
6.000000E-2	1.640000E-12	1.640000E-12	4.176216E-14	4.176216E-14
7.000000E-2	1.510000E-12	1.510000E-12	3.845174E-14	3.845174E-14
8.000000E-2	1.740000E-12	1.740000E-12	4.430863E-14	4.430863E-14
9.000000E-2	1.670000E-12	1.670000E-12	4.252610E-14	4.252610E-14
1.000000E-1	1.510000E-12	1.510000E-12	3.845174E-14	3.845174E-14
1.100000E-1	1.420000E-12	1.420000E-12	3.615992E-14	3.615992E-14
1.200000E-1	2.280000E-12	2.280000E-12	5.805959E-14	5.805959E-14
1.300000E-1	1.180000E-12	1.180000E-12	3.004838E-14	3.004838E-14
1.400000E-1	1.810000E-12	1.810000E-12	4.609116E-14	4.609116E-14
1.500000E-1	1.770000E-12	1.770000E-12	4.507257E-14	4.507257E-14
1.600000E-1	1.680000E-12	1.680000E-12	4.278075E-14	4.278075E-14
1.700000E-1	1.640000E-12	1.640000E-12	4.176216E-14	4.176216E-14
1.800000E-1	1.820000E-12	1.820000E-12	4.634581E-14	4.634581E-14
1.900000E-1	1.920000E-12	1.920000E-12	4.889228E-14	4.889228E-14
2.000000E-1	1.780000E-12	1.780000E-12	4.532722E-14	4.532722E-14
2.100000E-1	2.270000E-12	2.270000E-12	5.780494E-14	5.780494E-14
2.200000E-1	1.540000E-12	1.540000E-12	3.921569E-14	3.921569E-14
2.300000E-1	1.780000E-12	1.780000E-12	4.532722E-14	4.532722E-14
2.400000E-1	2.240000E-12	2.240000E-12	5.704100E-14	5.704100E-14
2.500000E-1	1.960000E-12	1.960000E-12	4.991087E-14	4.991087E-14
2.600000E-1	1.790000E-12	1.790000E-12	4.558187E-14	4.558187E-14
2.700000E-1	1.690000E-12	1.690000E-12	4.303540E-14	4.303540E-14
2.800000E-1	1.440000E-12	1.440000E-12	3.666921E-14	3.666921E-14
2.900000E-1	1.860000E-12	1.860000E-12	4.736440E-14	4.736440E-14
3.000000E-1	1.670000E-12	1.670000E-12	4.252610E-14	4.252610E-14
3.100000E-1	1.640000E-12	1.640000E-12	4.176216E-14	4.176216E-14
3.200000E-1	1.710000E-12	1.710000E-12	4.354469E-14	4.354469E-14
3.300000E-1	1.730000E-12	1.730000E-12	4.405398E-14	4.405398E-14
3.400000E-1	2.120000E-12	2.120000E-12	5.398523E-14	5.398523E-14
3.500000E-1	1.780000E-12	1.780000E-12	4.532722E-14	4.532722E-14
3.600000E-1	2.440000E-12	2.440000E-12	6.213394E-14	6.213394E-14
3.700000E-1	2.280000E-12	2.280000E-12	5.805959E-14	5.805959E-14
3.800000E-1	2.360000E-12	2.360000E-12	6.009677E-14	6.009677E-14
3.900000E-1	2.130000E-12	2.130000E-12	5.423988E-14	5.423988E-14
4.000000E-1	1.540000E-12	1.540000E-12	3.921569E-14	3.921569E-14
4.100000E-1	1.840000E-12	1.840000E-12	4.685511E-14	4.685511E-14
4.200000E-1	1.970000E-12	1.970000E-12	5.016552E-14	5.016552E-14
4.300000E-1	1.470000E-12	1.470000E-12	3.743315E-14	3.743315E-14
4.400000E-1	1.550000E-12	1.550000E-12	3.947033E-14	3.947033E-14
4.500000E-1	1.580000E-12	1.580000E-12	4.023428E-14	4.023428E-14
4.600000E-1	2.020000E-12	2.020000E-12	5.143876E-14	5.143876E-14
4.700000E-1	1.870000E-12	1.870000E-12	4.761905E-14	4.761905E-14
4.800000E-1	2.000000E-12	2.000000E-12	5.092946E-14	5.092946E-14
4.900000E-1	2.080000E-12	2.080000E-12	5.296664E-14	5.296664E-14
5.000000E-1	1.920000E-12	1.920000E-12	4.889228E-14	4.889228E-14
