

12:07:19	16/03/21


Ell Cont: 5,0x10,0

SMU1	V name:		V1
	I name:		I1
	Mode:		V
	Function:	VAR1
SMU2	V name:		V2
	I name:		I2
	Mode:		common
	Function:	const.
SMU3	off
SMU4	off
VMUs	off

Primary Source (VAR1):	single
	Sweep Spacing:	linear
	Start:		-0.500000
	Stop:		0.500000
	Step:		0.010000
	Compliance:	0.050000
Power Compliance OFF

Timing:		Integration Time:	medium
	Delay Time (sec):	0.000000
	Hold Time (sec):	0.000000
	Wait Time (sec):	1.000000

Secondary Source (VAR2):	OFF


   V1	   I1	Abs(I)	J (A\um²)	Abs(J)
-5.000000E-1	-4.377800E-10	4.377800E-10	-1.114795E-11	1.114795E-11
-4.900000E-1	-2.424600E-10	2.424600E-10	-6.174179E-12	6.174179E-12
-4.800000E-1	-1.484700E-10	1.484700E-10	-3.780749E-12	3.780749E-12
-4.700000E-1	-3.020800E-10	3.020800E-10	-7.692386E-12	7.692386E-12
-4.600000E-1	-3.265400E-10	3.265400E-10	-8.315253E-12	8.315253E-12
-4.500000E-1	-6.755700E-10	6.755700E-10	-1.720321E-11	1.720321E-11
-4.400000E-1	-9.322700E-10	9.322700E-10	-2.374000E-11	2.374000E-11
-4.300000E-1	-2.217760E-9	2.217760E-9	-5.647466E-11	5.647466E-11
-4.200000E-1	-2.242580E-9	2.242580E-9	-5.710670E-11	5.710670E-11
-4.100000E-1	-1.228790E-8	1.228790E-8	-3.129081E-10	3.129081E-10
-4.000000E-1	-1.154780E-8	1.154780E-8	-2.940616E-10	2.940616E-10
-3.900000E-1	-1.300980E-8	1.300980E-8	-3.312911E-10	3.312911E-10
-3.800000E-1	-1.408790E-8	1.408790E-8	-3.587446E-10	3.587446E-10
-3.700000E-1	-1.818090E-8	1.818090E-8	-4.629717E-10	4.629717E-10
-3.600000E-1	-3.809900E-8	3.809900E-8	-9.701808E-10	9.701808E-10
-3.500000E-1	-3.256590E-8	3.256590E-8	-8.292819E-10	8.292819E-10
-3.400000E-1	-3.951560E-8	3.951560E-8	-1.006254E-9	1.006254E-9
-3.300000E-1	-5.908400E-8	5.908400E-8	-1.504558E-9	1.504558E-9
-3.200000E-1	-4.938490E-8	4.938490E-8	-1.257573E-9	1.257573E-9
-3.100000E-1	-4.105650E-8	4.105650E-8	-1.045493E-9	1.045493E-9
-3.000000E-1	-8.744400E-8	8.744400E-8	-2.226738E-9	2.226738E-9
-2.900000E-1	-5.677500E-8	5.677500E-8	-1.445760E-9	1.445760E-9
-2.800000E-1	-4.238100E-8	4.238100E-8	-1.079221E-9	1.079221E-9
-2.700000E-1	-4.932000E-8	4.932000E-8	-1.255921E-9	1.255921E-9
-2.600000E-1	-6.264700E-8	6.264700E-8	-1.595289E-9	1.595289E-9
-2.500000E-1	-7.679400E-8	7.679400E-8	-1.955539E-9	1.955539E-9
-2.400000E-1	-6.724700E-8	6.724700E-8	-1.712427E-9	1.712427E-9
-2.300000E-1	-5.202060E-8	5.202060E-8	-1.324691E-9	1.324691E-9
-2.200000E-1	-5.143180E-8	5.143180E-8	-1.309697E-9	1.309697E-9
-2.100000E-1	-5.433200E-8	5.433200E-8	-1.383550E-9	1.383550E-9
-2.000000E-1	-5.108130E-8	5.108130E-8	-1.300772E-9	1.300772E-9
-1.900000E-1	-4.514310E-8	4.514310E-8	-1.149557E-9	1.149557E-9
-1.800000E-1	-6.045000E-8	6.045000E-8	-1.539343E-9	1.539343E-9
-1.700000E-1	-5.001320E-8	5.001320E-8	-1.273573E-9	1.273573E-9
-1.600000E-1	-6.151300E-8	6.151300E-8	-1.566412E-9	1.566412E-9
-1.500000E-1	-6.088700E-8	6.088700E-8	-1.550471E-9	1.550471E-9
-1.400000E-1	-7.618100E-8	7.618100E-8	-1.939929E-9	1.939929E-9
-1.300000E-1	-8.390400E-8	8.390400E-8	-2.136593E-9	2.136593E-9
-1.200000E-1	-9.743100E-8	9.743100E-8	-2.481054E-9	2.481054E-9
-1.100000E-1	-6.185920E-8	6.185920E-8	-1.575228E-9	1.575228E-9
-1.000000E-1	-6.223180E-8	6.223180E-8	-1.584716E-9	1.584716E-9
-9.000000E-2	-7.020440E-8	7.020440E-8	-1.787736E-9	1.787736E-9
-8.000000E-2	-1.052240E-7	1.052240E-7	-2.679501E-9	2.679501E-9
-7.000000E-2	-9.045900E-8	9.045900E-8	-2.303514E-9	2.303514E-9
-6.000000E-2	-6.641900E-8	6.641900E-8	-1.691342E-9	1.691342E-9
-5.000000E-2	-7.234200E-8	7.234200E-8	-1.842170E-9	1.842170E-9
-4.000000E-2	-4.178800E-8	4.178800E-8	-1.064120E-9	1.064120E-9
-3.000000E-2	-3.321030E-8	3.321030E-8	-8.456914E-10	8.456914E-10
-2.000000E-2	-2.347020E-8	2.347020E-8	-5.976623E-10	5.976623E-10
-1.000000E-2	-1.581120E-8	1.581120E-8	-4.026280E-10	4.026280E-10
0.000000E+0	-7.502000E-11	7.502000E-11	-1.910364E-12	1.910364E-12
1.000000E-2	2.620310E-8	2.620310E-8	6.672549E-10	6.672549E-10
2.000000E-2	6.395210E-8	6.395210E-8	1.628523E-9	1.628523E-9
3.000000E-2	7.516910E-8	7.516910E-8	1.914161E-9	1.914161E-9
4.000000E-2	1.513010E-7	1.513010E-7	3.852839E-9	3.852839E-9
5.000000E-2	2.407190E-7	2.407190E-7	6.129845E-9	6.129845E-9
6.000000E-2	3.358270E-7	3.358270E-7	8.551744E-9	8.551744E-9
7.000000E-2	3.778890E-7	3.778890E-7	9.622842E-9	9.622842E-9
8.000000E-2	3.491370E-7	3.491370E-7	8.890680E-9	8.890680E-9
9.000000E-2	6.736150E-7	6.736150E-7	1.715342E-8	1.715342E-8
1.000000E-1	4.056980E-5	4.056980E-5	1.033099E-6	1.033099E-6
1.100000E-1	4.555410E-5	4.555410E-5	1.160023E-6	1.160023E-6
1.200000E-1	5.056770E-5	5.056770E-5	1.287693E-6	1.287693E-6
1.300000E-1	5.578140E-5	5.578140E-5	1.420458E-6	1.420458E-6
1.400000E-1	6.111220E-5	6.111220E-5	1.556206E-6	1.556206E-6
1.500000E-1	6.670090E-5	6.670090E-5	1.698520E-6	1.698520E-6
1.600000E-1	7.246670E-5	7.246670E-5	1.845345E-6	1.845345E-6
1.700000E-1	7.837550E-5	7.837550E-5	1.995811E-6	1.995811E-6
1.800000E-1	8.454540E-5	8.454540E-5	2.152926E-6	2.152926E-6
1.900000E-1	9.084420E-5	9.084420E-5	2.313323E-6	2.313323E-6
2.000000E-1	9.743060E-5	9.743060E-5	2.481044E-6	2.481044E-6
2.100000E-1	1.041396E-4	1.041396E-4	2.651887E-6	2.651887E-6
2.200000E-1	1.111596E-4	1.111596E-4	2.830649E-6	2.830649E-6
2.300000E-1	1.183330E-4	1.183330E-4	3.013318E-6	3.013318E-6
2.400000E-1	1.257870E-4	1.257870E-4	3.203132E-6	3.203132E-6
2.500000E-1	1.333650E-4	1.333650E-4	3.396104E-6	3.396104E-6
2.600000E-1	1.412560E-4	1.412560E-4	3.597046E-6	3.597046E-6
2.700000E-1	1.493430E-4	1.493430E-4	3.802979E-6	3.802979E-6
2.800000E-1	1.575900E-4	1.575900E-4	4.012987E-6	4.012987E-6
2.900000E-1	1.661470E-4	1.661470E-4	4.230889E-6	4.230889E-6
3.000000E-1	1.748450E-4	1.748450E-4	4.452381E-6	4.452381E-6
3.100000E-1	1.838150E-4	1.838150E-4	4.680800E-6	4.680800E-6
3.200000E-1	1.928950E-4	1.928950E-4	4.912019E-6	4.912019E-6
3.300000E-1	2.022940E-4	2.022940E-4	5.151362E-6	5.151362E-6
3.400000E-1	2.118670E-4	2.118670E-4	5.395136E-6	5.395136E-6
3.500000E-1	2.216580E-4	2.216580E-4	5.644461E-6	5.644461E-6
3.600000E-1	2.316150E-4	2.316150E-4	5.898014E-6	5.898014E-6
3.700000E-1	2.419310E-4	2.419310E-4	6.160708E-6	6.160708E-6
3.800000E-1	2.524640E-4	2.524640E-4	6.428928E-6	6.428928E-6
3.900000E-1	2.631800E-4	2.631800E-4	6.701808E-6	6.701808E-6
4.000000E-1	2.741220E-4	2.741220E-4	6.980443E-6	6.980443E-6
4.100000E-1	2.851000E-4	2.851000E-4	7.259995E-6	7.259995E-6
4.200000E-1	2.964860E-4	2.964860E-4	7.549936E-6	7.549936E-6
4.300000E-1	3.078980E-4	3.078980E-4	7.840540E-6	7.840540E-6
4.400000E-1	3.199270E-4	3.199270E-4	8.146855E-6	8.146855E-6
4.500000E-1	3.320250E-4	3.320250E-4	8.454927E-6	8.454927E-6
4.600000E-1	3.443170E-4	3.443170E-4	8.767940E-6	8.767940E-6
4.700000E-1	3.564810E-4	3.564810E-4	9.077693E-6	9.077693E-6
4.800000E-1	3.693390E-4	3.693390E-4	9.405118E-6	9.405118E-6
4.900000E-1	3.822910E-4	3.822910E-4	9.734937E-6	9.734937E-6
5.000000E-1	3.954860E-4	3.954860E-4	1.007094E-5	1.007094E-5
