

12:52:55	16/03/21


Ell Cont: 5,0x10,0

SMU1	V name:		V1
	I name:		I1
	Mode:		V
	Function:	VAR1
SMU2	V name:		V2
	I name:		I2
	Mode:		common
	Function:	const.
SMU3	off
SMU4	off
VMUs	off

Primary Source (VAR1):	single
	Sweep Spacing:	linear
	Start:		-0.500000
	Stop:		0.500000
	Step:		0.010000
	Compliance:	0.050000
Power Compliance OFF

Timing:		Integration Time:	medium
	Delay Time (sec):	0.000000
	Hold Time (sec):	0.000000
	Wait Time (sec):	1.000000

Secondary Source (VAR2):	OFF


   V1	   I1	Abs(I)	J (A\µm²)	Abs(J)
-5.000000E-1	-1.190000E-11	1.190000E-11	-3.030303E-13	3.030303E-13
-4.900000E-1	-7.860000E-12	7.860000E-12	-2.001528E-13	2.001528E-13
-4.800000E-1	-9.806100E-10	9.806100E-10	-2.497097E-11	2.497097E-11
-4.700000E-1	-1.900000E-11	1.900000E-11	-4.838299E-13	4.838299E-13
-4.600000E-1	-4.840000E-12	4.840000E-12	-1.232493E-13	1.232493E-13
-4.500000E-1	-1.584000E-11	1.584000E-11	-4.033613E-13	4.033613E-13
-4.400000E-1	-3.880000E-12	3.880000E-12	-9.880316E-14	9.880316E-14
-4.300000E-1	-2.240000E-12	2.240000E-12	-5.704100E-14	5.704100E-14
-4.200000E-1	-2.630000E-12	2.630000E-12	-6.697224E-14	6.697224E-14
-4.100000E-1	-1.590000E-12	1.590000E-12	-4.048892E-14	4.048892E-14
-4.000000E-1	5.100000E-13	5.100000E-13	1.298701E-14	1.298701E-14
-3.900000E-1	9.700000E-13	9.700000E-13	2.470079E-14	2.470079E-14
-3.800000E-1	1.500000E-13	1.500000E-13	3.819710E-15	3.819710E-15
-3.700000E-1	8.400000E-13	8.400000E-13	2.139037E-14	2.139037E-14
-3.600000E-1	5.900000E-13	5.900000E-13	1.502419E-14	1.502419E-14
-3.500000E-1	3.900000E-13	3.900000E-13	9.931245E-15	9.931245E-15
-3.400000E-1	-9.000000E-14	9.000000E-14	-2.291826E-15	2.291826E-15
-3.300000E-1	1.060000E-12	1.060000E-12	2.699261E-14	2.699261E-14
-3.200000E-1	6.000000E-13	6.000000E-13	1.527884E-14	1.527884E-14
-3.100000E-1	1.500000E-13	1.500000E-13	3.819710E-15	3.819710E-15
-3.000000E-1	3.300000E-13	3.300000E-13	8.403361E-15	8.403361E-15
-2.900000E-1	1.100000E-12	1.100000E-12	2.801120E-14	2.801120E-14
-2.800000E-1	1.190000E-12	1.190000E-12	3.030303E-14	3.030303E-14
-2.700000E-1	3.400000E-13	3.400000E-13	8.658009E-15	8.658009E-15
-2.600000E-1	1.390000E-12	1.390000E-12	3.539598E-14	3.539598E-14
-2.500000E-1	1.510000E-12	1.510000E-12	3.845174E-14	3.845174E-14
-2.400000E-1	2.080000E-12	2.080000E-12	5.296664E-14	5.296664E-14
-2.300000E-1	1.960000E-12	1.960000E-12	4.991087E-14	4.991087E-14
-2.200000E-1	1.630000E-12	1.630000E-12	4.150751E-14	4.150751E-14
-2.100000E-1	1.790000E-12	1.790000E-12	4.558187E-14	4.558187E-14
-2.000000E-1	1.670000E-12	1.670000E-12	4.252610E-14	4.252610E-14
-1.900000E-1	-3.034000E-11	3.034000E-11	-7.725999E-13	7.725999E-13
-1.800000E-1	3.900000E-13	3.900000E-13	9.931245E-15	9.931245E-15
-1.700000E-1	4.400000E-13	4.400000E-13	1.120448E-14	1.120448E-14
-1.600000E-1	1.260000E-12	1.260000E-12	3.208556E-14	3.208556E-14
-1.500000E-1	1.070000E-12	1.070000E-12	2.724726E-14	2.724726E-14
-1.400000E-1	-3.531900E-10	3.531900E-10	-8.993888E-12	8.993888E-12
-1.300000E-1	2.130000E-12	2.130000E-12	5.423988E-14	5.423988E-14
-1.200000E-1	-2.983900E-10	2.983900E-10	-7.598421E-12	7.598421E-12
-1.100000E-1	2.360000E-12	2.360000E-12	6.009677E-14	6.009677E-14
-1.000000E-1	2.630000E-12	2.630000E-12	6.697224E-14	6.697224E-14
-9.000000E-2	-2.455400E-10	2.455400E-10	-6.252610E-12	6.252610E-12
-8.000000E-2	1.440000E-12	1.440000E-12	3.666921E-14	3.666921E-14
-7.000000E-2	-5.940000E-12	5.940000E-12	-1.512605E-13	1.512605E-13
-6.000000E-2	-9.500000E-13	9.500000E-13	-2.419149E-14	2.419149E-14
-5.000000E-2	-2.769900E-10	2.769900E-10	-7.053476E-12	7.053476E-12
-4.000000E-2	2.900000E-12	2.900000E-12	7.384772E-14	7.384772E-14
-3.000000E-2	5.480000E-12	5.480000E-12	1.395467E-13	1.395467E-13
-2.000000E-2	-4.000000E-14	4.000000E-14	-1.018589E-15	1.018589E-15
-1.000000E-2	-3.989000E-11	3.989000E-11	-1.015788E-12	1.015788E-12
0.000000E+0	1.110000E-12	1.110000E-12	2.826585E-14	2.826585E-14
1.000000E-2	1.290000E-12	1.290000E-12	3.284950E-14	3.284950E-14
2.000000E-2	1.757100E-10	1.757100E-10	4.474408E-12	4.474408E-12
3.000000E-2	2.330000E-12	2.330000E-12	5.933282E-14	5.933282E-14
4.000000E-2	1.600000E-12	1.600000E-12	4.074357E-14	4.074357E-14
5.000000E-2	1.650000E-12	1.650000E-12	4.201681E-14	4.201681E-14
6.000000E-2	1.830000E-12	1.830000E-12	4.660046E-14	4.660046E-14
7.000000E-2	1.460000E-12	1.460000E-12	3.717851E-14	3.717851E-14
8.000000E-2	1.860000E-12	1.860000E-12	4.736440E-14	4.736440E-14
9.000000E-2	2.100000E-12	2.100000E-12	5.347594E-14	5.347594E-14
1.000000E-1	2.010000E-12	2.010000E-12	5.118411E-14	5.118411E-14
1.100000E-1	1.990000E-12	1.990000E-12	5.067481E-14	5.067481E-14
1.200000E-1	1.660000E-12	1.660000E-12	4.227145E-14	4.227145E-14
1.300000E-1	1.500000E-12	1.500000E-12	3.819710E-14	3.819710E-14
1.400000E-1	2.040000E-12	2.040000E-12	5.194805E-14	5.194805E-14
1.500000E-1	1.750000E-12	1.750000E-12	4.456328E-14	4.456328E-14
1.600000E-1	2.640000E-12	2.640000E-12	6.722689E-14	6.722689E-14
1.700000E-1	2.080000E-12	2.080000E-12	5.296664E-14	5.296664E-14
1.800000E-1	6.200000E-13	6.200000E-13	1.578813E-14	1.578813E-14
1.900000E-1	-6.200000E-13	6.200000E-13	-1.578813E-14	1.578813E-14
2.000000E-1	2.490000E-12	2.490000E-12	6.340718E-14	6.340718E-14
2.100000E-1	1.770000E-12	1.770000E-12	4.507257E-14	4.507257E-14
2.200000E-1	2.010000E-12	2.010000E-12	5.118411E-14	5.118411E-14
2.300000E-1	6.770000E-12	6.770000E-12	1.723962E-13	1.723962E-13
2.400000E-1	2.010000E-12	2.010000E-12	5.118411E-14	5.118411E-14
2.500000E-1	1.917000E-11	1.917000E-11	4.881589E-13	4.881589E-13
2.600000E-1	4.610000E-12	4.610000E-12	1.173924E-13	1.173924E-13
2.700000E-1	9.576000E-11	9.576000E-11	2.438503E-12	2.438503E-12
2.800000E-1	2.570000E-12	2.570000E-12	6.544436E-14	6.544436E-14
2.900000E-1	1.521000E-11	1.521000E-11	3.873186E-13	3.873186E-13
3.000000E-1	3.360000E-12	3.360000E-12	8.556150E-14	8.556150E-14
3.100000E-1	2.790000E-12	2.790000E-12	7.104660E-14	7.104660E-14
3.200000E-1	4.463000E-11	4.463000E-11	1.136491E-12	1.136491E-12
3.300000E-1	7.600000E-13	7.600000E-13	1.935320E-14	1.935320E-14
3.400000E-1	1.511000E-11	1.511000E-11	3.847721E-13	3.847721E-13
3.500000E-1	1.253000E-11	1.253000E-11	3.190731E-13	3.190731E-13
3.600000E-1	9.765000E-11	9.765000E-11	2.486631E-12	2.486631E-12
3.700000E-1	4.034800E-9	4.034800E-9	1.027451E-10	1.027451E-10
3.800000E-1	1.270000E-12	1.270000E-12	3.234021E-14	3.234021E-14
3.900000E-1	9.640000E-12	9.640000E-12	2.454800E-13	2.454800E-13
4.000000E-1	3.534900E-10	3.534900E-10	9.001528E-12	9.001528E-12
4.100000E-1	1.536000E-11	1.536000E-11	3.911383E-13	3.911383E-13
4.200000E-1	2.540000E-12	2.540000E-12	6.468042E-14	6.468042E-14
4.300000E-1	1.431000E-10	1.431000E-10	3.644003E-12	3.644003E-12
4.400000E-1	4.220000E-12	4.220000E-12	1.074612E-13	1.074612E-13
4.500000E-1	2.220000E-12	2.220000E-12	5.653170E-14	5.653170E-14
4.600000E-1	2.719000E-10	2.719000E-10	6.923860E-12	6.923860E-12
4.700000E-1	4.510000E-12	4.510000E-12	1.148459E-13	1.148459E-13
4.800000E-1	2.020000E-12	2.020000E-12	5.143876E-14	5.143876E-14
4.900000E-1	2.160000E-12	2.160000E-12	5.500382E-14	5.500382E-14
5.000000E-1	1.880000E-12	1.880000E-12	4.787369E-14	4.787369E-14
