

11:54:39	16/03/21


Ell Cont: 5,0x10,0

SMU1	V name:		V1
	I name:		I1
	Mode:		V
	Function:	VAR1
SMU2	V name:		V2
	I name:		I2
	Mode:		common
	Function:	const.
SMU3	off
SMU4	off
VMUs	off

Primary Source (VAR1):	single
	Sweep Spacing:	linear
	Start:		-0.500000
	Stop:		0.500000
	Step:		0.010000
	Compliance:	0.050000
Power Compliance OFF

Timing:		Integration Time:	medium
	Delay Time (sec):	0.000000
	Hold Time (sec):	0.000000
	Wait Time (sec):	1.000000

Secondary Source (VAR2):	OFF


   V1	   I1	Abs(I)	J (A\um²)	Abs(J)
-5.000000E-1	-1.238000E-11	1.238000E-11	-3.152534E-13	3.152534E-13
-4.900000E-1	-7.700000E-12	7.700000E-12	-1.960784E-13	1.960784E-13
-4.800000E-1	-5.480000E-12	5.480000E-12	-1.395467E-13	1.395467E-13
-4.700000E-1	-4.290000E-12	4.290000E-12	-1.092437E-13	1.092437E-13
-4.600000E-1	-3.240000E-12	3.240000E-12	-8.250573E-14	8.250573E-14
-4.500000E-1	-2.550000E-12	2.550000E-12	-6.493506E-14	6.493506E-14
-4.400000E-1	-1.840000E-12	1.840000E-12	-4.685511E-14	4.685511E-14
-4.300000E-1	-7.800000E-13	7.800000E-13	-1.986249E-14	1.986249E-14
-4.200000E-1	-4.200000E-13	4.200000E-13	-1.069519E-14	1.069519E-14
-4.100000E-1	-1.100000E-12	1.100000E-12	-2.801120E-14	2.801120E-14
-4.000000E-1	-1.000000E-13	1.000000E-13	-2.546473E-15	2.546473E-15
-3.900000E-1	-1.040000E-12	1.040000E-12	-2.648332E-14	2.648332E-14
-3.800000E-1	-6.000000E-14	6.000000E-14	-1.527884E-15	1.527884E-15
-3.700000E-1	1.390000E-12	1.390000E-12	3.539598E-14	3.539598E-14
-3.600000E-1	1.390000E-12	1.390000E-12	3.539598E-14	3.539598E-14
-3.500000E-1	1.190000E-12	1.190000E-12	3.030303E-14	3.030303E-14
-3.400000E-1	7.500000E-13	7.500000E-13	1.909855E-14	1.909855E-14
-3.300000E-1	4.300000E-13	4.300000E-13	1.094983E-14	1.094983E-14
-3.200000E-1	9.400000E-13	9.400000E-13	2.393685E-14	2.393685E-14
-3.100000E-1	1.500000E-12	1.500000E-12	3.819710E-14	3.819710E-14
-3.000000E-1	1.520000E-12	1.520000E-12	3.870639E-14	3.870639E-14
-2.900000E-1	1.860000E-12	1.860000E-12	4.736440E-14	4.736440E-14
-2.800000E-1	1.300000E-12	1.300000E-12	3.310415E-14	3.310415E-14
-2.700000E-1	1.500000E-12	1.500000E-12	3.819710E-14	3.819710E-14
-2.600000E-1	1.570000E-12	1.570000E-12	3.997963E-14	3.997963E-14
-2.500000E-1	1.000000E-12	1.000000E-12	2.546473E-14	2.546473E-14
-2.400000E-1	1.410000E-12	1.410000E-12	3.590527E-14	3.590527E-14
-2.300000E-1	1.680000E-12	1.680000E-12	4.278075E-14	4.278075E-14
-2.200000E-1	1.660000E-12	1.660000E-12	4.227145E-14	4.227145E-14
-2.100000E-1	1.330000E-12	1.330000E-12	3.386809E-14	3.386809E-14
-2.000000E-1	1.510000E-12	1.510000E-12	3.845174E-14	3.845174E-14
-1.900000E-1	1.650000E-12	1.650000E-12	4.201681E-14	4.201681E-14
-1.800000E-1	1.560000E-12	1.560000E-12	3.972498E-14	3.972498E-14
-1.700000E-1	1.050000E-12	1.050000E-12	2.673797E-14	2.673797E-14
-1.600000E-1	1.430000E-12	1.430000E-12	3.641457E-14	3.641457E-14
-1.500000E-1	1.490000E-12	1.490000E-12	3.794245E-14	3.794245E-14
-1.400000E-1	1.660000E-12	1.660000E-12	4.227145E-14	4.227145E-14
-1.300000E-1	1.820000E-12	1.820000E-12	4.634581E-14	4.634581E-14
-1.200000E-1	1.930000E-12	1.930000E-12	4.914693E-14	4.914693E-14
-1.100000E-1	1.490000E-12	1.490000E-12	3.794245E-14	3.794245E-14
-1.000000E-1	1.820000E-12	1.820000E-12	4.634581E-14	4.634581E-14
-9.000000E-2	1.730000E-12	1.730000E-12	4.405398E-14	4.405398E-14
-8.000000E-2	2.080000E-12	2.080000E-12	5.296664E-14	5.296664E-14
-7.000000E-2	1.570000E-12	1.570000E-12	3.997963E-14	3.997963E-14
-6.000000E-2	1.480000E-12	1.480000E-12	3.768780E-14	3.768780E-14
-5.000000E-2	1.830000E-12	1.830000E-12	4.660046E-14	4.660046E-14
-4.000000E-2	1.700000E-12	1.700000E-12	4.329004E-14	4.329004E-14
-3.000000E-2	1.770000E-12	1.770000E-12	4.507257E-14	4.507257E-14
-2.000000E-2	1.940000E-12	1.940000E-12	4.940158E-14	4.940158E-14
-1.000000E-2	2.290000E-12	2.290000E-12	5.831423E-14	5.831423E-14
0.000000E+0	1.260000E-12	1.260000E-12	3.208556E-14	3.208556E-14
1.000000E-2	1.530000E-12	1.530000E-12	3.896104E-14	3.896104E-14
2.000000E-2	1.570000E-12	1.570000E-12	3.997963E-14	3.997963E-14
3.000000E-2	1.510000E-12	1.510000E-12	3.845174E-14	3.845174E-14
4.000000E-2	1.840000E-12	1.840000E-12	4.685511E-14	4.685511E-14
5.000000E-2	1.870000E-12	1.870000E-12	4.761905E-14	4.761905E-14
6.000000E-2	2.180000E-12	2.180000E-12	5.551311E-14	5.551311E-14
7.000000E-2	2.120000E-12	2.120000E-12	5.398523E-14	5.398523E-14
8.000000E-2	1.630000E-12	1.630000E-12	4.150751E-14	4.150751E-14
9.000000E-2	1.640000E-12	1.640000E-12	4.176216E-14	4.176216E-14
1.000000E-1	1.760000E-12	1.760000E-12	4.481793E-14	4.481793E-14
1.100000E-1	1.490000E-12	1.490000E-12	3.794245E-14	3.794245E-14
1.200000E-1	1.920000E-12	1.920000E-12	4.889228E-14	4.889228E-14
1.300000E-1	1.880000E-12	1.880000E-12	4.787369E-14	4.787369E-14
1.400000E-1	1.770000E-12	1.770000E-12	4.507257E-14	4.507257E-14
1.500000E-1	1.730000E-12	1.730000E-12	4.405398E-14	4.405398E-14
1.600000E-1	1.760000E-12	1.760000E-12	4.481793E-14	4.481793E-14
1.700000E-1	1.160000E-12	1.160000E-12	2.953909E-14	2.953909E-14
1.800000E-1	1.190000E-12	1.190000E-12	3.030303E-14	3.030303E-14
1.900000E-1	1.140000E-12	1.140000E-12	2.902979E-14	2.902979E-14
2.000000E-1	1.620000E-12	1.620000E-12	4.125286E-14	4.125286E-14
2.100000E-1	2.700000E-12	2.700000E-12	6.875477E-14	6.875477E-14
2.200000E-1	1.790000E-12	1.790000E-12	4.558187E-14	4.558187E-14
2.300000E-1	2.110000E-12	2.110000E-12	5.373058E-14	5.373058E-14
2.400000E-1	1.880000E-12	1.880000E-12	4.787369E-14	4.787369E-14
2.500000E-1	1.870000E-12	1.870000E-12	4.761905E-14	4.761905E-14
2.600000E-1	1.740000E-12	1.740000E-12	4.430863E-14	4.430863E-14
2.700000E-1	3.680000E-12	3.680000E-12	9.371021E-14	9.371021E-14
2.800000E-1	1.225000E-11	1.225000E-11	3.119430E-13	3.119430E-13
2.900000E-1	5.390000E-12	5.390000E-12	1.372549E-13	1.372549E-13
3.000000E-1	2.500000E-12	2.500000E-12	6.366183E-14	6.366183E-14
3.100000E-1	-4.200000E-12	4.200000E-12	-1.069519E-13	1.069519E-13
3.200000E-1	-7.200000E-13	7.200000E-13	-1.833461E-14	1.833461E-14
3.300000E-1	-4.600000E-13	4.600000E-13	-1.171378E-14	1.171378E-14
3.400000E-1	7.900000E-13	7.900000E-13	2.011714E-14	2.011714E-14
3.500000E-1	-5.100000E-13	5.100000E-13	-1.298701E-14	1.298701E-14
3.600000E-1	2.340000E-12	2.340000E-12	5.958747E-14	5.958747E-14
3.700000E-1	1.700000E-12	1.700000E-12	4.329004E-14	4.329004E-14
3.800000E-1	8.300000E-13	8.300000E-13	2.113573E-14	2.113573E-14
3.900000E-1	-5.100000E-13	5.100000E-13	-1.298701E-14	1.298701E-14
4.000000E-1	7.700000E-13	7.700000E-13	1.960784E-14	1.960784E-14
4.100000E-1	2.760000E-12	2.760000E-12	7.028266E-14	7.028266E-14
4.200000E-1	3.060000E-12	3.060000E-12	7.792208E-14	7.792208E-14
4.300000E-1	1.780000E-12	1.780000E-12	4.532722E-14	4.532722E-14
4.400000E-1	1.550000E-12	1.550000E-12	3.947033E-14	3.947033E-14
4.500000E-1	1.790000E-12	1.790000E-12	4.558187E-14	4.558187E-14
4.600000E-1	1.940000E-12	1.940000E-12	4.940158E-14	4.940158E-14
4.700000E-1	1.440000E-12	1.440000E-12	3.666921E-14	3.666921E-14
4.800000E-1	1.690000E-12	1.690000E-12	4.303540E-14	4.303540E-14
4.900000E-1	2.690000E-12	2.690000E-12	6.850013E-14	6.850013E-14
5.000000E-1	2.120000E-12	2.120000E-12	5.398523E-14	5.398523E-14
