

13:06:05	16/03/21


Ell Cont: 5,0x10,0

SMU1	V name:		V1
	I name:		I1
	Mode:		V
	Function:	VAR1
SMU2	V name:		V2
	I name:		I2
	Mode:		common
	Function:	const.
SMU3	off
SMU4	off
VMUs	off

Primary Source (VAR1):	single
	Sweep Spacing:	linear
	Start:		-0.500000
	Stop:		0.500000
	Step:		0.010000
	Compliance:	0.050000
Power Compliance OFF

Timing:		Integration Time:	medium
	Delay Time (sec):	0.000000
	Hold Time (sec):	0.000000
	Wait Time (sec):	1.000000

Secondary Source (VAR2):	OFF


   V1	   I1	Abs(I)	J (A\um²)	Abs(J)
-5.000000E-1	-1.518130E-7	1.518130E-7	-3.865877E-9	3.865877E-9
-4.900000E-1	-1.381170E-7	1.381170E-7	-3.517112E-9	3.517112E-9
-4.800000E-1	-1.465230E-7	1.465230E-7	-3.731169E-9	3.731169E-9
-4.700000E-1	-1.627070E-7	1.627070E-7	-4.143290E-9	4.143290E-9
-4.600000E-1	-1.497040E-7	1.497040E-7	-3.812172E-9	3.812172E-9
-4.500000E-1	-1.459170E-7	1.459170E-7	-3.715737E-9	3.715737E-9
-4.400000E-1	-1.236360E-7	1.236360E-7	-3.148357E-9	3.148357E-9
-4.300000E-1	-1.245210E-7	1.245210E-7	-3.170894E-9	3.170894E-9
-4.200000E-1	-1.259840E-7	1.259840E-7	-3.208149E-9	3.208149E-9
-4.100000E-1	-1.265410E-7	1.265410E-7	-3.222333E-9	3.222333E-9
-4.000000E-1	-1.371420E-7	1.371420E-7	-3.492284E-9	3.492284E-9
-3.900000E-1	-1.066730E-7	1.066730E-7	-2.716399E-9	2.716399E-9
-3.800000E-1	-1.068220E-7	1.068220E-7	-2.720194E-9	2.720194E-9
-3.700000E-1	-1.204960E-7	1.204960E-7	-3.068398E-9	3.068398E-9
-3.600000E-1	-1.227050E-7	1.227050E-7	-3.124650E-9	3.124650E-9
-3.500000E-1	-1.238310E-7	1.238310E-7	-3.153323E-9	3.153323E-9
-3.400000E-1	-9.999200E-8	9.999200E-8	-2.546269E-9	2.546269E-9
-3.300000E-1	-9.448900E-8	9.448900E-8	-2.406137E-9	2.406137E-9
-3.200000E-1	-8.110200E-8	8.110200E-8	-2.065241E-9	2.065241E-9
-3.100000E-1	-7.522470E-8	7.522470E-8	-1.915577E-9	1.915577E-9
-3.000000E-1	-8.117250E-8	8.117250E-8	-2.067036E-9	2.067036E-9
-2.900000E-1	-7.459510E-8	7.459510E-8	-1.899544E-9	1.899544E-9
-2.800000E-1	-8.888780E-8	8.888780E-8	-2.263504E-9	2.263504E-9
-2.700000E-1	-9.857360E-8	9.857360E-8	-2.510150E-9	2.510150E-9
-2.600000E-1	-8.151130E-8	8.151130E-8	-2.075663E-9	2.075663E-9
-2.500000E-1	-1.190040E-7	1.190040E-7	-3.030405E-9	3.030405E-9
-2.400000E-1	-1.253800E-7	1.253800E-7	-3.192768E-9	3.192768E-9
-2.300000E-1	-1.209740E-7	1.209740E-7	-3.080570E-9	3.080570E-9
-2.200000E-1	-1.131100E-7	1.131100E-7	-2.880316E-9	2.880316E-9
-2.100000E-1	-1.063190E-7	1.063190E-7	-2.707385E-9	2.707385E-9
-2.000000E-1	-1.075110E-7	1.075110E-7	-2.737739E-9	2.737739E-9
-1.900000E-1	-1.007270E-7	1.007270E-7	-2.564986E-9	2.564986E-9
-1.800000E-1	-1.006407E-7	1.006407E-7	-2.562788E-9	2.562788E-9
-1.700000E-1	-8.719240E-8	8.719240E-8	-2.220331E-9	2.220331E-9
-1.600000E-1	-9.365520E-8	9.365520E-8	-2.384904E-9	2.384904E-9
-1.500000E-1	-8.324600E-8	8.324600E-8	-2.119837E-9	2.119837E-9
-1.400000E-1	-7.753330E-8	7.753330E-8	-1.974365E-9	1.974365E-9
-1.300000E-1	-6.789100E-8	6.789100E-8	-1.728826E-9	1.728826E-9
-1.200000E-1	-6.392080E-8	6.392080E-8	-1.627726E-9	1.627726E-9
-1.100000E-1	-6.248920E-8	6.248920E-8	-1.591271E-9	1.591271E-9
-1.000000E-1	-5.854270E-8	5.854270E-8	-1.490774E-9	1.490774E-9
-9.000000E-2	-5.084700E-8	5.084700E-8	-1.294805E-9	1.294805E-9
-8.000000E-2	-4.649900E-8	4.649900E-8	-1.184085E-9	1.184085E-9
-7.000000E-2	-3.997340E-8	3.997340E-8	-1.017912E-9	1.017912E-9
-6.000000E-2	-3.413330E-8	3.413330E-8	-8.691953E-10	8.691953E-10
-5.000000E-2	-2.794520E-8	2.794520E-8	-7.116170E-10	7.116170E-10
-4.000000E-2	-2.207480E-8	2.207480E-8	-5.621288E-10	5.621288E-10
-3.000000E-2	-1.613120E-8	1.613120E-8	-4.107767E-10	4.107767E-10
-2.000000E-2	-1.074150E-8	1.074150E-8	-2.735294E-10	2.735294E-10
-1.000000E-2	-5.433060E-9	5.433060E-9	-1.383514E-10	1.383514E-10
0.000000E+0	1.449500E-10	1.449500E-10	3.691113E-12	3.691113E-12
1.000000E-2	5.759090E-9	5.759090E-9	1.466537E-10	1.466537E-10
2.000000E-2	1.142030E-8	1.142030E-8	2.908149E-10	2.908149E-10
3.000000E-2	1.787790E-8	1.787790E-8	4.552559E-10	4.552559E-10
4.000000E-2	2.371650E-8	2.371650E-8	6.039343E-10	6.039343E-10
5.000000E-2	2.979250E-8	2.979250E-8	7.586580E-10	7.586580E-10
6.000000E-2	3.584080E-8	3.584080E-8	9.126763E-10	9.126763E-10
7.000000E-2	4.210910E-8	4.210910E-8	1.072297E-9	1.072297E-9
8.000000E-2	4.866840E-8	4.866840E-8	1.239328E-9	1.239328E-9
9.000000E-2	5.528750E-8	5.528750E-8	1.407881E-9	1.407881E-9
1.000000E-1	6.206100E-8	6.206100E-8	1.580367E-9	1.580367E-9
1.100000E-1	6.925050E-8	6.925050E-8	1.763445E-9	1.763445E-9
1.200000E-1	7.670700E-8	7.670700E-8	1.953323E-9	1.953323E-9
1.300000E-1	8.357630E-8	8.357630E-8	2.128248E-9	2.128248E-9
1.400000E-1	9.126940E-8	9.126940E-8	2.324151E-9	2.324151E-9
1.500000E-1	9.941550E-8	9.941550E-8	2.531589E-9	2.531589E-9
1.600000E-1	1.076320E-7	1.076320E-7	2.740820E-9	2.740820E-9
1.700000E-1	1.173270E-7	1.173270E-7	2.987700E-9	2.987700E-9
1.800000E-1	1.265600E-7	1.265600E-7	3.222816E-9	3.222816E-9
1.900000E-1	1.352710E-7	1.352710E-7	3.444640E-9	3.444640E-9
2.000000E-1	1.448870E-7	1.448870E-7	3.689508E-9	3.689508E-9
2.100000E-1	1.549760E-7	1.549760E-7	3.946422E-9	3.946422E-9
2.200000E-1	1.652930E-7	1.652930E-7	4.209142E-9	4.209142E-9
2.300000E-1	1.752270E-7	1.752270E-7	4.462108E-9	4.462108E-9
2.400000E-1	1.856860E-7	1.856860E-7	4.728444E-9	4.728444E-9
2.500000E-1	1.962290E-7	1.962290E-7	4.996919E-9	4.996919E-9
2.600000E-1	2.075370E-7	2.075370E-7	5.284874E-9	5.284874E-9
2.700000E-1	2.194350E-7	2.194350E-7	5.587853E-9	5.587853E-9
2.800000E-1	2.302250E-7	2.302250E-7	5.862618E-9	5.862618E-9
2.900000E-1	2.422560E-7	2.422560E-7	6.168984E-9	6.168984E-9
3.000000E-1	2.542740E-7	2.542740E-7	6.475019E-9	6.475019E-9
3.100000E-1	2.671630E-7	2.671630E-7	6.803234E-9	6.803234E-9
3.200000E-1	2.799840E-7	2.799840E-7	7.129717E-9	7.129717E-9
3.300000E-1	2.921330E-7	2.921330E-7	7.439088E-9	7.439088E-9
3.400000E-1	3.056360E-7	3.056360E-7	7.782939E-9	7.782939E-9
3.500000E-1	3.191360E-7	3.191360E-7	8.126712E-9	8.126712E-9
3.600000E-1	3.331240E-7	3.331240E-7	8.482913E-9	8.482913E-9
3.700000E-1	3.475480E-7	3.475480E-7	8.850216E-9	8.850216E-9
3.800000E-1	3.616020E-7	3.616020E-7	9.208098E-9	9.208098E-9
3.900000E-1	3.760210E-7	3.760210E-7	9.575274E-9	9.575274E-9
4.000000E-1	3.904260E-7	3.904260E-7	9.942093E-9	9.942093E-9
4.100000E-1	4.060890E-7	4.060890E-7	1.034095E-8	1.034095E-8
4.200000E-1	4.221190E-7	4.221190E-7	1.074915E-8	1.074915E-8
4.300000E-1	4.376870E-7	4.376870E-7	1.114558E-8	1.114558E-8
4.400000E-1	4.540140E-7	4.540140E-7	1.156134E-8	1.156134E-8
4.500000E-1	4.705430E-7	4.705430E-7	1.198225E-8	1.198225E-8
4.600000E-1	4.876190E-7	4.876190E-7	1.241709E-8	1.241709E-8
4.700000E-1	5.047660E-7	5.047660E-7	1.285373E-8	1.285373E-8
4.800000E-1	5.220500E-7	5.220500E-7	1.329386E-8	1.329386E-8
4.900000E-1	5.388400E-7	5.388400E-7	1.372142E-8	1.372142E-8
5.000000E-1	5.570630E-7	5.570630E-7	1.418546E-8	1.418546E-8
