

15:49:15	22/03/21


Ell Cont: 5,0x10,0

SMU1	V name:		V1
	I name:		I1
	Mode:		V
	Function:	VAR1
SMU2	V name:		V2
	I name:		I2
	Mode:		common
	Function:	const.
SMU3	off
SMU4	off
VMUs	off

Primary Source (VAR1):	single
	Sweep Spacing:	linear
	Start:		-0.500000
	Stop:		0.500000
	Step:		0.010000
	Compliance:	0.050000
Power Compliance OFF

Timing:		Integration Time:	medium
	Delay Time (sec):	0.000000
	Hold Time (sec):	0.000000
	Wait Time (sec):	1.000000

Secondary Source (VAR2):	OFF


   V1	   I1	Abs(I)	J (A\µm²)	Abs(J)
-5.000000E-1	-1.475420E-7	1.475420E-7	-3.757117E-9	3.757117E-9
-4.900000E-1	-1.368850E-7	1.368850E-7	-3.485740E-9	3.485740E-9
-4.800000E-1	-1.298510E-7	1.298510E-7	-3.306621E-9	3.306621E-9
-4.700000E-1	-1.232020E-7	1.232020E-7	-3.137306E-9	3.137306E-9
-4.600000E-1	-1.178700E-7	1.178700E-7	-3.001528E-9	3.001528E-9
-4.500000E-1	-1.133790E-7	1.133790E-7	-2.887166E-9	2.887166E-9
-4.400000E-1	-1.081840E-7	1.081840E-7	-2.754876E-9	2.754876E-9
-4.300000E-1	-1.038970E-7	1.038970E-7	-2.645709E-9	2.645709E-9
-4.200000E-1	-9.854280E-8	9.854280E-8	-2.509366E-9	2.509366E-9
-4.100000E-1	-9.398510E-8	9.398510E-8	-2.393305E-9	2.393305E-9
-4.000000E-1	-8.967790E-8	8.967790E-8	-2.283624E-9	2.283624E-9
-3.900000E-1	-8.529320E-8	8.529320E-8	-2.171968E-9	2.171968E-9
-3.800000E-1	-8.157860E-8	8.157860E-8	-2.077377E-9	2.077377E-9
-3.700000E-1	-7.749380E-8	7.749380E-8	-1.973359E-9	1.973359E-9
-3.600000E-1	-7.364130E-8	7.364130E-8	-1.875256E-9	1.875256E-9
-3.500000E-1	-7.022770E-8	7.022770E-8	-1.788329E-9	1.788329E-9
-3.400000E-1	-6.687580E-8	6.687580E-8	-1.702974E-9	1.702974E-9
-3.300000E-1	-6.305130E-8	6.305130E-8	-1.605584E-9	1.605584E-9
-3.200000E-1	-5.966260E-8	5.966260E-8	-1.519292E-9	1.519292E-9
-3.100000E-1	-5.626670E-8	5.626670E-8	-1.432816E-9	1.432816E-9
-3.000000E-1	-5.267490E-8	5.267490E-8	-1.341352E-9	1.341352E-9
-2.900000E-1	-4.947730E-8	4.947730E-8	-1.259926E-9	1.259926E-9
-2.800000E-1	-4.658500E-8	4.658500E-8	-1.186274E-9	1.186274E-9
-2.700000E-1	-4.342000E-8	4.342000E-8	-1.105679E-9	1.105679E-9
-2.600000E-1	-4.063370E-8	4.063370E-8	-1.034726E-9	1.034726E-9
-2.500000E-1	-3.759140E-8	3.759140E-8	-9.572549E-10	9.572549E-10
-2.400000E-1	-3.499160E-8	3.499160E-8	-8.910517E-10	8.910517E-10
-2.300000E-1	-3.247330E-8	3.247330E-8	-8.269239E-10	8.269239E-10
-2.200000E-1	-2.990230E-8	2.990230E-8	-7.614540E-10	7.614540E-10
-2.100000E-1	-2.753190E-8	2.753190E-8	-7.010924E-10	7.010924E-10
-2.000000E-1	-2.498150E-8	2.498150E-8	-6.361472E-10	6.361472E-10
-1.900000E-1	-2.285010E-8	2.285010E-8	-5.818717E-10	5.818717E-10
-1.800000E-1	-2.054750E-8	2.054750E-8	-5.232366E-10	5.232366E-10
-1.700000E-1	-1.858770E-8	1.858770E-8	-4.733308E-10	4.733308E-10
-1.600000E-1	-1.690220E-8	1.690220E-8	-4.304100E-10	4.304100E-10
-1.500000E-1	-1.503190E-8	1.503190E-8	-3.827833E-10	3.827833E-10
-1.400000E-1	-1.341560E-8	1.341560E-8	-3.416246E-10	3.416246E-10
-1.300000E-1	-1.179510E-8	1.179510E-8	-3.003590E-10	3.003590E-10
-1.200000E-1	-1.079930E-8	1.079930E-8	-2.750013E-10	2.750013E-10
-1.100000E-1	-9.820200E-9	9.820200E-9	-2.500688E-10	2.500688E-10
-1.000000E-1	-8.482690E-9	8.482690E-9	-2.160094E-10	2.160094E-10
-9.000000E-2	-7.668410E-9	7.668410E-9	-1.952740E-10	1.952740E-10
-8.000000E-2	-6.487260E-9	6.487260E-9	-1.651963E-10	1.651963E-10
-7.000000E-2	-5.423260E-9	5.423260E-9	-1.381019E-10	1.381019E-10
-6.000000E-2	-4.360560E-9	4.360560E-9	-1.110405E-10	1.110405E-10
-5.000000E-2	-3.346730E-9	3.346730E-9	-8.522358E-11	8.522358E-11
-4.000000E-2	-2.347940E-9	2.347940E-9	-5.978966E-11	5.978966E-11
-3.000000E-2	-1.432840E-9	1.432840E-9	-3.648689E-11	3.648689E-11
-2.000000E-2	-4.961600E-10	4.961600E-10	-1.263458E-11	1.263458E-11
-1.000000E-2	3.273700E-10	3.273700E-10	8.336389E-12	8.336389E-12
0.000000E+0	1.302660E-9	1.302660E-9	3.317189E-11	3.317189E-11
1.000000E-2	2.168340E-9	2.168340E-9	5.521619E-11	5.521619E-11
2.000000E-2	3.058610E-9	3.058610E-9	7.788668E-11	7.788668E-11
3.000000E-2	3.994910E-9	3.994910E-9	1.017293E-10	1.017293E-10
4.000000E-2	4.985300E-9	4.985300E-9	1.269493E-10	1.269493E-10
5.000000E-2	6.007360E-9	6.007360E-9	1.529758E-10	1.529758E-10
6.000000E-2	7.095680E-9	7.095680E-9	1.806896E-10	1.806896E-10
7.000000E-2	8.227590E-9	8.227590E-9	2.095134E-10	2.095134E-10
8.000000E-2	9.491700E-9	9.491700E-9	2.417036E-10	2.417036E-10
9.000000E-2	1.132380E-8	1.132380E-8	2.883575E-10	2.883575E-10
1.000000E-1	1.229000E-8	1.229000E-8	3.129615E-10	3.129615E-10
1.100000E-1	1.378510E-8	1.378510E-8	3.510339E-10	3.510339E-10
1.200000E-1	1.530110E-8	1.530110E-8	3.896384E-10	3.896384E-10
1.300000E-1	1.689400E-8	1.689400E-8	4.302012E-10	4.302012E-10
1.400000E-1	1.870220E-8	1.870220E-8	4.762465E-10	4.762465E-10
1.500000E-1	2.059320E-8	2.059320E-8	5.244003E-10	5.244003E-10
1.600000E-1	2.234010E-8	2.234010E-8	5.688846E-10	5.688846E-10
1.700000E-1	2.440290E-8	2.440290E-8	6.214133E-10	6.214133E-10
1.800000E-1	2.669660E-8	2.669660E-8	6.798217E-10	6.798217E-10
1.900000E-1	2.885500E-8	2.885500E-8	7.347848E-10	7.347848E-10
2.000000E-1	3.122300E-8	3.122300E-8	7.950853E-10	7.950853E-10
2.100000E-1	3.362750E-8	3.362750E-8	8.563152E-10	8.563152E-10
2.200000E-1	3.611380E-8	3.611380E-8	9.196282E-10	9.196282E-10
2.300000E-1	3.877230E-8	3.877230E-8	9.873262E-10	9.873262E-10
2.400000E-1	4.148580E-8	4.148580E-8	1.056425E-9	1.056425E-9
2.500000E-1	4.447430E-8	4.447430E-8	1.132526E-9	1.132526E-9
2.600000E-1	4.734970E-8	4.734970E-8	1.205747E-9	1.205747E-9
2.700000E-1	5.035730E-8	5.035730E-8	1.282335E-9	1.282335E-9
2.800000E-1	5.352700E-8	5.352700E-8	1.363051E-9	1.363051E-9
2.900000E-1	5.637460E-8	5.637460E-8	1.435564E-9	1.435564E-9
3.000000E-1	5.992270E-8	5.992270E-8	1.525915E-9	1.525915E-9
3.100000E-1	6.345400E-8	6.345400E-8	1.615839E-9	1.615839E-9
3.200000E-1	6.717970E-8	6.717970E-8	1.710713E-9	1.710713E-9
3.300000E-1	7.061600E-8	7.061600E-8	1.798217E-9	1.798217E-9
3.400000E-1	7.458050E-8	7.458050E-8	1.899172E-9	1.899172E-9
3.500000E-1	7.866770E-8	7.866770E-8	2.003252E-9	2.003252E-9
3.600000E-1	8.286210E-8	8.286210E-8	2.110061E-9	2.110061E-9
3.700000E-1	8.722450E-8	8.722450E-8	2.221148E-9	2.221148E-9
3.800000E-1	9.092770E-8	9.092770E-8	2.315449E-9	2.315449E-9
3.900000E-1	9.566800E-8	9.566800E-8	2.436160E-9	2.436160E-9
4.000000E-1	9.946790E-8	9.946790E-8	2.532923E-9	2.532923E-9
4.100000E-1	1.040700E-7	1.040700E-7	2.650115E-9	2.650115E-9
4.200000E-1	1.102020E-7	1.102020E-7	2.806264E-9	2.806264E-9
4.300000E-1	1.156540E-7	1.156540E-7	2.945098E-9	2.945098E-9
4.400000E-1	1.204280E-7	1.204280E-7	3.066667E-9	3.066667E-9
4.500000E-1	1.259540E-7	1.259540E-7	3.207385E-9	3.207385E-9
4.600000E-1	1.313530E-7	1.313530E-7	3.344869E-9	3.344869E-9
4.700000E-1	1.367310E-7	1.367310E-7	3.481818E-9	3.481818E-9
4.800000E-1	1.425490E-7	1.425490E-7	3.629972E-9	3.629972E-9
4.900000E-1	1.485430E-7	1.485430E-7	3.782608E-9	3.782608E-9
5.000000E-1	1.547170E-7	1.547170E-7	3.939827E-9	3.939827E-9
