

15:56:32	22/03/21


Ell Cont: 5,0x10,0

SMU1	V name:		V1
	I name:		I1
	Mode:		V
	Function:	VAR1
SMU2	V name:		V2
	I name:		I2
	Mode:		common
	Function:	const.
SMU3	off
SMU4	off
VMUs	off

Primary Source (VAR1):	single
	Sweep Spacing:	linear
	Start:		-0.500000
	Stop:		0.500000
	Step:		0.010000
	Compliance:	0.050000
Power Compliance OFF

Timing:		Integration Time:	medium
	Delay Time (sec):	0.000000
	Hold Time (sec):	0.000000
	Wait Time (sec):	1.000000

Secondary Source (VAR2):	OFF


   V1	   I1	Abs(I)	J (A\um²)	Abs(J)
-5.000000E-1	-9.398020E-6	9.398020E-6	-2.393181E-7	2.393181E-7
-4.900000E-1	-9.088180E-6	9.088180E-6	-2.314281E-7	2.314281E-7
-4.800000E-1	-8.782210E-6	8.782210E-6	-2.236366E-7	2.236366E-7
-4.700000E-1	-8.481660E-6	8.481660E-6	-2.159832E-7	2.159832E-7
-4.600000E-1	-8.182760E-6	8.182760E-6	-2.083718E-7	2.083718E-7
-4.500000E-1	-7.891410E-6	7.891410E-6	-2.009526E-7	2.009526E-7
-4.400000E-1	-7.606420E-6	7.606420E-6	-1.936954E-7	1.936954E-7
-4.300000E-1	-7.327330E-6	7.327330E-6	-1.865885E-7	1.865885E-7
-4.200000E-1	-7.053320E-6	7.053320E-6	-1.796109E-7	1.796109E-7
-4.100000E-1	-6.785850E-6	6.785850E-6	-1.727998E-7	1.727998E-7
-4.000000E-1	-6.522000E-6	6.522000E-6	-1.660810E-7	1.660810E-7
-3.900000E-1	-6.260440E-6	6.260440E-6	-1.594204E-7	1.594204E-7
-3.800000E-1	-6.006450E-6	6.006450E-6	-1.529526E-7	1.529526E-7
-3.700000E-1	-5.751520E-6	5.751520E-6	-1.464609E-7	1.464609E-7
-3.600000E-1	-5.504860E-6	5.504860E-6	-1.401798E-7	1.401798E-7
-3.500000E-1	-5.264380E-6	5.264380E-6	-1.340560E-7	1.340560E-7
-3.400000E-1	-5.025430E-6	5.025430E-6	-1.279712E-7	1.279712E-7
-3.300000E-1	-4.790740E-6	4.790740E-6	-1.219949E-7	1.219949E-7
-3.200000E-1	-4.561190E-6	4.561190E-6	-1.161495E-7	1.161495E-7
-3.100000E-1	-4.336600E-6	4.336600E-6	-1.104304E-7	1.104304E-7
-3.000000E-1	-4.117030E-6	4.117030E-6	-1.048391E-7	1.048391E-7
-2.900000E-1	-3.900950E-6	3.900950E-6	-9.933664E-8	9.933664E-8
-2.800000E-1	-3.692030E-6	3.692030E-6	-9.401655E-8	9.401655E-8
-2.700000E-1	-3.488640E-6	3.488640E-6	-8.883728E-8	8.883728E-8
-2.600000E-1	-3.289410E-6	3.289410E-6	-8.376394E-8	8.376394E-8
-2.500000E-1	-3.093270E-6	3.093270E-6	-7.876929E-8	7.876929E-8
-2.400000E-1	-2.903020E-6	2.903020E-6	-7.392462E-8	7.392462E-8
-2.300000E-1	-2.720740E-6	2.720740E-6	-6.928291E-8	6.928291E-8
-2.200000E-1	-2.541850E-6	2.541850E-6	-6.472753E-8	6.472753E-8
-2.100000E-1	-2.368720E-6	2.368720E-6	-6.031882E-8	6.031882E-8
-2.000000E-1	-2.200050E-6	2.200050E-6	-5.602368E-8	5.602368E-8
-1.900000E-1	-2.038770E-6	2.038770E-6	-5.191673E-8	5.191673E-8
-1.800000E-1	-1.880460E-6	1.880460E-6	-4.788541E-8	4.788541E-8
-1.700000E-1	-1.730130E-6	1.730130E-6	-4.405730E-8	4.405730E-8
-1.600000E-1	-1.584910E-6	1.584910E-6	-4.035931E-8	4.035931E-8
-1.500000E-1	-1.445330E-6	1.445330E-6	-3.680494E-8	3.680494E-8
-1.400000E-1	-1.313530E-6	1.313530E-6	-3.344869E-8	3.344869E-8
-1.300000E-1	-1.186430E-6	1.186430E-6	-3.021212E-8	3.021212E-8
-1.200000E-1	-1.066360E-6	1.066360E-6	-2.715457E-8	2.715457E-8
-1.100000E-1	-9.519740E-7	9.519740E-7	-2.424176E-8	2.424176E-8
-1.000000E-1	-8.424770E-7	8.424770E-7	-2.145345E-8	2.145345E-8
-9.000000E-2	-7.386610E-7	7.386610E-7	-1.880980E-8	1.880980E-8
-8.000000E-2	-6.407400E-7	6.407400E-7	-1.631627E-8	1.631627E-8
-7.000000E-2	-5.473050E-7	5.473050E-7	-1.393697E-8	1.393697E-8
-6.000000E-2	-4.594120E-7	4.594120E-7	-1.169880E-8	1.169880E-8
-5.000000E-2	-3.751860E-7	3.751860E-7	-9.554011E-9	9.554011E-9
-4.000000E-2	-2.953070E-7	2.953070E-7	-7.519913E-9	7.519913E-9
-3.000000E-2	-2.178150E-7	2.178150E-7	-5.546600E-9	5.546600E-9
-2.000000E-2	-1.428170E-7	1.428170E-7	-3.636796E-9	3.636796E-9
-1.000000E-2	-7.061060E-8	7.061060E-8	-1.798080E-9	1.798080E-9
0.000000E+0	1.097740E-9	1.097740E-9	2.795365E-11	2.795365E-11
1.000000E-2	7.305770E-8	7.305770E-8	1.860395E-9	1.860395E-9
2.000000E-2	1.465590E-7	1.465590E-7	3.732086E-9	3.732086E-9
3.000000E-2	2.223500E-7	2.223500E-7	5.662083E-9	5.662083E-9
4.000000E-2	2.997750E-7	2.997750E-7	7.633690E-9	7.633690E-9
5.000000E-2	3.803150E-7	3.803150E-7	9.684619E-9	9.684619E-9
6.000000E-2	4.637140E-7	4.637140E-7	1.180835E-8	1.180835E-8
7.000000E-2	5.524050E-7	5.524050E-7	1.406684E-8	1.406684E-8
8.000000E-2	6.442670E-7	6.442670E-7	1.640609E-8	1.640609E-8
9.000000E-2	7.430320E-7	7.430320E-7	1.892111E-8	1.892111E-8
1.000000E-1	8.456880E-7	8.456880E-7	2.153522E-8	2.153522E-8
1.100000E-1	9.554190E-7	9.554190E-7	2.432949E-8	2.432949E-8
1.200000E-1	1.067860E-6	1.067860E-6	2.719277E-8	2.719277E-8
1.300000E-1	1.190010E-6	1.190010E-6	3.030328E-8	3.030328E-8
1.400000E-1	1.316040E-6	1.316040E-6	3.351260E-8	3.351260E-8
1.500000E-1	1.448430E-6	1.448430E-6	3.688388E-8	3.688388E-8
1.600000E-1	1.588050E-6	1.588050E-6	4.043927E-8	4.043927E-8
1.700000E-1	1.731810E-6	1.731810E-6	4.410008E-8	4.410008E-8
1.800000E-1	1.883300E-6	1.883300E-6	4.795773E-8	4.795773E-8
1.900000E-1	2.038500E-6	2.038500E-6	5.190985E-8	5.190985E-8
2.000000E-1	2.200090E-6	2.200090E-6	5.602470E-8	5.602470E-8
2.100000E-1	2.366600E-6	2.366600E-6	6.026483E-8	6.026483E-8
2.200000E-1	2.539600E-6	2.539600E-6	6.467023E-8	6.467023E-8
2.300000E-1	2.717670E-6	2.717670E-6	6.920474E-8	6.920474E-8
2.400000E-1	2.900090E-6	2.900090E-6	7.385001E-8	7.385001E-8
2.500000E-1	3.087400E-6	3.087400E-6	7.861981E-8	7.861981E-8
2.600000E-1	3.283910E-6	3.283910E-6	8.362388E-8	8.362388E-8
2.700000E-1	3.482900E-6	3.482900E-6	8.869111E-8	8.869111E-8
2.800000E-1	3.688950E-6	3.688950E-6	9.393812E-8	9.393812E-8
2.900000E-1	3.899740E-6	3.899740E-6	9.930583E-8	9.930583E-8
3.000000E-1	4.113410E-6	4.113410E-6	1.047469E-7	1.047469E-7
3.100000E-1	4.331520E-6	4.331520E-6	1.103010E-7	1.103010E-7
3.200000E-1	4.552450E-6	4.552450E-6	1.159269E-7	1.159269E-7
3.300000E-1	4.781050E-6	4.781050E-6	1.217482E-7	1.217482E-7
3.400000E-1	5.013840E-6	5.013840E-6	1.276761E-7	1.276761E-7
3.500000E-1	5.252570E-6	5.252570E-6	1.337553E-7	1.337553E-7
3.600000E-1	5.493790E-6	5.493790E-6	1.398979E-7	1.398979E-7
3.700000E-1	5.741610E-6	5.741610E-6	1.462086E-7	1.462086E-7
3.800000E-1	5.994310E-6	5.994310E-6	1.526435E-7	1.526435E-7
3.900000E-1	6.246270E-6	6.246270E-6	1.590596E-7	1.590596E-7
4.000000E-1	6.510270E-6	6.510270E-6	1.657823E-7	1.657823E-7
4.100000E-1	6.772630E-6	6.772630E-6	1.724632E-7	1.724632E-7
4.200000E-1	7.046030E-6	7.046030E-6	1.794253E-7	1.794253E-7
4.300000E-1	7.315990E-6	7.315990E-6	1.862997E-7	1.862997E-7
4.400000E-1	7.596780E-6	7.596780E-6	1.934500E-7	1.934500E-7
4.500000E-1	7.877310E-6	7.877310E-6	2.005936E-7	2.005936E-7
4.600000E-1	8.163190E-6	8.163190E-6	2.078734E-7	2.078734E-7
4.700000E-1	8.457520E-6	8.457520E-6	2.153685E-7	2.153685E-7
4.800000E-1	8.754520E-6	8.754520E-6	2.229315E-7	2.229315E-7
4.900000E-1	9.057640E-6	9.057640E-6	2.306504E-7	2.306504E-7
5.000000E-1	9.363780E-6	9.363780E-6	2.384461E-7	2.384461E-7
