

15:59:20	22/03/21


Ell Cont: 5,0x10,0

SMU1	V name:		V1
	I name:		I1
	Mode:		V
	Function:	VAR1
SMU2	V name:		V2
	I name:		I2
	Mode:		common
	Function:	const.
SMU3	off
SMU4	off
VMUs	off

Primary Source (VAR1):	single
	Sweep Spacing:	linear
	Start:		-0.500000
	Stop:		0.500000
	Step:		0.010000
	Compliance:	0.050000
Power Compliance OFF

Timing:		Integration Time:	medium
	Delay Time (sec):	0.000000
	Hold Time (sec):	0.000000
	Wait Time (sec):	1.000000

Secondary Source (VAR2):	OFF


   V1	   I1	Abs(I)	J (A\µm²)	Abs(J)
-5.000000E-1	-7.905870E-6	7.905870E-6	-2.013209E-7	2.013209E-7
-4.900000E-1	-7.627950E-6	7.627950E-6	-1.942437E-7	1.942437E-7
-4.800000E-1	-7.357220E-6	7.357220E-6	-1.873496E-7	1.873496E-7
-4.700000E-1	-7.099420E-6	7.099420E-6	-1.807848E-7	1.807848E-7
-4.600000E-1	-6.842340E-6	6.842340E-6	-1.742383E-7	1.742383E-7
-4.500000E-1	-6.589420E-6	6.589420E-6	-1.677978E-7	1.677978E-7
-4.400000E-1	-6.344380E-6	6.344380E-6	-1.615579E-7	1.615579E-7
-4.300000E-1	-6.101340E-6	6.101340E-6	-1.553690E-7	1.553690E-7
-4.200000E-1	-5.864130E-6	5.864130E-6	-1.493285E-7	1.493285E-7
-4.100000E-1	-5.628010E-6	5.628010E-6	-1.433158E-7	1.433158E-7
-4.000000E-1	-5.401830E-6	5.401830E-6	-1.375561E-7	1.375561E-7
-3.900000E-1	-5.176980E-6	5.176980E-6	-1.318304E-7	1.318304E-7
-3.800000E-1	-4.958030E-6	4.958030E-6	-1.262549E-7	1.262549E-7
-3.700000E-1	-4.742390E-6	4.742390E-6	-1.207637E-7	1.207637E-7
-3.600000E-1	-4.530600E-6	4.530600E-6	-1.153705E-7	1.153705E-7
-3.500000E-1	-4.322300E-6	4.322300E-6	-1.100662E-7	1.100662E-7
-3.400000E-1	-4.120800E-6	4.120800E-6	-1.049351E-7	1.049351E-7
-3.300000E-1	-3.920040E-6	3.920040E-6	-9.982276E-8	9.982276E-8
-3.200000E-1	-3.725140E-6	3.725140E-6	-9.485969E-8	9.485969E-8
-3.100000E-1	-3.531490E-6	3.531490E-6	-8.992844E-8	8.992844E-8
-3.000000E-1	-3.346130E-6	3.346130E-6	-8.520830E-8	8.520830E-8
-2.900000E-1	-3.167190E-6	3.167190E-6	-8.065164E-8	8.065164E-8
-2.800000E-1	-2.989350E-6	2.989350E-6	-7.612299E-8	7.612299E-8
-2.700000E-1	-2.818710E-6	2.818710E-6	-7.177769E-8	7.177769E-8
-2.600000E-1	-2.649910E-6	2.649910E-6	-6.747925E-8	6.747925E-8
-2.500000E-1	-2.486680E-6	2.486680E-6	-6.332264E-8	6.332264E-8
-2.400000E-1	-2.327370E-6	2.327370E-6	-5.926585E-8	5.926585E-8
-2.300000E-1	-2.174550E-6	2.174550E-6	-5.537433E-8	5.537433E-8
-2.200000E-1	-2.024880E-6	2.024880E-6	-5.156302E-8	5.156302E-8
-2.100000E-1	-1.881200E-6	1.881200E-6	-4.790425E-8	4.790425E-8
-2.000000E-1	-1.741250E-6	1.741250E-6	-4.434046E-8	4.434046E-8
-1.900000E-1	-1.607610E-6	1.607610E-6	-4.093736E-8	4.093736E-8
-1.800000E-1	-1.478110E-6	1.478110E-6	-3.763967E-8	3.763967E-8
-1.700000E-1	-1.354810E-6	1.354810E-6	-3.449987E-8	3.449987E-8
-1.600000E-1	-1.237370E-6	1.237370E-6	-3.150929E-8	3.150929E-8
-1.500000E-1	-1.124950E-6	1.124950E-6	-2.864655E-8	2.864655E-8
-1.400000E-1	-1.018130E-6	1.018130E-6	-2.592641E-8	2.592641E-8
-1.300000E-1	-9.176850E-7	9.176850E-7	-2.336860E-8	2.336860E-8
-1.200000E-1	-8.213150E-7	8.213150E-7	-2.091457E-8	2.091457E-8
-1.100000E-1	-7.298420E-7	7.298420E-7	-1.858523E-8	1.858523E-8
-1.000000E-1	-6.443040E-7	6.443040E-7	-1.640703E-8	1.640703E-8
-9.000000E-2	-5.626150E-7	5.626150E-7	-1.432684E-8	1.432684E-8
-8.000000E-2	-4.865560E-7	4.865560E-7	-1.239002E-8	1.239002E-8
-7.000000E-2	-4.144820E-7	4.144820E-7	-1.055467E-8	1.055467E-8
-6.000000E-2	-3.471090E-7	3.471090E-7	-8.839037E-9	8.839037E-9
-5.000000E-2	-2.824760E-7	2.824760E-7	-7.193175E-9	7.193175E-9
-4.000000E-2	-2.216720E-7	2.216720E-7	-5.644818E-9	5.644818E-9
-3.000000E-2	-1.629340E-7	1.629340E-7	-4.149070E-9	4.149070E-9
-2.000000E-2	-1.062540E-7	1.062540E-7	-2.705730E-9	2.705730E-9
-1.000000E-2	-5.234170E-8	5.234170E-8	-1.332867E-9	1.332867E-9
0.000000E+0	1.175290E-9	1.175290E-9	2.992844E-11	2.992844E-11
1.000000E-2	5.526450E-8	5.526450E-8	1.407296E-9	1.407296E-9
2.000000E-2	1.104760E-7	1.104760E-7	2.813242E-9	2.813242E-9
3.000000E-2	1.680240E-7	1.680240E-7	4.278686E-9	4.278686E-9
4.000000E-2	2.268420E-7	2.268420E-7	5.776471E-9	5.776471E-9
5.000000E-2	2.880510E-7	2.880510E-7	7.335141E-9	7.335141E-9
6.000000E-2	3.520110E-7	3.520110E-7	8.963865E-9	8.963865E-9
7.000000E-2	4.201480E-7	4.201480E-7	1.069896E-8	1.069896E-8
8.000000E-2	4.918650E-7	4.918650E-7	1.252521E-8	1.252521E-8
9.000000E-2	5.683060E-7	5.683060E-7	1.447176E-8	1.447176E-8
1.000000E-1	6.487550E-7	6.487550E-7	1.652037E-8	1.652037E-8
1.100000E-1	7.352690E-7	7.352690E-7	1.872343E-8	1.872343E-8
1.200000E-1	8.253880E-7	8.253880E-7	2.101828E-8	2.101828E-8
1.300000E-1	9.215340E-7	9.215340E-7	2.346662E-8	2.346662E-8
1.400000E-1	1.021480E-6	1.021480E-6	2.601171E-8	2.601171E-8
1.500000E-1	1.130070E-6	1.130070E-6	2.877693E-8	2.877693E-8
1.600000E-1	1.242420E-6	1.242420E-6	3.163789E-8	3.163789E-8
1.700000E-1	1.359500E-6	1.359500E-6	3.461930E-8	3.461930E-8
1.800000E-1	1.481890E-6	1.481890E-6	3.773593E-8	3.773593E-8
1.900000E-1	1.609330E-6	1.609330E-6	4.098116E-8	4.098116E-8
2.000000E-1	1.743600E-6	1.743600E-6	4.440031E-8	4.440031E-8
2.100000E-1	1.881450E-6	1.881450E-6	4.791062E-8	4.791062E-8
2.200000E-1	2.024240E-6	2.024240E-6	5.154673E-8	5.154673E-8
2.300000E-1	2.171180E-6	2.171180E-6	5.528851E-8	5.528851E-8
2.400000E-1	2.324800E-6	2.324800E-6	5.920041E-8	5.920041E-8
2.500000E-1	2.482660E-6	2.482660E-6	6.322027E-8	6.322027E-8
2.600000E-1	2.645890E-6	2.645890E-6	6.737688E-8	6.737688E-8
2.700000E-1	2.814000E-6	2.814000E-6	7.165775E-8	7.165775E-8
2.800000E-1	2.984500E-6	2.984500E-6	7.599949E-8	7.599949E-8
2.900000E-1	3.162770E-6	3.162770E-6	8.053909E-8	8.053909E-8
3.000000E-1	3.343720E-6	3.343720E-6	8.514693E-8	8.514693E-8
3.100000E-1	3.529120E-6	3.529120E-6	8.986809E-8	8.986809E-8
3.200000E-1	3.718120E-6	3.718120E-6	9.468093E-8	9.468093E-8
3.300000E-1	3.913310E-6	3.913310E-6	9.965139E-8	9.965139E-8
3.400000E-1	4.110620E-6	4.110620E-6	1.046758E-7	1.046758E-7
3.500000E-1	4.314170E-6	4.314170E-6	1.098592E-7	1.098592E-7
3.600000E-1	4.518700E-6	4.518700E-6	1.150675E-7	1.150675E-7
3.700000E-1	4.730850E-6	4.730850E-6	1.204698E-7	1.204698E-7
3.800000E-1	4.945680E-6	4.945680E-6	1.259404E-7	1.259404E-7
3.900000E-1	5.166730E-6	5.166730E-6	1.315694E-7	1.315694E-7
4.000000E-1	5.390510E-6	5.390510E-6	1.372679E-7	1.372679E-7
4.100000E-1	5.618600E-6	5.618600E-6	1.430761E-7	1.430761E-7
4.200000E-1	5.850220E-6	5.850220E-6	1.489743E-7	1.489743E-7
4.300000E-1	6.085210E-6	6.085210E-6	1.549582E-7	1.549582E-7
4.400000E-1	6.324990E-6	6.324990E-6	1.610642E-7	1.610642E-7
4.500000E-1	6.569780E-6	6.569780E-6	1.672977E-7	1.672977E-7
4.600000E-1	6.819900E-6	6.819900E-6	1.736669E-7	1.736669E-7
4.700000E-1	7.066200E-6	7.066200E-6	1.799389E-7	1.799389E-7
4.800000E-1	7.324040E-6	7.324040E-6	1.865047E-7	1.865047E-7
4.900000E-1	7.586650E-6	7.586650E-6	1.931920E-7	1.931920E-7
5.000000E-1	7.848610E-6	7.848610E-6	1.998627E-7	1.998627E-7
