

15:43:19	22/03/21


Ell Cont: 5,0x10,0

SMU1	V name:		V1
	I name:		I1
	Mode:		V
	Function:	VAR1
SMU2	V name:		V2
	I name:		I2
	Mode:		common
	Function:	const.
SMU3	off
SMU4	off
VMUs	off

Primary Source (VAR1):	single
	Sweep Spacing:	linear
	Start:		-0.500000
	Stop:		0.500000
	Step:		0.010000
	Compliance:	0.050000
Power Compliance OFF

Timing:		Integration Time:	medium
	Delay Time (sec):	0.000000
	Hold Time (sec):	0.000000
	Wait Time (sec):	1.000000

Secondary Source (VAR2):	OFF


   V1	   I1	Abs(I)	J (A\µm²)	Abs(J)
-5.000000E-1	-2.095130E-7	2.095130E-7	-5.335192E-9	5.335192E-9
-4.900000E-1	-2.073030E-7	2.073030E-7	-5.278915E-9	5.278915E-9
-4.800000E-1	-1.994030E-7	1.994030E-7	-5.077744E-9	5.077744E-9
-4.700000E-1	-1.944830E-7	1.944830E-7	-4.952457E-9	4.952457E-9
-4.600000E-1	-1.916280E-7	1.916280E-7	-4.879755E-9	4.879755E-9
-4.500000E-1	-1.772560E-7	1.772560E-7	-4.513776E-9	4.513776E-9
-4.400000E-1	-1.704170E-7	1.704170E-7	-4.339623E-9	4.339623E-9
-4.300000E-1	-1.641930E-7	1.641930E-7	-4.181131E-9	4.181131E-9
-4.200000E-1	-1.583510E-7	1.583510E-7	-4.032366E-9	4.032366E-9
-4.100000E-1	-1.513450E-7	1.513450E-7	-3.853960E-9	3.853960E-9
-4.000000E-1	-1.466190E-7	1.466190E-7	-3.733613E-9	3.733613E-9
-3.900000E-1	-1.430080E-7	1.430080E-7	-3.641660E-9	3.641660E-9
-3.800000E-1	-1.431720E-7	1.431720E-7	-3.645836E-9	3.645836E-9
-3.700000E-1	-1.347380E-7	1.347380E-7	-3.431067E-9	3.431067E-9
-3.600000E-1	-1.280840E-7	1.280840E-7	-3.261625E-9	3.261625E-9
-3.500000E-1	-1.252420E-7	1.252420E-7	-3.189254E-9	3.189254E-9
-3.400000E-1	-1.190100E-7	1.190100E-7	-3.030558E-9	3.030558E-9
-3.300000E-1	-1.146650E-7	1.146650E-7	-2.919913E-9	2.919913E-9
-3.200000E-1	-1.084740E-7	1.084740E-7	-2.762261E-9	2.762261E-9
-3.100000E-1	-1.048330E-7	1.048330E-7	-2.669544E-9	2.669544E-9
-3.000000E-1	-1.012126E-7	1.012126E-7	-2.577352E-9	2.577352E-9
-2.900000E-1	-9.686640E-8	9.686640E-8	-2.466677E-9	2.466677E-9
-2.800000E-1	-9.227250E-8	9.227250E-8	-2.349694E-9	2.349694E-9
-2.700000E-1	-8.778520E-8	8.778520E-8	-2.235427E-9	2.235427E-9
-2.600000E-1	-8.335440E-8	8.335440E-8	-2.122597E-9	2.122597E-9
-2.500000E-1	-8.004170E-8	8.004170E-8	-2.038240E-9	2.038240E-9
-2.400000E-1	-7.747040E-8	7.747040E-8	-1.972763E-9	1.972763E-9
-2.300000E-1	-7.227230E-8	7.227230E-8	-1.840395E-9	1.840395E-9
-2.200000E-1	-6.825380E-8	6.825380E-8	-1.738065E-9	1.738065E-9
-2.100000E-1	-6.331860E-8	6.331860E-8	-1.612391E-9	1.612391E-9
-2.000000E-1	-5.940650E-8	5.940650E-8	-1.512771E-9	1.512771E-9
-1.900000E-1	-5.558580E-8	5.558580E-8	-1.415477E-9	1.415477E-9
-1.800000E-1	-5.289790E-8	5.289790E-8	-1.347031E-9	1.347031E-9
-1.700000E-1	-5.319180E-8	5.319180E-8	-1.354515E-9	1.354515E-9
-1.600000E-1	-5.068300E-8	5.068300E-8	-1.290629E-9	1.290629E-9
-1.500000E-1	-4.507320E-8	4.507320E-8	-1.147777E-9	1.147777E-9
-1.400000E-1	-4.744420E-8	4.744420E-8	-1.208154E-9	1.208154E-9
-1.300000E-1	-4.622570E-8	4.622570E-8	-1.177125E-9	1.177125E-9
-1.200000E-1	-5.026790E-8	5.026790E-8	-1.280059E-9	1.280059E-9
-1.100000E-1	-4.688810E-8	4.688810E-8	-1.193993E-9	1.193993E-9
-1.000000E-1	-4.120770E-8	4.120770E-8	-1.049343E-9	1.049343E-9
-9.000000E-2	-3.756850E-8	3.756850E-8	-9.566717E-10	9.566717E-10
-8.000000E-2	-3.360830E-8	3.360830E-8	-8.558263E-10	8.558263E-10
-7.000000E-2	-2.478420E-8	2.478420E-8	-6.311230E-10	6.311230E-10
-6.000000E-2	-2.114560E-8	2.114560E-8	-5.384670E-10	5.384670E-10
-5.000000E-2	-1.786550E-8	1.786550E-8	-4.549402E-10	4.549402E-10
-4.000000E-2	-1.419890E-8	1.419890E-8	-3.615712E-10	3.615712E-10
-3.000000E-2	-1.082170E-8	1.082170E-8	-2.755717E-10	2.755717E-10
-2.000000E-2	-7.166240E-9	7.166240E-9	-1.824864E-10	1.824864E-10
-1.000000E-2	-3.639460E-9	3.639460E-9	-9.267787E-11	9.267787E-11
0.000000E+0	7.040000E-12	7.040000E-12	1.792717E-13	1.792717E-13
1.000000E-2	3.518040E-9	3.518040E-9	8.958594E-11	8.958594E-11
2.000000E-2	7.329920E-9	7.329920E-9	1.866544E-10	1.866544E-10
3.000000E-2	1.082810E-8	1.082810E-8	2.757347E-10	2.757347E-10
4.000000E-2	1.445850E-8	1.445850E-8	3.681818E-10	3.681818E-10
5.000000E-2	1.846970E-8	1.846970E-8	4.703259E-10	4.703259E-10
6.000000E-2	2.260580E-8	2.260580E-8	5.756506E-10	5.756506E-10
7.000000E-2	2.609660E-8	2.609660E-8	6.645429E-10	6.645429E-10
8.000000E-2	3.072510E-8	3.072510E-8	7.824064E-10	7.824064E-10
9.000000E-2	3.483620E-8	3.483620E-8	8.870945E-10	8.870945E-10
1.000000E-1	3.083250E-8	3.083250E-8	7.851413E-10	7.851413E-10
1.100000E-1	4.387080E-8	4.387080E-8	1.117158E-9	1.117158E-9
1.200000E-1	4.473260E-8	4.473260E-8	1.139104E-9	1.139104E-9
1.300000E-1	5.152500E-8	5.152500E-8	1.312070E-9	1.312070E-9
1.400000E-1	5.609050E-8	5.609050E-8	1.428329E-9	1.428329E-9
1.500000E-1	5.957850E-8	5.957850E-8	1.517150E-9	1.517150E-9
1.600000E-1	6.514420E-8	6.514420E-8	1.658880E-9	1.658880E-9
1.700000E-1	7.024010E-8	7.024010E-8	1.788645E-9	1.788645E-9
1.800000E-1	7.422630E-8	7.422630E-8	1.890153E-9	1.890153E-9
1.900000E-1	7.909490E-8	7.909490E-8	2.014130E-9	2.014130E-9
2.000000E-1	8.348580E-8	8.348580E-8	2.125943E-9	2.125943E-9
2.100000E-1	8.495690E-8	8.495690E-8	2.163405E-9	2.163405E-9
2.200000E-1	9.275270E-8	9.275270E-8	2.361923E-9	2.361923E-9
2.300000E-1	9.611830E-8	9.611830E-8	2.447627E-9	2.447627E-9
2.400000E-1	9.868600E-8	9.868600E-8	2.513012E-9	2.513012E-9
2.500000E-1	1.029966E-7	1.029966E-7	2.622781E-9	2.622781E-9
2.600000E-1	1.079225E-7	1.079225E-7	2.748217E-9	2.748217E-9
2.700000E-1	1.167730E-7	1.167730E-7	2.973593E-9	2.973593E-9
2.800000E-1	1.236870E-7	1.236870E-7	3.149656E-9	3.149656E-9
2.900000E-1	1.279630E-7	1.279630E-7	3.258543E-9	3.258543E-9
3.000000E-1	1.294660E-7	1.294660E-7	3.296817E-9	3.296817E-9
3.100000E-1	1.361020E-7	1.361020E-7	3.465801E-9	3.465801E-9
3.200000E-1	1.471870E-7	1.471870E-7	3.748077E-9	3.748077E-9
3.300000E-1	1.566300E-7	1.566300E-7	3.988541E-9	3.988541E-9
3.400000E-1	1.696480E-7	1.696480E-7	4.320041E-9	4.320041E-9
3.500000E-1	1.677580E-7	1.677580E-7	4.271912E-9	4.271912E-9
3.600000E-1	1.806850E-7	1.806850E-7	4.601095E-9	4.601095E-9
3.700000E-1	1.869340E-7	1.869340E-7	4.760224E-9	4.760224E-9
3.800000E-1	1.937000E-7	1.937000E-7	4.932518E-9	4.932518E-9
3.900000E-1	1.952220E-7	1.952220E-7	4.971276E-9	4.971276E-9
4.000000E-1	1.954700E-7	1.954700E-7	4.977591E-9	4.977591E-9
4.100000E-1	2.061780E-7	2.061780E-7	5.250267E-9	5.250267E-9
4.200000E-1	2.026580E-7	2.026580E-7	5.160631E-9	5.160631E-9
4.300000E-1	1.965950E-7	1.965950E-7	5.006239E-9	5.006239E-9
4.400000E-1	2.054330E-7	2.054330E-7	5.231296E-9	5.231296E-9
4.500000E-1	2.080570E-7	2.080570E-7	5.298116E-9	5.298116E-9
4.600000E-1	2.189350E-7	2.189350E-7	5.575121E-9	5.575121E-9
4.700000E-1	2.199880E-7	2.199880E-7	5.601935E-9	5.601935E-9
4.800000E-1	2.233980E-7	2.233980E-7	5.688770E-9	5.688770E-9
4.900000E-1	3.083650E-7	3.083650E-7	7.852432E-9	7.852432E-9
5.000000E-1	7.460280E-7	7.460280E-7	1.899740E-8	1.899740E-8
