

15:32:10	22/03/21


Ell Cont: 5,0x10,0

SMU1	V name:		V1
	I name:		I1
	Mode:		V
	Function:	VAR1
SMU2	V name:		V2
	I name:		I2
	Mode:		common
	Function:	const.
SMU3	off
SMU4	off
VMUs	off

Primary Source (VAR1):	single
	Sweep Spacing:	linear
	Start:		-0.500000
	Stop:		0.500000
	Step:		0.010000
	Compliance:	0.050000
Power Compliance OFF

Timing:		Integration Time:	medium
	Delay Time (sec):	0.000000
	Hold Time (sec):	0.000000
	Wait Time (sec):	1.000000

Secondary Source (VAR2):	OFF


   V1	   I1	Abs(I)	J (A\um²)	Abs(J)
-5.000000E-1	-1.196290E-9	1.196290E-9	-3.046320E-11	3.046320E-11
-4.900000E-1	-1.240180E-9	1.240180E-9	-3.158085E-11	3.158085E-11
-4.800000E-1	-1.174510E-9	1.174510E-9	-2.990858E-11	2.990858E-11
-4.700000E-1	-1.142930E-9	1.142930E-9	-2.910441E-11	2.910441E-11
-4.600000E-1	-1.141620E-9	1.141620E-9	-2.907105E-11	2.907105E-11
-4.500000E-1	-1.056400E-9	1.056400E-9	-2.690094E-11	2.690094E-11
-4.400000E-1	-1.011560E-9	1.011560E-9	-2.575910E-11	2.575910E-11
-4.300000E-1	-9.757000E-10	9.757000E-10	-2.484594E-11	2.484594E-11
-4.200000E-1	-1.000200E-9	1.000200E-9	-2.546982E-11	2.546982E-11
-4.100000E-1	-9.665200E-10	9.665200E-10	-2.461217E-11	2.461217E-11
-4.000000E-1	-8.923100E-10	8.923100E-10	-2.272243E-11	2.272243E-11
-3.900000E-1	-9.048700E-10	9.048700E-10	-2.304227E-11	2.304227E-11
-3.800000E-1	-8.695900E-10	8.695900E-10	-2.214388E-11	2.214388E-11
-3.700000E-1	-8.229800E-10	8.229800E-10	-2.095696E-11	2.095696E-11
-3.600000E-1	-7.974200E-10	7.974200E-10	-2.030609E-11	2.030609E-11
-3.500000E-1	-7.764400E-10	7.764400E-10	-1.977184E-11	1.977184E-11
-3.400000E-1	-7.075700E-10	7.075700E-10	-1.801808E-11	1.801808E-11
-3.300000E-1	-6.639200E-10	6.639200E-10	-1.690654E-11	1.690654E-11
-3.200000E-1	-6.508100E-10	6.508100E-10	-1.657270E-11	1.657270E-11
-3.100000E-1	-6.363200E-10	6.363200E-10	-1.620372E-11	1.620372E-11
-3.000000E-1	-6.170200E-10	6.170200E-10	-1.571225E-11	1.571225E-11
-2.900000E-1	-5.667800E-10	5.667800E-10	-1.443290E-11	1.443290E-11
-2.800000E-1	-5.271800E-10	5.271800E-10	-1.342450E-11	1.342450E-11
-2.700000E-1	-5.268900E-10	5.268900E-10	-1.341711E-11	1.341711E-11
-2.600000E-1	-4.973000E-10	4.973000E-10	-1.266361E-11	1.266361E-11
-2.500000E-1	-4.942000E-10	4.942000E-10	-1.258467E-11	1.258467E-11
-2.400000E-1	-4.561800E-10	4.561800E-10	-1.161650E-11	1.161650E-11
-2.300000E-1	-4.509100E-10	4.509100E-10	-1.148230E-11	1.148230E-11
-2.200000E-1	-4.216900E-10	4.216900E-10	-1.073822E-11	1.073822E-11
-2.100000E-1	-4.114100E-10	4.114100E-10	-1.047645E-11	1.047645E-11
-2.000000E-1	-3.906300E-10	3.906300E-10	-9.947288E-12	9.947288E-12
-1.900000E-1	-3.860200E-10	3.860200E-10	-9.829895E-12	9.829895E-12
-1.800000E-1	-3.289400E-10	3.289400E-10	-8.376369E-12	8.376369E-12
-1.700000E-1	-3.292000E-10	3.292000E-10	-8.382989E-12	8.382989E-12
-1.600000E-1	-2.868600E-10	2.868600E-10	-7.304813E-12	7.304813E-12
-1.500000E-1	-2.882700E-10	2.882700E-10	-7.340718E-12	7.340718E-12
-1.400000E-1	-2.607500E-10	2.607500E-10	-6.639929E-12	6.639929E-12
-1.300000E-1	-2.601800E-10	2.601800E-10	-6.625414E-12	6.625414E-12
-1.200000E-1	-2.309200E-10	2.309200E-10	-5.880316E-12	5.880316E-12
-1.100000E-1	-2.170500E-10	2.170500E-10	-5.527120E-12	5.527120E-12
-1.000000E-1	-1.869800E-10	1.869800E-10	-4.761395E-12	4.761395E-12
-9.000000E-2	-1.832700E-10	1.832700E-10	-4.666921E-12	4.666921E-12
-8.000000E-2	-1.631100E-10	1.631100E-10	-4.153552E-12	4.153552E-12
-7.000000E-2	-1.429500E-10	1.429500E-10	-3.640183E-12	3.640183E-12
-6.000000E-2	-1.210100E-10	1.210100E-10	-3.081487E-12	3.081487E-12
-5.000000E-2	-9.320000E-11	9.320000E-11	-2.373313E-12	2.373313E-12
-4.000000E-2	-8.175000E-11	8.175000E-11	-2.081742E-12	2.081742E-12
-3.000000E-2	-6.093000E-11	6.093000E-11	-1.551566E-12	1.551566E-12
-2.000000E-2	-3.408000E-11	3.408000E-11	-8.678380E-13	8.678380E-13
-1.000000E-2	-1.538000E-11	1.538000E-11	-3.916476E-13	3.916476E-13
0.000000E+0	4.150000E-12	4.150000E-12	1.056786E-13	1.056786E-13
1.000000E-2	2.711000E-11	2.711000E-11	6.903489E-13	6.903489E-13
2.000000E-2	5.013000E-11	5.013000E-11	1.276547E-12	1.276547E-12
3.000000E-2	6.546000E-11	6.546000E-11	1.666921E-12	1.666921E-12
4.000000E-2	9.183000E-11	9.183000E-11	2.338426E-12	2.338426E-12
5.000000E-2	1.138800E-10	1.138800E-10	2.899924E-12	2.899924E-12
6.000000E-2	1.197400E-10	1.197400E-10	3.049147E-12	3.049147E-12
7.000000E-2	1.380000E-10	1.380000E-10	3.514133E-12	3.514133E-12
8.000000E-2	1.649300E-10	1.649300E-10	4.199898E-12	4.199898E-12
9.000000E-2	1.883400E-10	1.883400E-10	4.796027E-12	4.796027E-12
1.000000E-1	2.117800E-10	2.117800E-10	5.392921E-12	5.392921E-12
1.100000E-1	2.327400E-10	2.327400E-10	5.926662E-12	5.926662E-12
1.200000E-1	2.538300E-10	2.538300E-10	6.463713E-12	6.463713E-12
1.300000E-1	2.604300E-10	2.604300E-10	6.631780E-12	6.631780E-12
1.400000E-1	3.013900E-10	3.013900E-10	7.674815E-12	7.674815E-12
1.500000E-1	3.010300E-10	3.010300E-10	7.665648E-12	7.665648E-12
1.600000E-1	3.355100E-10	3.355100E-10	8.543672E-12	8.543672E-12
1.700000E-1	3.711100E-10	3.711100E-10	9.450216E-12	9.450216E-12
1.800000E-1	3.987300E-10	3.987300E-10	1.015355E-11	1.015355E-11
1.900000E-1	4.012800E-10	4.012800E-10	1.021849E-11	1.021849E-11
2.000000E-1	4.369100E-10	4.369100E-10	1.112580E-11	1.112580E-11
2.100000E-1	4.714400E-10	4.714400E-10	1.200509E-11	1.200509E-11
2.200000E-1	4.892200E-10	4.892200E-10	1.245786E-11	1.245786E-11
2.300000E-1	5.634300E-10	5.634300E-10	1.434759E-11	1.434759E-11
2.400000E-1	6.148600E-10	6.148600E-10	1.565724E-11	1.565724E-11
2.500000E-1	6.195000E-10	6.195000E-10	1.577540E-11	1.577540E-11
2.600000E-1	6.485200E-10	6.485200E-10	1.651439E-11	1.651439E-11
2.700000E-1	7.057300E-10	7.057300E-10	1.797122E-11	1.797122E-11
2.800000E-1	7.655400E-10	7.655400E-10	1.949427E-11	1.949427E-11
2.900000E-1	8.937000E-10	8.937000E-10	2.275783E-11	2.275783E-11
3.000000E-1	8.949900E-10	8.949900E-10	2.279068E-11	2.279068E-11
3.100000E-1	9.029100E-10	9.029100E-10	2.299236E-11	2.299236E-11
3.200000E-1	8.974400E-10	8.974400E-10	2.285307E-11	2.285307E-11
3.300000E-1	9.752800E-10	9.752800E-10	2.483524E-11	2.483524E-11
3.400000E-1	1.030870E-9	1.030870E-9	2.625083E-11	2.625083E-11
3.500000E-1	1.035880E-9	1.035880E-9	2.637841E-11	2.637841E-11
3.600000E-1	1.035470E-9	1.035470E-9	2.636797E-11	2.636797E-11
3.700000E-1	1.065110E-9	1.065110E-9	2.712274E-11	2.712274E-11
3.800000E-1	2.121570E-9	2.121570E-9	5.402521E-11	5.402521E-11
3.900000E-1	2.205160E-9	2.205160E-9	5.615381E-11	5.615381E-11
4.000000E-1	2.212700E-9	2.212700E-9	5.634581E-11	5.634581E-11
4.100000E-1	2.369880E-9	2.369880E-9	6.034836E-11	6.034836E-11
4.200000E-1	2.392370E-9	2.392370E-9	6.092106E-11	6.092106E-11
4.300000E-1	2.400270E-9	2.400270E-9	6.112223E-11	6.112223E-11
4.400000E-1	2.710110E-9	2.710110E-9	6.901222E-11	6.901222E-11
4.500000E-1	2.753760E-9	2.753760E-9	7.012376E-11	7.012376E-11
4.600000E-1	6.988680E-9	6.988680E-9	1.779649E-10	1.779649E-10
4.700000E-1	5.033890E-9	5.033890E-9	1.281867E-10	1.281867E-10
4.800000E-1	5.306810E-9	5.306810E-9	1.351365E-10	1.351365E-10
4.900000E-1	6.429230E-9	6.429230E-9	1.637186E-10	1.637186E-10
5.000000E-1	7.278860E-9	7.278860E-9	1.853542E-10	1.853542E-10
