

16:00:09	22/03/21


Ell Cont: 5,0x10,0

SMU1	V name:		V1
	I name:		I1
	Mode:		V
	Function:	VAR1
SMU2	V name:		V2
	I name:		I2
	Mode:		common
	Function:	const.
SMU3	off
SMU4	off
VMUs	off

Primary Source (VAR1):	single
	Sweep Spacing:	linear
	Start:		-0.500000
	Stop:		0.500000
	Step:		0.010000
	Compliance:	0.050000
Power Compliance OFF

Timing:		Integration Time:	medium
	Delay Time (sec):	0.000000
	Hold Time (sec):	0.000000
	Wait Time (sec):	1.000000

Secondary Source (VAR2):	OFF


   V1	   I1	Abs(I)	J (A\um²)	Abs(J)
-5.000000E-1	-5.483830E-6	5.483830E-6	-1.396443E-7	1.396443E-7
-4.900000E-1	-5.281270E-6	5.281270E-6	-1.344861E-7	1.344861E-7
-4.800000E-1	-5.088350E-6	5.088350E-6	-1.295735E-7	1.295735E-7
-4.700000E-1	-4.900250E-6	4.900250E-6	-1.247835E-7	1.247835E-7
-4.600000E-1	-4.716300E-6	4.716300E-6	-1.200993E-7	1.200993E-7
-4.500000E-1	-4.537900E-6	4.537900E-6	-1.155564E-7	1.155564E-7
-4.400000E-1	-4.363340E-6	4.363340E-6	-1.111113E-7	1.111113E-7
-4.300000E-1	-4.187600E-6	4.187600E-6	-1.066361E-7	1.066361E-7
-4.200000E-1	-4.017380E-6	4.017380E-6	-1.023015E-7	1.023015E-7
-4.100000E-1	-3.850230E-6	3.850230E-6	-9.804507E-8	9.804507E-8
-4.000000E-1	-3.685850E-6	3.685850E-6	-9.385918E-8	9.385918E-8
-3.900000E-1	-3.524390E-6	3.524390E-6	-8.974764E-8	8.974764E-8
-3.800000E-1	-3.369040E-6	3.369040E-6	-8.579170E-8	8.579170E-8
-3.700000E-1	-3.215260E-6	3.215260E-6	-8.187573E-8	8.187573E-8
-3.600000E-1	-3.065370E-6	3.065370E-6	-7.805882E-8	7.805882E-8
-3.500000E-1	-2.917960E-6	2.917960E-6	-7.430507E-8	7.430507E-8
-3.400000E-1	-2.773930E-6	2.773930E-6	-7.063738E-8	7.063738E-8
-3.300000E-1	-2.632720E-6	2.632720E-6	-6.704151E-8	6.704151E-8
-3.200000E-1	-2.496620E-6	2.496620E-6	-6.357576E-8	6.357576E-8
-3.100000E-1	-2.362090E-6	2.362090E-6	-6.014999E-8	6.014999E-8
-3.000000E-1	-2.230720E-6	2.230720E-6	-5.680468E-8	5.680468E-8
-2.900000E-1	-2.105080E-6	2.105080E-6	-5.360530E-8	5.360530E-8
-2.800000E-1	-1.981180E-6	1.981180E-6	-5.045022E-8	5.045022E-8
-2.700000E-1	-1.862580E-6	1.862580E-6	-4.743010E-8	4.743010E-8
-2.600000E-1	-1.747020E-6	1.747020E-6	-4.448739E-8	4.448739E-8
-2.500000E-1	-1.635310E-6	1.635310E-6	-4.164273E-8	4.164273E-8
-2.400000E-1	-1.526700E-6	1.526700E-6	-3.887700E-8	3.887700E-8
-2.300000E-1	-1.422260E-6	1.422260E-6	-3.621747E-8	3.621747E-8
-2.200000E-1	-1.321000E-6	1.321000E-6	-3.363891E-8	3.363891E-8
-2.100000E-1	-1.222710E-6	1.222710E-6	-3.113598E-8	3.113598E-8
-2.000000E-1	-1.128950E-6	1.128950E-6	-2.874841E-8	2.874841E-8
-1.900000E-1	-1.039900E-6	1.039900E-6	-2.648077E-8	2.648077E-8
-1.800000E-1	-9.544030E-7	9.544030E-7	-2.430362E-8	2.430362E-8
-1.700000E-1	-8.717180E-7	8.717180E-7	-2.219806E-8	2.219806E-8
-1.600000E-1	-7.938640E-7	7.938640E-7	-2.021553E-8	2.021553E-8
-1.500000E-1	-7.194400E-7	7.194400E-7	-1.832035E-8	1.832035E-8
-1.400000E-1	-6.501310E-7	6.501310E-7	-1.655541E-8	1.655541E-8
-1.300000E-1	-5.832440E-7	5.832440E-7	-1.485215E-8	1.485215E-8
-1.200000E-1	-5.207870E-7	5.207870E-7	-1.326170E-8	1.326170E-8
-1.100000E-1	-4.616000E-7	4.616000E-7	-1.175452E-8	1.175452E-8
-1.000000E-1	-4.064190E-7	4.064190E-7	-1.034935E-8	1.034935E-8
-9.000000E-2	-3.542090E-7	3.542090E-7	-9.019837E-9	9.019837E-9
-8.000000E-2	-3.057590E-7	3.057590E-7	-7.786071E-9	7.786071E-9
-7.000000E-2	-2.599770E-7	2.599770E-7	-6.620244E-9	6.620244E-9
-6.000000E-2	-2.171840E-7	2.171840E-7	-5.530532E-9	5.530532E-9
-5.000000E-2	-1.765170E-7	1.765170E-7	-4.494958E-9	4.494958E-9
-4.000000E-2	-1.381530E-7	1.381530E-7	-3.518029E-9	3.518029E-9
-3.000000E-2	-1.020124E-7	1.020124E-7	-2.597718E-9	2.597718E-9
-2.000000E-2	-6.598030E-8	6.598030E-8	-1.680171E-9	1.680171E-9
-1.000000E-2	-3.161590E-8	3.161590E-8	-8.050904E-10	8.050904E-10
0.000000E+0	1.333120E-9	1.333120E-9	3.394754E-11	3.394754E-11
1.000000E-2	3.487410E-8	3.487410E-8	8.880596E-10	8.880596E-10
2.000000E-2	6.933790E-8	6.933790E-8	1.765671E-9	1.765671E-9
3.000000E-2	1.044960E-7	1.044960E-7	2.660963E-9	2.660963E-9
4.000000E-2	1.424540E-7	1.424540E-7	3.627553E-9	3.627553E-9
5.000000E-2	1.810930E-7	1.810930E-7	4.611485E-9	4.611485E-9
6.000000E-2	2.216180E-7	2.216180E-7	5.643443E-9	5.643443E-9
7.000000E-2	2.645510E-7	2.645510E-7	6.736720E-9	6.736720E-9
8.000000E-2	3.099850E-7	3.099850E-7	7.893685E-9	7.893685E-9
9.000000E-2	3.586420E-7	3.586420E-7	9.132722E-9	9.132722E-9
1.000000E-1	4.100230E-7	4.100230E-7	1.044113E-8	1.044113E-8
1.100000E-1	4.652810E-7	4.652810E-7	1.184826E-8	1.184826E-8
1.200000E-1	5.238450E-7	5.238450E-7	1.333957E-8	1.333957E-8
1.300000E-1	5.865120E-7	5.865120E-7	1.493537E-8	1.493537E-8
1.400000E-1	6.522610E-7	6.522610E-7	1.660965E-8	1.660965E-8
1.500000E-1	7.222730E-7	7.222730E-7	1.839249E-8	1.839249E-8
1.600000E-1	7.959160E-7	7.959160E-7	2.026779E-8	2.026779E-8
1.700000E-1	8.736160E-7	8.736160E-7	2.224640E-8	2.224640E-8
1.800000E-1	9.552270E-7	9.552270E-7	2.432460E-8	2.432460E-8
1.900000E-1	1.039120E-6	1.039120E-6	2.646091E-8	2.646091E-8
2.000000E-1	1.129280E-6	1.129280E-6	2.875681E-8	2.875681E-8
2.100000E-1	1.221770E-6	1.221770E-6	3.111204E-8	3.111204E-8
2.200000E-1	1.318700E-6	1.318700E-6	3.358034E-8	3.358034E-8
2.300000E-1	1.418580E-6	1.418580E-6	3.612376E-8	3.612376E-8
2.400000E-1	1.522410E-6	1.522410E-6	3.876776E-8	3.876776E-8
2.500000E-1	1.629690E-6	1.629690E-6	4.149962E-8	4.149962E-8
2.600000E-1	1.741250E-6	1.741250E-6	4.434046E-8	4.434046E-8
2.700000E-1	1.855480E-6	1.855480E-6	4.724930E-8	4.724930E-8
2.800000E-1	1.974540E-6	1.974540E-6	5.028113E-8	5.028113E-8
2.900000E-1	2.096630E-6	2.096630E-6	5.339012E-8	5.339012E-8
3.000000E-1	2.220640E-6	2.220640E-6	5.654800E-8	5.654800E-8
3.100000E-1	2.348830E-6	2.348830E-6	5.981232E-8	5.981232E-8
3.200000E-1	2.479270E-6	2.479270E-6	6.313394E-8	6.313394E-8
3.300000E-1	2.615730E-6	2.615730E-6	6.660886E-8	6.660886E-8
3.400000E-1	2.753060E-6	2.753060E-6	7.010593E-8	7.010593E-8
3.500000E-1	2.895250E-6	2.895250E-6	7.372676E-8	7.372676E-8
3.600000E-1	3.040570E-6	3.040570E-6	7.742730E-8	7.742730E-8
3.700000E-1	3.190070E-6	3.190070E-6	8.123427E-8	8.123427E-8
3.800000E-1	3.342660E-6	3.342660E-6	8.511994E-8	8.511994E-8
3.900000E-1	3.495880E-6	3.495880E-6	8.902164E-8	8.902164E-8
4.000000E-1	3.653940E-6	3.653940E-6	9.304660E-8	9.304660E-8
4.100000E-1	3.812610E-6	3.812610E-6	9.708709E-8	9.708709E-8
4.200000E-1	3.977160E-6	3.977160E-6	1.012773E-7	1.012773E-7
4.300000E-1	4.144260E-6	4.144260E-6	1.055325E-7	1.055325E-7
4.400000E-1	4.311340E-6	4.311340E-6	1.097871E-7	1.097871E-7
4.500000E-1	4.486120E-6	4.486120E-6	1.142378E-7	1.142378E-7
4.600000E-1	4.663170E-6	4.663170E-6	1.187464E-7	1.187464E-7
4.700000E-1	4.843720E-6	4.843720E-6	1.233440E-7	1.233440E-7
4.800000E-1	5.027160E-6	5.027160E-6	1.280153E-7	1.280153E-7
4.900000E-1	5.213180E-6	5.213180E-6	1.327522E-7	1.327522E-7
5.000000E-1	5.402860E-6	5.402860E-6	1.375824E-7	1.375824E-7
