

15:41:51	22/03/21


Ell Cont: 5,0x10,0

SMU1	V name:		V1
	I name:		I1
	Mode:		V
	Function:	VAR1
SMU2	V name:		V2
	I name:		I2
	Mode:		common
	Function:	const.
SMU3	off
SMU4	off
VMUs	off

Primary Source (VAR1):	single
	Sweep Spacing:	linear
	Start:		-0.500000
	Stop:		0.500000
	Step:		0.010000
	Compliance:	0.050000
Power Compliance OFF

Timing:		Integration Time:	medium
	Delay Time (sec):	0.000000
	Hold Time (sec):	0.000000
	Wait Time (sec):	1.000000

Secondary Source (VAR2):	OFF


   V1	   I1	Abs(I)	J (A\µm²)	Abs(J)
-5.000000E-1	-1.413090E-7	1.413090E-7	-3.598396E-9	3.598396E-9
-4.900000E-1	-1.383480E-7	1.383480E-7	-3.522995E-9	3.522995E-9
-4.800000E-1	-1.331710E-7	1.331710E-7	-3.391164E-9	3.391164E-9
-4.700000E-1	-1.282640E-7	1.282640E-7	-3.266208E-9	3.266208E-9
-4.600000E-1	-1.228300E-7	1.228300E-7	-3.127833E-9	3.127833E-9
-4.500000E-1	-1.216570E-7	1.216570E-7	-3.097963E-9	3.097963E-9
-4.400000E-1	-1.182700E-7	1.182700E-7	-3.011714E-9	3.011714E-9
-4.300000E-1	-1.169250E-7	1.169250E-7	-2.977464E-9	2.977464E-9
-4.200000E-1	-1.117250E-7	1.117250E-7	-2.845047E-9	2.845047E-9
-4.100000E-1	-1.076740E-7	1.076740E-7	-2.741889E-9	2.741889E-9
-4.000000E-1	-1.029310E-7	1.029310E-7	-2.621110E-9	2.621110E-9
-3.900000E-1	-1.028340E-7	1.028340E-7	-2.618640E-9	2.618640E-9
-3.800000E-1	-9.728870E-8	9.728870E-8	-2.477431E-9	2.477431E-9
-3.700000E-1	-9.493440E-8	9.493440E-8	-2.417479E-9	2.417479E-9
-3.600000E-1	-9.100110E-8	9.100110E-8	-2.317319E-9	2.317319E-9
-3.500000E-1	-8.966750E-8	8.966750E-8	-2.283359E-9	2.283359E-9
-3.400000E-1	-8.427440E-8	8.427440E-8	-2.146025E-9	2.146025E-9
-3.300000E-1	-8.001200E-8	8.001200E-8	-2.037484E-9	2.037484E-9
-3.200000E-1	-7.667770E-8	7.667770E-8	-1.952577E-9	1.952577E-9
-3.100000E-1	-7.463280E-8	7.463280E-8	-1.900504E-9	1.900504E-9
-3.000000E-1	-7.044100E-8	7.044100E-8	-1.793761E-9	1.793761E-9
-2.900000E-1	-6.752350E-8	6.752350E-8	-1.719468E-9	1.719468E-9
-2.800000E-1	-6.578000E-8	6.578000E-8	-1.675070E-9	1.675070E-9
-2.700000E-1	-6.298080E-8	6.298080E-8	-1.603789E-9	1.603789E-9
-2.600000E-1	-5.970630E-8	5.970630E-8	-1.520405E-9	1.520405E-9
-2.500000E-1	-5.692890E-8	5.692890E-8	-1.449679E-9	1.449679E-9
-2.400000E-1	-5.311410E-8	5.311410E-8	-1.352536E-9	1.352536E-9
-2.300000E-1	-4.996710E-8	4.996710E-8	-1.272399E-9	1.272399E-9
-2.200000E-1	-4.818980E-8	4.818980E-8	-1.227140E-9	1.227140E-9
-2.100000E-1	-4.507950E-8	4.507950E-8	-1.147937E-9	1.147937E-9
-2.000000E-1	-4.296410E-8	4.296410E-8	-1.094069E-9	1.094069E-9
-1.900000E-1	-3.968890E-8	3.968890E-8	-1.010667E-9	1.010667E-9
-1.800000E-1	-3.776310E-8	3.776310E-8	-9.616272E-10	9.616272E-10
-1.700000E-1	-3.525680E-8	3.525680E-8	-8.978049E-10	8.978049E-10
-1.600000E-1	-3.305190E-8	3.305190E-8	-8.416577E-10	8.416577E-10
-1.500000E-1	-3.034660E-8	3.034660E-8	-7.727680E-10	7.727680E-10
-1.400000E-1	-2.827340E-8	2.827340E-8	-7.199745E-10	7.199745E-10
-1.300000E-1	-2.606750E-8	2.606750E-8	-6.638019E-10	6.638019E-10
-1.200000E-1	-2.329210E-8	2.329210E-8	-5.931271E-10	5.931271E-10
-1.100000E-1	-2.138700E-8	2.138700E-8	-5.446142E-10	5.446142E-10
-1.000000E-1	-1.783530E-8	1.783530E-8	-4.541711E-10	4.541711E-10
-9.000000E-2	-1.696060E-8	1.696060E-8	-4.318971E-10	4.318971E-10
-8.000000E-2	-1.458330E-8	1.458330E-8	-3.713598E-10	3.713598E-10
-7.000000E-2	-1.288650E-8	1.288650E-8	-3.281513E-10	3.281513E-10
-6.000000E-2	-1.101890E-8	1.101890E-8	-2.805933E-10	2.805933E-10
-5.000000E-2	-9.437720E-9	9.437720E-9	-2.403290E-10	2.403290E-10
-4.000000E-2	-7.267480E-9	7.267480E-9	-1.850644E-10	1.850644E-10
-3.000000E-2	-5.457660E-9	5.457660E-9	-1.389778E-10	1.389778E-10
-2.000000E-2	-3.439380E-9	3.439380E-9	-8.758289E-11	8.758289E-11
-1.000000E-2	-1.411340E-9	1.411340E-9	-3.593939E-11	3.593939E-11
0.000000E+0	5.920000E-10	5.920000E-10	1.507512E-11	1.507512E-11
1.000000E-2	2.634180E-9	2.634180E-9	6.707869E-11	6.707869E-11
2.000000E-2	4.763900E-9	4.763900E-9	1.213114E-10	1.213114E-10
3.000000E-2	6.978190E-9	6.978190E-9	1.776977E-10	1.776977E-10
4.000000E-2	8.729980E-9	8.729980E-9	2.223066E-10	2.223066E-10
5.000000E-2	1.069880E-8	1.069880E-8	2.724421E-10	2.724421E-10
6.000000E-2	1.364840E-8	1.364840E-8	3.475528E-10	3.475528E-10
7.000000E-2	1.597440E-8	1.597440E-8	4.067838E-10	4.067838E-10
8.000000E-2	1.819860E-8	1.819860E-8	4.634225E-10	4.634225E-10
9.000000E-2	1.977280E-8	1.977280E-8	5.035090E-10	5.035090E-10
1.000000E-1	2.254940E-8	2.254940E-8	5.742144E-10	5.742144E-10
1.100000E-1	2.463620E-8	2.463620E-8	6.273542E-10	6.273542E-10
1.200000E-1	2.720720E-8	2.720720E-8	6.928240E-10	6.928240E-10
1.300000E-1	2.969590E-8	2.969590E-8	7.561981E-10	7.561981E-10
1.400000E-1	3.191310E-8	3.191310E-8	8.126585E-10	8.126585E-10
1.500000E-1	3.455350E-8	3.455350E-8	8.798956E-10	8.798956E-10
1.600000E-1	3.749280E-8	3.749280E-8	9.547441E-10	9.547441E-10
1.700000E-1	4.121360E-8	4.121360E-8	1.049493E-9	1.049493E-9
1.800000E-1	4.313240E-8	4.313240E-8	1.098355E-9	1.098355E-9
1.900000E-1	4.599810E-8	4.599810E-8	1.171329E-9	1.171329E-9
2.000000E-1	4.757100E-8	4.757100E-8	1.211383E-9	1.211383E-9
2.100000E-1	5.339260E-8	5.339260E-8	1.359628E-9	1.359628E-9
2.200000E-1	5.364960E-8	5.364960E-8	1.366173E-9	1.366173E-9
2.300000E-1	5.680240E-8	5.680240E-8	1.446458E-9	1.446458E-9
2.400000E-1	5.952410E-8	5.952410E-8	1.515765E-9	1.515765E-9
2.500000E-1	6.402030E-8	6.402030E-8	1.630260E-9	1.630260E-9
2.600000E-1	6.748220E-8	6.748220E-8	1.718416E-9	1.718416E-9
2.700000E-1	6.994690E-8	6.994690E-8	1.781179E-9	1.781179E-9
2.800000E-1	7.277330E-8	7.277330E-8	1.853153E-9	1.853153E-9
2.900000E-1	7.620230E-8	7.620230E-8	1.940471E-9	1.940471E-9
3.000000E-1	8.002370E-8	8.002370E-8	2.037782E-9	2.037782E-9
3.100000E-1	8.375090E-8	8.375090E-8	2.132694E-9	2.132694E-9
3.200000E-1	8.708600E-8	8.708600E-8	2.217622E-9	2.217622E-9
3.300000E-1	9.126670E-8	9.126670E-8	2.324082E-9	2.324082E-9
3.400000E-1	9.517430E-8	9.517430E-8	2.423588E-9	2.423588E-9
3.500000E-1	9.936880E-8	9.936880E-8	2.530400E-9	2.530400E-9
3.600000E-1	1.030297E-7	1.030297E-7	2.623624E-9	2.623624E-9
3.700000E-1	1.074169E-7	1.074169E-7	2.735342E-9	2.735342E-9
3.800000E-1	1.110640E-7	1.110640E-7	2.828215E-9	2.828215E-9
3.900000E-1	1.156980E-7	1.156980E-7	2.946218E-9	2.946218E-9
4.000000E-1	1.201620E-7	1.201620E-7	3.059893E-9	3.059893E-9
4.100000E-1	1.227840E-7	1.227840E-7	3.126662E-9	3.126662E-9
4.200000E-1	1.293490E-7	1.293490E-7	3.293837E-9	3.293837E-9
4.300000E-1	1.347850E-7	1.347850E-7	3.432264E-9	3.432264E-9
4.400000E-1	1.399270E-7	1.399270E-7	3.563203E-9	3.563203E-9
4.500000E-1	1.451490E-7	1.451490E-7	3.696180E-9	3.696180E-9
4.600000E-1	1.513700E-7	1.513700E-7	3.854596E-9	3.854596E-9
4.700000E-1	1.546030E-7	1.546030E-7	3.936924E-9	3.936924E-9
4.800000E-1	1.658090E-7	1.658090E-7	4.222282E-9	4.222282E-9
4.900000E-1	1.751650E-7	1.751650E-7	4.460530E-9	4.460530E-9
5.000000E-1	1.790480E-7	1.790480E-7	4.559409E-9	4.559409E-9
