

15:38:44	22/03/21


Ell Cont: 5,0x10,0

SMU1	V name:		V1
	I name:		I1
	Mode:		V
	Function:	VAR1
SMU2	V name:		V2
	I name:		I2
	Mode:		common
	Function:	const.
SMU3	off
SMU4	off
VMUs	off

Primary Source (VAR1):	single
	Sweep Spacing:	linear
	Start:		-0.500000
	Stop:		0.500000
	Step:		0.010000
	Compliance:	0.050000
Power Compliance OFF

Timing:		Integration Time:	medium
	Delay Time (sec):	0.000000
	Hold Time (sec):	0.000000
	Wait Time (sec):	1.000000

Secondary Source (VAR2):	OFF


   V1	   I1	Abs(I)	J (A\um²)	Abs(J)
-5.000000E-1	-4.002580E-8	4.002580E-8	-1.019246E-9	1.019246E-9
-4.900000E-1	-2.846410E-8	2.846410E-8	-7.248307E-10	7.248307E-10
-4.800000E-1	-2.817010E-8	2.817010E-8	-7.173440E-10	7.173440E-10
-4.700000E-1	-2.793540E-8	2.793540E-8	-7.113674E-10	7.113674E-10
-4.600000E-1	-2.728030E-8	2.728030E-8	-6.946855E-10	6.946855E-10
-4.500000E-1	-2.567780E-8	2.567780E-8	-6.538783E-10	6.538783E-10
-4.400000E-1	-2.415720E-8	2.415720E-8	-6.151566E-10	6.151566E-10
-4.300000E-1	-2.420010E-8	2.420010E-8	-6.162490E-10	6.162490E-10
-4.200000E-1	-2.140660E-8	2.140660E-8	-5.451133E-10	5.451133E-10
-4.100000E-1	-2.104380E-8	2.104380E-8	-5.358747E-10	5.358747E-10
-4.000000E-1	-2.053910E-8	2.053910E-8	-5.230227E-10	5.230227E-10
-3.900000E-1	-1.916500E-8	1.916500E-8	-4.880316E-10	4.880316E-10
-3.800000E-1	-1.842820E-8	1.842820E-8	-4.692692E-10	4.692692E-10
-3.700000E-1	-1.754630E-8	1.754630E-8	-4.468118E-10	4.468118E-10
-3.600000E-1	-1.702180E-8	1.702180E-8	-4.334556E-10	4.334556E-10
-3.500000E-1	-1.588320E-8	1.588320E-8	-4.044614E-10	4.044614E-10
-3.400000E-1	-1.564830E-8	1.564830E-8	-3.984798E-10	3.984798E-10
-3.300000E-1	-1.527740E-8	1.527740E-8	-3.890349E-10	3.890349E-10
-3.200000E-1	-1.458590E-8	1.458590E-8	-3.714260E-10	3.714260E-10
-3.100000E-1	-1.396580E-8	1.396580E-8	-3.556353E-10	3.556353E-10
-3.000000E-1	-1.315060E-8	1.315060E-8	-3.348765E-10	3.348765E-10
-2.900000E-1	-1.252980E-8	1.252980E-8	-3.190680E-10	3.190680E-10
-2.800000E-1	-1.200200E-8	1.200200E-8	-3.056277E-10	3.056277E-10
-2.700000E-1	-1.145410E-8	1.145410E-8	-2.916756E-10	2.916756E-10
-2.600000E-1	-1.051050E-8	1.051050E-8	-2.676471E-10	2.676471E-10
-2.500000E-1	-9.950300E-9	9.950300E-9	-2.533817E-10	2.533817E-10
-2.400000E-1	-9.582600E-9	9.582600E-9	-2.440183E-10	2.440183E-10
-2.300000E-1	-9.507700E-9	9.507700E-9	-2.421110E-10	2.421110E-10
-2.200000E-1	-8.631150E-9	8.631150E-9	-2.197899E-10	2.197899E-10
-2.100000E-1	-8.155990E-9	8.155990E-9	-2.076901E-10	2.076901E-10
-2.000000E-1	-7.718310E-9	7.718310E-9	-1.965447E-10	1.965447E-10
-1.900000E-1	-7.266140E-9	7.266140E-9	-1.850303E-10	1.850303E-10
-1.800000E-1	-6.823800E-9	6.823800E-9	-1.737662E-10	1.737662E-10
-1.700000E-1	-6.399640E-9	6.399640E-9	-1.629651E-10	1.629651E-10
-1.600000E-1	-6.076170E-9	6.076170E-9	-1.547280E-10	1.547280E-10
-1.500000E-1	-5.497540E-9	5.497540E-9	-1.399934E-10	1.399934E-10
-1.400000E-1	-5.133740E-9	5.133740E-9	-1.307293E-10	1.307293E-10
-1.300000E-1	-4.735220E-9	4.735220E-9	-1.205811E-10	1.205811E-10
-1.200000E-1	-4.196780E-9	4.196780E-9	-1.068699E-10	1.068699E-10
-1.100000E-1	-3.938840E-9	3.938840E-9	-1.003015E-10	1.003015E-10
-1.000000E-1	-3.592420E-9	3.592420E-9	-9.148001E-11	9.148001E-11
-9.000000E-2	-3.143920E-9	3.143920E-9	-8.005908E-11	8.005908E-11
-8.000000E-2	-2.726730E-9	2.726730E-9	-6.943545E-11	6.943545E-11
-7.000000E-2	-2.340960E-9	2.340960E-9	-5.961192E-11	5.961192E-11
-6.000000E-2	-2.059670E-9	2.059670E-9	-5.244894E-11	5.244894E-11
-5.000000E-2	-1.732570E-9	1.732570E-9	-4.411943E-11	4.411943E-11
-4.000000E-2	-1.389480E-9	1.389480E-9	-3.538273E-11	3.538273E-11
-3.000000E-2	-1.055770E-9	1.055770E-9	-2.688490E-11	2.688490E-11
-2.000000E-2	-6.949800E-10	6.949800E-10	-1.769748E-11	1.769748E-11
-1.000000E-2	-3.325300E-10	3.325300E-10	-8.467787E-12	8.467787E-12
0.000000E+0	1.860000E-12	1.860000E-12	4.736440E-14	4.736440E-14
1.000000E-2	3.465000E-10	3.465000E-10	8.823529E-12	8.823529E-12
2.000000E-2	6.705300E-10	6.705300E-10	1.707487E-11	1.707487E-11
3.000000E-2	1.027550E-9	1.027550E-9	2.616628E-11	2.616628E-11
4.000000E-2	1.343210E-9	1.343210E-9	3.420448E-11	3.420448E-11
5.000000E-2	1.716160E-9	1.716160E-9	4.370155E-11	4.370155E-11
6.000000E-2	2.109440E-9	2.109440E-9	5.371632E-11	5.371632E-11
7.000000E-2	2.653640E-9	2.653640E-9	6.757423E-11	6.757423E-11
8.000000E-2	2.986190E-9	2.986190E-9	7.604253E-11	7.604253E-11
9.000000E-2	3.404810E-9	3.404810E-9	8.670257E-11	8.670257E-11
1.000000E-1	3.840170E-9	3.840170E-9	9.778890E-11	9.778890E-11
1.100000E-1	4.075290E-9	4.075290E-9	1.037762E-10	1.037762E-10
1.200000E-1	4.740790E-9	4.740790E-9	1.207229E-10	1.207229E-10
1.300000E-1	5.081480E-9	5.081480E-9	1.293985E-10	1.293985E-10
1.400000E-1	5.572080E-9	5.572080E-9	1.418915E-10	1.418915E-10
1.500000E-1	5.798530E-9	5.798530E-9	1.476580E-10	1.476580E-10
1.600000E-1	6.503660E-9	6.503660E-9	1.656140E-10	1.656140E-10
1.700000E-1	6.847270E-9	6.847270E-9	1.743639E-10	1.743639E-10
1.800000E-1	7.505910E-9	7.505910E-9	1.911360E-10	1.911360E-10
1.900000E-1	7.922670E-9	7.922670E-9	2.017487E-10	2.017487E-10
2.000000E-1	8.492860E-9	8.492860E-9	2.162684E-10	2.162684E-10
2.100000E-1	9.221850E-9	9.221850E-9	2.348319E-10	2.348319E-10
2.200000E-1	9.981520E-9	9.981520E-9	2.541767E-10	2.541767E-10
2.300000E-1	1.048106E-8	1.048106E-8	2.668974E-10	2.668974E-10
2.400000E-1	1.089020E-8	1.089020E-8	2.773160E-10	2.773160E-10
2.500000E-1	1.160590E-8	1.160590E-8	2.955411E-10	2.955411E-10
2.600000E-1	1.216370E-8	1.216370E-8	3.097453E-10	3.097453E-10
2.700000E-1	1.235090E-8	1.235090E-8	3.145123E-10	3.145123E-10
2.800000E-1	1.362670E-8	1.362670E-8	3.470003E-10	3.470003E-10
2.900000E-1	8.474840E-8	8.474840E-8	2.158095E-9	2.158095E-9
3.000000E-1	8.898110E-8	8.898110E-8	2.265880E-9	2.265880E-9
3.100000E-1	9.903800E-8	9.903800E-8	2.521976E-9	2.521976E-9
3.200000E-1	1.221450E-7	1.221450E-7	3.110390E-9	3.110390E-9
3.300000E-1	1.405780E-7	1.405780E-7	3.579781E-9	3.579781E-9
3.400000E-1	1.560160E-7	1.560160E-7	3.972905E-9	3.972905E-9
3.500000E-1	1.646200E-7	1.646200E-7	4.192004E-9	4.192004E-9
3.600000E-1	1.678200E-7	1.678200E-7	4.273491E-9	4.273491E-9
3.700000E-1	1.724940E-7	1.724940E-7	4.392513E-9	4.392513E-9
3.800000E-1	1.806170E-7	1.806170E-7	4.599363E-9	4.599363E-9
3.900000E-1	1.844870E-7	1.844870E-7	4.697912E-9	4.697912E-9
4.000000E-1	1.961390E-7	1.961390E-7	4.994627E-9	4.994627E-9
4.100000E-1	2.053760E-7	2.053760E-7	5.229845E-9	5.229845E-9
4.200000E-1	1.945450E-7	1.945450E-7	4.954036E-9	4.954036E-9
4.300000E-1	2.007450E-7	2.007450E-7	5.111917E-9	5.111917E-9
4.400000E-1	2.036460E-7	2.036460E-7	5.185791E-9	5.185791E-9
4.500000E-1	2.801280E-7	2.801280E-7	7.133384E-9	7.133384E-9
4.600000E-1	3.127240E-7	3.127240E-7	7.963433E-9	7.963433E-9
4.700000E-1	3.418620E-7	3.418620E-7	8.705424E-9	8.705424E-9
4.800000E-1	3.999670E-7	3.999670E-7	1.018505E-8	1.018505E-8
4.900000E-1	3.700620E-7	3.700620E-7	9.423529E-9	9.423529E-9
5.000000E-1	3.948590E-7	3.948590E-7	1.005498E-8	1.005498E-8
