

15:40:06	22/03/21


Ell Cont: 5,0x10,0

SMU1	V name:		V1
	I name:		I1
	Mode:		V
	Function:	VAR1
SMU2	V name:		V2
	I name:		I2
	Mode:		common
	Function:	const.
SMU3	off
SMU4	off
VMUs	off

Primary Source (VAR1):	single
	Sweep Spacing:	linear
	Start:		-0.500000
	Stop:		0.500000
	Step:		0.010000
	Compliance:	0.050000
Power Compliance OFF

Timing:		Integration Time:	medium
	Delay Time (sec):	0.000000
	Hold Time (sec):	0.000000
	Wait Time (sec):	1.000000

Secondary Source (VAR2):	OFF


   V1	   I1	Abs(I)	J (A\um²)	Abs(J)
-5.000000E-1	-1.306600E-7	1.306600E-7	-3.327222E-9	3.327222E-9
-4.900000E-1	-1.284910E-7	1.284910E-7	-3.271989E-9	3.271989E-9
-4.800000E-1	-1.221660E-7	1.221660E-7	-3.110924E-9	3.110924E-9
-4.700000E-1	-1.181280E-7	1.181280E-7	-3.008098E-9	3.008098E-9
-4.600000E-1	-1.154930E-7	1.154930E-7	-2.940998E-9	2.940998E-9
-4.500000E-1	-1.089150E-7	1.089150E-7	-2.773491E-9	2.773491E-9
-4.400000E-1	-1.040580E-7	1.040580E-7	-2.649809E-9	2.649809E-9
-4.300000E-1	-9.943300E-8	9.943300E-8	-2.532035E-9	2.532035E-9
-4.200000E-1	-1.003252E-7	1.003252E-7	-2.554754E-9	2.554754E-9
-4.100000E-1	-9.350570E-8	9.350570E-8	-2.381098E-9	2.381098E-9
-4.000000E-1	-9.092610E-8	9.092610E-8	-2.315409E-9	2.315409E-9
-3.900000E-1	-8.727770E-8	8.727770E-8	-2.222503E-9	2.222503E-9
-3.800000E-1	-8.011080E-8	8.011080E-8	-2.040000E-9	2.040000E-9
-3.700000E-1	-7.618320E-8	7.618320E-8	-1.939985E-9	1.939985E-9
-3.600000E-1	-7.088010E-8	7.088010E-8	-1.804943E-9	1.804943E-9
-3.500000E-1	-6.906450E-8	6.906450E-8	-1.758709E-9	1.758709E-9
-3.400000E-1	-6.683500E-8	6.683500E-8	-1.701935E-9	1.701935E-9
-3.300000E-1	-6.494300E-8	6.494300E-8	-1.653756E-9	1.653756E-9
-3.200000E-1	-6.127540E-8	6.127540E-8	-1.560362E-9	1.560362E-9
-3.100000E-1	-5.849880E-8	5.849880E-8	-1.489656E-9	1.489656E-9
-3.000000E-1	-5.570120E-8	5.570120E-8	-1.418416E-9	1.418416E-9
-2.900000E-1	-5.501020E-8	5.501020E-8	-1.400820E-9	1.400820E-9
-2.800000E-1	-5.187160E-8	5.187160E-8	-1.320896E-9	1.320896E-9
-2.700000E-1	-4.958510E-8	4.958510E-8	-1.262671E-9	1.262671E-9
-2.600000E-1	-4.469700E-8	4.469700E-8	-1.138197E-9	1.138197E-9
-2.500000E-1	-4.267240E-8	4.267240E-8	-1.086641E-9	1.086641E-9
-2.400000E-1	-3.960290E-8	3.960290E-8	-1.008477E-9	1.008477E-9
-2.300000E-1	-3.746560E-8	3.746560E-8	-9.540514E-10	9.540514E-10
-2.200000E-1	-3.507960E-8	3.507960E-8	-8.932926E-10	8.932926E-10
-2.100000E-1	-3.343640E-8	3.343640E-8	-8.514489E-10	8.514489E-10
-2.000000E-1	-3.113980E-8	3.113980E-8	-7.929666E-10	7.929666E-10
-1.900000E-1	-2.893200E-8	2.893200E-8	-7.367456E-10	7.367456E-10
-1.800000E-1	-2.679170E-8	2.679170E-8	-6.822434E-10	6.822434E-10
-1.700000E-1	-2.541100E-8	2.541100E-8	-6.470843E-10	6.470843E-10
-1.600000E-1	-2.427220E-8	2.427220E-8	-6.180850E-10	6.180850E-10
-1.500000E-1	-2.260490E-8	2.260490E-8	-5.756277E-10	5.756277E-10
-1.400000E-1	-2.107280E-8	2.107280E-8	-5.366132E-10	5.366132E-10
-1.300000E-1	-1.950630E-8	1.950630E-8	-4.967227E-10	4.967227E-10
-1.200000E-1	-1.784300E-8	1.784300E-8	-4.543672E-10	4.543672E-10
-1.100000E-1	-1.639150E-8	1.639150E-8	-4.174051E-10	4.174051E-10
-1.000000E-1	-1.458540E-8	1.458540E-8	-3.714133E-10	3.714133E-10
-9.000000E-2	-1.311290E-8	1.311290E-8	-3.339165E-10	3.339165E-10
-8.000000E-2	-1.154350E-8	1.154350E-8	-2.939521E-10	2.939521E-10
-7.000000E-2	-1.012140E-8	1.012140E-8	-2.577387E-10	2.577387E-10
-6.000000E-2	-8.687060E-9	8.687060E-9	-2.212136E-10	2.212136E-10
-5.000000E-2	-7.028370E-9	7.028370E-9	-1.789756E-10	1.789756E-10
-4.000000E-2	-5.730340E-9	5.730340E-9	-1.459216E-10	1.459216E-10
-3.000000E-2	-4.370930E-9	4.370930E-9	-1.113046E-10	1.113046E-10
-2.000000E-2	-2.867260E-9	2.867260E-9	-7.301400E-11	7.301400E-11
-1.000000E-2	-1.418890E-9	1.418890E-9	-3.613165E-11	3.613165E-11
0.000000E+0	-7.000000E-12	7.000000E-12	-1.782531E-13	1.782531E-13
1.000000E-2	1.377370E-9	1.377370E-9	3.507436E-11	3.507436E-11
2.000000E-2	2.832210E-9	2.832210E-9	7.212147E-11	7.212147E-11
3.000000E-2	4.214320E-9	4.214320E-9	1.073165E-10	1.073165E-10
4.000000E-2	5.667930E-9	5.667930E-9	1.443323E-10	1.443323E-10
5.000000E-2	7.166180E-9	7.166180E-9	1.824848E-10	1.824848E-10
6.000000E-2	8.544460E-9	8.544460E-9	2.175824E-10	2.175824E-10
7.000000E-2	1.019311E-8	1.019311E-8	2.595648E-10	2.595648E-10
8.000000E-2	1.112870E-8	1.112870E-8	2.833894E-10	2.833894E-10
9.000000E-2	1.246040E-8	1.246040E-8	3.173007E-10	3.173007E-10
1.000000E-1	1.395590E-8	1.395590E-8	3.553832E-10	3.553832E-10
1.100000E-1	1.483160E-8	1.483160E-8	3.776827E-10	3.776827E-10
1.200000E-1	1.670530E-8	1.670530E-8	4.253960E-10	4.253960E-10
1.300000E-1	1.780410E-8	1.780410E-8	4.533766E-10	4.533766E-10
1.400000E-1	1.928760E-8	1.928760E-8	4.911535E-10	4.911535E-10
1.500000E-1	2.039920E-8	2.039920E-8	5.194601E-10	5.194601E-10
1.600000E-1	2.252830E-8	2.252830E-8	5.736771E-10	5.736771E-10
1.700000E-1	2.528440E-8	2.528440E-8	6.438604E-10	6.438604E-10
1.800000E-1	2.604810E-8	2.604810E-8	6.633079E-10	6.633079E-10
1.900000E-1	2.799370E-8	2.799370E-8	7.128520E-10	7.128520E-10
2.000000E-1	2.950490E-8	2.950490E-8	7.513343E-10	7.513343E-10
2.100000E-1	3.130110E-8	3.130110E-8	7.970741E-10	7.970741E-10
2.200000E-1	3.300370E-8	3.300370E-8	8.404303E-10	8.404303E-10
2.300000E-1	3.447730E-8	3.447730E-8	8.779552E-10	8.779552E-10
2.400000E-1	3.680040E-8	3.680040E-8	9.371123E-10	9.371123E-10
2.500000E-1	3.875710E-8	3.875710E-8	9.869391E-10	9.869391E-10
2.600000E-1	4.208190E-8	4.208190E-8	1.071604E-9	1.071604E-9
2.700000E-1	4.458080E-8	4.458080E-8	1.135238E-9	1.135238E-9
2.800000E-1	4.717520E-8	4.717520E-8	1.201304E-9	1.201304E-9
2.900000E-1	4.935270E-8	4.935270E-8	1.256753E-9	1.256753E-9
3.000000E-1	5.206000E-8	5.206000E-8	1.325694E-9	1.325694E-9
3.100000E-1	5.580070E-8	5.580070E-8	1.420950E-9	1.420950E-9
3.200000E-1	5.921490E-8	5.921490E-8	1.507892E-9	1.507892E-9
3.300000E-1	6.196300E-8	6.196300E-8	1.577871E-9	1.577871E-9
3.400000E-1	6.581420E-8	6.581420E-8	1.675941E-9	1.675941E-9
3.500000E-1	6.718630E-8	6.718630E-8	1.710881E-9	1.710881E-9
3.600000E-1	7.284830E-8	7.284830E-8	1.855062E-9	1.855062E-9
3.700000E-1	7.181270E-8	7.181270E-8	1.828691E-9	1.828691E-9
3.800000E-1	4.982880E-7	4.982880E-7	1.268877E-8	1.268877E-8
3.900000E-1	6.410790E-7	6.410790E-7	1.632490E-8	1.632490E-8
4.000000E-1	5.933850E-7	5.933850E-7	1.511039E-8	1.511039E-8
4.100000E-1	7.175740E-7	7.175740E-7	1.827283E-8	1.827283E-8
4.200000E-1	7.541920E-7	7.541920E-7	1.920530E-8	1.920530E-8
4.300000E-1	8.358710E-7	8.358710E-7	2.128523E-8	2.128523E-8
4.400000E-1	9.596980E-7	9.596980E-7	2.443845E-8	2.443845E-8
4.500000E-1	1.049622E-6	1.049622E-6	2.672834E-8	2.672834E-8
4.600000E-1	1.054840E-6	1.054840E-6	2.686122E-8	2.686122E-8
4.700000E-1	1.054200E-6	1.054200E-6	2.684492E-8	2.684492E-8
4.800000E-1	1.007454E-6	1.007454E-6	2.565455E-8	2.565455E-8
4.900000E-1	1.052560E-6	1.052560E-6	2.680316E-8	2.680316E-8
5.000000E-1	1.137882E-6	1.137882E-6	2.897586E-8	2.897586E-8
