

15:53:40	22/03/21


Ell Cont: 5,0x10,0

SMU1	V name:		V1
	I name:		I1
	Mode:		V
	Function:	VAR1
SMU2	V name:		V2
	I name:		I2
	Mode:		common
	Function:	const.
SMU3	off
SMU4	off
VMUs	off

Primary Source (VAR1):	single
	Sweep Spacing:	linear
	Start:		-0.500000
	Stop:		0.500000
	Step:		0.010000
	Compliance:	0.050000
Power Compliance OFF

Timing:		Integration Time:	medium
	Delay Time (sec):	0.000000
	Hold Time (sec):	0.000000
	Wait Time (sec):	1.000000

Secondary Source (VAR2):	OFF


   V1	   I1	Abs(I)	J (A\um²)	Abs(J)
-5.000000E-1	-5.875990E-6	5.875990E-6	-1.496305E-7	1.496305E-7
-4.900000E-1	-5.667630E-6	5.667630E-6	-1.443247E-7	1.443247E-7
-4.800000E-1	-5.471070E-6	5.471070E-6	-1.393193E-7	1.393193E-7
-4.700000E-1	-5.276900E-6	5.276900E-6	-1.343748E-7	1.343748E-7
-4.600000E-1	-5.084950E-6	5.084950E-6	-1.294869E-7	1.294869E-7
-4.500000E-1	-4.898290E-6	4.898290E-6	-1.247336E-7	1.247336E-7
-4.400000E-1	-4.717650E-6	4.717650E-6	-1.201337E-7	1.201337E-7
-4.300000E-1	-4.537090E-6	4.537090E-6	-1.155358E-7	1.155358E-7
-4.200000E-1	-4.361600E-6	4.361600E-6	-1.110670E-7	1.110670E-7
-4.100000E-1	-4.191610E-6	4.191610E-6	-1.067382E-7	1.067382E-7
-4.000000E-1	-4.021370E-6	4.021370E-6	-1.024031E-7	1.024031E-7
-3.900000E-1	-3.855810E-6	3.855810E-6	-9.818716E-8	9.818716E-8
-3.800000E-1	-3.692610E-6	3.692610E-6	-9.403132E-8	9.403132E-8
-3.700000E-1	-3.535570E-6	3.535570E-6	-9.003234E-8	9.003234E-8
-3.600000E-1	-3.378160E-6	3.378160E-6	-8.602394E-8	8.602394E-8
-3.500000E-1	-3.222480E-6	3.222480E-6	-8.205959E-8	8.205959E-8
-3.400000E-1	-3.074570E-6	3.074570E-6	-7.829310E-8	7.829310E-8
-3.300000E-1	-2.926970E-6	2.926970E-6	-7.453450E-8	7.453450E-8
-3.200000E-1	-2.784370E-6	2.784370E-6	-7.090323E-8	7.090323E-8
-3.100000E-1	-2.641930E-6	2.641930E-6	-6.727604E-8	6.727604E-8
-3.000000E-1	-2.504470E-6	2.504470E-6	-6.377565E-8	6.377565E-8
-2.900000E-1	-2.370370E-6	2.370370E-6	-6.036083E-8	6.036083E-8
-2.800000E-1	-2.238240E-6	2.238240E-6	-5.699618E-8	5.699618E-8
-2.700000E-1	-2.112380E-6	2.112380E-6	-5.379119E-8	5.379119E-8
-2.600000E-1	-1.989750E-6	1.989750E-6	-5.066845E-8	5.066845E-8
-2.500000E-1	-1.868340E-6	1.868340E-6	-4.757678E-8	4.757678E-8
-2.400000E-1	-1.749970E-6	1.749970E-6	-4.456252E-8	4.456252E-8
-2.300000E-1	-1.637570E-6	1.637570E-6	-4.170028E-8	4.170028E-8
-2.200000E-1	-1.526780E-6	1.526780E-6	-3.887904E-8	3.887904E-8
-2.100000E-1	-1.420270E-6	1.420270E-6	-3.616679E-8	3.616679E-8
-2.000000E-1	-1.317150E-6	1.317150E-6	-3.354087E-8	3.354087E-8
-1.900000E-1	-1.218260E-6	1.218260E-6	-3.102266E-8	3.102266E-8
-1.800000E-1	-1.122370E-6	1.122370E-6	-2.858085E-8	2.858085E-8
-1.700000E-1	-1.030640E-6	1.030640E-6	-2.624497E-8	2.624497E-8
-1.600000E-1	-9.435940E-7	9.435940E-7	-2.402837E-8	2.402837E-8
-1.500000E-1	-8.575430E-7	8.575430E-7	-2.183710E-8	2.183710E-8
-1.400000E-1	-7.774050E-7	7.774050E-7	-1.979641E-8	1.979641E-8
-1.300000E-1	-7.013090E-7	7.013090E-7	-1.785865E-8	1.785865E-8
-1.200000E-1	-6.287250E-7	6.287250E-7	-1.601031E-8	1.601031E-8
-1.100000E-1	-5.595980E-7	5.595980E-7	-1.425001E-8	1.425001E-8
-1.000000E-1	-4.945070E-7	4.945070E-7	-1.259249E-8	1.259249E-8
-9.000000E-2	-4.324170E-7	4.324170E-7	-1.101138E-8	1.101138E-8
-8.000000E-2	-3.743670E-7	3.743670E-7	-9.533155E-9	9.533155E-9
-7.000000E-2	-3.191730E-7	3.191730E-7	-8.127655E-9	8.127655E-9
-6.000000E-2	-2.674130E-7	2.674130E-7	-6.809600E-9	6.809600E-9
-5.000000E-2	-2.175740E-7	2.175740E-7	-5.540463E-9	5.540463E-9
-4.000000E-2	-1.707440E-7	1.707440E-7	-4.347950E-9	4.347950E-9
-3.000000E-2	-1.253220E-7	1.253220E-7	-3.191291E-9	3.191291E-9
-2.000000E-2	-8.224970E-8	8.224970E-8	-2.094466E-9	2.094466E-9
-1.000000E-2	-4.069150E-8	4.069150E-8	-1.036198E-9	1.036198E-9
0.000000E+0	1.512340E-9	1.512340E-9	3.851133E-11	3.851133E-11
1.000000E-2	4.353430E-8	4.353430E-8	1.108589E-9	1.108589E-9
2.000000E-2	8.637210E-8	8.637210E-8	2.199442E-9	2.199442E-9
3.000000E-2	1.300370E-7	1.300370E-7	3.311357E-9	3.311357E-9
4.000000E-2	1.768510E-7	1.768510E-7	4.503463E-9	4.503463E-9
5.000000E-2	2.243400E-7	2.243400E-7	5.712758E-9	5.712758E-9
6.000000E-2	2.736520E-7	2.736520E-7	6.968475E-9	6.968475E-9
7.000000E-2	3.259630E-7	3.259630E-7	8.300560E-9	8.300560E-9
8.000000E-2	3.806420E-7	3.806420E-7	9.692946E-9	9.692946E-9
9.000000E-2	4.390440E-7	4.390440E-7	1.118014E-8	1.118014E-8
1.000000E-1	5.003390E-7	5.003390E-7	1.274100E-8	1.274100E-8
1.100000E-1	5.659860E-7	5.659860E-7	1.441268E-8	1.441268E-8
1.200000E-1	6.340910E-7	6.340910E-7	1.614696E-8	1.614696E-8
1.300000E-1	7.072190E-7	7.072190E-7	1.800914E-8	1.800914E-8
1.400000E-1	7.830820E-7	7.830820E-7	1.994097E-8	1.994097E-8
1.500000E-1	8.634000E-7	8.634000E-7	2.198625E-8	2.198625E-8
1.600000E-1	9.471100E-7	9.471100E-7	2.411790E-8	2.411790E-8
1.700000E-1	1.034180E-6	1.034180E-6	2.633512E-8	2.633512E-8
1.800000E-1	1.126750E-6	1.126750E-6	2.869239E-8	2.869239E-8
1.900000E-1	1.222280E-6	1.222280E-6	3.112503E-8	3.112503E-8
2.000000E-1	1.322600E-6	1.322600E-6	3.367965E-8	3.367965E-8
2.100000E-1	1.424350E-6	1.424350E-6	3.627069E-8	3.627069E-8
2.200000E-1	1.531530E-6	1.531530E-6	3.900000E-8	3.900000E-8
2.300000E-1	1.640210E-6	1.640210E-6	4.176751E-8	4.176751E-8
2.400000E-1	1.753290E-6	1.753290E-6	4.464706E-8	4.464706E-8
2.500000E-1	1.869870E-6	1.869870E-6	4.761574E-8	4.761574E-8
2.600000E-1	1.990810E-6	1.990810E-6	5.069544E-8	5.069544E-8
2.700000E-1	2.115020E-6	2.115020E-6	5.385842E-8	5.385842E-8
2.800000E-1	2.242250E-6	2.242250E-6	5.709829E-8	5.709829E-8
2.900000E-1	2.373100E-6	2.373100E-6	6.043035E-8	6.043035E-8
3.000000E-1	2.507450E-6	2.507450E-6	6.385154E-8	6.385154E-8
3.100000E-1	2.645400E-6	2.645400E-6	6.736440E-8	6.736440E-8
3.200000E-1	2.784590E-6	2.784590E-6	7.090884E-8	7.090884E-8
3.300000E-1	2.928680E-6	2.928680E-6	7.457805E-8	7.457805E-8
3.400000E-1	3.070820E-6	3.070820E-6	7.819761E-8	7.819761E-8
3.500000E-1	3.223660E-6	3.223660E-6	8.208963E-8	8.208963E-8
3.600000E-1	3.376490E-6	3.376490E-6	8.598141E-8	8.598141E-8
3.700000E-1	3.530840E-6	3.530840E-6	8.991189E-8	8.991189E-8
3.800000E-1	3.689580E-6	3.689580E-6	9.395416E-8	9.395416E-8
3.900000E-1	3.851380E-6	3.851380E-6	9.807436E-8	9.807436E-8
4.000000E-1	4.015460E-6	4.015460E-6	1.022526E-7	1.022526E-7
4.100000E-1	4.183220E-6	4.183220E-6	1.065246E-7	1.065246E-7
4.200000E-1	4.353820E-6	4.353820E-6	1.108689E-7	1.108689E-7
4.300000E-1	4.531420E-6	4.531420E-6	1.153914E-7	1.153914E-7
4.400000E-1	4.710880E-6	4.710880E-6	1.199613E-7	1.199613E-7
4.500000E-1	4.890720E-6	4.890720E-6	1.245409E-7	1.245409E-7
4.600000E-1	5.073960E-6	5.073960E-6	1.292070E-7	1.292070E-7
4.700000E-1	5.260480E-6	5.260480E-6	1.339567E-7	1.339567E-7
4.800000E-1	5.454070E-6	5.454070E-6	1.388864E-7	1.388864E-7
4.900000E-1	5.642880E-6	5.642880E-6	1.436944E-7	1.436944E-7
5.000000E-1	5.838720E-6	5.838720E-6	1.486814E-7	1.486814E-7
