

14:48:26	26/02/21


Ell Cont: 5,0x10,0

SMU1	V name:		V1
	I name:		I1
	Mode:		V
	Function:	VAR1
SMU2	V name:		V2
	I name:		I2
	Mode:		common
	Function:	const.
SMU3	off
SMU4	off
VMUs	off

Primary Source (VAR1):	single
	Sweep Spacing:	linear
	Start:		-1.500000
	Stop:		1.500000
	Step:		0.010000
	Compliance:	0.050000
Power Compliance OFF

Timing:		Integration Time:	medium
	Delay Time (sec):	0.000000
	Hold Time (sec):	0.000000
	Wait Time (sec):	1.000000

Secondary Source (VAR2):	OFF


   V1	   I1	Abs(I)	J (A\µm²)	Abs(J)
-1.500000E+0	-5.000240E-2	5.000240E-2	-1.273298E-3	1.273298E-3
-1.490000E+0	-5.000090E-2	5.000090E-2	-1.273259E-3	1.273259E-3
-1.480000E+0	-5.000110E-2	5.000110E-2	-1.273265E-3	1.273265E-3
-1.470000E+0	-5.000140E-2	5.000140E-2	-1.273272E-3	1.273272E-3
-1.460000E+0	-5.000140E-2	5.000140E-2	-1.273272E-3	1.273272E-3
-1.450000E+0	-5.000160E-2	5.000160E-2	-1.273277E-3	1.273277E-3
-1.440000E+0	-5.000190E-2	5.000190E-2	-1.273285E-3	1.273285E-3
-1.430000E+0	-4.976020E-2	4.976020E-2	-1.267130E-3	1.267130E-3
-1.420000E+0	-4.746570E-2	4.746570E-2	-1.208701E-3	1.208701E-3
-1.410000E+0	-4.543260E-2	4.543260E-2	-1.156929E-3	1.156929E-3
-1.400000E+0	-4.948450E-2	4.948450E-2	-1.260109E-3	1.260109E-3
-1.390000E+0	-4.855780E-2	4.855780E-2	-1.236511E-3	1.236511E-3
-1.380000E+0	-4.900950E-2	4.900950E-2	-1.248014E-3	1.248014E-3
-1.370000E+0	-4.654360E-2	4.654360E-2	-1.185220E-3	1.185220E-3
-1.360000E+0	-4.358330E-2	4.358330E-2	-1.109837E-3	1.109837E-3
-1.350000E+0	-5.000160E-2	5.000160E-2	-1.273277E-3	1.273277E-3
-1.340000E+0	-4.790710E-2	4.790710E-2	-1.219941E-3	1.219941E-3
-1.330000E+0	-4.803960E-2	4.803960E-2	-1.223315E-3	1.223315E-3
-1.320000E+0	-4.894840E-2	4.894840E-2	-1.246458E-3	1.246458E-3
-1.310000E+0	-4.963120E-2	4.963120E-2	-1.263845E-3	1.263845E-3
-1.300000E+0	-5.000170E-2	5.000170E-2	-1.273280E-3	1.273280E-3
-1.290000E+0	-5.000140E-2	5.000140E-2	-1.273272E-3	1.273272E-3
-1.280000E+0	-4.992560E-2	4.992560E-2	-1.271342E-3	1.271342E-3
-1.270000E+0	-4.916600E-2	4.916600E-2	-1.251999E-3	1.251999E-3
-1.260000E+0	-4.788870E-2	4.788870E-2	-1.219473E-3	1.219473E-3
-1.250000E+0	-4.605800E-2	4.605800E-2	-1.172855E-3	1.172855E-3
-1.240000E+0	-4.555110E-2	4.555110E-2	-1.159947E-3	1.159947E-3
-1.230000E+0	-4.432090E-2	4.432090E-2	-1.128620E-3	1.128620E-3
-1.220000E+0	-4.292770E-2	4.292770E-2	-1.093142E-3	1.093142E-3
-1.210000E+0	-4.108300E-2	4.108300E-2	-1.046168E-3	1.046168E-3
-1.200000E+0	-4.050860E-2	4.050860E-2	-1.031541E-3	1.031541E-3
-1.190000E+0	-4.001070E-2	4.001070E-2	-1.018862E-3	1.018862E-3
-1.180000E+0	-3.973860E-2	3.973860E-2	-1.011933E-3	1.011933E-3
-1.170000E+0	-3.932360E-2	3.932360E-2	-1.001365E-3	1.001365E-3
-1.160000E+0	-3.821590E-2	3.821590E-2	-9.731576E-4	9.731576E-4
-1.150000E+0	-3.767070E-2	3.767070E-2	-9.592742E-4	9.592742E-4
-1.140000E+0	-3.726880E-2	3.726880E-2	-9.490400E-4	9.490400E-4
-1.130000E+0	-3.701980E-2	3.701980E-2	-9.426993E-4	9.426993E-4
-1.120000E+0	-3.606830E-2	3.606830E-2	-9.184696E-4	9.184696E-4
-1.110000E+0	-3.545230E-2	3.545230E-2	-9.027833E-4	9.027833E-4
-1.100000E+0	-3.471250E-2	3.471250E-2	-8.839445E-4	8.839445E-4
-1.090000E+0	-3.417330E-2	3.417330E-2	-8.702139E-4	8.702139E-4
-1.080000E+0	-3.393250E-2	3.393250E-2	-8.640820E-4	8.640820E-4
-1.070000E+0	-3.347410E-2	3.347410E-2	-8.524090E-4	8.524090E-4
-1.060000E+0	-3.260820E-2	3.260820E-2	-8.303590E-4	8.303590E-4
-1.050000E+0	-3.227530E-2	3.227530E-2	-8.218818E-4	8.218818E-4
-1.040000E+0	-3.191970E-2	3.191970E-2	-8.128266E-4	8.128266E-4
-1.030000E+0	-3.122820E-2	3.122820E-2	-7.952177E-4	7.952177E-4
-1.020000E+0	-3.081280E-2	3.081280E-2	-7.846397E-4	7.846397E-4
-1.010000E+0	-3.033790E-2	3.033790E-2	-7.725465E-4	7.725465E-4
-1.000000E+0	-2.981430E-2	2.981430E-2	-7.592131E-4	7.592131E-4
-9.900000E-1	-2.949070E-2	2.949070E-2	-7.509727E-4	7.509727E-4
-9.800000E-1	-2.914360E-2	2.914360E-2	-7.421339E-4	7.421339E-4
-9.700000E-1	-2.877490E-2	2.877490E-2	-7.327451E-4	7.327451E-4
-9.600000E-1	-2.851340E-2	2.851340E-2	-7.260861E-4	7.260861E-4
-9.500000E-1	-2.806740E-2	2.806740E-2	-7.147288E-4	7.147288E-4
-9.400000E-1	-2.760070E-2	2.760070E-2	-7.028444E-4	7.028444E-4
-9.300000E-1	-2.714560E-2	2.714560E-2	-6.912554E-4	6.912554E-4
-9.200000E-1	-2.667390E-2	2.667390E-2	-6.792437E-4	6.792437E-4
-9.100000E-1	-2.622320E-2	2.622320E-2	-6.677667E-4	6.677667E-4
-9.000000E-1	-2.597670E-2	2.597670E-2	-6.614897E-4	6.614897E-4
-8.900000E-1	-2.554530E-2	2.554530E-2	-6.505042E-4	6.505042E-4
-8.800000E-1	-2.502130E-2	2.502130E-2	-6.371607E-4	6.371607E-4
-8.700000E-1	-2.445090E-2	2.445090E-2	-6.226356E-4	6.226356E-4
-8.600000E-1	-2.413530E-2	2.413530E-2	-6.145989E-4	6.145989E-4
-8.500000E-1	-2.375780E-2	2.375780E-2	-6.049860E-4	6.049860E-4
-8.400000E-1	-2.345150E-2	2.345150E-2	-5.971861E-4	5.971861E-4
-8.300000E-1	-2.306100E-2	2.306100E-2	-5.872422E-4	5.872422E-4
-8.200000E-1	-2.274590E-2	2.274590E-2	-5.792182E-4	5.792182E-4
-8.100000E-1	-2.235960E-2	2.235960E-2	-5.693812E-4	5.693812E-4
-8.000000E-1	-2.186800E-2	2.186800E-2	-5.568627E-4	5.568627E-4
-7.900000E-1	-2.143270E-2	2.143270E-2	-5.457779E-4	5.457779E-4
-7.800000E-1	-2.106880E-2	2.106880E-2	-5.365113E-4	5.365113E-4
-7.700000E-1	-2.075470E-2	2.075470E-2	-5.285129E-4	5.285129E-4
-7.600000E-1	-2.043900E-2	2.043900E-2	-5.204736E-4	5.204736E-4
-7.500000E-1	-2.003140E-2	2.003140E-2	-5.100942E-4	5.100942E-4
-7.400000E-1	-1.969080E-2	1.969080E-2	-5.014209E-4	5.014209E-4
-7.300000E-1	-1.931480E-2	1.931480E-2	-4.918462E-4	4.918462E-4
-7.200000E-1	-1.895760E-2	1.895760E-2	-4.827502E-4	4.827502E-4
-7.100000E-1	-1.854460E-2	1.854460E-2	-4.722333E-4	4.722333E-4
-7.000000E-1	-1.811940E-2	1.811940E-2	-4.614056E-4	4.614056E-4
-6.900000E-1	-1.774010E-2	1.774010E-2	-4.517469E-4	4.517469E-4
-6.800000E-1	-1.747690E-2	1.747690E-2	-4.450446E-4	4.450446E-4
-6.700000E-1	-1.710710E-2	1.710710E-2	-4.356277E-4	4.356277E-4
-6.600000E-1	-1.675050E-2	1.675050E-2	-4.265470E-4	4.265470E-4
-6.500000E-1	-1.628580E-2	1.628580E-2	-4.147135E-4	4.147135E-4
-6.400000E-1	-1.603430E-2	1.603430E-2	-4.083091E-4	4.083091E-4
-6.300000E-1	-1.563790E-2	1.563790E-2	-3.982149E-4	3.982149E-4
-6.200000E-1	-1.525450E-2	1.525450E-2	-3.884517E-4	3.884517E-4
-6.100000E-1	-1.486690E-2	1.486690E-2	-3.785816E-4	3.785816E-4
-6.000000E-1	-1.446600E-2	1.446600E-2	-3.683728E-4	3.683728E-4
-5.900000E-1	-1.411490E-2	1.411490E-2	-3.594321E-4	3.594321E-4
-5.800000E-1	-1.377740E-2	1.377740E-2	-3.508378E-4	3.508378E-4
-5.700000E-1	-1.339470E-2	1.339470E-2	-3.410924E-4	3.410924E-4
-5.600000E-1	-1.312380E-2	1.312380E-2	-3.341940E-4	3.341940E-4
-5.500000E-1	-1.284000E-2	1.284000E-2	-3.269671E-4	3.269671E-4
-5.400000E-1	-1.248800E-2	1.248800E-2	-3.180036E-4	3.180036E-4
-5.300000E-1	-1.212930E-2	1.212930E-2	-3.088694E-4	3.088694E-4
-5.200000E-1	-1.170210E-2	1.170210E-2	-2.979908E-4	2.979908E-4
-5.100000E-1	-1.134720E-2	1.134720E-2	-2.889534E-4	2.889534E-4
-5.000000E-1	-1.097120E-2	1.097120E-2	-2.793787E-4	2.793787E-4
-4.900000E-1	-1.066960E-2	1.066960E-2	-2.716985E-4	2.716985E-4
-4.800000E-1	-1.030700E-2	1.030700E-2	-2.624650E-4	2.624650E-4
-4.700000E-1	-1.005660E-2	1.005660E-2	-2.560886E-4	2.560886E-4
-4.600000E-1	-9.673060E-3	9.673060E-3	-2.463219E-4	2.463219E-4
-4.500000E-1	-9.346030E-3	9.346030E-3	-2.379941E-4	2.379941E-4
-4.400000E-1	-9.018530E-3	9.018530E-3	-2.296544E-4	2.296544E-4
-4.300000E-1	-8.666050E-3	8.666050E-3	-2.206786E-4	2.206786E-4
-4.200000E-1	-8.357260E-3	8.357260E-3	-2.128154E-4	2.128154E-4
-4.100000E-1	-8.134080E-3	8.134080E-3	-2.071322E-4	2.071322E-4
-4.000000E-1	-7.741740E-3	7.741740E-3	-1.971413E-4	1.971413E-4
-3.900000E-1	-7.455650E-3	7.455650E-3	-1.898561E-4	1.898561E-4
-3.800000E-1	-7.218590E-3	7.218590E-3	-1.838195E-4	1.838195E-4
-3.700000E-1	-6.894370E-3	6.894370E-3	-1.755633E-4	1.755633E-4
-3.600000E-1	-6.578400E-3	6.578400E-3	-1.675172E-4	1.675172E-4
-3.500000E-1	-6.228960E-3	6.228960E-3	-1.586188E-4	1.586188E-4
-3.400000E-1	-5.838240E-3	5.838240E-3	-1.486692E-4	1.486692E-4
-3.300000E-1	-5.587350E-3	5.587350E-3	-1.422804E-4	1.422804E-4
-3.200000E-1	-5.316380E-3	5.316380E-3	-1.353802E-4	1.353802E-4
-3.100000E-1	-5.034840E-3	5.034840E-3	-1.282108E-4	1.282108E-4
-3.000000E-1	-4.805810E-3	4.805810E-3	-1.223787E-4	1.223787E-4
-2.900000E-1	-4.618450E-3	4.618450E-3	-1.176076E-4	1.176076E-4
-2.800000E-1	-4.332340E-3	4.332340E-3	-1.103219E-4	1.103219E-4
-2.700000E-1	-4.087550E-3	4.087550E-3	-1.040884E-4	1.040884E-4
-2.600000E-1	-3.834160E-3	3.834160E-3	-9.763585E-5	9.763585E-5
-2.500000E-1	-3.546000E-3	3.546000E-3	-9.029794E-5	9.029794E-5
-2.400000E-1	-3.341300E-3	3.341300E-3	-8.508531E-5	8.508531E-5
-2.300000E-1	-3.123700E-3	3.123700E-3	-7.954418E-5	7.954418E-5
-2.200000E-1	-2.864820E-3	2.864820E-3	-7.295187E-5	7.295187E-5
-2.100000E-1	-2.660450E-3	2.660450E-3	-6.774764E-5	6.774764E-5
-2.000000E-1	-2.447060E-3	2.447060E-3	-6.231372E-5	6.231372E-5
-1.900000E-1	-2.257140E-3	2.257140E-3	-5.747746E-5	5.747746E-5
-1.800000E-1	-2.113140E-3	2.113140E-3	-5.381054E-5	5.381054E-5
-1.700000E-1	-1.975120E-3	1.975120E-3	-5.029590E-5	5.029590E-5
-1.600000E-1	-1.833200E-3	1.833200E-3	-4.668194E-5	4.668194E-5
-1.500000E-1	-1.675120E-3	1.675120E-3	-4.265648E-5	4.265648E-5
-1.400000E-1	-1.519010E-3	1.519010E-3	-3.868118E-5	3.868118E-5
-1.300000E-1	-1.380310E-3	1.380310E-3	-3.514922E-5	3.514922E-5
-1.200000E-1	-1.233300E-3	1.233300E-3	-3.140565E-5	3.140565E-5
-1.100000E-1	-1.112630E-3	1.112630E-3	-2.833282E-5	2.833282E-5
-1.000000E-1	-9.940200E-4	9.940200E-4	-2.531245E-5	2.531245E-5
-9.000000E-2	-8.691130E-4	8.691130E-4	-2.213173E-5	2.213173E-5
-8.000000E-2	-7.513960E-4	7.513960E-4	-1.913410E-5	1.913410E-5
-7.000000E-2	-6.323920E-4	6.323920E-4	-1.610369E-5	1.610369E-5
-6.000000E-2	-5.266330E-4	5.266330E-4	-1.341057E-5	1.341057E-5
-5.000000E-2	-4.251960E-4	4.251960E-4	-1.082750E-5	1.082750E-5
-4.000000E-2	-3.363800E-4	3.363800E-4	-8.565826E-6	8.565826E-6
-3.000000E-2	-2.451560E-4	2.451560E-4	-6.242832E-6	6.242832E-6
-2.000000E-2	-1.582160E-4	1.582160E-4	-4.028928E-6	4.028928E-6
-1.000000E-2	-7.818270E-5	7.818270E-5	-1.990901E-6	1.990901E-6
0.000000E+0	-1.160679E-7	1.160679E-7	-2.955638E-9	2.955638E-9
1.000000E-2	6.628190E-5	6.628190E-5	1.687851E-6	1.687851E-6
2.000000E-2	1.288710E-4	1.288710E-4	3.281665E-6	3.281665E-6
3.000000E-2	1.902640E-4	1.902640E-4	4.845022E-6	4.845022E-6
4.000000E-2	2.508210E-4	2.508210E-4	6.387089E-6	6.387089E-6
5.000000E-2	3.054280E-4	3.054280E-4	7.777642E-6	7.777642E-6
6.000000E-2	3.551590E-4	3.551590E-4	9.044028E-6	9.044028E-6
7.000000E-2	4.053790E-4	4.053790E-4	1.032287E-5	1.032287E-5
8.000000E-2	4.346420E-4	4.346420E-4	1.106804E-5	1.106804E-5
9.000000E-2	4.502480E-4	4.502480E-4	1.146544E-5	1.146544E-5
1.000000E-1	4.758780E-4	4.758780E-4	1.211811E-5	1.211811E-5
1.100000E-1	4.805750E-4	4.805750E-4	1.223771E-5	1.223771E-5
1.200000E-1	5.146580E-4	5.146580E-4	1.310563E-5	1.310563E-5
1.300000E-1	5.426870E-4	5.426870E-4	1.381938E-5	1.381938E-5
1.400000E-1	5.276930E-4	5.276930E-4	1.343756E-5	1.343756E-5
1.500000E-1	5.307890E-4	5.307890E-4	1.351640E-5	1.351640E-5
1.600000E-1	5.532950E-4	5.532950E-4	1.408951E-5	1.408951E-5
1.700000E-1	6.135460E-4	6.135460E-4	1.562378E-5	1.562378E-5
1.800000E-1	6.015970E-4	6.015970E-4	1.531951E-5	1.531951E-5
1.900000E-1	5.827080E-4	5.827080E-4	1.483850E-5	1.483850E-5
2.000000E-1	5.980560E-4	5.980560E-4	1.522934E-5	1.522934E-5
2.100000E-1	6.067390E-4	6.067390E-4	1.545045E-5	1.545045E-5
2.200000E-1	5.066460E-4	5.066460E-4	1.290160E-5	1.290160E-5
2.300000E-1	4.556530E-4	4.556530E-4	1.160308E-5	1.160308E-5
2.400000E-1	4.375990E-4	4.375990E-4	1.114334E-5	1.114334E-5
2.500000E-1	4.533000E-4	4.533000E-4	1.154316E-5	1.154316E-5
2.600000E-1	4.522650E-4	4.522650E-4	1.151681E-5	1.151681E-5
2.700000E-1	4.436940E-4	4.436940E-4	1.129855E-5	1.129855E-5
2.800000E-1	4.488910E-4	4.488910E-4	1.143089E-5	1.143089E-5
2.900000E-1	4.484950E-4	4.484950E-4	1.142080E-5	1.142080E-5
3.000000E-1	4.924410E-4	4.924410E-4	1.253988E-5	1.253988E-5
3.100000E-1	4.763990E-4	4.763990E-4	1.213137E-5	1.213137E-5
3.200000E-1	4.767490E-4	4.767490E-4	1.214029E-5	1.214029E-5
3.300000E-1	4.810330E-4	4.810330E-4	1.224938E-5	1.224938E-5
3.400000E-1	4.534830E-4	4.534830E-4	1.154782E-5	1.154782E-5
3.500000E-1	4.494540E-4	4.494540E-4	1.144523E-5	1.144523E-5
3.600000E-1	4.359520E-4	4.359520E-4	1.110140E-5	1.110140E-5
3.700000E-1	3.894580E-4	3.894580E-4	9.917443E-6	9.917443E-6
3.800000E-1	3.990770E-4	3.990770E-4	1.016239E-5	1.016239E-5
3.900000E-1	4.036450E-4	4.036450E-4	1.027871E-5	1.027871E-5
4.000000E-1	3.793550E-4	3.793550E-4	9.660173E-6	9.660173E-6
4.100000E-1	3.428740E-4	3.428740E-4	8.731194E-6	8.731194E-6
4.200000E-1	3.240440E-4	3.240440E-4	8.251693E-6	8.251693E-6
4.300000E-1	2.992930E-4	2.992930E-4	7.621416E-6	7.621416E-6
4.400000E-1	2.881840E-4	2.881840E-4	7.338528E-6	7.338528E-6
4.500000E-1	1.848910E-4	1.848910E-4	4.708200E-6	4.708200E-6
4.600000E-1	1.804740E-4	1.804740E-4	4.595722E-6	4.595722E-6
4.700000E-1	1.791470E-4	1.791470E-4	4.561930E-6	4.561930E-6
4.800000E-1	1.801390E-4	1.801390E-4	4.587191E-6	4.587191E-6
4.900000E-1	1.582550E-4	1.582550E-4	4.029921E-6	4.029921E-6
5.000000E-1	2.271030E-4	2.271030E-4	5.783117E-6	5.783117E-6
5.100000E-1	2.125570E-4	2.125570E-4	5.412707E-6	5.412707E-6
5.200000E-1	1.950640E-4	1.950640E-4	4.967252E-6	4.967252E-6
5.300000E-1	1.603530E-4	1.603530E-4	4.083346E-6	4.083346E-6
5.400000E-1	1.628060E-4	1.628060E-4	4.145811E-6	4.145811E-6
5.500000E-1	1.663170E-4	1.663170E-4	4.235218E-6	4.235218E-6
5.600000E-1	4.822130E-4	4.822130E-4	1.227942E-5	1.227942E-5
5.700000E-1	4.299810E-4	4.299810E-4	1.094935E-5	1.094935E-5
5.800000E-1	3.434790E-4	3.434790E-4	8.746600E-6	8.746600E-6
5.900000E-1	3.400920E-4	3.400920E-4	8.660351E-6	8.660351E-6
6.000000E-1	3.040460E-4	3.040460E-4	7.742450E-6	7.742450E-6
6.100000E-1	2.873310E-4	2.873310E-4	7.316807E-6	7.316807E-6
6.200000E-1	2.822960E-4	2.822960E-4	7.188592E-6	7.188592E-6
6.300000E-1	2.726920E-4	2.726920E-4	6.944028E-6	6.944028E-6
6.400000E-1	2.673070E-4	2.673070E-4	6.806901E-6	6.806901E-6
6.500000E-1	2.872050E-4	2.872050E-4	7.313598E-6	7.313598E-6
6.600000E-1	2.578690E-4	2.578690E-4	6.566565E-6	6.566565E-6
6.700000E-1	2.612000E-4	2.612000E-4	6.651388E-6	6.651388E-6
6.800000E-1	3.214630E-4	3.214630E-4	8.185969E-6	8.185969E-6
6.900000E-1	2.838790E-4	2.838790E-4	7.228902E-6	7.228902E-6
7.000000E-1	2.551560E-4	2.551560E-4	6.497479E-6	6.497479E-6
7.100000E-1	2.618820E-4	2.618820E-4	6.668755E-6	6.668755E-6
7.200000E-1	2.526040E-4	2.526040E-4	6.432493E-6	6.432493E-6
7.300000E-1	2.432590E-4	2.432590E-4	6.194525E-6	6.194525E-6
7.400000E-1	2.704610E-4	2.704610E-4	6.887217E-6	6.887217E-6
7.500000E-1	2.565820E-4	2.565820E-4	6.533792E-6	6.533792E-6
7.600000E-1	2.124930E-4	2.124930E-4	5.411077E-6	5.411077E-6
7.700000E-1	1.814790E-4	1.814790E-4	4.621314E-6	4.621314E-6
7.800000E-1	1.834970E-4	1.834970E-4	4.672702E-6	4.672702E-6
7.900000E-1	1.814700E-4	1.814700E-4	4.621085E-6	4.621085E-6
8.000000E-1	1.525710E-4	1.525710E-4	3.885179E-6	3.885179E-6
8.100000E-1	1.302660E-4	1.302660E-4	3.317189E-6	3.317189E-6
8.200000E-1	1.273920E-4	1.273920E-4	3.244003E-6	3.244003E-6
8.300000E-1	1.279780E-4	1.279780E-4	3.258925E-6	3.258925E-6
8.400000E-1	1.277780E-4	1.277780E-4	3.253832E-6	3.253832E-6
8.500000E-1	1.292220E-4	1.292220E-4	3.290603E-6	3.290603E-6
8.600000E-1	1.194990E-4	1.194990E-4	3.043010E-6	3.043010E-6
8.700000E-1	1.166290E-4	1.166290E-4	2.969926E-6	2.969926E-6
8.800000E-1	1.166400E-4	1.166400E-4	2.970206E-6	2.970206E-6
8.900000E-1	1.130040E-4	1.130040E-4	2.877616E-6	2.877616E-6
9.000000E-1	1.107160E-4	1.107160E-4	2.819353E-6	2.819353E-6
9.100000E-1	1.135170E-4	1.135170E-4	2.890680E-6	2.890680E-6
9.200000E-1	1.236500E-4	1.236500E-4	3.148714E-6	3.148714E-6
9.300000E-1	1.250990E-4	1.250990E-4	3.185612E-6	3.185612E-6
9.400000E-1	1.165730E-4	1.165730E-4	2.968500E-6	2.968500E-6
9.500000E-1	1.161880E-4	1.161880E-4	2.958696E-6	2.958696E-6
9.600000E-1	1.043870E-4	1.043870E-4	2.658187E-6	2.658187E-6
9.700000E-1	1.003995E-4	1.003995E-4	2.556646E-6	2.556646E-6
9.800000E-1	9.699970E-5	9.699970E-5	2.470071E-6	2.470071E-6
9.900000E-1	9.443430E-5	9.443430E-5	2.404744E-6	2.404744E-6
1.000000E+0	6.847220E-5	6.847220E-5	1.743626E-6	1.743626E-6
1.010000E+0	6.592230E-5	6.592230E-5	1.678694E-6	1.678694E-6
1.020000E+0	7.916800E-5	7.916800E-5	2.015992E-6	2.015992E-6
1.030000E+0	7.013360E-5	7.013360E-5	1.785933E-6	1.785933E-6
1.040000E+0	7.293440E-5	7.293440E-5	1.857255E-6	1.857255E-6
1.050000E+0	9.898040E-5	9.898040E-5	2.520509E-6	2.520509E-6
1.060000E+0	2.242950E-2	2.242950E-2	5.711612E-4	5.711612E-4
1.070000E+0	2.307280E-2	2.307280E-2	5.875426E-4	5.875426E-4
1.080000E+0	2.344590E-2	2.344590E-2	5.970435E-4	5.970435E-4
1.090000E+0	2.382640E-2	2.382640E-2	6.067329E-4	6.067329E-4
1.100000E+0	2.475390E-2	2.475390E-2	6.303514E-4	6.303514E-4
1.110000E+0	2.429630E-2	2.429630E-2	6.186987E-4	6.186987E-4
1.120000E+0	2.330350E-2	2.330350E-2	5.934174E-4	5.934174E-4
1.130000E+0	2.558230E-2	2.558230E-2	6.514464E-4	6.514464E-4
1.140000E+0	2.685700E-2	2.685700E-2	6.839063E-4	6.839063E-4
1.150000E+0	2.623640E-2	2.623640E-2	6.681029E-4	6.681029E-4
1.160000E+0	2.715430E-2	2.715430E-2	6.914769E-4	6.914769E-4
1.170000E+0	2.992910E-2	2.992910E-2	7.621365E-4	7.621365E-4
1.180000E+0	2.561380E-2	2.561380E-2	6.522485E-4	6.522485E-4
1.190000E+0	2.587120E-2	2.587120E-2	6.588031E-4	6.588031E-4
1.200000E+0	2.568720E-2	2.568720E-2	6.541176E-4	6.541176E-4
1.210000E+0	2.335060E-2	2.335060E-2	5.946167E-4	5.946167E-4
1.220000E+0	2.514270E-2	2.514270E-2	6.402521E-4	6.402521E-4
1.230000E+0	2.726070E-2	2.726070E-2	6.941864E-4	6.941864E-4
1.240000E+0	2.713680E-2	2.713680E-2	6.910313E-4	6.910313E-4
1.250000E+0	3.200800E-2	3.200800E-2	8.150751E-4	8.150751E-4
1.260000E+0	2.754440E-2	2.754440E-2	7.014107E-4	7.014107E-4
1.270000E+0	2.662400E-2	2.662400E-2	6.779730E-4	6.779730E-4
1.280000E+0	2.272790E-2	2.272790E-2	5.787599E-4	5.787599E-4
1.290000E+0	2.153750E-2	2.153750E-2	5.484466E-4	5.484466E-4
1.300000E+0	2.283360E-2	2.283360E-2	5.814515E-4	5.814515E-4
1.310000E+0	2.104600E-2	2.104600E-2	5.359307E-4	5.359307E-4
1.320000E+0	3.577550E-2	3.577550E-2	9.110135E-4	9.110135E-4
1.330000E+0	3.466410E-2	3.466410E-2	8.827120E-4	8.827120E-4
1.340000E+0	3.214260E-2	3.214260E-2	8.185027E-4	8.185027E-4
1.350000E+0	2.804560E-2	2.804560E-2	7.141737E-4	7.141737E-4
1.360000E+0	2.464790E-2	2.464790E-2	6.276521E-4	6.276521E-4
1.370000E+0	1.875300E-2	1.875300E-2	4.775401E-4	4.775401E-4
1.380000E+0	2.090490E-2	2.090490E-2	5.323377E-4	5.323377E-4
1.390000E+0	1.948310E-2	1.948310E-2	4.961319E-4	4.961319E-4
1.400000E+0	2.087840E-2	2.087840E-2	5.316628E-4	5.316628E-4
1.410000E+0	2.026550E-2	2.026550E-2	5.160555E-4	5.160555E-4
1.420000E+0	1.854810E-2	1.854810E-2	4.723224E-4	4.723224E-4
1.430000E+0	3.182440E-2	3.182440E-2	8.103998E-4	8.103998E-4
1.440000E+0	2.400050E-2	2.400050E-2	6.111663E-4	6.111663E-4
1.450000E+0	2.260770E-2	2.260770E-2	5.756990E-4	5.756990E-4
1.460000E+0	2.079500E-2	2.079500E-2	5.295391E-4	5.295391E-4
1.470000E+0	2.419760E-2	2.419760E-2	6.161854E-4	6.161854E-4
1.480000E+0	2.451590E-2	2.451590E-2	6.242908E-4	6.242908E-4
1.490000E+0	2.453690E-2	2.453690E-2	6.248256E-4	6.248256E-4
1.500000E+0	2.654410E-2	2.654410E-2	6.759384E-4	6.759384E-4
