

14:53:36	26/02/21


Ell Cont: 5,0x10,0

SMU1	V name:		V1
	I name:		I1
	Mode:		V
	Function:	VAR1
SMU2	V name:		V2
	I name:		I2
	Mode:		common
	Function:	const.
SMU3	off
SMU4	off
VMUs	off

Primary Source (VAR1):	single
	Sweep Spacing:	linear
	Start:		-0.500000
	Stop:		0.500000
	Step:		0.010000
	Compliance:	0.050000
Power Compliance OFF

Timing:		Integration Time:	medium
	Delay Time (sec):	0.000000
	Hold Time (sec):	0.000000
	Wait Time (sec):	1.000000

Secondary Source (VAR2):	OFF


   V1	   I1	Abs(I)	J (A\µm²)	Abs(J)
-5.000000E-1	-1.269400E-9	1.269400E-9	-3.232493E-11	3.232493E-11
-4.900000E-1	-8.695200E-10	8.695200E-10	-2.214209E-11	2.214209E-11
-4.800000E-1	-6.831600E-10	6.831600E-10	-1.739649E-11	1.739649E-11
-4.700000E-1	-5.686500E-10	5.686500E-10	-1.448052E-11	1.448052E-11
-4.600000E-1	-5.048400E-10	5.048400E-10	-1.285561E-11	1.285561E-11
-4.500000E-1	-4.713400E-10	4.713400E-10	-1.200255E-11	1.200255E-11
-4.400000E-1	-4.333500E-10	4.333500E-10	-1.103514E-11	1.103514E-11
-4.300000E-1	-4.018300E-10	4.018300E-10	-1.023249E-11	1.023249E-11
-4.200000E-1	-3.719900E-10	3.719900E-10	-9.472625E-12	9.472625E-12
-4.100000E-1	-3.539300E-10	3.539300E-10	-9.012732E-12	9.012732E-12
-4.000000E-1	-3.358900E-10	3.358900E-10	-8.553349E-12	8.553349E-12
-3.900000E-1	-3.138200E-10	3.138200E-10	-7.991342E-12	7.991342E-12
-3.800000E-1	-2.989300E-10	2.989300E-10	-7.612172E-12	7.612172E-12
-3.700000E-1	-2.832600E-10	2.832600E-10	-7.213140E-12	7.213140E-12
-3.600000E-1	-2.740400E-10	2.740400E-10	-6.978355E-12	6.978355E-12
-3.500000E-1	-2.586000E-10	2.586000E-10	-6.585179E-12	6.585179E-12
-3.400000E-1	-2.461900E-10	2.461900E-10	-6.269162E-12	6.269162E-12
-3.300000E-1	-2.353600E-10	2.353600E-10	-5.993379E-12	5.993379E-12
-3.200000E-1	-2.224400E-10	2.224400E-10	-5.664375E-12	5.664375E-12
-3.100000E-1	-2.073300E-10	2.073300E-10	-5.279603E-12	5.279603E-12
-3.000000E-1	-1.946600E-10	1.946600E-10	-4.956965E-12	4.956965E-12
-2.900000E-1	-1.837300E-10	1.837300E-10	-4.678635E-12	4.678635E-12
-2.800000E-1	-1.746200E-10	1.746200E-10	-4.446651E-12	4.446651E-12
-2.700000E-1	-1.647700E-10	1.647700E-10	-4.195824E-12	4.195824E-12
-2.600000E-1	-1.555400E-10	1.555400E-10	-3.960784E-12	3.960784E-12
-2.500000E-1	-1.454400E-10	1.454400E-10	-3.703590E-12	3.703590E-12
-2.400000E-1	-1.362900E-10	1.362900E-10	-3.470588E-12	3.470588E-12
-2.300000E-1	-1.270400E-10	1.270400E-10	-3.235039E-12	3.235039E-12
-2.200000E-1	-1.168400E-10	1.168400E-10	-2.975299E-12	2.975299E-12
-2.100000E-1	-1.111300E-10	1.111300E-10	-2.829896E-12	2.829896E-12
-2.000000E-1	-9.975000E-11	9.975000E-11	-2.540107E-12	2.540107E-12
-1.900000E-1	-9.375000E-11	9.375000E-11	-2.387319E-12	2.387319E-12
-1.800000E-1	-8.489000E-11	8.489000E-11	-2.161701E-12	2.161701E-12
-1.700000E-1	-7.844000E-11	7.844000E-11	-1.997454E-12	1.997454E-12
-1.600000E-1	-7.151000E-11	7.151000E-11	-1.820983E-12	1.820983E-12
-1.500000E-1	-6.188000E-11	6.188000E-11	-1.575758E-12	1.575758E-12
-1.400000E-1	-5.474000E-11	5.474000E-11	-1.393939E-12	1.393939E-12
-1.300000E-1	-4.604000E-11	4.604000E-11	-1.172396E-12	1.172396E-12
-1.200000E-1	-4.020000E-11	4.020000E-11	-1.023682E-12	1.023682E-12
-1.100000E-1	-3.148000E-11	3.148000E-11	-8.016297E-13	8.016297E-13
-1.000000E-1	-2.282000E-11	2.282000E-11	-5.811052E-13	5.811052E-13
-9.000000E-2	-1.650000E-11	1.650000E-11	-4.201681E-13	4.201681E-13
-8.000000E-2	-1.158000E-11	1.158000E-11	-2.948816E-13	2.948816E-13
-7.000000E-2	-4.920000E-12	4.920000E-12	-1.252865E-13	1.252865E-13
-6.000000E-2	2.350000E-12	2.350000E-12	5.984212E-14	5.984212E-14
-5.000000E-2	8.280000E-12	8.280000E-12	2.108480E-13	2.108480E-13
-4.000000E-2	1.416000E-11	1.416000E-11	3.605806E-13	3.605806E-13
-3.000000E-2	2.075000E-11	2.075000E-11	5.283932E-13	5.283932E-13
-2.000000E-2	2.758000E-11	2.758000E-11	7.023173E-13	7.023173E-13
-1.000000E-2	3.330000E-11	3.330000E-11	8.479755E-13	8.479755E-13
0.000000E+0	3.837000E-11	3.837000E-11	9.770817E-13	9.770817E-13
1.000000E-2	4.528000E-11	4.528000E-11	1.153043E-12	1.153043E-12
2.000000E-2	5.087000E-11	5.087000E-11	1.295391E-12	1.295391E-12
3.000000E-2	5.755000E-11	5.755000E-11	1.465495E-12	1.465495E-12
4.000000E-2	6.350000E-11	6.350000E-11	1.617010E-12	1.617010E-12
5.000000E-2	6.968000E-11	6.968000E-11	1.774382E-12	1.774382E-12
6.000000E-2	7.564000E-11	7.564000E-11	1.926152E-12	1.926152E-12
7.000000E-2	8.165000E-11	8.165000E-11	2.079195E-12	2.079195E-12
8.000000E-2	8.797000E-11	8.797000E-11	2.240132E-12	2.240132E-12
9.000000E-2	9.543000E-11	9.543000E-11	2.430099E-12	2.430099E-12
1.000000E-1	1.017300E-10	1.017300E-10	2.590527E-12	2.590527E-12
1.100000E-1	1.082100E-10	1.082100E-10	2.755539E-12	2.755539E-12
1.200000E-1	1.136900E-10	1.136900E-10	2.895085E-12	2.895085E-12
1.300000E-1	1.216500E-10	1.216500E-10	3.097785E-12	3.097785E-12
1.400000E-1	1.285100E-10	1.285100E-10	3.272473E-12	3.272473E-12
1.500000E-1	1.360800E-10	1.360800E-10	3.465241E-12	3.465241E-12
1.600000E-1	1.445600E-10	1.445600E-10	3.681182E-12	3.681182E-12
1.700000E-1	1.515700E-10	1.515700E-10	3.859689E-12	3.859689E-12
1.800000E-1	1.589400E-10	1.589400E-10	4.047364E-12	4.047364E-12
1.900000E-1	1.647700E-10	1.647700E-10	4.195824E-12	4.195824E-12
2.000000E-1	1.722700E-10	1.722700E-10	4.386809E-12	4.386809E-12
2.100000E-1	1.793800E-10	1.793800E-10	4.567863E-12	4.567863E-12
2.200000E-1	1.874300E-10	1.874300E-10	4.772855E-12	4.772855E-12
2.300000E-1	1.980000E-10	1.980000E-10	5.042017E-12	5.042017E-12
2.400000E-1	2.038000E-10	2.038000E-10	5.189712E-12	5.189712E-12
2.500000E-1	2.142800E-10	2.142800E-10	5.456583E-12	5.456583E-12
2.600000E-1	2.204500E-10	2.204500E-10	5.613700E-12	5.613700E-12
2.700000E-1	2.276000E-10	2.276000E-10	5.795773E-12	5.795773E-12
2.800000E-1	2.392500E-10	2.392500E-10	6.092437E-12	6.092437E-12
2.900000E-1	2.461300E-10	2.461300E-10	6.267634E-12	6.267634E-12
3.000000E-1	2.563200E-10	2.563200E-10	6.527120E-12	6.527120E-12
3.100000E-1	2.662300E-10	2.662300E-10	6.779475E-12	6.779475E-12
3.200000E-1	2.778900E-10	2.778900E-10	7.076394E-12	7.076394E-12
3.300000E-1	2.886100E-10	2.886100E-10	7.349376E-12	7.349376E-12
3.400000E-1	2.977500E-10	2.977500E-10	7.582124E-12	7.582124E-12
3.500000E-1	3.066300E-10	3.066300E-10	7.808250E-12	7.808250E-12
3.600000E-1	3.175400E-10	3.175400E-10	8.086071E-12	8.086071E-12
3.700000E-1	3.280600E-10	3.280600E-10	8.353960E-12	8.353960E-12
3.800000E-1	3.397100E-10	3.397100E-10	8.650624E-12	8.650624E-12
3.900000E-1	3.503300E-10	3.503300E-10	8.921059E-12	8.921059E-12
4.000000E-1	3.626800E-10	3.626800E-10	9.235549E-12	9.235549E-12
4.100000E-1	3.726200E-10	3.726200E-10	9.488668E-12	9.488668E-12
4.200000E-1	3.844500E-10	3.844500E-10	9.789916E-12	9.789916E-12
4.300000E-1	3.946100E-10	3.946100E-10	1.004864E-11	1.004864E-11
4.400000E-1	4.058700E-10	4.058700E-10	1.033537E-11	1.033537E-11
4.500000E-1	4.177500E-10	4.177500E-10	1.063789E-11	1.063789E-11
4.600000E-1	4.277600E-10	4.277600E-10	1.089279E-11	1.089279E-11
4.700000E-1	4.432600E-10	4.432600E-10	1.128750E-11	1.128750E-11
4.800000E-1	4.562200E-10	4.562200E-10	1.161752E-11	1.161752E-11
4.900000E-1	4.710100E-10	4.710100E-10	1.199414E-11	1.199414E-11
5.000000E-1	4.799700E-10	4.799700E-10	1.222231E-11	1.222231E-11
