##
##
##15:37:20	20/01/21
##
##
##Ell Cont: 5,0x10,0
##
##SMU1	V name:		V1
##	I name:		I1
##	Mode:		V
##	Function:	VAR1
##SMU2	V name:		V2
##	I name:		I2
##	Mode:		common
##	Function:	const.
##SMU3	off
##SMU4	off
##VMUs	off
##
##Primary Source (VAR1):	single
##	Sweep Spacing:	linear
##	Start:		-0.500000
##	Stop:		0.500000
##	Step:		0.020000
##	Compliance:	0.050000
##Power Compliance OFF
##
##Timing:		Integration Time:	medium
##	Delay Time (sec):	0.000000
##	Hold Time (sec):	0.000000
##	Wait Time (sec):	1.000000
##
##Secondary Source (VAR2):	OFF
##
##
##   V1	   I1	Abs(I)	J (A\µm²)	Abs(J)
-5.000000E-1	-1.354970E-3	1.354970E-3	-3.450395E-5	3.450395E-5
-4.800000E-1	-1.297770E-3	1.297770E-3	-3.304736E-5	3.304736E-5
-4.600000E-1	-1.241360E-3	1.241360E-3	-3.161090E-5	3.161090E-5
-4.400000E-1	-1.184680E-3	1.184680E-3	-3.016756E-5	3.016756E-5
-4.200000E-1	-1.130790E-3	1.130790E-3	-2.879526E-5	2.879526E-5
-4.000000E-1	-1.076600E-3	1.076600E-3	-2.741533E-5	2.741533E-5
-3.800000E-1	-1.021390E-3	1.021390E-3	-2.600942E-5	2.600942E-5
-3.600000E-1	-9.675480E-4	9.675480E-4	-2.463835E-5	2.463835E-5
-3.400000E-1	-9.143710E-4	9.143710E-4	-2.328421E-5	2.328421E-5
-3.200000E-1	-8.604830E-4	8.604830E-4	-2.191197E-5	2.191197E-5
-3.000000E-1	-8.075290E-4	8.075290E-4	-2.056351E-5	2.056351E-5
-2.800000E-1	-7.542270E-4	7.542270E-4	-1.920619E-5	1.920619E-5
-2.600000E-1	-7.012360E-4	7.012360E-4	-1.785679E-5	1.785679E-5
-2.400000E-1	-6.484220E-4	6.484220E-4	-1.651189E-5	1.651189E-5
-2.200000E-1	-5.951840E-4	5.951840E-4	-1.515620E-5	1.515620E-5
-2.000000E-1	-5.420810E-4	5.420810E-4	-1.380395E-5	1.380395E-5
-1.800000E-1	-4.888070E-4	4.888070E-4	-1.244734E-5	1.244734E-5
-1.600000E-1	-4.351770E-4	4.351770E-4	-1.108167E-5	1.108167E-5
-1.400000E-1	-3.814780E-4	3.814780E-4	-9.714235E-6	9.714235E-6
-1.200000E-1	-3.278930E-4	3.278930E-4	-8.349707E-6	8.349707E-6
-1.000000E-1	-2.739030E-4	2.739030E-4	-6.974866E-6	6.974866E-6
-8.000000E-2	-2.197060E-4	2.197060E-4	-5.594754E-6	5.594754E-6
-6.000000E-2	-1.653100E-4	1.653100E-4	-4.209575E-6	4.209575E-6
-4.000000E-2	-1.106460E-4	1.106460E-4	-2.817571E-6	2.817571E-6
-2.000000E-2	-5.548150E-5	5.548150E-5	-1.412821E-6	1.412821E-6
0.000000E+0	-1.163487E-7	1.163487E-7	-2.962788E-9	2.962788E-9
2.000000E-2	5.548010E-5	5.548010E-5	1.412786E-6	1.412786E-6
4.000000E-2	1.114996E-4	1.114996E-4	2.839307E-6	2.839307E-6
6.000000E-2	1.679760E-4	1.679760E-4	4.277464E-6	4.277464E-6
8.000000E-2	2.250500E-4	2.250500E-4	5.730838E-6	5.730838E-6
1.000000E-1	2.826390E-4	2.826390E-4	7.197326E-6	7.197326E-6
1.200000E-1	3.407470E-4	3.407470E-4	8.677031E-6	8.677031E-6
1.400000E-1	3.996920E-4	3.996920E-4	1.017805E-5	1.017805E-5
1.600000E-1	4.591830E-4	4.591830E-4	1.169297E-5	1.169297E-5
1.800000E-1	5.193970E-4	5.193970E-4	1.322630E-5	1.322630E-5
2.000000E-1	5.804220E-4	5.804220E-4	1.478029E-5	1.478029E-5
2.200000E-1	6.419920E-4	6.419920E-4	1.634815E-5	1.634815E-5
2.400000E-1	7.043020E-4	7.043020E-4	1.793486E-5	1.793486E-5
2.600000E-1	7.676050E-4	7.676050E-4	1.954685E-5	1.954685E-5
2.800000E-1	8.313690E-4	8.313690E-4	2.117059E-5	2.117059E-5
3.000000E-1	8.963940E-4	8.963940E-4	2.282643E-5	2.282643E-5
3.200000E-1	9.624080E-4	9.624080E-4	2.450746E-5	2.450746E-5
3.400000E-1	1.029761E-3	1.029761E-3	2.622259E-5	2.622259E-5
3.600000E-1	1.097418E-3	1.097418E-3	2.794545E-5	2.794545E-5
3.800000E-1	1.167430E-3	1.167430E-3	2.972829E-5	2.972829E-5
4.000000E-1	1.236810E-3	1.236810E-3	3.149503E-5	3.149503E-5
4.200000E-1	1.308180E-3	1.308180E-3	3.331245E-5	3.331245E-5
4.400000E-1	1.379090E-3	1.379090E-3	3.511816E-5	3.511816E-5
4.600000E-1	1.450230E-3	1.450230E-3	3.692972E-5	3.692972E-5
4.800000E-1	1.522670E-3	1.522670E-3	3.877438E-5	3.877438E-5
5.000000E-1	1.597000E-3	1.597000E-3	4.066718E-5	4.066718E-5
