##
##
##15:18:49	20/01/21
##
##
##Ell Cont: 5,0x10,0
##
##SMU1	V name:		V1
##	I name:		I1
##	Mode:		V
##	Function:	VAR1
##SMU2	V name:		V2
##	I name:		I2
##	Mode:		common
##	Function:	const.
##SMU3	off
##SMU4	off
##VMUs	off
##
##Primary Source (VAR1):	single
##	Sweep Spacing:	linear
##	Start:		-0.500000
##	Stop:		0.500000
##	Step:		0.020000
##	Compliance:	0.050000
##Power Compliance OFF
##
##Timing:		Integration Time:	medium
##	Delay Time (sec):	0.000000
##	Hold Time (sec):	0.000000
##	Wait Time (sec):	1.000000
##
##Secondary Source (VAR2):	OFF
##
##
##   V1	   I1	Abs(I)	J (A\µm²)	Abs(J)
-5.000000E-1	-1.801730E-3	1.801730E-3	-4.588057E-5	4.588057E-5
-4.800000E-1	-1.731060E-3	1.731060E-3	-4.408098E-5	4.408098E-5
-4.600000E-1	-1.657800E-3	1.657800E-3	-4.221543E-5	4.221543E-5
-4.400000E-1	-1.585150E-3	1.585150E-3	-4.036542E-5	4.036542E-5
-4.200000E-1	-1.512270E-3	1.512270E-3	-3.850955E-5	3.850955E-5
-4.000000E-1	-1.441080E-3	1.441080E-3	-3.669671E-5	3.669671E-5
-3.800000E-1	-1.368070E-3	1.368070E-3	-3.483753E-5	3.483753E-5
-3.600000E-1	-1.296860E-3	1.296860E-3	-3.302419E-5	3.302419E-5
-3.400000E-1	-1.224230E-3	1.224230E-3	-3.117469E-5	3.117469E-5
-3.200000E-1	-1.152760E-3	1.152760E-3	-2.935472E-5	2.935472E-5
-3.000000E-1	-1.080850E-3	1.080850E-3	-2.752355E-5	2.752355E-5
-2.800000E-1	-1.009110E-3	1.009110E-3	-2.569671E-5	2.569671E-5
-2.600000E-1	-9.377270E-4	9.377270E-4	-2.387897E-5	2.387897E-5
-2.400000E-1	-8.664310E-4	8.664310E-4	-2.206343E-5	2.206343E-5
-2.200000E-1	-7.944310E-4	7.944310E-4	-2.022997E-5	2.022997E-5
-2.000000E-1	-7.229380E-4	7.229380E-4	-1.840942E-5	1.840942E-5
-1.800000E-1	-6.508680E-4	6.508680E-4	-1.657418E-5	1.657418E-5
-1.600000E-1	-5.789250E-4	5.789250E-4	-1.474217E-5	1.474217E-5
-1.400000E-1	-5.067150E-4	5.067150E-4	-1.290336E-5	1.290336E-5
-1.200000E-1	-4.346570E-4	4.346570E-4	-1.106842E-5	1.106842E-5
-1.000000E-1	-3.626780E-4	3.626780E-4	-9.235498E-6	9.235498E-6
-8.000000E-2	-2.903470E-4	2.903470E-4	-7.393608E-6	7.393608E-6
-6.000000E-2	-2.181320E-4	2.181320E-4	-5.554673E-6	5.554673E-6
-4.000000E-2	-1.456290E-4	1.456290E-4	-3.708403E-6	3.708403E-6
-2.000000E-2	-7.289860E-5	7.289860E-5	-1.856343E-6	1.856343E-6
0.000000E+0	-1.168708E-7	1.168708E-7	-2.976083E-9	2.976083E-9
2.000000E-2	7.250310E-5	7.250310E-5	1.846272E-6	1.846272E-6
4.000000E-2	1.452920E-4	1.452920E-4	3.699822E-6	3.699822E-6
6.000000E-2	2.184010E-4	2.184010E-4	5.561523E-6	5.561523E-6
8.000000E-2	2.917130E-4	2.917130E-4	7.428393E-6	7.428393E-6
1.000000E-1	3.652080E-4	3.652080E-4	9.299923E-6	9.299923E-6
1.200000E-1	4.393190E-4	4.393190E-4	1.118714E-5	1.118714E-5
1.400000E-1	5.137440E-4	5.137440E-4	1.308235E-5	1.308235E-5
1.600000E-1	5.879920E-4	5.879920E-4	1.497306E-5	1.497306E-5
1.800000E-1	6.631250E-4	6.631250E-4	1.688630E-5	1.688630E-5
2.000000E-1	7.384460E-4	7.384460E-4	1.880433E-5	1.880433E-5
2.200000E-1	8.137490E-4	8.137490E-4	2.072190E-5	2.072190E-5
2.400000E-1	8.899710E-4	8.899710E-4	2.266287E-5	2.266287E-5
2.600000E-1	9.668030E-4	9.668030E-4	2.461938E-5	2.461938E-5
2.800000E-1	1.043224E-3	1.043224E-3	2.656542E-5	2.656542E-5
3.000000E-1	1.121156E-3	1.121156E-3	2.854994E-5	2.854994E-5
3.200000E-1	1.198780E-3	1.198780E-3	3.052661E-5	3.052661E-5
3.400000E-1	1.277790E-3	1.277790E-3	3.253858E-5	3.253858E-5
3.600000E-1	1.357060E-3	1.357060E-3	3.455717E-5	3.455717E-5
3.800000E-1	1.436850E-3	1.436850E-3	3.658900E-5	3.658900E-5
4.000000E-1	1.515240E-3	1.515240E-3	3.858518E-5	3.858518E-5
4.200000E-1	1.596030E-3	1.596030E-3	4.064247E-5	4.064247E-5
4.400000E-1	1.678720E-3	1.678720E-3	4.274815E-5	4.274815E-5
4.600000E-1	1.749080E-3	1.749080E-3	4.453985E-5	4.453985E-5
4.800000E-1	1.781790E-3	1.781790E-3	4.537280E-5	4.537280E-5
5.000000E-1	1.630650E-3	1.630650E-3	4.152406E-5	4.152406E-5
