#
#
#17:14:44	09/02/21
#
#
#Ell Cont: 5,0x10,0
#
#SMU1	V name:		V1
#	I name:		I1
#	Mode:		V
#	Function:	VAR1
#SMU2	V name:		V2
#	I name:		I2
#	Mode:		common
#	Function:	const.
#SMU3	off
#SMU4	off
#VMUs	off
#
#Primary Source (VAR1):	single
#	Sweep Spacing:	linear
#	Start:		-0.500000
#	Stop:		0.500000
#	Step:		0.010000
#	Compliance:	0.050000
#Power Compliance OFF
#
#Timing:		Integration Time:	medium
#	Delay Time (sec):	0.000000
#	Hold Time (sec):	0.000000
#	Wait Time (sec):	1.000000
#
#Secondary Source (VAR2):	OFF
#
#
#   V1	   I1	Abs(I)	J (A\µm²)	Abs(J)
-5.000000E-1	-1.948430E-5	1.948430E-5	-4.961625E-7	4.961625E-7
-4.900000E-1	-1.880530E-5	1.880530E-5	-4.788719E-7	4.788719E-7
-4.800000E-1	-1.825290E-5	1.825290E-5	-4.648052E-7	4.648052E-7
-4.700000E-1	-1.766290E-5	1.766290E-5	-4.497810E-7	4.497810E-7
-4.600000E-1	-1.731780E-5	1.731780E-5	-4.409931E-7	4.409931E-7
-4.500000E-1	-1.676170E-5	1.676170E-5	-4.268322E-7	4.268322E-7
-4.400000E-1	-1.614900E-5	1.614900E-5	-4.112299E-7	4.112299E-7
-4.300000E-1	-1.552110E-5	1.552110E-5	-3.952406E-7	3.952406E-7
-4.200000E-1	-1.492590E-5	1.492590E-5	-3.800840E-7	3.800840E-7
-4.100000E-1	-1.433070E-5	1.433070E-5	-3.649274E-7	3.649274E-7
-4.000000E-1	-1.377060E-5	1.377060E-5	-3.506646E-7	3.506646E-7
-3.900000E-1	-1.319390E-5	1.319390E-5	-3.359791E-7	3.359791E-7
-3.800000E-1	-1.266510E-5	1.266510E-5	-3.225134E-7	3.225134E-7
-3.700000E-1	-1.211250E-5	1.211250E-5	-3.084416E-7	3.084416E-7
-3.600000E-1	-1.158210E-5	1.158210E-5	-2.949351E-7	2.949351E-7
-3.500000E-1	-1.105250E-5	1.105250E-5	-2.814489E-7	2.814489E-7
-3.400000E-1	-1.054350E-5	1.054350E-5	-2.684874E-7	2.684874E-7
-3.300000E-1	-1.004000E-5	1.004000E-5	-2.556659E-7	2.556659E-7
-3.200000E-1	-9.548200E-6	9.548200E-6	-2.431423E-7	2.431423E-7
-3.100000E-1	-9.067380E-6	9.067380E-6	-2.308984E-7	2.308984E-7
-3.000000E-1	-8.602860E-6	8.602860E-6	-2.190695E-7	2.190695E-7
-2.900000E-1	-8.145480E-6	8.145480E-6	-2.074225E-7	2.074225E-7
-2.800000E-1	-7.702410E-6	7.702410E-6	-1.961398E-7	1.961398E-7
-2.700000E-1	-7.269620E-6	7.269620E-6	-1.851189E-7	1.851189E-7
-2.600000E-1	-6.849910E-6	6.849910E-6	-1.744311E-7	1.744311E-7
-2.500000E-1	-6.439900E-6	6.439900E-6	-1.639903E-7	1.639903E-7
-2.400000E-1	-6.034700E-6	6.034700E-6	-1.536720E-7	1.536720E-7
-2.300000E-1	-5.659550E-6	5.659550E-6	-1.441189E-7	1.441189E-7
-2.200000E-1	-5.282570E-6	5.282570E-6	-1.345192E-7	1.345192E-7
-2.100000E-1	-4.927710E-6	4.927710E-6	-1.254828E-7	1.254828E-7
-2.000000E-1	-4.575420E-6	4.575420E-6	-1.165118E-7	1.165118E-7
-1.900000E-1	-4.241690E-6	4.241690E-6	-1.080135E-7	1.080135E-7
-1.800000E-1	-3.914340E-6	3.914340E-6	-9.967762E-8	9.967762E-8
-1.700000E-1	-3.602310E-6	3.602310E-6	-9.173186E-8	9.173186E-8
-1.600000E-1	-3.302580E-6	3.302580E-6	-8.409931E-8	8.409931E-8
-1.500000E-1	-3.016470E-6	3.016470E-6	-7.681360E-8	7.681360E-8
-1.400000E-1	-2.743460E-6	2.743460E-6	-6.986147E-8	6.986147E-8
-1.300000E-1	-2.481190E-6	2.481190E-6	-6.318284E-8	6.318284E-8
-1.200000E-1	-2.233670E-6	2.233670E-6	-5.687981E-8	5.687981E-8
-1.100000E-1	-1.994700E-6	1.994700E-6	-5.079450E-8	5.079450E-8
-1.000000E-1	-1.770820E-6	1.770820E-6	-4.509346E-8	4.509346E-8
-9.000000E-2	-1.555790E-6	1.555790E-6	-3.961777E-8	3.961777E-8
-8.000000E-2	-1.352710E-6	1.352710E-6	-3.444640E-8	3.444640E-8
-7.000000E-2	-1.158950E-6	1.158950E-6	-2.951235E-8	2.951235E-8
-6.000000E-2	-9.749940E-7	9.749940E-7	-2.482796E-8	2.482796E-8
-5.000000E-2	-7.982990E-7	7.982990E-7	-2.032847E-8	2.032847E-8
-4.000000E-2	-6.299230E-7	6.299230E-7	-1.604082E-8	1.604082E-8
-3.000000E-2	-4.668050E-7	4.668050E-7	-1.188706E-8	1.188706E-8
-2.000000E-2	-3.082310E-7	3.082310E-7	-7.849020E-9	7.849020E-9
-1.000000E-2	-1.539750E-7	1.539750E-7	-3.920932E-9	3.920932E-9
0.000000E+0	-6.802000E-10	6.802000E-10	-1.732111E-11	1.732111E-11
1.000000E-2	1.518280E-7	1.518280E-7	3.866259E-9	3.866259E-9
2.000000E-2	3.075710E-7	3.075710E-7	7.832213E-9	7.832213E-9
3.000000E-2	4.647640E-7	4.647640E-7	1.183509E-8	1.183509E-8
4.000000E-2	6.276520E-7	6.276520E-7	1.598299E-8	1.598299E-8
5.000000E-2	7.951780E-7	7.951780E-7	2.024899E-8	2.024899E-8
6.000000E-2	9.710140E-7	9.710140E-7	2.472661E-8	2.472661E-8
7.000000E-2	1.156180E-6	1.156180E-6	2.944181E-8	2.944181E-8
8.000000E-2	1.349580E-6	1.349580E-6	3.436669E-8	3.436669E-8
9.000000E-2	1.553320E-6	1.553320E-6	3.955488E-8	3.955488E-8
1.000000E-1	1.767100E-6	1.767100E-6	4.499873E-8	4.499873E-8
1.100000E-1	1.992260E-6	1.992260E-6	5.073237E-8	5.073237E-8
1.200000E-1	2.229300E-6	2.229300E-6	5.676852E-8	5.676852E-8
1.300000E-1	2.477430E-6	2.477430E-6	6.308709E-8	6.308709E-8
1.400000E-1	2.737740E-6	2.737740E-6	6.971581E-8	6.971581E-8
1.500000E-1	3.012050E-6	3.012050E-6	7.670104E-8	7.670104E-8
1.600000E-1	3.298030E-6	3.298030E-6	8.398345E-8	8.398345E-8
1.700000E-1	3.595910E-6	3.595910E-6	9.156888E-8	9.156888E-8
1.800000E-1	3.909360E-6	3.909360E-6	9.955080E-8	9.955080E-8
1.900000E-1	4.230080E-6	4.230080E-6	1.077178E-7	1.077178E-7
2.000000E-1	4.564390E-6	4.564390E-6	1.162310E-7	1.162310E-7
2.100000E-1	4.914070E-6	4.914070E-6	1.251355E-7	1.251355E-7
2.200000E-1	5.276270E-6	5.276270E-6	1.343588E-7	1.343588E-7
2.300000E-1	5.646710E-6	5.646710E-6	1.437920E-7	1.437920E-7
2.400000E-1	6.035050E-6	6.035050E-6	1.536809E-7	1.536809E-7
2.500000E-1	6.424460E-6	6.424460E-6	1.635971E-7	1.635971E-7
2.600000E-1	6.835640E-6	6.835640E-6	1.740677E-7	1.740677E-7
2.700000E-1	7.254310E-6	7.254310E-6	1.847291E-7	1.847291E-7
2.800000E-1	7.689250E-6	7.689250E-6	1.958047E-7	1.958047E-7
2.900000E-1	8.131430E-6	8.131430E-6	2.070647E-7	2.070647E-7
3.000000E-1	8.587140E-6	8.587140E-6	2.186692E-7	2.186692E-7
3.100000E-1	9.056660E-6	9.056660E-6	2.306254E-7	2.306254E-7
3.200000E-1	9.526840E-6	9.526840E-6	2.425984E-7	2.425984E-7
3.300000E-1	1.001688E-5	1.001688E-5	2.550772E-7	2.550772E-7
3.400000E-1	1.051628E-5	1.051628E-5	2.677942E-7	2.677942E-7
3.500000E-1	1.102690E-5	1.102690E-5	2.807970E-7	2.807970E-7
3.600000E-1	1.154450E-5	1.154450E-5	2.939776E-7	2.939776E-7
3.700000E-1	1.207910E-5	1.207910E-5	3.075910E-7	3.075910E-7
3.800000E-1	1.262850E-5	1.262850E-5	3.215814E-7	3.215814E-7
3.900000E-1	1.318440E-5	1.318440E-5	3.357372E-7	3.357372E-7
4.000000E-1	1.375720E-5	1.375720E-5	3.503234E-7	3.503234E-7
4.100000E-1	1.433520E-5	1.433520E-5	3.650420E-7	3.650420E-7
4.200000E-1	1.492840E-5	1.492840E-5	3.801477E-7	3.801477E-7
4.300000E-1	1.553050E-5	1.553050E-5	3.954800E-7	3.954800E-7
4.400000E-1	1.614000E-5	1.614000E-5	4.110008E-7	4.110008E-7
4.500000E-1	1.676370E-5	1.676370E-5	4.268831E-7	4.268831E-7
4.600000E-1	1.740040E-5	1.740040E-5	4.430965E-7	4.430965E-7
4.700000E-1	1.804270E-5	1.804270E-5	4.594525E-7	4.594525E-7
4.800000E-1	1.870630E-5	1.870630E-5	4.763509E-7	4.763509E-7
4.900000E-1	1.937470E-5	1.937470E-5	4.933715E-7	4.933715E-7
5.000000E-1	2.006910E-5	2.006910E-5	5.110542E-7	5.110542E-7
