#
#
#17:40:08	09/02/21
#
#
#Ell Cont: 5,0x10,0
#
#SMU1	V name:		V1
#	I name:		I1
#	Mode:		V
#	Function:	VAR1
#SMU2	V name:		V2
#	I name:		I2
#	Mode:		common
#	Function:	const.
#SMU3	off
#SMU4	off
#VMUs	off
#
#Primary Source (VAR1):	single
#	Sweep Spacing:	linear
#	Start:		-0.500000
#	Stop:		0.500000
#	Step:		0.010000
#	Compliance:	0.050000
#Power Compliance OFF
#
#Timing:		Integration Time:	medium
#	Delay Time (sec):	0.000000
#	Hold Time (sec):	0.000000
#	Wait Time (sec):	1.000000
#
#Secondary Source (VAR2):	OFF
#
#
#   V1	   I1	Abs(I)	J (A\µm²)	Abs(J)
-5.000000E-1	-4.610770E-7	4.610770E-7	-1.174120E-8	1.174120E-8
-4.900000E-1	-4.429670E-7	4.429670E-7	-1.128004E-8	1.128004E-8
-4.800000E-1	-4.250720E-7	4.250720E-7	-1.082434E-8	1.082434E-8
-4.700000E-1	-4.089630E-7	4.089630E-7	-1.041413E-8	1.041413E-8
-4.600000E-1	-3.936290E-7	3.936290E-7	-1.002366E-8	1.002366E-8
-4.500000E-1	-3.786020E-7	3.786020E-7	-9.640998E-9	9.640998E-9
-4.400000E-1	-3.639750E-7	3.639750E-7	-9.268525E-9	9.268525E-9
-4.300000E-1	-3.504600E-7	3.504600E-7	-8.924370E-9	8.924370E-9
-4.200000E-1	-3.358860E-7	3.358860E-7	-8.553247E-9	8.553247E-9
-4.100000E-1	-3.219490E-7	3.219490E-7	-8.198345E-9	8.198345E-9
-4.000000E-1	-3.083780E-7	3.083780E-7	-7.852763E-9	7.852763E-9
-3.900000E-1	-2.955280E-7	2.955280E-7	-7.525541E-9	7.525541E-9
-3.800000E-1	-2.827060E-7	2.827060E-7	-7.199032E-9	7.199032E-9
-3.700000E-1	-2.699990E-7	2.699990E-7	-6.875452E-9	6.875452E-9
-3.600000E-1	-2.577580E-7	2.577580E-7	-6.563738E-9	6.563738E-9
-3.500000E-1	-2.460250E-7	2.460250E-7	-6.264960E-9	6.264960E-9
-3.400000E-1	-2.343040E-7	2.343040E-7	-5.966488E-9	5.966488E-9
-3.300000E-1	-2.229920E-7	2.229920E-7	-5.678431E-9	5.678431E-9
-3.200000E-1	-2.117830E-7	2.117830E-7	-5.392997E-9	5.392997E-9
-3.100000E-1	-2.010670E-7	2.010670E-7	-5.120117E-9	5.120117E-9
-3.000000E-1	-1.905350E-7	1.905350E-7	-4.851923E-9	4.851923E-9
-2.900000E-1	-1.802560E-7	1.802560E-7	-4.590171E-9	4.590171E-9
-2.800000E-1	-1.703820E-7	1.703820E-7	-4.338732E-9	4.338732E-9
-2.700000E-1	-1.609330E-7	1.609330E-7	-4.098116E-9	4.098116E-9
-2.600000E-1	-1.515260E-7	1.515260E-7	-3.858569E-9	3.858569E-9
-2.500000E-1	-1.424180E-7	1.424180E-7	-3.626636E-9	3.626636E-9
-2.400000E-1	-1.334640E-7	1.334640E-7	-3.398625E-9	3.398625E-9
-2.300000E-1	-1.246900E-7	1.246900E-7	-3.175197E-9	3.175197E-9
-2.200000E-1	-1.164380E-7	1.164380E-7	-2.965062E-9	2.965062E-9
-2.100000E-1	-1.083870E-7	1.083870E-7	-2.760046E-9	2.760046E-9
-2.000000E-1	-1.009746E-7	1.009746E-7	-2.571291E-9	2.571291E-9
-1.900000E-1	-9.335430E-8	9.335430E-8	-2.377242E-9	2.377242E-9
-1.800000E-1	-8.637930E-8	8.637930E-8	-2.199626E-9	2.199626E-9
-1.700000E-1	-7.943550E-8	7.943550E-8	-2.022804E-9	2.022804E-9
-1.600000E-1	-7.272280E-8	7.272280E-8	-1.851867E-9	1.851867E-9
-1.500000E-1	-6.616670E-8	6.616670E-8	-1.684917E-9	1.684917E-9
-1.400000E-1	-6.013960E-8	6.013960E-8	-1.531439E-9	1.531439E-9
-1.300000E-1	-5.429630E-8	5.429630E-8	-1.382641E-9	1.382641E-9
-1.200000E-1	-4.887670E-8	4.887670E-8	-1.244632E-9	1.244632E-9
-1.100000E-1	-4.349390E-8	4.349390E-8	-1.107560E-9	1.107560E-9
-1.000000E-1	-3.843000E-8	3.843000E-8	-9.786096E-10	9.786096E-10
-9.000000E-2	-3.361210E-8	3.361210E-8	-8.559231E-10	8.559231E-10
-8.000000E-2	-2.905780E-8	2.905780E-8	-7.399491E-10	7.399491E-10
-7.000000E-2	-2.474690E-8	2.474690E-8	-6.301732E-10	6.301732E-10
-6.000000E-2	-2.068380E-8	2.068380E-8	-5.267074E-10	5.267074E-10
-5.000000E-2	-1.675720E-8	1.675720E-8	-4.267176E-10	4.267176E-10
-4.000000E-2	-1.301610E-8	1.301610E-8	-3.314515E-10	3.314515E-10
-3.000000E-2	-9.969880E-9	9.969880E-9	-2.538803E-10	2.538803E-10
-2.000000E-2	-6.382640E-9	6.382640E-9	-1.625322E-10	1.625322E-10
-1.000000E-2	-2.939500E-9	2.939500E-9	-7.485358E-11	7.485358E-11
0.000000E+0	2.785500E-10	2.785500E-10	7.093201E-12	7.093201E-12
1.000000E-2	3.610270E-9	3.610270E-9	9.193455E-11	9.193455E-11
2.000000E-2	7.036590E-9	7.036590E-9	1.791849E-10	1.791849E-10
3.000000E-2	1.053860E-8	1.053860E-8	2.683626E-10	2.683626E-10
4.000000E-2	1.476780E-8	1.476780E-8	3.760581E-10	3.760581E-10
5.000000E-2	1.856120E-8	1.856120E-8	4.726560E-10	4.726560E-10
6.000000E-2	2.253980E-8	2.253980E-8	5.739699E-10	5.739699E-10
7.000000E-2	2.671300E-8	2.671300E-8	6.802394E-10	6.802394E-10
8.000000E-2	3.099700E-8	3.099700E-8	7.893303E-10	7.893303E-10
9.000000E-2	3.557300E-8	3.557300E-8	9.058569E-10	9.058569E-10
1.000000E-1	4.027370E-8	4.027370E-8	1.025559E-9	1.025559E-9
1.100000E-1	4.534990E-8	4.534990E-8	1.154823E-9	1.154823E-9
1.200000E-1	5.066990E-8	5.066990E-8	1.290295E-9	1.290295E-9
1.300000E-1	5.636630E-8	5.636630E-8	1.435353E-9	1.435353E-9
1.400000E-1	6.195090E-8	6.195090E-8	1.577563E-9	1.577563E-9
1.500000E-1	6.807550E-8	6.807550E-8	1.733524E-9	1.733524E-9
1.600000E-1	7.439370E-8	7.439370E-8	1.894416E-9	1.894416E-9
1.700000E-1	8.107670E-8	8.107670E-8	2.064596E-9	2.064596E-9
1.800000E-1	8.788590E-8	8.788590E-8	2.237991E-9	2.237991E-9
1.900000E-1	9.435550E-8	9.435550E-8	2.402737E-9	2.402737E-9
2.000000E-1	1.019700E-7	1.019700E-7	2.596639E-9	2.596639E-9
2.100000E-1	1.102510E-7	1.102510E-7	2.807512E-9	2.807512E-9
2.200000E-1	1.184070E-7	1.184070E-7	3.015202E-9	3.015202E-9
2.300000E-1	1.265440E-7	1.265440E-7	3.222409E-9	3.222409E-9
2.400000E-1	1.349190E-7	1.349190E-7	3.435676E-9	3.435676E-9
2.500000E-1	1.440500E-7	1.440500E-7	3.668195E-9	3.668195E-9
2.600000E-1	1.529910E-7	1.529910E-7	3.895875E-9	3.895875E-9
2.700000E-1	1.627280E-7	1.627280E-7	4.143825E-9	4.143825E-9
2.800000E-1	1.720620E-7	1.720620E-7	4.381513E-9	4.381513E-9
2.900000E-1	1.821770E-7	1.821770E-7	4.639088E-9	4.639088E-9
3.000000E-1	1.923790E-7	1.923790E-7	4.898879E-9	4.898879E-9
3.100000E-1	2.029140E-7	2.029140E-7	5.167150E-9	5.167150E-9
3.200000E-1	2.136190E-7	2.136190E-7	5.439750E-9	5.439750E-9
3.300000E-1	2.247730E-7	2.247730E-7	5.723784E-9	5.723784E-9
3.400000E-1	2.358090E-7	2.358090E-7	6.004813E-9	6.004813E-9
3.500000E-1	2.480450E-7	2.480450E-7	6.316399E-9	6.316399E-9
3.600000E-1	2.601600E-7	2.601600E-7	6.624904E-9	6.624904E-9
3.700000E-1	2.724850E-7	2.724850E-7	6.938757E-9	6.938757E-9
3.800000E-1	2.852000E-7	2.852000E-7	7.262541E-9	7.262541E-9
3.900000E-1	2.973780E-7	2.973780E-7	7.572651E-9	7.572651E-9
4.000000E-1	3.108110E-7	3.108110E-7	7.914719E-9	7.914719E-9
4.100000E-1	3.243460E-7	3.243460E-7	8.259384E-9	8.259384E-9
4.200000E-1	3.376560E-7	3.376560E-7	8.598319E-9	8.598319E-9
4.300000E-1	3.513190E-7	3.513190E-7	8.946244E-9	8.946244E-9
4.400000E-1	3.655150E-7	3.655150E-7	9.307741E-9	9.307741E-9
4.500000E-1	3.795880E-7	3.795880E-7	9.666106E-9	9.666106E-9
4.600000E-1	3.951070E-7	3.951070E-7	1.006129E-8	1.006129E-8
4.700000E-1	4.110690E-7	4.110690E-7	1.046776E-8	1.046776E-8
4.800000E-1	4.266980E-7	4.266980E-7	1.086575E-8	1.086575E-8
4.900000E-1	4.426220E-7	4.426220E-7	1.127125E-8	1.127125E-8
5.000000E-1	4.575060E-7	4.575060E-7	1.165027E-8	1.165027E-8
