

14:28:24	17/03/21


Ell Cont: 5,0x10,0

SMU1	V name:		V1
	I name:		I1
	Mode:		V
	Function:	VAR1
SMU2	V name:		V2
	I name:		I2
	Mode:		common
	Function:	const.
SMU3	off
SMU4	off
VMUs	off

Primary Source (VAR1):	single
	Sweep Spacing:	linear
	Start:		-0.500000
	Stop:		0.500000
	Step:		0.010000
	Compliance:	0.050000
Power Compliance OFF

Timing:		Integration Time:	medium
	Delay Time (sec):	0.000000
	Hold Time (sec):	0.000000
	Wait Time (sec):	1.000000

Secondary Source (VAR2):	OFF


   V1	   I1	Abs(I)	J (A\µm²)	Abs(J)
-5.000000E-1	-2.978180E-9	2.978180E-9	-7.583855E-11	7.583855E-11
-4.900000E-1	-2.897410E-9	2.897410E-9	-7.378177E-11	7.378177E-11
-4.800000E-1	-2.361320E-9	2.361320E-9	-6.013038E-11	6.013038E-11
-4.700000E-1	-2.015010E-9	2.015010E-9	-5.131169E-11	5.131169E-11
-4.600000E-1	-1.845130E-9	1.845130E-9	-4.698574E-11	4.698574E-11
-4.500000E-1	-1.872570E-9	1.872570E-9	-4.768449E-11	4.768449E-11
-4.400000E-1	-1.684730E-9	1.684730E-9	-4.290120E-11	4.290120E-11
-4.300000E-1	-1.617210E-9	1.617210E-9	-4.118182E-11	4.118182E-11
-4.200000E-1	-1.300010E-9	1.300010E-9	-3.310441E-11	3.310441E-11
-4.100000E-1	-1.332230E-9	1.332230E-9	-3.392488E-11	3.392488E-11
-4.000000E-1	-1.136760E-9	1.136760E-9	-2.894729E-11	2.894729E-11
-3.900000E-1	-1.063600E-9	1.063600E-9	-2.708429E-11	2.708429E-11
-3.800000E-1	-9.923100E-10	9.923100E-10	-2.526891E-11	2.526891E-11
-3.700000E-1	-9.891300E-10	9.891300E-10	-2.518793E-11	2.518793E-11
-3.600000E-1	-7.017600E-10	7.017600E-10	-1.787013E-11	1.787013E-11
-3.500000E-1	-8.535100E-10	8.535100E-10	-2.173440E-11	2.173440E-11
-3.400000E-1	-8.548100E-10	8.548100E-10	-2.176751E-11	2.176751E-11
-3.300000E-1	-6.825700E-10	6.825700E-10	-1.738146E-11	1.738146E-11
-3.200000E-1	-6.736700E-10	6.736700E-10	-1.715483E-11	1.715483E-11
-3.100000E-1	-5.465700E-10	5.465700E-10	-1.391826E-11	1.391826E-11
-3.000000E-1	-4.903400E-10	4.903400E-10	-1.248638E-11	1.248638E-11
-2.900000E-1	-3.299700E-10	3.299700E-10	-8.402597E-12	8.402597E-12
-2.800000E-1	-3.558900E-10	3.558900E-10	-9.062643E-12	9.062643E-12
-2.700000E-1	-2.923900E-10	2.923900E-10	-7.445633E-12	7.445633E-12
-2.600000E-1	-2.648100E-10	2.648100E-10	-6.743315E-12	6.743315E-12
-2.500000E-1	-3.072100E-10	3.072100E-10	-7.823020E-12	7.823020E-12
-2.400000E-1	-1.750800E-10	1.750800E-10	-4.458365E-12	4.458365E-12
-2.300000E-1	-9.302000E-11	9.302000E-11	-2.368729E-12	2.368729E-12
-2.200000E-1	-9.089000E-11	9.089000E-11	-2.314489E-12	2.314489E-12
-2.100000E-1	-1.235900E-10	1.235900E-10	-3.147186E-12	3.147186E-12
-2.000000E-1	-1.002500E-10	1.002500E-10	-2.552839E-12	2.552839E-12
-1.900000E-1	-5.789000E-11	5.789000E-11	-1.474153E-12	1.474153E-12
-1.800000E-1	-4.835000E-11	4.835000E-11	-1.231220E-12	1.231220E-12
-1.700000E-1	-4.267000E-11	4.267000E-11	-1.086580E-12	1.086580E-12
-1.600000E-1	-1.323000E-11	1.323000E-11	-3.368984E-13	3.368984E-13
-1.500000E-1	-5.038000E-11	5.038000E-11	-1.282913E-12	1.282913E-12
-1.400000E-1	3.780000E-12	3.780000E-12	9.625668E-14	9.625668E-14
-1.300000E-1	1.302000E-11	1.302000E-11	3.315508E-13	3.315508E-13
-1.200000E-1	1.764000E-11	1.764000E-11	4.491979E-13	4.491979E-13
-1.100000E-1	2.478000E-11	2.478000E-11	6.310160E-13	6.310160E-13
-1.000000E-1	9.610000E-12	9.610000E-12	2.447161E-13	2.447161E-13
-9.000000E-2	4.965000E-11	4.965000E-11	1.264324E-12	1.264324E-12
-8.000000E-2	5.270000E-11	5.270000E-11	1.341991E-12	1.341991E-12
-7.000000E-2	6.167000E-11	6.167000E-11	1.570410E-12	1.570410E-12
-6.000000E-2	6.193000E-11	6.193000E-11	1.577031E-12	1.577031E-12
-5.000000E-2	7.154000E-11	7.154000E-11	1.821747E-12	1.821747E-12
-4.000000E-2	7.896000E-11	7.896000E-11	2.010695E-12	2.010695E-12
-3.000000E-2	8.353000E-11	8.353000E-11	2.127069E-12	2.127069E-12
-2.000000E-2	9.029000E-11	9.029000E-11	2.299211E-12	2.299211E-12
-1.000000E-2	9.145000E-11	9.145000E-11	2.328750E-12	2.328750E-12
0.000000E+0	9.405000E-11	9.405000E-11	2.394958E-12	2.394958E-12
1.000000E-2	1.014100E-10	1.014100E-10	2.582378E-12	2.582378E-12
2.000000E-2	1.042000E-10	1.042000E-10	2.653425E-12	2.653425E-12
3.000000E-2	1.125100E-10	1.125100E-10	2.865037E-12	2.865037E-12
4.000000E-2	1.135700E-10	1.135700E-10	2.892030E-12	2.892030E-12
5.000000E-2	1.193700E-10	1.193700E-10	3.039725E-12	3.039725E-12
6.000000E-2	1.220900E-10	1.220900E-10	3.108989E-12	3.108989E-12
7.000000E-2	1.283300E-10	1.283300E-10	3.267889E-12	3.267889E-12
8.000000E-2	1.301300E-10	1.301300E-10	3.313725E-12	3.313725E-12
9.000000E-2	1.374400E-10	1.374400E-10	3.499873E-12	3.499873E-12
1.000000E-1	1.421000E-10	1.421000E-10	3.618538E-12	3.618538E-12
1.100000E-1	1.454000E-10	1.454000E-10	3.702572E-12	3.702572E-12
1.200000E-1	1.544500E-10	1.544500E-10	3.933028E-12	3.933028E-12
1.300000E-1	1.586000E-10	1.586000E-10	4.038706E-12	4.038706E-12
1.400000E-1	1.637100E-10	1.637100E-10	4.168831E-12	4.168831E-12
1.500000E-1	1.705100E-10	1.705100E-10	4.341991E-12	4.341991E-12
1.600000E-1	1.830900E-10	1.830900E-10	4.662338E-12	4.662338E-12
1.700000E-1	1.864200E-10	1.864200E-10	4.747135E-12	4.747135E-12
1.800000E-1	1.948600E-10	1.948600E-10	4.962057E-12	4.962057E-12
1.900000E-1	2.014300E-10	2.014300E-10	5.129361E-12	5.129361E-12
2.000000E-1	2.106000E-10	2.106000E-10	5.362872E-12	5.362872E-12
2.100000E-1	2.195100E-10	2.195100E-10	5.589763E-12	5.589763E-12
2.200000E-1	2.287700E-10	2.287700E-10	5.825567E-12	5.825567E-12
2.300000E-1	2.390800E-10	2.390800E-10	6.088108E-12	6.088108E-12
2.400000E-1	2.530000E-10	2.530000E-10	6.442577E-12	6.442577E-12
2.500000E-1	2.633100E-10	2.633100E-10	6.705118E-12	6.705118E-12
2.600000E-1	2.779100E-10	2.779100E-10	7.076903E-12	7.076903E-12
2.700000E-1	2.894400E-10	2.894400E-10	7.370512E-12	7.370512E-12
2.800000E-1	3.012900E-10	3.012900E-10	7.672269E-12	7.672269E-12
2.900000E-1	3.161500E-10	3.161500E-10	8.050675E-12	8.050675E-12
3.000000E-1	3.337400E-10	3.337400E-10	8.498599E-12	8.498599E-12
3.100000E-1	3.495600E-10	3.495600E-10	8.901451E-12	8.901451E-12
3.200000E-1	3.671200E-10	3.671200E-10	9.348612E-12	9.348612E-12
3.300000E-1	3.870300E-10	3.870300E-10	9.855615E-12	9.855615E-12
3.400000E-1	4.025100E-10	4.025100E-10	1.024981E-11	1.024981E-11
3.500000E-1	4.267500E-10	4.267500E-10	1.086707E-11	1.086707E-11
3.600000E-1	4.414500E-10	4.414500E-10	1.124141E-11	1.124141E-11
3.700000E-1	4.623500E-10	4.623500E-10	1.177362E-11	1.177362E-11
3.800000E-1	4.949700E-10	4.949700E-10	1.260428E-11	1.260428E-11
3.900000E-1	5.235200E-10	5.235200E-10	1.333130E-11	1.333130E-11
4.000000E-1	5.469200E-10	5.469200E-10	1.392717E-11	1.392717E-11
4.100000E-1	5.807700E-10	5.807700E-10	1.478915E-11	1.478915E-11
4.200000E-1	6.105000E-10	6.105000E-10	1.554622E-11	1.554622E-11
4.300000E-1	6.431700E-10	6.431700E-10	1.637815E-11	1.637815E-11
4.400000E-1	6.760200E-10	6.760200E-10	1.721467E-11	1.721467E-11
4.500000E-1	7.155500E-10	7.155500E-10	1.822129E-11	1.822129E-11
4.600000E-1	7.548700E-10	7.548700E-10	1.922256E-11	1.922256E-11
4.700000E-1	8.296800E-10	8.296800E-10	2.112758E-11	2.112758E-11
4.800000E-1	1.066410E-9	1.066410E-9	2.715584E-11	2.715584E-11
4.900000E-1	1.161240E-9	1.161240E-9	2.957066E-11	2.957066E-11
5.000000E-1	1.221890E-9	1.221890E-9	3.111510E-11	3.111510E-11
