

14:30:38	17/03/21


Ell Cont: 5,0x10,0

SMU1	V name:		V1
	I name:		I1
	Mode:		V
	Function:	VAR1
SMU2	V name:		V2
	I name:		I2
	Mode:		common
	Function:	const.
SMU3	off
SMU4	off
VMUs	off

Primary Source (VAR1):	single
	Sweep Spacing:	linear
	Start:		-0.500000
	Stop:		0.500000
	Step:		0.010000
	Compliance:	0.050000
Power Compliance OFF

Timing:		Integration Time:	medium
	Delay Time (sec):	0.000000
	Hold Time (sec):	0.000000
	Wait Time (sec):	1.000000

Secondary Source (VAR2):	OFF


   V1	   I1	Abs(I)	J (A\µm²)	Abs(J)
-5.000000E-1	-9.560000E-12	9.560000E-12	-2.434428E-13	2.434428E-13
-4.900000E-1	1.900000E-12	1.900000E-12	4.838299E-14	4.838299E-14
-4.800000E-1	-3.400000E-13	3.400000E-13	-8.658009E-15	8.658009E-15
-4.700000E-1	-4.190000E-12	4.190000E-12	-1.066972E-13	1.066972E-13
-4.600000E-1	-3.980000E-12	3.980000E-12	-1.013496E-13	1.013496E-13
-4.500000E-1	-3.030000E-12	3.030000E-12	-7.715814E-14	7.715814E-14
-4.400000E-1	-2.000000E-14	2.000000E-14	-5.092946E-16	5.092946E-16
-4.300000E-1	1.190000E-12	1.190000E-12	3.030303E-14	3.030303E-14
-4.200000E-1	2.700000E-12	2.700000E-12	6.875477E-14	6.875477E-14
-4.100000E-1	8.700000E-13	8.700000E-13	2.215432E-14	2.215432E-14
-4.000000E-1	-1.980000E-12	1.980000E-12	-5.042017E-14	5.042017E-14
-3.900000E-1	-3.030000E-12	3.030000E-12	-7.715814E-14	7.715814E-14
-3.800000E-1	-7.400000E-13	7.400000E-13	-1.884390E-14	1.884390E-14
-3.700000E-1	1.650000E-12	1.650000E-12	4.201681E-14	4.201681E-14
-3.600000E-1	4.470000E-12	4.470000E-12	1.138273E-13	1.138273E-13
-3.500000E-1	5.370000E-12	5.370000E-12	1.367456E-13	1.367456E-13
-3.400000E-1	9.900000E-13	9.900000E-13	2.521008E-14	2.521008E-14
-3.300000E-1	1.240000E-12	1.240000E-12	3.157627E-14	3.157627E-14
-3.200000E-1	9.900000E-13	9.900000E-13	2.521008E-14	2.521008E-14
-3.100000E-1	2.150000E-12	2.150000E-12	5.474917E-14	5.474917E-14
-3.000000E-1	3.610000E-12	3.610000E-12	9.192768E-14	9.192768E-14
-2.900000E-1	7.170000E-12	7.170000E-12	1.825821E-13	1.825821E-13
-2.800000E-1	4.650000E-12	4.650000E-12	1.184110E-13	1.184110E-13
-2.700000E-1	-3.800000E-13	3.800000E-13	-9.676598E-15	9.676598E-15
-2.600000E-1	2.200000E-13	2.200000E-13	5.602241E-15	5.602241E-15
-2.500000E-1	-1.850000E-12	1.850000E-12	-4.710975E-14	4.710975E-14
-2.400000E-1	4.700000E-13	4.700000E-13	1.196842E-14	1.196842E-14
-2.300000E-1	3.270000E-12	3.270000E-12	8.326967E-14	8.326967E-14
-2.200000E-1	4.190000E-12	4.190000E-12	1.066972E-13	1.066972E-13
-2.100000E-1	2.310000E-12	2.310000E-12	5.882353E-14	5.882353E-14
-2.000000E-1	-1.500000E-12	1.500000E-12	-3.819710E-14	3.819710E-14
-1.900000E-1	-9.000000E-14	9.000000E-14	-2.291826E-15	2.291826E-15
-1.800000E-1	1.010000E-12	1.010000E-12	2.571938E-14	2.571938E-14
-1.700000E-1	6.400000E-13	6.400000E-13	1.629743E-14	1.629743E-14
-1.600000E-1	3.440000E-12	3.440000E-12	8.759867E-14	8.759867E-14
-1.500000E-1	3.840000E-12	3.840000E-12	9.778457E-14	9.778457E-14
-1.400000E-1	8.900000E-13	8.900000E-13	2.266361E-14	2.266361E-14
-1.300000E-1	-1.470000E-12	1.470000E-12	-3.743315E-14	3.743315E-14
-1.200000E-1	1.750000E-12	1.750000E-12	4.456328E-14	4.456328E-14
-1.100000E-1	1.740000E-12	1.740000E-12	4.430863E-14	4.430863E-14
-1.000000E-1	1.950000E-12	1.950000E-12	4.965623E-14	4.965623E-14
-9.000000E-2	4.550000E-12	4.550000E-12	1.158645E-13	1.158645E-13
-8.000000E-2	2.330000E-12	2.330000E-12	5.933282E-14	5.933282E-14
-7.000000E-2	-1.370000E-12	1.370000E-12	-3.488668E-14	3.488668E-14
-6.000000E-2	1.480000E-12	1.480000E-12	3.768780E-14	3.768780E-14
-5.000000E-2	2.000000E-12	2.000000E-12	5.092946E-14	5.092946E-14
-4.000000E-2	-2.800000E-13	2.800000E-13	-7.130125E-15	7.130125E-15
-3.000000E-2	3.940000E-12	3.940000E-12	1.003310E-13	1.003310E-13
-2.000000E-2	5.670000E-12	5.670000E-12	1.443850E-13	1.443850E-13
-1.000000E-2	-1.700000E-13	1.700000E-13	-4.329004E-15	4.329004E-15
0.000000E+0	-8.700000E-13	8.700000E-13	-2.215432E-14	2.215432E-14
1.000000E-2	2.660000E-12	2.660000E-12	6.773618E-14	6.773618E-14
2.000000E-2	6.500000E-13	6.500000E-13	1.655208E-14	1.655208E-14
3.000000E-2	9.300000E-13	9.300000E-13	2.368220E-14	2.368220E-14
4.000000E-2	4.060000E-12	4.060000E-12	1.033868E-13	1.033868E-13
5.000000E-2	3.800000E-12	3.800000E-12	9.676598E-14	9.676598E-14
6.000000E-2	-1.230000E-12	1.230000E-12	-3.132162E-14	3.132162E-14
7.000000E-2	1.290000E-12	1.290000E-12	3.284950E-14	3.284950E-14
8.000000E-2	4.380000E-12	4.380000E-12	1.115355E-13	1.115355E-13
9.000000E-2	1.140000E-12	1.140000E-12	2.902979E-14	2.902979E-14
1.000000E-1	-1.740000E-12	1.740000E-12	-4.430863E-14	4.430863E-14
1.100000E-1	3.760000E-12	3.760000E-12	9.574739E-14	9.574739E-14
1.200000E-1	3.400000E-12	3.400000E-12	8.658009E-14	8.658009E-14
1.300000E-1	-1.770000E-12	1.770000E-12	-4.507257E-14	4.507257E-14
1.400000E-1	1.830000E-12	1.830000E-12	4.660046E-14	4.660046E-14
1.500000E-1	5.160000E-12	5.160000E-12	1.313980E-13	1.313980E-13
1.600000E-1	-9.400000E-13	9.400000E-13	-2.393685E-14	2.393685E-14
1.700000E-1	2.480000E-12	2.480000E-12	6.315253E-14	6.315253E-14
1.800000E-1	2.700000E-12	2.700000E-12	6.875477E-14	6.875477E-14
1.900000E-1	-5.900000E-13	5.900000E-13	-1.502419E-14	1.502419E-14
2.000000E-1	-1.130000E-12	1.130000E-12	-2.877515E-14	2.877515E-14
2.100000E-1	5.440000E-12	5.440000E-12	1.385281E-13	1.385281E-13
2.200000E-1	3.260000E-12	3.260000E-12	8.301502E-14	8.301502E-14
2.300000E-1	4.540000E-12	4.540000E-12	1.156099E-13	1.156099E-13
2.400000E-1	7.960000E-12	7.960000E-12	2.026993E-13	2.026993E-13
2.500000E-1	6.590000E-12	6.590000E-12	1.678126E-13	1.678126E-13
2.600000E-1	3.090000E-12	3.090000E-12	7.868602E-14	7.868602E-14
2.700000E-1	1.150000E-12	1.150000E-12	2.928444E-14	2.928444E-14
2.800000E-1	6.400000E-13	6.400000E-13	1.629743E-14	1.629743E-14
2.900000E-1	4.100000E-13	4.100000E-13	1.044054E-14	1.044054E-14
3.000000E-1	-6.500000E-13	6.500000E-13	-1.655208E-14	1.655208E-14
3.100000E-1	-1.100000E-12	1.100000E-12	-2.801120E-14	2.801120E-14
3.200000E-1	5.800000E-13	5.800000E-13	1.476954E-14	1.476954E-14
3.300000E-1	3.600000E-12	3.600000E-12	9.167303E-14	9.167303E-14
3.400000E-1	2.630000E-12	2.630000E-12	6.697224E-14	6.697224E-14
3.500000E-1	4.620000E-12	4.620000E-12	1.176471E-13	1.176471E-13
3.600000E-1	3.900000E-12	3.900000E-12	9.931245E-14	9.931245E-14
3.700000E-1	2.920000E-12	2.920000E-12	7.435701E-14	7.435701E-14
3.800000E-1	4.450000E-12	4.450000E-12	1.133181E-13	1.133181E-13
3.900000E-1	1.390000E-12	1.390000E-12	3.539598E-14	3.539598E-14
4.000000E-1	6.300000E-13	6.300000E-13	1.604278E-14	1.604278E-14
4.100000E-1	1.700000E-12	1.700000E-12	4.329004E-14	4.329004E-14
4.200000E-1	-3.700000E-13	3.700000E-13	-9.421950E-15	9.421950E-15
4.300000E-1	1.040000E-12	1.040000E-12	2.648332E-14	2.648332E-14
4.400000E-1	1.150000E-12	1.150000E-12	2.928444E-14	2.928444E-14
4.500000E-1	5.100000E-13	5.100000E-13	1.298701E-14	1.298701E-14
4.600000E-1	1.240000E-12	1.240000E-12	3.157627E-14	3.157627E-14
4.700000E-1	1.000000E-12	1.000000E-12	2.546473E-14	2.546473E-14
4.800000E-1	1.940000E-12	1.940000E-12	4.940158E-14	4.940158E-14
4.900000E-1	1.540000E-12	1.540000E-12	3.921569E-14	3.921569E-14
5.000000E-1	2.100000E-12	2.100000E-12	5.347594E-14	5.347594E-14
