

14:33:05	17/03/21


Ell Cont: 5,0x10,0

SMU1	V name:		V1
	I name:		I1
	Mode:		V
	Function:	VAR1
SMU2	V name:		V2
	I name:		I2
	Mode:		common
	Function:	const.
SMU3	off
SMU4	off
VMUs	off

Primary Source (VAR1):	single
	Sweep Spacing:	linear
	Start:		-0.500000
	Stop:		0.500000
	Step:		0.010000
	Compliance:	0.050000
Power Compliance OFF

Timing:		Integration Time:	medium
	Delay Time (sec):	0.000000
	Hold Time (sec):	0.000000
	Wait Time (sec):	1.000000

Secondary Source (VAR2):	OFF


   V1	   I1	Abs(I)	J (A\µm²)	Abs(J)
-5.000000E-1	-6.580000E-12	6.580000E-12	-1.675579E-13	1.675579E-13
-4.900000E-1	-3.670000E-12	3.670000E-12	-9.345556E-14	9.345556E-14
-4.800000E-1	-4.380000E-12	4.380000E-12	-1.115355E-13	1.115355E-13
-4.700000E-1	-3.660000E-12	3.660000E-12	-9.320092E-14	9.320092E-14
-4.600000E-1	-2.600000E-12	2.600000E-12	-6.620830E-14	6.620830E-14
-4.500000E-1	-2.970000E-12	2.970000E-12	-7.563025E-14	7.563025E-14
-4.400000E-1	-6.000000E-13	6.000000E-13	-1.527884E-14	1.527884E-14
-4.300000E-1	5.200000E-13	5.200000E-13	1.324166E-14	1.324166E-14
-4.200000E-1	-2.140000E-12	2.140000E-12	-5.449452E-14	5.449452E-14
-4.100000E-1	7.500000E-13	7.500000E-13	1.909855E-14	1.909855E-14
-4.000000E-1	3.090000E-12	3.090000E-12	7.868602E-14	7.868602E-14
-3.900000E-1	7.830000E-12	7.830000E-12	1.993888E-13	1.993888E-13
-3.800000E-1	3.590000E-12	3.590000E-12	9.141838E-14	9.141838E-14
-3.700000E-1	4.900000E-13	4.900000E-13	1.247772E-14	1.247772E-14
-3.600000E-1	1.530000E-12	1.530000E-12	3.896104E-14	3.896104E-14
-3.500000E-1	-8.000000E-14	8.000000E-14	-2.037178E-15	2.037178E-15
-3.400000E-1	-3.300000E-13	3.300000E-13	-8.403361E-15	8.403361E-15
-3.300000E-1	5.500000E-13	5.500000E-13	1.400560E-14	1.400560E-14
-3.200000E-1	1.670000E-12	1.670000E-12	4.252610E-14	4.252610E-14
-3.100000E-1	7.900000E-13	7.900000E-13	2.011714E-14	2.011714E-14
-3.000000E-1	4.600000E-13	4.600000E-13	1.171378E-14	1.171378E-14
-2.900000E-1	-1.700000E-13	1.700000E-13	-4.329004E-15	4.329004E-15
-2.800000E-1	2.300000E-12	2.300000E-12	5.856888E-14	5.856888E-14
-2.700000E-1	6.000000E-14	6.000000E-14	1.527884E-15	1.527884E-15
-2.600000E-1	6.000000E-13	6.000000E-13	1.527884E-14	1.527884E-14
-2.500000E-1	1.280000E-12	1.280000E-12	3.259486E-14	3.259486E-14
-2.400000E-1	1.050000E-12	1.050000E-12	2.673797E-14	2.673797E-14
-2.300000E-1	5.900000E-13	5.900000E-13	1.502419E-14	1.502419E-14
-2.200000E-1	6.800000E-13	6.800000E-13	1.731602E-14	1.731602E-14
-2.100000E-1	1.600000E-12	1.600000E-12	4.074357E-14	4.074357E-14
-2.000000E-1	1.900000E-13	1.900000E-13	4.838299E-15	4.838299E-15
-1.900000E-1	1.580000E-12	1.580000E-12	4.023428E-14	4.023428E-14
-1.800000E-1	1.010000E-12	1.010000E-12	2.571938E-14	2.571938E-14
-1.700000E-1	1.370000E-12	1.370000E-12	3.488668E-14	3.488668E-14
-1.600000E-1	2.040000E-12	2.040000E-12	5.194805E-14	5.194805E-14
-1.500000E-1	1.230000E-12	1.230000E-12	3.132162E-14	3.132162E-14
-1.400000E-1	1.260000E-12	1.260000E-12	3.208556E-14	3.208556E-14
-1.300000E-1	1.360000E-12	1.360000E-12	3.463203E-14	3.463203E-14
-1.200000E-1	2.670000E-12	2.670000E-12	6.799083E-14	6.799083E-14
-1.100000E-1	1.470000E-12	1.470000E-12	3.743315E-14	3.743315E-14
-1.000000E-1	2.080000E-12	2.080000E-12	5.296664E-14	5.296664E-14
-9.000000E-2	1.400000E-12	1.400000E-12	3.565062E-14	3.565062E-14
-8.000000E-2	1.110000E-12	1.110000E-12	2.826585E-14	2.826585E-14
-7.000000E-2	1.010000E-12	1.010000E-12	2.571938E-14	2.571938E-14
-6.000000E-2	1.030000E-12	1.030000E-12	2.622867E-14	2.622867E-14
-5.000000E-2	1.580000E-12	1.580000E-12	4.023428E-14	4.023428E-14
-4.000000E-2	8.700000E-13	8.700000E-13	2.215432E-14	2.215432E-14
-3.000000E-2	1.340000E-12	1.340000E-12	3.412274E-14	3.412274E-14
-2.000000E-2	2.040000E-12	2.040000E-12	5.194805E-14	5.194805E-14
-1.000000E-2	1.260000E-12	1.260000E-12	3.208556E-14	3.208556E-14
0.000000E+0	2.130000E-12	2.130000E-12	5.423988E-14	5.423988E-14
1.000000E-2	1.760000E-12	1.760000E-12	4.481793E-14	4.481793E-14
2.000000E-2	1.680000E-12	1.680000E-12	4.278075E-14	4.278075E-14
3.000000E-2	1.840000E-12	1.840000E-12	4.685511E-14	4.685511E-14
4.000000E-2	8.700000E-13	8.700000E-13	2.215432E-14	2.215432E-14
5.000000E-2	1.720000E-12	1.720000E-12	4.379934E-14	4.379934E-14
6.000000E-2	2.040000E-12	2.040000E-12	5.194805E-14	5.194805E-14
7.000000E-2	9.600000E-13	9.600000E-13	2.444614E-14	2.444614E-14
8.000000E-2	1.510000E-12	1.510000E-12	3.845174E-14	3.845174E-14
9.000000E-2	1.760000E-12	1.760000E-12	4.481793E-14	4.481793E-14
1.000000E-1	1.020000E-12	1.020000E-12	2.597403E-14	2.597403E-14
1.100000E-1	2.140000E-12	2.140000E-12	5.449452E-14	5.449452E-14
1.200000E-1	9.900000E-13	9.900000E-13	2.521008E-14	2.521008E-14
1.300000E-1	1.290000E-12	1.290000E-12	3.284950E-14	3.284950E-14
1.400000E-1	1.640000E-12	1.640000E-12	4.176216E-14	4.176216E-14
1.500000E-1	7.000000E-13	7.000000E-13	1.782531E-14	1.782531E-14
1.600000E-1	1.010000E-12	1.010000E-12	2.571938E-14	2.571938E-14
1.700000E-1	1.440000E-12	1.440000E-12	3.666921E-14	3.666921E-14
1.800000E-1	1.810000E-12	1.810000E-12	4.609116E-14	4.609116E-14
1.900000E-1	2.360000E-12	2.360000E-12	6.009677E-14	6.009677E-14
2.000000E-1	1.240000E-12	1.240000E-12	3.157627E-14	3.157627E-14
2.100000E-1	1.430000E-12	1.430000E-12	3.641457E-14	3.641457E-14
2.200000E-1	1.820000E-12	1.820000E-12	4.634581E-14	4.634581E-14
2.300000E-1	1.810000E-12	1.810000E-12	4.609116E-14	4.609116E-14
2.400000E-1	1.630000E-12	1.630000E-12	4.150751E-14	4.150751E-14
2.500000E-1	1.970000E-12	1.970000E-12	5.016552E-14	5.016552E-14
2.600000E-1	1.750000E-12	1.750000E-12	4.456328E-14	4.456328E-14
2.700000E-1	1.570000E-12	1.570000E-12	3.997963E-14	3.997963E-14
2.800000E-1	9.200000E-13	9.200000E-13	2.342755E-14	2.342755E-14
2.900000E-1	1.360000E-12	1.360000E-12	3.463203E-14	3.463203E-14
3.000000E-1	1.450000E-12	1.450000E-12	3.692386E-14	3.692386E-14
3.100000E-1	1.540000E-12	1.540000E-12	3.921569E-14	3.921569E-14
3.200000E-1	1.920000E-12	1.920000E-12	4.889228E-14	4.889228E-14
3.300000E-1	1.630000E-12	1.630000E-12	4.150751E-14	4.150751E-14
3.400000E-1	2.240000E-12	2.240000E-12	5.704100E-14	5.704100E-14
3.500000E-1	2.110000E-12	2.110000E-12	5.373058E-14	5.373058E-14
3.600000E-1	2.030000E-12	2.030000E-12	5.169340E-14	5.169340E-14
3.700000E-1	2.080000E-12	2.080000E-12	5.296664E-14	5.296664E-14
3.800000E-1	2.180000E-12	2.180000E-12	5.551311E-14	5.551311E-14
3.900000E-1	2.090000E-12	2.090000E-12	5.322129E-14	5.322129E-14
4.000000E-1	1.560000E-12	1.560000E-12	3.972498E-14	3.972498E-14
4.100000E-1	1.720000E-12	1.720000E-12	4.379934E-14	4.379934E-14
4.200000E-1	1.470000E-12	1.470000E-12	3.743315E-14	3.743315E-14
4.300000E-1	2.000000E-12	2.000000E-12	5.092946E-14	5.092946E-14
4.400000E-1	2.440000E-12	2.440000E-12	6.213394E-14	6.213394E-14
4.500000E-1	1.480000E-12	1.480000E-12	3.768780E-14	3.768780E-14
4.600000E-1	1.220000E-12	1.220000E-12	3.106697E-14	3.106697E-14
4.700000E-1	1.250000E-12	1.250000E-12	3.183091E-14	3.183091E-14
4.800000E-1	1.040000E-12	1.040000E-12	2.648332E-14	2.648332E-14
4.900000E-1	1.740000E-12	1.740000E-12	4.430863E-14	4.430863E-14
5.000000E-1	2.440000E-12	2.440000E-12	6.213394E-14	6.213394E-14
