

14:37:58	17/03/21


Ell Cont: 5,0x10,0

SMU1	V name:		V1
	I name:		I1
	Mode:		V
	Function:	VAR1
SMU2	V name:		V2
	I name:		I2
	Mode:		common
	Function:	const.
SMU3	off
SMU4	off
VMUs	off

Primary Source (VAR1):	single
	Sweep Spacing:	linear
	Start:		-0.500000
	Stop:		0.500000
	Step:		0.010000
	Compliance:	0.050000
Power Compliance OFF

Timing:		Integration Time:	medium
	Delay Time (sec):	0.000000
	Hold Time (sec):	0.000000
	Wait Time (sec):	1.000000

Secondary Source (VAR2):	OFF


   V1	   I1	Abs(I)	J (A\µm²)	Abs(J)
-5.000000E-1	-8.160000E-12	8.160000E-12	-2.077922E-13	2.077922E-13
-4.900000E-1	-6.960000E-12	6.960000E-12	-1.772345E-13	1.772345E-13
-4.800000E-1	-4.080000E-12	4.080000E-12	-1.038961E-13	1.038961E-13
-4.700000E-1	-2.340000E-12	2.340000E-12	-5.958747E-14	5.958747E-14
-4.600000E-1	-3.210000E-12	3.210000E-12	-8.174179E-14	8.174179E-14
-4.500000E-1	-2.150000E-12	2.150000E-12	-5.474917E-14	5.474917E-14
-4.400000E-1	-4.500000E-13	4.500000E-13	-1.145913E-14	1.145913E-14
-4.300000E-1	-2.150000E-12	2.150000E-12	-5.474917E-14	5.474917E-14
-4.200000E-1	-2.100000E-12	2.100000E-12	-5.347594E-14	5.347594E-14
-4.100000E-1	1.790000E-12	1.790000E-12	4.558187E-14	4.558187E-14
-4.000000E-1	2.900000E-13	2.900000E-13	7.384772E-15	7.384772E-15
-3.900000E-1	-1.880000E-12	1.880000E-12	-4.787369E-14	4.787369E-14
-3.800000E-1	-6.200000E-13	6.200000E-13	-1.578813E-14	1.578813E-14
-3.700000E-1	-1.200000E-13	1.200000E-13	-3.055768E-15	3.055768E-15
-3.600000E-1	6.700000E-13	6.700000E-13	1.706137E-14	1.706137E-14
-3.500000E-1	-1.290000E-12	1.290000E-12	-3.284950E-14	3.284950E-14
-3.400000E-1	4.600000E-13	4.600000E-13	1.171378E-14	1.171378E-14
-3.300000E-1	5.100000E-13	5.100000E-13	1.298701E-14	1.298701E-14
-3.200000E-1	7.100000E-13	7.100000E-13	1.807996E-14	1.807996E-14
-3.100000E-1	5.800000E-13	5.800000E-13	1.476954E-14	1.476954E-14
-3.000000E-1	3.900000E-13	3.900000E-13	9.931245E-15	9.931245E-15
-2.900000E-1	-1.600000E-13	1.600000E-13	-4.074357E-15	4.074357E-15
-2.800000E-1	4.300000E-13	4.300000E-13	1.094983E-14	1.094983E-14
-2.700000E-1	1.000000E-12	1.000000E-12	2.546473E-14	2.546473E-14
-2.600000E-1	-1.710000E-12	1.710000E-12	-4.354469E-14	4.354469E-14
-2.500000E-1	-3.100000E-13	3.100000E-13	-7.894067E-15	7.894067E-15
-2.400000E-1	4.000000E-14	4.000000E-14	1.018589E-15	1.018589E-15
-2.300000E-1	-4.000000E-14	4.000000E-14	-1.018589E-15	1.018589E-15
-2.200000E-1	5.800000E-13	5.800000E-13	1.476954E-14	1.476954E-14
-2.100000E-1	1.030000E-12	1.030000E-12	2.622867E-14	2.622867E-14
-2.000000E-1	1.400000E-12	1.400000E-12	3.565062E-14	3.565062E-14
-1.900000E-1	1.940000E-12	1.940000E-12	4.940158E-14	4.940158E-14
-1.800000E-1	2.260000E-12	2.260000E-12	5.755029E-14	5.755029E-14
-1.700000E-1	1.980000E-12	1.980000E-12	5.042017E-14	5.042017E-14
-1.600000E-1	2.350000E-12	2.350000E-12	5.984212E-14	5.984212E-14
-1.500000E-1	2.880000E-12	2.880000E-12	7.333843E-14	7.333843E-14
-1.400000E-1	2.040000E-12	2.040000E-12	5.194805E-14	5.194805E-14
-1.300000E-1	3.500000E-13	3.500000E-13	8.912656E-15	8.912656E-15
-1.200000E-1	2.420000E-12	2.420000E-12	6.162465E-14	6.162465E-14
-1.100000E-1	2.250000E-12	2.250000E-12	5.729564E-14	5.729564E-14
-1.000000E-1	2.650000E-12	2.650000E-12	6.748154E-14	6.748154E-14
-9.000000E-2	1.920000E-12	1.920000E-12	4.889228E-14	4.889228E-14
-8.000000E-2	1.460000E-12	1.460000E-12	3.717851E-14	3.717851E-14
-7.000000E-2	1.650000E-12	1.650000E-12	4.201681E-14	4.201681E-14
-6.000000E-2	1.600000E-12	1.600000E-12	4.074357E-14	4.074357E-14
-5.000000E-2	1.360000E-12	1.360000E-12	3.463203E-14	3.463203E-14
-4.000000E-2	8.800000E-13	8.800000E-13	2.240896E-14	2.240896E-14
-3.000000E-2	9.600000E-13	9.600000E-13	2.444614E-14	2.444614E-14
-2.000000E-2	1.610000E-12	1.610000E-12	4.099822E-14	4.099822E-14
-1.000000E-2	1.360000E-12	1.360000E-12	3.463203E-14	3.463203E-14
0.000000E+0	8.500000E-13	8.500000E-13	2.164502E-14	2.164502E-14
1.000000E-2	2.290000E-12	2.290000E-12	5.831423E-14	5.831423E-14
2.000000E-2	1.760000E-12	1.760000E-12	4.481793E-14	4.481793E-14
3.000000E-2	4.400000E-13	4.400000E-13	1.120448E-14	1.120448E-14
4.000000E-2	1.360000E-12	1.360000E-12	3.463203E-14	3.463203E-14
5.000000E-2	6.500000E-13	6.500000E-13	1.655208E-14	1.655208E-14
6.000000E-2	9.400000E-13	9.400000E-13	2.393685E-14	2.393685E-14
7.000000E-2	1.850000E-12	1.850000E-12	4.710975E-14	4.710975E-14
8.000000E-2	1.220000E-12	1.220000E-12	3.106697E-14	3.106697E-14
9.000000E-2	1.360000E-12	1.360000E-12	3.463203E-14	3.463203E-14
1.000000E-1	1.850000E-12	1.850000E-12	4.710975E-14	4.710975E-14
1.100000E-1	2.460000E-12	2.460000E-12	6.264324E-14	6.264324E-14
1.200000E-1	2.120000E-12	2.120000E-12	5.398523E-14	5.398523E-14
1.300000E-1	1.960000E-12	1.960000E-12	4.991087E-14	4.991087E-14
1.400000E-1	1.360000E-12	1.360000E-12	3.463203E-14	3.463203E-14
1.500000E-1	1.310000E-12	1.310000E-12	3.335880E-14	3.335880E-14
1.600000E-1	1.860000E-12	1.860000E-12	4.736440E-14	4.736440E-14
1.700000E-1	1.650000E-12	1.650000E-12	4.201681E-14	4.201681E-14
1.800000E-1	9.400000E-13	9.400000E-13	2.393685E-14	2.393685E-14
1.900000E-1	1.580000E-12	1.580000E-12	4.023428E-14	4.023428E-14
2.000000E-1	1.930000E-12	1.930000E-12	4.914693E-14	4.914693E-14
2.100000E-1	7.800000E-13	7.800000E-13	1.986249E-14	1.986249E-14
2.200000E-1	1.560000E-12	1.560000E-12	3.972498E-14	3.972498E-14
2.300000E-1	1.980000E-12	1.980000E-12	5.042017E-14	5.042017E-14
2.400000E-1	1.390000E-12	1.390000E-12	3.539598E-14	3.539598E-14
2.500000E-1	1.390000E-12	1.390000E-12	3.539598E-14	3.539598E-14
2.600000E-1	1.580000E-12	1.580000E-12	4.023428E-14	4.023428E-14
2.700000E-1	1.560000E-12	1.560000E-12	3.972498E-14	3.972498E-14
2.800000E-1	1.470000E-12	1.470000E-12	3.743315E-14	3.743315E-14
2.900000E-1	1.870000E-12	1.870000E-12	4.761905E-14	4.761905E-14
3.000000E-1	1.200000E-12	1.200000E-12	3.055768E-14	3.055768E-14
3.100000E-1	1.920000E-12	1.920000E-12	4.889228E-14	4.889228E-14
3.200000E-1	1.500000E-12	1.500000E-12	3.819710E-14	3.819710E-14
3.300000E-1	1.830000E-12	1.830000E-12	4.660046E-14	4.660046E-14
3.400000E-1	1.340000E-12	1.340000E-12	3.412274E-14	3.412274E-14
3.500000E-1	1.420000E-12	1.420000E-12	3.615992E-14	3.615992E-14
3.600000E-1	1.840000E-12	1.840000E-12	4.685511E-14	4.685511E-14
3.700000E-1	1.630000E-12	1.630000E-12	4.150751E-14	4.150751E-14
3.800000E-1	1.340000E-12	1.340000E-12	3.412274E-14	3.412274E-14
3.900000E-1	1.490000E-12	1.490000E-12	3.794245E-14	3.794245E-14
4.000000E-1	1.970000E-12	1.970000E-12	5.016552E-14	5.016552E-14
4.100000E-1	1.450000E-12	1.450000E-12	3.692386E-14	3.692386E-14
4.200000E-1	1.550000E-12	1.550000E-12	3.947033E-14	3.947033E-14
4.300000E-1	2.080000E-12	2.080000E-12	5.296664E-14	5.296664E-14
4.400000E-1	1.930000E-12	1.930000E-12	4.914693E-14	4.914693E-14
4.500000E-1	2.040000E-12	2.040000E-12	5.194805E-14	5.194805E-14
4.600000E-1	1.540000E-12	1.540000E-12	3.921569E-14	3.921569E-14
4.700000E-1	1.840000E-12	1.840000E-12	4.685511E-14	4.685511E-14
4.800000E-1	1.580000E-12	1.580000E-12	4.023428E-14	4.023428E-14
4.900000E-1	1.980000E-12	1.980000E-12	5.042017E-14	5.042017E-14
5.000000E-1	1.460000E-12	1.460000E-12	3.717851E-14	3.717851E-14
