

14:27:25	17/03/21


Ell Cont: 5,0x10,0

SMU1	V name:		V1
	I name:		I1
	Mode:		V
	Function:	VAR1
SMU2	V name:		V2
	I name:		I2
	Mode:		common
	Function:	const.
SMU3	off
SMU4	off
VMUs	off

Primary Source (VAR1):	single
	Sweep Spacing:	linear
	Start:		-0.500000
	Stop:		0.500000
	Step:		0.010000
	Compliance:	0.050000
Power Compliance OFF

Timing:		Integration Time:	medium
	Delay Time (sec):	0.000000
	Hold Time (sec):	0.000000
	Wait Time (sec):	1.000000

Secondary Source (VAR2):	OFF


   V1	   I1	Abs(I)	J (A\um²)	Abs(J)
-5.000000E-1	-5.290000E-12	5.290000E-12	-1.347084E-13	1.347084E-13
-4.900000E-1	-3.220000E-12	3.220000E-12	-8.199643E-14	8.199643E-14
-4.800000E-1	-3.780000E-12	3.780000E-12	-9.625668E-14	9.625668E-14
-4.700000E-1	1.840000E-12	1.840000E-12	4.685511E-14	4.685511E-14
-4.600000E-1	6.240000E-12	6.240000E-12	1.588999E-13	1.588999E-13
-4.500000E-1	2.500000E-13	2.500000E-13	6.366183E-15	6.366183E-15
-4.400000E-1	3.630000E-12	3.630000E-12	9.243697E-14	9.243697E-14
-4.300000E-1	2.810000E-12	2.810000E-12	7.155589E-14	7.155589E-14
-4.200000E-1	7.300000E-13	7.300000E-13	1.858925E-14	1.858925E-14
-4.100000E-1	-1.180000E-12	1.180000E-12	-3.004838E-14	3.004838E-14
-4.000000E-1	-2.540000E-12	2.540000E-12	-6.468042E-14	6.468042E-14
-3.900000E-1	-3.690000E-12	3.690000E-12	-9.396486E-14	9.396486E-14
-3.800000E-1	-4.870000E-12	4.870000E-12	-1.240132E-13	1.240132E-13
-3.700000E-1	-1.900000E-12	1.900000E-12	-4.838299E-14	4.838299E-14
-3.600000E-1	5.600000E-13	5.600000E-13	1.426025E-14	1.426025E-14
-3.500000E-1	-7.600000E-13	7.600000E-13	-1.935320E-14	1.935320E-14
-3.400000E-1	-1.570000E-12	1.570000E-12	-3.997963E-14	3.997963E-14
-3.300000E-1	-3.550000E-12	3.550000E-12	-9.039980E-14	9.039980E-14
-3.200000E-1	1.040000E-12	1.040000E-12	2.648332E-14	2.648332E-14
-3.100000E-1	7.700000E-13	7.700000E-13	1.960784E-14	1.960784E-14
-3.000000E-1	2.330000E-12	2.330000E-12	5.933282E-14	5.933282E-14
-2.900000E-1	5.300000E-13	5.300000E-13	1.349631E-14	1.349631E-14
-2.800000E-1	1.260000E-12	1.260000E-12	3.208556E-14	3.208556E-14
-2.700000E-1	6.000000E-14	6.000000E-14	1.527884E-15	1.527884E-15
-2.600000E-1	1.300000E-13	1.300000E-13	3.310415E-15	3.310415E-15
-2.500000E-1	7.600000E-12	7.600000E-12	1.935320E-13	1.935320E-13
-2.400000E-1	1.146000E-11	1.146000E-11	2.918258E-13	2.918258E-13
-2.300000E-1	3.640000E-12	3.640000E-12	9.269162E-14	9.269162E-14
-2.200000E-1	1.160000E-12	1.160000E-12	2.953909E-14	2.953909E-14
-2.100000E-1	-9.000000E-14	9.000000E-14	-2.291826E-15	2.291826E-15
-2.000000E-1	-6.000000E-13	6.000000E-13	-1.527884E-14	1.527884E-14
-1.900000E-1	5.800000E-13	5.800000E-13	1.476954E-14	1.476954E-14
-1.800000E-1	2.000000E-13	2.000000E-13	5.092946E-15	5.092946E-15
-1.700000E-1	6.500000E-13	6.500000E-13	1.655208E-14	1.655208E-14
-1.600000E-1	4.100000E-13	4.100000E-13	1.044054E-14	1.044054E-14
-1.500000E-1	9.500000E-13	9.500000E-13	2.419149E-14	2.419149E-14
-1.400000E-1	6.400000E-13	6.400000E-13	1.629743E-14	1.629743E-14
-1.300000E-1	6.500000E-13	6.500000E-13	1.655208E-14	1.655208E-14
-1.200000E-1	4.100000E-13	4.100000E-13	1.044054E-14	1.044054E-14
-1.100000E-1	8.400000E-13	8.400000E-13	2.139037E-14	2.139037E-14
-1.000000E-1	6.000000E-13	6.000000E-13	1.527884E-14	1.527884E-14
-9.000000E-2	6.200000E-13	6.200000E-13	1.578813E-14	1.578813E-14
-8.000000E-2	1.120000E-12	1.120000E-12	2.852050E-14	2.852050E-14
-7.000000E-2	8.700000E-13	8.700000E-13	2.215432E-14	2.215432E-14
-6.000000E-2	6.300000E-13	6.300000E-13	1.604278E-14	1.604278E-14
-5.000000E-2	9.100000E-13	9.100000E-13	2.317291E-14	2.317291E-14
-4.000000E-2	7.200000E-13	7.200000E-13	1.833461E-14	1.833461E-14
-3.000000E-2	8.100000E-13	8.100000E-13	2.062643E-14	2.062643E-14
-2.000000E-2	9.200000E-13	9.200000E-13	2.342755E-14	2.342755E-14
-1.000000E-2	9.100000E-13	9.100000E-13	2.317291E-14	2.317291E-14
0.000000E+0	9.700000E-13	9.700000E-13	2.470079E-14	2.470079E-14
1.000000E-2	7.000000E-13	7.000000E-13	1.782531E-14	1.782531E-14
2.000000E-2	6.800000E-13	6.800000E-13	1.731602E-14	1.731602E-14
3.000000E-2	9.200000E-13	9.200000E-13	2.342755E-14	2.342755E-14
4.000000E-2	7.600000E-13	7.600000E-13	1.935320E-14	1.935320E-14
5.000000E-2	8.400000E-13	8.400000E-13	2.139037E-14	2.139037E-14
6.000000E-2	5.900000E-13	5.900000E-13	1.502419E-14	1.502419E-14
7.000000E-2	7.200000E-13	7.200000E-13	1.833461E-14	1.833461E-14
8.000000E-2	8.400000E-13	8.400000E-13	2.139037E-14	2.139037E-14
9.000000E-2	9.400000E-13	9.400000E-13	2.393685E-14	2.393685E-14
1.000000E-1	6.600000E-13	6.600000E-13	1.680672E-14	1.680672E-14
1.100000E-1	9.400000E-13	9.400000E-13	2.393685E-14	2.393685E-14
1.200000E-1	1.100000E-12	1.100000E-12	2.801120E-14	2.801120E-14
1.300000E-1	1.150000E-12	1.150000E-12	2.928444E-14	2.928444E-14
1.400000E-1	9.800000E-13	9.800000E-13	2.495544E-14	2.495544E-14
1.500000E-1	1.540000E-12	1.540000E-12	3.921569E-14	3.921569E-14
1.600000E-1	1.150000E-12	1.150000E-12	2.928444E-14	2.928444E-14
1.700000E-1	7.700000E-13	7.700000E-13	1.960784E-14	1.960784E-14
1.800000E-1	3.200000E-13	3.200000E-13	8.148714E-15	8.148714E-15
1.900000E-1	7.700000E-13	7.700000E-13	1.960784E-14	1.960784E-14
2.000000E-1	9.500000E-13	9.500000E-13	2.419149E-14	2.419149E-14
2.100000E-1	1.050000E-12	1.050000E-12	2.673797E-14	2.673797E-14
2.200000E-1	6.800000E-13	6.800000E-13	1.731602E-14	1.731602E-14
2.300000E-1	4.800000E-13	4.800000E-13	1.222307E-14	1.222307E-14
2.400000E-1	1.180000E-12	1.180000E-12	3.004838E-14	3.004838E-14
2.500000E-1	6.600000E-13	6.600000E-13	1.680672E-14	1.680672E-14
2.600000E-1	9.200000E-13	9.200000E-13	2.342755E-14	2.342755E-14
2.700000E-1	4.000000E-13	4.000000E-13	1.018589E-14	1.018589E-14
2.800000E-1	1.150000E-12	1.150000E-12	2.928444E-14	2.928444E-14
2.900000E-1	1.080000E-12	1.080000E-12	2.750191E-14	2.750191E-14
3.000000E-1	8.000000E-13	8.000000E-13	2.037178E-14	2.037178E-14
3.100000E-1	1.370000E-12	1.370000E-12	3.488668E-14	3.488668E-14
3.200000E-1	1.480000E-12	1.480000E-12	3.768780E-14	3.768780E-14
3.300000E-1	9.200000E-13	9.200000E-13	2.342755E-14	2.342755E-14
3.400000E-1	9.100000E-13	9.100000E-13	2.317291E-14	2.317291E-14
3.500000E-1	1.270000E-12	1.270000E-12	3.234021E-14	3.234021E-14
3.600000E-1	1.440000E-12	1.440000E-12	3.666921E-14	3.666921E-14
3.700000E-1	1.360000E-12	1.360000E-12	3.463203E-14	3.463203E-14
3.800000E-1	1.020000E-12	1.020000E-12	2.597403E-14	2.597403E-14
3.900000E-1	4.600000E-13	4.600000E-13	1.171378E-14	1.171378E-14
4.000000E-1	1.370000E-12	1.370000E-12	3.488668E-14	3.488668E-14
4.100000E-1	5.800000E-13	5.800000E-13	1.476954E-14	1.476954E-14
4.200000E-1	1.220000E-12	1.220000E-12	3.106697E-14	3.106697E-14
4.300000E-1	1.130000E-12	1.130000E-12	2.877515E-14	2.877515E-14
4.400000E-1	1.710000E-12	1.710000E-12	4.354469E-14	4.354469E-14
4.500000E-1	1.660000E-12	1.660000E-12	4.227145E-14	4.227145E-14
4.600000E-1	1.030000E-12	1.030000E-12	2.622867E-14	2.622867E-14
4.700000E-1	5.700000E-13	5.700000E-13	1.451490E-14	1.451490E-14
4.800000E-1	7.200000E-13	7.200000E-13	1.833461E-14	1.833461E-14
4.900000E-1	1.120000E-12	1.120000E-12	2.852050E-14	2.852050E-14
5.000000E-1	7.500000E-13	7.500000E-13	1.909855E-14	1.909855E-14
