

13:05:20	23/02/21


Ell Cont: 5,0x10,0

SMU1	V name:		V1
	I name:		I1
	Mode:		V
	Function:	VAR1
SMU2	V name:		V2
	I name:		I2
	Mode:		common
	Function:	const.
SMU3	off
SMU4	off
VMUs	off

Primary Source (VAR1):	single
	Sweep Spacing:	linear
	Start:		-0.500000
	Stop:		0.500000
	Step:		0.010000
	Compliance:	0.050000
Power Compliance OFF

Timing:		Integration Time:	medium
	Delay Time (sec):	0.000000
	Hold Time (sec):	0.000000
	Wait Time (sec):	1.000000

Secondary Source (VAR2):	OFF


   V1	   I1	Abs(I)	J (A\µm²)	Abs(J)
-5.000000E-1	-1.128020E-8	1.128020E-8	-2.872473E-10	2.872473E-10
-4.900000E-1	-1.002860E-8	1.002860E-8	-2.553756E-10	2.553756E-10
-4.800000E-1	-9.554270E-9	9.554270E-9	-2.432969E-10	2.432969E-10
-4.700000E-1	-9.016630E-9	9.016630E-9	-2.296061E-10	2.296061E-10
-4.600000E-1	-8.670720E-9	8.670720E-9	-2.207976E-10	2.207976E-10
-4.500000E-1	-8.276510E-9	8.276510E-9	-2.107591E-10	2.107591E-10
-4.400000E-1	-7.932120E-9	7.932120E-9	-2.019893E-10	2.019893E-10
-4.300000E-1	-7.499650E-9	7.499650E-9	-1.909766E-10	1.909766E-10
-4.200000E-1	-7.410680E-9	7.410680E-9	-1.887110E-10	1.887110E-10
-4.100000E-1	-7.118520E-9	7.118520E-9	-1.812712E-10	1.812712E-10
-4.000000E-1	-6.850860E-9	6.850860E-9	-1.744553E-10	1.744553E-10
-3.900000E-1	-6.520350E-9	6.520350E-9	-1.660390E-10	1.660390E-10
-3.800000E-1	-6.293360E-9	6.293360E-9	-1.602587E-10	1.602587E-10
-3.700000E-1	-6.100490E-9	6.100490E-9	-1.553473E-10	1.553473E-10
-3.600000E-1	-5.756960E-9	5.756960E-9	-1.465994E-10	1.465994E-10
-3.500000E-1	-5.515180E-9	5.515180E-9	-1.404426E-10	1.404426E-10
-3.400000E-1	-5.400910E-9	5.400910E-9	-1.375327E-10	1.375327E-10
-3.300000E-1	-5.081690E-9	5.081690E-9	-1.294039E-10	1.294039E-10
-3.200000E-1	-4.728030E-9	4.728030E-9	-1.203980E-10	1.203980E-10
-3.100000E-1	-4.500090E-9	4.500090E-9	-1.145936E-10	1.145936E-10
-3.000000E-1	-4.315260E-9	4.315260E-9	-1.098869E-10	1.098869E-10
-2.900000E-1	-4.076970E-9	4.076970E-9	-1.038189E-10	1.038189E-10
-2.800000E-1	-3.884810E-9	3.884810E-9	-9.892564E-11	9.892564E-11
-2.700000E-1	-3.679550E-9	3.679550E-9	-9.369875E-11	9.369875E-11
-2.600000E-1	-3.474640E-9	3.474640E-9	-8.848077E-11	8.848077E-11
-2.500000E-1	-3.346370E-9	3.346370E-9	-8.521441E-11	8.521441E-11
-2.400000E-1	-3.105320E-9	3.105320E-9	-7.907614E-11	7.907614E-11
-2.300000E-1	-2.989490E-9	2.989490E-9	-7.612656E-11	7.612656E-11
-2.200000E-1	-2.707600E-9	2.707600E-9	-6.894831E-11	6.894831E-11
-2.100000E-1	-2.509260E-9	2.509260E-9	-6.389763E-11	6.389763E-11
-2.000000E-1	-2.310250E-9	2.310250E-9	-5.882989E-11	5.882989E-11
-1.900000E-1	-2.193290E-9	2.193290E-9	-5.585154E-11	5.585154E-11
-1.800000E-1	-2.006470E-9	2.006470E-9	-5.109422E-11	5.109422E-11
-1.700000E-1	-1.855940E-9	1.855940E-9	-4.726101E-11	4.726101E-11
-1.600000E-1	-1.729440E-9	1.729440E-9	-4.403972E-11	4.403972E-11
-1.500000E-1	-1.576450E-9	1.576450E-9	-4.014388E-11	4.014388E-11
-1.400000E-1	-1.406220E-9	1.406220E-9	-3.580901E-11	3.580901E-11
-1.300000E-1	-1.282850E-9	1.282850E-9	-3.266743E-11	3.266743E-11
-1.200000E-1	-1.145130E-9	1.145130E-9	-2.916043E-11	2.916043E-11
-1.100000E-1	-9.899800E-10	9.899800E-10	-2.520957E-11	2.520957E-11
-1.000000E-1	-1.003960E-9	1.003960E-9	-2.556557E-11	2.556557E-11
-9.000000E-2	-8.980700E-10	8.980700E-10	-2.286911E-11	2.286911E-11
-8.000000E-2	-7.763600E-10	7.763600E-10	-1.976980E-11	1.976980E-11
-7.000000E-2	-6.982800E-10	6.982800E-10	-1.778151E-11	1.778151E-11
-6.000000E-2	-5.870000E-10	5.870000E-10	-1.494780E-11	1.494780E-11
-5.000000E-2	-4.751200E-10	4.751200E-10	-1.209880E-11	1.209880E-11
-4.000000E-2	-3.668900E-10	3.668900E-10	-9.342755E-12	9.342755E-12
-3.000000E-2	-2.574600E-10	2.574600E-10	-6.556150E-12	6.556150E-12
-2.000000E-2	-1.499400E-10	1.499400E-10	-3.818182E-12	3.818182E-12
-1.000000E-2	-4.386000E-11	4.386000E-11	-1.116883E-12	1.116883E-12
0.000000E+0	6.182000E-11	6.182000E-11	1.574230E-12	1.574230E-12
1.000000E-2	1.682000E-10	1.682000E-10	4.283168E-12	4.283168E-12
2.000000E-2	2.783400E-10	2.783400E-10	7.087853E-12	7.087853E-12
3.000000E-2	3.776300E-10	3.776300E-10	9.616246E-12	9.616246E-12
4.000000E-2	5.019500E-10	5.019500E-10	1.278202E-11	1.278202E-11
5.000000E-2	6.137200E-10	6.137200E-10	1.562821E-11	1.562821E-11
6.000000E-2	7.222300E-10	7.222300E-10	1.839139E-11	1.839139E-11
7.000000E-2	8.327400E-10	8.327400E-10	2.120550E-11	2.120550E-11
8.000000E-2	9.754000E-10	9.754000E-10	2.483830E-11	2.483830E-11
9.000000E-2	1.196260E-9	1.196260E-9	3.046244E-11	3.046244E-11
1.000000E-1	1.363140E-9	1.363140E-9	3.471199E-11	3.471199E-11
1.100000E-1	1.513290E-9	1.513290E-9	3.853552E-11	3.853552E-11
1.200000E-1	1.673200E-9	1.673200E-9	4.260759E-11	4.260759E-11
1.300000E-1	1.811630E-9	1.811630E-9	4.613267E-11	4.613267E-11
1.400000E-1	1.967170E-9	1.967170E-9	5.009345E-11	5.009345E-11
1.500000E-1	2.129020E-9	2.129020E-9	5.421492E-11	5.421492E-11
1.600000E-1	2.311450E-9	2.311450E-9	5.886045E-11	5.886045E-11
1.700000E-1	2.476870E-9	2.476870E-9	6.307283E-11	6.307283E-11
1.800000E-1	2.665080E-9	2.665080E-9	6.786555E-11	6.786555E-11
1.900000E-1	2.843530E-9	2.843530E-9	7.240973E-11	7.240973E-11
2.000000E-1	2.945130E-9	2.945130E-9	7.499694E-11	7.499694E-11
2.100000E-1	3.115840E-9	3.115840E-9	7.934403E-11	7.934403E-11
2.200000E-1	3.350760E-9	3.350760E-9	8.532620E-11	8.532620E-11
2.300000E-1	3.557360E-9	3.557360E-9	9.058722E-11	9.058722E-11
2.400000E-1	3.730650E-9	3.730650E-9	9.500000E-11	9.500000E-11
2.500000E-1	3.981200E-9	3.981200E-9	1.013802E-10	1.013802E-10
2.600000E-1	4.174610E-9	4.174610E-9	1.063053E-10	1.063053E-10
2.700000E-1	4.409620E-9	4.409620E-9	1.122898E-10	1.122898E-10
2.800000E-1	4.597060E-9	4.597060E-9	1.170629E-10	1.170629E-10
2.900000E-1	4.547810E-9	4.547810E-9	1.158088E-10	1.158088E-10
3.000000E-1	4.947530E-9	4.947530E-9	1.259875E-10	1.259875E-10
3.100000E-1	5.079630E-9	5.079630E-9	1.293514E-10	1.293514E-10
3.200000E-1	5.413730E-9	5.413730E-9	1.378592E-10	1.378592E-10
3.300000E-1	5.632870E-9	5.632870E-9	1.434395E-10	1.434395E-10
3.400000E-1	5.886360E-9	5.886360E-9	1.498946E-10	1.498946E-10
3.500000E-1	6.170610E-9	6.170610E-9	1.571329E-10	1.571329E-10
3.600000E-1	6.301580E-9	6.301580E-9	1.604680E-10	1.604680E-10
3.700000E-1	6.469640E-9	6.469640E-9	1.647476E-10	1.647476E-10
3.800000E-1	6.699260E-9	6.699260E-9	1.705949E-10	1.705949E-10
3.900000E-1	6.921710E-9	6.921710E-9	1.762595E-10	1.762595E-10
4.000000E-1	7.460560E-9	7.460560E-9	1.899812E-10	1.899812E-10
4.100000E-1	7.640150E-9	7.640150E-9	1.945544E-10	1.945544E-10
4.200000E-1	7.920200E-9	7.920200E-9	2.016858E-10	2.016858E-10
4.300000E-1	8.158890E-9	8.158890E-9	2.077639E-10	2.077639E-10
4.400000E-1	8.415770E-9	8.415770E-9	2.143053E-10	2.143053E-10
4.500000E-1	8.706870E-9	8.706870E-9	2.217181E-10	2.217181E-10
4.600000E-1	9.101190E-9	9.101190E-9	2.317594E-10	2.317594E-10
4.700000E-1	9.307330E-9	9.307330E-9	2.370087E-10	2.370087E-10
4.800000E-1	9.726700E-9	9.726700E-9	2.476878E-10	2.476878E-10
4.900000E-1	1.099520E-8	1.099520E-8	2.799898E-10	2.799898E-10
5.000000E-1	1.128730E-8	1.128730E-8	2.874281E-10	2.874281E-10
