

13:20:49	23/02/21


Ell Cont: 5,0x10,0

SMU1	V name:		V1
	I name:		I1
	Mode:		V
	Function:	VAR1
SMU2	V name:		V2
	I name:		I2
	Mode:		common
	Function:	const.
SMU3	off
SMU4	off
VMUs	off

Primary Source (VAR1):	single
	Sweep Spacing:	linear
	Start:		-0.500000
	Stop:		0.500000
	Step:		0.010000
	Compliance:	0.050000
Power Compliance OFF

Timing:		Integration Time:	medium
	Delay Time (sec):	0.000000
	Hold Time (sec):	0.000000
	Wait Time (sec):	1.000000

Secondary Source (VAR2):	OFF


   V1	   I1	Abs(I)	J (A\µm²)	Abs(J)
-5.000000E-1	-1.554530E-9	1.554530E-9	-3.958569E-11	3.958569E-11
-4.900000E-1	-4.043900E-10	4.043900E-10	-1.029768E-11	1.029768E-11
-4.800000E-1	4.384000E-11	4.384000E-11	1.116374E-12	1.116374E-12
-4.700000E-1	1.958900E-10	1.958900E-10	4.988286E-12	4.988286E-12
-4.600000E-1	2.732900E-10	2.732900E-10	6.959256E-12	6.959256E-12
-4.500000E-1	3.211700E-10	3.211700E-10	8.178508E-12	8.178508E-12
-4.400000E-1	3.560500E-10	3.560500E-10	9.066717E-12	9.066717E-12
-4.300000E-1	3.832600E-10	3.832600E-10	9.759613E-12	9.759613E-12
-4.200000E-1	4.062000E-10	4.062000E-10	1.034377E-11	1.034377E-11
-4.100000E-1	4.289200E-10	4.289200E-10	1.092233E-11	1.092233E-11
-4.000000E-1	4.483900E-10	4.483900E-10	1.141813E-11	1.141813E-11
-3.900000E-1	4.686400E-10	4.686400E-10	1.193379E-11	1.193379E-11
-3.800000E-1	4.877400E-10	4.877400E-10	1.242017E-11	1.242017E-11
-3.700000E-1	5.085700E-10	5.085700E-10	1.295060E-11	1.295060E-11
-3.600000E-1	5.296800E-10	5.296800E-10	1.348816E-11	1.348816E-11
-3.500000E-1	5.510300E-10	5.510300E-10	1.403183E-11	1.403183E-11
-3.400000E-1	5.725400E-10	5.725400E-10	1.457958E-11	1.457958E-11
-3.300000E-1	5.964100E-10	5.964100E-10	1.518742E-11	1.518742E-11
-3.200000E-1	6.214100E-10	6.214100E-10	1.582404E-11	1.582404E-11
-3.100000E-1	6.471400E-10	6.471400E-10	1.647925E-11	1.647925E-11
-3.000000E-1	6.741400E-10	6.741400E-10	1.716679E-11	1.716679E-11
-2.900000E-1	7.031000E-10	7.031000E-10	1.790425E-11	1.790425E-11
-2.800000E-1	7.332500E-10	7.332500E-10	1.867201E-11	1.867201E-11
-2.700000E-1	7.658900E-10	7.658900E-10	1.950318E-11	1.950318E-11
-2.600000E-1	8.008700E-10	8.008700E-10	2.039394E-11	2.039394E-11
-2.500000E-1	8.604200E-10	8.604200E-10	2.191036E-11	2.191036E-11
-2.400000E-1	1.084170E-9	1.084170E-9	2.760810E-11	2.760810E-11
-2.300000E-1	1.170090E-9	1.170090E-9	2.979603E-11	2.979603E-11
-2.200000E-1	1.246630E-9	1.246630E-9	3.174510E-11	3.174510E-11
-2.100000E-1	1.318900E-9	1.318900E-9	3.358543E-11	3.358543E-11
-2.000000E-1	1.392630E-9	1.392630E-9	3.546295E-11	3.546295E-11
-1.900000E-1	1.467640E-9	1.467640E-9	3.737306E-11	3.737306E-11
-1.800000E-1	1.548060E-9	1.548060E-9	3.942093E-11	3.942093E-11
-1.700000E-1	1.627340E-9	1.627340E-9	4.143978E-11	4.143978E-11
-1.600000E-1	1.715910E-9	1.715910E-9	4.369519E-11	4.369519E-11
-1.500000E-1	1.809020E-9	1.809020E-9	4.606621E-11	4.606621E-11
-1.400000E-1	1.905310E-9	1.905310E-9	4.851821E-11	4.851821E-11
-1.300000E-1	2.005480E-9	2.005480E-9	5.106901E-11	5.106901E-11
-1.200000E-1	2.110780E-9	2.110780E-9	5.375045E-11	5.375045E-11
-1.100000E-1	2.226990E-9	2.226990E-9	5.670970E-11	5.670970E-11
-1.000000E-1	2.344200E-9	2.344200E-9	5.969442E-11	5.969442E-11
-9.000000E-2	2.475110E-9	2.475110E-9	6.302801E-11	6.302801E-11
-8.000000E-2	2.611060E-9	2.611060E-9	6.648994E-11	6.648994E-11
-7.000000E-2	2.755740E-9	2.755740E-9	7.017418E-11	7.017418E-11
-6.000000E-2	2.908600E-9	2.908600E-9	7.406672E-11	7.406672E-11
-5.000000E-2	3.076760E-9	3.076760E-9	7.834887E-11	7.834887E-11
-4.000000E-2	3.248930E-9	3.248930E-9	8.273313E-11	8.273313E-11
-3.000000E-2	3.437840E-9	3.437840E-9	8.754367E-11	8.754367E-11
-2.000000E-2	3.639050E-9	3.639050E-9	9.266743E-11	9.266743E-11
-1.000000E-2	3.846390E-9	3.846390E-9	9.794729E-11	9.794729E-11
0.000000E+0	4.069680E-9	4.069680E-9	1.036333E-10	1.036333E-10
1.000000E-2	4.310170E-9	4.310170E-9	1.097573E-10	1.097573E-10
2.000000E-2	4.567660E-9	4.567660E-9	1.163142E-10	1.163142E-10
3.000000E-2	4.837880E-9	4.837880E-9	1.231953E-10	1.231953E-10
4.000000E-2	5.132670E-9	5.132670E-9	1.307021E-10	1.307021E-10
5.000000E-2	5.439650E-9	5.439650E-9	1.385192E-10	1.385192E-10
6.000000E-2	5.771060E-9	5.771060E-9	1.469585E-10	1.469585E-10
7.000000E-2	5.911320E-9	5.911320E-9	1.505302E-10	1.505302E-10
8.000000E-2	6.208070E-9	6.208070E-9	1.580868E-10	1.580868E-10
9.000000E-2	6.531160E-9	6.531160E-9	1.663142E-10	1.663142E-10
1.000000E-1	6.878080E-9	6.878080E-9	1.751485E-10	1.751485E-10
1.100000E-1	7.240960E-9	7.240960E-9	1.843891E-10	1.843891E-10
1.200000E-1	7.617160E-9	7.617160E-9	1.939689E-10	1.939689E-10
1.300000E-1	8.019560E-9	8.019560E-9	2.042159E-10	2.042159E-10
1.400000E-1	8.437130E-9	8.437130E-9	2.148492E-10	2.148492E-10
1.500000E-1	8.875320E-9	8.875320E-9	2.260076E-10	2.260076E-10
1.600000E-1	9.328030E-9	9.328030E-9	2.375358E-10	2.375358E-10
1.700000E-1	9.827900E-9	9.827900E-9	2.502648E-10	2.502648E-10
1.800000E-1	1.148760E-8	1.148760E-8	2.925286E-10	2.925286E-10
1.900000E-1	1.212420E-8	1.212420E-8	3.087395E-10	3.087395E-10
2.000000E-1	1.279650E-8	1.279650E-8	3.258594E-10	3.258594E-10
2.100000E-1	1.349220E-8	1.349220E-8	3.435752E-10	3.435752E-10
2.200000E-1	1.424640E-8	1.424640E-8	3.627807E-10	3.627807E-10
2.300000E-1	1.502010E-8	1.502010E-8	3.824828E-10	3.824828E-10
2.400000E-1	1.587430E-8	1.587430E-8	4.042348E-10	4.042348E-10
2.500000E-1	1.675580E-8	1.675580E-8	4.266819E-10	4.266819E-10
2.600000E-1	1.770840E-8	1.770840E-8	4.509396E-10	4.509396E-10
2.700000E-1	1.869960E-8	1.869960E-8	4.761803E-10	4.761803E-10
2.800000E-1	1.973000E-8	1.973000E-8	5.024191E-10	5.024191E-10
2.900000E-1	2.082080E-8	2.082080E-8	5.301961E-10	5.301961E-10
3.000000E-1	2.196940E-8	2.196940E-8	5.594449E-10	5.594449E-10
3.100000E-1	2.318280E-8	2.318280E-8	5.903438E-10	5.903438E-10
3.200000E-1	2.441280E-8	2.441280E-8	6.216654E-10	6.216654E-10
3.300000E-1	2.571990E-8	2.571990E-8	6.549503E-10	6.549503E-10
3.400000E-1	2.706060E-8	2.706060E-8	6.890909E-10	6.890909E-10
3.500000E-1	2.845940E-8	2.845940E-8	7.247110E-10	7.247110E-10
3.600000E-1	2.991300E-8	2.991300E-8	7.617265E-10	7.617265E-10
3.700000E-1	3.141320E-8	3.141320E-8	7.999287E-10	7.999287E-10
3.800000E-1	3.296820E-8	3.296820E-8	8.395263E-10	8.395263E-10
3.900000E-1	3.455360E-8	3.455360E-8	8.798981E-10	8.798981E-10
4.000000E-1	3.619320E-8	3.619320E-8	9.216501E-10	9.216501E-10
4.100000E-1	3.782260E-8	3.782260E-8	9.631423E-10	9.631423E-10
4.200000E-1	3.957550E-8	3.957550E-8	1.007779E-9	1.007779E-9
4.300000E-1	4.130960E-8	4.130960E-8	1.051938E-9	1.051938E-9
4.400000E-1	4.311610E-8	4.311610E-8	1.097940E-9	1.097940E-9
4.500000E-1	4.496050E-8	4.496050E-8	1.144907E-9	1.144907E-9
4.600000E-1	4.680250E-8	4.680250E-8	1.191813E-9	1.191813E-9
4.700000E-1	4.873160E-8	4.873160E-8	1.240937E-9	1.240937E-9
4.800000E-1	5.057500E-8	5.057500E-8	1.287879E-9	1.287879E-9
4.900000E-1	5.249200E-8	5.249200E-8	1.336695E-9	1.336695E-9
5.000000E-1	5.441610E-8	5.441610E-8	1.385691E-9	1.385691E-9
