

16:19:34	19/03/21


Ell Cont: 5,0x10,0

SMU1	V name:		V1
	I name:		I1
	Mode:		V
	Function:	VAR1
SMU2	V name:		V2
	I name:		I2
	Mode:		common
	Function:	const.
SMU3	off
SMU4	off
VMUs	off

Primary Source (VAR1):	single
	Sweep Spacing:	linear
	Start:		-0.500000
	Stop:		0.500000
	Step:		0.010000
	Compliance:	0.050000
Power Compliance OFF

Timing:		Integration Time:	medium
	Delay Time (sec):	0.000000
	Hold Time (sec):	0.000000
	Wait Time (sec):	1.000000

Secondary Source (VAR2):	OFF


   V1	   I1	Abs(I)	J (A\µm²)	Abs(J)
-5.000000E-1	-5.572560E-7	5.572560E-7	-1.419037E-8	1.419037E-8
-4.900000E-1	-5.336990E-7	5.336990E-7	-1.359050E-8	1.359050E-8
-4.800000E-1	-5.106260E-7	5.106260E-7	-1.300295E-8	1.300295E-8
-4.700000E-1	-4.897730E-7	4.897730E-7	-1.247194E-8	1.247194E-8
-4.600000E-1	-4.693220E-7	4.693220E-7	-1.195116E-8	1.195116E-8
-4.500000E-1	-4.498270E-7	4.498270E-7	-1.145472E-8	1.145472E-8
-4.400000E-1	-4.309940E-7	4.309940E-7	-1.097515E-8	1.097515E-8
-4.300000E-1	-4.119410E-7	4.119410E-7	-1.048997E-8	1.048997E-8
-4.200000E-1	-3.923780E-7	3.923780E-7	-9.991800E-9	9.991800E-9
-4.100000E-1	-3.752390E-7	3.752390E-7	-9.555360E-9	9.555360E-9
-4.000000E-1	-3.572700E-7	3.572700E-7	-9.097784E-9	9.097784E-9
-3.900000E-1	-3.417150E-7	3.417150E-7	-8.701681E-9	8.701681E-9
-3.800000E-1	-3.239160E-7	3.239160E-7	-8.248434E-9	8.248434E-9
-3.700000E-1	-3.081840E-7	3.081840E-7	-7.847823E-9	7.847823E-9
-3.600000E-1	-2.927210E-7	2.927210E-7	-7.454062E-9	7.454062E-9
-3.500000E-1	-2.774500E-7	2.774500E-7	-7.065190E-9	7.065190E-9
-3.400000E-1	-2.629720E-7	2.629720E-7	-6.696511E-9	6.696511E-9
-3.300000E-1	-2.486830E-7	2.486830E-7	-6.332646E-9	6.332646E-9
-3.200000E-1	-2.347720E-7	2.347720E-7	-5.978406E-9	5.978406E-9
-3.100000E-1	-2.208880E-7	2.208880E-7	-5.624854E-9	5.624854E-9
-3.000000E-1	-2.077180E-7	2.077180E-7	-5.289483E-9	5.289483E-9
-2.900000E-1	-1.951580E-7	1.951580E-7	-4.969646E-9	4.969646E-9
-2.800000E-1	-1.827400E-7	1.827400E-7	-4.653425E-9	4.653425E-9
-2.700000E-1	-1.711900E-7	1.711900E-7	-4.359307E-9	4.359307E-9
-2.600000E-1	-1.594740E-7	1.594740E-7	-4.060963E-9	4.060963E-9
-2.500000E-1	-1.482060E-7	1.482060E-7	-3.774026E-9	3.774026E-9
-2.400000E-1	-1.379910E-7	1.379910E-7	-3.513904E-9	3.513904E-9
-2.300000E-1	-1.279480E-7	1.279480E-7	-3.258161E-9	3.258161E-9
-2.200000E-1	-1.181010E-7	1.181010E-7	-3.007410E-9	3.007410E-9
-2.100000E-1	-1.089640E-7	1.089640E-7	-2.774739E-9	2.774739E-9
-2.000000E-1	-1.006056E-7	1.006056E-7	-2.561895E-9	2.561895E-9
-1.900000E-1	-9.180340E-8	9.180340E-8	-2.337749E-9	2.337749E-9
-1.800000E-1	-8.374990E-8	8.374990E-8	-2.132669E-9	2.132669E-9
-1.700000E-1	-7.593100E-8	7.593100E-8	-1.933562E-9	1.933562E-9
-1.600000E-1	-6.899660E-8	6.899660E-8	-1.756980E-9	1.756980E-9
-1.500000E-1	-6.206750E-8	6.206750E-8	-1.580532E-9	1.580532E-9
-1.400000E-1	-5.559460E-8	5.559460E-8	-1.415702E-9	1.415702E-9
-1.300000E-1	-4.963800E-8	4.963800E-8	-1.264018E-9	1.264018E-9
-1.200000E-1	-4.390760E-8	4.390760E-8	-1.118095E-9	1.118095E-9
-1.100000E-1	-3.872610E-8	3.872610E-8	-9.861497E-10	9.861497E-10
-1.000000E-1	-3.378640E-8	3.378640E-8	-8.603616E-10	8.603616E-10
-9.000000E-2	-2.921700E-8	2.921700E-8	-7.440030E-10	7.440030E-10
-8.000000E-2	-2.492970E-8	2.492970E-8	-6.348281E-10	6.348281E-10
-7.000000E-2	-2.091510E-8	2.091510E-8	-5.325974E-10	5.325974E-10
-6.000000E-2	-1.731950E-8	1.731950E-8	-4.410364E-10	4.410364E-10
-5.000000E-2	-1.402090E-8	1.402090E-8	-3.570384E-10	3.570384E-10
-4.000000E-2	-1.095450E-8	1.095450E-8	-2.789534E-10	2.789534E-10
-3.000000E-2	-8.292980E-9	8.292980E-9	-2.111785E-10	2.111785E-10
-2.000000E-2	-5.252350E-9	5.252350E-9	-1.337497E-10	1.337497E-10
-1.000000E-2	-2.384370E-9	2.384370E-9	-6.071734E-11	6.071734E-11
0.000000E+0	2.090800E-10	2.090800E-10	5.324166E-12	5.324166E-12
1.000000E-2	3.018630E-9	3.018630E-9	7.686860E-11	7.686860E-11
2.000000E-2	5.887410E-9	5.887410E-9	1.499213E-10	1.499213E-10
3.000000E-2	8.816900E-9	8.816900E-9	2.245200E-10	2.245200E-10
4.000000E-2	1.282290E-8	1.282290E-8	3.265317E-10	3.265317E-10
5.000000E-2	1.612890E-8	1.612890E-8	4.107181E-10	4.107181E-10
6.000000E-2	1.957440E-8	1.957440E-8	4.984568E-10	4.984568E-10
7.000000E-2	2.333110E-8	2.333110E-8	5.941202E-10	5.941202E-10
8.000000E-2	2.729930E-8	2.729930E-8	6.951693E-10	6.951693E-10
9.000000E-2	3.161940E-8	3.161940E-8	8.051795E-10	8.051795E-10
1.000000E-1	3.612770E-8	3.612770E-8	9.199822E-10	9.199822E-10
1.100000E-1	4.098480E-8	4.098480E-8	1.043667E-9	1.043667E-9
1.200000E-1	4.605210E-8	4.605210E-8	1.172704E-9	1.172704E-9
1.300000E-1	5.173610E-8	5.173610E-8	1.317446E-9	1.317446E-9
1.400000E-1	5.748990E-8	5.748990E-8	1.463965E-9	1.463965E-9
1.500000E-1	6.407540E-8	6.407540E-8	1.631663E-9	1.631663E-9
1.600000E-1	7.016610E-8	7.016610E-8	1.786761E-9	1.786761E-9
1.700000E-1	7.722110E-8	7.722110E-8	1.966415E-9	1.966415E-9
1.800000E-1	8.459570E-8	8.459570E-8	2.154207E-9	2.154207E-9
1.900000E-1	9.248710E-8	9.248710E-8	2.355159E-9	2.355159E-9
2.000000E-1	1.006560E-7	1.006560E-7	2.563178E-9	2.563178E-9
2.100000E-1	1.105970E-7	1.105970E-7	2.816323E-9	2.816323E-9
2.200000E-1	1.199630E-7	1.199630E-7	3.054826E-9	3.054826E-9
2.300000E-1	1.294390E-7	1.294390E-7	3.296129E-9	3.296129E-9
2.400000E-1	1.391020E-7	1.391020E-7	3.542195E-9	3.542195E-9
2.500000E-1	1.498020E-7	1.498020E-7	3.814668E-9	3.814668E-9
2.600000E-1	1.606120E-7	1.606120E-7	4.089941E-9	4.089941E-9
2.700000E-1	1.716960E-7	1.716960E-7	4.372192E-9	4.372192E-9
2.800000E-1	1.839420E-7	1.839420E-7	4.684034E-9	4.684034E-9
2.900000E-1	1.959750E-7	1.959750E-7	4.990451E-9	4.990451E-9
3.000000E-1	2.079500E-7	2.079500E-7	5.295391E-9	5.295391E-9
3.100000E-1	2.208660E-7	2.208660E-7	5.624293E-9	5.624293E-9
3.200000E-1	2.356200E-7	2.356200E-7	6.000000E-9	6.000000E-9
3.300000E-1	2.495700E-7	2.495700E-7	6.355233E-9	6.355233E-9
3.400000E-1	2.630240E-7	2.630240E-7	6.697835E-9	6.697835E-9
3.500000E-1	2.751910E-7	2.751910E-7	7.007665E-9	7.007665E-9
3.600000E-1	2.899460E-7	2.899460E-7	7.383397E-9	7.383397E-9
3.700000E-1	3.057750E-7	3.057750E-7	7.786478E-9	7.786478E-9
3.800000E-1	3.201470E-7	3.201470E-7	8.152457E-9	8.152457E-9
3.900000E-1	3.366290E-7	3.366290E-7	8.572167E-9	8.572167E-9
4.000000E-1	3.526560E-7	3.526560E-7	8.980290E-9	8.980290E-9
4.100000E-1	3.700380E-7	3.700380E-7	9.422918E-9	9.422918E-9
4.200000E-1	3.875370E-7	3.875370E-7	9.868525E-9	9.868525E-9
4.300000E-1	4.052200E-7	4.052200E-7	1.031882E-8	1.031882E-8
4.400000E-1	4.243460E-7	4.243460E-7	1.080586E-8	1.080586E-8
4.500000E-1	4.421500E-7	4.421500E-7	1.125923E-8	1.125923E-8
4.600000E-1	4.629470E-7	4.629470E-7	1.178882E-8	1.178882E-8
4.700000E-1	4.825070E-7	4.825070E-7	1.228691E-8	1.228691E-8
4.800000E-1	5.015190E-7	5.015190E-7	1.277105E-8	1.277105E-8
4.900000E-1	5.208910E-7	5.208910E-7	1.326435E-8	1.326435E-8
5.000000E-1	5.444350E-7	5.444350E-7	1.386389E-8	1.386389E-8
