

16:32:07	19/03/21


Ell Cont: 5,0x10,0

SMU1	V name:		V1
	I name:		I1
	Mode:		V
	Function:	VAR1
SMU2	V name:		V2
	I name:		I2
	Mode:		common
	Function:	const.
SMU3	off
SMU4	off
VMUs	off

Primary Source (VAR1):	single
	Sweep Spacing:	linear
	Start:		-0.500000
	Stop:		0.500000
	Step:		0.010000
	Compliance:	0.050000
Power Compliance OFF

Timing:		Integration Time:	medium
	Delay Time (sec):	0.000000
	Hold Time (sec):	0.000000
	Wait Time (sec):	1.000000

Secondary Source (VAR2):	OFF


   V1	   I1	Abs(I)	J (A\um²)	Abs(J)
-5.000000E-1	-1.605810E-6	1.605810E-6	-4.089152E-8	4.089152E-8
-4.900000E-1	-1.547890E-6	1.547890E-6	-3.941660E-8	3.941660E-8
-4.800000E-1	-1.492620E-6	1.492620E-6	-3.800917E-8	3.800917E-8
-4.700000E-1	-1.414190E-6	1.414190E-6	-3.601197E-8	3.601197E-8
-4.600000E-1	-1.355290E-6	1.355290E-6	-3.451210E-8	3.451210E-8
-4.500000E-1	-1.297380E-6	1.297380E-6	-3.303743E-8	3.303743E-8
-4.400000E-1	-1.260610E-6	1.260610E-6	-3.210109E-8	3.210109E-8
-4.300000E-1	-1.203720E-6	1.203720E-6	-3.065241E-8	3.065241E-8
-4.200000E-1	-1.157950E-6	1.157950E-6	-2.948689E-8	2.948689E-8
-4.100000E-1	-1.099740E-6	1.099740E-6	-2.800458E-8	2.800458E-8
-4.000000E-1	-1.049970E-6	1.049970E-6	-2.673720E-8	2.673720E-8
-3.900000E-1	-9.976650E-7	9.976650E-7	-2.540527E-8	2.540527E-8
-3.800000E-1	-9.482460E-7	9.482460E-7	-2.414683E-8	2.414683E-8
-3.700000E-1	-8.925610E-7	8.925610E-7	-2.272883E-8	2.272883E-8
-3.600000E-1	-8.589520E-7	8.589520E-7	-2.187298E-8	2.187298E-8
-3.500000E-1	-8.112890E-7	8.112890E-7	-2.065926E-8	2.065926E-8
-3.400000E-1	-7.770590E-7	7.770590E-7	-1.978760E-8	1.978760E-8
-3.300000E-1	-7.330880E-7	7.330880E-7	-1.866789E-8	1.866789E-8
-3.200000E-1	-6.977780E-7	6.977780E-7	-1.776873E-8	1.776873E-8
-3.100000E-1	-6.485930E-7	6.485930E-7	-1.651625E-8	1.651625E-8
-3.000000E-1	-6.175320E-7	6.175320E-7	-1.572529E-8	1.572529E-8
-2.900000E-1	-5.811760E-7	5.811760E-7	-1.479949E-8	1.479949E-8
-2.800000E-1	-5.440780E-7	5.440780E-7	-1.385480E-8	1.385480E-8
-2.700000E-1	-5.151330E-7	5.151330E-7	-1.311772E-8	1.311772E-8
-2.600000E-1	-4.832260E-7	4.832260E-7	-1.230522E-8	1.230522E-8
-2.500000E-1	-4.731160E-7	4.731160E-7	-1.204777E-8	1.204777E-8
-2.400000E-1	-4.378950E-7	4.378950E-7	-1.115088E-8	1.115088E-8
-2.300000E-1	-3.999420E-7	3.999420E-7	-1.018442E-8	1.018442E-8
-2.200000E-1	-3.794170E-7	3.794170E-7	-9.661752E-9	9.661752E-9
-2.100000E-1	-3.566020E-7	3.566020E-7	-9.080774E-9	9.080774E-9
-2.000000E-1	-3.301080E-7	3.301080E-7	-8.406111E-9	8.406111E-9
-1.900000E-1	-3.025590E-7	3.025590E-7	-7.704584E-9	7.704584E-9
-1.800000E-1	-2.658880E-7	2.658880E-7	-6.770766E-9	6.770766E-9
-1.700000E-1	-2.431660E-7	2.431660E-7	-6.192157E-9	6.192157E-9
-1.600000E-1	-2.251020E-7	2.251020E-7	-5.732162E-9	5.732162E-9
-1.500000E-1	-2.077130E-7	2.077130E-7	-5.289356E-9	5.289356E-9
-1.400000E-1	-1.892890E-7	1.892890E-7	-4.820193E-9	4.820193E-9
-1.300000E-1	-1.748730E-7	1.748730E-7	-4.453094E-9	4.453094E-9
-1.200000E-1	-1.540060E-7	1.540060E-7	-3.921721E-9	3.921721E-9
-1.100000E-1	-1.435940E-7	1.435940E-7	-3.656583E-9	3.656583E-9
-1.000000E-1	-1.272160E-7	1.272160E-7	-3.239521E-9	3.239521E-9
-9.000000E-2	-1.105400E-7	1.105400E-7	-2.814871E-9	2.814871E-9
-8.000000E-2	-9.804840E-8	9.804840E-8	-2.496776E-9	2.496776E-9
-7.000000E-2	-8.799350E-8	8.799350E-8	-2.240731E-9	2.240731E-9
-6.000000E-2	-7.124990E-8	7.124990E-8	-1.814360E-9	1.814360E-9
-5.000000E-2	-6.022730E-8	6.022730E-8	-1.533672E-9	1.533672E-9
-4.000000E-2	-4.696300E-8	4.696300E-8	-1.195900E-9	1.195900E-9
-3.000000E-2	-3.510870E-8	3.510870E-8	-8.940336E-10	8.940336E-10
-2.000000E-2	-2.210470E-8	2.210470E-8	-5.628902E-10	5.628902E-10
-1.000000E-2	-1.116950E-8	1.116950E-8	-2.844283E-10	2.844283E-10
0.000000E+0	5.205300E-10	5.205300E-10	1.325516E-11	1.325516E-11
1.000000E-2	1.126590E-8	1.126590E-8	2.868831E-10	2.868831E-10
2.000000E-2	2.496650E-8	2.496650E-8	6.357652E-10	6.357652E-10
3.000000E-2	3.934790E-8	3.934790E-8	1.001984E-9	1.001984E-9
4.000000E-2	5.222250E-8	5.222250E-8	1.329832E-9	1.329832E-9
5.000000E-2	6.296170E-8	6.296170E-8	1.603303E-9	1.603303E-9
6.000000E-2	7.543820E-8	7.543820E-8	1.921013E-9	1.921013E-9
7.000000E-2	8.964010E-8	8.964010E-8	2.282661E-9	2.282661E-9
8.000000E-2	1.035950E-7	1.035950E-7	2.638019E-9	2.638019E-9
9.000000E-2	1.222150E-7	1.222150E-7	3.112172E-9	3.112172E-9
1.000000E-1	1.392200E-7	1.392200E-7	3.545200E-9	3.545200E-9
1.100000E-1	1.555080E-7	1.555080E-7	3.959969E-9	3.959969E-9
1.200000E-1	1.725580E-7	1.725580E-7	4.394143E-9	4.394143E-9
1.300000E-1	1.911700E-7	1.911700E-7	4.868093E-9	4.868093E-9
1.400000E-1	2.142130E-7	2.142130E-7	5.454876E-9	5.454876E-9
1.500000E-1	2.316590E-7	2.316590E-7	5.899134E-9	5.899134E-9
1.600000E-1	2.528380E-7	2.528380E-7	6.438452E-9	6.438452E-9
1.700000E-1	2.771890E-7	2.771890E-7	7.058543E-9	7.058543E-9
1.800000E-1	2.972310E-7	2.972310E-7	7.568907E-9	7.568907E-9
1.900000E-1	3.270960E-7	3.270960E-7	8.329412E-9	8.329412E-9
2.000000E-1	3.501990E-7	3.501990E-7	8.917723E-9	8.917723E-9
2.100000E-1	3.764670E-7	3.764670E-7	9.586631E-9	9.586631E-9
2.200000E-1	4.022260E-7	4.022260E-7	1.024258E-8	1.024258E-8
2.300000E-1	4.373340E-7	4.373340E-7	1.113659E-8	1.113659E-8
2.400000E-1	4.676540E-7	4.676540E-7	1.190868E-8	1.190868E-8
2.500000E-1	4.996830E-7	4.996830E-7	1.272429E-8	1.272429E-8
2.600000E-1	5.290130E-7	5.290130E-7	1.347117E-8	1.347117E-8
2.700000E-1	5.725690E-7	5.725690E-7	1.458032E-8	1.458032E-8
2.800000E-1	6.076570E-7	6.076570E-7	1.547382E-8	1.547382E-8
2.900000E-1	6.443490E-7	6.443490E-7	1.640817E-8	1.640817E-8
3.000000E-1	6.724680E-7	6.724680E-7	1.712422E-8	1.712422E-8
3.100000E-1	7.195150E-7	7.195150E-7	1.832226E-8	1.832226E-8
3.200000E-1	7.636180E-7	7.636180E-7	1.944533E-8	1.944533E-8
3.300000E-1	7.861340E-7	7.861340E-7	2.001869E-8	2.001869E-8
3.400000E-1	8.362080E-7	8.362080E-7	2.129381E-8	2.129381E-8
3.500000E-1	8.824220E-7	8.824220E-7	2.247064E-8	2.247064E-8
3.600000E-1	9.217740E-7	9.217740E-7	2.347273E-8	2.347273E-8
3.700000E-1	9.611260E-7	9.611260E-7	2.447482E-8	2.447482E-8
3.800000E-1	1.019761E-6	1.019761E-6	2.596794E-8	2.596794E-8
3.900000E-1	1.061642E-6	1.061642E-6	2.703443E-8	2.703443E-8
4.000000E-1	1.092610E-6	1.092610E-6	2.782302E-8	2.782302E-8
4.100000E-1	1.160880E-6	1.160880E-6	2.956150E-8	2.956150E-8
4.200000E-1	1.237080E-6	1.237080E-6	3.150191E-8	3.150191E-8
4.300000E-1	1.273240E-6	1.273240E-6	3.242271E-8	3.242271E-8
4.400000E-1	1.317070E-6	1.317070E-6	3.353883E-8	3.353883E-8
4.500000E-1	1.353660E-6	1.353660E-6	3.447059E-8	3.447059E-8
4.600000E-1	1.421540E-6	1.421540E-6	3.619913E-8	3.619913E-8
4.700000E-1	1.487290E-6	1.487290E-6	3.787344E-8	3.787344E-8
4.800000E-1	1.577640E-6	1.577640E-6	4.017418E-8	4.017418E-8
4.900000E-1	1.586350E-6	1.586350E-6	4.039598E-8	4.039598E-8
5.000000E-1	1.609200E-6	1.609200E-6	4.097785E-8	4.097785E-8
