

16:36:59	19/03/21


Ell Cont: 5,0x10,0

SMU1	V name:		V1
	I name:		I1
	Mode:		V
	Function:	VAR1
SMU2	V name:		V2
	I name:		I2
	Mode:		common
	Function:	const.
SMU3	off
SMU4	off
VMUs	off

Primary Source (VAR1):	single
	Sweep Spacing:	linear
	Start:		-0.500000
	Stop:		0.500000
	Step:		0.010000
	Compliance:	0.050000
Power Compliance OFF

Timing:		Integration Time:	medium
	Delay Time (sec):	0.000000
	Hold Time (sec):	0.000000
	Wait Time (sec):	1.000000

Secondary Source (VAR2):	OFF


   V1	   I1	Abs(I)	J (A\µm²)	Abs(J)
-5.000000E-1	-1.247120E-6	1.247120E-6	-3.175758E-8	3.175758E-8
-4.900000E-1	-1.195130E-6	1.195130E-6	-3.043366E-8	3.043366E-8
-4.800000E-1	-1.147110E-6	1.147110E-6	-2.921085E-8	2.921085E-8
-4.700000E-1	-1.098880E-6	1.098880E-6	-2.798268E-8	2.798268E-8
-4.600000E-1	-1.052840E-6	1.052840E-6	-2.681029E-8	2.681029E-8
-4.500000E-1	-1.007710E-6	1.007710E-6	-2.566106E-8	2.566106E-8
-4.400000E-1	-9.662380E-7	9.662380E-7	-2.460499E-8	2.460499E-8
-4.300000E-1	-9.221670E-7	9.221670E-7	-2.348273E-8	2.348273E-8
-4.200000E-1	-8.809570E-7	8.809570E-7	-2.243333E-8	2.243333E-8
-4.100000E-1	-8.413040E-7	8.413040E-7	-2.142358E-8	2.142358E-8
-4.000000E-1	-8.023460E-7	8.023460E-7	-2.043153E-8	2.043153E-8
-3.900000E-1	-7.641590E-7	7.641590E-7	-1.945910E-8	1.945910E-8
-3.800000E-1	-7.273600E-7	7.273600E-7	-1.852203E-8	1.852203E-8
-3.700000E-1	-6.910360E-7	6.910360E-7	-1.759705E-8	1.759705E-8
-3.600000E-1	-6.554660E-7	6.554660E-7	-1.669127E-8	1.669127E-8
-3.500000E-1	-6.216920E-7	6.216920E-7	-1.583122E-8	1.583122E-8
-3.400000E-1	-5.887440E-7	5.887440E-7	-1.499221E-8	1.499221E-8
-3.300000E-1	-5.568850E-7	5.568850E-7	-1.418093E-8	1.418093E-8
-3.200000E-1	-5.256860E-7	5.256860E-7	-1.338645E-8	1.338645E-8
-3.100000E-1	-4.957030E-7	4.957030E-7	-1.262294E-8	1.262294E-8
-3.000000E-1	-4.660110E-7	4.660110E-7	-1.186684E-8	1.186684E-8
-2.900000E-1	-4.382450E-7	4.382450E-7	-1.115979E-8	1.115979E-8
-2.800000E-1	-4.104540E-7	4.104540E-7	-1.045210E-8	1.045210E-8
-2.700000E-1	-3.840810E-7	3.840810E-7	-9.780519E-9	9.780519E-9
-2.600000E-1	-3.583100E-7	3.583100E-7	-9.124268E-9	9.124268E-9
-2.500000E-1	-3.341390E-7	3.341390E-7	-8.508760E-9	8.508760E-9
-2.400000E-1	-3.101330E-7	3.101330E-7	-7.897453E-9	7.897453E-9
-2.300000E-1	-2.878750E-7	2.878750E-7	-7.330659E-9	7.330659E-9
-2.200000E-1	-2.660620E-7	2.660620E-7	-6.775197E-9	6.775197E-9
-2.100000E-1	-2.450750E-7	2.450750E-7	-6.240769E-9	6.240769E-9
-2.000000E-1	-2.251800E-7	2.251800E-7	-5.734148E-9	5.734148E-9
-1.900000E-1	-2.059340E-7	2.059340E-7	-5.244054E-9	5.244054E-9
-1.800000E-1	-1.881990E-7	1.881990E-7	-4.792437E-9	4.792437E-9
-1.700000E-1	-1.711780E-7	1.711780E-7	-4.359002E-9	4.359002E-9
-1.600000E-1	-1.548760E-7	1.548760E-7	-3.943876E-9	3.943876E-9
-1.500000E-1	-1.395850E-7	1.395850E-7	-3.554494E-9	3.554494E-9
-1.400000E-1	-1.253710E-7	1.253710E-7	-3.192539E-9	3.192539E-9
-1.300000E-1	-1.117410E-7	1.117410E-7	-2.845455E-9	2.845455E-9
-1.200000E-1	-9.989780E-8	9.989780E-8	-2.543871E-9	2.543871E-9
-1.100000E-1	-8.743360E-8	8.743360E-8	-2.226473E-9	2.226473E-9
-1.000000E-1	-7.641510E-8	7.641510E-8	-1.945890E-9	1.945890E-9
-9.000000E-2	-6.618940E-8	6.618940E-8	-1.685495E-9	1.685495E-9
-8.000000E-2	-5.671840E-8	5.671840E-8	-1.444319E-9	1.444319E-9
-7.000000E-2	-4.786840E-8	4.786840E-8	-1.218956E-9	1.218956E-9
-6.000000E-2	-3.963280E-8	3.963280E-8	-1.009239E-9	1.009239E-9
-5.000000E-2	-3.185340E-8	3.185340E-8	-8.111383E-10	8.111383E-10
-4.000000E-2	-2.460350E-8	2.460350E-8	-6.265215E-10	6.265215E-10
-3.000000E-2	-1.767140E-8	1.767140E-8	-4.499974E-10	4.499974E-10
-2.000000E-2	-1.149180E-8	1.149180E-8	-2.926356E-10	2.926356E-10
-1.000000E-2	-5.864200E-9	5.864200E-9	-1.493303E-10	1.493303E-10
0.000000E+0	2.415200E-10	2.415200E-10	6.150242E-12	6.150242E-12
1.000000E-2	6.542690E-9	6.542690E-9	1.666078E-10	1.666078E-10
2.000000E-2	1.299160E-8	1.299160E-8	3.308276E-10	3.308276E-10
3.000000E-2	2.072640E-8	2.072640E-8	5.277922E-10	5.277922E-10
4.000000E-2	2.776820E-8	2.776820E-8	7.071097E-10	7.071097E-10
5.000000E-2	3.508950E-8	3.508950E-8	8.935447E-10	8.935447E-10
6.000000E-2	4.275640E-8	4.275640E-8	1.088780E-9	1.088780E-9
7.000000E-2	5.101000E-8	5.101000E-8	1.298956E-9	1.298956E-9
8.000000E-2	5.989920E-8	5.989920E-8	1.525317E-9	1.525317E-9
9.000000E-2	6.813930E-8	6.813930E-8	1.735149E-9	1.735149E-9
1.000000E-1	7.805890E-8	7.805890E-8	1.987749E-9	1.987749E-9
1.100000E-1	8.900220E-8	8.900220E-8	2.266417E-9	2.266417E-9
1.200000E-1	1.006150E-7	1.006150E-7	2.562134E-9	2.562134E-9
1.300000E-1	1.144370E-7	1.144370E-7	2.914107E-9	2.914107E-9
1.400000E-1	1.279610E-7	1.279610E-7	3.258492E-9	3.258492E-9
1.500000E-1	1.423330E-7	1.423330E-7	3.624472E-9	3.624472E-9
1.600000E-1	1.572740E-7	1.572740E-7	4.004940E-9	4.004940E-9
1.700000E-1	1.729820E-7	1.729820E-7	4.404940E-9	4.404940E-9
1.800000E-1	1.901060E-7	1.901060E-7	4.840998E-9	4.840998E-9
1.900000E-1	2.076240E-7	2.076240E-7	5.287089E-9	5.287089E-9
2.000000E-1	2.265940E-7	2.265940E-7	5.770155E-9	5.770155E-9
2.100000E-1	2.461890E-7	2.461890E-7	6.269137E-9	6.269137E-9
2.200000E-1	2.664050E-7	2.664050E-7	6.783932E-9	6.783932E-9
2.300000E-1	2.878040E-7	2.878040E-7	7.328851E-9	7.328851E-9
2.400000E-1	3.103260E-7	3.103260E-7	7.902368E-9	7.902368E-9
2.500000E-1	3.336320E-7	3.336320E-7	8.495849E-9	8.495849E-9
2.600000E-1	3.575490E-7	3.575490E-7	9.104889E-9	9.104889E-9
2.700000E-1	3.824860E-7	3.824860E-7	9.739903E-9	9.739903E-9
2.800000E-1	4.081930E-7	4.081930E-7	1.039452E-8	1.039452E-8
2.900000E-1	4.347800E-7	4.347800E-7	1.107156E-8	1.107156E-8
3.000000E-1	4.631120E-7	4.631120E-7	1.179302E-8	1.179302E-8
3.100000E-1	4.915880E-7	4.915880E-7	1.251816E-8	1.251816E-8
3.200000E-1	5.211310E-7	5.211310E-7	1.327046E-8	1.327046E-8
3.300000E-1	5.511450E-7	5.511450E-7	1.403476E-8	1.403476E-8
3.400000E-1	5.818080E-7	5.818080E-7	1.481558E-8	1.481558E-8
3.500000E-1	6.146390E-7	6.146390E-7	1.565162E-8	1.565162E-8
3.600000E-1	6.471140E-7	6.471140E-7	1.647858E-8	1.647858E-8
3.700000E-1	6.819080E-7	6.819080E-7	1.736460E-8	1.736460E-8
3.800000E-1	7.165770E-7	7.165770E-7	1.824744E-8	1.824744E-8
3.900000E-1	7.521010E-7	7.521010E-7	1.915205E-8	1.915205E-8
4.000000E-1	7.894560E-7	7.894560E-7	2.010328E-8	2.010328E-8
4.100000E-1	8.267740E-7	8.267740E-7	2.105358E-8	2.105358E-8
4.200000E-1	8.650480E-7	8.650480E-7	2.202821E-8	2.202821E-8
4.300000E-1	9.048000E-7	9.048000E-7	2.304049E-8	2.304049E-8
4.400000E-1	9.458930E-7	9.458930E-7	2.408691E-8	2.408691E-8
4.500000E-1	9.872600E-7	9.872600E-7	2.514031E-8	2.514031E-8
4.600000E-1	1.029628E-6	1.029628E-6	2.621920E-8	2.621920E-8
4.700000E-1	1.073872E-6	1.073872E-6	2.734586E-8	2.734586E-8
4.800000E-1	1.117990E-6	1.117990E-6	2.846931E-8	2.846931E-8
4.900000E-1	1.166690E-6	1.166690E-6	2.970945E-8	2.970945E-8
5.000000E-1	1.213710E-6	1.213710E-6	3.090680E-8	3.090680E-8
