

16:20:56	19/03/21


Ell Cont: 5,0x10,0

SMU1	V name:		V1
	I name:		I1
	Mode:		V
	Function:	VAR1
SMU2	V name:		V2
	I name:		I2
	Mode:		common
	Function:	const.
SMU3	off
SMU4	off
VMUs	off

Primary Source (VAR1):	single
	Sweep Spacing:	linear
	Start:		-0.500000
	Stop:		0.500000
	Step:		0.010000
	Compliance:	0.050000
Power Compliance OFF

Timing:		Integration Time:	medium
	Delay Time (sec):	0.000000
	Hold Time (sec):	0.000000
	Wait Time (sec):	1.000000

Secondary Source (VAR2):	OFF


   V1	   I1	Abs(I)	J (A\um²)	Abs(J)
-5.000000E-1	-1.536640E-6	1.536640E-6	-3.913012E-8	3.913012E-8
-4.900000E-1	-1.475700E-6	1.475700E-6	-3.757830E-8	3.757830E-8
-4.800000E-1	-1.416530E-6	1.416530E-6	-3.607156E-8	3.607156E-8
-4.700000E-1	-1.360980E-6	1.360980E-6	-3.465699E-8	3.465699E-8
-4.600000E-1	-1.305340E-6	1.305340E-6	-3.324013E-8	3.324013E-8
-4.500000E-1	-1.251250E-6	1.251250E-6	-3.186274E-8	3.186274E-8
-4.400000E-1	-1.200160E-6	1.200160E-6	-3.056175E-8	3.056175E-8
-4.300000E-1	-1.150050E-6	1.150050E-6	-2.928571E-8	2.928571E-8
-4.200000E-1	-1.099660E-6	1.099660E-6	-2.800255E-8	2.800255E-8
-4.100000E-1	-1.051700E-6	1.051700E-6	-2.678126E-8	2.678126E-8
-4.000000E-1	-1.006609E-6	1.006609E-6	-2.563303E-8	2.563303E-8
-3.900000E-1	-9.592480E-7	9.592480E-7	-2.442699E-8	2.442699E-8
-3.800000E-1	-9.148800E-7	9.148800E-7	-2.329717E-8	2.329717E-8
-3.700000E-1	-8.708130E-7	8.708130E-7	-2.217502E-8	2.217502E-8
-3.600000E-1	-8.282850E-7	8.282850E-7	-2.109205E-8	2.109205E-8
-3.500000E-1	-7.848960E-7	7.848960E-7	-1.998717E-8	1.998717E-8
-3.400000E-1	-7.454120E-7	7.454120E-7	-1.898172E-8	1.898172E-8
-3.300000E-1	-7.067370E-7	7.067370E-7	-1.799687E-8	1.799687E-8
-3.200000E-1	-6.682970E-7	6.682970E-7	-1.701800E-8	1.701800E-8
-3.100000E-1	-6.311810E-7	6.311810E-7	-1.607285E-8	1.607285E-8
-3.000000E-1	-5.959610E-7	5.959610E-7	-1.517599E-8	1.517599E-8
-2.900000E-1	-5.605320E-7	5.605320E-7	-1.427380E-8	1.427380E-8
-2.800000E-1	-5.272280E-7	5.272280E-7	-1.342572E-8	1.342572E-8
-2.700000E-1	-4.950700E-7	4.950700E-7	-1.260682E-8	1.260682E-8
-2.600000E-1	-4.624240E-7	4.624240E-7	-1.177550E-8	1.177550E-8
-2.500000E-1	-4.324440E-7	4.324440E-7	-1.101207E-8	1.101207E-8
-2.400000E-1	-4.027440E-7	4.027440E-7	-1.025577E-8	1.025577E-8
-2.300000E-1	-3.748270E-7	3.748270E-7	-9.544869E-9	9.544869E-9
-2.200000E-1	-3.475500E-7	3.475500E-7	-8.850267E-9	8.850267E-9
-2.100000E-1	-3.210500E-7	3.210500E-7	-8.175452E-9	8.175452E-9
-2.000000E-1	-2.954310E-7	2.954310E-7	-7.523071E-9	7.523071E-9
-1.900000E-1	-2.716680E-7	2.716680E-7	-6.917953E-9	6.917953E-9
-1.800000E-1	-2.489230E-7	2.489230E-7	-6.338757E-9	6.338757E-9
-1.700000E-1	-2.272060E-7	2.272060E-7	-5.785740E-9	5.785740E-9
-1.600000E-1	-2.064560E-7	2.064560E-7	-5.257347E-9	5.257347E-9
-1.500000E-1	-1.868830E-7	1.868830E-7	-4.758925E-9	4.758925E-9
-1.400000E-1	-1.683050E-7	1.683050E-7	-4.285842E-9	4.285842E-9
-1.300000E-1	-1.505060E-7	1.505060E-7	-3.832595E-9	3.832595E-9
-1.200000E-1	-1.340620E-7	1.340620E-7	-3.413853E-9	3.413853E-9
-1.100000E-1	-1.184840E-7	1.184840E-7	-3.017163E-9	3.017163E-9
-1.000000E-1	-1.046176E-7	1.046176E-7	-2.664059E-9	2.664059E-9
-9.000000E-2	-9.052750E-8	9.052750E-8	-2.305258E-9	2.305258E-9
-8.000000E-2	-7.768400E-8	7.768400E-8	-1.978202E-9	1.978202E-9
-7.000000E-2	-6.565790E-8	6.565790E-8	-1.671961E-9	1.671961E-9
-6.000000E-2	-5.463410E-8	5.463410E-8	-1.391243E-9	1.391243E-9
-5.000000E-2	-4.411290E-8	4.411290E-8	-1.123323E-9	1.123323E-9
-4.000000E-2	-3.416530E-8	3.416530E-8	-8.700102E-10	8.700102E-10
-3.000000E-2	-2.474330E-8	2.474330E-8	-6.300815E-10	6.300815E-10
-2.000000E-2	-1.561560E-8	1.561560E-8	-3.976471E-10	3.976471E-10
-1.000000E-2	-8.044070E-9	8.044070E-9	-2.048401E-10	2.048401E-10
0.000000E+0	4.817500E-10	4.817500E-10	1.226763E-11	1.226763E-11
1.000000E-2	9.065100E-9	9.065100E-9	2.308403E-10	2.308403E-10
2.000000E-2	1.790520E-8	1.790520E-8	4.559511E-10	4.559511E-10
3.000000E-2	2.804370E-8	2.804370E-8	7.141253E-10	7.141253E-10
4.000000E-2	3.763970E-8	3.763970E-8	9.584848E-10	9.584848E-10
5.000000E-2	4.755860E-8	4.755860E-8	1.211067E-9	1.211067E-9
6.000000E-2	5.800140E-8	5.800140E-8	1.476990E-9	1.476990E-9
7.000000E-2	6.844380E-8	6.844380E-8	1.742903E-9	1.742903E-9
8.000000E-2	7.978060E-8	7.978060E-8	2.031592E-9	2.031592E-9
9.000000E-2	9.250000E-8	9.250000E-8	2.355488E-9	2.355488E-9
1.000000E-1	1.057260E-7	1.057260E-7	2.692284E-9	2.692284E-9
1.100000E-1	1.213760E-7	1.213760E-7	3.090807E-9	3.090807E-9
1.200000E-1	1.370310E-7	1.370310E-7	3.489458E-9	3.489458E-9
1.300000E-1	1.533070E-7	1.533070E-7	3.903922E-9	3.903922E-9
1.400000E-1	1.705810E-7	1.705810E-7	4.343799E-9	4.343799E-9
1.500000E-1	1.888620E-7	1.888620E-7	4.809320E-9	4.809320E-9
1.600000E-1	2.080560E-7	2.080560E-7	5.298090E-9	5.298090E-9
1.700000E-1	2.289910E-7	2.289910E-7	5.831194E-9	5.831194E-9
1.800000E-1	2.504030E-7	2.504030E-7	6.376445E-9	6.376445E-9
1.900000E-1	2.724440E-7	2.724440E-7	6.937713E-9	6.937713E-9
2.000000E-1	2.961800E-7	2.961800E-7	7.542144E-9	7.542144E-9
2.100000E-1	3.207170E-7	3.207170E-7	8.166972E-9	8.166972E-9
2.200000E-1	3.468320E-7	3.468320E-7	8.831984E-9	8.831984E-9
2.300000E-1	3.731000E-7	3.731000E-7	9.500891E-9	9.500891E-9
2.400000E-1	4.016070E-7	4.016070E-7	1.022681E-8	1.022681E-8
2.500000E-1	4.308190E-7	4.308190E-7	1.097069E-8	1.097069E-8
2.600000E-1	4.605740E-7	4.605740E-7	1.172839E-8	1.172839E-8
2.700000E-1	4.916790E-7	4.916790E-7	1.252047E-8	1.252047E-8
2.800000E-1	5.241360E-7	5.241360E-7	1.334698E-8	1.334698E-8
2.900000E-1	5.576600E-7	5.576600E-7	1.420066E-8	1.420066E-8
3.000000E-1	5.914720E-7	5.914720E-7	1.506168E-8	1.506168E-8
3.100000E-1	6.265550E-7	6.265550E-7	1.595505E-8	1.595505E-8
3.200000E-1	6.626710E-7	6.626710E-7	1.687474E-8	1.687474E-8
3.300000E-1	7.006970E-7	7.006970E-7	1.784306E-8	1.784306E-8
3.400000E-1	7.379680E-7	7.379680E-7	1.879216E-8	1.879216E-8
3.500000E-1	7.773400E-7	7.773400E-7	1.979475E-8	1.979475E-8
3.600000E-1	8.169410E-7	8.169410E-7	2.080318E-8	2.080318E-8
3.700000E-1	8.593370E-7	8.593370E-7	2.188279E-8	2.188279E-8
3.800000E-1	9.009470E-7	9.009470E-7	2.294237E-8	2.294237E-8
3.900000E-1	9.458960E-7	9.458960E-7	2.408699E-8	2.408699E-8
4.000000E-1	9.907530E-7	9.907530E-7	2.522926E-8	2.522926E-8
4.100000E-1	1.038172E-6	1.038172E-6	2.643677E-8	2.643677E-8
4.200000E-1	1.084273E-6	1.084273E-6	2.761072E-8	2.761072E-8
4.300000E-1	1.132540E-6	1.132540E-6	2.883983E-8	2.883983E-8
4.400000E-1	1.182030E-6	1.182030E-6	3.010008E-8	3.010008E-8
4.500000E-1	1.232030E-6	1.232030E-6	3.137331E-8	3.137331E-8
4.600000E-1	1.286720E-6	1.286720E-6	3.276598E-8	3.276598E-8
4.700000E-1	1.339260E-6	1.339260E-6	3.410390E-8	3.410390E-8
4.800000E-1	1.392780E-6	1.392780E-6	3.546677E-8	3.546677E-8
4.900000E-1	1.447790E-6	1.447790E-6	3.686758E-8	3.686758E-8
5.000000E-1	1.506540E-6	1.506540E-6	3.836364E-8	3.836364E-8
