

16:40:35	19/03/21


Ell Cont: 5,0x10,0

SMU1	V name:		V1
	I name:		I1
	Mode:		V
	Function:	VAR1
SMU2	V name:		V2
	I name:		I2
	Mode:		common
	Function:	const.
SMU3	off
SMU4	off
VMUs	off

Primary Source (VAR1):	single
	Sweep Spacing:	linear
	Start:		-0.500000
	Stop:		0.500000
	Step:		0.010000
	Compliance:	0.050000
Power Compliance OFF

Timing:		Integration Time:	medium
	Delay Time (sec):	0.000000
	Hold Time (sec):	0.000000
	Wait Time (sec):	1.000000

Secondary Source (VAR2):	OFF


   V1	   I1	Abs(I)	J (A\µm²)	Abs(J)
-5.000000E-1	-9.631050E-7	9.631050E-7	-2.452521E-8	2.452521E-8
-4.900000E-1	-9.202020E-7	9.202020E-7	-2.343270E-8	2.343270E-8
-4.800000E-1	-8.823340E-7	8.823340E-7	-2.246840E-8	2.246840E-8
-4.700000E-1	-8.425850E-7	8.425850E-7	-2.145620E-8	2.145620E-8
-4.600000E-1	-8.071700E-7	8.071700E-7	-2.055437E-8	2.055437E-8
-4.500000E-1	-7.759730E-7	7.759730E-7	-1.975994E-8	1.975994E-8
-4.400000E-1	-7.403500E-7	7.403500E-7	-1.885281E-8	1.885281E-8
-4.300000E-1	-7.052750E-7	7.052750E-7	-1.795964E-8	1.795964E-8
-4.200000E-1	-6.732110E-7	6.732110E-7	-1.714314E-8	1.714314E-8
-4.100000E-1	-6.429900E-7	6.429900E-7	-1.637357E-8	1.637357E-8
-4.000000E-1	-6.123870E-7	6.123870E-7	-1.559427E-8	1.559427E-8
-3.900000E-1	-5.818050E-7	5.818050E-7	-1.481551E-8	1.481551E-8
-3.800000E-1	-5.536710E-7	5.536710E-7	-1.409908E-8	1.409908E-8
-3.700000E-1	-5.252570E-7	5.252570E-7	-1.337553E-8	1.337553E-8
-3.600000E-1	-4.989110E-7	4.989110E-7	-1.270463E-8	1.270463E-8
-3.500000E-1	-4.726060E-7	4.726060E-7	-1.203478E-8	1.203478E-8
-3.400000E-1	-4.478450E-7	4.478450E-7	-1.140425E-8	1.140425E-8
-3.300000E-1	-4.235910E-7	4.235910E-7	-1.078663E-8	1.078663E-8
-3.200000E-1	-3.997240E-7	3.997240E-7	-1.017886E-8	1.017886E-8
-3.100000E-1	-3.760510E-7	3.760510E-7	-9.576038E-9	9.576038E-9
-3.000000E-1	-3.551590E-7	3.551590E-7	-9.044028E-9	9.044028E-9
-2.900000E-1	-3.315290E-7	3.315290E-7	-8.442297E-9	8.442297E-9
-2.800000E-1	-3.100440E-7	3.100440E-7	-7.895187E-9	7.895187E-9
-2.700000E-1	-2.904140E-7	2.904140E-7	-7.395314E-9	7.395314E-9
-2.600000E-1	-2.708920E-7	2.708920E-7	-6.898192E-9	6.898192E-9
-2.500000E-1	-2.525590E-7	2.525590E-7	-6.431347E-9	6.431347E-9
-2.400000E-1	-2.339810E-7	2.339810E-7	-5.958263E-9	5.958263E-9
-2.300000E-1	-2.170360E-7	2.170360E-7	-5.526763E-9	5.526763E-9
-2.200000E-1	-2.003640E-7	2.003640E-7	-5.102215E-9	5.102215E-9
-2.100000E-1	-1.847900E-7	1.847900E-7	-4.705628E-9	4.705628E-9
-2.000000E-1	-1.695840E-7	1.695840E-7	-4.318411E-9	4.318411E-9
-1.900000E-1	-1.551470E-7	1.551470E-7	-3.950777E-9	3.950777E-9
-1.800000E-1	-1.416740E-7	1.416740E-7	-3.607690E-9	3.607690E-9
-1.700000E-1	-1.285720E-7	1.285720E-7	-3.274051E-9	3.274051E-9
-1.600000E-1	-1.164730E-7	1.164730E-7	-2.965954E-9	2.965954E-9
-1.500000E-1	-1.056091E-7	1.056091E-7	-2.689307E-9	2.689307E-9
-1.400000E-1	-9.401460E-8	9.401460E-8	-2.394057E-9	2.394057E-9
-1.300000E-1	-8.367320E-8	8.367320E-8	-2.130716E-9	2.130716E-9
-1.200000E-1	-7.457310E-8	7.457310E-8	-1.898984E-9	1.898984E-9
-1.100000E-1	-6.537720E-8	6.537720E-8	-1.664813E-9	1.664813E-9
-1.000000E-1	-5.677730E-8	5.677730E-8	-1.445819E-9	1.445819E-9
-9.000000E-2	-4.902640E-8	4.902640E-8	-1.248444E-9	1.248444E-9
-8.000000E-2	-4.187560E-8	4.187560E-8	-1.066351E-9	1.066351E-9
-7.000000E-2	-3.511130E-8	3.511130E-8	-8.940998E-10	8.940998E-10
-6.000000E-2	-2.900210E-8	2.900210E-8	-7.385307E-10	7.385307E-10
-5.000000E-2	-2.315280E-8	2.315280E-8	-5.895798E-10	5.895798E-10
-4.000000E-2	-1.761670E-8	1.761670E-8	-4.486045E-10	4.486045E-10
-3.000000E-2	-1.257200E-8	1.257200E-8	-3.201426E-10	3.201426E-10
-2.000000E-2	-8.853300E-9	8.853300E-9	-2.254469E-10	2.254469E-10
-1.000000E-2	-3.846160E-9	3.846160E-9	-9.794143E-11	9.794143E-11
0.000000E+0	3.932200E-10	3.932200E-10	1.001324E-11	1.001324E-11
1.000000E-2	5.251020E-9	5.251020E-9	1.337158E-10	1.337158E-10
2.000000E-2	1.018200E-8	1.018200E-8	2.592819E-10	2.592819E-10
3.000000E-2	1.681380E-8	1.681380E-8	4.281589E-10	4.281589E-10
4.000000E-2	2.244880E-8	2.244880E-8	5.716527E-10	5.716527E-10
5.000000E-2	2.799070E-8	2.799070E-8	7.127756E-10	7.127756E-10
6.000000E-2	3.381920E-8	3.381920E-8	8.611968E-10	8.611968E-10
7.000000E-2	4.016310E-8	4.016310E-8	1.022743E-9	1.022743E-9
8.000000E-2	4.690540E-8	4.690540E-8	1.194433E-9	1.194433E-9
9.000000E-2	5.429040E-8	5.429040E-8	1.382490E-9	1.382490E-9
1.000000E-1	6.196680E-8	6.196680E-8	1.577968E-9	1.577968E-9
1.100000E-1	7.020230E-8	7.020230E-8	1.787683E-9	1.787683E-9
1.200000E-1	7.718580E-8	7.718580E-8	1.965516E-9	1.965516E-9
1.300000E-1	8.596210E-8	8.596210E-8	2.189002E-9	2.189002E-9
1.400000E-1	9.624900E-8	9.624900E-8	2.450955E-9	2.450955E-9
1.500000E-1	1.070010E-7	1.070010E-7	2.724752E-9	2.724752E-9
1.600000E-1	1.200840E-7	1.200840E-7	3.057907E-9	3.057907E-9
1.700000E-1	1.322440E-7	1.322440E-7	3.367558E-9	3.367558E-9
1.800000E-1	1.444640E-7	1.444640E-7	3.678737E-9	3.678737E-9
1.900000E-1	1.577780E-7	1.577780E-7	4.017774E-9	4.017774E-9
2.000000E-1	1.718340E-7	1.718340E-7	4.375707E-9	4.375707E-9
2.100000E-1	1.860460E-7	1.860460E-7	4.737611E-9	4.737611E-9
2.200000E-1	2.016890E-7	2.016890E-7	5.135956E-9	5.135956E-9
2.300000E-1	2.172540E-7	2.172540E-7	5.532315E-9	5.532315E-9
2.400000E-1	2.347010E-7	2.347010E-7	5.976598E-9	5.976598E-9
2.500000E-1	2.516720E-7	2.516720E-7	6.408760E-9	6.408760E-9
2.600000E-1	2.701750E-7	2.701750E-7	6.879934E-9	6.879934E-9
2.700000E-1	2.889680E-7	2.889680E-7	7.358492E-9	7.358492E-9
2.800000E-1	3.082910E-7	3.082910E-7	7.850547E-9	7.850547E-9
2.900000E-1	3.297850E-7	3.297850E-7	8.397886E-9	8.397886E-9
3.000000E-1	3.518110E-7	3.518110E-7	8.958772E-9	8.958772E-9
3.100000E-1	3.729990E-7	3.729990E-7	9.498319E-9	9.498319E-9
3.200000E-1	3.951550E-7	3.951550E-7	1.006252E-8	1.006252E-8
3.300000E-1	4.195390E-7	4.195390E-7	1.068345E-8	1.068345E-8
3.400000E-1	4.431390E-7	4.431390E-7	1.128442E-8	1.128442E-8
3.500000E-1	4.685310E-7	4.685310E-7	1.193102E-8	1.193102E-8
3.600000E-1	4.998280E-7	4.998280E-7	1.272799E-8	1.272799E-8
3.700000E-1	5.255220E-7	5.255220E-7	1.338228E-8	1.338228E-8
3.800000E-1	5.515090E-7	5.515090E-7	1.404403E-8	1.404403E-8
3.900000E-1	5.788260E-7	5.788260E-7	1.473965E-8	1.473965E-8
4.000000E-1	6.060510E-7	6.060510E-7	1.543293E-8	1.543293E-8
4.100000E-1	6.353110E-7	6.353110E-7	1.617802E-8	1.617802E-8
4.200000E-1	6.656420E-7	6.656420E-7	1.695039E-8	1.695039E-8
4.300000E-1	6.961330E-7	6.961330E-7	1.772684E-8	1.772684E-8
4.400000E-1	7.233220E-7	7.233220E-7	1.841920E-8	1.841920E-8
4.500000E-1	7.543700E-7	7.543700E-7	1.920983E-8	1.920983E-8
4.600000E-1	7.885650E-7	7.885650E-7	2.008060E-8	2.008060E-8
4.700000E-1	8.215950E-7	8.215950E-7	2.092170E-8	2.092170E-8
4.800000E-1	8.585960E-7	8.585960E-7	2.186392E-8	2.186392E-8
4.900000E-1	8.927140E-7	8.927140E-7	2.273272E-8	2.273272E-8
5.000000E-1	9.365490E-7	9.365490E-7	2.384897E-8	2.384897E-8
