

16:28:32	19/03/21


Ell Cont: 5,0x10,0

SMU1	V name:		V1
	I name:		I1
	Mode:		V
	Function:	VAR1
SMU2	V name:		V2
	I name:		I2
	Mode:		common
	Function:	const.
SMU3	off
SMU4	off
VMUs	off

Primary Source (VAR1):	single
	Sweep Spacing:	linear
	Start:		-0.500000
	Stop:		0.500000
	Step:		0.010000
	Compliance:	0.050000
Power Compliance OFF

Timing:		Integration Time:	medium
	Delay Time (sec):	0.000000
	Hold Time (sec):	0.000000
	Wait Time (sec):	1.000000

Secondary Source (VAR2):	OFF


   V1	   I1	Abs(I)	J (A\µm²)	Abs(J)
-5.000000E-1	-1.497820E-6	1.497820E-6	-3.814158E-8	3.814158E-8
-4.900000E-1	-1.436560E-6	1.436560E-6	-3.658161E-8	3.658161E-8
-4.800000E-1	-1.376560E-6	1.376560E-6	-3.505373E-8	3.505373E-8
-4.700000E-1	-1.319980E-6	1.319980E-6	-3.361294E-8	3.361294E-8
-4.600000E-1	-1.265430E-6	1.265430E-6	-3.222383E-8	3.222383E-8
-4.500000E-1	-1.213430E-6	1.213430E-6	-3.089967E-8	3.089967E-8
-4.400000E-1	-1.162060E-6	1.162060E-6	-2.959155E-8	2.959155E-8
-4.300000E-1	-1.112890E-6	1.112890E-6	-2.833944E-8	2.833944E-8
-4.200000E-1	-1.063130E-6	1.063130E-6	-2.707232E-8	2.707232E-8
-4.100000E-1	-1.015260E-6	1.015260E-6	-2.585332E-8	2.585332E-8
-4.000000E-1	-9.694730E-7	9.694730E-7	-2.468737E-8	2.468737E-8
-3.900000E-1	-9.241050E-7	9.241050E-7	-2.353209E-8	2.353209E-8
-3.800000E-1	-8.815790E-7	8.815790E-7	-2.244917E-8	2.244917E-8
-3.700000E-1	-8.374090E-7	8.374090E-7	-2.132439E-8	2.132439E-8
-3.600000E-1	-7.952090E-7	7.952090E-7	-2.024978E-8	2.024978E-8
-3.500000E-1	-7.556890E-7	7.556890E-7	-1.924342E-8	1.924342E-8
-3.400000E-1	-7.163510E-7	7.163510E-7	-1.824169E-8	1.824169E-8
-3.300000E-1	-6.775500E-7	6.775500E-7	-1.725363E-8	1.725363E-8
-3.200000E-1	-6.405460E-7	6.405460E-7	-1.631133E-8	1.631133E-8
-3.100000E-1	-6.039580E-7	6.039580E-7	-1.537963E-8	1.537963E-8
-3.000000E-1	-5.694520E-7	5.694520E-7	-1.450094E-8	1.450094E-8
-2.900000E-1	-5.356910E-7	5.356910E-7	-1.364123E-8	1.364123E-8
-2.800000E-1	-5.019790E-7	5.019790E-7	-1.278276E-8	1.278276E-8
-2.700000E-1	-4.710370E-7	4.710370E-7	-1.199483E-8	1.199483E-8
-2.600000E-1	-4.403060E-7	4.403060E-7	-1.121227E-8	1.121227E-8
-2.500000E-1	-4.113760E-7	4.113760E-7	-1.047558E-8	1.047558E-8
-2.400000E-1	-3.829480E-7	3.829480E-7	-9.751668E-9	9.751668E-9
-2.300000E-1	-3.556850E-7	3.556850E-7	-9.057423E-9	9.057423E-9
-2.200000E-1	-3.293570E-7	3.293570E-7	-8.386987E-9	8.386987E-9
-2.100000E-1	-3.042330E-7	3.042330E-7	-7.747212E-9	7.747212E-9
-2.000000E-1	-2.801660E-7	2.801660E-7	-7.134352E-9	7.134352E-9
-1.900000E-1	-2.571710E-7	2.571710E-7	-6.548790E-9	6.548790E-9
-1.800000E-1	-2.352500E-7	2.352500E-7	-5.990578E-9	5.990578E-9
-1.700000E-1	-2.144440E-7	2.144440E-7	-5.460759E-9	5.460759E-9
-1.600000E-1	-1.944930E-7	1.944930E-7	-4.952712E-9	4.952712E-9
-1.500000E-1	-1.754290E-7	1.754290E-7	-4.467252E-9	4.467252E-9
-1.400000E-1	-1.578340E-7	1.578340E-7	-4.019200E-9	4.019200E-9
-1.300000E-1	-1.411810E-7	1.411810E-7	-3.595136E-9	3.595136E-9
-1.200000E-1	-1.255870E-7	1.255870E-7	-3.198039E-9	3.198039E-9
-1.100000E-1	-1.108740E-7	1.108740E-7	-2.823377E-9	2.823377E-9
-1.000000E-1	-9.807900E-8	9.807900E-8	-2.497555E-9	2.497555E-9
-9.000000E-2	-8.449890E-8	8.449890E-8	-2.151742E-9	2.151742E-9
-8.000000E-2	-7.239400E-8	7.239400E-8	-1.843494E-9	1.843494E-9
-7.000000E-2	-6.124410E-8	6.124410E-8	-1.559565E-9	1.559565E-9
-6.000000E-2	-5.088770E-8	5.088770E-8	-1.295842E-9	1.295842E-9
-5.000000E-2	-4.094900E-8	4.094900E-8	-1.042755E-9	1.042755E-9
-4.000000E-2	-3.169380E-8	3.169380E-8	-8.070741E-10	8.070741E-10
-3.000000E-2	-2.276800E-8	2.276800E-8	-5.797810E-10	5.797810E-10
-2.000000E-2	-1.462690E-8	1.462690E-8	-3.724701E-10	3.724701E-10
-1.000000E-2	-7.564850E-9	7.564850E-9	-1.926369E-10	1.926369E-10
0.000000E+0	3.002600E-10	3.002600E-10	7.646040E-12	7.646040E-12
1.000000E-2	8.375380E-9	8.375380E-9	2.132768E-10	2.132768E-10
2.000000E-2	1.675310E-8	1.675310E-8	4.266132E-10	4.266132E-10
3.000000E-2	2.655630E-8	2.655630E-8	6.762490E-10	6.762490E-10
4.000000E-2	3.556350E-8	3.556350E-8	9.056150E-10	9.056150E-10
5.000000E-2	4.487980E-8	4.487980E-8	1.142852E-9	1.142852E-9
6.000000E-2	5.473540E-8	5.473540E-8	1.393822E-9	1.393822E-9
7.000000E-2	6.369990E-8	6.369990E-8	1.622101E-9	1.622101E-9
8.000000E-2	7.485530E-8	7.485530E-8	1.906170E-9	1.906170E-9
9.000000E-2	8.665820E-8	8.665820E-8	2.206728E-9	2.206728E-9
1.000000E-1	9.939000E-8	9.939000E-8	2.530940E-9	2.530940E-9
1.100000E-1	1.134720E-7	1.134720E-7	2.889534E-9	2.889534E-9
1.200000E-1	1.293870E-7	1.293870E-7	3.294805E-9	3.294805E-9
1.300000E-1	1.451140E-7	1.451140E-7	3.695289E-9	3.695289E-9
1.400000E-1	1.614900E-7	1.614900E-7	4.112299E-9	4.112299E-9
1.500000E-1	1.788250E-7	1.788250E-7	4.553731E-9	4.553731E-9
1.600000E-1	1.977220E-7	1.977220E-7	5.034938E-9	5.034938E-9
1.700000E-1	2.174590E-7	2.174590E-7	5.537535E-9	5.537535E-9
1.800000E-1	2.379640E-7	2.379640E-7	6.059689E-9	6.059689E-9
1.900000E-1	2.598950E-7	2.598950E-7	6.618156E-9	6.618156E-9
2.000000E-1	2.827840E-7	2.827840E-7	7.201019E-9	7.201019E-9
2.100000E-1	3.061510E-7	3.061510E-7	7.796053E-9	7.796053E-9
2.200000E-1	3.313770E-7	3.313770E-7	8.438426E-9	8.438426E-9
2.300000E-1	3.568240E-7	3.568240E-7	9.086427E-9	9.086427E-9
2.400000E-1	3.843270E-7	3.843270E-7	9.786784E-9	9.786784E-9
2.500000E-1	4.122690E-7	4.122690E-7	1.049832E-8	1.049832E-8
2.600000E-1	4.406500E-7	4.406500E-7	1.122103E-8	1.122103E-8
2.700000E-1	4.719560E-7	4.719560E-7	1.201823E-8	1.201823E-8
2.800000E-1	5.025700E-7	5.025700E-7	1.279781E-8	1.279781E-8
2.900000E-1	5.342170E-7	5.342170E-7	1.360369E-8	1.360369E-8
3.000000E-1	5.673300E-7	5.673300E-7	1.444691E-8	1.444691E-8
3.100000E-1	6.014690E-7	6.014690E-7	1.531625E-8	1.531625E-8
3.200000E-1	6.364650E-7	6.364650E-7	1.620741E-8	1.620741E-8
3.300000E-1	6.738320E-7	6.738320E-7	1.715895E-8	1.715895E-8
3.400000E-1	7.103730E-7	7.103730E-7	1.808946E-8	1.808946E-8
3.500000E-1	7.492190E-7	7.492190E-7	1.907866E-8	1.907866E-8
3.600000E-1	7.881980E-7	7.881980E-7	2.007125E-8	2.007125E-8
3.700000E-1	8.298530E-7	8.298530E-7	2.113198E-8	2.113198E-8
3.800000E-1	8.716380E-7	8.716380E-7	2.219603E-8	2.219603E-8
3.900000E-1	9.139550E-7	9.139550E-7	2.327362E-8	2.327362E-8
4.000000E-1	9.587100E-7	9.587100E-7	2.441329E-8	2.441329E-8
4.100000E-1	1.003098E-6	1.003098E-6	2.554362E-8	2.554362E-8
4.200000E-1	1.048973E-6	1.048973E-6	2.671182E-8	2.671182E-8
4.300000E-1	1.094750E-6	1.094750E-6	2.787751E-8	2.787751E-8
4.400000E-1	1.144430E-6	1.144430E-6	2.914260E-8	2.914260E-8
4.500000E-1	1.196400E-6	1.196400E-6	3.046600E-8	3.046600E-8
4.600000E-1	1.247930E-6	1.247930E-6	3.177820E-8	3.177820E-8
4.700000E-1	1.300390E-6	1.300390E-6	3.311408E-8	3.311408E-8
4.800000E-1	1.352490E-6	1.352490E-6	3.444079E-8	3.444079E-8
4.900000E-1	1.408630E-6	1.408630E-6	3.587038E-8	3.587038E-8
5.000000E-1	1.464680E-6	1.464680E-6	3.729768E-8	3.729768E-8
