

16:33:37	19/03/21


Ell Cont: 5,0x10,0

SMU1	V name:		V1
	I name:		I1
	Mode:		V
	Function:	VAR1
SMU2	V name:		V2
	I name:		I2
	Mode:		common
	Function:	const.
SMU3	off
SMU4	off
VMUs	off

Primary Source (VAR1):	single
	Sweep Spacing:	linear
	Start:		-0.500000
	Stop:		0.500000
	Step:		0.010000
	Compliance:	0.050000
Power Compliance OFF

Timing:		Integration Time:	medium
	Delay Time (sec):	0.000000
	Hold Time (sec):	0.000000
	Wait Time (sec):	1.000000

Secondary Source (VAR2):	OFF


   V1	   I1	Abs(I)	J (A\um²)	Abs(J)
-5.000000E-1	-3.910790E-8	3.910790E-8	-9.958722E-10	9.958722E-10
-4.900000E-1	-3.501880E-8	3.501880E-8	-8.917443E-10	8.917443E-10
-4.800000E-1	-3.243240E-8	3.243240E-8	-8.258823E-10	8.258823E-10
-4.700000E-1	-3.024600E-8	3.024600E-8	-7.702063E-10	7.702063E-10
-4.600000E-1	-2.834260E-8	2.834260E-8	-7.217367E-10	7.217367E-10
-4.500000E-1	-2.682180E-8	2.682180E-8	-6.830099E-10	6.830099E-10
-4.400000E-1	-2.505580E-8	2.505580E-8	-6.380392E-10	6.380392E-10
-4.300000E-1	-2.353410E-8	2.353410E-8	-5.992895E-10	5.992895E-10
-4.200000E-1	-2.209660E-8	2.209660E-8	-5.626840E-10	5.626840E-10
-4.100000E-1	-2.087180E-8	2.087180E-8	-5.314948E-10	5.314948E-10
-4.000000E-1	-1.974330E-8	1.974330E-8	-5.027578E-10	5.027578E-10
-3.900000E-1	-1.837550E-8	1.837550E-8	-4.679272E-10	4.679272E-10
-3.800000E-1	-1.753030E-8	1.753030E-8	-4.464044E-10	4.464044E-10
-3.700000E-1	-1.620900E-8	1.620900E-8	-4.127578E-10	4.127578E-10
-3.600000E-1	-1.524300E-8	1.524300E-8	-3.881589E-10	3.881589E-10
-3.500000E-1	-1.411410E-8	1.411410E-8	-3.594118E-10	3.594118E-10
-3.400000E-1	-1.315720E-8	1.315720E-8	-3.350446E-10	3.350446E-10
-3.300000E-1	-1.227520E-8	1.227520E-8	-3.125847E-10	3.125847E-10
-3.200000E-1	-1.157760E-8	1.157760E-8	-2.948205E-10	2.948205E-10
-3.100000E-1	-1.071730E-8	1.071730E-8	-2.729132E-10	2.729132E-10
-3.000000E-1	-1.020640E-8	1.020640E-8	-2.599032E-10	2.599032E-10
-2.900000E-1	-9.741590E-9	9.741590E-9	-2.480670E-10	2.480670E-10
-2.800000E-1	-8.911280E-9	8.911280E-9	-2.269233E-10	2.269233E-10
-2.700000E-1	-8.139640E-9	8.139640E-9	-2.072737E-10	2.072737E-10
-2.600000E-1	-7.462760E-9	7.462760E-9	-1.900372E-10	1.900372E-10
-2.500000E-1	-6.836060E-9	6.836060E-9	-1.740784E-10	1.740784E-10
-2.400000E-1	-6.251040E-9	6.251040E-9	-1.591811E-10	1.591811E-10
-2.300000E-1	-5.688150E-9	5.688150E-9	-1.448472E-10	1.448472E-10
-2.200000E-1	-5.166620E-9	5.166620E-9	-1.315666E-10	1.315666E-10
-2.100000E-1	-4.660390E-9	4.660390E-9	-1.186756E-10	1.186756E-10
-2.000000E-1	-4.132620E-9	4.132620E-9	-1.052361E-10	1.052361E-10
-1.900000E-1	-3.686240E-9	3.686240E-9	-9.386911E-11	9.386911E-11
-1.800000E-1	-3.278380E-9	3.278380E-9	-8.348306E-11	8.348306E-11
-1.700000E-1	-2.883900E-9	2.883900E-9	-7.343774E-11	7.343774E-11
-1.600000E-1	-2.524980E-9	2.524980E-9	-6.429794E-11	6.429794E-11
-1.500000E-1	-2.193380E-9	2.193380E-9	-5.585383E-11	5.585383E-11
-1.400000E-1	-1.864700E-9	1.864700E-9	-4.748408E-11	4.748408E-11
-1.300000E-1	-1.578780E-9	1.578780E-9	-4.020321E-11	4.020321E-11
-1.200000E-1	-1.286420E-9	1.286420E-9	-3.275834E-11	3.275834E-11
-1.100000E-1	-1.116290E-9	1.116290E-9	-2.842602E-11	2.842602E-11
-1.000000E-1	-8.337900E-10	8.337900E-10	-2.123224E-11	2.123224E-11
-9.000000E-2	-6.872800E-10	6.872800E-10	-1.750140E-11	1.750140E-11
-8.000000E-2	-5.718300E-10	5.718300E-10	-1.456150E-11	1.456150E-11
-7.000000E-2	-5.703200E-10	5.703200E-10	-1.452305E-11	1.452305E-11
-6.000000E-2	-4.973600E-10	4.973600E-10	-1.266514E-11	1.266514E-11
-5.000000E-2	-3.316800E-10	3.316800E-10	-8.446142E-12	8.446142E-12
-4.000000E-2	-2.775800E-10	2.775800E-10	-7.068500E-12	7.068500E-12
-3.000000E-2	-1.683600E-10	1.683600E-10	-4.287242E-12	4.287242E-12
-2.000000E-2	-5.243000E-11	5.243000E-11	-1.335116E-12	1.335116E-12
-1.000000E-2	6.059000E-11	6.059000E-11	1.542908E-12	1.542908E-12
0.000000E+0	1.669900E-10	1.669900E-10	4.252355E-12	4.252355E-12
1.000000E-2	2.856700E-10	2.856700E-10	7.274510E-12	7.274510E-12
2.000000E-2	4.017600E-10	4.017600E-10	1.023071E-11	1.023071E-11
3.000000E-2	5.823300E-10	5.823300E-10	1.482888E-11	1.482888E-11
4.000000E-2	9.711100E-10	9.711100E-10	2.472905E-11	2.472905E-11
5.000000E-2	1.171610E-9	1.171610E-9	2.983473E-11	2.983473E-11
6.000000E-2	1.331730E-9	1.331730E-9	3.391215E-11	3.391215E-11
7.000000E-2	1.540490E-9	1.540490E-9	3.922816E-11	3.922816E-11
8.000000E-2	1.728080E-9	1.728080E-9	4.400509E-11	4.400509E-11
9.000000E-2	1.934070E-9	1.934070E-9	4.925057E-11	4.925057E-11
1.000000E-1	2.147770E-9	2.147770E-9	5.469239E-11	5.469239E-11
1.100000E-1	2.383310E-9	2.383310E-9	6.069035E-11	6.069035E-11
1.200000E-1	2.640470E-9	2.640470E-9	6.723886E-11	6.723886E-11
1.300000E-1	2.920580E-9	2.920580E-9	7.437178E-11	7.437178E-11
1.400000E-1	3.224510E-9	3.224510E-9	8.211128E-11	8.211128E-11
1.500000E-1	3.589660E-9	3.589660E-9	9.140973E-11	9.140973E-11
1.600000E-1	3.592860E-9	3.592860E-9	9.149121E-11	9.149121E-11
1.700000E-1	4.196740E-9	4.196740E-9	1.068689E-10	1.068689E-10
1.800000E-1	4.213430E-9	4.213430E-9	1.072939E-10	1.072939E-10
1.900000E-1	4.596100E-9	4.596100E-9	1.170385E-10	1.170385E-10
2.000000E-1	5.008440E-9	5.008440E-9	1.275386E-10	1.275386E-10
2.100000E-1	5.458820E-9	5.458820E-9	1.390074E-10	1.390074E-10
2.200000E-1	5.964910E-9	5.964910E-9	1.518948E-10	1.518948E-10
2.300000E-1	6.430150E-9	6.430150E-9	1.637420E-10	1.637420E-10
2.400000E-1	6.917210E-9	6.917210E-9	1.761449E-10	1.761449E-10
2.500000E-1	7.581530E-9	7.581530E-9	1.930616E-10	1.930616E-10
2.600000E-1	8.191550E-9	8.191550E-9	2.085956E-10	2.085956E-10
2.700000E-1	8.829850E-9	8.829850E-9	2.248498E-10	2.248498E-10
2.800000E-1	9.508400E-9	9.508400E-9	2.421288E-10	2.421288E-10
2.900000E-1	1.101100E-8	1.101100E-8	2.803922E-10	2.803922E-10
3.000000E-1	1.190210E-8	1.190210E-8	3.030838E-10	3.030838E-10
3.100000E-1	1.275350E-8	1.275350E-8	3.247644E-10	3.247644E-10
3.200000E-1	1.365590E-8	1.365590E-8	3.477438E-10	3.477438E-10
3.300000E-1	1.449140E-8	1.449140E-8	3.690196E-10	3.690196E-10
3.400000E-1	1.539140E-8	1.539140E-8	3.919379E-10	3.919379E-10
3.500000E-1	1.652800E-8	1.652800E-8	4.208811E-10	4.208811E-10
3.600000E-1	1.729700E-8	1.729700E-8	4.404635E-10	4.404635E-10
3.700000E-1	1.846920E-8	1.846920E-8	4.703132E-10	4.703132E-10
3.800000E-1	1.944090E-8	1.944090E-8	4.950573E-10	4.950573E-10
3.900000E-1	2.049410E-8	2.049410E-8	5.218767E-10	5.218767E-10
4.000000E-1	2.163820E-8	2.163820E-8	5.510109E-10	5.510109E-10
4.100000E-1	2.266540E-8	2.266540E-8	5.771683E-10	5.771683E-10
4.200000E-1	2.391820E-8	2.391820E-8	6.090705E-10	6.090705E-10
4.300000E-1	2.513650E-8	2.513650E-8	6.400942E-10	6.400942E-10
4.400000E-1	2.641970E-8	2.641970E-8	6.727706E-10	6.727706E-10
4.500000E-1	2.775460E-8	2.775460E-8	7.067634E-10	7.067634E-10
4.600000E-1	2.915370E-8	2.915370E-8	7.423911E-10	7.423911E-10
4.700000E-1	3.045900E-8	3.045900E-8	7.756302E-10	7.756302E-10
4.800000E-1	3.206630E-8	3.206630E-8	8.165597E-10	8.165597E-10
4.900000E-1	3.346990E-8	3.346990E-8	8.523020E-10	8.523020E-10
5.000000E-1	3.518520E-8	3.518520E-8	8.959817E-10	8.959817E-10
