

16:34:54	19/03/21


Ell Cont: 5,0x10,0

SMU1	V name:		V1
	I name:		I1
	Mode:		V
	Function:	VAR1
SMU2	V name:		V2
	I name:		I2
	Mode:		common
	Function:	const.
SMU3	off
SMU4	off
VMUs	off

Primary Source (VAR1):	single
	Sweep Spacing:	linear
	Start:		-0.500000
	Stop:		0.500000
	Step:		0.010000
	Compliance:	0.050000
Power Compliance OFF

Timing:		Integration Time:	medium
	Delay Time (sec):	0.000000
	Hold Time (sec):	0.000000
	Wait Time (sec):	1.000000

Secondary Source (VAR2):	OFF


   V1	   I1	Abs(I)	J (A\um²)	Abs(J)
-5.000000E-1	-4.123690E-6	4.123690E-6	-1.050087E-7	1.050087E-7
-4.900000E-1	-3.979850E-6	3.979850E-6	-1.013458E-7	1.013458E-7
-4.800000E-1	-3.836500E-6	3.836500E-6	-9.769544E-8	9.769544E-8
-4.700000E-1	-3.702930E-6	3.702930E-6	-9.429412E-8	9.429412E-8
-4.600000E-1	-3.570890E-6	3.570890E-6	-9.093175E-8	9.093175E-8
-4.500000E-1	-3.441200E-6	3.441200E-6	-8.762923E-8	8.762923E-8
-4.400000E-1	-3.314960E-6	3.314960E-6	-8.441456E-8	8.441456E-8
-4.300000E-1	-3.188310E-6	3.188310E-6	-8.118946E-8	8.118946E-8
-4.200000E-1	-3.067800E-6	3.067800E-6	-7.812070E-8	7.812070E-8
-4.100000E-1	-2.948090E-6	2.948090E-6	-7.507232E-8	7.507232E-8
-4.000000E-1	-2.833900E-6	2.833900E-6	-7.216450E-8	7.216450E-8
-3.900000E-1	-2.718630E-6	2.718630E-6	-6.922918E-8	6.922918E-8
-3.800000E-1	-2.607000E-6	2.607000E-6	-6.638655E-8	6.638655E-8
-3.700000E-1	-2.499080E-6	2.499080E-6	-6.363840E-8	6.363840E-8
-3.600000E-1	-2.392750E-6	2.392750E-6	-6.093074E-8	6.093074E-8
-3.500000E-1	-2.288170E-6	2.288170E-6	-5.826763E-8	5.826763E-8
-3.400000E-1	-2.184750E-6	2.184750E-6	-5.563407E-8	5.563407E-8
-3.300000E-1	-2.085290E-6	2.085290E-6	-5.310135E-8	5.310135E-8
-3.200000E-1	-1.988280E-6	1.988280E-6	-5.063102E-8	5.063102E-8
-3.100000E-1	-1.893370E-6	1.893370E-6	-4.821416E-8	4.821416E-8
-3.000000E-1	-1.800540E-6	1.800540E-6	-4.585027E-8	4.585027E-8
-2.900000E-1	-1.708880E-6	1.708880E-6	-4.351617E-8	4.351617E-8
-2.800000E-1	-1.621420E-6	1.621420E-6	-4.128902E-8	4.128902E-8
-2.700000E-1	-1.534660E-6	1.534660E-6	-3.907970E-8	3.907970E-8
-2.600000E-1	-1.451700E-6	1.451700E-6	-3.696715E-8	3.696715E-8
-2.500000E-1	-1.370310E-6	1.370310E-6	-3.489458E-8	3.489458E-8
-2.400000E-1	-1.290680E-6	1.290680E-6	-3.286682E-8	3.286682E-8
-2.300000E-1	-1.214400E-6	1.214400E-6	-3.092437E-8	3.092437E-8
-2.200000E-1	-1.140180E-6	1.140180E-6	-2.903438E-8	2.903438E-8
-2.100000E-1	-1.066920E-6	1.066920E-6	-2.716883E-8	2.716883E-8
-2.000000E-1	-9.980310E-7	9.980310E-7	-2.541459E-8	2.541459E-8
-1.900000E-1	-9.287730E-7	9.287730E-7	-2.365095E-8	2.365095E-8
-1.800000E-1	-8.626000E-7	8.626000E-7	-2.196588E-8	2.196588E-8
-1.700000E-1	-7.983820E-7	7.983820E-7	-2.033058E-8	2.033058E-8
-1.600000E-1	-7.369270E-7	7.369270E-7	-1.876565E-8	1.876565E-8
-1.500000E-1	-6.771590E-7	6.771590E-7	-1.724367E-8	1.724367E-8
-1.400000E-1	-6.206890E-7	6.206890E-7	-1.580568E-8	1.580568E-8
-1.300000E-1	-5.656700E-7	5.656700E-7	-1.440463E-8	1.440463E-8
-1.200000E-1	-5.130250E-7	5.130250E-7	-1.306404E-8	1.306404E-8
-1.100000E-1	-4.612250E-7	4.612250E-7	-1.174497E-8	1.174497E-8
-1.000000E-1	-4.121550E-7	4.121550E-7	-1.049542E-8	1.049542E-8
-9.000000E-2	-3.647230E-7	3.647230E-7	-9.287573E-9	9.287573E-9
-8.000000E-2	-3.192180E-7	3.192180E-7	-8.128801E-9	8.128801E-9
-7.000000E-2	-2.751690E-7	2.751690E-7	-7.007105E-9	7.007105E-9
-6.000000E-2	-2.328790E-7	2.328790E-7	-5.930201E-9	5.930201E-9
-5.000000E-2	-1.913880E-7	1.913880E-7	-4.873644E-9	4.873644E-9
-4.000000E-2	-1.514040E-7	1.514040E-7	-3.855462E-9	3.855462E-9
-3.000000E-2	-1.120310E-7	1.120310E-7	-2.852839E-9	2.852839E-9
-2.000000E-2	-7.443780E-8	7.443780E-8	-1.895539E-9	1.895539E-9
-1.000000E-2	-3.570250E-8	3.570250E-8	-9.091546E-10	9.091546E-10
0.000000E+0	3.325300E-10	3.325300E-10	8.467787E-12	8.467787E-12
1.000000E-2	3.790910E-8	3.790910E-8	9.653450E-10	9.653450E-10
2.000000E-2	7.600770E-8	7.600770E-8	1.935516E-9	1.935516E-9
3.000000E-2	1.142440E-7	1.142440E-7	2.909193E-9	2.909193E-9
4.000000E-2	1.552680E-7	1.552680E-7	3.953858E-9	3.953858E-9
5.000000E-2	1.955910E-7	1.955910E-7	4.980672E-9	4.980672E-9
6.000000E-2	2.365310E-7	2.365310E-7	6.023198E-9	6.023198E-9
7.000000E-2	2.792880E-7	2.792880E-7	7.111994E-9	7.111994E-9
8.000000E-2	3.226090E-7	3.226090E-7	8.215151E-9	8.215151E-9
9.000000E-2	3.683410E-7	3.683410E-7	9.379704E-9	9.379704E-9
1.000000E-1	4.152320E-7	4.152320E-7	1.057377E-8	1.057377E-8
1.100000E-1	4.642470E-7	4.642470E-7	1.182192E-8	1.182192E-8
1.200000E-1	5.147990E-7	5.147990E-7	1.310922E-8	1.310922E-8
1.300000E-1	5.680130E-7	5.680130E-7	1.446430E-8	1.446430E-8
1.400000E-1	6.226150E-7	6.226150E-7	1.585472E-8	1.585472E-8
1.500000E-1	6.796000E-7	6.796000E-7	1.730583E-8	1.730583E-8
1.600000E-1	7.389410E-7	7.389410E-7	1.881693E-8	1.881693E-8
1.700000E-1	7.990780E-7	7.990780E-7	2.034831E-8	2.034831E-8
1.800000E-1	8.630420E-7	8.630420E-7	2.197713E-8	2.197713E-8
1.900000E-1	9.274810E-7	9.274810E-7	2.361805E-8	2.361805E-8
2.000000E-1	9.955610E-7	9.955610E-7	2.535169E-8	2.535169E-8
2.100000E-1	1.064688E-6	1.064688E-6	2.711199E-8	2.711199E-8
2.200000E-1	1.133970E-6	1.133970E-6	2.887624E-8	2.887624E-8
2.300000E-1	1.208690E-6	1.208690E-6	3.077897E-8	3.077897E-8
2.400000E-1	1.285160E-6	1.285160E-6	3.272625E-8	3.272625E-8
2.500000E-1	1.363510E-6	1.363510E-6	3.472142E-8	3.472142E-8
2.600000E-1	1.444120E-6	1.444120E-6	3.677413E-8	3.677413E-8
2.700000E-1	1.526760E-6	1.526760E-6	3.887853E-8	3.887853E-8
2.800000E-1	1.610300E-6	1.610300E-6	4.100586E-8	4.100586E-8
2.900000E-1	1.696260E-6	1.696260E-6	4.319480E-8	4.319480E-8
3.000000E-1	1.783820E-6	1.783820E-6	4.542450E-8	4.542450E-8
3.100000E-1	1.875370E-6	1.875370E-6	4.775579E-8	4.775579E-8
3.200000E-1	1.969170E-6	1.969170E-6	5.014438E-8	5.014438E-8
3.300000E-1	2.064880E-6	2.064880E-6	5.258161E-8	5.258161E-8
3.400000E-1	2.163020E-6	2.163020E-6	5.508072E-8	5.508072E-8
3.500000E-1	2.262080E-6	2.262080E-6	5.760326E-8	5.760326E-8
3.600000E-1	2.365210E-6	2.365210E-6	6.022944E-8	6.022944E-8
3.700000E-1	2.469660E-6	2.469660E-6	6.288923E-8	6.288923E-8
3.800000E-1	2.577200E-6	2.577200E-6	6.562770E-8	6.562770E-8
3.900000E-1	2.686070E-6	2.686070E-6	6.840005E-8	6.840005E-8
4.000000E-1	2.795580E-6	2.795580E-6	7.118869E-8	7.118869E-8
4.100000E-1	2.909240E-6	2.909240E-6	7.408301E-8	7.408301E-8
4.200000E-1	3.024580E-6	3.024580E-6	7.702012E-8	7.702012E-8
4.300000E-1	3.143030E-6	3.143030E-6	8.003641E-8	8.003641E-8
4.400000E-1	3.261910E-6	3.261910E-6	8.306366E-8	8.306366E-8
4.500000E-1	3.385510E-6	3.385510E-6	8.621110E-8	8.621110E-8
4.600000E-1	3.508450E-6	3.508450E-6	8.934174E-8	8.934174E-8
4.700000E-1	3.636680E-6	3.636680E-6	9.260708E-8	9.260708E-8
4.800000E-1	3.766650E-6	3.766650E-6	9.591673E-8	9.591673E-8
4.900000E-1	3.898780E-6	3.898780E-6	9.928138E-8	9.928138E-8
5.000000E-1	4.036230E-6	4.036230E-6	1.027815E-7	1.027815E-7
