

16:07:42	26/03/21


Ell Cont: 5,0x10,0

SMU1	V name:		V1
	I name:		I1
	Mode:		V
	Function:	VAR1
SMU2	V name:		V2
	I name:		I2
	Mode:		common
	Function:	const.
SMU3	off
SMU4	off
VMUs	off

Primary Source (VAR1):	single
	Sweep Spacing:	linear
	Start:		-0.500000
	Stop:		0.500000
	Step:		0.010000
	Compliance:	0.050000
Power Compliance OFF

Timing:		Integration Time:	medium
	Delay Time (sec):	0.000000
	Hold Time (sec):	0.000000
	Wait Time (sec):	1.000000

Secondary Source (VAR2):	OFF


   V1	   I1	Abs(I)	J (A\µm²)	Abs(J)
-5.000000E-1	-1.280080E-8	1.280080E-8	-3.259689E-10	3.259689E-10
-4.900000E-1	-9.958100E-9	9.958100E-9	-2.535803E-10	2.535803E-10
-4.800000E-1	-8.157040E-9	8.157040E-9	-2.077168E-10	2.077168E-10
-4.700000E-1	-6.635390E-9	6.635390E-9	-1.689684E-10	1.689684E-10
-4.600000E-1	-5.663980E-9	5.663980E-9	-1.442317E-10	1.442317E-10
-4.500000E-1	-5.097920E-9	5.097920E-9	-1.298172E-10	1.298172E-10
-4.400000E-1	-4.663790E-9	4.663790E-9	-1.187622E-10	1.187622E-10
-4.300000E-1	-4.128630E-9	4.128630E-9	-1.051345E-10	1.051345E-10
-4.200000E-1	-3.723250E-9	3.723250E-9	-9.481156E-11	9.481156E-11
-4.100000E-1	-3.463750E-9	3.463750E-9	-8.820346E-11	8.820346E-11
-4.000000E-1	-3.188210E-9	3.188210E-9	-8.118691E-11	8.118691E-11
-3.900000E-1	-2.853360E-9	2.853360E-9	-7.266004E-11	7.266004E-11
-3.800000E-1	-2.702730E-9	2.702730E-9	-6.882429E-11	6.882429E-11
-3.700000E-1	-2.497200E-9	2.497200E-9	-6.359053E-11	6.359053E-11
-3.600000E-1	-2.236550E-9	2.236550E-9	-5.695314E-11	5.695314E-11
-3.500000E-1	-2.061710E-9	2.061710E-9	-5.250089E-11	5.250089E-11
-3.400000E-1	-1.879910E-9	1.879910E-9	-4.787140E-11	4.787140E-11
-3.300000E-1	-1.757820E-9	1.757820E-9	-4.476241E-11	4.476241E-11
-3.200000E-1	-1.554500E-9	1.554500E-9	-3.958492E-11	3.958492E-11
-3.100000E-1	-1.459300E-9	1.459300E-9	-3.716068E-11	3.716068E-11
-3.000000E-1	-1.328550E-9	1.328550E-9	-3.383117E-11	3.383117E-11
-2.900000E-1	-1.253530E-9	1.253530E-9	-3.192080E-11	3.192080E-11
-2.800000E-1	-1.069000E-9	1.069000E-9	-2.722180E-11	2.722180E-11
-2.700000E-1	-9.650200E-10	9.650200E-10	-2.457397E-11	2.457397E-11
-2.600000E-1	-8.431700E-10	8.431700E-10	-2.147110E-11	2.147110E-11
-2.500000E-1	-7.299500E-10	7.299500E-10	-1.858798E-11	1.858798E-11
-2.400000E-1	-6.076600E-10	6.076600E-10	-1.547390E-11	1.547390E-11
-2.300000E-1	-4.726000E-10	4.726000E-10	-1.203463E-11	1.203463E-11
-2.200000E-1	-3.679500E-10	3.679500E-10	-9.369748E-12	9.369748E-12
-2.100000E-1	-3.459500E-10	3.459500E-10	-8.809524E-12	8.809524E-12
-2.000000E-1	-2.684400E-10	2.684400E-10	-6.835752E-12	6.835752E-12
-1.900000E-1	-2.153600E-10	2.153600E-10	-5.484084E-12	5.484084E-12
-1.800000E-1	-1.444800E-10	1.444800E-10	-3.679144E-12	3.679144E-12
-1.700000E-1	-3.980000E-11	3.980000E-11	-1.013496E-12	1.013496E-12
-1.600000E-1	5.230000E-11	5.230000E-11	1.331805E-12	1.331805E-12
-1.500000E-1	1.199100E-10	1.199100E-10	3.053476E-12	3.053476E-12
-1.400000E-1	1.884500E-10	1.884500E-10	4.798829E-12	4.798829E-12
-1.300000E-1	2.591900E-10	2.591900E-10	6.600204E-12	6.600204E-12
-1.200000E-1	4.078300E-10	4.078300E-10	1.038528E-11	1.038528E-11
-1.100000E-1	4.646900E-10	4.646900E-10	1.183321E-11	1.183321E-11
-1.000000E-1	5.624600E-10	5.624600E-10	1.432289E-11	1.432289E-11
-9.000000E-2	6.392600E-10	6.392600E-10	1.627858E-11	1.627858E-11
-8.000000E-2	7.201600E-10	7.201600E-10	1.833868E-11	1.833868E-11
-7.000000E-2	8.096100E-10	8.096100E-10	2.061650E-11	2.061650E-11
-6.000000E-2	8.675900E-10	8.675900E-10	2.209295E-11	2.209295E-11
-5.000000E-2	9.748400E-10	9.748400E-10	2.482404E-11	2.482404E-11
-4.000000E-2	1.040880E-9	1.040880E-9	2.650573E-11	2.650573E-11
-3.000000E-2	1.129580E-9	1.129580E-9	2.876445E-11	2.876445E-11
-2.000000E-2	1.196210E-9	1.196210E-9	3.046117E-11	3.046117E-11
-1.000000E-2	1.287120E-9	1.287120E-9	3.277616E-11	3.277616E-11
0.000000E+0	1.367530E-9	1.367530E-9	3.482378E-11	3.482378E-11
1.000000E-2	1.458670E-9	1.458670E-9	3.714464E-11	3.714464E-11
2.000000E-2	1.562110E-9	1.562110E-9	3.977871E-11	3.977871E-11
3.000000E-2	1.653720E-9	1.653720E-9	4.211154E-11	4.211154E-11
4.000000E-2	1.763420E-9	1.763420E-9	4.490502E-11	4.490502E-11
5.000000E-2	1.872350E-9	1.872350E-9	4.767889E-11	4.767889E-11
6.000000E-2	2.007710E-9	2.007710E-9	5.112580E-11	5.112580E-11
7.000000E-2	2.139950E-9	2.139950E-9	5.449325E-11	5.449325E-11
8.000000E-2	2.260510E-9	2.260510E-9	5.756328E-11	5.756328E-11
9.000000E-2	2.401430E-9	2.401430E-9	6.115177E-11	6.115177E-11
1.000000E-1	2.551760E-9	2.551760E-9	6.497988E-11	6.497988E-11
1.100000E-1	2.728110E-9	2.728110E-9	6.947059E-11	6.947059E-11
1.200000E-1	2.883620E-9	2.883620E-9	7.343061E-11	7.343061E-11
1.300000E-1	3.065030E-9	3.065030E-9	7.805016E-11	7.805016E-11
1.400000E-1	3.274050E-9	3.274050E-9	8.337280E-11	8.337280E-11
1.500000E-1	3.485990E-9	3.485990E-9	8.876980E-11	8.876980E-11
1.600000E-1	3.703650E-9	3.703650E-9	9.431245E-11	9.431245E-11
1.700000E-1	3.914150E-9	3.914150E-9	9.967278E-11	9.967278E-11
1.800000E-1	4.157930E-9	4.157930E-9	1.058806E-10	1.058806E-10
1.900000E-1	4.417640E-9	4.417640E-9	1.124940E-10	1.124940E-10
2.000000E-1	4.719040E-9	4.719040E-9	1.201691E-10	1.201691E-10
2.100000E-1	4.998750E-9	4.998750E-9	1.272918E-10	1.272918E-10
2.200000E-1	5.323330E-9	5.323330E-9	1.355572E-10	1.355572E-10
2.300000E-1	5.719590E-9	5.719590E-9	1.456478E-10	1.456478E-10
2.400000E-1	6.045170E-9	6.045170E-9	1.539386E-10	1.539386E-10
2.500000E-1	6.404200E-9	6.404200E-9	1.630812E-10	1.630812E-10
2.600000E-1	6.767610E-9	6.767610E-9	1.723354E-10	1.723354E-10
2.700000E-1	7.159330E-9	7.159330E-9	1.823104E-10	1.823104E-10
2.800000E-1	7.594060E-9	7.594060E-9	1.933807E-10	1.933807E-10
2.900000E-1	8.047670E-9	8.047670E-9	2.049318E-10	2.049318E-10
3.000000E-1	8.579110E-9	8.579110E-9	2.184647E-10	2.184647E-10
3.100000E-1	9.007340E-9	9.007340E-9	2.293695E-10	2.293695E-10
3.200000E-1	9.543800E-9	9.543800E-9	2.430303E-10	2.430303E-10
3.300000E-1	1.114200E-8	1.114200E-8	2.837280E-10	2.837280E-10
3.400000E-1	1.197460E-8	1.197460E-8	3.049300E-10	3.049300E-10
3.500000E-1	1.280500E-8	1.280500E-8	3.260759E-10	3.260759E-10
3.600000E-1	1.366310E-8	1.366310E-8	3.479272E-10	3.479272E-10
3.700000E-1	1.460910E-8	1.460910E-8	3.720168E-10	3.720168E-10
3.800000E-1	1.567620E-8	1.567620E-8	3.991902E-10	3.991902E-10
3.900000E-1	1.663890E-8	1.663890E-8	4.237051E-10	4.237051E-10
4.000000E-1	1.780180E-8	1.780180E-8	4.533180E-10	4.533180E-10
4.100000E-1	1.874640E-8	1.874640E-8	4.773720E-10	4.773720E-10
4.200000E-1	2.015440E-8	2.015440E-8	5.132264E-10	5.132264E-10
4.300000E-1	2.144980E-8	2.144980E-8	5.462134E-10	5.462134E-10
4.400000E-1	2.274360E-8	2.274360E-8	5.791597E-10	5.791597E-10
4.500000E-1	2.428370E-8	2.428370E-8	6.183779E-10	6.183779E-10
4.600000E-1	2.575730E-8	2.575730E-8	6.559027E-10	6.559027E-10
4.700000E-1	2.730940E-8	2.730940E-8	6.954265E-10	6.954265E-10
4.800000E-1	2.895390E-8	2.895390E-8	7.373033E-10	7.373033E-10
4.900000E-1	3.063750E-8	3.063750E-8	7.801757E-10	7.801757E-10
5.000000E-1	3.215440E-8	3.215440E-8	8.188031E-10	8.188031E-10
