

16:10:10	26/03/21


Ell Cont: 5,0x10,0

SMU1	V name:		V1
	I name:		I1
	Mode:		V
	Function:	VAR1
SMU2	V name:		V2
	I name:		I2
	Mode:		common
	Function:	const.
SMU3	off
SMU4	off
VMUs	off

Primary Source (VAR1):	single
	Sweep Spacing:	linear
	Start:		-0.500000
	Stop:		0.500000
	Step:		0.010000
	Compliance:	0.050000
Power Compliance OFF

Timing:		Integration Time:	medium
	Delay Time (sec):	0.000000
	Hold Time (sec):	0.000000
	Wait Time (sec):	1.000000

Secondary Source (VAR2):	OFF


   V1	   I1	Abs(I)	J (A\um²)	Abs(J)
-5.000000E-1	-2.442750E-9	2.442750E-9	-6.220397E-11	6.220397E-11
-4.900000E-1	-3.679700E-10	3.679700E-10	-9.370257E-12	9.370257E-12
-4.800000E-1	6.391700E-10	6.391700E-10	1.627629E-11	1.627629E-11
-4.700000E-1	1.239820E-9	1.239820E-9	3.157168E-11	3.157168E-11
-4.600000E-1	1.670400E-9	1.670400E-9	4.253629E-11	4.253629E-11
-4.500000E-1	1.764610E-9	1.764610E-9	4.493532E-11	4.493532E-11
-4.400000E-1	1.995180E-9	1.995180E-9	5.080672E-11	5.080672E-11
-4.300000E-1	2.192570E-9	2.192570E-9	5.583321E-11	5.583321E-11
-4.200000E-1	2.355740E-9	2.355740E-9	5.998829E-11	5.998829E-11
-4.100000E-1	2.510550E-9	2.510550E-9	6.393048E-11	6.393048E-11
-4.000000E-1	2.642330E-9	2.642330E-9	6.728622E-11	6.728622E-11
-3.900000E-1	2.774240E-9	2.774240E-9	7.064528E-11	7.064528E-11
-3.800000E-1	2.898550E-9	2.898550E-9	7.381080E-11	7.381080E-11
-3.700000E-1	3.036110E-9	3.036110E-9	7.731372E-11	7.731372E-11
-3.600000E-1	3.156120E-9	3.156120E-9	8.036975E-11	8.036975E-11
-3.500000E-1	3.291520E-9	3.291520E-9	8.381767E-11	8.381767E-11
-3.400000E-1	3.420380E-9	3.420380E-9	8.709906E-11	8.709906E-11
-3.300000E-1	3.563060E-9	3.563060E-9	9.073236E-11	9.073236E-11
-3.200000E-1	3.700730E-9	3.700730E-9	9.423809E-11	9.423809E-11
-3.100000E-1	3.847740E-9	3.847740E-9	9.798166E-11	9.798166E-11
-3.000000E-1	3.997970E-9	3.997970E-9	1.018072E-10	1.018072E-10
-2.900000E-1	4.163040E-9	4.163040E-9	1.060107E-10	1.060107E-10
-2.800000E-1	4.322710E-9	4.322710E-9	1.100766E-10	1.100766E-10
-2.700000E-1	4.492490E-9	4.492490E-9	1.144000E-10	1.144000E-10
-2.600000E-1	4.669600E-9	4.669600E-9	1.189101E-10	1.189101E-10
-2.500000E-1	4.860570E-9	4.860570E-9	1.237731E-10	1.237731E-10
-2.400000E-1	5.053990E-9	5.053990E-9	1.286985E-10	1.286985E-10
-2.300000E-1	5.246860E-9	5.246860E-9	1.336099E-10	1.336099E-10
-2.200000E-1	5.461280E-9	5.461280E-9	1.390700E-10	1.390700E-10
-2.100000E-1	5.692660E-9	5.692660E-9	1.449621E-10	1.449621E-10
-2.000000E-1	5.911530E-9	5.911530E-9	1.505355E-10	1.505355E-10
-1.900000E-1	6.152780E-9	6.152780E-9	1.566789E-10	1.566789E-10
-1.800000E-1	6.406390E-9	6.406390E-9	1.631370E-10	1.631370E-10
-1.700000E-1	6.673540E-9	6.673540E-9	1.699399E-10	1.699399E-10
-1.600000E-1	6.938240E-9	6.938240E-9	1.766804E-10	1.766804E-10
-1.500000E-1	7.215340E-9	7.215340E-9	1.837367E-10	1.837367E-10
-1.400000E-1	7.507100E-9	7.507100E-9	1.911663E-10	1.911663E-10
-1.300000E-1	7.820070E-9	7.820070E-9	1.991360E-10	1.991360E-10
-1.200000E-1	8.132070E-9	8.132070E-9	2.070810E-10	2.070810E-10
-1.100000E-1	8.453990E-9	8.453990E-9	2.152786E-10	2.152786E-10
-1.000000E-1	8.806980E-9	8.806980E-9	2.242674E-10	2.242674E-10
-9.000000E-2	9.158830E-9	9.158830E-9	2.332271E-10	2.332271E-10
-8.000000E-2	9.554000E-9	9.554000E-9	2.432900E-10	2.432900E-10
-7.000000E-2	1.081690E-8	1.081690E-8	2.754494E-10	2.754494E-10
-6.000000E-2	1.143310E-8	1.143310E-8	2.911408E-10	2.911408E-10
-5.000000E-2	1.199960E-8	1.199960E-8	3.055666E-10	3.055666E-10
-4.000000E-2	1.258080E-8	1.258080E-8	3.203667E-10	3.203667E-10
-3.000000E-2	1.315520E-8	1.315520E-8	3.349936E-10	3.349936E-10
-2.000000E-2	1.376950E-8	1.376950E-8	3.506366E-10	3.506366E-10
-1.000000E-2	1.439130E-8	1.439130E-8	3.664706E-10	3.664706E-10
0.000000E+0	1.505110E-8	1.505110E-8	3.832722E-10	3.832722E-10
1.000000E-2	1.575090E-8	1.575090E-8	4.010924E-10	4.010924E-10
2.000000E-2	1.649280E-8	1.649280E-8	4.199847E-10	4.199847E-10
3.000000E-2	1.724510E-8	1.724510E-8	4.391418E-10	4.391418E-10
4.000000E-2	1.806030E-8	1.806030E-8	4.599007E-10	4.599007E-10
5.000000E-2	1.889610E-8	1.889610E-8	4.811841E-10	4.811841E-10
6.000000E-2	1.974830E-8	1.974830E-8	5.028851E-10	5.028851E-10
7.000000E-2	2.069530E-8	2.069530E-8	5.270002E-10	5.270002E-10
8.000000E-2	2.165410E-8	2.165410E-8	5.514158E-10	5.514158E-10
9.000000E-2	2.265860E-8	2.265860E-8	5.769952E-10	5.769952E-10
1.000000E-1	2.371410E-8	2.371410E-8	6.038732E-10	6.038732E-10
1.100000E-1	2.480770E-8	2.480770E-8	6.317214E-10	6.317214E-10
1.200000E-1	2.593880E-8	2.593880E-8	6.605246E-10	6.605246E-10
1.300000E-1	2.713780E-8	2.713780E-8	6.910568E-10	6.910568E-10
1.400000E-1	2.837610E-8	2.837610E-8	7.225898E-10	7.225898E-10
1.500000E-1	2.967330E-8	2.967330E-8	7.556226E-10	7.556226E-10
1.600000E-1	3.102750E-8	3.102750E-8	7.901069E-10	7.901069E-10
1.700000E-1	3.242390E-8	3.242390E-8	8.256659E-10	8.256659E-10
1.800000E-1	3.389750E-8	3.389750E-8	8.631907E-10	8.631907E-10
1.900000E-1	3.539660E-8	3.539660E-8	9.013649E-10	9.013649E-10
2.000000E-1	3.698020E-8	3.698020E-8	9.416908E-10	9.416908E-10
2.100000E-1	3.860090E-8	3.860090E-8	9.829615E-10	9.829615E-10
2.200000E-1	4.030400E-8	4.030400E-8	1.026331E-9	1.026331E-9
2.300000E-1	4.204520E-8	4.204520E-8	1.070670E-9	1.070670E-9
2.400000E-1	4.387650E-8	4.387650E-8	1.117303E-9	1.117303E-9
2.500000E-1	4.574600E-8	4.574600E-8	1.164910E-9	1.164910E-9
2.600000E-1	4.768480E-8	4.768480E-8	1.214281E-9	1.214281E-9
2.700000E-1	4.970280E-8	4.970280E-8	1.265668E-9	1.265668E-9
2.800000E-1	5.174860E-8	5.174860E-8	1.317764E-9	1.317764E-9
2.900000E-1	5.388050E-8	5.388050E-8	1.372052E-9	1.372052E-9
3.000000E-1	5.604500E-8	5.604500E-8	1.427171E-9	1.427171E-9
3.100000E-1	5.828070E-8	5.828070E-8	1.484102E-9	1.484102E-9
3.200000E-1	6.054810E-8	6.054810E-8	1.541841E-9	1.541841E-9
3.300000E-1	6.289640E-8	6.289640E-8	1.601640E-9	1.601640E-9
3.400000E-1	6.525480E-8	6.525480E-8	1.661696E-9	1.661696E-9
3.500000E-1	6.769110E-8	6.769110E-8	1.723736E-9	1.723736E-9
3.600000E-1	7.011720E-8	7.011720E-8	1.785516E-9	1.785516E-9
3.700000E-1	7.262480E-8	7.262480E-8	1.849371E-9	1.849371E-9
3.800000E-1	7.515700E-8	7.515700E-8	1.913853E-9	1.913853E-9
3.900000E-1	7.767020E-8	7.767020E-8	1.977851E-9	1.977851E-9
4.000000E-1	8.023310E-8	8.023310E-8	2.043114E-9	2.043114E-9
4.100000E-1	8.278020E-8	8.278020E-8	2.107976E-9	2.107976E-9
4.200000E-1	8.536510E-8	8.536510E-8	2.173799E-9	2.173799E-9
4.300000E-1	8.790620E-8	8.790620E-8	2.238508E-9	2.238508E-9
4.400000E-1	8.776670E-8	8.776670E-8	2.234955E-9	2.234955E-9
4.500000E-1	8.755330E-8	8.755330E-8	2.229521E-9	2.229521E-9
4.600000E-1	8.936550E-8	8.936550E-8	2.275668E-9	2.275668E-9
4.700000E-1	8.894990E-8	8.894990E-8	2.265085E-9	2.265085E-9
4.800000E-1	8.854440E-8	8.854440E-8	2.254759E-9	2.254759E-9
4.900000E-1	8.811160E-8	8.811160E-8	2.243738E-9	2.243738E-9
5.000000E-1	8.767070E-8	8.767070E-8	2.232511E-9	2.232511E-9
