

16:11:01	26/03/21


Ell Cont: 5,0x10,0

SMU1	V name:		V1
	I name:		I1
	Mode:		V
	Function:	VAR1
SMU2	V name:		V2
	I name:		I2
	Mode:		common
	Function:	const.
SMU3	off
SMU4	off
VMUs	off

Primary Source (VAR1):	single
	Sweep Spacing:	linear
	Start:		-0.500000
	Stop:		0.500000
	Step:		0.010000
	Compliance:	0.050000
Power Compliance OFF

Timing:		Integration Time:	medium
	Delay Time (sec):	0.000000
	Hold Time (sec):	0.000000
	Wait Time (sec):	1.000000

Secondary Source (VAR2):	OFF


   V1	   I1	Abs(I)	J (A\um²)	Abs(J)
-5.000000E-1	-1.127760E-8	1.127760E-8	-2.871811E-10	2.871811E-10
-4.900000E-1	-7.728660E-9	7.728660E-9	-1.968082E-10	1.968082E-10
-4.800000E-1	-5.702420E-9	5.702420E-9	-1.452106E-10	1.452106E-10
-4.700000E-1	-4.617560E-9	4.617560E-9	-1.175849E-10	1.175849E-10
-4.600000E-1	-4.011960E-9	4.011960E-9	-1.021635E-10	1.021635E-10
-4.500000E-1	-3.735370E-9	3.735370E-9	-9.512019E-11	9.512019E-11
-4.400000E-1	-3.127640E-9	3.127640E-9	-7.964451E-11	7.964451E-11
-4.300000E-1	-2.987290E-9	2.987290E-9	-7.607054E-11	7.607054E-11
-4.200000E-1	-2.724070E-9	2.724070E-9	-6.936771E-11	6.936771E-11
-4.100000E-1	-2.429650E-9	2.429650E-9	-6.187038E-11	6.187038E-11
-4.000000E-1	-2.184660E-9	2.184660E-9	-5.563178E-11	5.563178E-11
-3.900000E-1	-1.815240E-9	1.815240E-9	-4.622460E-11	4.622460E-11
-3.800000E-1	-1.800040E-9	1.800040E-9	-4.583753E-11	4.583753E-11
-3.700000E-1	-1.711970E-9	1.711970E-9	-4.359486E-11	4.359486E-11
-3.600000E-1	-1.176900E-9	1.176900E-9	-2.996944E-11	2.996944E-11
-3.500000E-1	-1.113000E-9	1.113000E-9	-2.834225E-11	2.834225E-11
-3.400000E-1	-9.996000E-10	9.996000E-10	-2.545455E-11	2.545455E-11
-3.300000E-1	-8.564200E-10	8.564200E-10	-2.180850E-11	2.180850E-11
-3.200000E-1	-6.932300E-10	6.932300E-10	-1.765292E-11	1.765292E-11
-3.100000E-1	-7.418200E-10	7.418200E-10	-1.889025E-11	1.889025E-11
-3.000000E-1	-4.871200E-10	4.871200E-10	-1.240438E-11	1.240438E-11
-2.900000E-1	-4.649100E-10	4.649100E-10	-1.183881E-11	1.183881E-11
-2.800000E-1	-2.741700E-10	2.741700E-10	-6.981665E-12	6.981665E-12
-2.700000E-1	-1.838900E-10	1.838900E-10	-4.682709E-12	4.682709E-12
-2.600000E-1	-1.035700E-10	1.035700E-10	-2.637382E-12	2.637382E-12
-2.500000E-1	-4.800000E-11	4.800000E-11	-1.222307E-12	1.222307E-12
-2.400000E-1	2.623000E-11	2.623000E-11	6.679399E-13	6.679399E-13
-2.300000E-1	5.307000E-11	5.307000E-11	1.351413E-12	1.351413E-12
-2.200000E-1	1.218200E-10	1.218200E-10	3.102114E-12	3.102114E-12
-2.100000E-1	1.947500E-10	1.947500E-10	4.959256E-12	4.959256E-12
-2.000000E-1	2.744500E-10	2.744500E-10	6.988795E-12	6.988795E-12
-1.900000E-1	3.664300E-10	3.664300E-10	9.331041E-12	9.331041E-12
-1.800000E-1	3.912500E-10	3.912500E-10	9.963076E-12	9.963076E-12
-1.700000E-1	4.829900E-10	4.829900E-10	1.229921E-11	1.229921E-11
-1.600000E-1	5.313900E-10	5.313900E-10	1.353170E-11	1.353170E-11
-1.500000E-1	5.889100E-10	5.889100E-10	1.499643E-11	1.499643E-11
-1.400000E-1	6.521000E-10	6.521000E-10	1.660555E-11	1.660555E-11
-1.300000E-1	6.945700E-10	6.945700E-10	1.768704E-11	1.768704E-11
-1.200000E-1	7.428200E-10	7.428200E-10	1.891571E-11	1.891571E-11
-1.100000E-1	7.996300E-10	7.996300E-10	2.036236E-11	2.036236E-11
-1.000000E-1	8.534400E-10	8.534400E-10	2.173262E-11	2.173262E-11
-9.000000E-2	9.168000E-10	9.168000E-10	2.334607E-11	2.334607E-11
-8.000000E-2	9.629400E-10	9.629400E-10	2.452101E-11	2.452101E-11
-7.000000E-2	1.020770E-9	1.020770E-9	2.599363E-11	2.599363E-11
-6.000000E-2	1.077010E-9	1.077010E-9	2.742577E-11	2.742577E-11
-5.000000E-2	1.133750E-9	1.133750E-9	2.887064E-11	2.887064E-11
-4.000000E-2	1.189730E-9	1.189730E-9	3.029615E-11	3.029615E-11
-3.000000E-2	1.262590E-9	1.262590E-9	3.215151E-11	3.215151E-11
-2.000000E-2	1.329530E-9	1.329530E-9	3.385612E-11	3.385612E-11
-1.000000E-2	1.399380E-9	1.399380E-9	3.563484E-11	3.563484E-11
0.000000E+0	1.479630E-9	1.479630E-9	3.767838E-11	3.767838E-11
1.000000E-2	1.559810E-9	1.559810E-9	3.972014E-11	3.972014E-11
2.000000E-2	1.640940E-9	1.640940E-9	4.178610E-11	4.178610E-11
3.000000E-2	1.742140E-9	1.742140E-9	4.436313E-11	4.436313E-11
4.000000E-2	1.840650E-9	1.840650E-9	4.687166E-11	4.687166E-11
5.000000E-2	1.943270E-9	1.943270E-9	4.948485E-11	4.948485E-11
6.000000E-2	2.062800E-9	2.062800E-9	5.252865E-11	5.252865E-11
7.000000E-2	2.201120E-9	2.201120E-9	5.605093E-11	5.605093E-11
8.000000E-2	2.327180E-9	2.327180E-9	5.926101E-11	5.926101E-11
9.000000E-2	2.470270E-9	2.470270E-9	6.290476E-11	6.290476E-11
1.000000E-1	2.643740E-9	2.643740E-9	6.732213E-11	6.732213E-11
1.100000E-1	2.815030E-9	2.815030E-9	7.168398E-11	7.168398E-11
1.200000E-1	2.995010E-9	2.995010E-9	7.626712E-11	7.626712E-11
1.300000E-1	3.192310E-9	3.192310E-9	8.129132E-11	8.129132E-11
1.400000E-1	3.397450E-9	3.397450E-9	8.651515E-11	8.651515E-11
1.500000E-1	3.648150E-9	3.648150E-9	9.289916E-11	9.289916E-11
1.600000E-1	3.896930E-9	3.896930E-9	9.923427E-11	9.923427E-11
1.700000E-1	4.157090E-9	4.157090E-9	1.058592E-10	1.058592E-10
1.800000E-1	4.437030E-9	4.437030E-9	1.129878E-10	1.129878E-10
1.900000E-1	4.736820E-9	4.736820E-9	1.206218E-10	1.206218E-10
2.000000E-1	5.063020E-9	5.063020E-9	1.289284E-10	1.289284E-10
2.100000E-1	5.408920E-9	5.408920E-9	1.377367E-10	1.377367E-10
2.200000E-1	5.792160E-9	5.792160E-9	1.474958E-10	1.474958E-10
2.300000E-1	6.149820E-9	6.149820E-9	1.566035E-10	1.566035E-10
2.400000E-1	6.603050E-9	6.603050E-9	1.681449E-10	1.681449E-10
2.500000E-1	7.008700E-9	7.008700E-9	1.784747E-10	1.784747E-10
2.600000E-1	7.440570E-9	7.440570E-9	1.894721E-10	1.894721E-10
2.700000E-1	7.885040E-9	7.885040E-9	2.007904E-10	2.007904E-10
2.800000E-1	8.371340E-9	8.371340E-9	2.131739E-10	2.131739E-10
2.900000E-1	8.953290E-9	8.953290E-9	2.279931E-10	2.279931E-10
3.000000E-1	9.569700E-9	9.569700E-9	2.436898E-10	2.436898E-10
3.100000E-1	1.120530E-8	1.120530E-8	2.853400E-10	2.853400E-10
3.200000E-1	1.211400E-8	1.211400E-8	3.084798E-10	3.084798E-10
3.300000E-1	1.305390E-8	1.305390E-8	3.324141E-10	3.324141E-10
3.400000E-1	1.398740E-8	1.398740E-8	3.561854E-10	3.561854E-10
3.500000E-1	1.507580E-8	1.507580E-8	3.839012E-10	3.839012E-10
3.600000E-1	1.611820E-8	1.611820E-8	4.104456E-10	4.104456E-10
3.700000E-1	1.730970E-8	1.730970E-8	4.407869E-10	4.407869E-10
3.800000E-1	1.859430E-8	1.859430E-8	4.734988E-10	4.734988E-10
3.900000E-1	1.983850E-8	1.983850E-8	5.051821E-10	5.051821E-10
4.000000E-1	2.129070E-8	2.129070E-8	5.421619E-10	5.421619E-10
4.100000E-1	2.273580E-8	2.273580E-8	5.789610E-10	5.789610E-10
4.200000E-1	2.429850E-8	2.429850E-8	6.187548E-10	6.187548E-10
4.300000E-1	2.589580E-8	2.589580E-8	6.594296E-10	6.594296E-10
4.400000E-1	2.763360E-8	2.763360E-8	7.036822E-10	7.036822E-10
4.500000E-1	2.937610E-8	2.937610E-8	7.480545E-10	7.480545E-10
4.600000E-1	3.118270E-8	3.118270E-8	7.940591E-10	7.940591E-10
4.700000E-1	3.315680E-8	3.315680E-8	8.443290E-10	8.443290E-10
4.800000E-1	3.511160E-8	3.511160E-8	8.941075E-10	8.941075E-10
4.900000E-1	3.730710E-8	3.730710E-8	9.500153E-10	9.500153E-10
5.000000E-1	3.916520E-8	3.916520E-8	9.973313E-10	9.973313E-10
