

16:25:42	26/03/21


Ell Cont: 5,0x10,0

SMU1	V name:		V1
	I name:		I1
	Mode:		V
	Function:	VAR1
SMU2	V name:		V2
	I name:		I2
	Mode:		common
	Function:	const.
SMU3	off
SMU4	off
VMUs	off

Primary Source (VAR1):	single
	Sweep Spacing:	linear
	Start:		-0.500000
	Stop:		0.500000
	Step:		0.010000
	Compliance:	0.050000
Power Compliance OFF

Timing:		Integration Time:	medium
	Delay Time (sec):	0.000000
	Hold Time (sec):	0.000000
	Wait Time (sec):	1.000000

Secondary Source (VAR2):	OFF


   V1	   I1	Abs(I)	J (A\um²)	Abs(J)
-5.000000E-1	-2.476960E-9	2.476960E-9	-6.307512E-11	6.307512E-11
-4.900000E-1	6.338500E-10	6.338500E-10	1.614082E-11	1.614082E-11
-4.800000E-1	1.364910E-9	1.364910E-9	3.475707E-11	3.475707E-11
-4.700000E-1	1.670020E-9	1.670020E-9	4.252661E-11	4.252661E-11
-4.600000E-1	1.913980E-9	1.913980E-9	4.873899E-11	4.873899E-11
-4.500000E-1	2.101730E-9	2.101730E-9	5.351999E-11	5.351999E-11
-4.400000E-1	2.255850E-9	2.255850E-9	5.744461E-11	5.744461E-11
-4.300000E-1	2.391870E-9	2.391870E-9	6.090833E-11	6.090833E-11
-4.200000E-1	2.527150E-9	2.527150E-9	6.435320E-11	6.435320E-11
-4.100000E-1	2.644000E-9	2.644000E-9	6.732875E-11	6.732875E-11
-4.000000E-1	2.776810E-9	2.776810E-9	7.071072E-11	7.071072E-11
-3.900000E-1	2.881290E-9	2.881290E-9	7.337127E-11	7.337127E-11
-3.800000E-1	3.015720E-9	3.015720E-9	7.679450E-11	7.679450E-11
-3.700000E-1	3.139280E-9	3.139280E-9	7.994092E-11	7.994092E-11
-3.600000E-1	3.275380E-9	3.275380E-9	8.340667E-11	8.340667E-11
-3.500000E-1	3.399810E-9	3.399810E-9	8.657525E-11	8.657525E-11
-3.400000E-1	3.542890E-9	3.542890E-9	9.021874E-11	9.021874E-11
-3.300000E-1	3.681830E-9	3.681830E-9	9.375681E-11	9.375681E-11
-3.200000E-1	3.849960E-9	3.849960E-9	9.803820E-11	9.803820E-11
-3.100000E-1	3.994530E-9	3.994530E-9	1.017196E-10	1.017196E-10
-3.000000E-1	4.157380E-9	4.157380E-9	1.058666E-10	1.058666E-10
-2.900000E-1	4.336660E-9	4.336660E-9	1.104319E-10	1.104319E-10
-2.800000E-1	4.514130E-9	4.514130E-9	1.149511E-10	1.149511E-10
-2.700000E-1	4.698700E-9	4.698700E-9	1.196511E-10	1.196511E-10
-2.600000E-1	4.905110E-9	4.905110E-9	1.249073E-10	1.249073E-10
-2.500000E-1	5.116050E-9	5.116050E-9	1.302788E-10	1.302788E-10
-2.400000E-1	5.349990E-9	5.349990E-9	1.362361E-10	1.362361E-10
-2.300000E-1	5.583150E-9	5.583150E-9	1.421734E-10	1.421734E-10
-2.200000E-1	5.837010E-9	5.837010E-9	1.486379E-10	1.486379E-10
-2.100000E-1	6.096670E-9	6.096670E-9	1.552501E-10	1.552501E-10
-2.000000E-1	6.373240E-9	6.373240E-9	1.622928E-10	1.622928E-10
-1.900000E-1	6.662790E-9	6.662790E-9	1.696662E-10	1.696662E-10
-1.800000E-1	6.968510E-9	6.968510E-9	1.774512E-10	1.774512E-10
-1.700000E-1	7.284700E-9	7.284700E-9	1.855029E-10	1.855029E-10
-1.600000E-1	7.627380E-9	7.627380E-9	1.942292E-10	1.942292E-10
-1.500000E-1	7.997090E-9	7.997090E-9	2.036437E-10	2.036437E-10
-1.400000E-1	8.369710E-9	8.369710E-9	2.131324E-10	2.131324E-10
-1.300000E-1	8.779000E-9	8.779000E-9	2.235549E-10	2.235549E-10
-1.200000E-1	9.194110E-9	9.194110E-9	2.341255E-10	2.341255E-10
-1.100000E-1	9.681800E-9	9.681800E-9	2.465444E-10	2.465444E-10
-1.000000E-1	1.110070E-8	1.110070E-8	2.826763E-10	2.826763E-10
-9.000000E-2	1.184050E-8	1.184050E-8	3.015151E-10	3.015151E-10
-8.000000E-2	1.253370E-8	1.253370E-8	3.191673E-10	3.191673E-10
-7.000000E-2	1.325920E-8	1.325920E-8	3.376420E-10	3.376420E-10
-6.000000E-2	1.400500E-8	1.400500E-8	3.566336E-10	3.566336E-10
-5.000000E-2	1.481710E-8	1.481710E-8	3.773135E-10	3.773135E-10
-4.000000E-2	1.564790E-8	1.564790E-8	3.984696E-10	3.984696E-10
-3.000000E-2	1.656070E-8	1.656070E-8	4.217138E-10	4.217138E-10
-2.000000E-2	1.751560E-8	1.751560E-8	4.460300E-10	4.460300E-10
-1.000000E-2	1.852030E-8	1.852030E-8	4.716145E-10	4.716145E-10
0.000000E+0	1.959100E-8	1.959100E-8	4.988795E-10	4.988795E-10
1.000000E-2	2.074540E-8	2.074540E-8	5.282760E-10	5.282760E-10
2.000000E-2	2.196910E-8	2.196910E-8	5.594372E-10	5.594372E-10
3.000000E-2	2.325630E-8	2.325630E-8	5.922154E-10	5.922154E-10
4.000000E-2	2.461850E-8	2.461850E-8	6.269035E-10	6.269035E-10
5.000000E-2	2.609860E-8	2.609860E-8	6.645938E-10	6.645938E-10
6.000000E-2	2.760260E-8	2.760260E-8	7.028928E-10	7.028928E-10
7.000000E-2	2.926430E-8	2.926430E-8	7.452075E-10	7.452075E-10
8.000000E-2	3.097030E-8	3.097030E-8	7.886504E-10	7.886504E-10
9.000000E-2	3.279470E-8	3.279470E-8	8.351082E-10	8.351082E-10
1.000000E-1	3.469890E-8	3.469890E-8	8.835982E-10	8.835982E-10
1.100000E-1	3.670890E-8	3.670890E-8	9.347823E-10	9.347823E-10
1.200000E-1	3.882490E-8	3.882490E-8	9.886656E-10	9.886656E-10
1.300000E-1	4.103230E-8	4.103230E-8	1.044876E-9	1.044876E-9
1.400000E-1	4.277400E-8	4.277400E-8	1.089228E-9	1.089228E-9
1.500000E-1	4.432860E-8	4.432860E-8	1.128816E-9	1.128816E-9
1.600000E-1	4.594700E-8	4.594700E-8	1.170028E-9	1.170028E-9
1.700000E-1	4.764830E-8	4.764830E-8	1.213351E-9	1.213351E-9
1.800000E-1	4.937050E-8	4.937050E-8	1.257207E-9	1.257207E-9
1.900000E-1	5.111240E-8	5.111240E-8	1.301564E-9	1.301564E-9
2.000000E-1	5.296510E-8	5.296510E-8	1.348742E-9	1.348742E-9
2.100000E-1	5.481130E-8	5.481130E-8	1.395755E-9	1.395755E-9
2.200000E-1	5.671640E-8	5.671640E-8	1.444268E-9	1.444268E-9
2.300000E-1	5.863220E-8	5.863220E-8	1.493053E-9	1.493053E-9
2.400000E-1	6.058790E-8	6.058790E-8	1.542855E-9	1.542855E-9
2.500000E-1	6.254510E-8	6.254510E-8	1.592694E-9	1.592694E-9
2.600000E-1	6.453480E-8	6.453480E-8	1.643361E-9	1.643361E-9
2.700000E-1	6.653780E-8	6.653780E-8	1.694367E-9	1.694367E-9
2.800000E-1	6.850450E-8	6.850450E-8	1.744449E-9	1.744449E-9
2.900000E-1	7.050450E-8	7.050450E-8	1.795378E-9	1.795378E-9
3.000000E-1	7.246510E-8	7.246510E-8	1.845304E-9	1.845304E-9
3.100000E-1	7.443040E-8	7.443040E-8	1.895350E-9	1.895350E-9
3.200000E-1	7.636170E-8	7.636170E-8	1.944530E-9	1.944530E-9
3.300000E-1	7.827140E-8	7.827140E-8	1.993160E-9	1.993160E-9
3.400000E-1	8.015340E-8	8.015340E-8	2.041085E-9	2.041085E-9
3.500000E-1	8.203320E-8	8.203320E-8	2.088953E-9	2.088953E-9
3.600000E-1	8.383450E-8	8.383450E-8	2.134823E-9	2.134823E-9
3.700000E-1	8.561740E-8	8.561740E-8	2.180224E-9	2.180224E-9
3.800000E-1	8.743550E-8	8.743550E-8	2.226521E-9	2.226521E-9
3.900000E-1	8.911710E-8	8.911710E-8	2.269343E-9	2.269343E-9
4.000000E-1	9.080640E-8	9.080640E-8	2.312361E-9	2.312361E-9
4.100000E-1	9.240650E-8	9.240650E-8	2.353107E-9	2.353107E-9
4.200000E-1	9.402510E-8	9.402510E-8	2.394324E-9	2.394324E-9
4.300000E-1	9.546370E-8	9.546370E-8	2.430957E-9	2.430957E-9
4.400000E-1	9.691950E-8	9.691950E-8	2.468029E-9	2.468029E-9
4.500000E-1	9.829190E-8	9.829190E-8	2.502977E-9	2.502977E-9
4.600000E-1	9.991600E-8	9.991600E-8	2.544334E-9	2.544334E-9
4.700000E-1	1.041280E-7	1.041280E-7	2.651592E-9	2.651592E-9
4.800000E-1	1.082090E-7	1.082090E-7	2.755513E-9	2.755513E-9
4.900000E-1	1.124650E-7	1.124650E-7	2.863891E-9	2.863891E-9
5.000000E-1	1.168150E-7	1.168150E-7	2.974663E-9	2.974663E-9
