

16:23:36	26/03/21


Ell Cont: 5,0x10,0

SMU1	V name:		V1
	I name:		I1
	Mode:		V
	Function:	VAR1
SMU2	V name:		V2
	I name:		I2
	Mode:		common
	Function:	const.
SMU3	off
SMU4	off
VMUs	off

Primary Source (VAR1):	single
	Sweep Spacing:	linear
	Start:		-0.500000
	Stop:		0.500000
	Step:		0.010000
	Compliance:	0.050000
Power Compliance OFF

Timing:		Integration Time:	medium
	Delay Time (sec):	0.000000
	Hold Time (sec):	0.000000
	Wait Time (sec):	1.000000

Secondary Source (VAR2):	OFF


   V1	   I1	Abs(I)	J (A\um²)	Abs(J)
-5.000000E-1	-4.003470E-5	4.003470E-5	-1.019473E-6	1.019473E-6
-4.900000E-1	-3.899480E-5	3.899480E-5	-9.929921E-7	9.929921E-7
-4.800000E-1	-3.858030E-5	3.858030E-5	-9.824370E-7	9.824370E-7
-4.700000E-1	-3.760730E-5	3.760730E-5	-9.576598E-7	9.576598E-7
-4.600000E-1	-3.690150E-5	3.690150E-5	-9.396868E-7	9.396868E-7
-4.500000E-1	-3.606080E-5	3.606080E-5	-9.182786E-7	9.182786E-7
-4.400000E-1	-3.525130E-5	3.525130E-5	-8.976649E-7	8.976649E-7
-4.300000E-1	-3.449360E-5	3.449360E-5	-8.783702E-7	8.783702E-7
-4.200000E-1	-3.366550E-5	3.366550E-5	-8.572829E-7	8.572829E-7
-4.100000E-1	-3.282130E-5	3.282130E-5	-8.357856E-7	8.357856E-7
-4.000000E-1	-3.198690E-5	3.198690E-5	-8.145378E-7	8.145378E-7
-3.900000E-1	-3.126010E-5	3.126010E-5	-7.960300E-7	7.960300E-7
-3.800000E-1	-3.031930E-5	3.031930E-5	-7.720728E-7	7.720728E-7
-3.700000E-1	-2.953900E-5	2.953900E-5	-7.522027E-7	7.522027E-7
-3.600000E-1	-2.866870E-5	2.866870E-5	-7.300407E-7	7.300407E-7
-3.500000E-1	-2.780080E-5	2.780080E-5	-7.079399E-7	7.079399E-7
-3.400000E-1	-2.698350E-5	2.698350E-5	-6.871276E-7	6.871276E-7
-3.300000E-1	-2.612550E-5	2.612550E-5	-6.652788E-7	6.652788E-7
-3.200000E-1	-2.524160E-5	2.524160E-5	-6.427706E-7	6.427706E-7
-3.100000E-1	-2.442480E-5	2.442480E-5	-6.219710E-7	6.219710E-7
-3.000000E-1	-2.357920E-5	2.357920E-5	-6.004380E-7	6.004380E-7
-2.900000E-1	-2.275640E-5	2.275640E-5	-5.794856E-7	5.794856E-7
-2.800000E-1	-2.189060E-5	2.189060E-5	-5.574382E-7	5.574382E-7
-2.700000E-1	-2.105910E-5	2.105910E-5	-5.362643E-7	5.362643E-7
-2.600000E-1	-2.022330E-5	2.022330E-5	-5.149809E-7	5.149809E-7
-2.500000E-1	-1.938040E-5	1.938040E-5	-4.935167E-7	4.935167E-7
-2.400000E-1	-1.852100E-5	1.852100E-5	-4.716323E-7	4.716323E-7
-2.300000E-1	-1.769910E-5	1.769910E-5	-4.507028E-7	4.507028E-7
-2.200000E-1	-1.684390E-5	1.684390E-5	-4.289254E-7	4.289254E-7
-2.100000E-1	-1.605230E-5	1.605230E-5	-4.087675E-7	4.087675E-7
-2.000000E-1	-1.524970E-5	1.524970E-5	-3.883295E-7	3.883295E-7
-1.900000E-1	-1.443710E-5	1.443710E-5	-3.676369E-7	3.676369E-7
-1.800000E-1	-1.363910E-5	1.363910E-5	-3.473160E-7	3.473160E-7
-1.700000E-1	-1.286080E-5	1.286080E-5	-3.274968E-7	3.274968E-7
-1.600000E-1	-1.206410E-5	1.206410E-5	-3.072091E-7	3.072091E-7
-1.500000E-1	-1.127190E-5	1.127190E-5	-2.870359E-7	2.870359E-7
-1.400000E-1	-1.050140E-5	1.050140E-5	-2.674153E-7	2.674153E-7
-1.300000E-1	-9.720920E-6	9.720920E-6	-2.475406E-7	2.475406E-7
-1.200000E-1	-8.962840E-6	8.962840E-6	-2.282363E-7	2.282363E-7
-1.100000E-1	-8.190640E-6	8.190640E-6	-2.085724E-7	2.085724E-7
-1.000000E-1	-7.425870E-6	7.425870E-6	-1.890978E-7	1.890978E-7
-9.000000E-2	-6.659470E-6	6.659470E-6	-1.695816E-7	1.695816E-7
-8.000000E-2	-5.912650E-6	5.912650E-6	-1.505640E-7	1.505640E-7
-7.000000E-2	-5.159560E-6	5.159560E-6	-1.313868E-7	1.313868E-7
-6.000000E-2	-4.422170E-6	4.422170E-6	-1.126094E-7	1.126094E-7
-5.000000E-2	-3.673630E-6	3.673630E-6	-9.354800E-8	9.354800E-8
-4.000000E-2	-2.936990E-6	2.936990E-6	-7.478966E-8	7.478966E-8
-3.000000E-2	-2.203410E-6	2.203410E-6	-5.610924E-8	5.610924E-8
-2.000000E-2	-1.463630E-6	1.463630E-6	-3.727094E-8	3.727094E-8
-1.000000E-2	-7.366190E-7	7.366190E-7	-1.875780E-8	1.875780E-8
0.000000E+0	4.854980E-9	4.854980E-9	1.236308E-10	1.236308E-10
1.000000E-2	7.249410E-7	7.249410E-7	1.846043E-8	1.846043E-8
2.000000E-2	1.463590E-6	1.463590E-6	3.726993E-8	3.726993E-8
3.000000E-2	2.193110E-6	2.193110E-6	5.584696E-8	5.584696E-8
4.000000E-2	2.926990E-6	2.926990E-6	7.453501E-8	7.453501E-8
5.000000E-2	3.676350E-6	3.676350E-6	9.361726E-8	9.361726E-8
6.000000E-2	4.417260E-6	4.417260E-6	1.124843E-7	1.124843E-7
7.000000E-2	5.165740E-6	5.165740E-6	1.315442E-7	1.315442E-7
8.000000E-2	5.911180E-6	5.911180E-6	1.505266E-7	1.505266E-7
9.000000E-2	6.689830E-6	6.689830E-6	1.703547E-7	1.703547E-7
1.000000E-1	7.430510E-6	7.430510E-6	1.892159E-7	1.892159E-7
1.100000E-1	8.206000E-6	8.206000E-6	2.089636E-7	2.089636E-7
1.200000E-1	8.968920E-6	8.968920E-6	2.283911E-7	2.283911E-7
1.300000E-1	9.746020E-6	9.746020E-6	2.481798E-7	2.481798E-7
1.400000E-1	1.050763E-5	1.050763E-5	2.675740E-7	2.675740E-7
1.500000E-1	1.130462E-5	1.130462E-5	2.878691E-7	2.878691E-7
1.600000E-1	1.209370E-5	1.209370E-5	3.079628E-7	3.079628E-7
1.700000E-1	1.288290E-5	1.288290E-5	3.280596E-7	3.280596E-7
1.800000E-1	1.369160E-5	1.369160E-5	3.486529E-7	3.486529E-7
1.900000E-1	1.448590E-5	1.448590E-5	3.688795E-7	3.688795E-7
2.000000E-1	1.530900E-5	1.530900E-5	3.898396E-7	3.898396E-7
2.100000E-1	1.611040E-5	1.611040E-5	4.102470E-7	4.102470E-7
2.200000E-1	1.694080E-5	1.694080E-5	4.313929E-7	4.313929E-7
2.300000E-1	1.778150E-5	1.778150E-5	4.528011E-7	4.528011E-7
2.400000E-1	1.860840E-5	1.860840E-5	4.738579E-7	4.738579E-7
2.500000E-1	1.943730E-5	1.943730E-5	4.949656E-7	4.949656E-7
2.600000E-1	2.029670E-5	2.029670E-5	5.168500E-7	5.168500E-7
2.700000E-1	2.111100E-5	2.111100E-5	5.375859E-7	5.375859E-7
2.800000E-1	2.200640E-5	2.200640E-5	5.603871E-7	5.603871E-7
2.900000E-1	2.307570E-5	2.307570E-5	5.876165E-7	5.876165E-7
3.000000E-1	2.391830E-5	2.391830E-5	6.090731E-7	6.090731E-7
3.100000E-1	2.481630E-5	2.481630E-5	6.319404E-7	6.319404E-7
3.200000E-1	2.565090E-5	2.565090E-5	6.531933E-7	6.531933E-7
3.300000E-1	2.650240E-5	2.650240E-5	6.748765E-7	6.748765E-7
3.400000E-1	2.727900E-5	2.727900E-5	6.946524E-7	6.946524E-7
3.500000E-1	2.812140E-5	2.812140E-5	7.161039E-7	7.161039E-7
3.600000E-1	2.902970E-5	2.902970E-5	7.392335E-7	7.392335E-7
3.700000E-1	2.973130E-5	2.973130E-5	7.570996E-7	7.570996E-7
3.800000E-1	3.074550E-5	3.074550E-5	7.829259E-7	7.829259E-7
3.900000E-1	3.156380E-5	3.156380E-5	8.037637E-7	8.037637E-7
4.000000E-1	3.055740E-5	3.055740E-5	7.781360E-7	7.781360E-7
4.100000E-1	3.196940E-5	3.196940E-5	8.140922E-7	8.140922E-7
4.200000E-1	3.311530E-5	3.311530E-5	8.432722E-7	8.432722E-7
4.300000E-1	3.584430E-5	3.584430E-5	9.127655E-7	9.127655E-7
4.400000E-1	3.513540E-5	3.513540E-5	8.947135E-7	8.947135E-7
4.500000E-1	3.686420E-5	3.686420E-5	9.387369E-7	9.387369E-7
4.600000E-1	3.744980E-5	3.744980E-5	9.536491E-7	9.536491E-7
4.700000E-1	3.847820E-5	3.847820E-5	9.798370E-7	9.798370E-7
4.800000E-1	3.906280E-5	3.906280E-5	9.947237E-7	9.947237E-7
4.900000E-1	3.950580E-5	3.950580E-5	1.006005E-6	1.006005E-6
5.000000E-1	4.169250E-5	4.169250E-5	1.061688E-6	1.061688E-6
