

16:06:45	26/03/21


Ell Cont: 5,0x10,0

SMU1	V name:		V1
	I name:		I1
	Mode:		V
	Function:	VAR1
SMU2	V name:		V2
	I name:		I2
	Mode:		common
	Function:	const.
SMU3	off
SMU4	off
VMUs	off

Primary Source (VAR1):	single
	Sweep Spacing:	linear
	Start:		-0.500000
	Stop:		0.500000
	Step:		0.010000
	Compliance:	0.050000
Power Compliance OFF

Timing:		Integration Time:	medium
	Delay Time (sec):	0.000000
	Hold Time (sec):	0.000000
	Wait Time (sec):	1.000000

Secondary Source (VAR2):	OFF


   V1	   I1	Abs(I)	J (A\um²)	Abs(J)
-5.000000E-1	-1.759130E-8	1.759130E-8	-4.479577E-10	4.479577E-10
-4.900000E-1	-1.446550E-8	1.446550E-8	-3.683601E-10	3.683601E-10
-4.800000E-1	-1.279860E-8	1.279860E-8	-3.259129E-10	3.259129E-10
-4.700000E-1	-1.168960E-8	1.168960E-8	-2.976725E-10	2.976725E-10
-4.600000E-1	-1.071500E-8	1.071500E-8	-2.728546E-10	2.728546E-10
-4.500000E-1	-1.019020E-8	1.019020E-8	-2.594907E-10	2.594907E-10
-4.400000E-1	-9.522800E-9	9.522800E-9	-2.424955E-10	2.424955E-10
-4.300000E-1	-9.082250E-9	9.082250E-9	-2.312771E-10	2.312771E-10
-4.200000E-1	-8.501030E-9	8.501030E-9	-2.164764E-10	2.164764E-10
-4.100000E-1	-7.862540E-9	7.862540E-9	-2.002175E-10	2.002175E-10
-4.000000E-1	-7.379840E-9	7.379840E-9	-1.879256E-10	1.879256E-10
-3.900000E-1	-6.930220E-9	6.930220E-9	-1.764762E-10	1.764762E-10
-3.800000E-1	-6.591890E-9	6.591890E-9	-1.678607E-10	1.678607E-10
-3.700000E-1	-6.603480E-9	6.603480E-9	-1.681558E-10	1.681558E-10
-3.600000E-1	-6.211900E-9	6.211900E-9	-1.581844E-10	1.581844E-10
-3.500000E-1	-5.517970E-9	5.517970E-9	-1.405136E-10	1.405136E-10
-3.400000E-1	-5.442850E-9	5.442850E-9	-1.386007E-10	1.386007E-10
-3.300000E-1	-5.178630E-9	5.178630E-9	-1.318724E-10	1.318724E-10
-3.200000E-1	-4.921680E-9	4.921680E-9	-1.253293E-10	1.253293E-10
-3.100000E-1	-4.588280E-9	4.588280E-9	-1.168393E-10	1.168393E-10
-3.000000E-1	-4.258270E-9	4.258270E-9	-1.084357E-10	1.084357E-10
-2.900000E-1	-3.977890E-9	3.977890E-9	-1.012959E-10	1.012959E-10
-2.800000E-1	-3.785010E-9	3.785010E-9	-9.638426E-11	9.638426E-11
-2.700000E-1	-3.551780E-9	3.551780E-9	-9.044512E-11	9.044512E-11
-2.600000E-1	-3.301540E-9	3.301540E-9	-8.407283E-11	8.407283E-11
-2.500000E-1	-3.071170E-9	3.071170E-9	-7.820652E-11	7.820652E-11
-2.400000E-1	-2.744200E-9	2.744200E-9	-6.988031E-11	6.988031E-11
-2.300000E-1	-2.573520E-9	2.573520E-9	-6.553399E-11	6.553399E-11
-2.200000E-1	-2.358980E-9	2.358980E-9	-6.007079E-11	6.007079E-11
-2.100000E-1	-2.176560E-9	2.176560E-9	-5.542552E-11	5.542552E-11
-2.000000E-1	-1.924330E-9	1.924330E-9	-4.900255E-11	4.900255E-11
-1.900000E-1	-1.757250E-9	1.757250E-9	-4.474790E-11	4.474790E-11
-1.800000E-1	-1.359850E-9	1.359850E-9	-3.462821E-11	3.462821E-11
-1.700000E-1	-1.198510E-9	1.198510E-9	-3.051973E-11	3.051973E-11
-1.600000E-1	-1.165470E-9	1.165470E-9	-2.967838E-11	2.967838E-11
-1.500000E-1	-9.999100E-10	9.999100E-10	-2.546244E-11	2.546244E-11
-1.400000E-1	-8.063000E-10	8.063000E-10	-2.053221E-11	2.053221E-11
-1.300000E-1	-6.380200E-10	6.380200E-10	-1.624701E-11	1.624701E-11
-1.200000E-1	-5.209900E-10	5.209900E-10	-1.326687E-11	1.326687E-11
-1.100000E-1	-3.759700E-10	3.759700E-10	-9.573975E-12	9.573975E-12
-1.000000E-1	-2.678000E-10	2.678000E-10	-6.819455E-12	6.819455E-12
-9.000000E-2	-1.176200E-10	1.176200E-10	-2.995162E-12	2.995162E-12
-8.000000E-2	-2.348000E-11	2.348000E-11	-5.979119E-13	5.979119E-13
-7.000000E-2	1.039000E-10	1.039000E-10	2.645786E-12	2.645786E-12
-6.000000E-2	2.226500E-10	2.226500E-10	5.669722E-12	5.669722E-12
-5.000000E-2	3.404100E-10	3.404100E-10	8.668449E-12	8.668449E-12
-4.000000E-2	5.238400E-10	5.238400E-10	1.333944E-11	1.333944E-11
-3.000000E-2	6.196900E-10	6.196900E-10	1.578024E-11	1.578024E-11
-2.000000E-2	7.450100E-10	7.450100E-10	1.897148E-11	1.897148E-11
-1.000000E-2	8.793000E-10	8.793000E-10	2.239114E-11	2.239114E-11
0.000000E+0	9.908100E-10	9.908100E-10	2.523071E-11	2.523071E-11
1.000000E-2	1.117860E-9	1.117860E-9	2.846600E-11	2.846600E-11
2.000000E-2	1.253400E-9	1.253400E-9	3.191749E-11	3.191749E-11
3.000000E-2	1.371580E-9	1.371580E-9	3.492692E-11	3.492692E-11
4.000000E-2	1.511630E-9	1.511630E-9	3.849325E-11	3.849325E-11
5.000000E-2	1.651700E-9	1.651700E-9	4.206010E-11	4.206010E-11
6.000000E-2	1.786160E-9	1.786160E-9	4.548408E-11	4.548408E-11
7.000000E-2	1.963140E-9	1.963140E-9	4.999083E-11	4.999083E-11
8.000000E-2	2.113420E-9	2.113420E-9	5.381767E-11	5.381767E-11
9.000000E-2	2.274410E-9	2.274410E-9	5.791724E-11	5.791724E-11
1.000000E-1	2.442040E-9	2.442040E-9	6.218589E-11	6.218589E-11
1.100000E-1	2.629000E-9	2.629000E-9	6.694678E-11	6.694678E-11
1.200000E-1	2.799740E-9	2.799740E-9	7.129463E-11	7.129463E-11
1.300000E-1	3.044390E-9	3.044390E-9	7.752457E-11	7.752457E-11
1.400000E-1	3.243430E-9	3.243430E-9	8.259307E-11	8.259307E-11
1.500000E-1	3.506790E-9	3.506790E-9	8.929946E-11	8.929946E-11
1.600000E-1	3.738520E-9	3.738520E-9	9.520041E-11	9.520041E-11
1.700000E-1	4.021960E-9	4.021960E-9	1.024181E-10	1.024181E-10
1.800000E-1	4.296670E-9	4.296670E-9	1.094135E-10	1.094135E-10
1.900000E-1	4.616620E-9	4.616620E-9	1.175610E-10	1.175610E-10
2.000000E-1	4.896100E-9	4.896100E-9	1.246779E-10	1.246779E-10
2.100000E-1	5.186160E-9	5.186160E-9	1.320642E-10	1.320642E-10
2.200000E-1	5.519750E-9	5.519750E-9	1.405589E-10	1.405589E-10
2.300000E-1	5.891710E-9	5.891710E-9	1.500308E-10	1.500308E-10
2.400000E-1	6.269730E-9	6.269730E-9	1.596570E-10	1.596570E-10
2.500000E-1	6.655170E-9	6.655170E-9	1.694721E-10	1.694721E-10
2.600000E-1	6.946060E-9	6.946060E-9	1.768795E-10	1.768795E-10
2.700000E-1	7.407620E-9	7.407620E-9	1.886331E-10	1.886331E-10
2.800000E-1	7.893820E-9	7.893820E-9	2.010140E-10	2.010140E-10
2.900000E-1	8.372350E-9	8.372350E-9	2.131996E-10	2.131996E-10
3.000000E-1	8.877070E-9	8.877070E-9	2.260522E-10	2.260522E-10
3.100000E-1	9.381100E-9	9.381100E-9	2.388872E-10	2.388872E-10
3.200000E-1	1.084140E-8	1.084140E-8	2.760733E-10	2.760733E-10
3.300000E-1	1.153530E-8	1.153530E-8	2.937433E-10	2.937433E-10
3.400000E-1	1.222270E-8	1.222270E-8	3.112478E-10	3.112478E-10
3.500000E-1	1.300740E-8	1.300740E-8	3.312299E-10	3.312299E-10
3.600000E-1	1.376040E-8	1.376040E-8	3.504049E-10	3.504049E-10
3.700000E-1	1.453120E-8	1.453120E-8	3.700331E-10	3.700331E-10
3.800000E-1	1.538540E-8	1.538540E-8	3.917851E-10	3.917851E-10
3.900000E-1	1.630160E-8	1.630160E-8	4.151159E-10	4.151159E-10
4.000000E-1	1.725550E-8	1.725550E-8	4.394067E-10	4.394067E-10
4.100000E-1	1.834070E-8	1.834070E-8	4.670410E-10	4.670410E-10
4.200000E-1	1.934980E-8	1.934980E-8	4.927375E-10	4.927375E-10
4.300000E-1	2.041880E-8	2.041880E-8	5.199593E-10	5.199593E-10
4.400000E-1	2.149770E-8	2.149770E-8	5.474331E-10	5.474331E-10
4.500000E-1	2.272080E-8	2.272080E-8	5.785791E-10	5.785791E-10
4.600000E-1	2.401140E-8	2.401140E-8	6.114438E-10	6.114438E-10
4.700000E-1	2.536820E-8	2.536820E-8	6.459944E-10	6.459944E-10
4.800000E-1	2.676480E-8	2.676480E-8	6.815584E-10	6.815584E-10
4.900000E-1	2.806000E-8	2.806000E-8	7.145404E-10	7.145404E-10
5.000000E-1	2.961040E-8	2.961040E-8	7.540209E-10	7.540209E-10
