

16:17:04	26/03/21


Ell Cont: 5,0x10,0

SMU1	V name:		V1
	I name:		I1
	Mode:		V
	Function:	VAR1
SMU2	V name:		V2
	I name:		I2
	Mode:		common
	Function:	const.
SMU3	off
SMU4	off
VMUs	off

Primary Source (VAR1):	single
	Sweep Spacing:	linear
	Start:		-0.500000
	Stop:		0.500000
	Step:		0.010000
	Compliance:	0.050000
Power Compliance OFF

Timing:		Integration Time:	medium
	Delay Time (sec):	0.000000
	Hold Time (sec):	0.000000
	Wait Time (sec):	1.000000

Secondary Source (VAR2):	OFF


   V1	   I1	Abs(I)	J (A\um²)	Abs(J)
-5.000000E-1	-3.414220E-8	3.414220E-8	-8.694219E-10	8.694219E-10
-4.900000E-1	-3.059150E-8	3.059150E-8	-7.790043E-10	7.790043E-10
-4.800000E-1	-2.861020E-8	2.861020E-8	-7.285510E-10	7.285510E-10
-4.700000E-1	-2.680730E-8	2.680730E-8	-6.826407E-10	6.826407E-10
-4.600000E-1	-2.528270E-8	2.528270E-8	-6.438172E-10	6.438172E-10
-4.500000E-1	-2.407420E-8	2.407420E-8	-6.130430E-10	6.130430E-10
-4.400000E-1	-2.293710E-8	2.293710E-8	-5.840871E-10	5.840871E-10
-4.300000E-1	-2.177210E-8	2.177210E-8	-5.544207E-10	5.544207E-10
-4.200000E-1	-2.081620E-8	2.081620E-8	-5.300789E-10	5.300789E-10
-4.100000E-1	-1.981270E-8	1.981270E-8	-5.045251E-10	5.045251E-10
-4.000000E-1	-1.880440E-8	1.880440E-8	-4.788490E-10	4.788490E-10
-3.900000E-1	-1.784630E-8	1.784630E-8	-4.544512E-10	4.544512E-10
-3.800000E-1	-1.704040E-8	1.704040E-8	-4.339292E-10	4.339292E-10
-3.700000E-1	-1.629830E-8	1.629830E-8	-4.150318E-10	4.150318E-10
-3.600000E-1	-1.546550E-8	1.546550E-8	-3.938248E-10	3.938248E-10
-3.500000E-1	-1.460830E-8	1.460830E-8	-3.719964E-10	3.719964E-10
-3.400000E-1	-1.402610E-8	1.402610E-8	-3.571709E-10	3.571709E-10
-3.300000E-1	-1.331990E-8	1.331990E-8	-3.391877E-10	3.391877E-10
-3.200000E-1	-1.249970E-8	1.249970E-8	-3.183015E-10	3.183015E-10
-3.100000E-1	-1.194490E-8	1.194490E-8	-3.041737E-10	3.041737E-10
-3.000000E-1	-1.133560E-8	1.133560E-8	-2.886580E-10	2.886580E-10
-2.900000E-1	-1.093070E-8	1.093070E-8	-2.783473E-10	2.783473E-10
-2.800000E-1	-1.035220E-8	1.035220E-8	-2.636160E-10	2.636160E-10
-2.700000E-1	-9.849400E-9	9.849400E-9	-2.508123E-10	2.508123E-10
-2.600000E-1	-9.447920E-9	9.447920E-9	-2.405887E-10	2.405887E-10
-2.500000E-1	-9.079900E-9	9.079900E-9	-2.312172E-10	2.312172E-10
-2.400000E-1	-8.489000E-9	8.489000E-9	-2.161701E-10	2.161701E-10
-2.300000E-1	-8.068070E-9	8.068070E-9	-2.054512E-10	2.054512E-10
-2.200000E-1	-7.497950E-9	7.497950E-9	-1.909333E-10	1.909333E-10
-2.100000E-1	-7.012720E-9	7.012720E-9	-1.785770E-10	1.785770E-10
-2.000000E-1	-6.530840E-9	6.530840E-9	-1.663061E-10	1.663061E-10
-1.900000E-1	-6.044680E-9	6.044680E-9	-1.539262E-10	1.539262E-10
-1.800000E-1	-5.591450E-9	5.591450E-9	-1.423848E-10	1.423848E-10
-1.700000E-1	-5.226110E-9	5.226110E-9	-1.330815E-10	1.330815E-10
-1.600000E-1	-4.819340E-9	4.819340E-9	-1.227232E-10	1.227232E-10
-1.500000E-1	-4.323770E-9	4.323770E-9	-1.101036E-10	1.101036E-10
-1.400000E-1	-3.950240E-9	3.950240E-9	-1.005918E-10	1.005918E-10
-1.300000E-1	-3.533710E-9	3.533710E-9	-8.998497E-11	8.998497E-11
-1.200000E-1	-3.191080E-9	3.191080E-9	-8.125999E-11	8.125999E-11
-1.100000E-1	-2.806670E-9	2.806670E-9	-7.147110E-11	7.147110E-11
-1.000000E-1	-2.443420E-9	2.443420E-9	-6.222103E-11	6.222103E-11
-9.000000E-2	-2.097640E-9	2.097640E-9	-5.341584E-11	5.341584E-11
-8.000000E-2	-1.789970E-9	1.789970E-9	-4.558110E-11	4.558110E-11
-7.000000E-2	-1.450640E-9	1.450640E-9	-3.694016E-11	3.694016E-11
-6.000000E-2	-1.159040E-9	1.159040E-9	-2.951464E-11	2.951464E-11
-5.000000E-2	-8.583300E-10	8.583300E-10	-2.185714E-11	2.185714E-11
-4.000000E-2	-5.594300E-10	5.594300E-10	-1.424573E-11	1.424573E-11
-3.000000E-2	-2.522500E-10	2.522500E-10	-6.423478E-12	6.423478E-12
-2.000000E-2	-3.170000E-12	3.170000E-12	-8.072320E-14	8.072320E-14
-1.000000E-2	3.212500E-10	3.212500E-10	8.180545E-12	8.180545E-12
0.000000E+0	5.947900E-10	5.947900E-10	1.514617E-11	1.514617E-11
1.000000E-2	8.857400E-10	8.857400E-10	2.255513E-11	2.255513E-11
2.000000E-2	1.175670E-9	1.175670E-9	2.993812E-11	2.993812E-11
3.000000E-2	1.469560E-9	1.469560E-9	3.742195E-11	3.742195E-11
4.000000E-2	1.773550E-9	1.773550E-9	4.516297E-11	4.516297E-11
5.000000E-2	2.063150E-9	2.063150E-9	5.253756E-11	5.253756E-11
6.000000E-2	2.401670E-9	2.401670E-9	6.115788E-11	6.115788E-11
7.000000E-2	2.711480E-9	2.711480E-9	6.904711E-11	6.904711E-11
8.000000E-2	3.049450E-9	3.049450E-9	7.765342E-11	7.765342E-11
9.000000E-2	3.393010E-9	3.393010E-9	8.640209E-11	8.640209E-11
1.000000E-1	3.724320E-9	3.724320E-9	9.483881E-11	9.483881E-11
1.100000E-1	4.063000E-9	4.063000E-9	1.034632E-10	1.034632E-10
1.200000E-1	4.454150E-9	4.454150E-9	1.134237E-10	1.134237E-10
1.300000E-1	4.881070E-9	4.881070E-9	1.242951E-10	1.242951E-10
1.400000E-1	5.258210E-9	5.258210E-9	1.338989E-10	1.338989E-10
1.500000E-1	5.718730E-9	5.718730E-9	1.456259E-10	1.456259E-10
1.600000E-1	6.196820E-9	6.196820E-9	1.578004E-10	1.578004E-10
1.700000E-1	6.662270E-9	6.662270E-9	1.696529E-10	1.696529E-10
1.800000E-1	7.160660E-9	7.160660E-9	1.823443E-10	1.823443E-10
1.900000E-1	7.651150E-9	7.651150E-9	1.948345E-10	1.948345E-10
2.000000E-1	8.122070E-9	8.122070E-9	2.068263E-10	2.068263E-10
2.100000E-1	8.745370E-9	8.745370E-9	2.226985E-10	2.226985E-10
2.200000E-1	9.382670E-9	9.382670E-9	2.389272E-10	2.389272E-10
2.300000E-1	9.992700E-9	9.992700E-9	2.544614E-10	2.544614E-10
2.400000E-1	1.153700E-8	1.153700E-8	2.937866E-10	2.937866E-10
2.500000E-1	1.228280E-8	1.228280E-8	3.127782E-10	3.127782E-10
2.600000E-1	1.310110E-8	1.310110E-8	3.336160E-10	3.336160E-10
2.700000E-1	1.381990E-8	1.381990E-8	3.519200E-10	3.519200E-10
2.800000E-1	1.463420E-8	1.463420E-8	3.726560E-10	3.726560E-10
2.900000E-1	1.553440E-8	1.553440E-8	3.955793E-10	3.955793E-10
3.000000E-1	1.636180E-8	1.636180E-8	4.166488E-10	4.166488E-10
3.100000E-1	1.725490E-8	1.725490E-8	4.393914E-10	4.393914E-10
3.200000E-1	1.831310E-8	1.831310E-8	4.663382E-10	4.663382E-10
3.300000E-1	1.933030E-8	1.933030E-8	4.922409E-10	4.922409E-10
3.400000E-1	2.032090E-8	2.032090E-8	5.174663E-10	5.174663E-10
3.500000E-1	2.141080E-8	2.141080E-8	5.452203E-10	5.452203E-10
3.600000E-1	2.254470E-8	2.254470E-8	5.740947E-10	5.740947E-10
3.700000E-1	2.371060E-8	2.371060E-8	6.037841E-10	6.037841E-10
3.800000E-1	2.500740E-8	2.500740E-8	6.368067E-10	6.368067E-10
3.900000E-1	2.569170E-8	2.569170E-8	6.542322E-10	6.542322E-10
4.000000E-1	2.668220E-8	2.668220E-8	6.794550E-10	6.794550E-10
4.100000E-1	2.805840E-8	2.805840E-8	7.144996E-10	7.144996E-10
4.200000E-1	2.913400E-8	2.913400E-8	7.418895E-10	7.418895E-10
4.300000E-1	3.057190E-8	3.057190E-8	7.785052E-10	7.785052E-10
4.400000E-1	3.157760E-8	3.157760E-8	8.041151E-10	8.041151E-10
4.500000E-1	3.323740E-8	3.323740E-8	8.463815E-10	8.463815E-10
4.600000E-1	3.488500E-8	3.488500E-8	8.883371E-10	8.883371E-10
4.700000E-1	3.630620E-8	3.630620E-8	9.245276E-10	9.245276E-10
4.800000E-1	3.802360E-8	3.802360E-8	9.682607E-10	9.682607E-10
4.900000E-1	3.957660E-8	3.957660E-8	1.007807E-9	1.007807E-9
5.000000E-1	4.126810E-8	4.126810E-8	1.050881E-9	1.050881E-9
