

16:01:43	26/03/21


Ell Cont: 5,0x10,0

SMU1	V name:		V1
	I name:		I1
	Mode:		V
	Function:	VAR1
SMU2	V name:		V2
	I name:		I2
	Mode:		common
	Function:	const.
SMU3	off
SMU4	off
VMUs	off

Primary Source (VAR1):	single
	Sweep Spacing:	linear
	Start:		-1.500000
	Stop:		1.500000
	Step:		0.010000
	Compliance:	0.050000
Power Compliance OFF

Timing:		Integration Time:	medium
	Delay Time (sec):	0.000000
	Hold Time (sec):	0.000000
	Wait Time (sec):	1.000000

Secondary Source (VAR2):	OFF


   V1	   I1	Abs(I)	J (A\µm²)	Abs(J)
-1.500000E+0	-1.299700E-2	1.299700E-2	-3.309651E-4	3.309651E-4
-1.490000E+0	-1.036390E-2	1.036390E-2	-2.639139E-4	2.639139E-4
-1.480000E+0	-1.000496E-2	1.000496E-2	-2.547736E-4	2.547736E-4
-1.470000E+0	-9.456210E-3	9.456210E-3	-2.407998E-4	2.407998E-4
-1.460000E+0	-8.948730E-3	8.948730E-3	-2.278770E-4	2.278770E-4
-1.450000E+0	-1.010824E-2	1.010824E-2	-2.574036E-4	2.574036E-4
-1.440000E+0	-1.086350E-2	1.086350E-2	-2.766361E-4	2.766361E-4
-1.430000E+0	-7.493370E-3	7.493370E-3	-1.908167E-4	1.908167E-4
-1.420000E+0	-7.860430E-3	7.860430E-3	-2.001637E-4	2.001637E-4
-1.410000E+0	-7.001490E-3	7.001490E-3	-1.782911E-4	1.782911E-4
-1.400000E+0	-7.043410E-3	7.043410E-3	-1.793585E-4	1.793585E-4
-1.390000E+0	-6.522190E-3	6.522190E-3	-1.660858E-4	1.660858E-4
-1.380000E+0	-6.447090E-3	6.447090E-3	-1.641734E-4	1.641734E-4
-1.370000E+0	-6.363170E-3	6.363170E-3	-1.620364E-4	1.620364E-4
-1.360000E+0	-6.350680E-3	6.350680E-3	-1.617184E-4	1.617184E-4
-1.350000E+0	-6.219870E-3	6.219870E-3	-1.583873E-4	1.583873E-4
-1.340000E+0	-6.178970E-3	6.178970E-3	-1.573458E-4	1.573458E-4
-1.330000E+0	-6.061140E-3	6.061140E-3	-1.543453E-4	1.543453E-4
-1.320000E+0	-5.933230E-3	5.933230E-3	-1.510881E-4	1.510881E-4
-1.310000E+0	-5.788010E-3	5.788010E-3	-1.473901E-4	1.473901E-4
-1.300000E+0	-5.722770E-3	5.722770E-3	-1.457288E-4	1.457288E-4
-1.290000E+0	-5.582860E-3	5.582860E-3	-1.421660E-4	1.421660E-4
-1.280000E+0	-5.550240E-3	5.550240E-3	-1.413354E-4	1.413354E-4
-1.270000E+0	-5.455260E-3	5.455260E-3	-1.389167E-4	1.389167E-4
-1.260000E+0	-5.276300E-3	5.276300E-3	-1.343596E-4	1.343596E-4
-1.250000E+0	-5.212930E-3	5.212930E-3	-1.327459E-4	1.327459E-4
-1.240000E+0	-5.330210E-3	5.330210E-3	-1.357324E-4	1.357324E-4
-1.230000E+0	-5.226900E-3	5.226900E-3	-1.331016E-4	1.331016E-4
-1.220000E+0	-5.145360E-3	5.145360E-3	-1.310252E-4	1.310252E-4
-1.210000E+0	-5.060190E-3	5.060190E-3	-1.288564E-4	1.288564E-4
-1.200000E+0	-4.976420E-3	4.976420E-3	-1.267232E-4	1.267232E-4
-1.190000E+0	-4.912870E-3	4.912870E-3	-1.251049E-4	1.251049E-4
-1.180000E+0	-4.830070E-3	4.830070E-3	-1.229964E-4	1.229964E-4
-1.170000E+0	-4.760040E-3	4.760040E-3	-1.212131E-4	1.212131E-4
-1.160000E+0	-4.686420E-3	4.686420E-3	-1.193384E-4	1.193384E-4
-1.150000E+0	-4.628000E-3	4.628000E-3	-1.178508E-4	1.178508E-4
-1.140000E+0	-4.563230E-3	4.563230E-3	-1.162014E-4	1.162014E-4
-1.130000E+0	-4.494690E-3	4.494690E-3	-1.144561E-4	1.144561E-4
-1.120000E+0	-4.413030E-3	4.413030E-3	-1.123766E-4	1.123766E-4
-1.110000E+0	-4.346900E-3	4.346900E-3	-1.106926E-4	1.106926E-4
-1.100000E+0	-4.285330E-3	4.285330E-3	-1.091248E-4	1.091248E-4
-1.090000E+0	-4.230180E-3	4.230180E-3	-1.077204E-4	1.077204E-4
-1.080000E+0	-4.159720E-3	4.159720E-3	-1.059262E-4	1.059262E-4
-1.070000E+0	-4.101660E-3	4.101660E-3	-1.044477E-4	1.044477E-4
-1.060000E+0	-4.039930E-3	4.039930E-3	-1.028757E-4	1.028757E-4
-1.050000E+0	-3.977210E-3	3.977210E-3	-1.012786E-4	1.012786E-4
-1.040000E+0	-3.911900E-3	3.911900E-3	-9.961548E-5	9.961548E-5
-1.030000E+0	-3.866650E-3	3.866650E-3	-9.846320E-5	9.846320E-5
-1.020000E+0	-3.825850E-3	3.825850E-3	-9.742424E-5	9.742424E-5
-1.010000E+0	-3.777160E-3	3.777160E-3	-9.618436E-5	9.618436E-5
-1.000000E+0	-3.730450E-3	3.730450E-3	-9.499491E-5	9.499491E-5
-9.900000E-1	-3.666230E-3	3.666230E-3	-9.335956E-5	9.335956E-5
-9.800000E-1	-3.618510E-3	3.618510E-3	-9.214438E-5	9.214438E-5
-9.700000E-1	-3.556680E-3	3.556680E-3	-9.056990E-5	9.056990E-5
-9.600000E-1	-3.502680E-3	3.502680E-3	-8.919480E-5	8.919480E-5
-9.500000E-1	-3.466410E-3	3.466410E-3	-8.827120E-5	8.827120E-5
-9.400000E-1	-3.408910E-3	3.408910E-3	-8.680698E-5	8.680698E-5
-9.300000E-1	-3.353130E-3	3.353130E-3	-8.538655E-5	8.538655E-5
-9.200000E-1	-3.313910E-3	3.313910E-3	-8.438783E-5	8.438783E-5
-9.100000E-1	-3.261300E-3	3.261300E-3	-8.304813E-5	8.304813E-5
-9.000000E-1	-3.222180E-3	3.222180E-3	-8.205195E-5	8.205195E-5
-8.900000E-1	-3.167470E-3	3.167470E-3	-8.065877E-5	8.065877E-5
-8.800000E-1	-3.116380E-3	3.116380E-3	-7.935778E-5	7.935778E-5
-8.700000E-1	-3.070500E-3	3.070500E-3	-7.818946E-5	7.818946E-5
-8.600000E-1	-3.018650E-3	3.018650E-3	-7.686911E-5	7.686911E-5
-8.500000E-1	-2.975200E-3	2.975200E-3	-7.576267E-5	7.576267E-5
-8.400000E-1	-2.933040E-3	2.933040E-3	-7.468907E-5	7.468907E-5
-8.300000E-1	-2.886630E-3	2.886630E-3	-7.350726E-5	7.350726E-5
-8.200000E-1	-2.842500E-3	2.842500E-3	-7.238350E-5	7.238350E-5
-8.100000E-1	-2.795370E-3	2.795370E-3	-7.118335E-5	7.118335E-5
-8.000000E-1	-2.757330E-3	2.757330E-3	-7.021467E-5	7.021467E-5
-7.900000E-1	-2.712570E-3	2.712570E-3	-6.907487E-5	6.907487E-5
-7.800000E-1	-2.664360E-3	2.664360E-3	-6.784721E-5	6.784721E-5
-7.700000E-1	-2.620160E-3	2.620160E-3	-6.672167E-5	6.672167E-5
-7.600000E-1	-2.581090E-3	2.581090E-3	-6.572676E-5	6.572676E-5
-7.500000E-1	-2.539020E-3	2.539020E-3	-6.465546E-5	6.465546E-5
-7.400000E-1	-2.504450E-3	2.504450E-3	-6.377515E-5	6.377515E-5
-7.300000E-1	-2.461090E-3	2.461090E-3	-6.267099E-5	6.267099E-5
-7.200000E-1	-2.420960E-3	2.420960E-3	-6.164910E-5	6.164910E-5
-7.100000E-1	-2.385480E-3	2.385480E-3	-6.074561E-5	6.074561E-5
-7.000000E-1	-2.340570E-3	2.340570E-3	-5.960199E-5	5.960199E-5
-6.900000E-1	-2.302280E-3	2.302280E-3	-5.862694E-5	5.862694E-5
-6.800000E-1	-2.263330E-3	2.263330E-3	-5.763509E-5	5.763509E-5
-6.700000E-1	-2.219210E-3	2.219210E-3	-5.651159E-5	5.651159E-5
-6.600000E-1	-2.177210E-3	2.177210E-3	-5.544207E-5	5.544207E-5
-6.500000E-1	-2.135780E-3	2.135780E-3	-5.438706E-5	5.438706E-5
-6.400000E-1	-2.094540E-3	2.094540E-3	-5.333690E-5	5.333690E-5
-6.300000E-1	-2.053940E-3	2.053940E-3	-5.230303E-5	5.230303E-5
-6.200000E-1	-2.020710E-3	2.020710E-3	-5.145684E-5	5.145684E-5
-6.100000E-1	-1.974630E-3	1.974630E-3	-5.028342E-5	5.028342E-5
-6.000000E-1	-1.937100E-3	1.937100E-3	-4.932773E-5	4.932773E-5
-5.900000E-1	-1.902280E-3	1.902280E-3	-4.844105E-5	4.844105E-5
-5.800000E-1	-1.863010E-3	1.863010E-3	-4.744105E-5	4.744105E-5
-5.700000E-1	-1.826280E-3	1.826280E-3	-4.650573E-5	4.650573E-5
-5.600000E-1	-1.792530E-3	1.792530E-3	-4.564629E-5	4.564629E-5
-5.500000E-1	-1.755550E-3	1.755550E-3	-4.470461E-5	4.470461E-5
-5.400000E-1	-1.718360E-3	1.718360E-3	-4.375758E-5	4.375758E-5
-5.300000E-1	-1.680820E-3	1.680820E-3	-4.280163E-5	4.280163E-5
-5.200000E-1	-1.638800E-3	1.638800E-3	-4.173160E-5	4.173160E-5
-5.100000E-1	-1.607780E-3	1.607780E-3	-4.094169E-5	4.094169E-5
-5.000000E-1	-1.564520E-3	1.564520E-3	-3.984008E-5	3.984008E-5
-4.900000E-1	-1.532160E-3	1.532160E-3	-3.901604E-5	3.901604E-5
-4.800000E-1	-1.494030E-3	1.494030E-3	-3.804507E-5	3.804507E-5
-4.700000E-1	-1.455100E-3	1.455100E-3	-3.705373E-5	3.705373E-5
-4.600000E-1	-1.419300E-3	1.419300E-3	-3.614209E-5	3.614209E-5
-4.500000E-1	-1.380680E-3	1.380680E-3	-3.515864E-5	3.515864E-5
-4.400000E-1	-1.347530E-3	1.347530E-3	-3.431449E-5	3.431449E-5
-4.300000E-1	-1.317720E-3	1.317720E-3	-3.355539E-5	3.355539E-5
-4.200000E-1	-1.278350E-3	1.278350E-3	-3.255284E-5	3.255284E-5
-4.100000E-1	-1.242360E-3	1.242360E-3	-3.163636E-5	3.163636E-5
-4.000000E-1	-1.207290E-3	1.207290E-3	-3.074332E-5	3.074332E-5
-3.900000E-1	-1.175830E-3	1.175830E-3	-2.994219E-5	2.994219E-5
-3.800000E-1	-1.143540E-3	1.143540E-3	-2.911994E-5	2.911994E-5
-3.700000E-1	-1.111340E-3	1.111340E-3	-2.829997E-5	2.829997E-5
-3.600000E-1	-1.080050E-3	1.080050E-3	-2.750318E-5	2.750318E-5
-3.500000E-1	-1.048330E-3	1.048330E-3	-2.669544E-5	2.669544E-5
-3.400000E-1	-1.019510E-3	1.019510E-3	-2.596155E-5	2.596155E-5
-3.300000E-1	-9.873480E-4	9.873480E-4	-2.514255E-5	2.514255E-5
-3.200000E-1	-9.548530E-4	9.548530E-4	-2.431507E-5	2.431507E-5
-3.100000E-1	-9.216160E-4	9.216160E-4	-2.346870E-5	2.346870E-5
-3.000000E-1	-8.875880E-4	8.875880E-4	-2.260219E-5	2.260219E-5
-2.900000E-1	-8.565680E-4	8.565680E-4	-2.181227E-5	2.181227E-5
-2.800000E-1	-8.230670E-4	8.230670E-4	-2.095918E-5	2.095918E-5
-2.700000E-1	-7.932050E-4	7.932050E-4	-2.019875E-5	2.019875E-5
-2.600000E-1	-7.629180E-4	7.629180E-4	-1.942750E-5	1.942750E-5
-2.500000E-1	-7.311390E-4	7.311390E-4	-1.861826E-5	1.861826E-5
-2.400000E-1	-7.001090E-4	7.001090E-4	-1.782809E-5	1.782809E-5
-2.300000E-1	-6.699530E-4	6.699530E-4	-1.706017E-5	1.706017E-5
-2.200000E-1	-6.423520E-4	6.423520E-4	-1.635732E-5	1.635732E-5
-2.100000E-1	-6.113360E-4	6.113360E-4	-1.556751E-5	1.556751E-5
-2.000000E-1	-5.809860E-4	5.809860E-4	-1.479465E-5	1.479465E-5
-1.900000E-1	-5.505880E-4	5.505880E-4	-1.402058E-5	1.402058E-5
-1.800000E-1	-5.200240E-4	5.200240E-4	-1.324227E-5	1.324227E-5
-1.700000E-1	-4.913240E-4	4.913240E-4	-1.251143E-5	1.251143E-5
-1.600000E-1	-4.635790E-4	4.635790E-4	-1.180491E-5	1.180491E-5
-1.500000E-1	-4.328440E-4	4.328440E-4	-1.102226E-5	1.102226E-5
-1.400000E-1	-4.028510E-4	4.028510E-4	-1.025849E-5	1.025849E-5
-1.300000E-1	-3.745470E-4	3.745470E-4	-9.537739E-6	9.537739E-6
-1.200000E-1	-3.448310E-4	3.448310E-4	-8.781029E-6	8.781029E-6
-1.100000E-1	-3.162080E-4	3.162080E-4	-8.052152E-6	8.052152E-6
-1.000000E-1	-2.879860E-4	2.879860E-4	-7.333486E-6	7.333486E-6
-9.000000E-2	-2.573100E-4	2.573100E-4	-6.552330E-6	6.552330E-6
-8.000000E-2	-2.276820E-4	2.276820E-4	-5.797861E-6	5.797861E-6
-7.000000E-2	-1.992770E-4	1.992770E-4	-5.074535E-6	5.074535E-6
-6.000000E-2	-1.705380E-4	1.705380E-4	-4.342704E-6	4.342704E-6
-5.000000E-2	-1.417770E-4	1.417770E-4	-3.610313E-6	3.610313E-6
-4.000000E-2	-1.131610E-4	1.131610E-4	-2.881614E-6	2.881614E-6
-3.000000E-2	-8.487060E-5	8.487060E-5	-2.161207E-6	2.161207E-6
-2.000000E-2	-5.646060E-5	5.646060E-5	-1.437754E-6	1.437754E-6
-1.000000E-2	-2.859010E-5	2.859010E-5	-7.280392E-7	7.280392E-7
0.000000E+0	-1.085737E-7	1.085737E-7	-2.764800E-9	2.764800E-9
1.000000E-2	2.795780E-5	2.795780E-5	7.119379E-7	7.119379E-7
2.000000E-2	5.632690E-5	5.632690E-5	1.434349E-6	1.434349E-6
3.000000E-2	8.388570E-5	8.388570E-5	2.136127E-6	2.136127E-6
4.000000E-2	1.119746E-4	1.119746E-4	2.851403E-6	2.851403E-6
5.000000E-2	1.394150E-4	1.394150E-4	3.550165E-6	3.550165E-6
6.000000E-2	1.667640E-4	1.667640E-4	4.246600E-6	4.246600E-6
7.000000E-2	1.944230E-4	1.944230E-4	4.950929E-6	4.950929E-6
8.000000E-2	2.235740E-4	2.235740E-4	5.693252E-6	5.693252E-6
9.000000E-2	2.511850E-4	2.511850E-4	6.396358E-6	6.396358E-6
1.000000E-1	2.798750E-4	2.798750E-4	7.126942E-6	7.126942E-6
1.100000E-1	3.077760E-4	3.077760E-4	7.837433E-6	7.837433E-6
1.200000E-1	3.351720E-4	3.351720E-4	8.535065E-6	8.535065E-6
1.300000E-1	3.638350E-4	3.638350E-4	9.264960E-6	9.264960E-6
1.400000E-1	3.898990E-4	3.898990E-4	9.928673E-6	9.928673E-6
1.500000E-1	4.158870E-4	4.158870E-4	1.059045E-5	1.059045E-5
1.600000E-1	4.453480E-4	4.453480E-4	1.134067E-5	1.134067E-5
1.700000E-1	4.746490E-4	4.746490E-4	1.208681E-5	1.208681E-5
1.800000E-1	5.012490E-4	5.012490E-4	1.276417E-5	1.276417E-5
1.900000E-1	5.271180E-4	5.271180E-4	1.342292E-5	1.342292E-5
2.000000E-1	5.510320E-4	5.510320E-4	1.403188E-5	1.403188E-5
2.100000E-1	5.774960E-4	5.774960E-4	1.470578E-5	1.470578E-5
2.200000E-1	6.089500E-4	6.089500E-4	1.550675E-5	1.550675E-5
2.300000E-1	6.346250E-4	6.346250E-4	1.616055E-5	1.616055E-5
2.400000E-1	6.658000E-4	6.658000E-4	1.695442E-5	1.695442E-5
2.500000E-1	6.949800E-4	6.949800E-4	1.769748E-5	1.769748E-5
2.600000E-1	7.190660E-4	7.190660E-4	1.831082E-5	1.831082E-5
2.700000E-1	7.391830E-4	7.391830E-4	1.882310E-5	1.882310E-5
2.800000E-1	7.658170E-4	7.658170E-4	1.950132E-5	1.950132E-5
2.900000E-1	7.877540E-4	7.877540E-4	2.005994E-5	2.005994E-5
3.000000E-1	8.104730E-4	8.104730E-4	2.063848E-5	2.063848E-5
3.100000E-1	8.282300E-4	8.282300E-4	2.109065E-5	2.109065E-5
3.200000E-1	8.519950E-4	8.519950E-4	2.169582E-5	2.169582E-5
3.300000E-1	8.796040E-4	8.796040E-4	2.239888E-5	2.239888E-5
3.400000E-1	8.980580E-4	8.980580E-4	2.286881E-5	2.286881E-5
3.500000E-1	9.108980E-4	9.108980E-4	2.319577E-5	2.319577E-5
3.600000E-1	9.330540E-4	9.330540E-4	2.375997E-5	2.375997E-5
3.700000E-1	9.624850E-4	9.624850E-4	2.450942E-5	2.450942E-5
3.800000E-1	1.001100E-3	1.001100E-3	2.549274E-5	2.549274E-5
3.900000E-1	1.027205E-3	1.027205E-3	2.615750E-5	2.615750E-5
4.000000E-1	1.053753E-3	1.053753E-3	2.683354E-5	2.683354E-5
4.100000E-1	1.076161E-3	1.076161E-3	2.740415E-5	2.740415E-5
4.200000E-1	1.128486E-3	1.128486E-3	2.873659E-5	2.873659E-5
4.300000E-1	1.160610E-3	1.160610E-3	2.955462E-5	2.955462E-5
4.400000E-1	1.176500E-3	1.176500E-3	2.995926E-5	2.995926E-5
4.500000E-1	1.201270E-3	1.201270E-3	3.059002E-5	3.059002E-5
4.600000E-1	1.210440E-3	1.210440E-3	3.082353E-5	3.082353E-5
4.700000E-1	1.235770E-3	1.235770E-3	3.146855E-5	3.146855E-5
4.800000E-1	1.261110E-3	1.261110E-3	3.211383E-5	3.211383E-5
4.900000E-1	1.272300E-3	1.272300E-3	3.239878E-5	3.239878E-5
5.000000E-1	1.294060E-3	1.294060E-3	3.295289E-5	3.295289E-5
5.100000E-1	1.329800E-3	1.329800E-3	3.386300E-5	3.386300E-5
5.200000E-1	1.347800E-3	1.347800E-3	3.432136E-5	3.432136E-5
5.300000E-1	1.367770E-3	1.367770E-3	3.482990E-5	3.482990E-5
5.400000E-1	1.377030E-3	1.377030E-3	3.506570E-5	3.506570E-5
5.500000E-1	1.393800E-3	1.393800E-3	3.549274E-5	3.549274E-5
5.600000E-1	1.423380E-3	1.423380E-3	3.624599E-5	3.624599E-5
5.700000E-1	1.444170E-3	1.444170E-3	3.677540E-5	3.677540E-5
5.800000E-1	1.473550E-3	1.473550E-3	3.752355E-5	3.752355E-5
5.900000E-1	1.499250E-3	1.499250E-3	3.817800E-5	3.817800E-5
6.000000E-1	1.514530E-3	1.514530E-3	3.856710E-5	3.856710E-5
6.100000E-1	1.530940E-3	1.530940E-3	3.898498E-5	3.898498E-5
6.200000E-1	1.547540E-3	1.547540E-3	3.940769E-5	3.940769E-5
6.300000E-1	1.546190E-3	1.546190E-3	3.937331E-5	3.937331E-5
6.400000E-1	1.840920E-3	1.840920E-3	4.687853E-5	4.687853E-5
6.500000E-1	2.017340E-3	2.017340E-3	5.137102E-5	5.137102E-5
6.600000E-1	2.045100E-3	2.045100E-3	5.207792E-5	5.207792E-5
6.700000E-1	2.076100E-3	2.076100E-3	5.286733E-5	5.286733E-5
6.800000E-1	2.114330E-3	2.114330E-3	5.384084E-5	5.384084E-5
6.900000E-1	2.150840E-3	2.150840E-3	5.477056E-5	5.477056E-5
7.000000E-1	2.159150E-3	2.159150E-3	5.498217E-5	5.498217E-5
7.100000E-1	2.186110E-3	2.186110E-3	5.566870E-5	5.566870E-5
7.200000E-1	2.206910E-3	2.206910E-3	5.619837E-5	5.619837E-5
7.300000E-1	2.243970E-3	2.243970E-3	5.714209E-5	5.714209E-5
7.400000E-1	2.266410E-3	2.266410E-3	5.771352E-5	5.771352E-5
7.500000E-1	2.284750E-3	2.284750E-3	5.818054E-5	5.818054E-5
7.600000E-1	2.314820E-3	2.314820E-3	5.894627E-5	5.894627E-5
7.700000E-1	2.324280E-3	2.324280E-3	5.918717E-5	5.918717E-5
7.800000E-1	2.326420E-3	2.326420E-3	5.924166E-5	5.924166E-5
7.900000E-1	2.309830E-3	2.309830E-3	5.881920E-5	5.881920E-5
8.000000E-1	2.337850E-3	2.337850E-3	5.953272E-5	5.953272E-5
8.100000E-1	2.347540E-3	2.347540E-3	5.977947E-5	5.977947E-5
8.200000E-1	2.339060E-3	2.339060E-3	5.956353E-5	5.956353E-5
8.300000E-1	2.390840E-3	2.390840E-3	6.088210E-5	6.088210E-5
8.400000E-1	2.318650E-3	2.318650E-3	5.904380E-5	5.904380E-5
8.500000E-1	2.319160E-3	2.319160E-3	5.905679E-5	5.905679E-5
8.600000E-1	2.325960E-3	2.325960E-3	5.922995E-5	5.922995E-5
8.700000E-1	2.397300E-3	2.397300E-3	6.104660E-5	6.104660E-5
8.800000E-1	2.402170E-3	2.402170E-3	6.117061E-5	6.117061E-5
8.900000E-1	2.411890E-3	2.411890E-3	6.141813E-5	6.141813E-5
9.000000E-1	2.413340E-3	2.413340E-3	6.145505E-5	6.145505E-5
9.100000E-1	2.436590E-3	2.436590E-3	6.204711E-5	6.204711E-5
9.200000E-1	2.480930E-3	2.480930E-3	6.317622E-5	6.317622E-5
9.300000E-1	2.490420E-3	2.490420E-3	6.341788E-5	6.341788E-5
9.400000E-1	2.494250E-3	2.494250E-3	6.351541E-5	6.351541E-5
9.500000E-1	2.529430E-3	2.529430E-3	6.441125E-5	6.441125E-5
9.600000E-1	2.508660E-3	2.508660E-3	6.388235E-5	6.388235E-5
9.700000E-1	2.500170E-3	2.500170E-3	6.366616E-5	6.366616E-5
9.800000E-1	2.587840E-3	2.587840E-3	6.589865E-5	6.589865E-5
9.900000E-1	2.542030E-3	2.542030E-3	6.473211E-5	6.473211E-5
1.000000E+0	2.544730E-3	2.544730E-3	6.480087E-5	6.480087E-5
1.010000E+0	2.550000E-3	2.550000E-3	6.493506E-5	6.493506E-5
1.020000E+0	2.575480E-3	2.575480E-3	6.558391E-5	6.558391E-5
1.030000E+0	2.601300E-3	2.601300E-3	6.624140E-5	6.624140E-5
1.040000E+0	2.627890E-3	2.627890E-3	6.691851E-5	6.691851E-5
1.050000E+0	2.612370E-3	2.612370E-3	6.652330E-5	6.652330E-5
1.060000E+0	2.448120E-3	2.448120E-3	6.234072E-5	6.234072E-5
1.070000E+0	2.170020E-3	2.170020E-3	5.525898E-5	5.525898E-5
1.080000E+0	3.920830E-3	3.920830E-3	9.984288E-5	9.984288E-5
1.090000E+0	3.534130E-3	3.534130E-3	8.999567E-5	8.999567E-5
1.100000E+0	3.424890E-3	3.424890E-3	8.721390E-5	8.721390E-5
1.110000E+0	3.311750E-3	3.311750E-3	8.433282E-5	8.433282E-5
1.120000E+0	3.139140E-3	3.139140E-3	7.993736E-5	7.993736E-5
1.130000E+0	3.039660E-3	3.039660E-3	7.740412E-5	7.740412E-5
1.140000E+0	3.598660E-3	3.598660E-3	9.163891E-5	9.163891E-5
1.150000E+0	3.749280E-3	3.749280E-3	9.547441E-5	9.547441E-5
1.160000E+0	3.520280E-3	3.520280E-3	8.964298E-5	8.964298E-5
1.170000E+0	3.518420E-3	3.518420E-3	8.959562E-5	8.959562E-5
1.180000E+0	3.574380E-3	3.574380E-3	9.102063E-5	9.102063E-5
1.190000E+0	3.720060E-3	3.720060E-3	9.473033E-5	9.473033E-5
1.200000E+0	3.816960E-3	3.816960E-3	9.719786E-5	9.719786E-5
1.210000E+0	3.856650E-3	3.856650E-3	9.820856E-5	9.820856E-5
1.220000E+0	4.078650E-3	4.078650E-3	1.038617E-4	1.038617E-4
1.230000E+0	4.260600E-3	4.260600E-3	1.084950E-4	1.084950E-4
1.240000E+0	4.494780E-3	4.494780E-3	1.144584E-4	1.144584E-4
1.250000E+0	4.508740E-3	4.508740E-3	1.148139E-4	1.148139E-4
1.260000E+0	4.547920E-3	4.547920E-3	1.158116E-4	1.158116E-4
1.270000E+0	4.674090E-3	4.674090E-3	1.190244E-4	1.190244E-4
1.280000E+0	4.762180E-3	4.762180E-3	1.212676E-4	1.212676E-4
1.290000E+0	4.730430E-3	4.730430E-3	1.204591E-4	1.204591E-4
1.300000E+0	4.994680E-3	4.994680E-3	1.271882E-4	1.271882E-4
1.310000E+0	5.151080E-3	5.151080E-3	1.311709E-4	1.311709E-4
1.320000E+0	5.258570E-3	5.258570E-3	1.339081E-4	1.339081E-4
1.330000E+0	5.580450E-3	5.580450E-3	1.421047E-4	1.421047E-4
1.340000E+0	5.884400E-3	5.884400E-3	1.498447E-4	1.498447E-4
1.350000E+0	6.046430E-3	6.046430E-3	1.539707E-4	1.539707E-4
1.360000E+0	6.194280E-3	6.194280E-3	1.577357E-4	1.577357E-4
1.370000E+0	6.479630E-3	6.479630E-3	1.650020E-4	1.650020E-4
1.380000E+0	6.647230E-3	6.647230E-3	1.692699E-4	1.692699E-4
1.390000E+0	6.971170E-3	6.971170E-3	1.775190E-4	1.775190E-4
1.400000E+0	7.338290E-3	7.338290E-3	1.868676E-4	1.868676E-4
1.410000E+0	1.758790E-2	1.758790E-2	4.478711E-4	4.478711E-4
1.420000E+0	2.004040E-2	2.004040E-2	5.103234E-4	5.103234E-4
1.430000E+0	2.165080E-2	2.165080E-2	5.513318E-4	5.513318E-4
1.440000E+0	2.011090E-2	2.011090E-2	5.121187E-4	5.121187E-4
1.450000E+0	1.625150E-2	1.625150E-2	4.138401E-4	4.138401E-4
1.460000E+0	1.611760E-2	1.611760E-2	4.104303E-4	4.104303E-4
1.470000E+0	1.750600E-2	1.750600E-2	4.457856E-4	4.457856E-4
1.480000E+0	1.554650E-2	1.554650E-2	3.958874E-4	3.958874E-4
1.490000E+0	1.918450E-2	1.918450E-2	4.885281E-4	4.885281E-4
1.500000E+0	1.899320E-2	1.899320E-2	4.836567E-4	4.836567E-4
