

12:56:27	04/03/21


Ell Cont: 5,0x10,0

SMU1	V name:		V1
	I name:		I1
	Mode:		V
	Function:	VAR1
SMU2	V name:		V2
	I name:		I2
	Mode:		common
	Function:	const.
SMU3	off
SMU4	off
VMUs	off

Primary Source (VAR1):	single
	Sweep Spacing:	linear
	Start:		-0.500000
	Stop:		0.500000
	Step:		0.010000
	Compliance:	0.050000
Power Compliance OFF

Timing:		Integration Time:	medium
	Delay Time (sec):	0.000000
	Hold Time (sec):	0.000000
	Wait Time (sec):	1.000000

Secondary Source (VAR2):	OFF


   V1	   I1	Abs(I)	J (A\µm²)	Abs(J)
-5.000000E-1	-2.518970E-6	2.518970E-6	-6.414489E-8	6.414489E-8
-4.900000E-1	-2.584670E-6	2.584670E-6	-6.581793E-8	6.581793E-8
-4.800000E-1	-2.486760E-6	2.486760E-6	-6.332467E-8	6.332467E-8
-4.700000E-1	-2.442800E-6	2.442800E-6	-6.220525E-8	6.220525E-8
-4.600000E-1	-2.474040E-6	2.474040E-6	-6.300076E-8	6.300076E-8
-4.500000E-1	-2.404460E-6	2.404460E-6	-6.122893E-8	6.122893E-8
-4.400000E-1	-2.361890E-6	2.361890E-6	-6.014489E-8	6.014489E-8
-4.300000E-1	-2.302160E-6	2.302160E-6	-5.862389E-8	5.862389E-8
-4.200000E-1	-2.295440E-6	2.295440E-6	-5.845276E-8	5.845276E-8
-4.100000E-1	-2.213990E-6	2.213990E-6	-5.637866E-8	5.637866E-8
-4.000000E-1	-2.209230E-6	2.209230E-6	-5.625745E-8	5.625745E-8
-3.900000E-1	-2.253780E-6	2.253780E-6	-5.739190E-8	5.739190E-8
-3.800000E-1	-2.218530E-6	2.218530E-6	-5.649427E-8	5.649427E-8
-3.700000E-1	-2.176310E-6	2.176310E-6	-5.541915E-8	5.541915E-8
-3.600000E-1	-2.198520E-6	2.198520E-6	-5.598472E-8	5.598472E-8
-3.500000E-1	-2.105350E-6	2.105350E-6	-5.361217E-8	5.361217E-8
-3.400000E-1	-2.053580E-6	2.053580E-6	-5.229386E-8	5.229386E-8
-3.300000E-1	-1.989520E-6	1.989520E-6	-5.066259E-8	5.066259E-8
-3.200000E-1	-1.954410E-6	1.954410E-6	-4.976853E-8	4.976853E-8
-3.100000E-1	-1.910320E-6	1.910320E-6	-4.864579E-8	4.864579E-8
-3.000000E-1	-1.861790E-6	1.861790E-6	-4.740998E-8	4.740998E-8
-2.900000E-1	-1.812080E-6	1.812080E-6	-4.614413E-8	4.614413E-8
-2.800000E-1	-1.755950E-6	1.755950E-6	-4.471479E-8	4.471479E-8
-2.700000E-1	-1.682650E-6	1.682650E-6	-4.284823E-8	4.284823E-8
-2.600000E-1	-1.630730E-6	1.630730E-6	-4.152610E-8	4.152610E-8
-2.500000E-1	-1.543010E-6	1.543010E-6	-3.929233E-8	3.929233E-8
-2.400000E-1	-1.486230E-6	1.486230E-6	-3.784645E-8	3.784645E-8
-2.300000E-1	-1.409140E-6	1.409140E-6	-3.588337E-8	3.588337E-8
-2.200000E-1	-1.343570E-6	1.343570E-6	-3.421365E-8	3.421365E-8
-2.100000E-1	-1.266620E-6	1.266620E-6	-3.225414E-8	3.225414E-8
-2.000000E-1	-1.216660E-6	1.216660E-6	-3.098192E-8	3.098192E-8
-1.900000E-1	-1.147730E-6	1.147730E-6	-2.922664E-8	2.922664E-8
-1.800000E-1	-1.082670E-6	1.082670E-6	-2.756990E-8	2.756990E-8
-1.700000E-1	-1.021770E-6	1.021770E-6	-2.601910E-8	2.601910E-8
-1.600000E-1	-9.643820E-7	9.643820E-7	-2.455773E-8	2.455773E-8
-1.500000E-1	-9.081720E-7	9.081720E-7	-2.312636E-8	2.312636E-8
-1.400000E-1	-8.287680E-7	8.287680E-7	-2.110435E-8	2.110435E-8
-1.300000E-1	-7.500810E-7	7.500810E-7	-1.910061E-8	1.910061E-8
-1.200000E-1	-6.791920E-7	6.791920E-7	-1.729544E-8	1.729544E-8
-1.100000E-1	-5.929630E-7	5.929630E-7	-1.509964E-8	1.509964E-8
-1.000000E-1	-4.702940E-7	4.702940E-7	-1.197591E-8	1.197591E-8
-9.000000E-2	-1.165200E-7	1.165200E-7	-2.967150E-9	2.967150E-9
-8.000000E-2	-8.978190E-8	8.978190E-8	-2.286272E-9	2.286272E-9
-7.000000E-2	-8.894720E-8	8.894720E-8	-2.265017E-9	2.265017E-9
-6.000000E-2	-5.574660E-8	5.574660E-8	-1.419572E-9	1.419572E-9
-5.000000E-2	-4.364260E-8	4.364260E-8	-1.111347E-9	1.111347E-9
-4.000000E-2	-2.111060E-8	2.111060E-8	-5.375758E-10	5.375758E-10
-3.000000E-2	-1.230630E-8	1.230630E-8	-3.133766E-10	3.133766E-10
-2.000000E-2	-1.743300E-8	1.743300E-8	-4.439267E-10	4.439267E-10
-1.000000E-2	-7.966830E-9	7.966830E-9	-2.028732E-10	2.028732E-10
0.000000E+0	-1.312400E-10	1.312400E-10	-3.341991E-12	3.341991E-12
1.000000E-2	2.548600E-8	2.548600E-8	6.489941E-10	6.489941E-10
2.000000E-2	5.335690E-8	5.335690E-8	1.358719E-9	1.358719E-9
3.000000E-2	7.127300E-8	7.127300E-8	1.814948E-9	1.814948E-9
4.000000E-2	9.568720E-8	9.568720E-8	2.436649E-9	2.436649E-9
5.000000E-2	1.763320E-7	1.763320E-7	4.490247E-9	4.490247E-9
6.000000E-2	1.702300E-7	1.702300E-7	4.334861E-9	4.334861E-9
7.000000E-2	2.104550E-7	2.104550E-7	5.359180E-9	5.359180E-9
8.000000E-2	3.306070E-7	3.306070E-7	8.418818E-9	8.418818E-9
9.000000E-2	2.759120E-7	2.759120E-7	7.026025E-9	7.026025E-9
1.000000E-1	3.000430E-7	3.000430E-7	7.640514E-9	7.640514E-9
1.100000E-1	4.154220E-7	4.154220E-7	1.057861E-8	1.057861E-8
1.200000E-1	3.510320E-7	3.510320E-7	8.938935E-9	8.938935E-9
1.300000E-1	4.770230E-7	4.770230E-7	1.214726E-8	1.214726E-8
1.400000E-1	6.285250E-7	6.285250E-7	1.600522E-8	1.600522E-8
1.500000E-1	6.620310E-7	6.620310E-7	1.685844E-8	1.685844E-8
1.600000E-1	5.815280E-7	5.815280E-7	1.480845E-8	1.480845E-8
1.700000E-1	8.091530E-7	8.091530E-7	2.060486E-8	2.060486E-8
1.800000E-1	8.098760E-7	8.098760E-7	2.062327E-8	2.062327E-8
1.900000E-1	4.628960E-7	4.628960E-7	1.178752E-8	1.178752E-8
2.000000E-1	5.385500E-8	5.385500E-8	1.371403E-9	1.371403E-9
2.100000E-1	5.622540E-8	5.622540E-8	1.431765E-9	1.431765E-9
2.200000E-1	6.184960E-8	6.184960E-8	1.574983E-9	1.574983E-9
2.300000E-1	6.673620E-8	6.673620E-8	1.699419E-9	1.699419E-9
2.400000E-1	7.222240E-8	7.222240E-8	1.839124E-9	1.839124E-9
2.500000E-1	7.852440E-8	7.852440E-8	1.999603E-9	1.999603E-9
2.600000E-1	8.342440E-8	8.342440E-8	2.124380E-9	2.124380E-9
2.700000E-1	9.156450E-8	9.156450E-8	2.331665E-9	2.331665E-9
2.800000E-1	9.501650E-8	9.501650E-8	2.419570E-9	2.419570E-9
2.900000E-1	9.780550E-8	9.780550E-8	2.490591E-9	2.490591E-9
3.000000E-1	9.607550E-8	9.607550E-8	2.446537E-9	2.446537E-9
3.100000E-1	1.022432E-7	1.022432E-7	2.603596E-9	2.603596E-9
3.200000E-1	1.057821E-7	1.057821E-7	2.693713E-9	2.693713E-9
3.300000E-1	1.134770E-7	1.134770E-7	2.889661E-9	2.889661E-9
3.400000E-1	1.211970E-7	1.211970E-7	3.086249E-9	3.086249E-9
3.500000E-1	1.272540E-7	1.272540E-7	3.240489E-9	3.240489E-9
3.600000E-1	4.825590E-7	4.825590E-7	1.228824E-8	1.228824E-8
3.700000E-1	1.367120E-7	1.367120E-7	3.481334E-9	3.481334E-9
3.800000E-1	1.385090E-7	1.385090E-7	3.527094E-9	3.527094E-9
3.900000E-1	1.556300E-7	1.556300E-7	3.963076E-9	3.963076E-9
4.000000E-1	1.540480E-7	1.540480E-7	3.922791E-9	3.922791E-9
4.100000E-1	1.660820E-7	1.660820E-7	4.229233E-9	4.229233E-9
4.200000E-1	1.872630E-7	1.872630E-7	4.768602E-9	4.768602E-9
4.300000E-1	1.968310E-7	1.968310E-7	5.012248E-9	5.012248E-9
4.400000E-1	2.179880E-7	2.179880E-7	5.551006E-9	5.551006E-9
4.500000E-1	2.163960E-7	2.163960E-7	5.510466E-9	5.510466E-9
4.600000E-1	2.217410E-7	2.217410E-7	5.646575E-9	5.646575E-9
4.700000E-1	2.485720E-7	2.485720E-7	6.329819E-9	6.329819E-9
4.800000E-1	2.516060E-7	2.516060E-7	6.407079E-9	6.407079E-9
4.900000E-1	2.716740E-7	2.716740E-7	6.918105E-9	6.918105E-9
5.000000E-1	2.745130E-7	2.745130E-7	6.990400E-9	6.990400E-9
