

12:43:21	04/03/21


Ell Cont: 5,0x10,0

SMU1	V name:		V1
	I name:		I1
	Mode:		V
	Function:	VAR1
SMU2	V name:		V2
	I name:		I2
	Mode:		common
	Function:	const.
SMU3	off
SMU4	off
VMUs	off

Primary Source (VAR1):	single
	Sweep Spacing:	linear
	Start:		-0.500000
	Stop:		0.500000
	Step:		0.010000
	Compliance:	0.050000
Power Compliance OFF

Timing:		Integration Time:	medium
	Delay Time (sec):	0.000000
	Hold Time (sec):	0.000000
	Wait Time (sec):	1.000000

Secondary Source (VAR2):	OFF


   V1	   I1	Abs(I)	J (A\um²)	Abs(J)
-5.000000E-1	-1.801050E-4	1.801050E-4	-4.586325E-6	4.586325E-6
-4.900000E-1	-1.774060E-4	1.774060E-4	-4.517596E-6	4.517596E-6
-4.800000E-1	-1.735870E-4	1.735870E-4	-4.420346E-6	4.420346E-6
-4.700000E-1	-1.722950E-4	1.722950E-4	-4.387446E-6	4.387446E-6
-4.600000E-1	-1.804460E-4	1.804460E-4	-4.595009E-6	4.595009E-6
-4.500000E-1	-1.796800E-4	1.796800E-4	-4.575503E-6	4.575503E-6
-4.400000E-1	-1.755690E-4	1.755690E-4	-4.470817E-6	4.470817E-6
-4.300000E-1	-1.688270E-4	1.688270E-4	-4.299134E-6	4.299134E-6
-4.200000E-1	-1.647720E-4	1.647720E-4	-4.195875E-6	4.195875E-6
-4.100000E-1	-1.630290E-4	1.630290E-4	-4.151490E-6	4.151490E-6
-4.000000E-1	-1.586410E-4	1.586410E-4	-4.039750E-6	4.039750E-6
-3.900000E-1	-1.549690E-4	1.549690E-4	-3.946244E-6	3.946244E-6
-3.800000E-1	-1.492080E-4	1.492080E-4	-3.799542E-6	3.799542E-6
-3.700000E-1	-1.457280E-4	1.457280E-4	-3.710924E-6	3.710924E-6
-3.600000E-1	-1.449600E-4	1.449600E-4	-3.691367E-6	3.691367E-6
-3.500000E-1	-1.398720E-4	1.398720E-4	-3.561803E-6	3.561803E-6
-3.400000E-1	-1.349800E-4	1.349800E-4	-3.437229E-6	3.437229E-6
-3.300000E-1	-1.309550E-4	1.309550E-4	-3.334734E-6	3.334734E-6
-3.200000E-1	-1.276360E-4	1.276360E-4	-3.250216E-6	3.250216E-6
-3.100000E-1	-1.226800E-4	1.226800E-4	-3.124013E-6	3.124013E-6
-3.000000E-1	-1.189710E-4	1.189710E-4	-3.029565E-6	3.029565E-6
-2.900000E-1	-1.145440E-4	1.145440E-4	-2.916832E-6	2.916832E-6
-2.800000E-1	-1.117540E-4	1.117540E-4	-2.845786E-6	2.845786E-6
-2.700000E-1	-1.073800E-4	1.073800E-4	-2.734403E-6	2.734403E-6
-2.600000E-1	-1.080800E-4	1.080800E-4	-2.752228E-6	2.752228E-6
-2.500000E-1	-1.017340E-4	1.017340E-4	-2.590629E-6	2.590629E-6
-2.400000E-1	-9.799300E-5	9.799300E-5	-2.495365E-6	2.495365E-6
-2.300000E-1	-9.418390E-5	9.418390E-5	-2.398368E-6	2.398368E-6
-2.200000E-1	-9.022120E-5	9.022120E-5	-2.297459E-6	2.297459E-6
-2.100000E-1	-8.662930E-5	8.662930E-5	-2.205992E-6	2.205992E-6
-2.000000E-1	-8.084050E-5	8.084050E-5	-2.058582E-6	2.058582E-6
-1.900000E-1	-7.624360E-5	7.624360E-5	-1.941523E-6	1.941523E-6
-1.800000E-1	-7.259540E-5	7.259540E-5	-1.848622E-6	1.848622E-6
-1.700000E-1	-6.825520E-5	6.825520E-5	-1.738100E-6	1.738100E-6
-1.600000E-1	-6.514340E-5	6.514340E-5	-1.658859E-6	1.658859E-6
-1.500000E-1	-6.100510E-5	6.100510E-5	-1.553478E-6	1.553478E-6
-1.400000E-1	-5.650990E-5	5.650990E-5	-1.439009E-6	1.439009E-6
-1.300000E-1	-5.263190E-5	5.263190E-5	-1.340257E-6	1.340257E-6
-1.200000E-1	-4.832770E-5	4.832770E-5	-1.230652E-6	1.230652E-6
-1.100000E-1	-4.412250E-5	4.412250E-5	-1.123568E-6	1.123568E-6
-1.000000E-1	-4.016760E-5	4.016760E-5	-1.022857E-6	1.022857E-6
-9.000000E-2	-3.649570E-5	3.649570E-5	-9.293532E-7	9.293532E-7
-8.000000E-2	-3.243010E-5	3.243010E-5	-8.258238E-7	8.258238E-7
-7.000000E-2	-2.785400E-5	2.785400E-5	-7.092946E-7	7.092946E-7
-6.000000E-2	-2.397640E-5	2.397640E-5	-6.105526E-7	6.105526E-7
-5.000000E-2	-1.990250E-5	1.990250E-5	-5.068118E-7	5.068118E-7
-4.000000E-2	-1.598040E-5	1.598040E-5	-4.069366E-7	4.069366E-7
-3.000000E-2	-1.191840E-5	1.191840E-5	-3.034989E-7	3.034989E-7
-2.000000E-2	-7.866130E-6	7.866130E-6	-2.003089E-7	2.003089E-7
-1.000000E-2	-3.919720E-6	3.919720E-6	-9.981462E-8	9.981462E-8
0.000000E+0	-2.655720E-8	2.655720E-8	-6.762720E-10	6.762720E-10
1.000000E-2	3.815950E-6	3.815950E-6	9.717214E-8	9.717214E-8
2.000000E-2	7.662630E-6	7.662630E-6	1.951268E-7	1.951268E-7
3.000000E-2	1.171910E-5	1.171910E-5	2.984237E-7	2.984237E-7
4.000000E-2	1.553260E-5	1.553260E-5	3.955335E-7	3.955335E-7
5.000000E-2	1.935680E-5	1.935680E-5	4.929157E-7	4.929157E-7
6.000000E-2	2.358410E-5	2.358410E-5	6.005628E-7	6.005628E-7
7.000000E-2	2.729320E-5	2.729320E-5	6.950140E-7	6.950140E-7
8.000000E-2	3.145380E-5	3.145380E-5	8.009626E-7	8.009626E-7
9.000000E-2	3.560950E-5	3.560950E-5	9.067863E-7	9.067863E-7
1.000000E-1	3.950530E-5	3.950530E-5	1.005992E-6	1.005992E-6
1.100000E-1	4.305600E-5	4.305600E-5	1.096409E-6	1.096409E-6
1.200000E-1	4.620410E-5	4.620410E-5	1.176575E-6	1.176575E-6
1.300000E-1	5.028040E-5	5.028040E-5	1.280377E-6	1.280377E-6
1.400000E-1	5.449150E-5	5.449150E-5	1.387611E-6	1.387611E-6
1.500000E-1	5.602450E-5	5.602450E-5	1.426649E-6	1.426649E-6
1.600000E-1	5.980030E-5	5.980030E-5	1.522799E-6	1.522799E-6
1.700000E-1	6.366120E-5	6.366120E-5	1.621115E-6	1.621115E-6
1.800000E-1	6.825310E-5	6.825310E-5	1.738047E-6	1.738047E-6
1.900000E-1	7.437130E-5	7.437130E-5	1.893845E-6	1.893845E-6
2.000000E-1	7.846470E-5	7.846470E-5	1.998082E-6	1.998082E-6
2.100000E-1	8.223280E-5	8.223280E-5	2.094036E-6	2.094036E-6
2.200000E-1	8.669720E-5	8.669720E-5	2.207721E-6	2.207721E-6
2.300000E-1	9.083690E-5	9.083690E-5	2.313137E-6	2.313137E-6
2.400000E-1	9.485660E-5	9.485660E-5	2.415498E-6	2.415498E-6
2.500000E-1	9.755800E-5	9.755800E-5	2.484288E-6	2.484288E-6
2.600000E-1	9.890180E-5	9.890180E-5	2.518508E-6	2.518508E-6
2.700000E-1	9.914960E-5	9.914960E-5	2.524818E-6	2.524818E-6
2.800000E-1	1.015125E-4	1.015125E-4	2.584989E-6	2.584989E-6
2.900000E-1	1.053981E-4	1.053981E-4	2.683934E-6	2.683934E-6
3.000000E-1	1.026249E-4	1.026249E-4	2.613315E-6	2.613315E-6
3.100000E-1	1.056539E-4	1.056539E-4	2.690448E-6	2.690448E-6
3.200000E-1	1.191610E-4	1.191610E-4	3.034403E-6	3.034403E-6
3.300000E-1	1.250010E-4	1.250010E-4	3.183117E-6	3.183117E-6
3.400000E-1	1.305620E-4	1.305620E-4	3.324726E-6	3.324726E-6
3.500000E-1	1.340990E-4	1.340990E-4	3.414795E-6	3.414795E-6
3.600000E-1	1.392260E-4	1.392260E-4	3.545353E-6	3.545353E-6
3.700000E-1	1.441120E-4	1.441120E-4	3.669773E-6	3.669773E-6
3.800000E-1	1.439580E-4	1.439580E-4	3.665852E-6	3.665852E-6
3.900000E-1	1.484290E-4	1.484290E-4	3.779705E-6	3.779705E-6
4.000000E-1	1.521650E-4	1.521650E-4	3.874841E-6	3.874841E-6
4.100000E-1	1.577100E-4	1.577100E-4	4.016043E-6	4.016043E-6
4.200000E-1	1.608070E-4	1.608070E-4	4.094907E-6	4.094907E-6
4.300000E-1	1.702700E-4	1.702700E-4	4.335880E-6	4.335880E-6
4.400000E-1	1.732210E-4	1.732210E-4	4.411026E-6	4.411026E-6
4.500000E-1	1.762410E-4	1.762410E-4	4.487930E-6	4.487930E-6
4.600000E-1	1.782740E-4	1.782740E-4	4.539699E-6	4.539699E-6
4.700000E-1	1.838580E-4	1.838580E-4	4.681895E-6	4.681895E-6
4.800000E-1	1.909850E-4	1.909850E-4	4.863382E-6	4.863382E-6
4.900000E-1	1.955620E-4	1.955620E-4	4.979934E-6	4.979934E-6
5.000000E-1	2.015890E-4	2.015890E-4	5.133410E-6	5.133410E-6
