

12:59:58	04/03/21


Ell Cont: 5,0x10,0

SMU1	V name:		V1
	I name:		I1
	Mode:		V
	Function:	VAR1
SMU2	V name:		V2
	I name:		I2
	Mode:		common
	Function:	const.
SMU3	off
SMU4	off
VMUs	off

Primary Source (VAR1):	single
	Sweep Spacing:	linear
	Start:		-0.500000
	Stop:		0.500000
	Step:		0.010000
	Compliance:	0.050000
Power Compliance OFF

Timing:		Integration Time:	medium
	Delay Time (sec):	0.000000
	Hold Time (sec):	0.000000
	Wait Time (sec):	1.000000

Secondary Source (VAR2):	OFF


   V1	   I1	Abs(I)	J (A\µm²)	Abs(J)
-5.000000E-1	-1.986840E-6	1.986840E-6	-5.059435E-8	5.059435E-8
-4.900000E-1	-1.893600E-6	1.893600E-6	-4.822001E-8	4.822001E-8
-4.800000E-1	-1.794300E-6	1.794300E-6	-4.569137E-8	4.569137E-8
-4.700000E-1	-1.828680E-6	1.828680E-6	-4.656684E-8	4.656684E-8
-4.600000E-1	-1.805250E-6	1.805250E-6	-4.597021E-8	4.597021E-8
-4.500000E-1	-1.752000E-6	1.752000E-6	-4.461421E-8	4.461421E-8
-4.400000E-1	-1.679870E-6	1.679870E-6	-4.277744E-8	4.277744E-8
-4.300000E-1	-1.699970E-6	1.699970E-6	-4.328928E-8	4.328928E-8
-4.200000E-1	-1.709950E-6	1.709950E-6	-4.354342E-8	4.354342E-8
-4.100000E-1	-1.707770E-6	1.707770E-6	-4.348790E-8	4.348790E-8
-4.000000E-1	-1.740460E-6	1.740460E-6	-4.432035E-8	4.432035E-8
-3.900000E-1	-1.723300E-6	1.723300E-6	-4.388337E-8	4.388337E-8
-3.800000E-1	-1.723320E-6	1.723320E-6	-4.388388E-8	4.388388E-8
-3.700000E-1	-1.759530E-6	1.759530E-6	-4.480596E-8	4.480596E-8
-3.600000E-1	-1.689820E-6	1.689820E-6	-4.303081E-8	4.303081E-8
-3.500000E-1	-1.625460E-6	1.625460E-6	-4.139190E-8	4.139190E-8
-3.400000E-1	-1.621810E-6	1.621810E-6	-4.129896E-8	4.129896E-8
-3.300000E-1	-1.606520E-6	1.606520E-6	-4.090960E-8	4.090960E-8
-3.200000E-1	-1.574700E-6	1.574700E-6	-4.009931E-8	4.009931E-8
-3.100000E-1	-1.536080E-6	1.536080E-6	-3.911586E-8	3.911586E-8
-3.000000E-1	-1.519910E-6	1.519910E-6	-3.870410E-8	3.870410E-8
-2.900000E-1	-1.477970E-6	1.477970E-6	-3.763611E-8	3.763611E-8
-2.800000E-1	-1.414090E-6	1.414090E-6	-3.600942E-8	3.600942E-8
-2.700000E-1	-1.418340E-6	1.418340E-6	-3.611765E-8	3.611765E-8
-2.600000E-1	-1.400520E-6	1.400520E-6	-3.566387E-8	3.566387E-8
-2.500000E-1	-1.342270E-6	1.342270E-6	-3.418054E-8	3.418054E-8
-2.400000E-1	-1.329450E-6	1.329450E-6	-3.385409E-8	3.385409E-8
-2.300000E-1	-1.283740E-6	1.283740E-6	-3.269009E-8	3.269009E-8
-2.200000E-1	-1.249530E-6	1.249530E-6	-3.181895E-8	3.181895E-8
-2.100000E-1	-1.226040E-6	1.226040E-6	-3.122078E-8	3.122078E-8
-2.000000E-1	-1.153170E-6	1.153170E-6	-2.936516E-8	2.936516E-8
-1.900000E-1	-1.126910E-6	1.126910E-6	-2.869646E-8	2.869646E-8
-1.800000E-1	-1.115510E-6	1.115510E-6	-2.840616E-8	2.840616E-8
-1.700000E-1	-1.109820E-6	1.109820E-6	-2.826127E-8	2.826127E-8
-1.600000E-1	-1.041590E-6	1.041590E-6	-2.652381E-8	2.652381E-8
-1.500000E-1	-9.825190E-7	9.825190E-7	-2.501958E-8	2.501958E-8
-1.400000E-1	-9.355470E-7	9.355470E-7	-2.382345E-8	2.382345E-8
-1.300000E-1	-8.723350E-7	8.723350E-7	-2.221378E-8	2.221378E-8
-1.200000E-1	-8.097320E-7	8.097320E-7	-2.061961E-8	2.061961E-8
-1.100000E-1	-7.517160E-7	7.517160E-7	-1.914225E-8	1.914225E-8
-1.000000E-1	-6.816620E-7	6.816620E-7	-1.735834E-8	1.735834E-8
-9.000000E-2	-6.130730E-7	6.130730E-7	-1.561174E-8	1.561174E-8
-8.000000E-2	-5.465260E-7	5.465260E-7	-1.391714E-8	1.391714E-8
-7.000000E-2	-4.793950E-7	4.793950E-7	-1.220766E-8	1.220766E-8
-6.000000E-2	-4.084160E-7	4.084160E-7	-1.040020E-8	1.040020E-8
-5.000000E-2	-3.412000E-7	3.412000E-7	-8.688566E-9	8.688566E-9
-4.000000E-2	-2.719370E-7	2.719370E-7	-6.924803E-9	6.924803E-9
-3.000000E-2	-2.045960E-7	2.045960E-7	-5.209982E-9	5.209982E-9
-2.000000E-2	-1.368300E-7	1.368300E-7	-3.484339E-9	3.484339E-9
-1.000000E-2	-6.998400E-8	6.998400E-8	-1.782124E-9	1.782124E-9
0.000000E+0	-5.265700E-10	5.265700E-10	-1.340896E-11	1.340896E-11
1.000000E-2	7.087040E-8	7.087040E-8	1.804696E-9	1.804696E-9
2.000000E-2	1.451460E-7	1.451460E-7	3.696104E-9	3.696104E-9
3.000000E-2	2.175200E-7	2.175200E-7	5.539088E-9	5.539088E-9
4.000000E-2	2.918060E-7	2.918060E-7	7.430761E-9	7.430761E-9
5.000000E-2	3.691030E-7	3.691030E-7	9.399109E-9	9.399109E-9
6.000000E-2	4.477850E-7	4.477850E-7	1.140272E-8	1.140272E-8
7.000000E-2	5.326290E-7	5.326290E-7	1.356325E-8	1.356325E-8
8.000000E-2	6.231310E-7	6.231310E-7	1.586786E-8	1.586786E-8
9.000000E-2	7.087230E-7	7.087230E-7	1.804744E-8	1.804744E-8
1.000000E-1	8.140270E-7	8.140270E-7	2.072898E-8	2.072898E-8
1.100000E-1	9.055590E-7	9.055590E-7	2.305982E-8	2.305982E-8
1.200000E-1	9.970910E-7	9.970910E-7	2.539065E-8	2.539065E-8
1.300000E-1	1.101028E-6	1.101028E-6	2.803738E-8	2.803738E-8
1.400000E-1	1.224550E-6	1.224550E-6	3.118284E-8	3.118284E-8
1.500000E-1	1.324080E-6	1.324080E-6	3.371734E-8	3.371734E-8
1.600000E-1	1.453990E-6	1.453990E-6	3.702546E-8	3.702546E-8
1.700000E-1	1.559550E-6	1.559550E-6	3.971352E-8	3.971352E-8
1.800000E-1	1.670340E-6	1.670340E-6	4.253476E-8	4.253476E-8
1.900000E-1	1.422430E-6	1.422430E-6	3.622180E-8	3.622180E-8
2.000000E-1	1.493200E-6	1.493200E-6	3.802394E-8	3.802394E-8
2.100000E-1	1.455860E-6	1.455860E-6	3.707308E-8	3.707308E-8
2.200000E-1	1.163000E-6	1.163000E-6	2.961548E-8	2.961548E-8
2.300000E-1	8.529270E-7	8.529270E-7	2.171956E-8	2.171956E-8
2.400000E-1	8.085350E-8	8.085350E-8	2.058913E-9	2.058913E-9
2.500000E-1	8.744260E-8	8.744260E-8	2.226702E-9	2.226702E-9
2.600000E-1	8.954120E-8	8.954120E-8	2.280143E-9	2.280143E-9
2.700000E-1	9.414790E-8	9.414790E-8	2.397451E-9	2.397451E-9
2.800000E-1	9.781800E-8	9.781800E-8	2.490909E-9	2.490909E-9
2.900000E-1	1.041763E-7	1.041763E-7	2.652821E-9	2.652821E-9
3.000000E-1	1.144500E-7	1.144500E-7	2.914438E-9	2.914438E-9
3.100000E-1	1.221850E-7	1.221850E-7	3.111408E-9	3.111408E-9
3.200000E-1	1.289460E-7	1.289460E-7	3.283575E-9	3.283575E-9
3.300000E-1	1.254450E-7	1.254450E-7	3.194423E-9	3.194423E-9
3.400000E-1	1.299440E-7	1.299440E-7	3.308989E-9	3.308989E-9
3.500000E-1	1.426460E-7	1.426460E-7	3.632442E-9	3.632442E-9
3.600000E-1	1.518110E-7	1.518110E-7	3.865826E-9	3.865826E-9
3.700000E-1	1.550740E-7	1.550740E-7	3.948918E-9	3.948918E-9
3.800000E-1	1.620420E-7	1.620420E-7	4.126356E-9	4.126356E-9
3.900000E-1	1.711240E-7	1.711240E-7	4.357627E-9	4.357627E-9
4.000000E-1	1.897350E-7	1.897350E-7	4.831551E-9	4.831551E-9
4.100000E-1	1.922370E-7	1.922370E-7	4.895264E-9	4.895264E-9
4.200000E-1	2.111530E-7	2.111530E-7	5.376954E-9	5.376954E-9
4.300000E-1	2.054250E-7	2.054250E-7	5.231092E-9	5.231092E-9
4.400000E-1	2.174910E-7	2.174910E-7	5.538350E-9	5.538350E-9
4.500000E-1	2.551700E-7	2.551700E-7	6.497835E-9	6.497835E-9
4.600000E-1	2.538430E-7	2.538430E-7	6.464044E-9	6.464044E-9
4.700000E-1	2.627380E-7	2.627380E-7	6.690553E-9	6.690553E-9
4.800000E-1	2.687840E-7	2.687840E-7	6.844512E-9	6.844512E-9
4.900000E-1	2.817900E-7	2.817900E-7	7.175707E-9	7.175707E-9
5.000000E-1	2.975390E-7	2.975390E-7	7.576751E-9	7.576751E-9
