

12:35:49	04/03/21


Ell Cont: 5,0x10,0

SMU1	V name:		V1
	I name:		I1
	Mode:		V
	Function:	VAR1
SMU2	V name:		V2
	I name:		I2
	Mode:		common
	Function:	const.
SMU3	off
SMU4	off
VMUs	off

Primary Source (VAR1):	single
	Sweep Spacing:	linear
	Start:		-0.500000
	Stop:		0.500000
	Step:		0.010000
	Compliance:	0.050000
Power Compliance OFF

Timing:		Integration Time:	medium
	Delay Time (sec):	0.000000
	Hold Time (sec):	0.000000
	Wait Time (sec):	1.000000

Secondary Source (VAR2):	OFF


   V1	   I1	Abs(I)	J (A\um²)	Abs(J)
-5.000000E-1	-2.592000E-6	2.592000E-6	-6.600458E-8	6.600458E-8
-4.900000E-1	-5.992480E-6	5.992480E-6	-1.525969E-7	1.525969E-7
-4.800000E-1	-2.286720E-6	2.286720E-6	-5.823071E-8	5.823071E-8
-4.700000E-1	-2.060480E-5	2.060480E-5	-5.246957E-7	5.246957E-7
-4.600000E-1	-1.241180E-5	1.241180E-5	-3.160631E-7	3.160631E-7
-4.500000E-1	-1.251580E-5	1.251580E-5	-3.187115E-7	3.187115E-7
-4.400000E-1	-4.631120E-6	4.631120E-6	-1.179302E-7	1.179302E-7
-4.300000E-1	-5.236080E-5	5.236080E-5	-1.333354E-6	1.333354E-6
-4.200000E-1	-5.188150E-5	5.188150E-5	-1.321148E-6	1.321148E-6
-4.100000E-1	-4.958490E-5	4.958490E-5	-1.262666E-6	1.262666E-6
-4.000000E-1	-4.018820E-5	4.018820E-5	-1.023382E-6	1.023382E-6
-3.900000E-1	-2.896320E-5	2.896320E-5	-7.375401E-7	7.375401E-7
-3.800000E-1	-2.505520E-5	2.505520E-5	-6.380239E-7	6.380239E-7
-3.700000E-1	-2.698370E-5	2.698370E-5	-6.871327E-7	6.871327E-7
-3.600000E-1	-1.678150E-5	1.678150E-5	-4.273364E-7	4.273364E-7
-3.500000E-1	-2.522390E-6	2.522390E-6	-6.423198E-8	6.423198E-8
-3.400000E-1	-3.814120E-7	3.814120E-7	-9.712554E-9	9.712554E-9
-3.300000E-1	-6.721820E-7	6.721820E-7	-1.711693E-8	1.711693E-8
-3.200000E-1	-5.630910E-7	5.630910E-7	-1.433896E-8	1.433896E-8
-3.100000E-1	-1.143296E-5	1.143296E-5	-2.911373E-7	2.911373E-7
-3.000000E-1	-1.497450E-5	1.497450E-5	-3.813216E-7	3.813216E-7
-2.900000E-1	-4.702610E-7	4.702610E-7	-1.197507E-8	1.197507E-8
-2.800000E-1	-3.543340E-7	3.543340E-7	-9.023020E-9	9.023020E-9
-2.700000E-1	-3.619260E-7	3.619260E-7	-9.216348E-9	9.216348E-9
-2.600000E-1	-2.216820E-7	2.216820E-7	-5.645073E-9	5.645073E-9
-2.500000E-1	-5.577520E-7	5.577520E-7	-1.420300E-8	1.420300E-8
-2.400000E-1	-9.129470E-7	9.129470E-7	-2.324795E-8	2.324795E-8
-2.300000E-1	-2.317870E-7	2.317870E-7	-5.902394E-9	5.902394E-9
-2.200000E-1	-2.019120E-7	2.019120E-7	-5.141635E-9	5.141635E-9
-2.100000E-1	-1.579480E-7	1.579480E-7	-4.022103E-9	4.022103E-9
-2.000000E-1	-1.594080E-7	1.594080E-7	-4.059282E-9	4.059282E-9
-1.900000E-1	-1.627720E-7	1.627720E-7	-4.144945E-9	4.144945E-9
-1.800000E-1	-1.660020E-7	1.660020E-7	-4.227196E-9	4.227196E-9
-1.700000E-1	-1.492980E-7	1.492980E-7	-3.801833E-9	3.801833E-9
-1.600000E-1	-1.337440E-7	1.337440E-7	-3.405755E-9	3.405755E-9
-1.500000E-1	-7.507220E-8	7.507220E-8	-1.911693E-9	1.911693E-9
-1.400000E-1	-1.149972E-7	1.149972E-7	-2.928373E-9	2.928373E-9
-1.300000E-1	-8.397190E-8	8.397190E-8	-2.138322E-9	2.138322E-9
-1.200000E-1	-8.746380E-8	8.746380E-8	-2.227242E-9	2.227242E-9
-1.100000E-1	-9.253210E-8	9.253210E-8	-2.356305E-9	2.356305E-9
-1.000000E-1	-6.808090E-8	6.808090E-8	-1.733662E-9	1.733662E-9
-9.000000E-2	-6.083450E-8	6.083450E-8	-1.549134E-9	1.549134E-9
-8.000000E-2	-7.248550E-8	7.248550E-8	-1.845824E-9	1.845824E-9
-7.000000E-2	-5.579040E-8	5.579040E-8	-1.420688E-9	1.420688E-9
-6.000000E-2	-7.337370E-8	7.337370E-8	-1.868442E-9	1.868442E-9
-5.000000E-2	-3.436790E-8	3.436790E-8	-8.751693E-10	8.751693E-10
-4.000000E-2	-7.223570E-8	7.223570E-8	-1.839463E-9	1.839463E-9
-3.000000E-2	-3.183230E-8	3.183230E-8	-8.106010E-10	8.106010E-10
-2.000000E-2	-3.375360E-8	3.375360E-8	-8.595263E-10	8.595263E-10
-1.000000E-2	-1.226280E-8	1.226280E-8	-3.122689E-10	3.122689E-10
0.000000E+0	-1.589700E-10	1.589700E-10	-4.048128E-12	4.048128E-12
1.000000E-2	3.991290E-6	3.991290E-6	1.016371E-7	1.016371E-7
2.000000E-2	1.292180E-6	1.292180E-6	3.290502E-8	3.290502E-8
3.000000E-2	1.127694E-6	1.127694E-6	2.871642E-8	2.871642E-8
4.000000E-2	9.960500E-7	9.960500E-7	2.536415E-8	2.536415E-8
5.000000E-2	8.585200E-7	8.585200E-7	2.186198E-8	2.186198E-8
6.000000E-2	2.745130E-6	2.745130E-6	6.990400E-8	6.990400E-8
7.000000E-2	8.313890E-7	8.313890E-7	2.117110E-8	2.117110E-8
8.000000E-2	2.201660E-6	2.201660E-6	5.606468E-8	5.606468E-8
9.000000E-2	4.575650E-7	4.575650E-7	1.165177E-8	1.165177E-8
1.000000E-1	1.128156E-6	1.128156E-6	2.872819E-8	2.872819E-8
1.100000E-1	7.048920E-6	7.048920E-6	1.794989E-7	1.794989E-7
1.200000E-1	9.328550E-6	9.328550E-6	2.375490E-7	2.375490E-7
1.300000E-1	9.877450E-6	9.877450E-6	2.515266E-7	2.515266E-7
1.400000E-1	1.494840E-5	1.494840E-5	3.806570E-7	3.806570E-7
1.500000E-1	1.983770E-5	1.983770E-5	5.051617E-7	5.051617E-7
1.600000E-1	2.490180E-5	2.490180E-5	6.341176E-7	6.341176E-7
1.700000E-1	2.014500E-5	2.014500E-5	5.129870E-7	5.129870E-7
1.800000E-1	1.914940E-5	1.914940E-5	4.876343E-7	4.876343E-7
1.900000E-1	2.231780E-5	2.231780E-5	5.683168E-7	5.683168E-7
2.000000E-1	2.502140E-5	2.502140E-5	6.371632E-7	6.371632E-7
2.100000E-1	2.971920E-5	2.971920E-5	7.567914E-7	7.567914E-7
2.200000E-1	3.080410E-5	3.080410E-5	7.844181E-7	7.844181E-7
2.300000E-1	3.162700E-5	3.162700E-5	8.053730E-7	8.053730E-7
2.400000E-1	4.614780E-5	4.614780E-5	1.175141E-6	1.175141E-6
2.500000E-1	3.195000E-5	3.195000E-5	8.135982E-7	8.135982E-7
2.600000E-1	3.013860E-5	3.013860E-5	7.674713E-7	7.674713E-7
2.700000E-1	2.831690E-5	2.831690E-5	7.210822E-7	7.210822E-7
2.800000E-1	3.357640E-5	3.357640E-5	8.550140E-7	8.550140E-7
2.900000E-1	3.229230E-5	3.229230E-5	8.223147E-7	8.223147E-7
3.000000E-1	3.312710E-5	3.312710E-5	8.435727E-7	8.435727E-7
3.100000E-1	3.417530E-5	3.417530E-5	8.702648E-7	8.702648E-7
3.200000E-1	3.480170E-5	3.480170E-5	8.862159E-7	8.862159E-7
3.300000E-1	3.009450E-5	3.009450E-5	7.663483E-7	7.663483E-7
3.400000E-1	4.686610E-5	4.686610E-5	1.193433E-6	1.193433E-6
3.500000E-1	3.842650E-5	3.842650E-5	9.785205E-7	9.785205E-7
3.600000E-1	9.888030E-5	9.888030E-5	2.517960E-6	2.517960E-6
3.700000E-1	1.892140E-4	1.892140E-4	4.818284E-6	4.818284E-6
3.800000E-1	2.115360E-4	2.115360E-4	5.386707E-6	5.386707E-6
3.900000E-1	2.233180E-4	2.233180E-4	5.686733E-6	5.686733E-6
4.000000E-1	1.749190E-4	1.749190E-4	4.454265E-6	4.454265E-6
4.100000E-1	2.576280E-4	2.576280E-4	6.560428E-6	6.560428E-6
4.200000E-1	2.155290E-4	2.155290E-4	5.488388E-6	5.488388E-6
4.300000E-1	4.286250E-4	4.286250E-4	1.091482E-5	1.091482E-5
4.400000E-1	4.947520E-4	4.947520E-4	1.259873E-5	1.259873E-5
4.500000E-1	1.004016E-3	1.004016E-3	2.556700E-5	2.556700E-5
4.600000E-1	9.310960E-4	9.310960E-4	2.371011E-5	2.371011E-5
4.700000E-1	5.527470E-4	5.527470E-4	1.407555E-5	1.407555E-5
4.800000E-1	5.127750E-4	5.127750E-4	1.305768E-5	1.305768E-5
4.900000E-1	7.303170E-4	7.303170E-4	1.859733E-5	1.859733E-5
5.000000E-1	7.081810E-4	7.081810E-4	1.803364E-5	1.803364E-5
