

12:41:04	04/03/21


Ell Cont: 5,0x10,0

SMU1	V name:		V1
	I name:		I1
	Mode:		V
	Function:	VAR1
SMU2	V name:		V2
	I name:		I2
	Mode:		common
	Function:	const.
SMU3	off
SMU4	off
VMUs	off

Primary Source (VAR1):	single
	Sweep Spacing:	linear
	Start:		-0.500000
	Stop:		0.500000
	Step:		0.010000
	Compliance:	0.050000
Power Compliance OFF

Timing:		Integration Time:	medium
	Delay Time (sec):	0.000000
	Hold Time (sec):	0.000000
	Wait Time (sec):	1.000000

Secondary Source (VAR2):	OFF


   V1	   I1	Abs(I)	J (A\um²)	Abs(J)
-5.000000E-1	-1.781400E-4	1.781400E-4	-4.536287E-6	4.536287E-6
-4.900000E-1	-1.731920E-4	1.731920E-4	-4.410288E-6	4.410288E-6
-4.800000E-1	-1.764850E-4	1.764850E-4	-4.494143E-6	4.494143E-6
-4.700000E-1	-1.720120E-4	1.720120E-4	-4.380239E-6	4.380239E-6
-4.600000E-1	-1.666950E-4	1.666950E-4	-4.244843E-6	4.244843E-6
-4.500000E-1	-1.634770E-4	1.634770E-4	-4.162898E-6	4.162898E-6
-4.400000E-1	-1.598930E-4	1.598930E-4	-4.071632E-6	4.071632E-6
-4.300000E-1	-1.552340E-4	1.552340E-4	-3.952992E-6	3.952992E-6
-4.200000E-1	-1.510500E-4	1.510500E-4	-3.846448E-6	3.846448E-6
-4.100000E-1	-1.453040E-4	1.453040E-4	-3.700127E-6	3.700127E-6
-4.000000E-1	-1.427510E-4	1.427510E-4	-3.635116E-6	3.635116E-6
-3.900000E-1	-1.398900E-4	1.398900E-4	-3.562261E-6	3.562261E-6
-3.800000E-1	-1.390110E-4	1.390110E-4	-3.539878E-6	3.539878E-6
-3.700000E-1	-1.333670E-4	1.333670E-4	-3.396155E-6	3.396155E-6
-3.600000E-1	-1.301240E-4	1.301240E-4	-3.313573E-6	3.313573E-6
-3.500000E-1	-1.240810E-4	1.240810E-4	-3.159689E-6	3.159689E-6
-3.400000E-1	-1.165710E-4	1.165710E-4	-2.968449E-6	2.968449E-6
-3.300000E-1	-1.065460E-4	1.065460E-4	-2.713165E-6	2.713165E-6
-3.200000E-1	-1.029940E-4	1.029940E-4	-2.622715E-6	2.622715E-6
-3.100000E-1	-9.826560E-5	9.826560E-5	-2.502307E-6	2.502307E-6
-3.000000E-1	-9.383910E-5	9.383910E-5	-2.389587E-6	2.389587E-6
-2.900000E-1	-9.031410E-5	9.031410E-5	-2.299824E-6	2.299824E-6
-2.800000E-1	-8.654200E-5	8.654200E-5	-2.203769E-6	2.203769E-6
-2.700000E-1	-8.303850E-5	8.303850E-5	-2.114553E-6	2.114553E-6
-2.600000E-1	-7.859640E-5	7.859640E-5	-2.001436E-6	2.001436E-6
-2.500000E-1	-7.642260E-5	7.642260E-5	-1.946081E-6	1.946081E-6
-2.400000E-1	-7.263550E-5	7.263550E-5	-1.849643E-6	1.849643E-6
-2.300000E-1	-6.927430E-5	6.927430E-5	-1.764051E-6	1.764051E-6
-2.200000E-1	-6.725820E-5	6.725820E-5	-1.712712E-6	1.712712E-6
-2.100000E-1	-6.365880E-5	6.365880E-5	-1.621054E-6	1.621054E-6
-2.000000E-1	-6.104480E-5	6.104480E-5	-1.554489E-6	1.554489E-6
-1.900000E-1	-5.747910E-5	5.747910E-5	-1.463690E-6	1.463690E-6
-1.800000E-1	-5.382430E-5	5.382430E-5	-1.370621E-6	1.370621E-6
-1.700000E-1	-5.089520E-5	5.089520E-5	-1.296033E-6	1.296033E-6
-1.600000E-1	-4.758510E-5	4.758510E-5	-1.211742E-6	1.211742E-6
-1.500000E-1	-4.477020E-5	4.477020E-5	-1.140061E-6	1.140061E-6
-1.400000E-1	-4.213960E-5	4.213960E-5	-1.073074E-6	1.073074E-6
-1.300000E-1	-3.918290E-5	3.918290E-5	-9.977820E-7	9.977820E-7
-1.200000E-1	-3.587200E-5	3.587200E-5	-9.134708E-7	9.134708E-7
-1.100000E-1	-3.283780E-5	3.283780E-5	-8.362057E-7	8.362057E-7
-1.000000E-1	-2.955620E-5	2.955620E-5	-7.526407E-7	7.526407E-7
-9.000000E-2	-2.614690E-5	2.614690E-5	-6.658238E-7	6.658238E-7
-8.000000E-2	-2.320190E-5	2.320190E-5	-5.908301E-7	5.908301E-7
-7.000000E-2	-2.034200E-5	2.034200E-5	-5.180036E-7	5.180036E-7
-6.000000E-2	-1.747520E-5	1.747520E-5	-4.450013E-7	4.450013E-7
-5.000000E-2	-1.439920E-5	1.439920E-5	-3.666718E-7	3.666718E-7
-4.000000E-2	-1.152540E-5	1.152540E-5	-2.934912E-7	2.934912E-7
-3.000000E-2	-8.638250E-6	8.638250E-6	-2.199707E-7	2.199707E-7
-2.000000E-2	-5.736860E-6	5.736860E-6	-1.460876E-7	1.460876E-7
-1.000000E-2	-2.843640E-6	2.843640E-6	-7.241253E-8	7.241253E-8
0.000000E+0	-2.107570E-8	2.107570E-8	-5.366870E-10	5.366870E-10
1.000000E-2	2.785330E-6	2.785330E-6	7.092768E-8	7.092768E-8
2.000000E-2	5.851330E-6	5.851330E-6	1.490025E-7	1.490025E-7
3.000000E-2	8.803420E-6	8.803420E-6	2.241767E-7	2.241767E-7
4.000000E-2	1.162960E-5	1.162960E-5	2.961446E-7	2.961446E-7
5.000000E-2	1.457570E-5	1.457570E-5	3.711663E-7	3.711663E-7
6.000000E-2	1.823000E-5	1.823000E-5	4.642220E-7	4.642220E-7
7.000000E-2	2.101880E-5	2.101880E-5	5.352381E-7	5.352381E-7
8.000000E-2	2.534230E-5	2.534230E-5	6.453349E-7	6.453349E-7
9.000000E-2	2.911200E-5	2.911200E-5	7.413293E-7	7.413293E-7
1.000000E-1	3.242420E-5	3.242420E-5	8.256735E-7	8.256735E-7
1.100000E-1	3.577760E-5	3.577760E-5	9.110670E-7	9.110670E-7
1.200000E-1	3.900960E-5	3.900960E-5	9.933690E-7	9.933690E-7
1.300000E-1	4.226240E-5	4.226240E-5	1.076201E-6	1.076201E-6
1.400000E-1	4.543640E-5	4.543640E-5	1.157026E-6	1.157026E-6
1.500000E-1	5.023310E-5	5.023310E-5	1.279172E-6	1.279172E-6
1.600000E-1	5.427450E-5	5.427450E-5	1.382086E-6	1.382086E-6
1.700000E-1	5.874140E-5	5.874140E-5	1.495834E-6	1.495834E-6
1.800000E-1	6.339180E-5	6.339180E-5	1.614255E-6	1.614255E-6
1.900000E-1	6.649260E-5	6.649260E-5	1.693216E-6	1.693216E-6
2.000000E-1	7.046900E-5	7.046900E-5	1.794474E-6	1.794474E-6
2.100000E-1	7.399820E-5	7.399820E-5	1.884344E-6	1.884344E-6
2.200000E-1	7.858980E-5	7.858980E-5	2.001268E-6	2.001268E-6
2.300000E-1	8.040440E-5	8.040440E-5	2.047476E-6	2.047476E-6
2.400000E-1	8.124740E-5	8.124740E-5	2.068943E-6	2.068943E-6
2.500000E-1	8.703420E-5	8.703420E-5	2.216302E-6	2.216302E-6
2.600000E-1	8.731230E-5	8.731230E-5	2.223384E-6	2.223384E-6
2.700000E-1	9.066650E-5	9.066650E-5	2.308798E-6	2.308798E-6
2.800000E-1	9.170090E-5	9.170090E-5	2.335139E-6	2.335139E-6
2.900000E-1	9.591830E-5	9.591830E-5	2.442534E-6	2.442534E-6
3.000000E-1	1.003676E-4	1.003676E-4	2.555834E-6	2.555834E-6
3.100000E-1	1.040770E-4	1.040770E-4	2.650293E-6	2.650293E-6
3.200000E-1	1.043245E-4	1.043245E-4	2.656595E-6	2.656595E-6
3.300000E-1	1.075203E-4	1.075203E-4	2.737976E-6	2.737976E-6
3.400000E-1	1.108357E-4	1.108357E-4	2.822401E-6	2.822401E-6
3.500000E-1	1.146020E-4	1.146020E-4	2.918309E-6	2.918309E-6
3.600000E-1	1.176550E-4	1.176550E-4	2.996053E-6	2.996053E-6
3.700000E-1	1.210100E-4	1.210100E-4	3.081487E-6	3.081487E-6
3.800000E-1	1.246420E-4	1.246420E-4	3.173975E-6	3.173975E-6
3.900000E-1	1.320900E-4	1.320900E-4	3.363636E-6	3.363636E-6
4.000000E-1	1.363590E-4	1.363590E-4	3.472345E-6	3.472345E-6
4.100000E-1	1.360120E-4	1.360120E-4	3.463509E-6	3.463509E-6
4.200000E-1	1.400270E-4	1.400270E-4	3.565750E-6	3.565750E-6
4.300000E-1	1.437230E-4	1.437230E-4	3.659868E-6	3.659868E-6
4.400000E-1	1.472100E-4	1.472100E-4	3.748663E-6	3.748663E-6
4.500000E-1	1.517840E-4	1.517840E-4	3.865139E-6	3.865139E-6
4.600000E-1	1.591190E-4	1.591190E-4	4.051923E-6	4.051923E-6
4.700000E-1	1.657820E-4	1.657820E-4	4.221594E-6	4.221594E-6
4.800000E-1	1.721950E-4	1.721950E-4	4.384899E-6	4.384899E-6
4.900000E-1	1.761000E-4	1.761000E-4	4.484339E-6	4.484339E-6
5.000000E-1	1.821830E-4	1.821830E-4	4.639241E-6	4.639241E-6
