

12:39:01	04/03/21


Ell Cont: 5,0x10,0

SMU1	V name:		V1
	I name:		I1
	Mode:		V
	Function:	VAR1
SMU2	V name:		V2
	I name:		I2
	Mode:		common
	Function:	const.
SMU3	off
SMU4	off
VMUs	off

Primary Source (VAR1):	single
	Sweep Spacing:	linear
	Start:		-0.500000
	Stop:		0.500000
	Step:		0.010000
	Compliance:	0.050000
Power Compliance OFF

Timing:		Integration Time:	medium
	Delay Time (sec):	0.000000
	Hold Time (sec):	0.000000
	Wait Time (sec):	1.000000

Secondary Source (VAR2):	OFF


   V1	   I1	Abs(I)	J (A\um²)	Abs(J)
-5.000000E-1	-7.328560E-5	7.328560E-5	-1.866198E-6	1.866198E-6
-4.900000E-1	-7.639810E-5	7.639810E-5	-1.945457E-6	1.945457E-6
-4.800000E-1	-7.758580E-5	7.758580E-5	-1.975702E-6	1.975702E-6
-4.700000E-1	-7.331560E-5	7.331560E-5	-1.866962E-6	1.866962E-6
-4.600000E-1	-7.063290E-5	7.063290E-5	-1.798648E-6	1.798648E-6
-4.500000E-1	-6.793290E-5	6.793290E-5	-1.729893E-6	1.729893E-6
-4.400000E-1	-6.235630E-5	6.235630E-5	-1.587886E-6	1.587886E-6
-4.300000E-1	-5.976850E-5	5.976850E-5	-1.521989E-6	1.521989E-6
-4.200000E-1	-5.597230E-5	5.597230E-5	-1.425320E-6	1.425320E-6
-4.100000E-1	-5.865720E-5	5.865720E-5	-1.493690E-6	1.493690E-6
-4.000000E-1	-5.733420E-5	5.733420E-5	-1.460000E-6	1.460000E-6
-3.900000E-1	-5.593960E-5	5.593960E-5	-1.424487E-6	1.424487E-6
-3.800000E-1	-5.438010E-5	5.438010E-5	-1.384775E-6	1.384775E-6
-3.700000E-1	-5.269250E-5	5.269250E-5	-1.341800E-6	1.341800E-6
-3.600000E-1	-5.123010E-5	5.123010E-5	-1.304561E-6	1.304561E-6
-3.500000E-1	-4.986300E-5	4.986300E-5	-1.269748E-6	1.269748E-6
-3.400000E-1	-4.832110E-5	4.832110E-5	-1.230484E-6	1.230484E-6
-3.300000E-1	-4.659290E-5	4.659290E-5	-1.186476E-6	1.186476E-6
-3.200000E-1	-4.493450E-5	4.493450E-5	-1.144245E-6	1.144245E-6
-3.100000E-1	-4.334110E-5	4.334110E-5	-1.103669E-6	1.103669E-6
-3.000000E-1	-4.206170E-5	4.206170E-5	-1.071090E-6	1.071090E-6
-2.900000E-1	-4.007500E-5	4.007500E-5	-1.020499E-6	1.020499E-6
-2.800000E-1	-3.897890E-5	3.897890E-5	-9.925872E-7	9.925872E-7
-2.700000E-1	-3.765540E-5	3.765540E-5	-9.588846E-7	9.588846E-7
-2.600000E-1	-3.630800E-5	3.630800E-5	-9.245735E-7	9.245735E-7
-2.500000E-1	-3.468960E-5	3.468960E-5	-8.833613E-7	8.833613E-7
-2.400000E-1	-3.303480E-5	3.303480E-5	-8.412223E-7	8.412223E-7
-2.300000E-1	-3.171570E-5	3.171570E-5	-8.076318E-7	8.076318E-7
-2.200000E-1	-3.010850E-5	3.010850E-5	-7.667049E-7	7.667049E-7
-2.100000E-1	-2.897590E-5	2.897590E-5	-7.378635E-7	7.378635E-7
-2.000000E-1	-2.770960E-5	2.770960E-5	-7.056175E-7	7.056175E-7
-1.900000E-1	-2.644810E-5	2.644810E-5	-6.734938E-7	6.734938E-7
-1.800000E-1	-2.536030E-5	2.536030E-5	-6.457932E-7	6.457932E-7
-1.700000E-1	-2.405110E-5	2.405110E-5	-6.124548E-7	6.124548E-7
-1.600000E-1	-2.205460E-5	2.205460E-5	-5.616145E-7	5.616145E-7
-1.500000E-1	-2.071550E-5	2.071550E-5	-5.275146E-7	5.275146E-7
-1.400000E-1	-1.921510E-5	1.921510E-5	-4.893074E-7	4.893074E-7
-1.300000E-1	-1.762790E-5	1.762790E-5	-4.488897E-7	4.488897E-7
-1.200000E-1	-1.617840E-5	1.617840E-5	-4.119786E-7	4.119786E-7
-1.100000E-1	-1.501580E-5	1.501580E-5	-3.823733E-7	3.823733E-7
-1.000000E-1	-1.364200E-5	1.364200E-5	-3.473899E-7	3.473899E-7
-9.000000E-2	-1.234980E-5	1.234980E-5	-3.144843E-7	3.144843E-7
-8.000000E-2	-1.092520E-5	1.092520E-5	-2.782073E-7	2.782073E-7
-7.000000E-2	-9.569840E-6	9.569840E-6	-2.436934E-7	2.436934E-7
-6.000000E-2	-7.984500E-6	7.984500E-6	-2.033231E-7	2.033231E-7
-5.000000E-2	-6.658270E-6	6.658270E-6	-1.695511E-7	1.695511E-7
-4.000000E-2	-5.391490E-6	5.391490E-6	-1.372928E-7	1.372928E-7
-3.000000E-2	-4.013730E-6	4.013730E-6	-1.022086E-7	1.022086E-7
-2.000000E-2	-2.665680E-6	2.665680E-6	-6.788082E-8	6.788082E-8
-1.000000E-2	-1.372960E-6	1.372960E-6	-3.496206E-8	3.496206E-8
0.000000E+0	-9.330400E-9	9.330400E-9	-2.375961E-10	2.375961E-10
1.000000E-2	1.342110E-6	1.342110E-6	3.417647E-8	3.417647E-8
2.000000E-2	2.670000E-6	2.670000E-6	6.799083E-8	6.799083E-8
3.000000E-2	4.129500E-6	4.129500E-6	1.051566E-7	1.051566E-7
4.000000E-2	5.526910E-6	5.526910E-6	1.407413E-7	1.407413E-7
5.000000E-2	6.890000E-6	6.890000E-6	1.754520E-7	1.754520E-7
6.000000E-2	8.366120E-6	8.366120E-6	2.130410E-7	2.130410E-7
7.000000E-2	9.761870E-6	9.761870E-6	2.485834E-7	2.485834E-7
8.000000E-2	1.118744E-5	1.118744E-5	2.848852E-7	2.848852E-7
9.000000E-2	1.259620E-5	1.259620E-5	3.207588E-7	3.207588E-7
1.000000E-1	1.402290E-5	1.402290E-5	3.570894E-7	3.570894E-7
1.100000E-1	1.575110E-5	1.575110E-5	4.010975E-7	4.010975E-7
1.200000E-1	1.719040E-5	1.719040E-5	4.377489E-7	4.377489E-7
1.300000E-1	1.873580E-5	1.873580E-5	4.771021E-7	4.771021E-7
1.400000E-1	2.029820E-5	2.029820E-5	5.168882E-7	5.168882E-7
1.500000E-1	2.226540E-5	2.226540E-5	5.669824E-7	5.669824E-7
1.600000E-1	2.382180E-5	2.382180E-5	6.066157E-7	6.066157E-7
1.700000E-1	2.593520E-5	2.593520E-5	6.604329E-7	6.604329E-7
1.800000E-1	2.682400E-5	2.682400E-5	6.830659E-7	6.830659E-7
1.900000E-1	2.857420E-5	2.857420E-5	7.276343E-7	7.276343E-7
2.000000E-1	3.017300E-5	3.017300E-5	7.683473E-7	7.683473E-7
2.100000E-1	3.134120E-5	3.134120E-5	7.980952E-7	7.980952E-7
2.200000E-1	3.268850E-5	3.268850E-5	8.324039E-7	8.324039E-7
2.300000E-1	3.317160E-5	3.317160E-5	8.447059E-7	8.447059E-7
2.400000E-1	3.311570E-5	3.311570E-5	8.432824E-7	8.432824E-7
2.500000E-1	3.165100E-5	3.165100E-5	8.059842E-7	8.059842E-7
2.600000E-1	3.362280E-5	3.362280E-5	8.561956E-7	8.561956E-7
2.700000E-1	3.562250E-5	3.562250E-5	9.071174E-7	9.071174E-7
2.800000E-1	3.751930E-5	3.751930E-5	9.554189E-7	9.554189E-7
2.900000E-1	3.892250E-5	3.892250E-5	9.911510E-7	9.911510E-7
3.000000E-1	4.092650E-5	4.092650E-5	1.042182E-6	1.042182E-6
3.100000E-1	4.294840E-5	4.294840E-5	1.093669E-6	1.093669E-6
3.200000E-1	4.342630E-5	4.342630E-5	1.105839E-6	1.105839E-6
3.300000E-1	4.421630E-5	4.421630E-5	1.125956E-6	1.125956E-6
3.400000E-1	4.621830E-5	4.621830E-5	1.176937E-6	1.176937E-6
3.500000E-1	4.742400E-5	4.742400E-5	1.207639E-6	1.207639E-6
3.600000E-1	4.881160E-5	4.881160E-5	1.242974E-6	1.242974E-6
3.700000E-1	5.008290E-5	5.008290E-5	1.275348E-6	1.275348E-6
3.800000E-1	5.182750E-5	5.182750E-5	1.319773E-6	1.319773E-6
3.900000E-1	5.412550E-5	5.412550E-5	1.378291E-6	1.378291E-6
4.000000E-1	5.296920E-5	5.296920E-5	1.348846E-6	1.348846E-6
4.100000E-1	5.518490E-5	5.518490E-5	1.405269E-6	1.405269E-6
4.200000E-1	5.673350E-5	5.673350E-5	1.444703E-6	1.444703E-6
4.300000E-1	5.742010E-5	5.742010E-5	1.462187E-6	1.462187E-6
4.400000E-1	5.883920E-5	5.883920E-5	1.498324E-6	1.498324E-6
4.500000E-1	6.001840E-5	6.001840E-5	1.528352E-6	1.528352E-6
4.600000E-1	6.222240E-5	6.222240E-5	1.584477E-6	1.584477E-6
4.700000E-1	6.372840E-5	6.372840E-5	1.622827E-6	1.622827E-6
4.800000E-1	6.670260E-5	6.670260E-5	1.698564E-6	1.698564E-6
4.900000E-1	7.090620E-5	7.090620E-5	1.805607E-6	1.805607E-6
5.000000E-1	7.225000E-5	7.225000E-5	1.839827E-6	1.839827E-6
