

12:33:19	04/03/21


Ell Cont: 5,0x10,0

SMU1	V name:		V1
	I name:		I1
	Mode:		V
	Function:	VAR1
SMU2	V name:		V2
	I name:		I2
	Mode:		common
	Function:	const.
SMU3	off
SMU4	off
VMUs	off

Primary Source (VAR1):	single
	Sweep Spacing:	linear
	Start:		-0.500000
	Stop:		0.500000
	Step:		0.010000
	Compliance:	0.050000
Power Compliance OFF

Timing:		Integration Time:	medium
	Delay Time (sec):	0.000000
	Hold Time (sec):	0.000000
	Wait Time (sec):	1.000000

Secondary Source (VAR2):	OFF


   V1	   I1	Abs(I)	J (A\um²)	Abs(J)
-5.000000E-1	-8.935890E-5	8.935890E-5	-2.275500E-6	2.275500E-6
-4.900000E-1	-8.426080E-5	8.426080E-5	-2.145679E-6	2.145679E-6
-4.800000E-1	-8.462420E-5	8.462420E-5	-2.154932E-6	2.154932E-6
-4.700000E-1	-8.853630E-5	8.853630E-5	-2.254553E-6	2.254553E-6
-4.600000E-1	-8.874830E-5	8.874830E-5	-2.259952E-6	2.259952E-6
-4.500000E-1	-8.577190E-5	8.577190E-5	-2.184158E-6	2.184158E-6
-4.400000E-1	-8.386960E-5	8.386960E-5	-2.135717E-6	2.135717E-6
-4.300000E-1	-8.314180E-5	8.314180E-5	-2.117184E-6	2.117184E-6
-4.200000E-1	-8.067850E-5	8.067850E-5	-2.054456E-6	2.054456E-6
-4.100000E-1	-7.462250E-5	7.462250E-5	-1.900242E-6	1.900242E-6
-4.000000E-1	-7.243300E-5	7.243300E-5	-1.844487E-6	1.844487E-6
-3.900000E-1	-7.127160E-5	7.127160E-5	-1.814912E-6	1.814912E-6
-3.800000E-1	-6.859470E-5	6.859470E-5	-1.746746E-6	1.746746E-6
-3.700000E-1	-6.694250E-5	6.694250E-5	-1.704673E-6	1.704673E-6
-3.600000E-1	-6.458100E-5	6.458100E-5	-1.644538E-6	1.644538E-6
-3.500000E-1	-6.267900E-5	6.267900E-5	-1.596104E-6	1.596104E-6
-3.400000E-1	-6.128470E-5	6.128470E-5	-1.560598E-6	1.560598E-6
-3.300000E-1	-5.876940E-5	5.876940E-5	-1.496547E-6	1.496547E-6
-3.200000E-1	-5.697520E-5	5.697520E-5	-1.450858E-6	1.450858E-6
-3.100000E-1	-5.559920E-5	5.559920E-5	-1.415819E-6	1.415819E-6
-3.000000E-1	-5.350050E-5	5.350050E-5	-1.362376E-6	1.362376E-6
-2.900000E-1	-5.152190E-5	5.152190E-5	-1.311991E-6	1.311991E-6
-2.800000E-1	-4.938460E-5	4.938460E-5	-1.257566E-6	1.257566E-6
-2.700000E-1	-4.750970E-5	4.750970E-5	-1.209822E-6	1.209822E-6
-2.600000E-1	-4.584400E-5	4.584400E-5	-1.167405E-6	1.167405E-6
-2.500000E-1	-4.461330E-5	4.461330E-5	-1.136066E-6	1.136066E-6
-2.400000E-1	-4.255160E-5	4.255160E-5	-1.083565E-6	1.083565E-6
-2.300000E-1	-4.082350E-5	4.082350E-5	-1.039559E-6	1.039559E-6
-2.200000E-1	-3.906490E-5	3.906490E-5	-9.947772E-7	9.947772E-7
-2.100000E-1	-3.702140E-5	3.702140E-5	-9.427400E-7	9.427400E-7
-2.000000E-1	-3.477220E-5	3.477220E-5	-8.854647E-7	8.854647E-7
-1.900000E-1	-3.336250E-5	3.336250E-5	-8.495671E-7	8.495671E-7
-1.800000E-1	-3.149160E-5	3.149160E-5	-8.019251E-7	8.019251E-7
-1.700000E-1	-2.956730E-5	2.956730E-5	-7.529233E-7	7.529233E-7
-1.600000E-1	-2.771480E-5	2.771480E-5	-7.057499E-7	7.057499E-7
-1.500000E-1	-2.538780E-5	2.538780E-5	-6.464935E-7	6.464935E-7
-1.400000E-1	-2.367510E-5	2.367510E-5	-6.028801E-7	6.028801E-7
-1.300000E-1	-2.244050E-5	2.244050E-5	-5.714413E-7	5.714413E-7
-1.200000E-1	-2.047840E-5	2.047840E-5	-5.214769E-7	5.214769E-7
-1.100000E-1	-1.867040E-5	1.867040E-5	-4.754367E-7	4.754367E-7
-1.000000E-1	-1.714700E-5	1.714700E-5	-4.366437E-7	4.366437E-7
-9.000000E-2	-1.525060E-5	1.525060E-5	-3.883524E-7	3.883524E-7
-8.000000E-2	-1.341600E-5	1.341600E-5	-3.416348E-7	3.416348E-7
-7.000000E-2	-1.158540E-5	1.158540E-5	-2.950191E-7	2.950191E-7
-6.000000E-2	-9.832200E-6	9.832200E-6	-2.503743E-7	2.503743E-7
-5.000000E-2	-8.208170E-6	8.208170E-6	-2.090188E-7	2.090188E-7
-4.000000E-2	-6.520410E-6	6.520410E-6	-1.660405E-7	1.660405E-7
-3.000000E-2	-4.928260E-6	4.928260E-6	-1.254968E-7	1.254968E-7
-2.000000E-2	-3.295840E-6	3.295840E-6	-8.392768E-8	8.392768E-8
-1.000000E-2	-1.648500E-6	1.648500E-6	-4.197861E-8	4.197861E-8
0.000000E+0	-1.153920E-8	1.153920E-8	-2.938426E-10	2.938426E-10
1.000000E-2	1.585360E-6	1.585360E-6	4.037077E-8	4.037077E-8
2.000000E-2	3.440770E-6	3.440770E-6	8.761828E-8	8.761828E-8
3.000000E-2	5.041530E-6	5.041530E-6	1.283812E-7	1.283812E-7
4.000000E-2	6.745380E-6	6.745380E-6	1.717693E-7	1.717693E-7
5.000000E-2	8.080320E-6	8.080320E-6	2.057632E-7	2.057632E-7
6.000000E-2	9.761410E-6	9.761410E-6	2.485717E-7	2.485717E-7
7.000000E-2	1.144897E-5	1.144897E-5	2.915449E-7	2.915449E-7
8.000000E-2	1.323780E-5	1.323780E-5	3.370970E-7	3.370970E-7
9.000000E-2	1.465480E-5	1.465480E-5	3.731805E-7	3.731805E-7
1.000000E-1	1.648660E-5	1.648660E-5	4.198268E-7	4.198268E-7
1.100000E-1	1.814880E-5	1.814880E-5	4.621543E-7	4.621543E-7
1.200000E-1	2.005070E-5	2.005070E-5	5.105857E-7	5.105857E-7
1.300000E-1	2.170660E-5	2.170660E-5	5.527527E-7	5.527527E-7
1.400000E-1	2.382130E-5	2.382130E-5	6.066030E-7	6.066030E-7
1.500000E-1	2.586930E-5	2.586930E-5	6.587548E-7	6.587548E-7
1.600000E-1	2.849620E-5	2.849620E-5	7.256481E-7	7.256481E-7
1.700000E-1	3.271910E-5	3.271910E-5	8.331831E-7	8.331831E-7
1.800000E-1	3.366070E-5	3.366070E-5	8.571607E-7	8.571607E-7
1.900000E-1	3.549970E-5	3.549970E-5	9.039903E-7	9.039903E-7
2.000000E-1	3.720580E-5	3.720580E-5	9.474357E-7	9.474357E-7
2.100000E-1	3.895890E-5	3.895890E-5	9.920779E-7	9.920779E-7
2.200000E-1	4.114950E-5	4.114950E-5	1.047861E-6	1.047861E-6
2.300000E-1	4.329270E-5	4.329270E-5	1.102437E-6	1.102437E-6
2.400000E-1	4.518420E-5	4.518420E-5	1.150604E-6	1.150604E-6
2.500000E-1	4.687600E-5	4.687600E-5	1.193685E-6	1.193685E-6
2.600000E-1	4.912020E-5	4.912020E-5	1.250833E-6	1.250833E-6
2.700000E-1	5.078240E-5	5.078240E-5	1.293160E-6	1.293160E-6
2.800000E-1	5.187540E-5	5.187540E-5	1.320993E-6	1.320993E-6
2.900000E-1	5.423320E-5	5.423320E-5	1.381034E-6	1.381034E-6
3.000000E-1	5.650920E-5	5.650920E-5	1.438992E-6	1.438992E-6
3.100000E-1	5.852550E-5	5.852550E-5	1.490336E-6	1.490336E-6
3.200000E-1	6.129150E-5	6.129150E-5	1.560772E-6	1.560772E-6
3.300000E-1	6.318910E-5	6.318910E-5	1.609093E-6	1.609093E-6
3.400000E-1	6.490670E-5	6.490670E-5	1.652832E-6	1.652832E-6
3.500000E-1	6.889680E-5	6.889680E-5	1.754438E-6	1.754438E-6
3.600000E-1	7.089990E-5	7.089990E-5	1.805447E-6	1.805447E-6
3.700000E-1	7.945210E-5	7.945210E-5	2.023226E-6	2.023226E-6
3.800000E-1	8.578500E-5	8.578500E-5	2.184492E-6	2.184492E-6
3.900000E-1	1.054513E-4	1.054513E-4	2.685289E-6	2.685289E-6
4.000000E-1	1.132313E-4	1.132313E-4	2.883405E-6	2.883405E-6
4.100000E-1	1.130739E-4	1.130739E-4	2.879396E-6	2.879396E-6
4.200000E-1	1.688330E-4	1.688330E-4	4.299287E-6	4.299287E-6
4.300000E-1	2.368050E-4	2.368050E-4	6.030176E-6	6.030176E-6
4.400000E-1	3.177370E-4	3.177370E-4	8.091087E-6	8.091087E-6
4.500000E-1	4.257860E-4	4.257860E-4	1.084253E-5	1.084253E-5
4.600000E-1	4.827400E-4	4.827400E-4	1.229284E-5	1.229284E-5
4.700000E-1	6.708270E-4	6.708270E-4	1.708243E-5	1.708243E-5
4.800000E-1	7.436370E-4	7.436370E-4	1.893652E-5	1.893652E-5
4.900000E-1	6.903710E-4	6.903710E-4	1.758011E-5	1.758011E-5
5.000000E-1	6.992410E-4	6.992410E-4	1.780598E-5	1.780598E-5
