

12:43:49	04/03/21


Ell Cont: 5,0x10,0

SMU1	V name:		V1
	I name:		I1
	Mode:		V
	Function:	VAR1
SMU2	V name:		V2
	I name:		I2
	Mode:		common
	Function:	const.
SMU3	off
SMU4	off
VMUs	off

Primary Source (VAR1):	single
	Sweep Spacing:	linear
	Start:		-0.500000
	Stop:		0.500000
	Step:		0.010000
	Compliance:	0.050000
Power Compliance OFF

Timing:		Integration Time:	medium
	Delay Time (sec):	0.000000
	Hold Time (sec):	0.000000
	Wait Time (sec):	1.000000

Secondary Source (VAR2):	OFF


   V1	   I1	Abs(I)	J (A\µm²)	Abs(J)
-5.000000E-1	-1.974590E-4	1.974590E-4	-5.028240E-6	5.028240E-6
-4.900000E-1	-1.989540E-4	1.989540E-4	-5.066310E-6	5.066310E-6
-4.800000E-1	-1.968710E-4	1.968710E-4	-5.013267E-6	5.013267E-6
-4.700000E-1	-1.907230E-4	1.907230E-4	-4.856710E-6	4.856710E-6
-4.600000E-1	-1.904010E-4	1.904010E-4	-4.848510E-6	4.848510E-6
-4.500000E-1	-1.864660E-4	1.864660E-4	-4.748307E-6	4.748307E-6
-4.400000E-1	-1.790690E-4	1.790690E-4	-4.559944E-6	4.559944E-6
-4.300000E-1	-1.748570E-4	1.748570E-4	-4.452686E-6	4.452686E-6
-4.200000E-1	-1.709250E-4	1.709250E-4	-4.352559E-6	4.352559E-6
-4.100000E-1	-1.678360E-4	1.678360E-4	-4.273899E-6	4.273899E-6
-4.000000E-1	-1.640280E-4	1.640280E-4	-4.176929E-6	4.176929E-6
-3.900000E-1	-1.572970E-4	1.572970E-4	-4.005526E-6	4.005526E-6
-3.800000E-1	-1.531920E-4	1.531920E-4	-3.900993E-6	3.900993E-6
-3.700000E-1	-1.498340E-4	1.498340E-4	-3.815483E-6	3.815483E-6
-3.600000E-1	-1.465060E-4	1.465060E-4	-3.730736E-6	3.730736E-6
-3.500000E-1	-1.412110E-4	1.412110E-4	-3.595900E-6	3.595900E-6
-3.400000E-1	-1.340610E-4	1.340610E-4	-3.413827E-6	3.413827E-6
-3.300000E-1	-1.346030E-4	1.346030E-4	-3.427629E-6	3.427629E-6
-3.200000E-1	-1.276720E-4	1.276720E-4	-3.251133E-6	3.251133E-6
-3.100000E-1	-1.372130E-4	1.372130E-4	-3.494092E-6	3.494092E-6
-3.000000E-1	-1.316880E-4	1.316880E-4	-3.353400E-6	3.353400E-6
-2.900000E-1	-1.285730E-4	1.285730E-4	-3.274077E-6	3.274077E-6
-2.800000E-1	-1.243180E-4	1.243180E-4	-3.165724E-6	3.165724E-6
-2.700000E-1	-1.200070E-4	1.200070E-4	-3.055946E-6	3.055946E-6
-2.600000E-1	-1.147150E-4	1.147150E-4	-2.921187E-6	2.921187E-6
-2.500000E-1	-1.105240E-4	1.105240E-4	-2.814464E-6	2.814464E-6
-2.400000E-1	-1.060930E-4	1.060930E-4	-2.701630E-6	2.701630E-6
-2.300000E-1	-1.011740E-4	1.011740E-4	-2.576369E-6	2.576369E-6
-2.200000E-1	-9.674100E-5	9.674100E-5	-2.463484E-6	2.463484E-6
-2.100000E-1	-9.250630E-5	9.250630E-5	-2.355648E-6	2.355648E-6
-2.000000E-1	-8.824810E-5	8.824810E-5	-2.247214E-6	2.247214E-6
-1.900000E-1	-8.402110E-5	8.402110E-5	-2.139575E-6	2.139575E-6
-1.800000E-1	-7.974240E-5	7.974240E-5	-2.030619E-6	2.030619E-6
-1.700000E-1	-7.534360E-5	7.534360E-5	-1.918605E-6	1.918605E-6
-1.600000E-1	-7.016680E-5	7.016680E-5	-1.786779E-6	1.786779E-6
-1.500000E-1	-6.488860E-5	6.488860E-5	-1.652371E-6	1.652371E-6
-1.400000E-1	-6.029170E-5	6.029170E-5	-1.535312E-6	1.535312E-6
-1.300000E-1	-5.609000E-5	5.609000E-5	-1.428317E-6	1.428317E-6
-1.200000E-1	-5.160840E-5	5.160840E-5	-1.314194E-6	1.314194E-6
-1.100000E-1	-4.744350E-5	4.744350E-5	-1.208136E-6	1.208136E-6
-1.000000E-1	-4.346140E-5	4.346140E-5	-1.106733E-6	1.106733E-6
-9.000000E-2	-3.885690E-5	3.885690E-5	-9.894805E-7	9.894805E-7
-8.000000E-2	-3.449130E-5	3.449130E-5	-8.783117E-7	8.783117E-7
-7.000000E-2	-2.971160E-5	2.971160E-5	-7.565979E-7	7.565979E-7
-6.000000E-2	-2.533670E-5	2.533670E-5	-6.451923E-7	6.451923E-7
-5.000000E-2	-2.133870E-5	2.133870E-5	-5.433843E-7	5.433843E-7
-4.000000E-2	-1.638050E-5	1.638050E-5	-4.171250E-7	4.171250E-7
-3.000000E-2	-1.222540E-5	1.222540E-5	-3.113165E-7	3.113165E-7
-2.000000E-2	-8.146770E-6	8.146770E-6	-2.074553E-7	2.074553E-7
-1.000000E-2	-4.080230E-6	4.080230E-6	-1.039020E-7	1.039020E-7
0.000000E+0	-2.815460E-8	2.815460E-8	-7.169493E-10	7.169493E-10
1.000000E-2	3.983440E-6	3.983440E-6	1.014372E-7	1.014372E-7
2.000000E-2	7.985780E-6	7.985780E-6	2.033557E-7	2.033557E-7
3.000000E-2	1.198750E-5	1.198750E-5	3.052585E-7	3.052585E-7
4.000000E-2	1.612370E-5	1.612370E-5	4.105857E-7	4.105857E-7
5.000000E-2	1.957450E-5	1.957450E-5	4.984594E-7	4.984594E-7
6.000000E-2	2.345460E-5	2.345460E-5	5.972651E-7	5.972651E-7
7.000000E-2	2.747450E-5	2.747450E-5	6.996308E-7	6.996308E-7
8.000000E-2	3.189290E-5	3.189290E-5	8.121441E-7	8.121441E-7
9.000000E-2	3.664220E-5	3.664220E-5	9.330838E-7	9.330838E-7
1.000000E-1	4.096370E-5	4.096370E-5	1.043130E-6	1.043130E-6
1.100000E-1	4.782930E-5	4.782930E-5	1.217960E-6	1.217960E-6
1.200000E-1	5.250200E-5	5.250200E-5	1.336949E-6	1.336949E-6
1.300000E-1	5.727520E-5	5.727520E-5	1.458498E-6	1.458498E-6
1.400000E-1	6.133230E-5	6.133230E-5	1.561811E-6	1.561811E-6
1.500000E-1	6.710170E-5	6.710170E-5	1.708727E-6	1.708727E-6
1.600000E-1	7.172790E-5	7.172790E-5	1.826532E-6	1.826532E-6
1.700000E-1	7.723810E-5	7.723810E-5	1.966847E-6	1.966847E-6
1.800000E-1	8.169840E-5	8.169840E-5	2.080428E-6	2.080428E-6
1.900000E-1	8.593490E-5	8.593490E-5	2.188309E-6	2.188309E-6
2.000000E-1	9.021530E-5	9.021530E-5	2.297308E-6	2.297308E-6
2.100000E-1	9.429450E-5	9.429450E-5	2.401184E-6	2.401184E-6
2.200000E-1	9.825150E-5	9.825150E-5	2.501948E-6	2.501948E-6
2.300000E-1	1.033451E-4	1.033451E-4	2.631655E-6	2.631655E-6
2.400000E-1	1.081875E-4	1.081875E-4	2.754966E-6	2.754966E-6
2.500000E-1	1.123650E-4	1.123650E-4	2.861345E-6	2.861345E-6
2.600000E-1	1.179540E-4	1.179540E-4	3.003667E-6	3.003667E-6
2.700000E-1	1.225450E-4	1.225450E-4	3.120575E-6	3.120575E-6
2.800000E-1	1.277610E-4	1.277610E-4	3.253400E-6	3.253400E-6
2.900000E-1	1.334580E-4	1.334580E-4	3.398472E-6	3.398472E-6
3.000000E-1	1.386670E-4	1.386670E-4	3.531118E-6	3.531118E-6
3.100000E-1	1.431180E-4	1.431180E-4	3.644461E-6	3.644461E-6
3.200000E-1	1.498430E-4	1.498430E-4	3.815712E-6	3.815712E-6
3.300000E-1	1.524520E-4	1.524520E-4	3.882149E-6	3.882149E-6
3.400000E-1	1.570140E-4	1.570140E-4	3.998319E-6	3.998319E-6
3.500000E-1	1.627620E-4	1.627620E-4	4.144691E-6	4.144691E-6
3.600000E-1	1.677410E-4	1.677410E-4	4.271479E-6	4.271479E-6
3.700000E-1	1.724800E-4	1.724800E-4	4.392157E-6	4.392157E-6
3.800000E-1	1.774900E-4	1.774900E-4	4.519735E-6	4.519735E-6
3.900000E-1	1.802620E-4	1.802620E-4	4.590323E-6	4.590323E-6
4.000000E-1	1.856230E-4	1.856230E-4	4.726840E-6	4.726840E-6
4.100000E-1	1.898560E-4	1.898560E-4	4.834632E-6	4.834632E-6
4.200000E-1	1.962540E-4	1.962540E-4	4.997555E-6	4.997555E-6
4.300000E-1	2.009480E-4	2.009480E-4	5.117087E-6	5.117087E-6
4.400000E-1	2.140170E-4	2.140170E-4	5.449885E-6	5.449885E-6
4.500000E-1	2.306410E-4	2.306410E-4	5.873211E-6	5.873211E-6
4.600000E-1	2.328670E-4	2.328670E-4	5.929896E-6	5.929896E-6
4.700000E-1	2.362430E-4	2.362430E-4	6.015864E-6	6.015864E-6
4.800000E-1	2.411090E-4	2.411090E-4	6.139776E-6	6.139776E-6
4.900000E-1	2.521890E-4	2.521890E-4	6.421925E-6	6.421925E-6
5.000000E-1	2.589000E-4	2.589000E-4	6.592819E-6	6.592819E-6
