

12:54:46	04/03/21


Ell Cont: 5,0x10,0

SMU1	V name:		V1
	I name:		I1
	Mode:		V
	Function:	VAR1
SMU2	V name:		V2
	I name:		I2
	Mode:		common
	Function:	const.
SMU3	off
SMU4	off
VMUs	off

Primary Source (VAR1):	single
	Sweep Spacing:	linear
	Start:		-0.500000
	Stop:		0.500000
	Step:		0.010000
	Compliance:	0.050000
Power Compliance OFF

Timing:		Integration Time:	medium
	Delay Time (sec):	0.000000
	Hold Time (sec):	0.000000
	Wait Time (sec):	1.000000

Secondary Source (VAR2):	OFF


   V1	   I1	Abs(I)	J (A\um²)	Abs(J)
-5.000000E-1	-2.562340E-6	2.562340E-6	-6.524930E-8	6.524930E-8
-4.900000E-1	-2.555370E-6	2.555370E-6	-6.507181E-8	6.507181E-8
-4.800000E-1	-2.487880E-6	2.487880E-6	-6.335320E-8	6.335320E-8
-4.700000E-1	-2.426310E-6	2.426310E-6	-6.178533E-8	6.178533E-8
-4.600000E-1	-2.418140E-6	2.418140E-6	-6.157728E-8	6.157728E-8
-4.500000E-1	-2.371160E-6	2.371160E-6	-6.038095E-8	6.038095E-8
-4.400000E-1	-2.268400E-6	2.268400E-6	-5.776420E-8	5.776420E-8
-4.300000E-1	-2.315520E-6	2.315520E-6	-5.896409E-8	5.896409E-8
-4.200000E-1	-2.261110E-6	2.261110E-6	-5.757856E-8	5.757856E-8
-4.100000E-1	-2.123700E-6	2.123700E-6	-5.407945E-8	5.407945E-8
-4.000000E-1	-2.175380E-6	2.175380E-6	-5.539547E-8	5.539547E-8
-3.900000E-1	-2.124280E-6	2.124280E-6	-5.409422E-8	5.409422E-8
-3.800000E-1	-2.072570E-6	2.072570E-6	-5.277744E-8	5.277744E-8
-3.700000E-1	-2.039690E-6	2.039690E-6	-5.194016E-8	5.194016E-8
-3.600000E-1	-2.013710E-6	2.013710E-6	-5.127858E-8	5.127858E-8
-3.500000E-1	-1.972870E-6	1.972870E-6	-5.023860E-8	5.023860E-8
-3.400000E-1	-1.980540E-6	1.980540E-6	-5.043392E-8	5.043392E-8
-3.300000E-1	-1.918710E-6	1.918710E-6	-4.885943E-8	4.885943E-8
-3.200000E-1	-1.848300E-6	1.848300E-6	-4.706646E-8	4.706646E-8
-3.100000E-1	-1.832370E-6	1.832370E-6	-4.666081E-8	4.666081E-8
-3.000000E-1	-1.784870E-6	1.784870E-6	-4.545123E-8	4.545123E-8
-2.900000E-1	-1.731700E-6	1.731700E-6	-4.409727E-8	4.409727E-8
-2.800000E-1	-1.673370E-6	1.673370E-6	-4.261192E-8	4.261192E-8
-2.700000E-1	-1.628870E-6	1.628870E-6	-4.147874E-8	4.147874E-8
-2.600000E-1	-1.628340E-6	1.628340E-6	-4.146524E-8	4.146524E-8
-2.500000E-1	-1.573990E-6	1.573990E-6	-4.008123E-8	4.008123E-8
-2.400000E-1	-1.533330E-6	1.533330E-6	-3.904584E-8	3.904584E-8
-2.300000E-1	-1.482200E-6	1.482200E-6	-3.774382E-8	3.774382E-8
-2.200000E-1	-1.412170E-6	1.412170E-6	-3.596053E-8	3.596053E-8
-2.100000E-1	-1.383630E-6	1.383630E-6	-3.523377E-8	3.523377E-8
-2.000000E-1	-1.351460E-6	1.351460E-6	-3.441457E-8	3.441457E-8
-1.900000E-1	-1.241020E-6	1.241020E-6	-3.160224E-8	3.160224E-8
-1.800000E-1	-1.182290E-6	1.182290E-6	-3.010670E-8	3.010670E-8
-1.700000E-1	-1.132320E-6	1.132320E-6	-2.883422E-8	2.883422E-8
-1.600000E-1	-1.048880E-6	1.048880E-6	-2.670945E-8	2.670945E-8
-1.500000E-1	-9.903250E-7	9.903250E-7	-2.521836E-8	2.521836E-8
-1.400000E-1	-9.210110E-7	9.210110E-7	-2.345330E-8	2.345330E-8
-1.300000E-1	-8.477890E-7	8.477890E-7	-2.158872E-8	2.158872E-8
-1.200000E-1	-7.903470E-7	7.903470E-7	-2.012597E-8	2.012597E-8
-1.100000E-1	-7.310750E-7	7.310750E-7	-1.861663E-8	1.861663E-8
-1.000000E-1	-6.762610E-7	6.762610E-7	-1.722080E-8	1.722080E-8
-9.000000E-2	-6.067180E-7	6.067180E-7	-1.544991E-8	1.544991E-8
-8.000000E-2	-5.342680E-7	5.342680E-7	-1.360499E-8	1.360499E-8
-7.000000E-2	-4.630110E-7	4.630110E-7	-1.179045E-8	1.179045E-8
-6.000000E-2	-3.931040E-7	3.931040E-7	-1.001029E-8	1.001029E-8
-5.000000E-2	-3.237300E-7	3.237300E-7	-8.243697E-9	8.243697E-9
-4.000000E-2	-2.565440E-7	2.565440E-7	-6.532824E-9	6.532824E-9
-3.000000E-2	-1.967170E-7	1.967170E-7	-5.009345E-9	5.009345E-9
-2.000000E-2	-1.320630E-7	1.320630E-7	-3.362949E-9	3.362949E-9
-1.000000E-2	-6.774720E-8	6.774720E-8	-1.725164E-9	1.725164E-9
0.000000E+0	-4.257200E-10	4.257200E-10	-1.084085E-11	1.084085E-11
1.000000E-2	6.784640E-8	6.784640E-8	1.727690E-9	1.727690E-9
2.000000E-2	1.372710E-7	1.372710E-7	3.495569E-9	3.495569E-9
3.000000E-2	2.051420E-7	2.051420E-7	5.223886E-9	5.223886E-9
4.000000E-2	2.797770E-7	2.797770E-7	7.124446E-9	7.124446E-9
5.000000E-2	3.482170E-7	3.482170E-7	8.867252E-9	8.867252E-9
6.000000E-2	4.221700E-7	4.221700E-7	1.075045E-8	1.075045E-8
7.000000E-2	5.042270E-7	5.042270E-7	1.284000E-8	1.284000E-8
8.000000E-2	5.931230E-7	5.931230E-7	1.510372E-8	1.510372E-8
9.000000E-2	6.896940E-7	6.896940E-7	1.756287E-8	1.756287E-8
1.000000E-1	7.842390E-7	7.842390E-7	1.997044E-8	1.997044E-8
1.100000E-1	8.762060E-7	8.762060E-7	2.231235E-8	2.231235E-8
1.200000E-1	9.588040E-7	9.588040E-7	2.441569E-8	2.441569E-8
1.300000E-1	1.046535E-6	1.046535E-6	2.664973E-8	2.664973E-8
1.400000E-1	1.142751E-6	1.142751E-6	2.909985E-8	2.909985E-8
1.500000E-1	1.222050E-6	1.222050E-6	3.111917E-8	3.111917E-8
1.600000E-1	1.274710E-6	1.274710E-6	3.246015E-8	3.246015E-8
1.700000E-1	1.395320E-6	1.395320E-6	3.553145E-8	3.553145E-8
1.800000E-1	1.483410E-6	1.483410E-6	3.777464E-8	3.777464E-8
1.900000E-1	1.558630E-6	1.558630E-6	3.969009E-8	3.969009E-8
2.000000E-1	1.735800E-7	1.735800E-7	4.420168E-9	4.420168E-9
2.100000E-1	1.001840E-7	1.001840E-7	2.551159E-9	2.551159E-9
2.200000E-1	1.067260E-7	1.067260E-7	2.717749E-9	2.717749E-9
2.300000E-1	5.492200E-8	5.492200E-8	1.398574E-9	1.398574E-9
2.400000E-1	5.883800E-8	5.883800E-8	1.498294E-9	1.498294E-9
2.500000E-1	6.193280E-8	6.193280E-8	1.577102E-9	1.577102E-9
2.600000E-1	6.602300E-8	6.602300E-8	1.681258E-9	1.681258E-9
2.700000E-1	7.053690E-8	7.053690E-8	1.796203E-9	1.796203E-9
2.800000E-1	7.459710E-8	7.459710E-8	1.899595E-9	1.899595E-9
2.900000E-1	7.945220E-8	7.945220E-8	2.023229E-9	2.023229E-9
3.000000E-1	8.567350E-8	8.567350E-8	2.181653E-9	2.181653E-9
3.100000E-1	9.095720E-8	9.095720E-8	2.316201E-9	2.316201E-9
3.200000E-1	9.528400E-8	9.528400E-8	2.426381E-9	2.426381E-9
3.300000E-1	1.021532E-7	1.021532E-7	2.601304E-9	2.601304E-9
3.400000E-1	1.077651E-7	1.077651E-7	2.744209E-9	2.744209E-9
3.500000E-1	1.117120E-7	1.117120E-7	2.844716E-9	2.844716E-9
3.600000E-1	1.194540E-7	1.194540E-7	3.041864E-9	3.041864E-9
3.700000E-1	1.251130E-7	1.251130E-7	3.185969E-9	3.185969E-9
3.800000E-1	1.295170E-7	1.295170E-7	3.298116E-9	3.298116E-9
3.900000E-1	1.365930E-7	1.365930E-7	3.478304E-9	3.478304E-9
4.000000E-1	1.474060E-7	1.474060E-7	3.753654E-9	3.753654E-9
4.100000E-1	1.509350E-7	1.509350E-7	3.843519E-9	3.843519E-9
4.200000E-1	1.594520E-7	1.594520E-7	4.060402E-9	4.060402E-9
4.300000E-1	1.660650E-7	1.660650E-7	4.228801E-9	4.228801E-9
4.400000E-1	1.690080E-7	1.690080E-7	4.303743E-9	4.303743E-9
4.500000E-1	1.775210E-7	1.775210E-7	4.520525E-9	4.520525E-9
4.600000E-1	1.830490E-7	1.830490E-7	4.661294E-9	4.661294E-9
4.700000E-1	1.898940E-7	1.898940E-7	4.835600E-9	4.835600E-9
4.800000E-1	2.137860E-7	2.137860E-7	5.444003E-9	5.444003E-9
4.900000E-1	2.077130E-7	2.077130E-7	5.289356E-9	5.289356E-9
5.000000E-1	2.208100E-7	2.208100E-7	5.622867E-9	5.622867E-9
