

12:40:13	04/03/21


Ell Cont: 5,0x10,0

SMU1	V name:		V1
	I name:		I1
	Mode:		V
	Function:	VAR1
SMU2	V name:		V2
	I name:		I2
	Mode:		common
	Function:	const.
SMU3	off
SMU4	off
VMUs	off

Primary Source (VAR1):	single
	Sweep Spacing:	linear
	Start:		-0.500000
	Stop:		0.500000
	Step:		0.010000
	Compliance:	0.050000
Power Compliance OFF

Timing:		Integration Time:	medium
	Delay Time (sec):	0.000000
	Hold Time (sec):	0.000000
	Wait Time (sec):	1.000000

Secondary Source (VAR2):	OFF


   V1	   I1	Abs(I)	J (A\µm²)	Abs(J)
-5.000000E-1	-1.401570E-4	1.401570E-4	-3.569060E-6	3.569060E-6
-4.900000E-1	-1.412170E-4	1.412170E-4	-3.596053E-6	3.596053E-6
-4.800000E-1	-1.325040E-4	1.325040E-4	-3.374179E-6	3.374179E-6
-4.700000E-1	-1.320870E-4	1.320870E-4	-3.363560E-6	3.363560E-6
-4.600000E-1	-1.292170E-4	1.292170E-4	-3.290476E-6	3.290476E-6
-4.500000E-1	-1.260720E-4	1.260720E-4	-3.210390E-6	3.210390E-6
-4.400000E-1	-1.232640E-4	1.232640E-4	-3.138885E-6	3.138885E-6
-4.300000E-1	-1.201910E-4	1.201910E-4	-3.060631E-6	3.060631E-6
-4.200000E-1	-1.200910E-4	1.200910E-4	-3.058085E-6	3.058085E-6
-4.100000E-1	-1.177380E-4	1.177380E-4	-2.998167E-6	2.998167E-6
-4.000000E-1	-1.147480E-4	1.147480E-4	-2.922027E-6	2.922027E-6
-3.900000E-1	-1.123080E-4	1.123080E-4	-2.859893E-6	2.859893E-6
-3.800000E-1	-1.089360E-4	1.089360E-4	-2.774026E-6	2.774026E-6
-3.700000E-1	-1.083710E-4	1.083710E-4	-2.759638E-6	2.759638E-6
-3.600000E-1	-1.059010E-4	1.059010E-4	-2.696740E-6	2.696740E-6
-3.500000E-1	-1.017450E-4	1.017450E-4	-2.590909E-6	2.590909E-6
-3.400000E-1	-9.885300E-5	9.885300E-5	-2.517265E-6	2.517265E-6
-3.300000E-1	-9.574780E-5	9.574780E-5	-2.438192E-6	2.438192E-6
-3.200000E-1	-9.255440E-5	9.255440E-5	-2.356873E-6	2.356873E-6
-3.100000E-1	-8.942880E-5	8.942880E-5	-2.277280E-6	2.277280E-6
-3.000000E-1	-8.660860E-5	8.660860E-5	-2.205465E-6	2.205465E-6
-2.900000E-1	-8.355880E-5	8.355880E-5	-2.127802E-6	2.127802E-6
-2.800000E-1	-8.108180E-5	8.108180E-5	-2.064726E-6	2.064726E-6
-2.700000E-1	-7.825130E-5	7.825130E-5	-1.992648E-6	1.992648E-6
-2.600000E-1	-7.480330E-5	7.480330E-5	-1.904846E-6	1.904846E-6
-2.500000E-1	-7.194310E-5	7.194310E-5	-1.832012E-6	1.832012E-6
-2.400000E-1	-6.862100E-5	6.862100E-5	-1.747415E-6	1.747415E-6
-2.300000E-1	-6.608010E-5	6.608010E-5	-1.682712E-6	1.682712E-6
-2.200000E-1	-6.317220E-5	6.317220E-5	-1.608663E-6	1.608663E-6
-2.100000E-1	-6.002240E-5	6.002240E-5	-1.528454E-6	1.528454E-6
-2.000000E-1	-5.685150E-5	5.685150E-5	-1.447708E-6	1.447708E-6
-1.900000E-1	-5.397890E-5	5.397890E-5	-1.374558E-6	1.374558E-6
-1.800000E-1	-5.123560E-5	5.123560E-5	-1.304701E-6	1.304701E-6
-1.700000E-1	-4.803290E-5	4.803290E-5	-1.223145E-6	1.223145E-6
-1.600000E-1	-4.475820E-5	4.475820E-5	-1.139756E-6	1.139756E-6
-1.500000E-1	-4.170290E-5	4.170290E-5	-1.061953E-6	1.061953E-6
-1.400000E-1	-3.890290E-5	3.890290E-5	-9.906519E-7	9.906519E-7
-1.300000E-1	-3.584770E-5	3.584770E-5	-9.128520E-7	9.128520E-7
-1.200000E-1	-3.214040E-5	3.214040E-5	-8.184466E-7	8.184466E-7
-1.100000E-1	-2.917820E-5	2.917820E-5	-7.430150E-7	7.430150E-7
-1.000000E-1	-2.665820E-5	2.665820E-5	-6.788439E-7	6.788439E-7
-9.000000E-2	-2.428850E-5	2.428850E-5	-6.185001E-7	6.185001E-7
-8.000000E-2	-2.059410E-5	2.059410E-5	-5.244232E-7	5.244232E-7
-7.000000E-2	-1.797320E-5	1.797320E-5	-4.576827E-7	4.576827E-7
-6.000000E-2	-1.529720E-5	1.529720E-5	-3.895391E-7	3.895391E-7
-5.000000E-2	-1.278590E-5	1.278590E-5	-3.255895E-7	3.255895E-7
-4.000000E-2	-1.021552E-5	1.021552E-5	-2.601355E-7	2.601355E-7
-3.000000E-2	-7.614710E-6	7.614710E-6	-1.939065E-7	1.939065E-7
-2.000000E-2	-5.160170E-6	5.160170E-6	-1.314023E-7	1.314023E-7
-1.000000E-2	-2.582190E-6	2.582190E-6	-6.575477E-8	6.575477E-8
0.000000E+0	-1.947580E-8	1.947580E-8	-4.959460E-10	4.959460E-10
1.000000E-2	2.524790E-6	2.524790E-6	6.429310E-8	6.429310E-8
2.000000E-2	4.937590E-6	4.937590E-6	1.257344E-7	1.257344E-7
3.000000E-2	7.322470E-6	7.322470E-6	1.864647E-7	1.864647E-7
4.000000E-2	1.017067E-5	1.017067E-5	2.589934E-7	2.589934E-7
5.000000E-2	1.396400E-5	1.396400E-5	3.555895E-7	3.555895E-7
6.000000E-2	1.687050E-5	1.687050E-5	4.296027E-7	4.296027E-7
7.000000E-2	1.982820E-5	1.982820E-5	5.049198E-7	5.049198E-7
8.000000E-2	2.304560E-5	2.304560E-5	5.868500E-7	5.868500E-7
9.000000E-2	2.561500E-5	2.561500E-5	6.522791E-7	6.522791E-7
1.000000E-1	2.863940E-5	2.863940E-5	7.292946E-7	7.292946E-7
1.100000E-1	2.998360E-5	2.998360E-5	7.635243E-7	7.635243E-7
1.200000E-1	3.314590E-5	3.314590E-5	8.440514E-7	8.440514E-7
1.300000E-1	3.619890E-5	3.619890E-5	9.217953E-7	9.217953E-7
1.400000E-1	3.996860E-5	3.996860E-5	1.017790E-6	1.017790E-6
1.500000E-1	3.890220E-5	3.890220E-5	9.906341E-7	9.906341E-7
1.600000E-1	4.068540E-5	4.068540E-5	1.036043E-6	1.036043E-6
1.700000E-1	4.353850E-5	4.353850E-5	1.108696E-6	1.108696E-6
1.800000E-1	4.634970E-5	4.634970E-5	1.180283E-6	1.180283E-6
1.900000E-1	4.988050E-5	4.988050E-5	1.270194E-6	1.270194E-6
2.000000E-1	5.342100E-5	5.342100E-5	1.360351E-6	1.360351E-6
2.100000E-1	5.575260E-5	5.575260E-5	1.419725E-6	1.419725E-6
2.200000E-1	5.865040E-5	5.865040E-5	1.493517E-6	1.493517E-6
2.300000E-1	6.224750E-5	6.224750E-5	1.585116E-6	1.585116E-6
2.400000E-1	6.581510E-5	6.581510E-5	1.675964E-6	1.675964E-6
2.500000E-1	6.776790E-5	6.776790E-5	1.725691E-6	1.725691E-6
2.600000E-1	6.991850E-5	6.991850E-5	1.780456E-6	1.780456E-6
2.700000E-1	7.279480E-5	7.279480E-5	1.853700E-6	1.853700E-6
2.800000E-1	7.388290E-5	7.388290E-5	1.881408E-6	1.881408E-6
2.900000E-1	7.651670E-5	7.651670E-5	1.948477E-6	1.948477E-6
3.000000E-1	7.651790E-5	7.651790E-5	1.948508E-6	1.948508E-6
3.100000E-1	7.986620E-5	7.986620E-5	2.033771E-6	2.033771E-6
3.200000E-1	8.334170E-5	8.334170E-5	2.122274E-6	2.122274E-6
3.300000E-1	8.792750E-5	8.792750E-5	2.239050E-6	2.239050E-6
3.400000E-1	8.907160E-5	8.907160E-5	2.268184E-6	2.268184E-6
3.500000E-1	9.042280E-5	9.042280E-5	2.302592E-6	2.302592E-6
3.600000E-1	9.326630E-5	9.326630E-5	2.375001E-6	2.375001E-6
3.700000E-1	9.754410E-5	9.754410E-5	2.483934E-6	2.483934E-6
3.800000E-1	1.022121E-4	1.022121E-4	2.602804E-6	2.602804E-6
3.900000E-1	1.041618E-4	1.041618E-4	2.652452E-6	2.652452E-6
4.000000E-1	1.069394E-4	1.069394E-4	2.723183E-6	2.723183E-6
4.100000E-1	1.088061E-4	1.088061E-4	2.770718E-6	2.770718E-6
4.200000E-1	1.142240E-4	1.142240E-4	2.908683E-6	2.908683E-6
4.300000E-1	1.230100E-4	1.230100E-4	3.132417E-6	3.132417E-6
4.400000E-1	1.242490E-4	1.242490E-4	3.163967E-6	3.163967E-6
4.500000E-1	1.259940E-4	1.259940E-4	3.208403E-6	3.208403E-6
4.600000E-1	1.297110E-4	1.297110E-4	3.303056E-6	3.303056E-6
4.700000E-1	1.330570E-4	1.330570E-4	3.388261E-6	3.388261E-6
4.800000E-1	1.372370E-4	1.372370E-4	3.494703E-6	3.494703E-6
4.900000E-1	1.417520E-4	1.417520E-4	3.609677E-6	3.609677E-6
5.000000E-1	2.684080E-4	2.684080E-4	6.834938E-6	6.834938E-6
