

12:24:24	04/03/21


Ell Cont: 5,0x10,0

SMU1	V name:		V1
	I name:		I1
	Mode:		V
	Function:	VAR1
SMU2	V name:		V2
	I name:		I2
	Mode:		common
	Function:	const.
SMU3	off
SMU4	off
VMUs	off

Primary Source (VAR1):	single
	Sweep Spacing:	linear
	Start:		-0.500000
	Stop:		0.500000
	Step:		0.010000
	Compliance:	0.050000
Power Compliance OFF

Timing:		Integration Time:	medium
	Delay Time (sec):	0.000000
	Hold Time (sec):	0.000000
	Wait Time (sec):	1.000000

Secondary Source (VAR2):	OFF


   V1	   I1	Abs(I)	J (A\µm²)	Abs(J)
-5.000000E-1	-4.058310E-4	4.058310E-4	-1.033438E-5	1.033438E-5
-4.900000E-1	-3.499660E-4	3.499660E-4	-8.911790E-6	8.911790E-6
-4.800000E-1	-3.124910E-4	3.124910E-4	-7.957499E-6	7.957499E-6
-4.700000E-1	-3.288290E-4	3.288290E-4	-8.373542E-6	8.373542E-6
-4.600000E-1	-3.106620E-4	3.106620E-4	-7.910924E-6	7.910924E-6
-4.500000E-1	-2.965620E-4	2.965620E-4	-7.551872E-6	7.551872E-6
-4.400000E-1	-2.837580E-4	2.837580E-4	-7.225821E-6	7.225821E-6
-4.300000E-1	-3.217920E-4	3.217920E-4	-8.194347E-6	8.194347E-6
-4.200000E-1	-2.591840E-4	2.591840E-4	-6.600051E-6	6.600051E-6
-4.100000E-1	-2.468430E-4	2.468430E-4	-6.285791E-6	6.285791E-6
-4.000000E-1	-2.360920E-4	2.360920E-4	-6.012019E-6	6.012019E-6
-3.900000E-1	-2.284210E-4	2.284210E-4	-5.816679E-6	5.816679E-6
-3.800000E-1	-2.176730E-4	2.176730E-4	-5.542984E-6	5.542984E-6
-3.700000E-1	-2.077900E-4	2.077900E-4	-5.291316E-6	5.291316E-6
-3.600000E-1	-1.997000E-4	1.997000E-4	-5.085307E-6	5.085307E-6
-3.500000E-1	-1.904610E-4	1.904610E-4	-4.850038E-6	4.850038E-6
-3.400000E-1	-1.833250E-4	1.833250E-4	-4.668322E-6	4.668322E-6
-3.300000E-1	-1.759110E-4	1.759110E-4	-4.479526E-6	4.479526E-6
-3.200000E-1	-1.690470E-4	1.690470E-4	-4.304736E-6	4.304736E-6
-3.100000E-1	-1.617230E-4	1.617230E-4	-4.118233E-6	4.118233E-6
-3.000000E-1	-1.562090E-4	1.562090E-4	-3.977820E-6	3.977820E-6
-2.900000E-1	-1.514180E-4	1.514180E-4	-3.855819E-6	3.855819E-6
-2.800000E-1	-1.429290E-4	1.429290E-4	-3.639649E-6	3.639649E-6
-2.700000E-1	-1.356470E-4	1.356470E-4	-3.454214E-6	3.454214E-6
-2.600000E-1	-1.283330E-4	1.283330E-4	-3.267965E-6	3.267965E-6
-2.500000E-1	-1.260360E-4	1.260360E-4	-3.209473E-6	3.209473E-6
-2.400000E-1	-1.560420E-4	1.560420E-4	-3.973568E-6	3.973568E-6
-2.300000E-1	-1.129760E-4	1.129760E-4	-2.876903E-6	2.876903E-6
-2.200000E-1	-1.037940E-4	1.037940E-4	-2.643086E-6	2.643086E-6
-2.100000E-1	-1.013248E-4	1.013248E-4	-2.580209E-6	2.580209E-6
-2.000000E-1	-9.317040E-5	9.317040E-5	-2.372559E-6	2.372559E-6
-1.900000E-1	-8.554940E-5	8.554940E-5	-2.178492E-6	2.178492E-6
-1.800000E-1	-8.000960E-5	8.000960E-5	-2.037423E-6	2.037423E-6
-1.700000E-1	-7.474720E-5	7.474720E-5	-1.903417E-6	1.903417E-6
-1.600000E-1	-6.831580E-5	6.831580E-5	-1.739643E-6	1.739643E-6
-1.500000E-1	-6.264580E-5	6.264580E-5	-1.595258E-6	1.595258E-6
-1.400000E-1	-5.786900E-5	5.786900E-5	-1.473619E-6	1.473619E-6
-1.300000E-1	-5.265120E-5	5.265120E-5	-1.340749E-6	1.340749E-6
-1.200000E-1	-4.782100E-5	4.782100E-5	-1.217749E-6	1.217749E-6
-1.100000E-1	-4.272470E-5	4.272470E-5	-1.087973E-6	1.087973E-6
-1.000000E-1	-3.863820E-5	3.863820E-5	-9.839114E-7	9.839114E-7
-9.000000E-2	-3.464860E-5	3.464860E-5	-8.823173E-7	8.823173E-7
-8.000000E-2	-3.035190E-5	3.035190E-5	-7.729030E-7	7.729030E-7
-7.000000E-2	-2.686600E-5	2.686600E-5	-6.841355E-7	6.841355E-7
-6.000000E-2	-2.338500E-5	2.338500E-5	-5.954927E-7	5.954927E-7
-5.000000E-2	-2.069900E-5	2.069900E-5	-5.270945E-7	5.270945E-7
-4.000000E-2	-1.712630E-5	1.712630E-5	-4.361166E-7	4.361166E-7
-3.000000E-2	-1.193070E-5	1.193070E-5	-3.038121E-7	3.038121E-7
-2.000000E-2	-7.379180E-6	7.379180E-6	-1.879088E-7	1.879088E-7
-1.000000E-2	-3.714590E-6	3.714590E-6	-9.459104E-8	9.459104E-8
0.000000E+0	-3.115630E-8	3.115630E-8	-7.933868E-10	7.933868E-10
1.000000E-2	3.450600E-6	3.450600E-6	8.786860E-8	8.786860E-8
2.000000E-2	6.936950E-6	6.936950E-6	1.766476E-7	1.766476E-7
3.000000E-2	1.037588E-5	1.037588E-5	2.642190E-7	2.642190E-7
4.000000E-2	1.379680E-5	1.379680E-5	3.513318E-7	3.513318E-7
5.000000E-2	1.762650E-5	1.762650E-5	4.488541E-7	4.488541E-7
6.000000E-2	2.112660E-5	2.112660E-5	5.379832E-7	5.379832E-7
7.000000E-2	2.496340E-5	2.496340E-5	6.356863E-7	6.356863E-7
8.000000E-2	2.957010E-5	2.957010E-5	7.529946E-7	7.529946E-7
9.000000E-2	3.336190E-5	3.336190E-5	8.495518E-7	8.495518E-7
1.000000E-1	3.847010E-5	3.847010E-5	9.796307E-7	9.796307E-7
1.100000E-1	4.275870E-5	4.275870E-5	1.088839E-6	1.088839E-6
1.200000E-1	6.040200E-5	6.040200E-5	1.538121E-6	1.538121E-6
1.300000E-1	6.460830E-5	6.460830E-5	1.645233E-6	1.645233E-6
1.400000E-1	5.844310E-5	5.844310E-5	1.488238E-6	1.488238E-6
1.500000E-1	6.102370E-5	6.102370E-5	1.553952E-6	1.553952E-6
1.600000E-1	6.514000E-5	6.514000E-5	1.658773E-6	1.658773E-6
1.700000E-1	6.911500E-5	6.911500E-5	1.759995E-6	1.759995E-6
1.800000E-1	7.314910E-5	7.314910E-5	1.862722E-6	1.862722E-6
1.900000E-1	7.672180E-5	7.672180E-5	1.953700E-6	1.953700E-6
2.000000E-1	8.203810E-5	8.203810E-5	2.089078E-6	2.089078E-6
2.100000E-1	7.447860E-5	7.447860E-5	1.896578E-6	1.896578E-6
2.200000E-1	8.624420E-5	8.624420E-5	2.196185E-6	2.196185E-6
2.300000E-1	1.013797E-4	1.013797E-4	2.581607E-6	2.581607E-6
2.400000E-1	1.005917E-4	1.005917E-4	2.561541E-6	2.561541E-6
2.500000E-1	9.978770E-5	9.978770E-5	2.541067E-6	2.541067E-6
2.600000E-1	1.067570E-4	1.067570E-4	2.718538E-6	2.718538E-6
2.700000E-1	1.037710E-4	1.037710E-4	2.642501E-6	2.642501E-6
2.800000E-1	7.582050E-5	7.582050E-5	1.930749E-6	1.930749E-6
2.900000E-1	1.013075E-4	1.013075E-4	2.579768E-6	2.579768E-6
3.000000E-1	4.535610E-4	4.535610E-4	1.154981E-5	1.154981E-5
3.100000E-1	6.358020E-4	6.358020E-4	1.619053E-5	1.619053E-5
3.200000E-1	6.858350E-4	6.858350E-4	1.746460E-5	1.746460E-5
3.300000E-1	7.764480E-4	7.764480E-4	1.977204E-5	1.977204E-5
3.400000E-1	9.639890E-4	9.639890E-4	2.454772E-5	2.454772E-5
3.500000E-1	1.118083E-3	1.118083E-3	2.847168E-5	2.847168E-5
3.600000E-1	1.376660E-3	1.376660E-3	3.505628E-5	3.505628E-5
3.700000E-1	1.723800E-3	1.723800E-3	4.389610E-5	4.389610E-5
3.800000E-1	1.797930E-3	1.797930E-3	4.578380E-5	4.578380E-5
3.900000E-1	1.945490E-3	1.945490E-3	4.954138E-5	4.954138E-5
4.000000E-1	2.060600E-3	2.060600E-3	5.247262E-5	5.247262E-5
4.100000E-1	2.228190E-3	2.228190E-3	5.674026E-5	5.674026E-5
4.200000E-1	2.381800E-3	2.381800E-3	6.065190E-5	6.065190E-5
4.300000E-1	2.609540E-3	2.609540E-3	6.645123E-5	6.645123E-5
4.400000E-1	2.617760E-3	2.617760E-3	6.666055E-5	6.666055E-5
4.500000E-1	2.707000E-3	2.707000E-3	6.893303E-5	6.893303E-5
4.600000E-1	2.955830E-3	2.955830E-3	7.526942E-5	7.526942E-5
4.700000E-1	2.999550E-3	2.999550E-3	7.638273E-5	7.638273E-5
4.800000E-1	3.027850E-3	3.027850E-3	7.710339E-5	7.710339E-5
4.900000E-1	3.129410E-3	3.129410E-3	7.968958E-5	7.968958E-5
5.000000E-1	3.163710E-3	3.163710E-3	8.056302E-5	8.056302E-5
