

12:48:45	04/03/21


Ell Cont: 5,0x10,0

SMU1	V name:		V1
	I name:		I1
	Mode:		V
	Function:	VAR1
SMU2	V name:		V2
	I name:		I2
	Mode:		common
	Function:	const.
SMU3	off
SMU4	off
VMUs	off

Primary Source (VAR1):	single
	Sweep Spacing:	linear
	Start:		-0.500000
	Stop:		0.500000
	Step:		0.010000
	Compliance:	0.050000
Power Compliance OFF

Timing:		Integration Time:	medium
	Delay Time (sec):	0.000000
	Hold Time (sec):	0.000000
	Wait Time (sec):	1.000000

Secondary Source (VAR2):	OFF


   V1	   I1	Abs(I)	J (A\µm²)	Abs(J)
-5.000000E-1	-4.299090E-6	4.299090E-6	-1.094752E-7	1.094752E-7
-4.900000E-1	-4.204860E-6	4.204860E-6	-1.070756E-7	1.070756E-7
-4.800000E-1	-4.103040E-6	4.103040E-6	-1.044828E-7	1.044828E-7
-4.700000E-1	-4.104710E-6	4.104710E-6	-1.045253E-7	1.045253E-7
-4.600000E-1	-3.847960E-6	3.847960E-6	-9.798727E-8	9.798727E-8
-4.500000E-1	-3.970640E-6	3.970640E-6	-1.011113E-7	1.011113E-7
-4.400000E-1	-3.912240E-6	3.912240E-6	-9.962414E-8	9.962414E-8
-4.300000E-1	-3.898540E-6	3.898540E-6	-9.927527E-8	9.927527E-8
-4.200000E-1	-3.776210E-6	3.776210E-6	-9.616017E-8	9.616017E-8
-4.100000E-1	-3.779810E-6	3.779810E-6	-9.625185E-8	9.625185E-8
-4.000000E-1	-3.612830E-6	3.612830E-6	-9.199974E-8	9.199974E-8
-3.900000E-1	-3.543810E-6	3.543810E-6	-9.024217E-8	9.024217E-8
-3.800000E-1	-3.480880E-6	3.480880E-6	-8.863967E-8	8.863967E-8
-3.700000E-1	-3.305240E-6	3.305240E-6	-8.416705E-8	8.416705E-8
-3.600000E-1	-3.321490E-6	3.321490E-6	-8.458085E-8	8.458085E-8
-3.500000E-1	-3.304820E-6	3.304820E-6	-8.415635E-8	8.415635E-8
-3.400000E-1	-3.144450E-6	3.144450E-6	-8.007257E-8	8.007257E-8
-3.300000E-1	-3.027470E-6	3.027470E-6	-7.709371E-8	7.709371E-8
-3.200000E-1	-3.037760E-6	3.037760E-6	-7.735574E-8	7.735574E-8
-3.100000E-1	-2.904060E-6	2.904060E-6	-7.395111E-8	7.395111E-8
-3.000000E-1	-2.889160E-6	2.889160E-6	-7.357168E-8	7.357168E-8
-2.900000E-1	-2.836210E-6	2.836210E-6	-7.222332E-8	7.222332E-8
-2.800000E-1	-2.790250E-6	2.790250E-6	-7.105297E-8	7.105297E-8
-2.700000E-1	-2.667880E-6	2.667880E-6	-6.793685E-8	6.793685E-8
-2.600000E-1	-2.544310E-6	2.544310E-6	-6.479017E-8	6.479017E-8
-2.500000E-1	-2.433450E-6	2.433450E-6	-6.196715E-8	6.196715E-8
-2.400000E-1	-2.403940E-6	2.403940E-6	-6.121569E-8	6.121569E-8
-2.300000E-1	-2.274760E-6	2.274760E-6	-5.792615E-8	5.792615E-8
-2.200000E-1	-2.226270E-6	2.226270E-6	-5.669137E-8	5.669137E-8
-2.100000E-1	-2.172260E-6	2.172260E-6	-5.531602E-8	5.531602E-8
-2.000000E-1	-2.058040E-6	2.058040E-6	-5.240744E-8	5.240744E-8
-1.900000E-1	-2.026920E-6	2.026920E-6	-5.161497E-8	5.161497E-8
-1.800000E-1	-1.952360E-6	1.952360E-6	-4.971632E-8	4.971632E-8
-1.700000E-1	-1.862650E-6	1.862650E-6	-4.743188E-8	4.743188E-8
-1.600000E-1	-1.735070E-6	1.735070E-6	-4.418309E-8	4.418309E-8
-1.500000E-1	-1.623630E-6	1.623630E-6	-4.134530E-8	4.134530E-8
-1.400000E-1	-1.510710E-6	1.510710E-6	-3.846982E-8	3.846982E-8
-1.300000E-1	-1.422970E-6	1.422970E-6	-3.623555E-8	3.623555E-8
-1.200000E-1	-1.316680E-6	1.316680E-6	-3.352890E-8	3.352890E-8
-1.100000E-1	-1.211190E-6	1.211190E-6	-3.084263E-8	3.084263E-8
-1.000000E-1	-1.101800E-6	1.101800E-6	-2.805704E-8	2.805704E-8
-9.000000E-2	-1.003000E-6	1.003000E-6	-2.554113E-8	2.554113E-8
-8.000000E-2	-8.970590E-7	8.970590E-7	-2.284337E-8	2.284337E-8
-7.000000E-2	-7.848890E-7	7.848890E-7	-1.998699E-8	1.998699E-8
-6.000000E-2	-6.658890E-7	6.658890E-7	-1.695668E-8	1.695668E-8
-5.000000E-2	-5.531280E-7	5.531280E-7	-1.408526E-8	1.408526E-8
-4.000000E-2	-4.447740E-7	4.447740E-7	-1.132605E-8	1.132605E-8
-3.000000E-2	-3.327690E-7	3.327690E-7	-8.473873E-9	8.473873E-9
-2.000000E-2	-2.216710E-7	2.216710E-7	-5.644792E-9	5.644792E-9
-1.000000E-2	-1.112980E-7	1.112980E-7	-2.834174E-9	2.834174E-9
0.000000E+0	-8.103500E-10	8.103500E-10	-2.063534E-11	2.063534E-11
1.000000E-2	1.113880E-7	1.113880E-7	2.836465E-9	2.836465E-9
2.000000E-2	2.226710E-7	2.226710E-7	5.670257E-9	5.670257E-9
3.000000E-2	3.376890E-7	3.376890E-7	8.599160E-9	8.599160E-9
4.000000E-2	4.045400E-7	4.045400E-7	1.030150E-8	1.030150E-8
5.000000E-2	2.026560E-7	2.026560E-7	5.160581E-9	5.160581E-9
6.000000E-2	2.467430E-7	2.467430E-7	6.283244E-9	6.283244E-9
7.000000E-2	2.870140E-7	2.870140E-7	7.308734E-9	7.308734E-9
8.000000E-2	3.298050E-7	3.298050E-7	8.398396E-9	8.398396E-9
9.000000E-2	3.652280E-7	3.652280E-7	9.300433E-9	9.300433E-9
1.000000E-1	4.020330E-7	4.020330E-7	1.023766E-8	1.023766E-8
1.100000E-1	4.559900E-7	4.559900E-7	1.161166E-8	1.161166E-8
1.200000E-1	5.048350E-7	5.048350E-7	1.285549E-8	1.285549E-8
1.300000E-1	5.432260E-7	5.432260E-7	1.383310E-8	1.383310E-8
1.400000E-1	5.958480E-7	5.958480E-7	1.517311E-8	1.517311E-8
1.500000E-1	6.530160E-7	6.530160E-7	1.662888E-8	1.662888E-8
1.600000E-1	7.008990E-7	7.008990E-7	1.784820E-8	1.784820E-8
1.700000E-1	7.386820E-7	7.386820E-7	1.881034E-8	1.881034E-8
1.800000E-1	7.766790E-7	7.766790E-7	1.977792E-8	1.977792E-8
1.900000E-1	8.210850E-7	8.210850E-7	2.090871E-8	2.090871E-8
2.000000E-1	8.677560E-7	8.677560E-7	2.209717E-8	2.209717E-8
2.100000E-1	9.233400E-7	9.233400E-7	2.351260E-8	2.351260E-8
2.200000E-1	9.678890E-7	9.678890E-7	2.464703E-8	2.464703E-8
2.300000E-1	1.025368E-6	1.025368E-6	2.611072E-8	2.611072E-8
2.400000E-1	1.064285E-6	1.064285E-6	2.710173E-8	2.710173E-8
2.500000E-1	1.086262E-6	1.086262E-6	2.766137E-8	2.766137E-8
2.600000E-1	1.140248E-6	1.140248E-6	2.903611E-8	2.903611E-8
2.700000E-1	1.161940E-6	1.161940E-6	2.958849E-8	2.958849E-8
2.800000E-1	1.217950E-6	1.217950E-6	3.101477E-8	3.101477E-8
2.900000E-1	1.276090E-6	1.276090E-6	3.249529E-8	3.249529E-8
3.000000E-1	1.310650E-6	1.310650E-6	3.337535E-8	3.337535E-8
3.100000E-1	1.405140E-6	1.405140E-6	3.578151E-8	3.578151E-8
3.200000E-1	1.460770E-6	1.460770E-6	3.719812E-8	3.719812E-8
3.300000E-1	1.479330E-6	1.479330E-6	3.767074E-8	3.767074E-8
3.400000E-1	1.597430E-6	1.597430E-6	4.067813E-8	4.067813E-8
3.500000E-1	1.589610E-6	1.589610E-6	4.047899E-8	4.047899E-8
3.600000E-1	1.665960E-6	1.665960E-6	4.242322E-8	4.242322E-8
3.700000E-1	1.767090E-6	1.767090E-6	4.499847E-8	4.499847E-8
3.800000E-1	1.815440E-6	1.815440E-6	4.622969E-8	4.622969E-8
3.900000E-1	1.836900E-6	1.836900E-6	4.677616E-8	4.677616E-8
4.000000E-1	1.840720E-6	1.840720E-6	4.687344E-8	4.687344E-8
4.100000E-1	1.873330E-6	1.873330E-6	4.770384E-8	4.770384E-8
4.200000E-1	1.947160E-6	1.947160E-6	4.958391E-8	4.958391E-8
4.300000E-1	2.098750E-6	2.098750E-6	5.344410E-8	5.344410E-8
4.400000E-1	2.226510E-6	2.226510E-6	5.669748E-8	5.669748E-8
4.500000E-1	2.260220E-6	2.260220E-6	5.755589E-8	5.755589E-8
4.600000E-1	2.328530E-6	2.328530E-6	5.929539E-8	5.929539E-8
4.700000E-1	2.351910E-6	2.351910E-6	5.989076E-8	5.989076E-8
4.800000E-1	2.415730E-6	2.415730E-6	6.151591E-8	6.151591E-8
4.900000E-1	2.437760E-6	2.437760E-6	6.207690E-8	6.207690E-8
5.000000E-1	2.531710E-6	2.531710E-6	6.446931E-8	6.446931E-8
