

12:39:37	04/03/21


Ell Cont: 5,0x10,0

SMU1	V name:		V1
	I name:		I1
	Mode:		V
	Function:	VAR1
SMU2	V name:		V2
	I name:		I2
	Mode:		common
	Function:	const.
SMU3	off
SMU4	off
VMUs	off

Primary Source (VAR1):	single
	Sweep Spacing:	linear
	Start:		-0.500000
	Stop:		0.500000
	Step:		0.010000
	Compliance:	0.050000
Power Compliance OFF

Timing:		Integration Time:	medium
	Delay Time (sec):	0.000000
	Hold Time (sec):	0.000000
	Wait Time (sec):	1.000000

Secondary Source (VAR2):	OFF


   V1	   I1	Abs(I)	J (A\um²)	Abs(J)
-5.000000E-1	-8.352490E-5	8.352490E-5	-2.126939E-6	2.126939E-6
-4.900000E-1	-8.177500E-5	8.177500E-5	-2.082378E-6	2.082378E-6
-4.800000E-1	-8.019640E-5	8.019640E-5	-2.042180E-6	2.042180E-6
-4.700000E-1	-7.889030E-5	7.889030E-5	-2.008920E-6	2.008920E-6
-4.600000E-1	-7.626040E-5	7.626040E-5	-1.941951E-6	1.941951E-6
-4.500000E-1	-7.342360E-5	7.342360E-5	-1.869712E-6	1.869712E-6
-4.400000E-1	-7.238190E-5	7.238190E-5	-1.843186E-6	1.843186E-6
-4.300000E-1	-6.989240E-5	6.989240E-5	-1.779791E-6	1.779791E-6
-4.200000E-1	-6.904430E-5	6.904430E-5	-1.758195E-6	1.758195E-6
-4.100000E-1	-6.735520E-5	6.735520E-5	-1.715182E-6	1.715182E-6
-4.000000E-1	-6.568760E-5	6.568760E-5	-1.672717E-6	1.672717E-6
-3.900000E-1	-6.327390E-5	6.327390E-5	-1.611253E-6	1.611253E-6
-3.800000E-1	-6.141580E-5	6.141580E-5	-1.563937E-6	1.563937E-6
-3.700000E-1	-5.971320E-5	5.971320E-5	-1.520581E-6	1.520581E-6
-3.600000E-1	-5.763940E-5	5.763940E-5	-1.467772E-6	1.467772E-6
-3.500000E-1	-5.510710E-5	5.510710E-5	-1.403287E-6	1.403287E-6
-3.400000E-1	-5.354470E-5	5.354470E-5	-1.363501E-6	1.363501E-6
-3.300000E-1	-5.181260E-5	5.181260E-5	-1.319394E-6	1.319394E-6
-3.200000E-1	-5.020410E-5	5.020410E-5	-1.278434E-6	1.278434E-6
-3.100000E-1	-4.839190E-5	4.839190E-5	-1.232287E-6	1.232287E-6
-3.000000E-1	-4.667940E-5	4.667940E-5	-1.188678E-6	1.188678E-6
-2.900000E-1	-4.511100E-5	4.511100E-5	-1.148739E-6	1.148739E-6
-2.800000E-1	-4.363000E-5	4.363000E-5	-1.111026E-6	1.111026E-6
-2.700000E-1	-4.206570E-5	4.206570E-5	-1.071192E-6	1.071192E-6
-2.600000E-1	-4.046610E-5	4.046610E-5	-1.030458E-6	1.030458E-6
-2.500000E-1	-3.982120E-5	3.982120E-5	-1.014036E-6	1.014036E-6
-2.400000E-1	-3.828640E-5	3.828640E-5	-9.749529E-7	9.749529E-7
-2.300000E-1	-3.677580E-5	3.677580E-5	-9.364859E-7	9.364859E-7
-2.200000E-1	-3.509960E-5	3.509960E-5	-8.938019E-7	8.938019E-7
-2.100000E-1	-3.352370E-5	3.352370E-5	-8.536720E-7	8.536720E-7
-2.000000E-1	-3.175870E-5	3.175870E-5	-8.087268E-7	8.087268E-7
-1.900000E-1	-2.982540E-5	2.982540E-5	-7.594958E-7	7.594958E-7
-1.800000E-1	-2.855500E-5	2.855500E-5	-7.271454E-7	7.271454E-7
-1.700000E-1	-2.693810E-5	2.693810E-5	-6.859715E-7	6.859715E-7
-1.600000E-1	-2.515630E-5	2.515630E-5	-6.405984E-7	6.405984E-7
-1.500000E-1	-2.348510E-5	2.348510E-5	-5.980418E-7	5.980418E-7
-1.400000E-1	-2.209990E-5	2.209990E-5	-5.627680E-7	5.627680E-7
-1.300000E-1	-2.076250E-5	2.076250E-5	-5.287115E-7	5.287115E-7
-1.200000E-1	-1.894610E-5	1.894610E-5	-4.824573E-7	4.824573E-7
-1.100000E-1	-1.743970E-5	1.743970E-5	-4.440973E-7	4.440973E-7
-1.000000E-1	-1.591410E-5	1.591410E-5	-4.052483E-7	4.052483E-7
-9.000000E-2	-1.398810E-5	1.398810E-5	-3.562032E-7	3.562032E-7
-8.000000E-2	-1.265720E-5	1.265720E-5	-3.223122E-7	3.223122E-7
-7.000000E-2	-1.108590E-5	1.108590E-5	-2.822995E-7	2.822995E-7
-6.000000E-2	-9.403580E-6	9.403580E-6	-2.394596E-7	2.394596E-7
-5.000000E-2	-7.918810E-6	7.918810E-6	-2.016504E-7	2.016504E-7
-4.000000E-2	-6.371990E-6	6.371990E-6	-1.622610E-7	1.622610E-7
-3.000000E-2	-4.769490E-6	4.769490E-6	-1.214538E-7	1.214538E-7
-2.000000E-2	-3.178790E-6	3.178790E-6	-8.094703E-8	8.094703E-8
-1.000000E-2	-1.591200E-6	1.591200E-6	-4.051948E-8	4.051948E-8
0.000000E+0	-9.849300E-9	9.849300E-9	-2.508098E-10	2.508098E-10
1.000000E-2	1.578610E-6	1.578610E-6	4.019888E-8	4.019888E-8
2.000000E-2	3.226850E-6	3.226850E-6	8.217087E-8	8.217087E-8
3.000000E-2	4.834410E-6	4.834410E-6	1.231070E-7	1.231070E-7
4.000000E-2	6.476500E-6	6.476500E-6	1.649223E-7	1.649223E-7
5.000000E-2	8.112850E-6	8.112850E-6	2.065915E-7	2.065915E-7
6.000000E-2	9.800550E-6	9.800550E-6	2.495684E-7	2.495684E-7
7.000000E-2	1.137530E-5	1.137530E-5	2.896690E-7	2.896690E-7
8.000000E-2	1.294720E-5	1.294720E-5	3.296970E-7	3.296970E-7
9.000000E-2	1.461330E-5	1.461330E-5	3.721238E-7	3.721238E-7
1.000000E-1	1.570500E-5	1.570500E-5	3.999236E-7	3.999236E-7
1.100000E-1	1.742180E-5	1.742180E-5	4.436415E-7	4.436415E-7
1.200000E-1	1.917590E-5	1.917590E-5	4.883091E-7	4.883091E-7
1.300000E-1	2.098480E-5	2.098480E-5	5.343723E-7	5.343723E-7
1.400000E-1	2.258660E-5	2.258660E-5	5.751617E-7	5.751617E-7
1.500000E-1	2.414740E-5	2.414740E-5	6.149070E-7	6.149070E-7
1.600000E-1	2.614170E-5	2.614170E-5	6.656914E-7	6.656914E-7
1.700000E-1	2.795610E-5	2.795610E-5	7.118946E-7	7.118946E-7
1.800000E-1	3.077040E-5	3.077040E-5	7.835600E-7	7.835600E-7
1.900000E-1	3.258680E-5	3.258680E-5	8.298141E-7	8.298141E-7
2.000000E-1	3.286740E-5	3.286740E-5	8.369595E-7	8.369595E-7
2.100000E-1	3.435850E-5	3.435850E-5	8.749300E-7	8.749300E-7
2.200000E-1	3.606410E-5	3.606410E-5	9.183626E-7	9.183626E-7
2.300000E-1	3.709900E-5	3.709900E-5	9.447161E-7	9.447161E-7
2.400000E-1	3.700080E-5	3.700080E-5	9.422154E-7	9.422154E-7
2.500000E-1	3.846670E-5	3.846670E-5	9.795442E-7	9.795442E-7
2.600000E-1	3.994630E-5	3.994630E-5	1.017222E-6	1.017222E-6
2.700000E-1	4.177860E-5	4.177860E-5	1.063881E-6	1.063881E-6
2.800000E-1	4.308690E-5	4.308690E-5	1.097196E-6	1.097196E-6
2.900000E-1	4.627740E-5	4.627740E-5	1.178442E-6	1.178442E-6
3.000000E-1	4.816500E-5	4.816500E-5	1.226509E-6	1.226509E-6
3.100000E-1	4.912910E-5	4.912910E-5	1.251059E-6	1.251059E-6
3.200000E-1	5.069060E-5	5.069060E-5	1.290822E-6	1.290822E-6
3.300000E-1	5.220320E-5	5.220320E-5	1.329340E-6	1.329340E-6
3.400000E-1	5.431470E-5	5.431470E-5	1.383109E-6	1.383109E-6
3.500000E-1	5.600520E-5	5.600520E-5	1.426157E-6	1.426157E-6
3.600000E-1	5.333930E-5	5.333930E-5	1.358271E-6	1.358271E-6
3.700000E-1	5.364170E-5	5.364170E-5	1.365971E-6	1.365971E-6
3.800000E-1	5.561560E-5	5.561560E-5	1.416236E-6	1.416236E-6
3.900000E-1	5.984020E-5	5.984020E-5	1.523815E-6	1.523815E-6
4.000000E-1	6.079330E-5	6.079330E-5	1.548085E-6	1.548085E-6
4.100000E-1	6.270150E-5	6.270150E-5	1.596677E-6	1.596677E-6
4.200000E-1	6.506380E-5	6.506380E-5	1.656832E-6	1.656832E-6
4.300000E-1	6.695560E-5	6.695560E-5	1.705006E-6	1.705006E-6
4.400000E-1	6.549110E-5	6.549110E-5	1.667713E-6	1.667713E-6
4.500000E-1	6.667110E-5	6.667110E-5	1.697762E-6	1.697762E-6
4.600000E-1	6.910440E-5	6.910440E-5	1.759725E-6	1.759725E-6
4.700000E-1	7.125830E-5	7.125830E-5	1.814573E-6	1.814573E-6
4.800000E-1	7.346960E-5	7.346960E-5	1.870884E-6	1.870884E-6
4.900000E-1	7.563770E-5	7.563770E-5	1.926094E-6	1.926094E-6
5.000000E-1	7.746340E-5	7.746340E-5	1.972585E-6	1.972585E-6
