

12:31:16	04/03/21


Ell Cont: 5,0x10,0

SMU1	V name:		V1
	I name:		I1
	Mode:		V
	Function:	VAR1
SMU2	V name:		V2
	I name:		I2
	Mode:		common
	Function:	const.
SMU3	off
SMU4	off
VMUs	off

Primary Source (VAR1):	single
	Sweep Spacing:	linear
	Start:		-0.500000
	Stop:		0.500000
	Step:		0.010000
	Compliance:	0.050000
Power Compliance OFF

Timing:		Integration Time:	medium
	Delay Time (sec):	0.000000
	Hold Time (sec):	0.000000
	Wait Time (sec):	1.000000

Secondary Source (VAR2):	OFF


   V1	   I1	Abs(I)	J (A\um²)	Abs(J)
-5.000000E-1	-4.720150E-3	4.720150E-3	-1.201974E-4	1.201974E-4
-4.900000E-1	-4.628800E-3	4.628800E-3	-1.178711E-4	1.178711E-4
-4.800000E-1	-4.580350E-3	4.580350E-3	-1.166374E-4	1.166374E-4
-4.700000E-1	-4.485110E-3	4.485110E-3	-1.142121E-4	1.142121E-4
-4.600000E-1	-4.379850E-3	4.379850E-3	-1.115317E-4	1.115317E-4
-4.500000E-1	-4.288280E-3	4.288280E-3	-1.091999E-4	1.091999E-4
-4.400000E-1	-4.198640E-3	4.198640E-3	-1.069172E-4	1.069172E-4
-4.300000E-1	-4.099580E-3	4.099580E-3	-1.043947E-4	1.043947E-4
-4.200000E-1	-4.000640E-3	4.000640E-3	-1.018752E-4	1.018752E-4
-4.100000E-1	-3.909210E-3	3.909210E-3	-9.954698E-5	9.954698E-5
-4.000000E-1	-3.811570E-3	3.811570E-3	-9.706060E-5	9.706060E-5
-3.900000E-1	-3.715030E-3	3.715030E-3	-9.460224E-5	9.460224E-5
-3.800000E-1	-3.620820E-3	3.620820E-3	-9.220321E-5	9.220321E-5
-3.700000E-1	-3.521960E-3	3.521960E-3	-8.968576E-5	8.968576E-5
-3.600000E-1	-3.427330E-3	3.427330E-3	-8.727604E-5	8.727604E-5
-3.500000E-1	-3.325040E-3	3.325040E-3	-8.467125E-5	8.467125E-5
-3.400000E-1	-3.228920E-3	3.228920E-3	-8.222358E-5	8.222358E-5
-3.300000E-1	-3.136110E-3	3.136110E-3	-7.986020E-5	7.986020E-5
-3.200000E-1	-3.039080E-3	3.039080E-3	-7.738935E-5	7.738935E-5
-3.100000E-1	-2.939890E-3	2.939890E-3	-7.486351E-5	7.486351E-5
-3.000000E-1	-2.842410E-3	2.842410E-3	-7.238121E-5	7.238121E-5
-2.900000E-1	-2.745320E-3	2.745320E-3	-6.990884E-5	6.990884E-5
-2.800000E-1	-2.648890E-3	2.648890E-3	-6.745327E-5	6.745327E-5
-2.700000E-1	-2.552540E-3	2.552540E-3	-6.499974E-5	6.499974E-5
-2.600000E-1	-2.455650E-3	2.455650E-3	-6.253247E-5	6.253247E-5
-2.500000E-1	-2.360900E-3	2.360900E-3	-6.011968E-5	6.011968E-5
-2.400000E-1	-2.264970E-3	2.264970E-3	-5.767685E-5	5.767685E-5
-2.300000E-1	-2.166790E-3	2.166790E-3	-5.517672E-5	5.517672E-5
-2.200000E-1	-2.074280E-3	2.074280E-3	-5.282098E-5	5.282098E-5
-2.100000E-1	-1.978910E-3	1.978910E-3	-5.039241E-5	5.039241E-5
-2.000000E-1	-1.886200E-3	1.886200E-3	-4.803158E-5	4.803158E-5
-1.900000E-1	-1.787910E-3	1.787910E-3	-4.552865E-5	4.552865E-5
-1.800000E-1	-1.694850E-3	1.694850E-3	-4.315890E-5	4.315890E-5
-1.700000E-1	-1.598950E-3	1.598950E-3	-4.071683E-5	4.071683E-5
-1.600000E-1	-1.506650E-3	1.506650E-3	-3.836644E-5	3.836644E-5
-1.500000E-1	-1.410010E-3	1.410010E-3	-3.590553E-5	3.590553E-5
-1.400000E-1	-1.318820E-3	1.318820E-3	-3.358340E-5	3.358340E-5
-1.300000E-1	-1.221390E-3	1.221390E-3	-3.110237E-5	3.110237E-5
-1.200000E-1	-1.127670E-3	1.127670E-3	-2.871581E-5	2.871581E-5
-1.100000E-1	-1.031410E-3	1.031410E-3	-2.626458E-5	2.626458E-5
-1.000000E-1	-9.379050E-4	9.379050E-4	-2.388350E-5	2.388350E-5
-9.000000E-2	-8.432670E-4	8.432670E-4	-2.147357E-5	2.147357E-5
-8.000000E-2	-7.499470E-4	7.499470E-4	-1.909720E-5	1.909720E-5
-7.000000E-2	-6.563760E-4	6.563760E-4	-1.671444E-5	1.671444E-5
-6.000000E-2	-5.633890E-4	5.633890E-4	-1.434655E-5	1.434655E-5
-5.000000E-2	-4.690650E-4	4.690650E-4	-1.194461E-5	1.194461E-5
-4.000000E-2	-3.760630E-4	3.760630E-4	-9.576343E-6	9.576343E-6
-3.000000E-2	-2.818190E-4	2.818190E-4	-7.176445E-6	7.176445E-6
-2.000000E-2	-1.879980E-4	1.879980E-4	-4.787319E-6	4.787319E-6
-1.000000E-2	-9.461330E-5	9.461330E-5	-2.409302E-6	2.409302E-6
0.000000E+0	8.804050E-7	8.804050E-7	2.241928E-8	2.241928E-8
1.000000E-2	9.262730E-5	9.262730E-5	2.358729E-6	2.358729E-6
2.000000E-2	1.866250E-4	1.866250E-4	4.752355E-6	4.752355E-6
3.000000E-2	2.797490E-4	2.797490E-4	7.123733E-6	7.123733E-6
4.000000E-2	3.736290E-4	3.736290E-4	9.514362E-6	9.514362E-6
5.000000E-2	4.668140E-4	4.668140E-4	1.188729E-5	1.188729E-5
6.000000E-2	5.605920E-4	5.605920E-4	1.427532E-5	1.427532E-5
7.000000E-2	6.544700E-4	6.544700E-4	1.666590E-5	1.666590E-5
8.000000E-2	7.466630E-4	7.466630E-4	1.901357E-5	1.901357E-5
9.000000E-2	8.398270E-4	8.398270E-4	2.138597E-5	2.138597E-5
1.000000E-1	9.312920E-4	9.312920E-4	2.371510E-5	2.371510E-5
1.100000E-1	1.018881E-3	1.018881E-3	2.594553E-5	2.594553E-5
1.200000E-1	1.107550E-3	1.107550E-3	2.820346E-5	2.820346E-5
1.300000E-1	1.192910E-3	1.192910E-3	3.037713E-5	3.037713E-5
1.400000E-1	1.285590E-3	1.285590E-3	3.273720E-5	3.273720E-5
1.500000E-1	1.379420E-3	1.379420E-3	3.512656E-5	3.512656E-5
1.600000E-1	1.476590E-3	1.476590E-3	3.760097E-5	3.760097E-5
1.700000E-1	1.577920E-3	1.577920E-3	4.018131E-5	4.018131E-5
1.800000E-1	1.677700E-3	1.677700E-3	4.272218E-5	4.272218E-5
1.900000E-1	1.785920E-3	1.785920E-3	4.547797E-5	4.547797E-5
2.000000E-1	1.906430E-3	1.906430E-3	4.854673E-5	4.854673E-5
2.100000E-1	2.031600E-3	2.031600E-3	5.173415E-5	5.173415E-5
2.200000E-1	2.139170E-3	2.139170E-3	5.447339E-5	5.447339E-5
2.300000E-1	2.251290E-3	2.251290E-3	5.732849E-5	5.732849E-5
2.400000E-1	2.376190E-3	2.376190E-3	6.050904E-5	6.050904E-5
2.500000E-1	2.471560E-3	2.471560E-3	6.293761E-5	6.293761E-5
2.600000E-1	2.522840E-3	2.522840E-3	6.424344E-5	6.424344E-5
2.700000E-1	2.578620E-3	2.578620E-3	6.566386E-5	6.566386E-5
2.800000E-1	2.566620E-3	2.566620E-3	6.535829E-5	6.535829E-5
2.900000E-1	2.649370E-3	2.649370E-3	6.746549E-5	6.746549E-5
3.000000E-1	2.737520E-3	2.737520E-3	6.971021E-5	6.971021E-5
3.100000E-1	2.739760E-3	2.739760E-3	6.976725E-5	6.976725E-5
3.200000E-1	2.773240E-3	2.773240E-3	7.061981E-5	7.061981E-5
3.300000E-1	2.839500E-3	2.839500E-3	7.230710E-5	7.230710E-5
3.400000E-1	2.961810E-3	2.961810E-3	7.542170E-5	7.542170E-5
3.500000E-1	3.067470E-3	3.067470E-3	7.811230E-5	7.811230E-5
3.600000E-1	2.900010E-3	2.900010E-3	7.384797E-5	7.384797E-5
3.700000E-1	2.977130E-3	2.977130E-3	7.581181E-5	7.581181E-5
3.800000E-1	3.113550E-3	3.113550E-3	7.928571E-5	7.928571E-5
3.900000E-1	3.001080E-3	3.001080E-3	7.642170E-5	7.642170E-5
4.000000E-1	3.199240E-3	3.199240E-3	8.146779E-5	8.146779E-5
4.100000E-1	3.335440E-3	3.335440E-3	8.493608E-5	8.493608E-5
4.200000E-1	3.388380E-3	3.388380E-3	8.628419E-5	8.628419E-5
4.300000E-1	3.474520E-3	3.474520E-3	8.847772E-5	8.847772E-5
4.400000E-1	3.584240E-3	3.584240E-3	9.127171E-5	9.127171E-5
4.500000E-1	3.720030E-3	3.720030E-3	9.472956E-5	9.472956E-5
4.600000E-1	3.749580E-3	3.749580E-3	9.548205E-5	9.548205E-5
4.700000E-1	3.781530E-3	3.781530E-3	9.629564E-5	9.629564E-5
4.800000E-1	3.792050E-3	3.792050E-3	9.656353E-5	9.656353E-5
4.900000E-1	3.873050E-3	3.873050E-3	9.862618E-5	9.862618E-5
5.000000E-1	4.002010E-3	4.002010E-3	1.019101E-4	1.019101E-4
