

12:51:07	04/03/21


Ell Cont: 5,0x10,0

SMU1	V name:		V1
	I name:		I1
	Mode:		V
	Function:	VAR1
SMU2	V name:		V2
	I name:		I2
	Mode:		common
	Function:	const.
SMU3	off
SMU4	off
VMUs	off

Primary Source (VAR1):	single
	Sweep Spacing:	linear
	Start:		-0.500000
	Stop:		0.500000
	Step:		0.010000
	Compliance:	0.050000
Power Compliance OFF

Timing:		Integration Time:	medium
	Delay Time (sec):	0.000000
	Hold Time (sec):	0.000000
	Wait Time (sec):	1.000000

Secondary Source (VAR2):	OFF


   V1	   I1	Abs(I)	J (A\um²)	Abs(J)
-5.000000E-1	-2.866040E-6	2.866040E-6	-7.298294E-8	7.298294E-8
-4.900000E-1	-2.666520E-6	2.666520E-6	-6.790221E-8	6.790221E-8
-4.800000E-1	-2.635730E-6	2.635730E-6	-6.711816E-8	6.711816E-8
-4.700000E-1	-2.673040E-6	2.673040E-6	-6.806824E-8	6.806824E-8
-4.600000E-1	-2.599890E-6	2.599890E-6	-6.620550E-8	6.620550E-8
-4.500000E-1	-2.636230E-6	2.636230E-6	-6.713089E-8	6.713089E-8
-4.400000E-1	-2.554700E-6	2.554700E-6	-6.505475E-8	6.505475E-8
-4.300000E-1	-2.615040E-6	2.615040E-6	-6.659129E-8	6.659129E-8
-4.200000E-1	-2.552340E-6	2.552340E-6	-6.499465E-8	6.499465E-8
-4.100000E-1	-2.566310E-6	2.566310E-6	-6.535039E-8	6.535039E-8
-4.000000E-1	-2.497920E-6	2.497920E-6	-6.360886E-8	6.360886E-8
-3.900000E-1	-2.470030E-6	2.470030E-6	-6.289865E-8	6.289865E-8
-3.800000E-1	-2.346880E-6	2.346880E-6	-5.976267E-8	5.976267E-8
-3.700000E-1	-2.282020E-6	2.282020E-6	-5.811103E-8	5.811103E-8
-3.600000E-1	-2.312660E-6	2.312660E-6	-5.889126E-8	5.889126E-8
-3.500000E-1	-2.261050E-6	2.261050E-6	-5.757703E-8	5.757703E-8
-3.400000E-1	-2.175910E-6	2.175910E-6	-5.540896E-8	5.540896E-8
-3.300000E-1	-2.136270E-6	2.136270E-6	-5.439954E-8	5.439954E-8
-3.200000E-1	-2.130490E-6	2.130490E-6	-5.425235E-8	5.425235E-8
-3.100000E-1	-2.125070E-6	2.125070E-6	-5.411434E-8	5.411434E-8
-3.000000E-1	-2.131810E-6	2.131810E-6	-5.428597E-8	5.428597E-8
-2.900000E-1	-2.048110E-6	2.048110E-6	-5.215457E-8	5.215457E-8
-2.800000E-1	-2.015430E-6	2.015430E-6	-5.132238E-8	5.132238E-8
-2.700000E-1	-1.950030E-6	1.950030E-6	-4.965699E-8	4.965699E-8
-2.600000E-1	-1.891110E-6	1.891110E-6	-4.815661E-8	4.815661E-8
-2.500000E-1	-1.865310E-6	1.865310E-6	-4.749962E-8	4.749962E-8
-2.400000E-1	-1.783540E-6	1.783540E-6	-4.541737E-8	4.541737E-8
-2.300000E-1	-1.802340E-6	1.802340E-6	-4.589610E-8	4.589610E-8
-2.200000E-1	-1.746890E-6	1.746890E-6	-4.448408E-8	4.448408E-8
-2.100000E-1	-1.671800E-6	1.671800E-6	-4.257194E-8	4.257194E-8
-2.000000E-1	-1.585850E-6	1.585850E-6	-4.038324E-8	4.038324E-8
-1.900000E-1	-1.528560E-6	1.528560E-6	-3.892437E-8	3.892437E-8
-1.800000E-1	-1.466190E-6	1.466190E-6	-3.733613E-8	3.733613E-8
-1.700000E-1	-1.386510E-6	1.386510E-6	-3.530710E-8	3.530710E-8
-1.600000E-1	-1.317170E-6	1.317170E-6	-3.354138E-8	3.354138E-8
-1.500000E-1	-1.232510E-6	1.232510E-6	-3.138554E-8	3.138554E-8
-1.400000E-1	-1.171750E-6	1.171750E-6	-2.983830E-8	2.983830E-8
-1.300000E-1	-1.083490E-6	1.083490E-6	-2.759078E-8	2.759078E-8
-1.200000E-1	-1.009690E-6	1.009690E-6	-2.571148E-8	2.571148E-8
-1.100000E-1	-9.369400E-7	9.369400E-7	-2.385893E-8	2.385893E-8
-1.000000E-1	-8.556230E-7	8.556230E-7	-2.178821E-8	2.178821E-8
-9.000000E-2	-7.746210E-7	7.746210E-7	-1.972552E-8	1.972552E-8
-8.000000E-2	-6.970880E-7	6.970880E-7	-1.775116E-8	1.775116E-8
-7.000000E-2	-6.131360E-7	6.131360E-7	-1.561334E-8	1.561334E-8
-6.000000E-2	-5.285580E-7	5.285580E-7	-1.345959E-8	1.345959E-8
-5.000000E-2	-4.480500E-7	4.480500E-7	-1.140947E-8	1.140947E-8
-4.000000E-2	-3.617480E-7	3.617480E-7	-9.211816E-9	9.211816E-9
-3.000000E-2	-2.730480E-7	2.730480E-7	-6.953094E-9	6.953094E-9
-2.000000E-2	-1.839810E-7	1.839810E-7	-4.685027E-9	4.685027E-9
-1.000000E-2	-9.371240E-8	9.371240E-8	-2.386361E-9	2.386361E-9
0.000000E+0	-5.990700E-10	5.990700E-10	-1.525516E-11	1.525516E-11
1.000000E-2	9.266820E-8	9.266820E-8	2.359771E-9	2.359771E-9
2.000000E-2	1.906830E-7	1.906830E-7	4.855691E-9	4.855691E-9
3.000000E-2	2.866550E-7	2.866550E-7	7.299592E-9	7.299592E-9
4.000000E-2	3.851690E-7	3.851690E-7	9.808225E-9	9.808225E-9
5.000000E-2	4.873710E-7	4.873710E-7	1.241077E-8	1.241077E-8
6.000000E-2	5.642360E-7	5.642360E-7	1.436812E-8	1.436812E-8
7.000000E-2	6.634820E-7	6.634820E-7	1.689539E-8	1.689539E-8
8.000000E-2	7.751090E-7	7.751090E-7	1.973794E-8	1.973794E-8
9.000000E-2	8.666750E-7	8.666750E-7	2.206965E-8	2.206965E-8
1.000000E-1	9.711410E-7	9.711410E-7	2.472984E-8	2.472984E-8
1.100000E-1	1.071311E-6	1.071311E-6	2.728065E-8	2.728065E-8
1.200000E-1	1.182970E-6	1.182970E-6	3.012401E-8	3.012401E-8
1.300000E-1	1.301900E-6	1.301900E-6	3.315253E-8	3.315253E-8
1.400000E-1	1.397950E-6	1.397950E-6	3.559842E-8	3.559842E-8
1.500000E-1	1.522990E-6	1.522990E-6	3.878253E-8	3.878253E-8
1.600000E-1	1.614060E-6	1.614060E-6	4.110160E-8	4.110160E-8
1.700000E-1	1.767190E-6	1.767190E-6	4.500102E-8	4.500102E-8
1.800000E-1	1.859790E-6	1.859790E-6	4.735905E-8	4.735905E-8
1.900000E-1	1.782600E-6	1.782600E-6	4.539343E-8	4.539343E-8
2.000000E-1	1.792130E-6	1.792130E-6	4.563611E-8	4.563611E-8
2.100000E-1	1.810690E-6	1.810690E-6	4.610873E-8	4.610873E-8
2.200000E-1	1.075280E-6	1.075280E-6	2.738172E-8	2.738172E-8
2.300000E-1	1.419100E-6	1.419100E-6	3.613700E-8	3.613700E-8
2.400000E-1	1.511490E-6	1.511490E-6	3.848969E-8	3.848969E-8
2.500000E-1	1.512350E-6	1.512350E-6	3.851159E-8	3.851159E-8
2.600000E-1	1.531080E-6	1.531080E-6	3.898854E-8	3.898854E-8
2.700000E-1	1.708750E-6	1.708750E-6	4.351286E-8	4.351286E-8
2.800000E-1	1.643840E-6	1.643840E-6	4.185994E-8	4.185994E-8
2.900000E-1	1.393250E-6	1.393250E-6	3.547874E-8	3.547874E-8
3.000000E-1	1.418900E-6	1.418900E-6	3.613191E-8	3.613191E-8
3.100000E-1	1.850120E-6	1.850120E-6	4.711281E-8	4.711281E-8
3.200000E-1	1.422760E-6	1.422760E-6	3.623020E-8	3.623020E-8
3.300000E-1	5.495670E-7	5.495670E-7	1.399458E-8	1.399458E-8
3.400000E-1	5.409030E-7	5.409030E-7	1.377395E-8	1.377395E-8
3.500000E-1	5.996020E-7	5.996020E-7	1.526870E-8	1.526870E-8
3.600000E-1	6.208460E-7	6.208460E-7	1.580968E-8	1.580968E-8
3.700000E-1	6.303470E-7	6.303470E-7	1.605162E-8	1.605162E-8
3.800000E-1	6.484610E-7	6.484610E-7	1.651288E-8	1.651288E-8
3.900000E-1	6.784530E-7	6.784530E-7	1.727662E-8	1.727662E-8
4.000000E-1	7.583100E-7	7.583100E-7	1.931016E-8	1.931016E-8
4.100000E-1	7.355660E-7	7.355660E-7	1.873099E-8	1.873099E-8
4.200000E-1	8.358670E-7	8.358670E-7	2.128513E-8	2.128513E-8
4.300000E-1	8.958430E-7	8.958430E-7	2.281240E-8	2.281240E-8
4.400000E-1	9.403390E-7	9.403390E-7	2.394548E-8	2.394548E-8
4.500000E-1	9.491690E-7	9.491690E-7	2.417033E-8	2.417033E-8
4.600000E-1	9.549150E-7	9.549150E-7	2.431665E-8	2.431665E-8
4.700000E-1	1.005588E-6	1.005588E-6	2.560703E-8	2.560703E-8
4.800000E-1	1.068529E-6	1.068529E-6	2.720980E-8	2.720980E-8
4.900000E-1	1.084386E-6	1.084386E-6	2.761360E-8	2.761360E-8
5.000000E-1	1.155980E-6	1.155980E-6	2.943672E-8	2.943672E-8
