

12:46:09	04/03/21


Ell Cont: 5,0x10,0

SMU1	V name:		V1
	I name:		I1
	Mode:		V
	Function:	VAR1
SMU2	V name:		V2
	I name:		I2
	Mode:		common
	Function:	const.
SMU3	off
SMU4	off
VMUs	off

Primary Source (VAR1):	single
	Sweep Spacing:	linear
	Start:		-0.500000
	Stop:		0.500000
	Step:		0.010000
	Compliance:	0.050000
Power Compliance OFF

Timing:		Integration Time:	medium
	Delay Time (sec):	0.000000
	Hold Time (sec):	0.000000
	Wait Time (sec):	1.000000

Secondary Source (VAR2):	OFF


   V1	   I1	Abs(I)	J (A\um²)	Abs(J)
-5.000000E-1	-1.979720E-4	1.979720E-4	-5.041304E-6	5.041304E-6
-4.900000E-1	-1.933680E-4	1.933680E-4	-4.924064E-6	4.924064E-6
-4.800000E-1	-1.891800E-4	1.891800E-4	-4.817418E-6	4.817418E-6
-4.700000E-1	-1.817260E-4	1.817260E-4	-4.627604E-6	4.627604E-6
-4.600000E-1	-1.813010E-4	1.813010E-4	-4.616781E-6	4.616781E-6
-4.500000E-1	-1.757860E-4	1.757860E-4	-4.476343E-6	4.476343E-6
-4.400000E-1	-1.666810E-4	1.666810E-4	-4.244487E-6	4.244487E-6
-4.300000E-1	-1.591260E-4	1.591260E-4	-4.052101E-6	4.052101E-6
-4.200000E-1	-1.560340E-4	1.560340E-4	-3.973364E-6	3.973364E-6
-4.100000E-1	-1.529370E-4	1.529370E-4	-3.894500E-6	3.894500E-6
-4.000000E-1	-1.477940E-4	1.477940E-4	-3.763534E-6	3.763534E-6
-3.900000E-1	-1.415120E-4	1.415120E-4	-3.603565E-6	3.603565E-6
-3.800000E-1	-1.358510E-4	1.358510E-4	-3.459409E-6	3.459409E-6
-3.700000E-1	-1.277560E-4	1.277560E-4	-3.253272E-6	3.253272E-6
-3.600000E-1	-1.256400E-4	1.256400E-4	-3.199389E-6	3.199389E-6
-3.500000E-1	-1.212350E-4	1.212350E-4	-3.087217E-6	3.087217E-6
-3.400000E-1	-1.197830E-4	1.197830E-4	-3.050242E-6	3.050242E-6
-3.300000E-1	-1.131020E-4	1.131020E-4	-2.880112E-6	2.880112E-6
-3.200000E-1	-1.105950E-4	1.105950E-4	-2.816272E-6	2.816272E-6
-3.100000E-1	-1.058340E-4	1.058340E-4	-2.695034E-6	2.695034E-6
-3.000000E-1	-1.031060E-4	1.031060E-4	-2.625567E-6	2.625567E-6
-2.900000E-1	-9.933430E-5	9.933430E-5	-2.529521E-6	2.529521E-6
-2.800000E-1	-9.408830E-5	9.408830E-5	-2.395933E-6	2.395933E-6
-2.700000E-1	-9.206590E-5	9.206590E-5	-2.344433E-6	2.344433E-6
-2.600000E-1	-8.727760E-5	8.727760E-5	-2.222501E-6	2.222501E-6
-2.500000E-1	-8.333620E-5	8.333620E-5	-2.122134E-6	2.122134E-6
-2.400000E-1	-8.370460E-5	8.370460E-5	-2.131515E-6	2.131515E-6
-2.300000E-1	-7.750210E-5	7.750210E-5	-1.973570E-6	1.973570E-6
-2.200000E-1	-7.322060E-5	7.322060E-5	-1.864543E-6	1.864543E-6
-2.100000E-1	-7.100410E-5	7.100410E-5	-1.808100E-6	1.808100E-6
-2.000000E-1	-6.780760E-5	6.780760E-5	-1.726702E-6	1.726702E-6
-1.900000E-1	-6.431660E-5	6.431660E-5	-1.637805E-6	1.637805E-6
-1.800000E-1	-6.032650E-5	6.032650E-5	-1.536198E-6	1.536198E-6
-1.700000E-1	-5.772620E-5	5.772620E-5	-1.469982E-6	1.469982E-6
-1.600000E-1	-5.327190E-5	5.327190E-5	-1.356555E-6	1.356555E-6
-1.500000E-1	-4.999020E-5	4.999020E-5	-1.272987E-6	1.272987E-6
-1.400000E-1	-4.807640E-5	4.807640E-5	-1.224253E-6	1.224253E-6
-1.300000E-1	-4.472780E-5	4.472780E-5	-1.138981E-6	1.138981E-6
-1.200000E-1	-4.118830E-5	4.118830E-5	-1.048849E-6	1.048849E-6
-1.100000E-1	-3.681040E-5	3.681040E-5	-9.373669E-7	9.373669E-7
-1.000000E-1	-3.392810E-5	3.392810E-5	-8.639699E-7	8.639699E-7
-9.000000E-2	-2.984060E-5	2.984060E-5	-7.598829E-7	7.598829E-7
-8.000000E-2	-2.619700E-5	2.619700E-5	-6.670996E-7	6.670996E-7
-7.000000E-2	-2.350800E-5	2.350800E-5	-5.986249E-7	5.986249E-7
-6.000000E-2	-2.004160E-5	2.004160E-5	-5.103540E-7	5.103540E-7
-5.000000E-2	-1.635280E-5	1.635280E-5	-4.164197E-7	4.164197E-7
-4.000000E-2	-1.348640E-5	1.348640E-5	-3.434275E-7	3.434275E-7
-3.000000E-2	-9.930700E-6	9.930700E-6	-2.528826E-7	2.528826E-7
-2.000000E-2	-6.584410E-6	6.584410E-6	-1.676702E-7	1.676702E-7
-1.000000E-2	-3.360590E-6	3.360590E-6	-8.557652E-8	8.557652E-8
0.000000E+0	-2.415450E-8	2.415450E-8	-6.150878E-10	6.150878E-10
1.000000E-2	3.420390E-6	3.420390E-6	8.709931E-8	8.709931E-8
2.000000E-2	6.775530E-6	6.775530E-6	1.725370E-7	1.725370E-7
3.000000E-2	1.037108E-5	1.037108E-5	2.640968E-7	2.640968E-7
4.000000E-2	1.357880E-5	1.357880E-5	3.457805E-7	3.457805E-7
5.000000E-2	1.694730E-5	1.694730E-5	4.315584E-7	4.315584E-7
6.000000E-2	2.039000E-5	2.039000E-5	5.192259E-7	5.192259E-7
7.000000E-2	2.441100E-5	2.441100E-5	6.216195E-7	6.216195E-7
8.000000E-2	2.691160E-5	2.691160E-5	6.852967E-7	6.852967E-7
9.000000E-2	3.158650E-5	3.158650E-5	8.043417E-7	8.043417E-7
1.000000E-1	3.519290E-5	3.519290E-5	8.961777E-7	8.961777E-7
1.100000E-1	3.804350E-5	3.804350E-5	9.687675E-7	9.687675E-7
1.200000E-1	4.091320E-5	4.091320E-5	1.041844E-6	1.041844E-6
1.300000E-1	4.431650E-5	4.431650E-5	1.128508E-6	1.128508E-6
1.400000E-1	4.821060E-5	4.821060E-5	1.227670E-6	1.227670E-6
1.500000E-1	5.230470E-5	5.230470E-5	1.331925E-6	1.331925E-6
1.600000E-1	5.701080E-5	5.701080E-5	1.451765E-6	1.451765E-6
1.700000E-1	6.088140E-5	6.088140E-5	1.550328E-6	1.550328E-6
1.800000E-1	6.191690E-5	6.191690E-5	1.576697E-6	1.576697E-6
1.900000E-1	6.425460E-5	6.425460E-5	1.636226E-6	1.636226E-6
2.000000E-1	6.835550E-5	6.835550E-5	1.740654E-6	1.740654E-6
2.100000E-1	7.208530E-5	7.208530E-5	1.835633E-6	1.835633E-6
2.200000E-1	7.606920E-5	7.606920E-5	1.937082E-6	1.937082E-6
2.300000E-1	7.936470E-5	7.936470E-5	2.021001E-6	2.021001E-6
2.400000E-1	8.574480E-5	8.574480E-5	2.183468E-6	2.183468E-6
2.500000E-1	8.745610E-5	8.745610E-5	2.227046E-6	2.227046E-6
2.600000E-1	8.950780E-5	8.950780E-5	2.279292E-6	2.279292E-6
2.700000E-1	9.677800E-5	9.677800E-5	2.464426E-6	2.464426E-6
2.800000E-1	1.021542E-4	1.021542E-4	2.601329E-6	2.601329E-6
2.900000E-1	1.025142E-4	1.025142E-4	2.610497E-6	2.610497E-6
3.000000E-1	1.053864E-4	1.053864E-4	2.683636E-6	2.683636E-6
3.100000E-1	1.094779E-4	1.094779E-4	2.787825E-6	2.787825E-6
3.200000E-1	1.096723E-4	1.096723E-4	2.792776E-6	2.792776E-6
3.300000E-1	1.058046E-4	1.058046E-4	2.694286E-6	2.694286E-6
3.400000E-1	1.084642E-4	1.084642E-4	2.762012E-6	2.762012E-6
3.500000E-1	1.130002E-4	1.130002E-4	2.877520E-6	2.877520E-6
3.600000E-1	1.220490E-4	1.220490E-4	3.107945E-6	3.107945E-6
3.700000E-1	1.239680E-4	1.239680E-4	3.156812E-6	3.156812E-6
3.800000E-1	1.269580E-4	1.269580E-4	3.232951E-6	3.232951E-6
3.900000E-1	1.292460E-4	1.292460E-4	3.291215E-6	3.291215E-6
4.000000E-1	1.293500E-4	1.293500E-4	3.293863E-6	3.293863E-6
4.100000E-1	1.346420E-4	1.346420E-4	3.428622E-6	3.428622E-6
4.200000E-1	1.429470E-4	1.429470E-4	3.640107E-6	3.640107E-6
4.300000E-1	1.447470E-4	1.447470E-4	3.685943E-6	3.685943E-6
4.400000E-1	1.469160E-4	1.469160E-4	3.741176E-6	3.741176E-6
4.500000E-1	1.522190E-4	1.522190E-4	3.876216E-6	3.876216E-6
4.600000E-1	1.560560E-4	1.560560E-4	3.973924E-6	3.973924E-6
4.700000E-1	1.588090E-4	1.588090E-4	4.044028E-6	4.044028E-6
4.800000E-1	1.655690E-4	1.655690E-4	4.216170E-6	4.216170E-6
4.900000E-1	1.702900E-4	1.702900E-4	4.336389E-6	4.336389E-6
5.000000E-1	1.756730E-4	1.756730E-4	4.473466E-6	4.473466E-6
