

12:29:31	04/03/21


Ell Cont: 5,0x10,0

SMU1	V name:		V1
	I name:		I1
	Mode:		V
	Function:	VAR1
SMU2	V name:		V2
	I name:		I2
	Mode:		common
	Function:	const.
SMU3	off
SMU4	off
VMUs	off

Primary Source (VAR1):	single
	Sweep Spacing:	linear
	Start:		-0.500000
	Stop:		0.500000
	Step:		0.010000
	Compliance:	0.050000
Power Compliance OFF

Timing:		Integration Time:	medium
	Delay Time (sec):	0.000000
	Hold Time (sec):	0.000000
	Wait Time (sec):	1.000000

Secondary Source (VAR2):	OFF


   V1	   I1	Abs(I)	J (A\um²)	Abs(J)
-5.000000E-1	-5.120410E-4	5.120410E-4	-1.303899E-5	1.303899E-5
-4.900000E-1	-4.907060E-4	4.907060E-4	-1.249570E-5	1.249570E-5
-4.800000E-1	-5.296620E-4	5.296620E-4	-1.348770E-5	1.348770E-5
-4.700000E-1	-5.391870E-4	5.391870E-4	-1.373025E-5	1.373025E-5
-4.600000E-1	-5.253230E-4	5.253230E-4	-1.337721E-5	1.337721E-5
-4.500000E-1	-5.295680E-4	5.295680E-4	-1.348531E-5	1.348531E-5
-4.400000E-1	-5.197340E-4	5.197340E-4	-1.323489E-5	1.323489E-5
-4.300000E-1	-4.837100E-4	4.837100E-4	-1.231755E-5	1.231755E-5
-4.200000E-1	-4.763860E-4	4.763860E-4	-1.213104E-5	1.213104E-5
-4.100000E-1	-4.740480E-4	4.740480E-4	-1.207150E-5	1.207150E-5
-4.000000E-1	-4.724350E-4	4.724350E-4	-1.203043E-5	1.203043E-5
-3.900000E-1	-4.567960E-4	4.567960E-4	-1.163219E-5	1.163219E-5
-3.800000E-1	-4.295590E-4	4.295590E-4	-1.093860E-5	1.093860E-5
-3.700000E-1	-3.883720E-4	3.883720E-4	-9.889789E-6	9.889789E-6
-3.600000E-1	-3.576510E-4	3.576510E-4	-9.107487E-6	9.107487E-6
-3.500000E-1	-3.457180E-4	3.457180E-4	-8.803616E-6	8.803616E-6
-3.400000E-1	-3.294550E-4	3.294550E-4	-8.389483E-6	8.389483E-6
-3.300000E-1	-3.464450E-4	3.464450E-4	-8.822129E-6	8.822129E-6
-3.200000E-1	-3.440240E-4	3.440240E-4	-8.760479E-6	8.760479E-6
-3.100000E-1	-3.239540E-4	3.239540E-4	-8.249401E-6	8.249401E-6
-3.000000E-1	-2.744710E-4	2.744710E-4	-6.989330E-6	6.989330E-6
-2.900000E-1	-2.485650E-4	2.485650E-4	-6.329641E-6	6.329641E-6
-2.800000E-1	-2.256400E-4	2.256400E-4	-5.745862E-6	5.745862E-6
-2.700000E-1	-3.249800E-4	3.249800E-4	-8.275528E-6	8.275528E-6
-2.600000E-1	-5.700520E-4	5.700520E-4	-1.451622E-5	1.451622E-5
-2.500000E-1	-1.033076E-3	1.033076E-3	-2.630700E-5	2.630700E-5
-2.400000E-1	-1.279860E-3	1.279860E-3	-3.259129E-5	3.259129E-5
-2.300000E-1	-1.301860E-3	1.301860E-3	-3.315151E-5	3.315151E-5
-2.200000E-1	-1.307080E-3	1.307080E-3	-3.328444E-5	3.328444E-5
-2.100000E-1	-1.268110E-3	1.268110E-3	-3.229208E-5	3.229208E-5
-2.000000E-1	-1.241280E-3	1.241280E-3	-3.160886E-5	3.160886E-5
-1.900000E-1	-1.200190E-3	1.200190E-3	-3.056252E-5	3.056252E-5
-1.800000E-1	-1.156040E-3	1.156040E-3	-2.943825E-5	2.943825E-5
-1.700000E-1	-1.082730E-3	1.082730E-3	-2.757143E-5	2.757143E-5
-1.600000E-1	-1.026140E-3	1.026140E-3	-2.613038E-5	2.613038E-5
-1.500000E-1	-9.654000E-4	9.654000E-4	-2.458365E-5	2.458365E-5
-1.400000E-1	-9.131200E-4	9.131200E-4	-2.325236E-5	2.325236E-5
-1.300000E-1	-8.511560E-4	8.511560E-4	-2.167446E-5	2.167446E-5
-1.200000E-1	-7.943180E-4	7.943180E-4	-2.022709E-5	2.022709E-5
-1.100000E-1	-7.246650E-4	7.246650E-4	-1.845340E-5	1.845340E-5
-1.000000E-1	-6.558930E-4	6.558930E-4	-1.670214E-5	1.670214E-5
-9.000000E-2	-5.892700E-4	5.892700E-4	-1.500560E-5	1.500560E-5
-8.000000E-2	-5.316830E-4	5.316830E-4	-1.353916E-5	1.353916E-5
-7.000000E-2	-4.612350E-4	4.612350E-4	-1.174523E-5	1.174523E-5
-6.000000E-2	-3.957380E-4	3.957380E-4	-1.007736E-5	1.007736E-5
-5.000000E-2	-3.324210E-4	3.324210E-4	-8.465011E-6	8.465011E-6
-4.000000E-2	-2.658010E-4	2.658010E-4	-6.768551E-6	6.768551E-6
-3.000000E-2	-1.953550E-4	1.953550E-4	-4.974663E-6	4.974663E-6
-2.000000E-2	-1.301020E-4	1.301020E-4	-3.313012E-6	3.313012E-6
-1.000000E-2	-6.593320E-5	6.593320E-5	-1.678971E-6	1.678971E-6
0.000000E+0	-4.460000E-7	4.460000E-7	-1.135727E-8	1.135727E-8
1.000000E-2	6.316510E-5	6.316510E-5	1.608482E-6	1.608482E-6
2.000000E-2	1.290880E-4	1.290880E-4	3.287191E-6	3.287191E-6
3.000000E-2	1.920610E-4	1.920610E-4	4.890782E-6	4.890782E-6
4.000000E-2	2.601390E-4	2.601390E-4	6.624370E-6	6.624370E-6
5.000000E-2	3.276390E-4	3.276390E-4	8.343239E-6	8.343239E-6
6.000000E-2	3.933400E-4	3.933400E-4	1.001630E-5	1.001630E-5
7.000000E-2	4.629630E-4	4.629630E-4	1.178923E-5	1.178923E-5
8.000000E-2	5.372360E-4	5.372360E-4	1.368057E-5	1.368057E-5
9.000000E-2	6.096730E-4	6.096730E-4	1.552516E-5	1.552516E-5
1.000000E-1	6.873800E-4	6.873800E-4	1.750395E-5	1.750395E-5
1.100000E-1	7.601810E-4	7.601810E-4	1.935780E-5	1.935780E-5
1.200000E-1	8.323200E-4	8.323200E-4	2.119480E-5	2.119480E-5
1.300000E-1	9.055310E-4	9.055310E-4	2.305910E-5	2.305910E-5
1.400000E-1	9.754520E-4	9.754520E-4	2.483962E-5	2.483962E-5
1.500000E-1	1.043112E-3	1.043112E-3	2.656257E-5	2.656257E-5
1.600000E-1	1.110542E-3	1.110542E-3	2.827965E-5	2.827965E-5
1.700000E-1	1.176250E-3	1.176250E-3	2.995289E-5	2.995289E-5
1.800000E-1	1.234820E-3	1.234820E-3	3.144436E-5	3.144436E-5
1.900000E-1	1.286930E-3	1.286930E-3	3.277133E-5	3.277133E-5
2.000000E-1	1.360520E-3	1.360520E-3	3.464528E-5	3.464528E-5
2.100000E-1	1.407420E-3	1.407420E-3	3.583957E-5	3.583957E-5
2.200000E-1	1.448830E-3	1.448830E-3	3.689407E-5	3.689407E-5
2.300000E-1	1.501190E-3	1.501190E-3	3.822740E-5	3.822740E-5
2.400000E-1	1.559140E-3	1.559140E-3	3.970308E-5	3.970308E-5
2.500000E-1	1.611880E-3	1.611880E-3	4.104609E-5	4.104609E-5
2.600000E-1	1.669460E-3	1.669460E-3	4.251235E-5	4.251235E-5
2.700000E-1	1.713700E-3	1.713700E-3	4.363891E-5	4.363891E-5
2.800000E-1	1.775700E-3	1.775700E-3	4.521772E-5	4.521772E-5
2.900000E-1	1.856860E-3	1.856860E-3	4.728444E-5	4.728444E-5
3.000000E-1	1.944060E-3	1.944060E-3	4.950497E-5	4.950497E-5
3.100000E-1	2.069430E-3	2.069430E-3	5.269748E-5	5.269748E-5
3.200000E-1	2.195990E-3	2.195990E-3	5.592029E-5	5.592029E-5
3.300000E-1	2.298550E-3	2.298550E-3	5.853196E-5	5.853196E-5
3.400000E-1	2.342340E-3	2.342340E-3	5.964706E-5	5.964706E-5
3.500000E-1	2.361230E-3	2.361230E-3	6.012809E-5	6.012809E-5
3.600000E-1	2.422090E-3	2.422090E-3	6.167787E-5	6.167787E-5
3.700000E-1	2.484170E-3	2.484170E-3	6.325872E-5	6.325872E-5
3.800000E-1	2.551230E-3	2.551230E-3	6.496639E-5	6.496639E-5
3.900000E-1	2.570530E-3	2.570530E-3	6.545786E-5	6.545786E-5
4.000000E-1	2.541920E-3	2.541920E-3	6.472931E-5	6.472931E-5
4.100000E-1	2.609930E-3	2.609930E-3	6.646117E-5	6.646117E-5
4.200000E-1	2.669850E-3	2.669850E-3	6.798701E-5	6.798701E-5
4.300000E-1	2.717090E-3	2.717090E-3	6.918997E-5	6.918997E-5
4.400000E-1	2.791800E-3	2.791800E-3	7.109244E-5	7.109244E-5
4.500000E-1	2.854810E-3	2.854810E-3	7.269697E-5	7.269697E-5
4.600000E-1	2.840260E-3	2.840260E-3	7.232646E-5	7.232646E-5
4.700000E-1	2.910940E-3	2.910940E-3	7.412630E-5	7.412630E-5
4.800000E-1	2.953510E-3	2.953510E-3	7.521034E-5	7.521034E-5
4.900000E-1	2.996250E-3	2.996250E-3	7.629870E-5	7.629870E-5
5.000000E-1	3.061040E-3	3.061040E-3	7.794856E-5	7.794856E-5
