

12:24:08	04/03/21


Ell Cont: 5,0x10,0

SMU1	V name:		V1
	I name:		I1
	Mode:		V
	Function:	VAR1
SMU2	V name:		V2
	I name:		I2
	Mode:		common
	Function:	const.
SMU3	off
SMU4	off
VMUs	off

Primary Source (VAR1):	single
	Sweep Spacing:	linear
	Start:		-0.500000
	Stop:		0.500000
	Step:		0.010000
	Compliance:	0.050000
Power Compliance OFF

Timing:		Integration Time:	medium
	Delay Time (sec):	0.000000
	Hold Time (sec):	0.000000
	Wait Time (sec):	1.000000

Secondary Source (VAR2):	OFF


   V1	   I1	Abs(I)	J (A\um²)	Abs(J)
-5.000000E-1	-3.223780E-3	3.223780E-3	-8.209269E-5	8.209269E-5
-4.900000E-1	-1.010700E-3	1.010700E-3	-2.573720E-5	2.573720E-5
-4.800000E-1	-3.729580E-4	3.729580E-4	-9.497275E-6	9.497275E-6
-4.700000E-1	-3.743170E-4	3.743170E-4	-9.531882E-6	9.531882E-6
-4.600000E-1	-6.999410E-5	6.999410E-5	-1.782381E-6	1.782381E-6
-4.500000E-1	-1.137137E-4	1.137137E-4	-2.895689E-6	2.895689E-6
-4.400000E-1	-1.146718E-4	1.146718E-4	-2.920087E-6	2.920087E-6
-4.300000E-1	-2.101770E-3	2.101770E-3	-5.352101E-5	5.352101E-5
-4.200000E-1	-2.113940E-3	2.113940E-3	-5.383091E-5	5.383091E-5
-4.100000E-1	-2.098430E-3	2.098430E-3	-5.343596E-5	5.343596E-5
-4.000000E-1	-2.036160E-3	2.036160E-3	-5.185027E-5	5.185027E-5
-3.900000E-1	-1.962060E-3	1.962060E-3	-4.996333E-5	4.996333E-5
-3.800000E-1	-1.862510E-3	1.862510E-3	-4.742832E-5	4.742832E-5
-3.700000E-1	-1.802990E-3	1.802990E-3	-4.591266E-5	4.591266E-5
-3.600000E-1	-1.747480E-3	1.747480E-3	-4.449911E-5	4.449911E-5
-3.500000E-1	-1.701410E-3	1.701410E-3	-4.332595E-5	4.332595E-5
-3.400000E-1	-1.656300E-3	1.656300E-3	-4.217723E-5	4.217723E-5
-3.300000E-1	-1.721710E-3	1.721710E-3	-4.384288E-5	4.384288E-5
-3.200000E-1	-1.546080E-3	1.546080E-3	-3.937051E-5	3.937051E-5
-3.100000E-1	-1.544340E-3	1.544340E-3	-3.932620E-5	3.932620E-5
-3.000000E-1	-1.498980E-3	1.498980E-3	-3.817112E-5	3.817112E-5
-2.900000E-1	-1.463150E-3	1.463150E-3	-3.725872E-5	3.725872E-5
-2.800000E-1	-1.429140E-3	1.429140E-3	-3.639267E-5	3.639267E-5
-2.700000E-1	-1.384790E-3	1.384790E-3	-3.526330E-5	3.526330E-5
-2.600000E-1	-1.321120E-3	1.321120E-3	-3.364197E-5	3.364197E-5
-2.500000E-1	-1.278610E-3	1.278610E-3	-3.255946E-5	3.255946E-5
-2.400000E-1	-1.229650E-3	1.229650E-3	-3.131271E-5	3.131271E-5
-2.300000E-1	-1.178180E-3	1.178180E-3	-3.000204E-5	3.000204E-5
-2.200000E-1	-1.123130E-3	1.123130E-3	-2.860020E-5	2.860020E-5
-2.100000E-1	-1.073680E-3	1.073680E-3	-2.734097E-5	2.734097E-5
-2.000000E-1	-1.028740E-3	1.028740E-3	-2.619659E-5	2.619659E-5
-1.900000E-1	-1.009542E-3	1.009542E-3	-2.570772E-5	2.570772E-5
-1.800000E-1	-9.291820E-4	9.291820E-4	-2.366137E-5	2.366137E-5
-1.700000E-1	-8.626170E-4	8.626170E-4	-2.196631E-5	2.196631E-5
-1.600000E-1	-7.985500E-4	7.985500E-4	-2.033486E-5	2.033486E-5
-1.500000E-1	-7.419710E-4	7.419710E-4	-1.889409E-5	1.889409E-5
-1.400000E-1	-6.881720E-4	6.881720E-4	-1.752411E-5	1.752411E-5
-1.300000E-1	-6.402480E-4	6.402480E-4	-1.630374E-5	1.630374E-5
-1.200000E-1	-5.672170E-4	5.672170E-4	-1.444403E-5	1.444403E-5
-1.100000E-1	-5.089240E-4	5.089240E-4	-1.295961E-5	1.295961E-5
-1.000000E-1	-4.495000E-4	4.495000E-4	-1.144640E-5	1.144640E-5
-9.000000E-2	-4.338500E-4	4.338500E-4	-1.104787E-5	1.104787E-5
-8.000000E-2	-3.888630E-4	3.888630E-4	-9.902292E-6	9.902292E-6
-7.000000E-2	-3.323530E-4	3.323530E-4	-8.463280E-6	8.463280E-6
-6.000000E-2	-2.796810E-4	2.796810E-4	-7.122001E-6	7.122001E-6
-5.000000E-2	-2.203110E-4	2.203110E-4	-5.610160E-6	5.610160E-6
-4.000000E-2	-1.760990E-4	1.760990E-4	-4.484314E-6	4.484314E-6
-3.000000E-2	-1.214260E-4	1.214260E-4	-3.092080E-6	3.092080E-6
-2.000000E-2	-8.210110E-5	8.210110E-5	-2.090682E-6	2.090682E-6
-1.000000E-2	-3.885230E-5	3.885230E-5	-9.893634E-7	9.893634E-7
0.000000E+0	-1.168721E-7	1.168721E-7	-2.976117E-9	2.976117E-9
1.000000E-2	4.151520E-5	4.151520E-5	1.057173E-6	1.057173E-6
2.000000E-2	7.806970E-5	7.806970E-5	1.988024E-6	1.988024E-6
3.000000E-2	9.769800E-5	9.769800E-5	2.487853E-6	2.487853E-6
4.000000E-2	1.015054E-4	1.015054E-4	2.584808E-6	2.584808E-6
5.000000E-2	1.574160E-4	1.574160E-4	4.008556E-6	4.008556E-6
6.000000E-2	1.888330E-4	1.888330E-4	4.808582E-6	4.808582E-6
7.000000E-2	2.338670E-4	2.338670E-4	5.955360E-6	5.955360E-6
8.000000E-2	2.103080E-4	2.103080E-4	5.355437E-6	5.355437E-6
9.000000E-2	1.954330E-4	1.954330E-4	4.976649E-6	4.976649E-6
1.000000E-1	2.323810E-4	2.323810E-4	5.917520E-6	5.917520E-6
1.100000E-1	3.734800E-5	3.734800E-5	9.510568E-7	9.510568E-7
1.200000E-1	2.882730E-5	2.882730E-5	7.340794E-7	7.340794E-7
1.300000E-1	2.183230E-5	2.183230E-5	5.559536E-7	5.559536E-7
1.400000E-1	1.001987E-4	1.001987E-4	2.551533E-6	2.551533E-6
1.500000E-1	3.672320E-4	3.672320E-4	9.351464E-6	9.351464E-6
1.600000E-1	5.963050E-4	5.963050E-4	1.518475E-5	1.518475E-5
1.700000E-1	6.596710E-4	6.596710E-4	1.679834E-5	1.679834E-5
1.800000E-1	7.718770E-4	7.718770E-4	1.965564E-5	1.965564E-5
1.900000E-1	8.649630E-4	8.649630E-4	2.202605E-5	2.202605E-5
2.000000E-1	8.907610E-4	8.907610E-4	2.268299E-5	2.268299E-5
2.100000E-1	8.564980E-4	8.564980E-4	2.181049E-5	2.181049E-5
2.200000E-1	7.380110E-4	7.380110E-4	1.879325E-5	1.879325E-5
2.300000E-1	8.275940E-4	8.275940E-4	2.107446E-5	2.107446E-5
2.400000E-1	9.342660E-4	9.342660E-4	2.379083E-5	2.379083E-5
2.500000E-1	8.031130E-4	8.031130E-4	2.045106E-5	2.045106E-5
2.600000E-1	7.179000E-4	7.179000E-4	1.828113E-5	1.828113E-5
2.700000E-1	4.623460E-4	4.623460E-4	1.177352E-5	1.177352E-5
2.800000E-1	4.879670E-4	4.879670E-4	1.242595E-5	1.242595E-5
2.900000E-1	6.170880E-4	6.170880E-4	1.571398E-5	1.571398E-5
3.000000E-1	6.564630E-4	6.564630E-4	1.671665E-5	1.671665E-5
3.100000E-1	5.141790E-4	5.141790E-4	1.309343E-5	1.309343E-5
3.200000E-1	3.004560E-4	3.004560E-4	7.651031E-6	7.651031E-6
3.300000E-1	3.941770E-4	3.941770E-4	1.003761E-5	1.003761E-5
3.400000E-1	5.665560E-4	5.665560E-4	1.442720E-5	1.442720E-5
3.500000E-1	7.802110E-4	7.802110E-4	1.986786E-5	1.986786E-5
3.600000E-1	7.891310E-4	7.891310E-4	2.009501E-5	2.009501E-5
3.700000E-1	9.046040E-4	9.046040E-4	2.303550E-5	2.303550E-5
3.800000E-1	9.385690E-4	9.385690E-4	2.390041E-5	2.390041E-5
3.900000E-1	1.073868E-3	1.073868E-3	2.734576E-5	2.734576E-5
4.000000E-1	1.165870E-3	1.165870E-3	2.968857E-5	2.968857E-5
4.100000E-1	1.248110E-3	1.248110E-3	3.178279E-5	3.178279E-5
4.200000E-1	1.085380E-3	1.085380E-3	2.763891E-5	2.763891E-5
4.300000E-1	1.145810E-3	1.145810E-3	2.917774E-5	2.917774E-5
4.400000E-1	1.239730E-3	1.239730E-3	3.156939E-5	3.156939E-5
4.500000E-1	1.267910E-3	1.267910E-3	3.228699E-5	3.228699E-5
4.600000E-1	1.565330E-3	1.565330E-3	3.986071E-5	3.986071E-5
4.700000E-1	2.405850E-3	2.405850E-3	6.126432E-5	6.126432E-5
4.800000E-1	2.623570E-3	2.623570E-3	6.680850E-5	6.680850E-5
4.900000E-1	2.643570E-3	2.643570E-3	6.731780E-5	6.731780E-5
5.000000E-1	2.733490E-3	2.733490E-3	6.960759E-5	6.960759E-5
