

12:37:43	04/03/21


Ell Cont: 5,0x10,0

SMU1	V name:		V1
	I name:		I1
	Mode:		V
	Function:	VAR1
SMU2	V name:		V2
	I name:		I2
	Mode:		common
	Function:	const.
SMU3	off
SMU4	off
VMUs	off

Primary Source (VAR1):	single
	Sweep Spacing:	linear
	Start:		-0.500000
	Stop:		0.500000
	Step:		0.010000
	Compliance:	0.050000
Power Compliance OFF

Timing:		Integration Time:	medium
	Delay Time (sec):	0.000000
	Hold Time (sec):	0.000000
	Wait Time (sec):	1.000000

Secondary Source (VAR2):	OFF


   V1	   I1	Abs(I)	J (A\um²)	Abs(J)
-5.000000E-1	-5.419490E-5	5.419490E-5	-1.380059E-6	1.380059E-6
-4.900000E-1	-5.315500E-5	5.315500E-5	-1.353578E-6	1.353578E-6
-4.800000E-1	-5.215440E-5	5.215440E-5	-1.328098E-6	1.328098E-6
-4.700000E-1	-4.793020E-5	4.793020E-5	-1.220530E-6	1.220530E-6
-4.600000E-1	-4.681180E-5	4.681180E-5	-1.192050E-6	1.192050E-6
-4.500000E-1	-4.602460E-5	4.602460E-5	-1.172004E-6	1.172004E-6
-4.400000E-1	-4.432470E-5	4.432470E-5	-1.128717E-6	1.128717E-6
-4.300000E-1	-4.251170E-5	4.251170E-5	-1.082549E-6	1.082549E-6
-4.200000E-1	-4.196560E-5	4.196560E-5	-1.068643E-6	1.068643E-6
-4.100000E-1	-4.169750E-5	4.169750E-5	-1.061816E-6	1.061816E-6
-4.000000E-1	-4.236690E-5	4.236690E-5	-1.078862E-6	1.078862E-6
-3.900000E-1	-4.109520E-5	4.109520E-5	-1.046478E-6	1.046478E-6
-3.800000E-1	-3.907010E-5	3.907010E-5	-9.949096E-7	9.949096E-7
-3.700000E-1	-3.852820E-5	3.852820E-5	-9.811103E-7	9.811103E-7
-3.600000E-1	-3.652820E-5	3.652820E-5	-9.301808E-7	9.301808E-7
-3.500000E-1	-3.736090E-5	3.736090E-5	-9.513853E-7	9.513853E-7
-3.400000E-1	-3.470900E-5	3.470900E-5	-8.838554E-7	8.838554E-7
-3.300000E-1	-3.362370E-5	3.362370E-5	-8.562185E-7	8.562185E-7
-3.200000E-1	-3.379250E-5	3.379250E-5	-8.605169E-7	8.605169E-7
-3.100000E-1	-3.780080E-5	3.780080E-5	-9.625872E-7	9.625872E-7
-3.000000E-1	-3.616760E-5	3.616760E-5	-9.209982E-7	9.209982E-7
-2.900000E-1	-3.457370E-5	3.457370E-5	-8.804100E-7	8.804100E-7
-2.800000E-1	-3.364930E-5	3.364930E-5	-8.568704E-7	8.568704E-7
-2.700000E-1	-3.265510E-5	3.265510E-5	-8.315533E-7	8.315533E-7
-2.600000E-1	-3.130640E-5	3.130640E-5	-7.972091E-7	7.972091E-7
-2.500000E-1	-2.764080E-5	2.764080E-5	-7.038655E-7	7.038655E-7
-2.400000E-1	-2.202010E-5	2.202010E-5	-5.607359E-7	5.607359E-7
-2.300000E-1	-2.168130E-5	2.168130E-5	-5.521085E-7	5.521085E-7
-2.200000E-1	-1.977430E-5	1.977430E-5	-5.035472E-7	5.035472E-7
-2.100000E-1	-1.996500E-5	1.996500E-5	-5.084034E-7	5.084034E-7
-2.000000E-1	-1.834810E-5	1.834810E-5	-4.672294E-7	4.672294E-7
-1.900000E-1	-1.834260E-5	1.834260E-5	-4.670894E-7	4.670894E-7
-1.800000E-1	-1.749370E-5	1.749370E-5	-4.454724E-7	4.454724E-7
-1.700000E-1	-1.674910E-5	1.674910E-5	-4.265113E-7	4.265113E-7
-1.600000E-1	-1.625850E-5	1.625850E-5	-4.140183E-7	4.140183E-7
-1.500000E-1	-1.557510E-5	1.557510E-5	-3.966157E-7	3.966157E-7
-1.400000E-1	-1.491530E-5	1.491530E-5	-3.798141E-7	3.798141E-7
-1.300000E-1	-1.342270E-5	1.342270E-5	-3.418054E-7	3.418054E-7
-1.200000E-1	-1.246470E-5	1.246470E-5	-3.174102E-7	3.174102E-7
-1.100000E-1	-1.113820E-5	1.113820E-5	-2.836313E-7	2.836313E-7
-1.000000E-1	-1.019570E-5	1.019570E-5	-2.596308E-7	2.596308E-7
-9.000000E-2	-9.607630E-6	9.607630E-6	-2.446557E-7	2.446557E-7
-8.000000E-2	-8.559720E-6	8.559720E-6	-2.179710E-7	2.179710E-7
-7.000000E-2	-7.069310E-6	7.069310E-6	-1.800181E-7	1.800181E-7
-6.000000E-2	-6.051650E-6	6.051650E-6	-1.541036E-7	1.541036E-7
-5.000000E-2	-5.123460E-6	5.123460E-6	-1.304675E-7	1.304675E-7
-4.000000E-2	-4.098760E-6	4.098760E-6	-1.043738E-7	1.043738E-7
-3.000000E-2	-2.963200E-6	2.963200E-6	-7.545709E-8	7.545709E-8
-2.000000E-2	-1.958900E-6	1.958900E-6	-4.988286E-8	4.988286E-8
-1.000000E-2	-1.005571E-6	1.005571E-6	-2.560660E-8	2.560660E-8
0.000000E+0	-2.037750E-9	2.037750E-9	-5.189076E-11	5.189076E-11
1.000000E-2	1.048070E-6	1.048070E-6	2.668882E-8	2.668882E-8
2.000000E-2	2.043320E-6	2.043320E-6	5.203259E-8	5.203259E-8
3.000000E-2	3.152610E-6	3.152610E-6	8.028037E-8	8.028037E-8
4.000000E-2	4.545070E-6	4.545070E-6	1.157390E-7	1.157390E-7
5.000000E-2	5.786910E-6	5.786910E-6	1.473621E-7	1.473621E-7
6.000000E-2	6.912700E-6	6.912700E-6	1.760300E-7	1.760300E-7
7.000000E-2	8.350760E-6	8.350760E-6	2.126499E-7	2.126499E-7
8.000000E-2	9.567260E-6	9.567260E-6	2.436277E-7	2.436277E-7
9.000000E-2	1.082204E-5	1.082204E-5	2.755803E-7	2.755803E-7
1.000000E-1	1.216340E-5	1.216340E-5	3.097377E-7	3.097377E-7
1.100000E-1	1.334740E-5	1.334740E-5	3.398880E-7	3.398880E-7
1.200000E-1	1.454240E-5	1.454240E-5	3.703183E-7	3.703183E-7
1.300000E-1	1.573710E-5	1.573710E-5	4.007410E-7	4.007410E-7
1.400000E-1	1.866990E-5	1.866990E-5	4.754240E-7	4.754240E-7
1.500000E-1	1.970530E-5	1.970530E-5	5.017902E-7	5.017902E-7
1.600000E-1	1.996390E-5	1.996390E-5	5.083753E-7	5.083753E-7
1.700000E-1	2.257510E-5	2.257510E-5	5.748688E-7	5.748688E-7
1.800000E-1	2.544750E-5	2.544750E-5	6.480137E-7	6.480137E-7
1.900000E-1	2.594350E-5	2.594350E-5	6.606443E-7	6.606443E-7
2.000000E-1	2.834800E-5	2.834800E-5	7.218742E-7	7.218742E-7
2.100000E-1	2.706760E-5	2.706760E-5	6.892692E-7	6.892692E-7
2.200000E-1	2.846780E-5	2.846780E-5	7.249249E-7	7.249249E-7
2.300000E-1	3.099640E-5	3.099640E-5	7.893150E-7	7.893150E-7
2.400000E-1	3.217200E-5	3.217200E-5	8.192513E-7	8.192513E-7
2.500000E-1	3.281650E-5	3.281650E-5	8.356633E-7	8.356633E-7
2.600000E-1	3.325260E-5	3.325260E-5	8.467685E-7	8.467685E-7
2.700000E-1	3.305940E-5	3.305940E-5	8.418487E-7	8.418487E-7
2.800000E-1	3.500670E-5	3.500670E-5	8.914362E-7	8.914362E-7
2.900000E-1	3.561080E-5	3.561080E-5	9.068194E-7	9.068194E-7
3.000000E-1	3.723150E-5	3.723150E-5	9.480901E-7	9.480901E-7
3.100000E-1	3.995870E-5	3.995870E-5	1.017538E-6	1.017538E-6
3.200000E-1	4.092990E-5	4.092990E-5	1.042269E-6	1.042269E-6
3.300000E-1	4.373950E-5	4.373950E-5	1.113815E-6	1.113815E-6
3.400000E-1	4.454080E-5	4.454080E-5	1.134219E-6	1.134219E-6
3.500000E-1	4.589650E-5	4.589650E-5	1.168742E-6	1.168742E-6
3.600000E-1	4.948440E-5	4.948440E-5	1.260107E-6	1.260107E-6
3.700000E-1	5.009870E-5	5.009870E-5	1.275750E-6	1.275750E-6
3.800000E-1	5.025510E-5	5.025510E-5	1.279733E-6	1.279733E-6
3.900000E-1	5.744920E-5	5.744920E-5	1.462928E-6	1.462928E-6
4.000000E-1	6.416150E-5	6.416150E-5	1.633855E-6	1.633855E-6
4.100000E-1	6.570950E-5	6.570950E-5	1.673275E-6	1.673275E-6
4.200000E-1	6.361120E-5	6.361120E-5	1.619842E-6	1.619842E-6
4.300000E-1	6.327430E-5	6.327430E-5	1.611263E-6	1.611263E-6
4.400000E-1	6.536260E-5	6.536260E-5	1.664441E-6	1.664441E-6
4.500000E-1	7.099730E-5	7.099730E-5	1.807927E-6	1.807927E-6
4.600000E-1	7.160130E-5	7.160130E-5	1.823308E-6	1.823308E-6
4.700000E-1	7.921760E-5	7.921760E-5	2.017255E-6	2.017255E-6
4.800000E-1	7.791020E-5	7.791020E-5	1.983962E-6	1.983962E-6
4.900000E-1	7.704630E-5	7.704630E-5	1.961963E-6	1.961963E-6
5.000000E-1	7.958710E-5	7.958710E-5	2.026664E-6	2.026664E-6
