

12:18:28	04/03/21


Ell Cont: 5,0x10,0

SMU1	V name:		V1
	I name:		I1
	Mode:		V
	Function:	VAR1
SMU2	V name:		V2
	I name:		I2
	Mode:		common
	Function:	const.
SMU3	off
SMU4	off
VMUs	off

Primary Source (VAR1):	single
	Sweep Spacing:	linear
	Start:		-0.500000
	Stop:		0.500000
	Step:		0.010000
	Compliance:	0.050000
Power Compliance OFF

Timing:		Integration Time:	medium
	Delay Time (sec):	0.000000
	Hold Time (sec):	0.000000
	Wait Time (sec):	1.000000

Secondary Source (VAR2):	OFF


   V1	   I1	Abs(I)	J (A\µm²)	Abs(J)
-5.000000E-1	-3.696390E-4	3.696390E-4	-9.412758E-6	9.412758E-6
-4.900000E-1	-3.603440E-4	3.603440E-4	-9.176063E-6	9.176063E-6
-4.800000E-1	-3.527400E-4	3.527400E-4	-8.982429E-6	8.982429E-6
-4.700000E-1	-3.443980E-4	3.443980E-4	-8.770002E-6	8.770002E-6
-4.600000E-1	-3.376620E-4	3.376620E-4	-8.598472E-6	8.598472E-6
-4.500000E-1	-3.303350E-4	3.303350E-4	-8.411892E-6	8.411892E-6
-4.400000E-1	-3.216890E-4	3.216890E-4	-8.191724E-6	8.191724E-6
-4.300000E-1	-3.135730E-4	3.135730E-4	-7.985052E-6	7.985052E-6
-4.200000E-1	-3.042780E-4	3.042780E-4	-7.748357E-6	7.748357E-6
-4.100000E-1	-2.981110E-4	2.981110E-4	-7.591316E-6	7.591316E-6
-4.000000E-1	-2.894700E-4	2.894700E-4	-7.371276E-6	7.371276E-6
-3.900000E-1	-2.823280E-4	2.823280E-4	-7.189407E-6	7.189407E-6
-3.800000E-1	-2.749540E-4	2.749540E-4	-7.001630E-6	7.001630E-6
-3.700000E-1	-2.681930E-4	2.681930E-4	-6.829463E-6	6.829463E-6
-3.600000E-1	-2.610590E-4	2.610590E-4	-6.647797E-6	6.647797E-6
-3.500000E-1	-2.530210E-4	2.530210E-4	-6.443112E-6	6.443112E-6
-3.400000E-1	-2.447190E-4	2.447190E-4	-6.231704E-6	6.231704E-6
-3.300000E-1	-2.363560E-4	2.363560E-4	-6.018742E-6	6.018742E-6
-3.200000E-1	-2.290740E-4	2.290740E-4	-5.833308E-6	5.833308E-6
-3.100000E-1	-2.217770E-4	2.217770E-4	-5.647492E-6	5.647492E-6
-3.000000E-1	-2.142820E-4	2.142820E-4	-5.456633E-6	5.456633E-6
-2.900000E-1	-2.069980E-4	2.069980E-4	-5.271148E-6	5.271148E-6
-2.800000E-1	-1.987410E-4	1.987410E-4	-5.060886E-6	5.060886E-6
-2.700000E-1	-1.917700E-4	1.917700E-4	-4.883371E-6	4.883371E-6
-2.600000E-1	-1.837880E-4	1.837880E-4	-4.680112E-6	4.680112E-6
-2.500000E-1	-1.768440E-4	1.768440E-4	-4.503285E-6	4.503285E-6
-2.400000E-1	-1.685830E-4	1.685830E-4	-4.292921E-6	4.292921E-6
-2.300000E-1	-1.618300E-4	1.618300E-4	-4.120957E-6	4.120957E-6
-2.200000E-1	-1.544500E-4	1.544500E-4	-3.933028E-6	3.933028E-6
-2.100000E-1	-1.468710E-4	1.468710E-4	-3.740031E-6	3.740031E-6
-2.000000E-1	-1.398840E-4	1.398840E-4	-3.562108E-6	3.562108E-6
-1.900000E-1	-1.325810E-4	1.325810E-4	-3.376140E-6	3.376140E-6
-1.800000E-1	-1.253680E-4	1.253680E-4	-3.192462E-6	3.192462E-6
-1.700000E-1	-1.180940E-4	1.180940E-4	-3.007232E-6	3.007232E-6
-1.600000E-1	-1.108410E-4	1.108410E-4	-2.822536E-6	2.822536E-6
-1.500000E-1	-1.039420E-4	1.039420E-4	-2.646855E-6	2.646855E-6
-1.400000E-1	-9.659450E-5	9.659450E-5	-2.459753E-6	2.459753E-6
-1.300000E-1	-8.968190E-5	8.968190E-5	-2.283725E-6	2.283725E-6
-1.200000E-1	-8.249760E-5	8.249760E-5	-2.100779E-6	2.100779E-6
-1.100000E-1	-7.559810E-5	7.559810E-5	-1.925085E-6	1.925085E-6
-1.000000E-1	-6.872390E-5	6.872390E-5	-1.750036E-6	1.750036E-6
-9.000000E-2	-6.182510E-5	6.182510E-5	-1.574360E-6	1.574360E-6
-8.000000E-2	-5.482880E-5	5.482880E-5	-1.396201E-6	1.396201E-6
-7.000000E-2	-4.790490E-5	4.790490E-5	-1.219885E-6	1.219885E-6
-6.000000E-2	-4.103880E-5	4.103880E-5	-1.045042E-6	1.045042E-6
-5.000000E-2	-3.407830E-5	3.407830E-5	-8.677947E-7	8.677947E-7
-4.000000E-2	-2.729580E-5	2.729580E-5	-6.950802E-7	6.950802E-7
-3.000000E-2	-2.048940E-5	2.048940E-5	-5.217571E-7	5.217571E-7
-2.000000E-2	-1.367140E-5	1.367140E-5	-3.481385E-7	3.481385E-7
-1.000000E-2	-6.872420E-6	6.872420E-6	-1.750043E-7	1.750043E-7
0.000000E+0	-4.515510E-8	4.515510E-8	-1.149862E-9	1.149862E-9
1.000000E-2	6.732930E-6	6.732930E-6	1.714523E-7	1.714523E-7
2.000000E-2	1.350730E-5	1.350730E-5	3.439598E-7	3.439598E-7
3.000000E-2	2.030710E-5	2.030710E-5	5.171148E-7	5.171148E-7
4.000000E-2	2.715410E-5	2.715410E-5	6.914719E-7	6.914719E-7
5.000000E-2	3.395450E-5	3.395450E-5	8.646422E-7	8.646422E-7
6.000000E-2	4.090790E-5	4.090790E-5	1.041709E-6	1.041709E-6
7.000000E-2	4.786770E-5	4.786770E-5	1.218938E-6	1.218938E-6
8.000000E-2	5.471130E-5	5.471130E-5	1.393209E-6	1.393209E-6
9.000000E-2	6.161070E-5	6.161070E-5	1.568900E-6	1.568900E-6
1.000000E-1	6.847970E-5	6.847970E-5	1.743817E-6	1.743817E-6
1.100000E-1	7.552010E-5	7.552010E-5	1.923099E-6	1.923099E-6
1.200000E-1	8.241200E-5	8.241200E-5	2.098599E-6	2.098599E-6
1.300000E-1	8.956650E-5	8.956650E-5	2.280787E-6	2.280787E-6
1.400000E-1	9.666780E-5	9.666780E-5	2.461620E-6	2.461620E-6
1.500000E-1	1.038024E-4	1.038024E-4	2.643300E-6	2.643300E-6
1.600000E-1	1.109963E-4	1.109963E-4	2.826491E-6	2.826491E-6
1.700000E-1	1.179600E-4	1.179600E-4	3.003820E-6	3.003820E-6
1.800000E-1	1.250510E-4	1.250510E-4	3.184390E-6	3.184390E-6
1.900000E-1	1.329230E-4	1.329230E-4	3.384848E-6	3.384848E-6
2.000000E-1	1.404140E-4	1.404140E-4	3.575605E-6	3.575605E-6
2.100000E-1	1.467220E-4	1.467220E-4	3.736236E-6	3.736236E-6
2.200000E-1	1.541590E-4	1.541590E-4	3.925617E-6	3.925617E-6
2.300000E-1	1.613050E-4	1.613050E-4	4.107588E-6	4.107588E-6
2.400000E-1	1.675040E-4	1.675040E-4	4.265444E-6	4.265444E-6
2.500000E-1	1.737980E-4	1.737980E-4	4.425719E-6	4.425719E-6
2.600000E-1	1.811890E-4	1.811890E-4	4.613929E-6	4.613929E-6
2.700000E-1	1.888590E-4	1.888590E-4	4.809244E-6	4.809244E-6
2.800000E-1	1.962370E-4	1.962370E-4	4.997122E-6	4.997122E-6
2.900000E-1	2.040260E-4	2.040260E-4	5.195467E-6	5.195467E-6
3.000000E-1	2.114240E-4	2.114240E-4	5.383855E-6	5.383855E-6
3.100000E-1	2.196080E-4	2.196080E-4	5.592259E-6	5.592259E-6
3.200000E-1	2.265070E-4	2.265070E-4	5.767940E-6	5.767940E-6
3.300000E-1	2.338560E-4	2.338560E-4	5.955080E-6	5.955080E-6
3.400000E-1	2.414280E-4	2.414280E-4	6.147899E-6	6.147899E-6
3.500000E-1	2.490730E-4	2.490730E-4	6.342577E-6	6.342577E-6
3.600000E-1	2.566760E-4	2.566760E-4	6.536185E-6	6.536185E-6
3.700000E-1	2.647450E-4	2.647450E-4	6.741660E-6	6.741660E-6
3.800000E-1	2.734450E-4	2.734450E-4	6.963203E-6	6.963203E-6
3.900000E-1	2.819820E-4	2.819820E-4	7.180596E-6	7.180596E-6
4.000000E-1	2.898100E-4	2.898100E-4	7.379934E-6	7.379934E-6
4.100000E-1	2.976810E-4	2.976810E-4	7.580367E-6	7.580367E-6
4.200000E-1	3.062630E-4	3.062630E-4	7.798905E-6	7.798905E-6
4.300000E-1	3.142290E-4	3.142290E-4	8.001757E-6	8.001757E-6
4.400000E-1	3.217420E-4	3.217420E-4	8.193073E-6	8.193073E-6
4.500000E-1	3.314570E-4	3.314570E-4	8.440463E-6	8.440463E-6
4.600000E-1	3.388510E-4	3.388510E-4	8.628750E-6	8.628750E-6
4.700000E-1	3.463480E-4	3.463480E-4	8.819659E-6	8.819659E-6
4.800000E-1	3.559790E-4	3.559790E-4	9.064909E-6	9.064909E-6
4.900000E-1	3.654030E-4	3.654030E-4	9.304889E-6	9.304889E-6
5.000000E-1	3.784480E-4	3.784480E-4	9.637077E-6	9.637077E-6
