

12:19:54	04/03/21


Ell Cont: 5,0x10,0

SMU1	V name:		V1
	I name:		I1
	Mode:		V
	Function:	VAR1
SMU2	V name:		V2
	I name:		I2
	Mode:		common
	Function:	const.
SMU3	off
SMU4	off
VMUs	off

Primary Source (VAR1):	single
	Sweep Spacing:	linear
	Start:		-0.500000
	Stop:		0.500000
	Step:		0.010000
	Compliance:	0.050000
Power Compliance OFF

Timing:		Integration Time:	medium
	Delay Time (sec):	0.000000
	Hold Time (sec):	0.000000
	Wait Time (sec):	1.000000

Secondary Source (VAR2):	OFF


   V1	   I1	Abs(I)	J (A\um²)	Abs(J)
-5.000000E-1	-1.200410E-6	1.200410E-6	-3.056812E-8	3.056812E-8
-4.900000E-1	-1.218730E-6	1.218730E-6	-3.103463E-8	3.103463E-8
-4.800000E-1	-3.823240E-6	3.823240E-6	-9.735778E-8	9.735778E-8
-4.700000E-1	-1.910060E-5	1.910060E-5	-4.863916E-7	4.863916E-7
-4.600000E-1	-2.574050E-5	2.574050E-5	-6.554749E-7	6.554749E-7
-4.500000E-1	-2.117150E-5	2.117150E-5	-5.391266E-7	5.391266E-7
-4.400000E-1	-9.229900E-6	9.229900E-6	-2.350369E-7	2.350369E-7
-4.300000E-1	-6.292730E-6	6.292730E-6	-1.602427E-7	1.602427E-7
-4.200000E-1	-5.994730E-3	5.994730E-3	-1.526542E-4	1.526542E-4
-4.100000E-1	-5.189550E-3	5.189550E-3	-1.321505E-4	1.321505E-4
-4.000000E-1	-4.992750E-3	4.992750E-3	-1.271390E-4	1.271390E-4
-3.900000E-1	-4.724420E-3	4.724420E-3	-1.203061E-4	1.203061E-4
-3.800000E-1	-4.564030E-3	4.564030E-3	-1.162218E-4	1.162218E-4
-3.700000E-1	-4.375190E-3	4.375190E-3	-1.114130E-4	1.114130E-4
-3.600000E-1	-4.301940E-3	4.301940E-3	-1.095477E-4	1.095477E-4
-3.500000E-1	-4.179030E-3	4.179030E-3	-1.064179E-4	1.064179E-4
-3.400000E-1	-3.866600E-3	3.866600E-3	-9.846193E-5	9.846193E-5
-3.300000E-1	-3.331950E-3	3.331950E-3	-8.484721E-5	8.484721E-5
-3.200000E-1	-2.745760E-3	2.745760E-3	-6.992004E-5	6.992004E-5
-3.100000E-1	-1.589270E-3	1.589270E-3	-4.047033E-5	4.047033E-5
-3.000000E-1	-1.538390E-4	1.538390E-4	-3.917469E-6	3.917469E-6
-2.900000E-1	-3.369880E-8	3.369880E-8	-8.581309E-10	8.581309E-10
-2.800000E-1	-6.543660E-8	6.543660E-8	-1.666325E-9	1.666325E-9
-2.700000E-1	-3.803290E-7	3.803290E-7	-9.684976E-9	9.684976E-9
-2.600000E-1	-4.486520E-8	4.486520E-8	-1.142480E-9	1.142480E-9
-2.500000E-1	-8.270000E-7	8.270000E-7	-2.105933E-8	2.105933E-8
-2.400000E-1	-1.025525E-7	1.025525E-7	-2.611472E-9	2.611472E-9
-2.300000E-1	-5.291650E-7	5.291650E-7	-1.347504E-8	1.347504E-8
-2.200000E-1	-3.640860E-8	3.640860E-8	-9.271352E-10	9.271352E-10
-2.100000E-1	-1.355120E-6	1.355120E-6	-3.450777E-8	3.450777E-8
-2.000000E-1	-3.414760E-7	3.414760E-7	-8.695595E-9	8.695595E-9
-1.900000E-1	-1.646580E-7	1.646580E-7	-4.192972E-9	4.192972E-9
-1.800000E-1	-1.145612E-7	1.145612E-7	-2.917270E-9	2.917270E-9
-1.700000E-1	-1.916910E-5	1.916910E-5	-4.881360E-7	4.881360E-7
-1.600000E-1	-1.081390E-5	1.081390E-5	-2.753731E-7	2.753731E-7
-1.500000E-1	-9.222040E-5	9.222040E-5	-2.348368E-6	2.348368E-6
-1.400000E-1	-1.147330E-5	1.147330E-5	-2.921645E-7	2.921645E-7
-1.300000E-1	-9.578100E-6	9.578100E-6	-2.439037E-7	2.439037E-7
-1.200000E-1	-6.034850E-5	6.034850E-5	-1.536758E-6	1.536758E-6
-1.100000E-1	-6.104110E-5	6.104110E-5	-1.554395E-6	1.554395E-6
-1.000000E-1	-9.193800E-6	9.193800E-6	-2.341176E-7	2.341176E-7
-9.000000E-2	-8.975560E-6	8.975560E-6	-2.285602E-7	2.285602E-7
-8.000000E-2	-1.565190E-5	1.565190E-5	-3.985714E-7	3.985714E-7
-7.000000E-2	-6.086040E-6	6.086040E-6	-1.549794E-7	1.549794E-7
-6.000000E-2	-4.914040E-6	4.914040E-6	-1.251347E-7	1.251347E-7
-5.000000E-2	-2.299420E-6	2.299420E-6	-5.855411E-8	5.855411E-8
-4.000000E-2	-1.326730E-6	1.326730E-6	-3.378482E-8	3.378482E-8
-3.000000E-2	-1.664380E-6	1.664380E-6	-4.238299E-8	4.238299E-8
-2.000000E-2	-2.004560E-6	2.004560E-6	-5.104558E-8	5.104558E-8
-1.000000E-2	-6.567540E-7	6.567540E-7	-1.672406E-8	1.672406E-8
0.000000E+0	-2.021610E-9	2.021610E-9	-5.147975E-11	5.147975E-11
1.000000E-2	1.330330E-5	1.330330E-5	3.387650E-7	3.387650E-7
2.000000E-2	1.443340E-7	1.443340E-7	3.675426E-9	3.675426E-9
3.000000E-2	5.458240E-7	5.458240E-7	1.389926E-8	1.389926E-8
4.000000E-2	1.186510E-6	1.186510E-6	3.021416E-8	3.021416E-8
5.000000E-2	3.724290E-7	3.724290E-7	9.483804E-9	9.483804E-9
6.000000E-2	1.360750E-7	1.360750E-7	3.465113E-9	3.465113E-9
7.000000E-2	6.105560E-8	6.105560E-8	1.554764E-9	1.554764E-9
8.000000E-2	2.691170E-8	2.691170E-8	6.852992E-10	6.852992E-10
9.000000E-2	5.943700E-7	5.943700E-7	1.513547E-8	1.513547E-8
1.000000E-1	1.321200E-7	1.321200E-7	3.364400E-9	3.364400E-9
1.100000E-1	8.005200E-8	8.005200E-8	2.038503E-9	2.038503E-9
1.200000E-1	7.976010E-7	7.976010E-7	2.031069E-8	2.031069E-8
1.300000E-1	1.070248E-5	1.070248E-5	2.725358E-7	2.725358E-7
1.400000E-1	5.072110E-5	5.072110E-5	1.291599E-6	1.291599E-6
1.500000E-1	1.106112E-4	1.106112E-4	2.816684E-6	2.816684E-6
1.600000E-1	1.216880E-3	1.216880E-3	3.098752E-5	3.098752E-5
1.700000E-1	1.133730E-3	1.133730E-3	2.887013E-5	2.887013E-5
1.800000E-1	4.226380E-4	4.226380E-4	1.076236E-5	1.076236E-5
1.900000E-1	2.650040E-4	2.650040E-4	6.748256E-6	6.748256E-6
2.000000E-1	2.601860E-4	2.601860E-4	6.625567E-6	6.625567E-6
2.100000E-1	2.502900E-4	2.502900E-4	6.373568E-6	6.373568E-6
2.200000E-1	2.720720E-4	2.720720E-4	6.928240E-6	6.928240E-6
2.300000E-1	2.802470E-4	2.802470E-4	7.136414E-6	7.136414E-6
2.400000E-1	2.508600E-4	2.508600E-4	6.388082E-6	6.388082E-6
2.500000E-1	2.398080E-4	2.398080E-4	6.106646E-6	6.106646E-6
2.600000E-1	2.663910E-4	2.663910E-4	6.783575E-6	6.783575E-6
2.700000E-1	3.300130E-4	3.300130E-4	8.403692E-6	8.403692E-6
2.800000E-1	3.790280E-4	3.790280E-4	9.651846E-6	9.651846E-6
2.900000E-1	3.083910E-4	3.083910E-4	7.853094E-6	7.853094E-6
3.000000E-1	1.877360E-3	1.877360E-3	4.780647E-5	4.780647E-5
3.100000E-1	1.843010E-3	1.843010E-3	4.693175E-5	4.693175E-5
3.200000E-1	1.660230E-3	1.660230E-3	4.227731E-5	4.227731E-5
3.300000E-1	2.101440E-3	2.101440E-3	5.351260E-5	5.351260E-5
3.400000E-1	2.276880E-3	2.276880E-3	5.798014E-5	5.798014E-5
3.500000E-1	2.520820E-3	2.520820E-3	6.419200E-5	6.419200E-5
3.600000E-1	2.542650E-3	2.542650E-3	6.474790E-5	6.474790E-5
3.700000E-1	2.918870E-3	2.918870E-3	7.432824E-5	7.432824E-5
3.800000E-1	3.713670E-3	3.713670E-3	9.456761E-5	9.456761E-5
3.900000E-1	3.843470E-3	3.843470E-3	9.787293E-5	9.787293E-5
4.000000E-1	4.084430E-3	4.084430E-3	1.040089E-4	1.040089E-4
4.100000E-1	3.916230E-3	3.916230E-3	9.972574E-5	9.972574E-5
4.200000E-1	3.588950E-3	3.588950E-3	9.139165E-5	9.139165E-5
4.300000E-1	3.855530E-3	3.855530E-3	9.818003E-5	9.818003E-5
4.400000E-1	3.449050E-3	3.449050E-3	8.782913E-5	8.782913E-5
4.500000E-1	4.343570E-3	4.343570E-3	1.106078E-4	1.106078E-4
4.600000E-1	4.568800E-3	4.568800E-3	1.163433E-4	1.163433E-4
4.700000E-1	4.685200E-3	4.685200E-3	1.193074E-4	1.193074E-4
4.800000E-1	4.780610E-3	4.780610E-3	1.217369E-4	1.217369E-4
4.900000E-1	4.830470E-3	4.830470E-3	1.230066E-4	1.230066E-4
5.000000E-1	5.101000E-3	5.101000E-3	1.298956E-4	1.298956E-4
