

14:48:12	19/03/21


Ell Cont: 5,0x10,0

SMU1	V name:		V1
	I name:		I1
	Mode:		V
	Function:	VAR1
SMU2	V name:		V2
	I name:		I2
	Mode:		common
	Function:	const.
SMU3	off
SMU4	off
VMUs	off

Primary Source (VAR1):	single
	Sweep Spacing:	linear
	Start:		-0.500000
	Stop:		0.500000
	Step:		0.010000
	Compliance:	0.050000
Power Compliance OFF

Timing:		Integration Time:	medium
	Delay Time (sec):	0.000000
	Hold Time (sec):	0.000000
	Wait Time (sec):	1.000000

Secondary Source (VAR2):	OFF


   V1	   I1	Abs(I)	J (A\µm²)	Abs(J)
-5.000000E-1	-1.184630E-5	1.184630E-5	-3.016628E-7	3.016628E-7
-4.900000E-1	-1.156710E-5	1.156710E-5	-2.945531E-7	2.945531E-7
-4.800000E-1	-1.127940E-5	1.127940E-5	-2.872269E-7	2.872269E-7
-4.700000E-1	-1.100090E-5	1.100090E-5	-2.801350E-7	2.801350E-7
-4.600000E-1	-1.071830E-5	1.071830E-5	-2.729386E-7	2.729386E-7
-4.500000E-1	-1.042960E-5	1.042960E-5	-2.655870E-7	2.655870E-7
-4.400000E-1	-1.014670E-5	1.014670E-5	-2.583830E-7	2.583830E-7
-4.300000E-1	-9.871500E-6	9.871500E-6	-2.513751E-7	2.513751E-7
-4.200000E-1	-9.596300E-6	9.596300E-6	-2.443672E-7	2.443672E-7
-4.100000E-1	-9.320310E-6	9.320310E-6	-2.373392E-7	2.373392E-7
-4.000000E-1	-9.051040E-6	9.051040E-6	-2.304823E-7	2.304823E-7
-3.900000E-1	-8.783290E-6	8.783290E-6	-2.236641E-7	2.236641E-7
-3.800000E-1	-8.525180E-6	8.525180E-6	-2.170914E-7	2.170914E-7
-3.700000E-1	-8.257670E-6	8.257670E-6	-2.102793E-7	2.102793E-7
-3.600000E-1	-7.994680E-6	7.994680E-6	-2.035824E-7	2.035824E-7
-3.500000E-1	-7.724130E-6	7.724130E-6	-1.966929E-7	1.966929E-7
-3.400000E-1	-7.464140E-6	7.464140E-6	-1.900723E-7	1.900723E-7
-3.300000E-1	-7.207640E-6	7.207640E-6	-1.835406E-7	1.835406E-7
-3.200000E-1	-6.955390E-6	6.955390E-6	-1.771171E-7	1.771171E-7
-3.100000E-1	-6.705140E-6	6.705140E-6	-1.707446E-7	1.707446E-7
-3.000000E-1	-6.450180E-6	6.450180E-6	-1.642521E-7	1.642521E-7
-2.900000E-1	-6.200850E-6	6.200850E-6	-1.579030E-7	1.579030E-7
-2.800000E-1	-5.956420E-6	5.956420E-6	-1.516786E-7	1.516786E-7
-2.700000E-1	-5.715390E-6	5.715390E-6	-1.455409E-7	1.455409E-7
-2.600000E-1	-5.472430E-6	5.472430E-6	-1.393540E-7	1.393540E-7
-2.500000E-1	-5.234980E-6	5.234980E-6	-1.333074E-7	1.333074E-7
-2.400000E-1	-4.999740E-6	4.999740E-6	-1.273170E-7	1.273170E-7
-2.300000E-1	-4.767900E-6	4.767900E-6	-1.214133E-7	1.214133E-7
-2.200000E-1	-4.534980E-6	4.534980E-6	-1.154820E-7	1.154820E-7
-2.100000E-1	-4.305850E-6	4.305850E-6	-1.096473E-7	1.096473E-7
-2.000000E-1	-4.079540E-6	4.079540E-6	-1.038844E-7	1.038844E-7
-1.900000E-1	-3.854090E-6	3.854090E-6	-9.814337E-8	9.814337E-8
-1.800000E-1	-3.632180E-6	3.632180E-6	-9.249249E-8	9.249249E-8
-1.700000E-1	-3.412980E-6	3.412980E-6	-8.691062E-8	8.691062E-8
-1.600000E-1	-3.196420E-6	3.196420E-6	-8.139598E-8	8.139598E-8
-1.500000E-1	-2.979610E-6	2.979610E-6	-7.587497E-8	7.587497E-8
-1.400000E-1	-2.767890E-6	2.767890E-6	-7.048357E-8	7.048357E-8
-1.300000E-1	-2.557530E-6	2.557530E-6	-6.512681E-8	6.512681E-8
-1.200000E-1	-2.351030E-6	2.351030E-6	-5.986835E-8	5.986835E-8
-1.100000E-1	-2.143920E-6	2.143920E-6	-5.459435E-8	5.459435E-8
-1.000000E-1	-1.941850E-6	1.941850E-6	-4.944869E-8	4.944869E-8
-9.000000E-2	-1.740670E-6	1.740670E-6	-4.432569E-8	4.432569E-8
-8.000000E-2	-1.543160E-6	1.543160E-6	-3.929615E-8	3.929615E-8
-7.000000E-2	-1.345050E-6	1.345050E-6	-3.425134E-8	3.425134E-8
-6.000000E-2	-1.150730E-6	1.150730E-6	-2.930303E-8	2.930303E-8
-5.000000E-2	-9.575540E-7	9.575540E-7	-2.438386E-8	2.438386E-8
-4.000000E-2	-7.648540E-7	7.648540E-7	-1.947680E-8	1.947680E-8
-3.000000E-2	-5.728100E-7	5.728100E-7	-1.458645E-8	1.458645E-8
-2.000000E-2	-3.809060E-7	3.809060E-7	-9.699669E-9	9.699669E-9
-1.000000E-2	-1.906200E-7	1.906200E-7	-4.854087E-9	4.854087E-9
0.000000E+0	-3.417800E-10	3.417800E-10	-8.703336E-12	8.703336E-12
1.000000E-2	1.900810E-7	1.900810E-7	4.840362E-9	4.840362E-9
2.000000E-2	3.843920E-7	3.843920E-7	9.788439E-9	9.788439E-9
3.000000E-2	5.765320E-7	5.765320E-7	1.468123E-8	1.468123E-8
4.000000E-2	7.724420E-7	7.724420E-7	1.967003E-8	1.967003E-8
5.000000E-2	9.701700E-7	9.701700E-7	2.470512E-8	2.470512E-8
6.000000E-2	1.166860E-6	1.166860E-6	2.971378E-8	2.971378E-8
7.000000E-2	1.368990E-6	1.368990E-6	3.486096E-8	3.486096E-8
8.000000E-2	1.571480E-6	1.571480E-6	4.001732E-8	4.001732E-8
9.000000E-2	1.778230E-6	1.778230E-6	4.528215E-8	4.528215E-8
1.000000E-1	1.987060E-6	1.987060E-6	5.059995E-8	5.059995E-8
1.100000E-1	2.199910E-6	2.199910E-6	5.602012E-8	5.602012E-8
1.200000E-1	2.413170E-6	2.413170E-6	6.145073E-8	6.145073E-8
1.300000E-1	2.631830E-6	2.631830E-6	6.701884E-8	6.701884E-8
1.400000E-1	2.850690E-6	2.850690E-6	7.259205E-8	7.259205E-8
1.500000E-1	3.079610E-6	3.079610E-6	7.842144E-8	7.842144E-8
1.600000E-1	3.305730E-6	3.305730E-6	8.417953E-8	8.417953E-8
1.700000E-1	3.536560E-6	3.536560E-6	9.005755E-8	9.005755E-8
1.800000E-1	3.770520E-6	3.770520E-6	9.601528E-8	9.601528E-8
1.900000E-1	4.005560E-6	4.005560E-6	1.020005E-7	1.020005E-7
2.000000E-1	4.249460E-6	4.249460E-6	1.082114E-7	1.082114E-7
2.100000E-1	4.492300E-6	4.492300E-6	1.143952E-7	1.143952E-7
2.200000E-1	4.737070E-6	4.737070E-6	1.206282E-7	1.206282E-7
2.300000E-1	4.986110E-6	4.986110E-6	1.269700E-7	1.269700E-7
2.400000E-1	5.239080E-6	5.239080E-6	1.334118E-7	1.334118E-7
2.500000E-1	5.493980E-6	5.493980E-6	1.399027E-7	1.399027E-7
2.600000E-1	5.751210E-6	5.751210E-6	1.464530E-7	1.464530E-7
2.700000E-1	6.014080E-6	6.014080E-6	1.531469E-7	1.531469E-7
2.800000E-1	6.273900E-6	6.273900E-6	1.597632E-7	1.597632E-7
2.900000E-1	6.541010E-6	6.541010E-6	1.665651E-7	1.665651E-7
3.000000E-1	6.814330E-6	6.814330E-6	1.735251E-7	1.735251E-7
3.100000E-1	7.078920E-6	7.078920E-6	1.802628E-7	1.802628E-7
3.200000E-1	7.353190E-6	7.353190E-6	1.872470E-7	1.872470E-7
3.300000E-1	7.630320E-6	7.630320E-6	1.943040E-7	1.943040E-7
3.400000E-1	7.908590E-6	7.908590E-6	2.013901E-7	2.013901E-7
3.500000E-1	8.187960E-6	8.187960E-6	2.085042E-7	2.085042E-7
3.600000E-1	8.487730E-6	8.487730E-6	2.161378E-7	2.161378E-7
3.700000E-1	8.759550E-6	8.759550E-6	2.230596E-7	2.230596E-7
3.800000E-1	9.057080E-6	9.057080E-6	2.306361E-7	2.306361E-7
3.900000E-1	9.348230E-6	9.348230E-6	2.380502E-7	2.380502E-7
4.000000E-1	9.647560E-6	9.647560E-6	2.456725E-7	2.456725E-7
4.100000E-1	9.943770E-6	9.943770E-6	2.532154E-7	2.532154E-7
4.200000E-1	1.025244E-5	1.025244E-5	2.610756E-7	2.610756E-7
4.300000E-1	1.055877E-5	1.055877E-5	2.688762E-7	2.688762E-7
4.400000E-1	1.086136E-5	1.086136E-5	2.765816E-7	2.765816E-7
4.500000E-1	1.116181E-5	1.116181E-5	2.842325E-7	2.842325E-7
4.600000E-1	1.147710E-5	1.147710E-5	2.922613E-7	2.922613E-7
4.700000E-1	1.180160E-5	1.180160E-5	3.005246E-7	3.005246E-7
4.800000E-1	1.212160E-5	1.212160E-5	3.086733E-7	3.086733E-7
4.900000E-1	1.244040E-5	1.244040E-5	3.167914E-7	3.167914E-7
5.000000E-1	1.275500E-5	1.275500E-5	3.248026E-7	3.248026E-7
