

14:49:20	19/03/21


Ell Cont: 5,0x10,0

SMU1	V name:		V1
	I name:		I1
	Mode:		V
	Function:	VAR1
SMU2	V name:		V2
	I name:		I2
	Mode:		common
	Function:	const.
SMU3	off
SMU4	off
VMUs	off

Primary Source (VAR1):	single
	Sweep Spacing:	linear
	Start:		-0.500000
	Stop:		0.500000
	Step:		0.010000
	Compliance:	0.050000
Power Compliance OFF

Timing:		Integration Time:	medium
	Delay Time (sec):	0.000000
	Hold Time (sec):	0.000000
	Wait Time (sec):	1.000000

Secondary Source (VAR2):	OFF


   V1	   I1	Abs(I)	J (A\µm²)	Abs(J)
-5.000000E-1	-2.045320E-5	2.045320E-5	-5.208352E-7	5.208352E-7
-4.900000E-1	-1.993750E-5	1.993750E-5	-5.077031E-7	5.077031E-7
-4.800000E-1	-1.942660E-5	1.942660E-5	-4.946931E-7	4.946931E-7
-4.700000E-1	-1.892600E-5	1.892600E-5	-4.819455E-7	4.819455E-7
-4.600000E-1	-1.842510E-5	1.842510E-5	-4.691902E-7	4.691902E-7
-4.500000E-1	-1.793170E-5	1.793170E-5	-4.566259E-7	4.566259E-7
-4.400000E-1	-1.743730E-5	1.743730E-5	-4.440362E-7	4.440362E-7
-4.300000E-1	-1.695280E-5	1.695280E-5	-4.316985E-7	4.316985E-7
-4.200000E-1	-1.646700E-5	1.646700E-5	-4.193277E-7	4.193277E-7
-4.100000E-1	-1.599120E-5	1.599120E-5	-4.072116E-7	4.072116E-7
-4.000000E-1	-1.552610E-5	1.552610E-5	-3.953680E-7	3.953680E-7
-3.900000E-1	-1.505670E-5	1.505670E-5	-3.834148E-7	3.834148E-7
-3.800000E-1	-1.459620E-5	1.459620E-5	-3.716883E-7	3.716883E-7
-3.700000E-1	-1.413670E-5	1.413670E-5	-3.599873E-7	3.599873E-7
-3.600000E-1	-1.368320E-5	1.368320E-5	-3.484390E-7	3.484390E-7
-3.500000E-1	-1.323170E-5	1.323170E-5	-3.369417E-7	3.369417E-7
-3.400000E-1	-1.278860E-5	1.278860E-5	-3.256583E-7	3.256583E-7
-3.300000E-1	-1.234300E-5	1.234300E-5	-3.143112E-7	3.143112E-7
-3.200000E-1	-1.190850E-5	1.190850E-5	-3.032467E-7	3.032467E-7
-3.100000E-1	-1.147300E-5	1.147300E-5	-2.921569E-7	2.921569E-7
-3.000000E-1	-1.104280E-5	1.104280E-5	-2.812019E-7	2.812019E-7
-2.900000E-1	-1.061630E-5	1.061630E-5	-2.703412E-7	2.703412E-7
-2.800000E-1	-1.019090E-5	1.019090E-5	-2.595085E-7	2.595085E-7
-2.700000E-1	-9.777290E-6	9.777290E-6	-2.489761E-7	2.489761E-7
-2.600000E-1	-9.360810E-6	9.360810E-6	-2.383705E-7	2.383705E-7
-2.500000E-1	-8.952870E-6	8.952870E-6	-2.279824E-7	2.279824E-7
-2.400000E-1	-8.546270E-6	8.546270E-6	-2.176285E-7	2.176285E-7
-2.300000E-1	-8.147010E-6	8.147010E-6	-2.074614E-7	2.074614E-7
-2.200000E-1	-7.748380E-6	7.748380E-6	-1.973104E-7	1.973104E-7
-2.100000E-1	-7.357840E-6	7.357840E-6	-1.873654E-7	1.873654E-7
-2.000000E-1	-6.970590E-6	6.970590E-6	-1.775042E-7	1.775042E-7
-1.900000E-1	-6.586750E-6	6.586750E-6	-1.677298E-7	1.677298E-7
-1.800000E-1	-6.205760E-6	6.205760E-6	-1.580280E-7	1.580280E-7
-1.700000E-1	-5.832390E-6	5.832390E-6	-1.485202E-7	1.485202E-7
-1.600000E-1	-5.460230E-6	5.460230E-6	-1.390433E-7	1.390433E-7
-1.500000E-1	-5.091700E-6	5.091700E-6	-1.296588E-7	1.296588E-7
-1.400000E-1	-4.731520E-6	4.731520E-6	-1.204869E-7	1.204869E-7
-1.300000E-1	-4.372330E-6	4.372330E-6	-1.113402E-7	1.113402E-7
-1.200000E-1	-4.019270E-6	4.019270E-6	-1.023496E-7	1.023496E-7
-1.100000E-1	-3.667280E-6	3.667280E-6	-9.338630E-8	9.338630E-8
-1.000000E-1	-3.322740E-6	3.322740E-6	-8.461268E-8	8.461268E-8
-9.000000E-2	-2.979170E-6	2.979170E-6	-7.586376E-8	7.586376E-8
-8.000000E-2	-2.640100E-6	2.640100E-6	-6.722944E-8	6.722944E-8
-7.000000E-2	-2.303170E-6	2.303170E-6	-5.864960E-8	5.864960E-8
-6.000000E-2	-1.971050E-6	1.971050E-6	-5.019226E-8	5.019226E-8
-5.000000E-2	-1.638540E-6	1.638540E-6	-4.172498E-8	4.172498E-8
-4.000000E-2	-1.310210E-6	1.310210E-6	-3.336415E-8	3.336415E-8
-3.000000E-2	-9.825000E-7	9.825000E-7	-2.501910E-8	2.501910E-8
-2.000000E-2	-6.527260E-7	6.527260E-7	-1.662149E-8	1.662149E-8
-1.000000E-2	-3.271150E-7	3.271150E-7	-8.329895E-9	8.329895E-9
0.000000E+0	-6.449900E-10	6.449900E-10	-1.642450E-11	1.642450E-11
1.000000E-2	3.258820E-7	3.258820E-7	8.298497E-9	8.298497E-9
2.000000E-2	6.584880E-7	6.584880E-7	1.676822E-8	1.676822E-8
3.000000E-2	9.891160E-7	9.891160E-7	2.518757E-8	2.518757E-8
4.000000E-2	1.323810E-6	1.323810E-6	3.371047E-8	3.371047E-8
5.000000E-2	1.664370E-6	1.664370E-6	4.238273E-8	4.238273E-8
6.000000E-2	2.004730E-6	2.004730E-6	5.104991E-8	5.104991E-8
7.000000E-2	2.352280E-6	2.352280E-6	5.990018E-8	5.990018E-8
8.000000E-2	2.700770E-6	2.700770E-6	6.877438E-8	6.877438E-8
9.000000E-2	3.058040E-6	3.058040E-6	7.787217E-8	7.787217E-8
1.000000E-1	3.417750E-6	3.417750E-6	8.703208E-8	8.703208E-8
1.100000E-1	3.785710E-6	3.785710E-6	9.640209E-8	9.640209E-8
1.200000E-1	4.154670E-6	4.154670E-6	1.057976E-7	1.057976E-7
1.300000E-1	4.534170E-6	4.534170E-6	1.154614E-7	1.154614E-7
1.400000E-1	4.914500E-6	4.914500E-6	1.251464E-7	1.251464E-7
1.500000E-1	5.304420E-6	5.304420E-6	1.350756E-7	1.350756E-7
1.600000E-1	5.700520E-6	5.700520E-6	1.451622E-7	1.451622E-7
1.700000E-1	6.099880E-6	6.099880E-6	1.553318E-7	1.553318E-7
1.800000E-1	6.508120E-6	6.508120E-6	1.657275E-7	1.657275E-7
1.900000E-1	6.919670E-6	6.919670E-6	1.762075E-7	1.762075E-7
2.000000E-1	7.339430E-6	7.339430E-6	1.868966E-7	1.868966E-7
2.100000E-1	7.762670E-6	7.762670E-6	1.976743E-7	1.976743E-7
2.200000E-1	8.194930E-6	8.194930E-6	2.086817E-7	2.086817E-7
2.300000E-1	8.626180E-6	8.626180E-6	2.196634E-7	2.196634E-7
2.400000E-1	9.069380E-6	9.069380E-6	2.309493E-7	2.309493E-7
2.500000E-1	9.515940E-6	9.515940E-6	2.423209E-7	2.423209E-7
2.600000E-1	9.970500E-6	9.970500E-6	2.538961E-7	2.538961E-7
2.700000E-1	1.043286E-5	1.043286E-5	2.656700E-7	2.656700E-7
2.800000E-1	1.089425E-5	1.089425E-5	2.774191E-7	2.774191E-7
2.900000E-1	1.136471E-5	1.136471E-5	2.893993E-7	2.893993E-7
3.000000E-1	1.183620E-5	1.183620E-5	3.014056E-7	3.014056E-7
3.100000E-1	1.231870E-5	1.231870E-5	3.136924E-7	3.136924E-7
3.200000E-1	1.280670E-5	1.280670E-5	3.261192E-7	3.261192E-7
3.300000E-1	1.329920E-5	1.329920E-5	3.386606E-7	3.386606E-7
3.400000E-1	1.379460E-5	1.379460E-5	3.512758E-7	3.512758E-7
3.500000E-1	1.430120E-5	1.430120E-5	3.641762E-7	3.641762E-7
3.600000E-1	1.480810E-5	1.480810E-5	3.770843E-7	3.770843E-7
3.700000E-1	1.532380E-5	1.532380E-5	3.902164E-7	3.902164E-7
3.800000E-1	1.584390E-5	1.584390E-5	4.034607E-7	4.034607E-7
3.900000E-1	1.636900E-5	1.636900E-5	4.168322E-7	4.168322E-7
4.000000E-1	1.689930E-5	1.689930E-5	4.303361E-7	4.303361E-7
4.100000E-1	1.743220E-5	1.743220E-5	4.439063E-7	4.439063E-7
4.200000E-1	1.797630E-5	1.797630E-5	4.577616E-7	4.577616E-7
4.300000E-1	1.851870E-5	1.851870E-5	4.715737E-7	4.715737E-7
4.400000E-1	1.906850E-5	1.906850E-5	4.855742E-7	4.855742E-7
4.500000E-1	1.962320E-5	1.962320E-5	4.996995E-7	4.996995E-7
4.600000E-1	2.018920E-5	2.018920E-5	5.141125E-7	5.141125E-7
4.700000E-1	2.075200E-5	2.075200E-5	5.284441E-7	5.284441E-7
4.800000E-1	2.132530E-5	2.132530E-5	5.430430E-7	5.430430E-7
4.900000E-1	2.190260E-5	2.190260E-5	5.577438E-7	5.577438E-7
5.000000E-1	2.248140E-5	2.248140E-5	5.724828E-7	5.724828E-7
