

14:51:46	19/03/21


Ell Cont: 5,0x10,0

SMU1	V name:		V1
	I name:		I1
	Mode:		V
	Function:	VAR1
SMU2	V name:		V2
	I name:		I2
	Mode:		common
	Function:	const.
SMU3	off
SMU4	off
VMUs	off

Primary Source (VAR1):	single
	Sweep Spacing:	linear
	Start:		-0.500000
	Stop:		0.500000
	Step:		0.010000
	Compliance:	0.050000
Power Compliance OFF

Timing:		Integration Time:	medium
	Delay Time (sec):	0.000000
	Hold Time (sec):	0.000000
	Wait Time (sec):	1.000000

Secondary Source (VAR2):	OFF


   V1	   I1	Abs(I)	J (A\um²)	Abs(J)
-5.000000E-1	-1.614400E-5	1.614400E-5	-4.111026E-7	4.111026E-7
-4.900000E-1	-1.570150E-5	1.570150E-5	-3.998345E-7	3.998345E-7
-4.800000E-1	-1.525840E-5	1.525840E-5	-3.885511E-7	3.885511E-7
-4.700000E-1	-1.483260E-5	1.483260E-5	-3.777082E-7	3.777082E-7
-4.600000E-1	-1.440470E-5	1.440470E-5	-3.668118E-7	3.668118E-7
-4.500000E-1	-1.398690E-5	1.398690E-5	-3.561726E-7	3.561726E-7
-4.400000E-1	-1.357160E-5	1.357160E-5	-3.455971E-7	3.455971E-7
-4.300000E-1	-1.316250E-5	1.316250E-5	-3.351795E-7	3.351795E-7
-4.200000E-1	-1.276210E-5	1.276210E-5	-3.249834E-7	3.249834E-7
-4.100000E-1	-1.235980E-5	1.235980E-5	-3.147390E-7	3.147390E-7
-4.000000E-1	-1.196870E-5	1.196870E-5	-3.047797E-7	3.047797E-7
-3.900000E-1	-1.157930E-5	1.157930E-5	-2.948638E-7	2.948638E-7
-3.800000E-1	-1.119800E-5	1.119800E-5	-2.851541E-7	2.851541E-7
-3.700000E-1	-1.081840E-5	1.081840E-5	-2.754876E-7	2.754876E-7
-3.600000E-1	-1.044770E-5	1.044770E-5	-2.660479E-7	2.660479E-7
-3.500000E-1	-1.007920E-5	1.007920E-5	-2.566641E-7	2.566641E-7
-3.400000E-1	-9.719250E-6	9.719250E-6	-2.474981E-7	2.474981E-7
-3.300000E-1	-9.358440E-6	9.358440E-6	-2.383102E-7	2.383102E-7
-3.200000E-1	-9.005250E-6	9.005250E-6	-2.293163E-7	2.293163E-7
-3.100000E-1	-8.655240E-6	8.655240E-6	-2.204034E-7	2.204034E-7
-3.000000E-1	-8.315360E-6	8.315360E-6	-2.117484E-7	2.117484E-7
-2.900000E-1	-7.975900E-6	7.975900E-6	-2.031041E-7	2.031041E-7
-2.800000E-1	-7.640770E-6	7.640770E-6	-1.945702E-7	1.945702E-7
-2.700000E-1	-7.311350E-6	7.311350E-6	-1.861816E-7	1.861816E-7
-2.600000E-1	-6.985340E-6	6.985340E-6	-1.778798E-7	1.778798E-7
-2.500000E-1	-6.666120E-6	6.666120E-6	-1.697510E-7	1.697510E-7
-2.400000E-1	-6.349050E-6	6.349050E-6	-1.616769E-7	1.616769E-7
-2.300000E-1	-6.040000E-6	6.040000E-6	-1.538070E-7	1.538070E-7
-2.200000E-1	-5.732870E-6	5.732870E-6	-1.459860E-7	1.459860E-7
-2.100000E-1	-5.433780E-6	5.433780E-6	-1.383697E-7	1.383697E-7
-2.000000E-1	-5.135690E-6	5.135690E-6	-1.307790E-7	1.307790E-7
-1.900000E-1	-4.845480E-6	4.845480E-6	-1.233888E-7	1.233888E-7
-1.800000E-1	-4.556670E-6	4.556670E-6	-1.160344E-7	1.160344E-7
-1.700000E-1	-4.273670E-6	4.273670E-6	-1.088279E-7	1.088279E-7
-1.600000E-1	-3.993490E-6	3.993490E-6	-1.016931E-7	1.016931E-7
-1.500000E-1	-3.718500E-6	3.718500E-6	-9.469060E-8	9.469060E-8
-1.400000E-1	-3.448650E-6	3.448650E-6	-8.781894E-8	8.781894E-8
-1.300000E-1	-3.182080E-6	3.182080E-6	-8.103081E-8	8.103081E-8
-1.200000E-1	-2.920000E-6	2.920000E-6	-7.435701E-8	7.435701E-8
-1.100000E-1	-2.661160E-6	2.661160E-6	-6.776572E-8	6.776572E-8
-1.000000E-1	-2.407330E-6	2.407330E-6	-6.130201E-8	6.130201E-8
-9.000000E-2	-2.154900E-6	2.154900E-6	-5.487395E-8	5.487395E-8
-8.000000E-2	-1.907310E-6	1.907310E-6	-4.856914E-8	4.856914E-8
-7.000000E-2	-1.661880E-6	1.661880E-6	-4.231933E-8	4.231933E-8
-6.000000E-2	-1.420660E-6	1.420660E-6	-3.617672E-8	3.617672E-8
-5.000000E-2	-1.179950E-6	1.179950E-6	-3.004711E-8	3.004711E-8
-4.000000E-2	-9.436200E-7	9.436200E-7	-2.402903E-8	2.402903E-8
-3.000000E-2	-7.054610E-7	7.054610E-7	-1.796437E-8	1.796437E-8
-2.000000E-2	-4.690660E-7	4.690660E-7	-1.194464E-8	1.194464E-8
-1.000000E-2	-2.349650E-7	2.349650E-7	-5.983321E-9	5.983321E-9
0.000000E+0	-4.408300E-10	4.408300E-10	-1.122562E-11	1.122562E-11
1.000000E-2	2.338490E-7	2.338490E-7	5.954902E-9	5.954902E-9
2.000000E-2	4.725750E-7	4.725750E-7	1.203400E-8	1.203400E-8
3.000000E-2	7.099520E-7	7.099520E-7	1.807874E-8	1.807874E-8
4.000000E-2	9.512380E-7	9.512380E-7	2.422302E-8	2.422302E-8
5.000000E-2	1.194450E-6	1.194450E-6	3.041635E-8	3.041635E-8
6.000000E-2	1.440660E-6	1.440660E-6	3.668602E-8	3.668602E-8
7.000000E-2	1.691280E-6	1.691280E-6	4.306799E-8	4.306799E-8
8.000000E-2	1.943430E-6	1.943430E-6	4.948892E-8	4.948892E-8
9.000000E-2	2.201850E-6	2.201850E-6	5.606952E-8	5.606952E-8
1.000000E-1	2.462890E-6	2.462890E-6	6.271683E-8	6.271683E-8
1.100000E-1	2.730290E-6	2.730290E-6	6.952610E-8	6.952610E-8
1.200000E-1	3.000680E-6	3.000680E-6	7.641151E-8	7.641151E-8
1.300000E-1	3.277590E-6	3.277590E-6	8.346295E-8	8.346295E-8
1.400000E-1	3.558730E-6	3.558730E-6	9.062210E-8	9.062210E-8
1.500000E-1	3.845780E-6	3.845780E-6	9.793175E-8	9.793175E-8
1.600000E-1	4.138240E-6	4.138240E-6	1.053792E-7	1.053792E-7
1.700000E-1	4.433230E-6	4.433230E-6	1.128910E-7	1.128910E-7
1.800000E-1	4.736100E-6	4.736100E-6	1.206035E-7	1.206035E-7
1.900000E-1	5.042570E-6	5.042570E-6	1.284077E-7	1.284077E-7
2.000000E-1	5.357260E-6	5.357260E-6	1.364212E-7	1.364212E-7
2.100000E-1	5.673570E-6	5.673570E-6	1.444759E-7	1.444759E-7
2.200000E-1	5.998970E-6	5.998970E-6	1.527622E-7	1.527622E-7
2.300000E-1	6.327190E-6	6.327190E-6	1.611202E-7	1.611202E-7
2.400000E-1	6.663110E-6	6.663110E-6	1.696743E-7	1.696743E-7
2.500000E-1	7.002120E-6	7.002120E-6	1.783071E-7	1.783071E-7
2.600000E-1	7.350100E-6	7.350100E-6	1.871683E-7	1.871683E-7
2.700000E-1	7.705020E-6	7.705020E-6	1.962063E-7	1.962063E-7
2.800000E-1	8.060260E-6	8.060260E-6	2.052524E-7	2.052524E-7
2.900000E-1	8.425090E-6	8.425090E-6	2.145427E-7	2.145427E-7
3.000000E-1	8.792340E-6	8.792340E-6	2.238946E-7	2.238946E-7
3.100000E-1	9.169790E-6	9.169790E-6	2.335062E-7	2.335062E-7
3.200000E-1	9.546000E-6	9.546000E-6	2.430863E-7	2.430863E-7
3.300000E-1	9.932130E-6	9.932130E-6	2.529190E-7	2.529190E-7
3.400000E-1	1.032171E-5	1.032171E-5	2.628396E-7	2.628396E-7
3.500000E-1	1.072245E-5	1.072245E-5	2.730443E-7	2.730443E-7
3.600000E-1	1.112338E-5	1.112338E-5	2.832539E-7	2.832539E-7
3.700000E-1	1.153380E-5	1.153380E-5	2.937051E-7	2.937051E-7
3.800000E-1	1.195090E-5	1.195090E-5	3.043265E-7	3.043265E-7
3.900000E-1	1.237000E-5	1.237000E-5	3.149987E-7	3.149987E-7
4.000000E-1	1.280000E-5	1.280000E-5	3.259486E-7	3.259486E-7
4.100000E-1	1.323030E-5	1.323030E-5	3.369060E-7	3.369060E-7
4.200000E-1	1.367060E-5	1.367060E-5	3.481182E-7	3.481182E-7
4.300000E-1	1.411090E-5	1.411090E-5	3.593303E-7	3.593303E-7
4.400000E-1	1.456550E-5	1.456550E-5	3.709065E-7	3.709065E-7
4.500000E-1	1.501720E-5	1.501720E-5	3.824090E-7	3.824090E-7
4.600000E-1	1.548270E-5	1.548270E-5	3.942628E-7	3.942628E-7
4.700000E-1	1.594790E-5	1.594790E-5	4.061090E-7	4.061090E-7
4.800000E-1	1.642240E-5	1.642240E-5	4.181920E-7	4.181920E-7
4.900000E-1	1.690680E-5	1.690680E-5	4.305271E-7	4.305271E-7
5.000000E-1	1.738900E-5	1.738900E-5	4.428062E-7	4.428062E-7
