

14:48:49	19/03/21


Ell Cont: 5,0x10,0

SMU1	V name:		V1
	I name:		I1
	Mode:		V
	Function:	VAR1
SMU2	V name:		V2
	I name:		I2
	Mode:		common
	Function:	const.
SMU3	off
SMU4	off
VMUs	off

Primary Source (VAR1):	single
	Sweep Spacing:	linear
	Start:		-0.500000
	Stop:		0.500000
	Step:		0.010000
	Compliance:	0.050000
Power Compliance OFF

Timing:		Integration Time:	medium
	Delay Time (sec):	0.000000
	Hold Time (sec):	0.000000
	Wait Time (sec):	1.000000

Secondary Source (VAR2):	OFF


   V1	   I1	Abs(I)	J (A\µm²)	Abs(J)
-5.000000E-1	-1.066590E-5	1.066590E-5	-2.716043E-7	2.716043E-7
-4.900000E-1	-1.039000E-5	1.039000E-5	-2.645786E-7	2.645786E-7
-4.800000E-1	-1.011610E-5	1.011610E-5	-2.576038E-7	2.576038E-7
-4.700000E-1	-9.851140E-6	9.851140E-6	-2.508566E-7	2.508566E-7
-4.600000E-1	-9.583130E-6	9.583130E-6	-2.440318E-7	2.440318E-7
-4.500000E-1	-9.324020E-6	9.324020E-6	-2.374337E-7	2.374337E-7
-4.400000E-1	-9.063800E-6	9.063800E-6	-2.308072E-7	2.308072E-7
-4.300000E-1	-8.807990E-6	8.807990E-6	-2.242931E-7	2.242931E-7
-4.200000E-1	-8.554620E-6	8.554620E-6	-2.178411E-7	2.178411E-7
-4.100000E-1	-8.300710E-6	8.300710E-6	-2.113753E-7	2.113753E-7
-4.000000E-1	-8.052170E-6	8.052170E-6	-2.050463E-7	2.050463E-7
-3.900000E-1	-7.803970E-6	7.803970E-6	-1.987260E-7	1.987260E-7
-3.800000E-1	-7.559680E-6	7.559680E-6	-1.925052E-7	1.925052E-7
-3.700000E-1	-7.317930E-6	7.317930E-6	-1.863491E-7	1.863491E-7
-3.600000E-1	-7.079450E-6	7.079450E-6	-1.802763E-7	1.802763E-7
-3.500000E-1	-6.842810E-6	6.842810E-6	-1.742503E-7	1.742503E-7
-3.400000E-1	-6.608500E-6	6.608500E-6	-1.682837E-7	1.682837E-7
-3.300000E-1	-6.374870E-6	6.374870E-6	-1.623344E-7	1.623344E-7
-3.200000E-1	-6.145530E-6	6.145530E-6	-1.564943E-7	1.564943E-7
-3.100000E-1	-5.915810E-6	5.915810E-6	-1.506445E-7	1.506445E-7
-3.000000E-1	-5.691490E-6	5.691490E-6	-1.449323E-7	1.449323E-7
-2.900000E-1	-5.466430E-6	5.466430E-6	-1.392012E-7	1.392012E-7
-2.800000E-1	-5.243920E-6	5.243920E-6	-1.335350E-7	1.335350E-7
-2.700000E-1	-5.026930E-6	5.026930E-6	-1.280094E-7	1.280094E-7
-2.600000E-1	-4.810610E-6	4.810610E-6	-1.225009E-7	1.225009E-7
-2.500000E-1	-4.599870E-6	4.599870E-6	-1.171345E-7	1.171345E-7
-2.400000E-1	-4.387610E-6	4.387610E-6	-1.117293E-7	1.117293E-7
-2.300000E-1	-4.180160E-6	4.180160E-6	-1.064467E-7	1.064467E-7
-2.200000E-1	-3.972770E-6	3.972770E-6	-1.011655E-7	1.011655E-7
-2.100000E-1	-3.769180E-6	3.769180E-6	-9.598115E-8	9.598115E-8
-2.000000E-1	-3.567620E-6	3.567620E-6	-9.084848E-8	9.084848E-8
-1.900000E-1	-3.370080E-6	3.370080E-6	-8.581818E-8	8.581818E-8
-1.800000E-1	-3.172090E-6	3.172090E-6	-8.077642E-8	8.077642E-8
-1.700000E-1	-2.978730E-6	2.978730E-6	-7.585256E-8	7.585256E-8
-1.600000E-1	-2.786550E-6	2.786550E-6	-7.095875E-8	7.095875E-8
-1.500000E-1	-2.597710E-6	2.597710E-6	-6.614999E-8	6.614999E-8
-1.400000E-1	-2.411160E-6	2.411160E-6	-6.139954E-8	6.139954E-8
-1.300000E-1	-2.226500E-6	2.226500E-6	-5.669722E-8	5.669722E-8
-1.200000E-1	-2.044370E-6	2.044370E-6	-5.205933E-8	5.205933E-8
-1.100000E-1	-1.864380E-6	1.864380E-6	-4.747594E-8	4.747594E-8
-1.000000E-1	-1.688060E-6	1.688060E-6	-4.298599E-8	4.298599E-8
-9.000000E-2	-1.512520E-6	1.512520E-6	-3.851592E-8	3.851592E-8
-8.000000E-2	-1.340030E-6	1.340030E-6	-3.412350E-8	3.412350E-8
-7.000000E-2	-1.168070E-6	1.168070E-6	-2.974459E-8	2.974459E-8
-6.000000E-2	-9.999610E-7	9.999610E-7	-2.546374E-8	2.546374E-8
-5.000000E-2	-8.297420E-7	8.297420E-7	-2.112916E-8	2.112916E-8
-4.000000E-2	-6.629720E-7	6.629720E-7	-1.688240E-8	1.688240E-8
-3.000000E-2	-4.960900E-7	4.960900E-7	-1.263280E-8	1.263280E-8
-2.000000E-2	-3.296940E-7	3.296940E-7	-8.395569E-9	8.395569E-9
-1.000000E-2	-1.647980E-7	1.647980E-7	-4.196537E-9	4.196537E-9
0.000000E+0	-3.373000E-11	3.373000E-11	-8.589254E-13	8.589254E-13
1.000000E-2	1.652270E-7	1.652270E-7	4.207461E-9	4.207461E-9
2.000000E-2	3.339960E-7	3.339960E-7	8.505118E-9	8.505118E-9
3.000000E-2	5.013600E-7	5.013600E-7	1.276700E-8	1.276700E-8
4.000000E-2	6.714890E-7	6.714890E-7	1.709929E-8	1.709929E-8
5.000000E-2	8.433910E-7	8.433910E-7	2.147672E-8	2.147672E-8
6.000000E-2	1.016034E-6	1.016034E-6	2.587303E-8	2.587303E-8
7.000000E-2	1.191180E-6	1.191180E-6	3.033308E-8	3.033308E-8
8.000000E-2	1.369790E-6	1.369790E-6	3.488133E-8	3.488133E-8
9.000000E-2	1.551190E-6	1.551190E-6	3.950064E-8	3.950064E-8
1.000000E-1	1.733570E-6	1.733570E-6	4.414489E-8	4.414489E-8
1.100000E-1	1.921400E-6	1.921400E-6	4.892793E-8	4.892793E-8
1.200000E-1	2.110510E-6	2.110510E-6	5.374357E-8	5.374357E-8
1.300000E-1	2.303510E-6	2.303510E-6	5.865826E-8	5.865826E-8
1.400000E-1	2.499140E-6	2.499140E-6	6.363993E-8	6.363993E-8
1.500000E-1	2.699060E-6	2.699060E-6	6.873084E-8	6.873084E-8
1.600000E-1	2.902220E-6	2.902220E-6	7.390425E-8	7.390425E-8
1.700000E-1	3.106990E-6	3.106990E-6	7.911866E-8	7.911866E-8
1.800000E-1	3.316790E-6	3.316790E-6	8.446117E-8	8.446117E-8
1.900000E-1	3.528220E-6	3.528220E-6	8.984517E-8	8.984517E-8
2.000000E-1	3.745030E-6	3.745030E-6	9.536618E-8	9.536618E-8
2.100000E-1	3.963070E-6	3.963070E-6	1.009185E-7	1.009185E-7
2.200000E-1	4.186070E-6	4.186070E-6	1.065971E-7	1.065971E-7
2.300000E-1	4.410080E-6	4.410080E-6	1.123015E-7	1.123015E-7
2.400000E-1	4.639500E-6	4.639500E-6	1.181436E-7	1.181436E-7
2.500000E-1	4.870730E-6	4.870730E-6	1.240318E-7	1.240318E-7
2.600000E-1	5.106700E-6	5.106700E-6	1.300407E-7	1.300407E-7
2.700000E-1	5.344020E-6	5.344020E-6	1.360840E-7	1.360840E-7
2.800000E-1	5.584570E-6	5.584570E-6	1.422096E-7	1.422096E-7
2.900000E-1	5.830180E-6	5.830180E-6	1.484640E-7	1.484640E-7
3.000000E-1	6.076160E-6	6.076160E-6	1.547278E-7	1.547278E-7
3.100000E-1	6.327570E-6	6.327570E-6	1.611299E-7	1.611299E-7
3.200000E-1	6.580650E-6	6.580650E-6	1.675745E-7	1.675745E-7
3.300000E-1	6.837110E-6	6.837110E-6	1.741052E-7	1.741052E-7
3.400000E-1	7.094650E-6	7.094650E-6	1.806634E-7	1.806634E-7
3.500000E-1	7.358290E-6	7.358290E-6	1.873769E-7	1.873769E-7
3.600000E-1	7.624240E-6	7.624240E-6	1.941492E-7	1.941492E-7
3.700000E-1	7.893950E-6	7.893950E-6	2.010173E-7	2.010173E-7
3.800000E-1	8.167380E-6	8.167380E-6	2.079801E-7	2.079801E-7
3.900000E-1	8.440570E-6	8.440570E-6	2.149368E-7	2.149368E-7
4.000000E-1	8.719150E-6	8.719150E-6	2.220308E-7	2.220308E-7
4.100000E-1	8.998720E-6	8.998720E-6	2.291500E-7	2.291500E-7
4.200000E-1	9.285030E-6	9.285030E-6	2.364408E-7	2.364408E-7
4.300000E-1	9.571720E-6	9.571720E-6	2.437413E-7	2.437413E-7
4.400000E-1	9.863100E-6	9.863100E-6	2.511612E-7	2.511612E-7
4.500000E-1	1.015372E-5	1.015372E-5	2.585617E-7	2.585617E-7
4.600000E-1	1.044873E-5	1.044873E-5	2.660741E-7	2.660741E-7
4.700000E-1	1.074824E-5	1.074824E-5	2.737010E-7	2.737010E-7
4.800000E-1	1.105071E-5	1.105071E-5	2.814034E-7	2.814034E-7
4.900000E-1	1.135503E-5	1.135503E-5	2.891528E-7	2.891528E-7
5.000000E-1	1.166180E-5	1.166180E-5	2.969646E-7	2.969646E-7
