

14:19:36	03/03/21


Ell Cont: 5,0x10,0

SMU1	V name:		V1
	I name:		I1
	Mode:		V
	Function:	VAR1
SMU2	V name:		V2
	I name:		I2
	Mode:		common
	Function:	const.
SMU3	off
SMU4	off
VMUs	off

Primary Source (VAR1):	single
	Sweep Spacing:	linear
	Start:		-0.500000
	Stop:		0.500000
	Step:		0.010000
	Compliance:	0.050000
Power Compliance OFF

Timing:		Integration Time:	medium
	Delay Time (sec):	0.000000
	Hold Time (sec):	0.000000
	Wait Time (sec):	1.000000

Secondary Source (VAR2):	OFF


   V1	   I1	Abs(I)	J (A\µm²)	Abs(J)
-5.000000E-1	-1.172760E-5	1.172760E-5	-2.986402E-7	2.986402E-7
-4.900000E-1	-1.149780E-5	1.149780E-5	-2.927884E-7	2.927884E-7
-4.800000E-1	-1.125790E-5	1.125790E-5	-2.866794E-7	2.866794E-7
-4.700000E-1	-1.110380E-5	1.110380E-5	-2.827553E-7	2.827553E-7
-4.600000E-1	-1.070420E-5	1.070420E-5	-2.725796E-7	2.725796E-7
-4.500000E-1	-1.030230E-5	1.030230E-5	-2.623453E-7	2.623453E-7
-4.400000E-1	-1.009900E-5	1.009900E-5	-2.571683E-7	2.571683E-7
-4.300000E-1	-9.891820E-6	9.891820E-6	-2.518925E-7	2.518925E-7
-4.200000E-1	-9.542090E-6	9.542090E-6	-2.429868E-7	2.429868E-7
-4.100000E-1	-9.288290E-6	9.288290E-6	-2.365238E-7	2.365238E-7
-4.000000E-1	-9.198540E-6	9.198540E-6	-2.342383E-7	2.342383E-7
-3.900000E-1	-8.928530E-6	8.928530E-6	-2.273626E-7	2.273626E-7
-3.800000E-1	-8.712420E-6	8.712420E-6	-2.218594E-7	2.218594E-7
-3.700000E-1	-8.454270E-6	8.454270E-6	-2.152857E-7	2.152857E-7
-3.600000E-1	-8.196780E-6	8.196780E-6	-2.087288E-7	2.087288E-7
-3.500000E-1	-7.735980E-6	7.735980E-6	-1.969947E-7	1.969947E-7
-3.400000E-1	-7.475230E-6	7.475230E-6	-1.903547E-7	1.903547E-7
-3.300000E-1	-7.218820E-6	7.218820E-6	-1.838253E-7	1.838253E-7
-3.200000E-1	-6.951510E-6	6.951510E-6	-1.770183E-7	1.770183E-7
-3.100000E-1	-6.723300E-6	6.723300E-6	-1.712070E-7	1.712070E-7
-3.000000E-1	-6.470590E-6	6.470590E-6	-1.647718E-7	1.647718E-7
-2.900000E-1	-6.149750E-6	6.149750E-6	-1.566017E-7	1.566017E-7
-2.800000E-1	-5.942870E-6	5.942870E-6	-1.513336E-7	1.513336E-7
-2.700000E-1	-5.731160E-6	5.731160E-6	-1.459424E-7	1.459424E-7
-2.600000E-1	-5.492250E-6	5.492250E-6	-1.398587E-7	1.398587E-7
-2.500000E-1	-5.240790E-6	5.240790E-6	-1.334553E-7	1.334553E-7
-2.400000E-1	-5.019690E-6	5.019690E-6	-1.278251E-7	1.278251E-7
-2.300000E-1	-4.783410E-6	4.783410E-6	-1.218082E-7	1.218082E-7
-2.200000E-1	-4.571860E-6	4.571860E-6	-1.164212E-7	1.164212E-7
-2.100000E-1	-4.323960E-6	4.323960E-6	-1.101085E-7	1.101085E-7
-2.000000E-1	-4.096950E-6	4.096950E-6	-1.043277E-7	1.043277E-7
-1.900000E-1	-3.883510E-6	3.883510E-6	-9.889254E-8	9.889254E-8
-1.800000E-1	-3.658610E-6	3.658610E-6	-9.316552E-8	9.316552E-8
-1.700000E-1	-3.441890E-6	3.441890E-6	-8.764680E-8	8.764680E-8
-1.600000E-1	-3.228340E-6	3.228340E-6	-8.220881E-8	8.220881E-8
-1.500000E-1	-3.022230E-6	3.022230E-6	-7.696027E-8	7.696027E-8
-1.400000E-1	-2.807840E-6	2.807840E-6	-7.150089E-8	7.150089E-8
-1.300000E-1	-2.589370E-6	2.589370E-6	-6.593761E-8	6.593761E-8
-1.200000E-1	-2.390990E-6	2.390990E-6	-6.088592E-8	6.088592E-8
-1.100000E-1	-2.189040E-6	2.189040E-6	-5.574331E-8	5.574331E-8
-1.000000E-1	-1.988020E-6	1.988020E-6	-5.062439E-8	5.062439E-8
-9.000000E-2	-1.788420E-6	1.788420E-6	-4.554163E-8	4.554163E-8
-8.000000E-2	-1.591230E-6	1.591230E-6	-4.052024E-8	4.052024E-8
-7.000000E-2	-1.382820E-6	1.382820E-6	-3.521314E-8	3.521314E-8
-6.000000E-2	-1.193850E-6	1.193850E-6	-3.040107E-8	3.040107E-8
-5.000000E-2	-9.942450E-7	9.942450E-7	-2.531818E-8	2.531818E-8
-4.000000E-2	-7.985370E-7	7.985370E-7	-2.033453E-8	2.033453E-8
-3.000000E-2	-5.933920E-7	5.933920E-7	-1.511057E-8	1.511057E-8
-2.000000E-2	-3.915440E-7	3.915440E-7	-9.970563E-9	9.970563E-9
-1.000000E-2	-1.979450E-7	1.979450E-7	-5.040616E-9	5.040616E-9
0.000000E+0	-1.291820E-9	1.291820E-9	-3.289585E-11	3.289585E-11
1.000000E-2	1.932720E-7	1.932720E-7	4.921619E-9	4.921619E-9
2.000000E-2	3.887740E-7	3.887740E-7	9.900025E-9	9.900025E-9
3.000000E-2	5.826790E-7	5.826790E-7	1.483776E-8	1.483776E-8
4.000000E-2	7.770910E-7	7.770910E-7	1.978841E-8	1.978841E-8
5.000000E-2	9.758080E-7	9.758080E-7	2.484869E-8	2.484869E-8
6.000000E-2	1.202390E-6	1.202390E-6	3.061854E-8	3.061854E-8
7.000000E-2	1.394180E-6	1.394180E-6	3.550242E-8	3.550242E-8
8.000000E-2	1.617230E-6	1.617230E-6	4.118233E-8	4.118233E-8
9.000000E-2	1.825560E-6	1.825560E-6	4.648739E-8	4.648739E-8
1.000000E-1	2.025570E-6	2.025570E-6	5.158060E-8	5.158060E-8
1.100000E-1	2.165510E-6	2.165510E-6	5.514413E-8	5.514413E-8
1.200000E-1	2.351350E-6	2.351350E-6	5.987650E-8	5.987650E-8
1.300000E-1	2.550020E-6	2.550020E-6	6.493557E-8	6.493557E-8
1.400000E-1	2.749260E-6	2.749260E-6	7.000917E-8	7.000917E-8
1.500000E-1	2.976790E-6	2.976790E-6	7.580316E-8	7.580316E-8
1.600000E-1	3.202740E-6	3.202740E-6	8.155691E-8	8.155691E-8
1.700000E-1	3.376930E-6	3.376930E-6	8.599261E-8	8.599261E-8
1.800000E-1	3.621740E-6	3.621740E-6	9.222664E-8	9.222664E-8
1.900000E-1	3.819330E-6	3.819330E-6	9.725821E-8	9.725821E-8
2.000000E-1	4.053510E-6	4.053510E-6	1.032215E-7	1.032215E-7
2.100000E-1	4.291520E-6	4.291520E-6	1.092824E-7	1.092824E-7
2.200000E-1	4.524790E-6	4.524790E-6	1.152226E-7	1.152226E-7
2.300000E-1	4.734230E-6	4.734230E-6	1.205559E-7	1.205559E-7
2.400000E-1	4.962320E-6	4.962320E-6	1.263641E-7	1.263641E-7
2.500000E-1	5.191850E-6	5.191850E-6	1.322091E-7	1.322091E-7
2.600000E-1	5.405040E-6	5.405040E-6	1.376379E-7	1.376379E-7
2.700000E-1	5.650080E-6	5.650080E-6	1.438778E-7	1.438778E-7
2.800000E-1	5.869330E-6	5.869330E-6	1.494609E-7	1.494609E-7
2.900000E-1	6.116810E-6	6.116810E-6	1.557629E-7	1.557629E-7
3.000000E-1	6.343700E-6	6.343700E-6	1.615406E-7	1.615406E-7
3.100000E-1	6.563760E-6	6.563760E-6	1.671444E-7	1.671444E-7
3.200000E-1	6.819080E-6	6.819080E-6	1.736460E-7	1.736460E-7
3.300000E-1	7.080560E-6	7.080560E-6	1.803046E-7	1.803046E-7
3.400000E-1	7.339010E-6	7.339010E-6	1.868859E-7	1.868859E-7
3.500000E-1	7.614070E-6	7.614070E-6	1.938902E-7	1.938902E-7
3.600000E-1	7.874670E-6	7.874670E-6	2.005264E-7	2.005264E-7
3.700000E-1	8.117450E-6	8.117450E-6	2.067087E-7	2.067087E-7
3.800000E-1	8.403860E-6	8.403860E-6	2.140020E-7	2.140020E-7
3.900000E-1	8.587980E-6	8.587980E-6	2.186906E-7	2.186906E-7
4.000000E-1	8.862030E-6	8.862030E-6	2.256692E-7	2.256692E-7
4.100000E-1	9.171190E-6	9.171190E-6	2.335419E-7	2.335419E-7
4.200000E-1	9.430220E-6	9.430220E-6	2.401380E-7	2.401380E-7
4.300000E-1	9.681400E-6	9.681400E-6	2.465342E-7	2.465342E-7
4.400000E-1	9.964930E-6	9.964930E-6	2.537543E-7	2.537543E-7
4.500000E-1	1.025006E-5	1.025006E-5	2.610150E-7	2.610150E-7
4.600000E-1	1.062391E-5	1.062391E-5	2.705350E-7	2.705350E-7
4.700000E-1	1.123983E-5	1.123983E-5	2.862192E-7	2.862192E-7
4.800000E-1	1.130023E-5	1.130023E-5	2.877573E-7	2.877573E-7
4.900000E-1	1.157990E-5	1.157990E-5	2.948790E-7	2.948790E-7
5.000000E-1	1.182470E-5	1.182470E-5	3.011128E-7	3.011128E-7
