

14:34:48	03/03/21


Ell Cont: 5,0x10,0

SMU1	V name:		V1
	I name:		I1
	Mode:		V
	Function:	VAR1
SMU2	V name:		V2
	I name:		I2
	Mode:		common
	Function:	const.
SMU3	off
SMU4	off
VMUs	off

Primary Source (VAR1):	single
	Sweep Spacing:	linear
	Start:		-0.500000
	Stop:		0.500000
	Step:		0.010000
	Compliance:	0.050000
Power Compliance OFF

Timing:		Integration Time:	medium
	Delay Time (sec):	0.000000
	Hold Time (sec):	0.000000
	Wait Time (sec):	1.000000

Secondary Source (VAR2):	OFF


   V1	   I1	Abs(I)	J (A\um²)	Abs(J)
-5.000000E-1	-6.788300E-5	6.788300E-5	-1.728622E-6	1.728622E-6
-4.900000E-1	-4.332900E-6	4.332900E-6	-1.103361E-7	1.103361E-7
-4.800000E-1	-1.894620E-6	1.894620E-6	-4.824599E-8	4.824599E-8
-4.700000E-1	-1.314590E-6	1.314590E-6	-3.347568E-8	3.347568E-8
-4.600000E-1	-1.489080E-7	1.489080E-7	-3.791902E-9	3.791902E-9
-4.500000E-1	-1.159510E-7	1.159510E-7	-2.952661E-9	2.952661E-9
-4.400000E-1	-5.434700E-8	5.434700E-8	-1.383932E-9	1.383932E-9
-4.300000E-1	-5.220390E-8	5.220390E-8	-1.329358E-9	1.329358E-9
-4.200000E-1	-6.920880E-8	6.920880E-8	-1.762383E-9	1.762383E-9
-4.100000E-1	-3.440040E-8	3.440040E-8	-8.759969E-10	8.759969E-10
-4.000000E-1	-5.251230E-8	5.251230E-8	-1.337212E-9	1.337212E-9
-3.900000E-1	-8.346450E-8	8.346450E-8	-2.125401E-9	2.125401E-9
-3.800000E-1	-4.916740E-8	4.916740E-8	-1.252035E-9	1.252035E-9
-3.700000E-1	-6.198340E-8	6.198340E-8	-1.578391E-9	1.578391E-9
-3.600000E-1	-5.471130E-8	5.471130E-8	-1.393209E-9	1.393209E-9
-3.500000E-1	-3.047180E-8	3.047180E-8	-7.759562E-10	7.759562E-10
-3.400000E-1	-5.591920E-8	5.591920E-8	-1.423967E-9	1.423967E-9
-3.300000E-1	-3.520070E-7	3.520070E-7	-8.963764E-9	8.963764E-9
-3.200000E-1	-5.390190E-7	5.390190E-7	-1.372597E-8	1.372597E-8
-3.100000E-1	-8.856770E-8	8.856770E-8	-2.255353E-9	2.255353E-9
-3.000000E-1	-8.137380E-8	8.137380E-8	-2.072162E-9	2.072162E-9
-2.900000E-1	-1.121940E-6	1.121940E-6	-2.856990E-8	2.856990E-8
-2.800000E-1	-1.406450E-6	1.406450E-6	-3.581487E-8	3.581487E-8
-2.700000E-1	-2.928200E-7	2.928200E-7	-7.456583E-9	7.456583E-9
-2.600000E-1	-2.766000E-7	2.766000E-7	-7.043545E-9	7.043545E-9
-2.500000E-1	-2.708950E-7	2.708950E-7	-6.898268E-9	6.898268E-9
-2.400000E-1	-1.956650E-7	1.956650E-7	-4.982557E-9	4.982557E-9
-2.300000E-1	-1.710990E-7	1.710990E-7	-4.356990E-9	4.356990E-9
-2.200000E-1	-3.377460E-7	3.377460E-7	-8.600611E-9	8.600611E-9
-2.100000E-1	-5.982400E-8	5.982400E-8	-1.523402E-9	1.523402E-9
-2.000000E-1	-6.713180E-8	6.713180E-8	-1.709493E-9	1.709493E-9
-1.900000E-1	-5.197760E-8	5.197760E-8	-1.323596E-9	1.323596E-9
-1.800000E-1	-5.039470E-8	5.039470E-8	-1.283287E-9	1.283287E-9
-1.700000E-1	-4.550410E-8	4.550410E-8	-1.158750E-9	1.158750E-9
-1.600000E-1	-9.133100E-8	9.133100E-8	-2.325719E-9	2.325719E-9
-1.500000E-1	-2.349330E-7	2.349330E-7	-5.982506E-9	5.982506E-9
-1.400000E-1	-3.594120E-8	3.594120E-8	-9.152330E-10	9.152330E-10
-1.300000E-1	-3.097170E-8	3.097170E-8	-7.886860E-10	7.886860E-10
-1.200000E-1	-2.145640E-7	2.145640E-7	-5.463815E-9	5.463815E-9
-1.100000E-1	-1.677130E-7	1.677130E-7	-4.270766E-9	4.270766E-9
-1.000000E-1	-1.715500E-7	1.715500E-7	-4.368475E-9	4.368475E-9
-9.000000E-2	-3.653480E-8	3.653480E-8	-9.303489E-10	9.303489E-10
-8.000000E-2	-3.728420E-8	3.728420E-8	-9.494321E-10	9.494321E-10
-7.000000E-2	-8.296300E-8	8.296300E-8	-2.112630E-9	2.112630E-9
-6.000000E-2	-9.000300E-8	9.000300E-8	-2.291902E-9	2.291902E-9
-5.000000E-2	-1.063960E-7	1.063960E-7	-2.709346E-9	2.709346E-9
-4.000000E-2	-3.108550E-8	3.108550E-8	-7.915839E-10	7.915839E-10
-3.000000E-2	-9.859600E-8	9.859600E-8	-2.510721E-9	2.510721E-9
-2.000000E-2	-7.222800E-8	7.222800E-8	-1.839267E-9	1.839267E-9
-1.000000E-2	-1.813590E-8	1.813590E-8	-4.618258E-10	4.618258E-10
0.000000E+0	-5.242000E-11	5.242000E-11	-1.334861E-12	1.334861E-12
1.000000E-2	1.848940E-8	1.848940E-8	4.708276E-10	4.708276E-10
2.000000E-2	9.981200E-8	9.981200E-8	2.541686E-9	2.541686E-9
3.000000E-2	3.574050E-8	3.574050E-8	9.101222E-10	9.101222E-10
4.000000E-2	7.381200E-8	7.381200E-8	1.879603E-9	1.879603E-9
5.000000E-2	4.281870E-8	4.281870E-8	1.090367E-9	1.090367E-9
6.000000E-2	4.383990E-8	4.383990E-8	1.116371E-9	1.116371E-9
7.000000E-2	5.542470E-8	5.542470E-8	1.411375E-9	1.411375E-9
8.000000E-2	6.521550E-8	6.521550E-8	1.660695E-9	1.660695E-9
9.000000E-2	5.793740E-8	5.793740E-8	1.475360E-9	1.475360E-9
1.000000E-1	2.063350E-6	2.063350E-6	5.254265E-8	5.254265E-8
1.100000E-1	1.719590E-6	1.719590E-6	4.378890E-8	4.378890E-8
1.200000E-1	6.388090E-8	6.388090E-8	1.626710E-9	1.626710E-9
1.300000E-1	6.669000E-6	6.669000E-6	1.698243E-7	1.698243E-7
1.400000E-1	3.575410E-6	3.575410E-6	9.104685E-8	9.104685E-8
1.500000E-1	2.947970E-6	2.947970E-6	7.506926E-8	7.506926E-8
1.600000E-1	5.076100E-6	5.076100E-6	1.292615E-7	1.292615E-7
1.700000E-1	4.051500E-6	4.051500E-6	1.031704E-7	1.031704E-7
1.800000E-1	1.761480E-4	1.761480E-4	4.485561E-6	4.485561E-6
1.900000E-1	1.829680E-4	1.829680E-4	4.659231E-6	4.659231E-6
2.000000E-1	1.899580E-4	1.899580E-4	4.837229E-6	4.837229E-6
2.100000E-1	2.879910E-4	2.879910E-4	7.333613E-6	7.333613E-6
2.200000E-1	2.847830E-4	2.847830E-4	7.251923E-6	7.251923E-6
2.300000E-1	3.128330E-4	3.128330E-4	7.966208E-6	7.966208E-6
2.400000E-1	3.353090E-4	3.353090E-4	8.538554E-6	8.538554E-6
2.500000E-1	3.664030E-4	3.664030E-4	9.330354E-6	9.330354E-6
2.600000E-1	3.551240E-4	3.551240E-4	9.043137E-6	9.043137E-6
2.700000E-1	3.516710E-4	3.516710E-4	8.955207E-6	8.955207E-6
2.800000E-1	3.432860E-4	3.432860E-4	8.741686E-6	8.741686E-6
2.900000E-1	4.761020E-4	4.761020E-4	1.212381E-5	1.212381E-5
3.000000E-1	4.617040E-4	4.617040E-4	1.175717E-5	1.175717E-5
3.100000E-1	3.992260E-4	3.992260E-4	1.016618E-5	1.016618E-5
3.200000E-1	4.242880E-4	4.242880E-4	1.080438E-5	1.080438E-5
3.300000E-1	4.588540E-4	4.588540E-4	1.168459E-5	1.168459E-5
3.400000E-1	5.785320E-4	5.785320E-4	1.473216E-5	1.473216E-5
3.500000E-1	5.151060E-4	5.151060E-4	1.311704E-5	1.311704E-5
3.600000E-1	5.653470E-4	5.653470E-4	1.439641E-5	1.439641E-5
3.700000E-1	5.157640E-4	5.157640E-4	1.313379E-5	1.313379E-5
3.800000E-1	5.113890E-4	5.113890E-4	1.302238E-5	1.302238E-5
3.900000E-1	5.711680E-4	5.711680E-4	1.454464E-5	1.454464E-5
4.000000E-1	5.621110E-4	5.621110E-4	1.431401E-5	1.431401E-5
4.100000E-1	6.020970E-4	6.020970E-4	1.533224E-5	1.533224E-5
4.200000E-1	6.366430E-4	6.366430E-4	1.621194E-5	1.621194E-5
4.300000E-1	8.090040E-4	8.090040E-4	2.060107E-5	2.060107E-5
4.400000E-1	8.147740E-4	8.147740E-4	2.074800E-5	2.074800E-5
4.500000E-1	7.909860E-4	7.909860E-4	2.014225E-5	2.014225E-5
4.600000E-1	8.521330E-4	8.521330E-4	2.169934E-5	2.169934E-5
4.700000E-1	8.742690E-4	8.742690E-4	2.226302E-5	2.226302E-5
4.800000E-1	8.886270E-4	8.886270E-4	2.262865E-5	2.262865E-5
4.900000E-1	8.509620E-4	8.509620E-4	2.166952E-5	2.166952E-5
5.000000E-1	8.345650E-4	8.345650E-4	2.125197E-5	2.125197E-5
