

14:33:47	03/03/21


Ell Cont: 5,0x10,0

SMU1	V name:		V1
	I name:		I1
	Mode:		V
	Function:	VAR1
SMU2	V name:		V2
	I name:		I2
	Mode:		common
	Function:	const.
SMU3	off
SMU4	off
VMUs	off

Primary Source (VAR1):	single
	Sweep Spacing:	linear
	Start:		-0.500000
	Stop:		0.500000
	Step:		0.010000
	Compliance:	0.050000
Power Compliance OFF

Timing:		Integration Time:	medium
	Delay Time (sec):	0.000000
	Hold Time (sec):	0.000000
	Wait Time (sec):	1.000000

Secondary Source (VAR2):	OFF


   V1	   I1	Abs(I)	J (A\um²)	Abs(J)
-5.000000E-1	-1.664520E-5	1.664520E-5	-4.238655E-7	4.238655E-7
-4.900000E-1	-1.608350E-5	1.608350E-5	-4.095620E-7	4.095620E-7
-4.800000E-1	-1.500590E-5	1.500590E-5	-3.821212E-7	3.821212E-7
-4.700000E-1	-1.586840E-5	1.586840E-5	-4.040845E-7	4.040845E-7
-4.600000E-1	-1.587270E-5	1.587270E-5	-4.041940E-7	4.041940E-7
-4.500000E-1	-1.426540E-5	1.426540E-5	-3.632646E-7	3.632646E-7
-4.400000E-1	-1.358850E-5	1.358850E-5	-3.460275E-7	3.460275E-7
-4.300000E-1	-1.394470E-5	1.394470E-5	-3.550980E-7	3.550980E-7
-4.200000E-1	-1.281290E-5	1.281290E-5	-3.262771E-7	3.262771E-7
-4.100000E-1	-1.259040E-5	1.259040E-5	-3.206111E-7	3.206111E-7
-4.000000E-1	-1.019820E-5	1.019820E-5	-2.596944E-7	2.596944E-7
-3.900000E-1	-1.021090E-5	1.021090E-5	-2.600178E-7	2.600178E-7
-3.800000E-1	-8.625760E-6	8.625760E-6	-2.196527E-7	2.196527E-7
-3.700000E-1	-7.195300E-6	7.195300E-6	-1.832264E-7	1.832264E-7
-3.600000E-1	-6.121670E-6	6.121670E-6	-1.558867E-7	1.558867E-7
-3.500000E-1	-5.432510E-6	5.432510E-6	-1.383374E-7	1.383374E-7
-3.400000E-1	-4.908690E-6	4.908690E-6	-1.249985E-7	1.249985E-7
-3.300000E-1	-3.829770E-6	3.829770E-6	-9.752406E-8	9.752406E-8
-3.200000E-1	-3.634470E-6	3.634470E-6	-9.255080E-8	9.255080E-8
-3.100000E-1	-5.401600E-6	5.401600E-6	-1.375503E-7	1.375503E-7
-3.000000E-1	-8.657130E-6	8.657130E-6	-2.204515E-7	2.204515E-7
-2.900000E-1	-7.224340E-6	7.224340E-6	-1.839659E-7	1.839659E-7
-2.800000E-1	-4.346770E-6	4.346770E-6	-1.106893E-7	1.106893E-7
-2.700000E-1	-1.617910E-6	1.617910E-6	-4.119964E-8	4.119964E-8
-2.600000E-1	-1.101880E-6	1.101880E-6	-2.805908E-8	2.805908E-8
-2.500000E-1	-1.090550E-6	1.090550E-6	-2.777056E-8	2.777056E-8
-2.400000E-1	-1.016460E-6	1.016460E-6	-2.588388E-8	2.588388E-8
-2.300000E-1	-7.827540E-7	7.827540E-7	-1.993262E-8	1.993262E-8
-2.200000E-1	-8.849710E-7	8.849710E-7	-2.253555E-8	2.253555E-8
-2.100000E-1	-7.742580E-7	7.742580E-7	-1.971627E-8	1.971627E-8
-2.000000E-1	-8.150430E-7	8.150430E-7	-2.075485E-8	2.075485E-8
-1.900000E-1	-7.264160E-7	7.264160E-7	-1.849799E-8	1.849799E-8
-1.800000E-1	-6.617930E-7	6.617930E-7	-1.685238E-8	1.685238E-8
-1.700000E-1	-1.159480E-6	1.159480E-6	-2.952585E-8	2.952585E-8
-1.600000E-1	-2.024470E-6	2.024470E-6	-5.155258E-8	5.155258E-8
-1.500000E-1	-1.006760E-6	1.006760E-6	-2.563687E-8	2.563687E-8
-1.400000E-1	-5.160520E-7	5.160520E-7	-1.314113E-8	1.314113E-8
-1.300000E-1	-5.814510E-7	5.814510E-7	-1.480649E-8	1.480649E-8
-1.200000E-1	-8.090790E-7	8.090790E-7	-2.060298E-8	2.060298E-8
-1.100000E-1	-6.002470E-7	6.002470E-7	-1.528513E-8	1.528513E-8
-1.000000E-1	-5.045800E-7	5.045800E-7	-1.284899E-8	1.284899E-8
-9.000000E-2	-4.879830E-7	4.879830E-7	-1.242636E-8	1.242636E-8
-8.000000E-2	-3.172310E-7	3.172310E-7	-8.078202E-9	8.078202E-9
-7.000000E-2	-2.432270E-7	2.432270E-7	-6.193710E-9	6.193710E-9
-6.000000E-2	-1.996460E-7	1.996460E-7	-5.083932E-9	5.083932E-9
-5.000000E-2	-2.689290E-7	2.689290E-7	-6.848205E-9	6.848205E-9
-4.000000E-2	-3.889650E-7	3.889650E-7	-9.904889E-9	9.904889E-9
-3.000000E-2	-3.017000E-7	3.017000E-7	-7.682709E-9	7.682709E-9
-2.000000E-2	-1.878000E-7	1.878000E-7	-4.782276E-9	4.782276E-9
-1.000000E-2	-8.492980E-8	8.492980E-8	-2.162715E-9	2.162715E-9
0.000000E+0	-6.172700E-10	6.172700E-10	-1.571861E-11	1.571861E-11
1.000000E-2	1.024116E-7	1.024116E-7	2.607884E-9	2.607884E-9
2.000000E-2	1.955580E-7	1.955580E-7	4.979832E-9	4.979832E-9
3.000000E-2	2.838070E-7	2.838070E-7	7.227069E-9	7.227069E-9
4.000000E-2	4.340440E-7	4.340440E-7	1.105281E-8	1.105281E-8
5.000000E-2	5.550970E-7	5.550970E-7	1.413540E-8	1.413540E-8
6.000000E-2	6.602460E-7	6.602460E-7	1.681299E-8	1.681299E-8
7.000000E-2	8.807800E-7	8.807800E-7	2.242883E-8	2.242883E-8
8.000000E-2	1.034438E-6	1.034438E-6	2.634169E-8	2.634169E-8
9.000000E-2	1.209640E-6	1.209640E-6	3.080316E-8	3.080316E-8
1.000000E-1	1.503660E-6	1.503660E-6	3.829030E-8	3.829030E-8
1.100000E-1	1.601670E-6	1.601670E-6	4.078610E-8	4.078610E-8
1.200000E-1	1.767830E-6	1.767830E-6	4.501732E-8	4.501732E-8
1.300000E-1	1.865580E-6	1.865580E-6	4.750649E-8	4.750649E-8
1.400000E-1	2.581700E-6	2.581700E-6	6.574230E-8	6.574230E-8
1.500000E-1	2.268990E-6	2.268990E-6	5.777922E-8	5.777922E-8
1.600000E-1	2.565120E-6	2.565120E-6	6.532009E-8	6.532009E-8
1.700000E-1	2.530770E-6	2.530770E-6	6.444538E-8	6.444538E-8
1.800000E-1	2.196630E-6	2.196630E-6	5.593659E-8	5.593659E-8
1.900000E-1	1.816680E-6	1.816680E-6	4.626127E-8	4.626127E-8
2.000000E-1	1.439750E-6	1.439750E-6	3.666285E-8	3.666285E-8
2.100000E-1	2.362150E-6	2.362150E-6	6.015151E-8	6.015151E-8
2.200000E-1	3.711270E-6	3.711270E-6	9.450649E-8	9.450649E-8
2.300000E-1	4.492960E-6	4.492960E-6	1.144120E-7	1.144120E-7
2.400000E-1	4.898260E-6	4.898260E-6	1.247329E-7	1.247329E-7
2.500000E-1	4.444580E-6	4.444580E-6	1.131800E-7	1.131800E-7
2.600000E-1	3.784830E-6	3.784830E-6	9.637968E-8	9.637968E-8
2.700000E-1	3.985490E-6	3.985490E-6	1.014894E-7	1.014894E-7
2.800000E-1	9.241890E-6	9.241890E-6	2.353422E-7	2.353422E-7
2.900000E-1	1.127738E-5	1.127738E-5	2.871754E-7	2.871754E-7
3.000000E-1	9.435830E-6	9.435830E-6	2.402809E-7	2.402809E-7
3.100000E-1	1.089769E-5	1.089769E-5	2.775067E-7	2.775067E-7
3.200000E-1	1.017330E-5	1.017330E-5	2.590603E-7	2.590603E-7
3.300000E-1	1.125620E-5	1.125620E-5	2.866361E-7	2.866361E-7
3.400000E-1	1.281170E-5	1.281170E-5	3.262465E-7	3.262465E-7
3.500000E-1	1.385410E-5	1.385410E-5	3.527909E-7	3.527909E-7
3.600000E-1	1.430460E-5	1.430460E-5	3.642628E-7	3.642628E-7
3.700000E-1	1.433750E-5	1.433750E-5	3.651006E-7	3.651006E-7
3.800000E-1	1.542800E-5	1.542800E-5	3.928699E-7	3.928699E-7
3.900000E-1	1.824880E-5	1.824880E-5	4.647008E-7	4.647008E-7
4.000000E-1	1.938410E-5	1.938410E-5	4.936109E-7	4.936109E-7
4.100000E-1	1.842220E-5	1.842220E-5	4.691164E-7	4.691164E-7
4.200000E-1	1.760270E-5	1.760270E-5	4.482480E-7	4.482480E-7
4.300000E-1	1.985530E-5	1.985530E-5	5.056099E-7	5.056099E-7
4.400000E-1	1.898920E-5	1.898920E-5	4.835549E-7	4.835549E-7
4.500000E-1	2.599700E-5	2.599700E-5	6.620066E-7	6.620066E-7
4.600000E-1	2.357360E-5	2.357360E-5	6.002954E-7	6.002954E-7
4.700000E-1	1.862600E-5	1.862600E-5	4.743061E-7	4.743061E-7
4.800000E-1	2.377160E-5	2.377160E-5	6.053374E-7	6.053374E-7
4.900000E-1	2.358610E-5	2.358610E-5	6.006137E-7	6.006137E-7
5.000000E-1	2.521430E-5	2.521430E-5	6.420754E-7	6.420754E-7
