

14:24:28	03/03/21


Ell Cont: 5,0x10,0

SMU1	V name:		V1
	I name:		I1
	Mode:		V
	Function:	VAR1
SMU2	V name:		V2
	I name:		I2
	Mode:		common
	Function:	const.
SMU3	off
SMU4	off
VMUs	off

Primary Source (VAR1):	single
	Sweep Spacing:	linear
	Start:		-0.500000
	Stop:		0.500000
	Step:		0.010000
	Compliance:	0.050000
Power Compliance OFF

Timing:		Integration Time:	medium
	Delay Time (sec):	0.000000
	Hold Time (sec):	0.000000
	Wait Time (sec):	1.000000

Secondary Source (VAR2):	OFF


   V1	   I1	Abs(I)	J (A\µm²)	Abs(J)
-5.000000E-1	-2.058370E-5	2.058370E-5	-5.241584E-7	5.241584E-7
-4.900000E-1	-1.882670E-5	1.882670E-5	-4.794169E-7	4.794169E-7
-4.800000E-1	-1.681910E-5	1.681910E-5	-4.282939E-7	4.282939E-7
-4.700000E-1	-1.700940E-5	1.700940E-5	-4.331398E-7	4.331398E-7
-4.600000E-1	-1.630030E-5	1.630030E-5	-4.150828E-7	4.150828E-7
-4.500000E-1	-1.631940E-5	1.631940E-5	-4.155691E-7	4.155691E-7
-4.400000E-1	-1.667670E-5	1.667670E-5	-4.246677E-7	4.246677E-7
-4.300000E-1	-1.680990E-5	1.680990E-5	-4.280596E-7	4.280596E-7
-4.200000E-1	-1.600780E-5	1.600780E-5	-4.076343E-7	4.076343E-7
-4.100000E-1	-1.517590E-5	1.517590E-5	-3.864502E-7	3.864502E-7
-4.000000E-1	-1.394090E-5	1.394090E-5	-3.550013E-7	3.550013E-7
-3.900000E-1	-1.374520E-5	1.374520E-5	-3.500178E-7	3.500178E-7
-3.800000E-1	-1.403150E-5	1.403150E-5	-3.573084E-7	3.573084E-7
-3.700000E-1	-1.271020E-5	1.271020E-5	-3.236618E-7	3.236618E-7
-3.600000E-1	-1.291090E-5	1.291090E-5	-3.287726E-7	3.287726E-7
-3.500000E-1	-1.212200E-5	1.212200E-5	-3.086835E-7	3.086835E-7
-3.400000E-1	-1.194210E-5	1.194210E-5	-3.041024E-7	3.041024E-7
-3.300000E-1	-1.075830E-5	1.075830E-5	-2.739572E-7	2.739572E-7
-3.200000E-1	-1.124680E-5	1.124680E-5	-2.863967E-7	2.863967E-7
-3.100000E-1	-1.077490E-5	1.077490E-5	-2.743799E-7	2.743799E-7
-3.000000E-1	-1.019340E-5	1.019340E-5	-2.595722E-7	2.595722E-7
-2.900000E-1	-9.794510E-6	9.794510E-6	-2.494146E-7	2.494146E-7
-2.800000E-1	-9.745920E-6	9.745920E-6	-2.481772E-7	2.481772E-7
-2.700000E-1	-9.145670E-6	9.145670E-6	-2.328920E-7	2.328920E-7
-2.600000E-1	-8.749170E-6	8.749170E-6	-2.227953E-7	2.227953E-7
-2.500000E-1	-8.609660E-6	8.609660E-6	-2.192427E-7	2.192427E-7
-2.400000E-1	-8.127760E-6	8.127760E-6	-2.069712E-7	2.069712E-7
-2.300000E-1	-7.738750E-6	7.738750E-6	-1.970652E-7	1.970652E-7
-2.200000E-1	-7.169370E-6	7.169370E-6	-1.825661E-7	1.825661E-7
-2.100000E-1	-6.945820E-6	6.945820E-6	-1.768734E-7	1.768734E-7
-2.000000E-1	-6.214890E-6	6.214890E-6	-1.582605E-7	1.582605E-7
-1.900000E-1	-5.868750E-6	5.868750E-6	-1.494461E-7	1.494461E-7
-1.800000E-1	-5.982900E-6	5.982900E-6	-1.523529E-7	1.523529E-7
-1.700000E-1	-5.670180E-6	5.670180E-6	-1.443896E-7	1.443896E-7
-1.600000E-1	-5.213600E-6	5.213600E-6	-1.327629E-7	1.327629E-7
-1.500000E-1	-4.947320E-6	4.947320E-6	-1.259822E-7	1.259822E-7
-1.400000E-1	-4.712840E-6	4.712840E-6	-1.200112E-7	1.200112E-7
-1.300000E-1	-4.416280E-6	4.416280E-6	-1.124594E-7	1.124594E-7
-1.200000E-1	-4.099720E-6	4.099720E-6	-1.043983E-7	1.043983E-7
-1.100000E-1	-3.721240E-6	3.721240E-6	-9.476038E-8	9.476038E-8
-1.000000E-1	-3.488760E-6	3.488760E-6	-8.884034E-8	8.884034E-8
-9.000000E-2	-3.149180E-6	3.149180E-6	-8.019302E-8	8.019302E-8
-8.000000E-2	-2.822540E-6	2.822540E-6	-7.187522E-8	7.187522E-8
-7.000000E-2	-2.489270E-6	2.489270E-6	-6.338859E-8	6.338859E-8
-6.000000E-2	-2.102490E-6	2.102490E-6	-5.353934E-8	5.353934E-8
-5.000000E-2	-2.012400E-6	2.012400E-6	-5.124522E-8	5.124522E-8
-4.000000E-2	-1.378150E-6	1.378150E-6	-3.509422E-8	3.509422E-8
-3.000000E-2	-1.072710E-6	1.072710E-6	-2.731627E-8	2.731627E-8
-2.000000E-2	-6.834920E-7	6.834920E-7	-1.740494E-8	1.740494E-8
-1.000000E-2	-3.480630E-7	3.480630E-7	-8.863331E-9	8.863331E-9
0.000000E+0	-1.721710E-9	1.721710E-9	-4.384288E-11	4.384288E-11
1.000000E-2	4.280980E-7	4.280980E-7	1.090140E-8	1.090140E-8
2.000000E-2	8.593810E-7	8.593810E-7	2.188391E-8	2.188391E-8
3.000000E-2	1.279450E-6	1.279450E-6	3.258085E-8	3.258085E-8
4.000000E-2	1.707720E-6	1.707720E-6	4.348663E-8	4.348663E-8
5.000000E-2	2.199900E-6	2.199900E-6	5.601986E-8	5.601986E-8
6.000000E-2	2.623650E-6	2.623650E-6	6.681054E-8	6.681054E-8
7.000000E-2	2.986460E-6	2.986460E-6	7.604940E-8	7.604940E-8
8.000000E-2	3.449230E-6	3.449230E-6	8.783371E-8	8.783371E-8
9.000000E-2	3.927340E-6	3.927340E-6	1.000087E-7	1.000087E-7
1.000000E-1	4.385420E-6	4.385420E-6	1.116735E-7	1.116735E-7
1.100000E-1	4.840290E-6	4.840290E-6	1.232567E-7	1.232567E-7
1.200000E-1	5.376360E-6	5.376360E-6	1.369076E-7	1.369076E-7
1.300000E-1	5.904140E-5	5.904140E-5	1.503473E-6	1.503473E-6
1.400000E-1	6.503350E-5	6.503350E-5	1.656061E-6	1.656061E-6
1.500000E-1	7.044270E-5	7.044270E-5	1.793804E-6	1.793804E-6
1.600000E-1	7.473410E-5	7.473410E-5	1.903084E-6	1.903084E-6
1.700000E-1	8.082560E-5	8.082560E-5	2.058202E-6	2.058202E-6
1.800000E-1	8.498850E-5	8.498850E-5	2.164209E-6	2.164209E-6
1.900000E-1	1.013245E-4	1.013245E-4	2.580201E-6	2.580201E-6
2.000000E-1	1.114076E-4	1.114076E-4	2.836965E-6	2.836965E-6
2.100000E-1	1.191020E-4	1.191020E-4	3.032900E-6	3.032900E-6
2.200000E-1	1.248060E-4	1.248060E-4	3.178151E-6	3.178151E-6
2.300000E-1	1.329060E-4	1.329060E-4	3.384416E-6	3.384416E-6
2.400000E-1	1.396730E-4	1.396730E-4	3.556735E-6	3.556735E-6
2.500000E-1	1.451810E-4	1.451810E-4	3.696995E-6	3.696995E-6
2.600000E-1	1.505120E-4	1.505120E-4	3.832748E-6	3.832748E-6
2.700000E-1	1.565600E-4	1.565600E-4	3.986758E-6	3.986758E-6
2.800000E-1	1.624270E-4	1.624270E-4	4.136160E-6	4.136160E-6
2.900000E-1	1.681390E-4	1.681390E-4	4.281614E-6	4.281614E-6
3.000000E-1	1.741770E-4	1.741770E-4	4.435370E-6	4.435370E-6
3.100000E-1	1.803510E-4	1.803510E-4	4.592590E-6	4.592590E-6
3.200000E-1	1.875720E-4	1.875720E-4	4.776471E-6	4.776471E-6
3.300000E-1	1.941110E-4	1.941110E-4	4.942984E-6	4.942984E-6
3.400000E-1	2.002240E-4	2.002240E-4	5.098650E-6	5.098650E-6
3.500000E-1	2.052080E-4	2.052080E-4	5.225567E-6	5.225567E-6
3.600000E-1	2.112370E-4	2.112370E-4	5.379093E-6	5.379093E-6
3.700000E-1	2.158570E-4	2.158570E-4	5.496740E-6	5.496740E-6
3.800000E-1	2.224570E-4	2.224570E-4	5.664808E-6	5.664808E-6
3.900000E-1	2.345510E-4	2.345510E-4	5.972778E-6	5.972778E-6
4.000000E-1	2.429850E-4	2.429850E-4	6.187548E-6	6.187548E-6
4.100000E-1	2.495710E-4	2.495710E-4	6.355258E-6	6.355258E-6
4.200000E-1	2.560280E-4	2.560280E-4	6.519684E-6	6.519684E-6
4.300000E-1	2.644270E-4	2.644270E-4	6.733562E-6	6.733562E-6
4.400000E-1	2.708460E-4	2.708460E-4	6.897021E-6	6.897021E-6
4.500000E-1	2.767010E-4	2.767010E-4	7.046117E-6	7.046117E-6
4.600000E-1	2.869840E-4	2.869840E-4	7.307970E-6	7.307970E-6
4.700000E-1	2.932510E-4	2.932510E-4	7.467558E-6	7.467558E-6
4.800000E-1	2.998860E-4	2.998860E-4	7.636516E-6	7.636516E-6
4.900000E-1	3.068860E-4	3.068860E-4	7.814769E-6	7.814769E-6
5.000000E-1	3.152010E-4	3.152010E-4	8.026509E-6	8.026509E-6
