

14:29:19	03/03/21


Ell Cont: 5,0x10,0

SMU1	V name:		V1
	I name:		I1
	Mode:		V
	Function:	VAR1
SMU2	V name:		V2
	I name:		I2
	Mode:		common
	Function:	const.
SMU3	off
SMU4	off
VMUs	off

Primary Source (VAR1):	single
	Sweep Spacing:	linear
	Start:		-0.500000
	Stop:		0.500000
	Step:		0.010000
	Compliance:	0.050000
Power Compliance OFF

Timing:		Integration Time:	medium
	Delay Time (sec):	0.000000
	Hold Time (sec):	0.000000
	Wait Time (sec):	1.000000

Secondary Source (VAR2):	OFF


   V1	   I1	Abs(I)	J (A\um²)	Abs(J)
-5.000000E-1	-1.552580E-5	1.552580E-5	-3.953603E-7	3.953603E-7
-4.900000E-1	-1.449830E-5	1.449830E-5	-3.691953E-7	3.691953E-7
-4.800000E-1	-1.377990E-5	1.377990E-5	-3.509014E-7	3.509014E-7
-4.700000E-1	-1.306760E-5	1.306760E-5	-3.327629E-7	3.327629E-7
-4.600000E-1	-1.171730E-5	1.171730E-5	-2.983779E-7	2.983779E-7
-4.500000E-1	-1.187630E-5	1.187630E-5	-3.024268E-7	3.024268E-7
-4.400000E-1	-1.131520E-5	1.131520E-5	-2.881385E-7	2.881385E-7
-4.300000E-1	-1.033550E-5	1.033550E-5	-2.631907E-7	2.631907E-7
-4.200000E-1	-1.016085E-5	1.016085E-5	-2.587433E-7	2.587433E-7
-4.100000E-1	-9.730880E-6	9.730880E-6	-2.477942E-7	2.477942E-7
-4.000000E-1	-1.425340E-5	1.425340E-5	-3.629590E-7	3.629590E-7
-3.900000E-1	-1.344990E-5	1.344990E-5	-3.424981E-7	3.424981E-7
-3.800000E-1	-1.262710E-5	1.262710E-5	-3.215457E-7	3.215457E-7
-3.700000E-1	-1.142270E-5	1.142270E-5	-2.908760E-7	2.908760E-7
-3.600000E-1	-6.690570E-6	6.690570E-6	-1.703736E-7	1.703736E-7
-3.500000E-1	-6.491440E-6	6.491440E-6	-1.653028E-7	1.653028E-7
-3.400000E-1	-6.350630E-6	6.350630E-6	-1.617171E-7	1.617171E-7
-3.300000E-1	-6.334860E-6	6.334860E-6	-1.613155E-7	1.613155E-7
-3.200000E-1	-5.635500E-6	5.635500E-6	-1.435065E-7	1.435065E-7
-3.100000E-1	-5.784520E-6	5.784520E-6	-1.473012E-7	1.473012E-7
-3.000000E-1	-5.198530E-6	5.198530E-6	-1.323792E-7	1.323792E-7
-2.900000E-1	-5.584800E-6	5.584800E-6	-1.422154E-7	1.422154E-7
-2.800000E-1	-5.839120E-6	5.839120E-6	-1.486916E-7	1.486916E-7
-2.700000E-1	-5.424690E-6	5.424690E-6	-1.381383E-7	1.381383E-7
-2.600000E-1	-4.649440E-6	4.649440E-6	-1.183967E-7	1.183967E-7
-2.500000E-1	-4.103180E-6	4.103180E-6	-1.044864E-7	1.044864E-7
-2.400000E-1	-3.787610E-6	3.787610E-6	-9.645047E-8	9.645047E-8
-2.300000E-1	-4.224760E-6	4.224760E-6	-1.075824E-7	1.075824E-7
-2.200000E-1	-3.607300E-6	3.607300E-6	-9.185892E-8	9.185892E-8
-2.100000E-1	-2.916100E-6	2.916100E-6	-7.425770E-8	7.425770E-8
-2.000000E-1	-2.840490E-6	2.840490E-6	-7.233231E-8	7.233231E-8
-1.900000E-1	-2.854900E-6	2.854900E-6	-7.269926E-8	7.269926E-8
-1.800000E-1	-2.383500E-6	2.383500E-6	-6.069519E-8	6.069519E-8
-1.700000E-1	-2.223610E-6	2.223610E-6	-5.662363E-8	5.662363E-8
-1.600000E-1	-1.577000E-6	1.577000E-6	-4.015788E-8	4.015788E-8
-1.500000E-1	-1.499840E-6	1.499840E-6	-3.819302E-8	3.819302E-8
-1.400000E-1	-1.241540E-6	1.241540E-6	-3.161548E-8	3.161548E-8
-1.300000E-1	-1.190420E-6	1.190420E-6	-3.031373E-8	3.031373E-8
-1.200000E-1	-1.111640E-6	1.111640E-6	-2.830761E-8	2.830761E-8
-1.100000E-1	-9.547000E-7	9.547000E-7	-2.431118E-8	2.431118E-8
-1.000000E-1	-8.430020E-7	8.430020E-7	-2.146682E-8	2.146682E-8
-9.000000E-2	-7.095420E-7	7.095420E-7	-1.806830E-8	1.806830E-8
-8.000000E-2	-6.287780E-7	6.287780E-7	-1.601166E-8	1.601166E-8
-7.000000E-2	-5.452580E-7	5.452580E-7	-1.388485E-8	1.388485E-8
-6.000000E-2	-4.871540E-7	4.871540E-7	-1.240525E-8	1.240525E-8
-5.000000E-2	-3.611370E-7	3.611370E-7	-9.196257E-9	9.196257E-9
-4.000000E-2	-2.645880E-7	2.645880E-7	-6.737662E-9	6.737662E-9
-3.000000E-2	-2.040670E-7	2.040670E-7	-5.196511E-9	5.196511E-9
-2.000000E-2	-1.519620E-7	1.519620E-7	-3.869671E-9	3.869671E-9
-1.000000E-2	-8.439770E-8	8.439770E-8	-2.149165E-9	2.149165E-9
0.000000E+0	1.002450E-9	1.002450E-9	2.552712E-11	2.552712E-11
1.000000E-2	6.775450E-8	6.775450E-8	1.725350E-9	1.725350E-9
2.000000E-2	1.153630E-7	1.153630E-7	2.937688E-9	2.937688E-9
3.000000E-2	1.852200E-7	1.852200E-7	4.716577E-9	4.716577E-9
4.000000E-2	2.534080E-7	2.534080E-7	6.452967E-9	6.452967E-9
5.000000E-2	2.996230E-7	2.996230E-7	7.629819E-9	7.629819E-9
6.000000E-2	3.880120E-7	3.880120E-7	9.880621E-9	9.880621E-9
7.000000E-2	4.425450E-7	4.425450E-7	1.126929E-8	1.126929E-8
8.000000E-2	5.150580E-7	5.150580E-7	1.311581E-8	1.311581E-8
9.000000E-2	6.401310E-7	6.401310E-7	1.630076E-8	1.630076E-8
1.000000E-1	2.446990E-6	2.446990E-6	6.231194E-8	6.231194E-8
1.100000E-1	2.882270E-6	2.882270E-6	7.339623E-8	7.339623E-8
1.200000E-1	3.026570E-6	3.026570E-6	7.707079E-8	7.707079E-8
1.300000E-1	3.632260E-6	3.632260E-6	9.249452E-8	9.249452E-8
1.400000E-1	3.597390E-6	3.597390E-6	9.160657E-8	9.160657E-8
1.500000E-1	4.063520E-6	4.063520E-6	1.034764E-7	1.034764E-7
1.600000E-1	4.000410E-6	4.000410E-6	1.018694E-7	1.018694E-7
1.700000E-1	3.893090E-6	3.893090E-6	9.913649E-8	9.913649E-8
1.800000E-1	4.256750E-6	4.256750E-6	1.083970E-7	1.083970E-7
1.900000E-1	4.741860E-6	4.741860E-6	1.207502E-7	1.207502E-7
2.000000E-1	5.444150E-6	5.444150E-6	1.386338E-7	1.386338E-7
2.100000E-1	4.993920E-6	4.993920E-6	1.271688E-7	1.271688E-7
2.200000E-1	6.351070E-6	6.351070E-6	1.617283E-7	1.617283E-7
2.300000E-1	6.196490E-6	6.196490E-6	1.577920E-7	1.577920E-7
2.400000E-1	7.753190E-6	7.753190E-6	1.974329E-7	1.974329E-7
2.500000E-1	7.122760E-6	7.122760E-6	1.813792E-7	1.813792E-7
2.600000E-1	7.801460E-6	7.801460E-6	1.986621E-7	1.986621E-7
2.700000E-1	9.127200E-6	9.127200E-6	2.324217E-7	2.324217E-7
2.800000E-1	8.431000E-6	8.431000E-6	2.146931E-7	2.146931E-7
2.900000E-1	9.326690E-6	9.326690E-6	2.375017E-7	2.375017E-7
3.000000E-1	9.835190E-6	9.835190E-6	2.504505E-7	2.504505E-7
3.100000E-1	9.951880E-6	9.951880E-6	2.534219E-7	2.534219E-7
3.200000E-1	9.510930E-6	9.510930E-6	2.421933E-7	2.421933E-7
3.300000E-1	9.682880E-6	9.682880E-6	2.465719E-7	2.465719E-7
3.400000E-1	1.015871E-5	1.015871E-5	2.586888E-7	2.586888E-7
3.500000E-1	1.040703E-5	1.040703E-5	2.650122E-7	2.650122E-7
3.600000E-1	1.018068E-5	1.018068E-5	2.592483E-7	2.592483E-7
3.700000E-1	1.006537E-5	1.006537E-5	2.563119E-7	2.563119E-7
3.800000E-1	1.252920E-5	1.252920E-5	3.190527E-7	3.190527E-7
3.900000E-1	1.275850E-5	1.275850E-5	3.248918E-7	3.248918E-7
4.000000E-1	1.338430E-5	1.338430E-5	3.408276E-7	3.408276E-7
4.100000E-1	1.400290E-5	1.400290E-5	3.565801E-7	3.565801E-7
4.200000E-1	1.395570E-5	1.395570E-5	3.553781E-7	3.553781E-7
4.300000E-1	1.415930E-5	1.415930E-5	3.605628E-7	3.605628E-7
4.400000E-1	1.413780E-5	1.413780E-5	3.600153E-7	3.600153E-7
4.500000E-1	1.553970E-5	1.553970E-5	3.957143E-7	3.957143E-7
4.600000E-1	1.663510E-5	1.663510E-5	4.236083E-7	4.236083E-7
4.700000E-1	1.661580E-5	1.661580E-5	4.231169E-7	4.231169E-7
4.800000E-1	1.550170E-5	1.550170E-5	3.947466E-7	3.947466E-7
4.900000E-1	1.558950E-5	1.558950E-5	3.969824E-7	3.969824E-7
5.000000E-1	1.654540E-5	1.654540E-5	4.213242E-7	4.213242E-7
