

14:38:40	03/03/21


Ell Cont: 5,0x10,0

SMU1	V name:		V1
	I name:		I1
	Mode:		V
	Function:	VAR1
SMU2	V name:		V2
	I name:		I2
	Mode:		common
	Function:	const.
SMU3	off
SMU4	off
VMUs	off

Primary Source (VAR1):	single
	Sweep Spacing:	linear
	Start:		-0.500000
	Stop:		0.500000
	Step:		0.010000
	Compliance:	0.050000
Power Compliance OFF

Timing:		Integration Time:	medium
	Delay Time (sec):	0.000000
	Hold Time (sec):	0.000000
	Wait Time (sec):	1.000000

Secondary Source (VAR2):	OFF


   V1	   I1	Abs(I)	J (A\um²)	Abs(J)
-5.000000E-1	-9.940000E-12	9.940000E-12	-2.531194E-13	2.531194E-13
-4.900000E-1	-6.520000E-12	6.520000E-12	-1.660300E-13	1.660300E-13
-4.800000E-1	-1.800000E-12	1.800000E-12	-4.583652E-14	4.583652E-14
-4.700000E-1	1.980000E-12	1.980000E-12	5.042017E-14	5.042017E-14
-4.600000E-1	9.900000E-13	9.900000E-13	2.521008E-14	2.521008E-14
-4.500000E-1	-5.700000E-13	5.700000E-13	-1.451490E-14	1.451490E-14
-4.400000E-1	9.400000E-13	9.400000E-13	2.393685E-14	2.393685E-14
-4.300000E-1	3.780000E-12	3.780000E-12	9.625668E-14	9.625668E-14
-4.200000E-1	3.910000E-12	3.910000E-12	9.956710E-14	9.956710E-14
-4.100000E-1	-3.200000E-12	3.200000E-12	-8.148714E-14	8.148714E-14
-4.000000E-1	4.200000E-13	4.200000E-13	1.069519E-14	1.069519E-14
-3.900000E-1	-1.100000E-12	1.100000E-12	-2.801120E-14	2.801120E-14
-3.800000E-1	-1.850000E-12	1.850000E-12	-4.710975E-14	4.710975E-14
-3.700000E-1	-5.710000E-12	5.710000E-12	-1.454036E-13	1.454036E-13
-3.600000E-1	2.530000E-12	2.530000E-12	6.442577E-14	6.442577E-14
-3.500000E-1	1.000000E-13	1.000000E-13	2.546473E-15	2.546473E-15
-3.400000E-1	1.080000E-12	1.080000E-12	2.750191E-14	2.750191E-14
-3.300000E-1	1.180000E-12	1.180000E-12	3.004838E-14	3.004838E-14
-3.200000E-1	1.550000E-12	1.550000E-12	3.947033E-14	3.947033E-14
-3.100000E-1	4.300000E-13	4.300000E-13	1.094983E-14	1.094983E-14
-3.000000E-1	1.800000E-12	1.800000E-12	4.583652E-14	4.583652E-14
-2.900000E-1	2.900000E-12	2.900000E-12	7.384772E-14	7.384772E-14
-2.800000E-1	2.960000E-12	2.960000E-12	7.537560E-14	7.537560E-14
-2.700000E-1	1.660000E-12	1.660000E-12	4.227145E-14	4.227145E-14
-2.600000E-1	2.010000E-12	2.010000E-12	5.118411E-14	5.118411E-14
-2.500000E-1	7.500000E-13	7.500000E-13	1.909855E-14	1.909855E-14
-2.400000E-1	1.070000E-12	1.070000E-12	2.724726E-14	2.724726E-14
-2.300000E-1	4.000000E-14	4.000000E-14	1.018589E-15	1.018589E-15
-2.200000E-1	4.600000E-13	4.600000E-13	1.171378E-14	1.171378E-14
-2.100000E-1	-1.600000E-13	1.600000E-13	-4.074357E-15	4.074357E-15
-2.000000E-1	-6.700000E-13	6.700000E-13	-1.706137E-14	1.706137E-14
-1.900000E-1	-1.510000E-12	1.510000E-12	-3.845174E-14	3.845174E-14
-1.800000E-1	3.900000E-13	3.900000E-13	9.931245E-15	9.931245E-15
-1.700000E-1	5.900000E-13	5.900000E-13	1.502419E-14	1.502419E-14
-1.600000E-1	1.450000E-12	1.450000E-12	3.692386E-14	3.692386E-14
-1.500000E-1	2.570000E-12	2.570000E-12	6.544436E-14	6.544436E-14
-1.400000E-1	2.470000E-12	2.470000E-12	6.289789E-14	6.289789E-14
-1.300000E-1	2.370000E-12	2.370000E-12	6.035141E-14	6.035141E-14
-1.200000E-1	1.550000E-12	1.550000E-12	3.947033E-14	3.947033E-14
-1.100000E-1	1.650000E-12	1.650000E-12	4.201681E-14	4.201681E-14
-1.000000E-1	9.100000E-13	9.100000E-13	2.317291E-14	2.317291E-14
-9.000000E-2	-4.000000E-14	4.000000E-14	-1.018589E-15	1.018589E-15
-8.000000E-2	-3.800000E-13	3.800000E-13	-9.676598E-15	9.676598E-15
-7.000000E-2	1.000000E-13	1.000000E-13	2.546473E-15	2.546473E-15
-6.000000E-2	-2.000000E-14	2.000000E-14	-5.092946E-16	5.092946E-16
-5.000000E-2	3.700000E-13	3.700000E-13	9.421950E-15	9.421950E-15
-4.000000E-2	8.500000E-13	8.500000E-13	2.164502E-14	2.164502E-14
-3.000000E-2	9.100000E-13	9.100000E-13	2.317291E-14	2.317291E-14
-2.000000E-2	7.600000E-13	7.600000E-13	1.935320E-14	1.935320E-14
-1.000000E-2	7.600000E-13	7.600000E-13	1.935320E-14	1.935320E-14
0.000000E+0	2.300000E-13	2.300000E-13	5.856888E-15	5.856888E-15
1.000000E-2	3.900000E-13	3.900000E-13	9.931245E-15	9.931245E-15
2.000000E-2	7.000000E-13	7.000000E-13	1.782531E-14	1.782531E-14
3.000000E-2	7.700000E-13	7.700000E-13	1.960784E-14	1.960784E-14
4.000000E-2	9.300000E-13	9.300000E-13	2.368220E-14	2.368220E-14
5.000000E-2	6.200000E-13	6.200000E-13	1.578813E-14	1.578813E-14
6.000000E-2	1.070000E-12	1.070000E-12	2.724726E-14	2.724726E-14
7.000000E-2	1.270000E-12	1.270000E-12	3.234021E-14	3.234021E-14
8.000000E-2	9.800000E-13	9.800000E-13	2.495544E-14	2.495544E-14
9.000000E-2	1.230000E-12	1.230000E-12	3.132162E-14	3.132162E-14
1.000000E-1	1.550000E-12	1.550000E-12	3.947033E-14	3.947033E-14
1.100000E-1	1.490000E-12	1.490000E-12	3.794245E-14	3.794245E-14
1.200000E-1	1.130000E-12	1.130000E-12	2.877515E-14	2.877515E-14
1.300000E-1	2.100000E-13	2.100000E-13	5.347594E-15	5.347594E-15
1.400000E-1	-8.000000E-14	8.000000E-14	-2.037178E-15	2.037178E-15
1.500000E-1	2.000000E-13	2.000000E-13	5.092946E-15	5.092946E-15
1.600000E-1	4.000000E-13	4.000000E-13	1.018589E-14	1.018589E-14
1.700000E-1	8.200000E-13	8.200000E-13	2.088108E-14	2.088108E-14
1.800000E-1	7.700000E-13	7.700000E-13	1.960784E-14	1.960784E-14
1.900000E-1	7.700000E-13	7.700000E-13	1.960784E-14	1.960784E-14
2.000000E-1	6.500000E-13	6.500000E-13	1.655208E-14	1.655208E-14
2.100000E-1	9.100000E-13	9.100000E-13	2.317291E-14	2.317291E-14
2.200000E-1	8.200000E-13	8.200000E-13	2.088108E-14	2.088108E-14
2.300000E-1	1.480000E-12	1.480000E-12	3.768780E-14	3.768780E-14
2.400000E-1	1.160000E-12	1.160000E-12	2.953909E-14	2.953909E-14
2.500000E-1	1.450000E-12	1.450000E-12	3.692386E-14	3.692386E-14
2.600000E-1	1.440000E-12	1.440000E-12	3.666921E-14	3.666921E-14
2.700000E-1	1.770000E-12	1.770000E-12	4.507257E-14	4.507257E-14
2.800000E-1	1.240000E-12	1.240000E-12	3.157627E-14	3.157627E-14
2.900000E-1	5.200000E-13	5.200000E-13	1.324166E-14	1.324166E-14
3.000000E-1	4.500000E-13	4.500000E-13	1.145913E-14	1.145913E-14
3.100000E-1	6.000000E-13	6.000000E-13	1.527884E-14	1.527884E-14
3.200000E-1	5.500000E-13	5.500000E-13	1.400560E-14	1.400560E-14
3.300000E-1	8.700000E-13	8.700000E-13	2.215432E-14	2.215432E-14
3.400000E-1	8.000000E-13	8.000000E-13	2.037178E-14	2.037178E-14
3.500000E-1	7.500000E-13	7.500000E-13	1.909855E-14	1.909855E-14
3.600000E-1	8.600000E-13	8.600000E-13	2.189967E-14	2.189967E-14
3.700000E-1	7.500000E-13	7.500000E-13	1.909855E-14	1.909855E-14
3.800000E-1	9.600000E-13	9.600000E-13	2.444614E-14	2.444614E-14
3.900000E-1	1.120000E-12	1.120000E-12	2.852050E-14	2.852050E-14
4.000000E-1	1.440000E-12	1.440000E-12	3.666921E-14	3.666921E-14
4.100000E-1	1.450000E-12	1.450000E-12	3.692386E-14	3.692386E-14
4.200000E-1	1.440000E-12	1.440000E-12	3.666921E-14	3.666921E-14
4.300000E-1	1.090000E-12	1.090000E-12	2.775656E-14	2.775656E-14
4.400000E-1	1.260000E-12	1.260000E-12	3.208556E-14	3.208556E-14
4.500000E-1	1.240000E-12	1.240000E-12	3.157627E-14	3.157627E-14
4.600000E-1	1.230000E-12	1.230000E-12	3.132162E-14	3.132162E-14
4.700000E-1	7.900000E-13	7.900000E-13	2.011714E-14	2.011714E-14
4.800000E-1	1.070000E-12	1.070000E-12	2.724726E-14	2.724726E-14
4.900000E-1	6.800000E-13	6.800000E-13	1.731602E-14	1.731602E-14
5.000000E-1	6.200000E-13	6.200000E-13	1.578813E-14	1.578813E-14
