

14:28:03	03/03/21


Ell Cont: 5,0x10,0

SMU1	V name:		V1
	I name:		I1
	Mode:		V
	Function:	VAR1
SMU2	V name:		V2
	I name:		I2
	Mode:		common
	Function:	const.
SMU3	off
SMU4	off
VMUs	off

Primary Source (VAR1):	single
	Sweep Spacing:	linear
	Start:		-0.500000
	Stop:		0.500000
	Step:		0.010000
	Compliance:	0.050000
Power Compliance OFF

Timing:		Integration Time:	medium
	Delay Time (sec):	0.000000
	Hold Time (sec):	0.000000
	Wait Time (sec):	1.000000

Secondary Source (VAR2):	OFF


   V1	   I1	Abs(I)	J (A\um²)	Abs(J)
-5.000000E-1	-8.810000E-12	8.810000E-12	-2.243443E-13	2.243443E-13
-4.900000E-1	-4.240000E-12	4.240000E-12	-1.079705E-13	1.079705E-13
-4.800000E-1	-1.330000E-12	1.330000E-12	-3.386809E-14	3.386809E-14
-4.700000E-1	8.100000E-13	8.100000E-13	2.062643E-14	2.062643E-14
-4.600000E-1	2.220000E-12	2.220000E-12	5.653170E-14	5.653170E-14
-4.500000E-1	-2.290000E-12	2.290000E-12	-5.831423E-14	5.831423E-14
-4.400000E-1	9.100000E-13	9.100000E-13	2.317291E-14	2.317291E-14
-4.300000E-1	-1.550000E-12	1.550000E-12	-3.947033E-14	3.947033E-14
-4.200000E-1	-6.300000E-13	6.300000E-13	-1.604278E-14	1.604278E-14
-4.100000E-1	2.320000E-12	2.320000E-12	5.907818E-14	5.907818E-14
-4.000000E-1	-2.200000E-13	2.200000E-13	-5.602241E-15	5.602241E-15
-3.900000E-1	-1.550000E-12	1.550000E-12	-3.947033E-14	3.947033E-14
-3.800000E-1	1.510000E-12	1.510000E-12	3.845174E-14	3.845174E-14
-3.700000E-1	1.720000E-12	1.720000E-12	4.379934E-14	4.379934E-14
-3.600000E-1	-3.240000E-12	3.240000E-12	-8.250573E-14	8.250573E-14
-3.500000E-1	1.090000E-12	1.090000E-12	2.775656E-14	2.775656E-14
-3.400000E-1	1.290000E-12	1.290000E-12	3.284950E-14	3.284950E-14
-3.300000E-1	-2.810000E-12	2.810000E-12	-7.155589E-14	7.155589E-14
-3.200000E-1	2.080000E-12	2.080000E-12	5.296664E-14	5.296664E-14
-3.100000E-1	-5.000000E-14	5.000000E-14	-1.273237E-15	1.273237E-15
-3.000000E-1	-3.310000E-12	3.310000E-12	-8.428826E-14	8.428826E-14
-2.900000E-1	9.900000E-13	9.900000E-13	2.521008E-14	2.521008E-14
-2.800000E-1	-3.000000E-14	3.000000E-14	-7.639419E-16	7.639419E-16
-2.700000E-1	-3.100000E-12	3.100000E-12	-7.894067E-14	7.894067E-14
-2.600000E-1	9.600000E-13	9.600000E-13	2.444614E-14	2.444614E-14
-2.500000E-1	1.710000E-12	1.710000E-12	4.354469E-14	4.354469E-14
-2.400000E-1	-1.560000E-12	1.560000E-12	-3.972498E-14	3.972498E-14
-2.300000E-1	1.160000E-12	1.160000E-12	2.953909E-14	2.953909E-14
-2.200000E-1	1.630000E-12	1.630000E-12	4.150751E-14	4.150751E-14
-2.100000E-1	4.000000E-13	4.000000E-13	1.018589E-14	1.018589E-14
-2.000000E-1	-2.290000E-12	2.290000E-12	-5.831423E-14	5.831423E-14
-1.900000E-1	3.090000E-12	3.090000E-12	7.868602E-14	7.868602E-14
-1.800000E-1	6.200000E-13	6.200000E-13	1.578813E-14	1.578813E-14
-1.700000E-1	-5.800000E-13	5.800000E-13	-1.476954E-14	1.476954E-14
-1.600000E-1	2.920000E-12	2.920000E-12	7.435701E-14	7.435701E-14
-1.500000E-1	5.400000E-13	5.400000E-13	1.375095E-14	1.375095E-14
-1.400000E-1	-2.580000E-12	2.580000E-12	-6.569901E-14	6.569901E-14
-1.300000E-1	2.570000E-12	2.570000E-12	6.544436E-14	6.544436E-14
-1.200000E-1	1.690000E-12	1.690000E-12	4.303540E-14	4.303540E-14
-1.100000E-1	-3.500000E-13	3.500000E-13	-8.912656E-15	8.912656E-15
-1.000000E-1	-6.700000E-13	6.700000E-13	-1.706137E-14	1.706137E-14
-9.000000E-2	1.310000E-12	1.310000E-12	3.335880E-14	3.335880E-14
-8.000000E-2	-1.740000E-12	1.740000E-12	-4.430863E-14	4.430863E-14
-7.000000E-2	-5.200000E-13	5.200000E-13	-1.324166E-14	1.324166E-14
-6.000000E-2	1.240000E-12	1.240000E-12	3.157627E-14	3.157627E-14
-5.000000E-2	-9.000000E-13	9.000000E-13	-2.291826E-14	2.291826E-14
-4.000000E-2	7.800000E-13	7.800000E-13	1.986249E-14	1.986249E-14
-3.000000E-2	2.650000E-12	2.650000E-12	6.748154E-14	6.748154E-14
-2.000000E-2	-1.300000E-13	1.300000E-13	-3.310415E-15	3.310415E-15
-1.000000E-2	-5.300000E-13	5.300000E-13	-1.349631E-14	1.349631E-14
0.000000E+0	1.710000E-12	1.710000E-12	4.354469E-14	4.354469E-14
1.000000E-2	1.160000E-12	1.160000E-12	2.953909E-14	2.953909E-14
2.000000E-2	-7.200000E-13	7.200000E-13	-1.833461E-14	1.833461E-14
3.000000E-2	1.740000E-12	1.740000E-12	4.430863E-14	4.430863E-14
4.000000E-2	9.100000E-13	9.100000E-13	2.317291E-14	2.317291E-14
5.000000E-2	-2.020000E-12	2.020000E-12	-5.143876E-14	5.143876E-14
6.000000E-2	2.080000E-12	2.080000E-12	5.296664E-14	5.296664E-14
7.000000E-2	4.100000E-13	4.100000E-13	1.044054E-14	1.044054E-14
8.000000E-2	-1.120000E-12	1.120000E-12	-2.852050E-14	2.852050E-14
9.000000E-2	2.340000E-12	2.340000E-12	5.958747E-14	5.958747E-14
1.000000E-1	1.670000E-12	1.670000E-12	4.252610E-14	4.252610E-14
1.100000E-1	-2.180000E-12	2.180000E-12	-5.551311E-14	5.551311E-14
1.200000E-1	1.280000E-12	1.280000E-12	3.259486E-14	3.259486E-14
1.300000E-1	1.860000E-12	1.860000E-12	4.736440E-14	4.736440E-14
1.400000E-1	-8.400000E-13	8.400000E-13	-2.139037E-14	2.139037E-14
1.500000E-1	-1.280000E-12	1.280000E-12	-3.259486E-14	3.259486E-14
1.600000E-1	2.030000E-12	2.030000E-12	5.169340E-14	5.169340E-14
1.700000E-1	-6.000000E-14	6.000000E-14	-1.527884E-15	1.527884E-15
1.800000E-1	-1.150000E-12	1.150000E-12	-2.928444E-14	2.928444E-14
1.900000E-1	5.500000E-13	5.500000E-13	1.400560E-14	1.400560E-14
2.000000E-1	-1.450000E-12	1.450000E-12	-3.692386E-14	3.692386E-14
2.100000E-1	2.640000E-12	2.640000E-12	6.722689E-14	6.722689E-14
2.200000E-1	1.450000E-12	1.450000E-12	3.692386E-14	3.692386E-14
2.300000E-1	-1.120000E-12	1.120000E-12	-2.852050E-14	2.852050E-14
2.400000E-1	2.310000E-12	2.310000E-12	5.882353E-14	5.882353E-14
2.500000E-1	-8.300000E-13	8.300000E-13	-2.113573E-14	2.113573E-14
2.600000E-1	4.170000E-12	4.170000E-12	1.061879E-13	1.061879E-13
2.700000E-1	1.300000E-12	1.300000E-12	3.310415E-14	3.310415E-14
2.800000E-1	-4.000000E-13	4.000000E-13	-1.018589E-14	1.018589E-14
2.900000E-1	3.040000E-12	3.040000E-12	7.741278E-14	7.741278E-14
3.000000E-1	1.310000E-12	1.310000E-12	3.335880E-14	3.335880E-14
3.100000E-1	-1.480000E-12	1.480000E-12	-3.768780E-14	3.768780E-14
3.200000E-1	3.160000E-12	3.160000E-12	8.046855E-14	8.046855E-14
3.300000E-1	1.860000E-12	1.860000E-12	4.736440E-14	4.736440E-14
3.400000E-1	-2.060000E-12	2.060000E-12	-5.245735E-14	5.245735E-14
3.500000E-1	1.960000E-12	1.960000E-12	4.991087E-14	4.991087E-14
3.600000E-1	2.440000E-12	2.440000E-12	6.213394E-14	6.213394E-14
3.700000E-1	-2.070000E-12	2.070000E-12	-5.271199E-14	5.271199E-14
3.800000E-1	5.200000E-13	5.200000E-13	1.324166E-14	1.324166E-14
3.900000E-1	1.380000E-12	1.380000E-12	3.514133E-14	3.514133E-14
4.000000E-1	5.000000E-14	5.000000E-14	1.273237E-15	1.273237E-15
4.100000E-1	4.280000E-12	4.280000E-12	1.089890E-13	1.089890E-13
4.200000E-1	1.070000E-12	1.070000E-12	2.724726E-14	2.724726E-14
4.300000E-1	-1.480000E-12	1.480000E-12	-3.768780E-14	3.768780E-14
4.400000E-1	-1.500000E-13	1.500000E-13	-3.819710E-15	3.819710E-15
4.500000E-1	3.420000E-12	3.420000E-12	8.708938E-14	8.708938E-14
4.600000E-1	5.200000E-13	5.200000E-13	1.324166E-14	1.324166E-14
4.700000E-1	-1.390000E-12	1.390000E-12	-3.539598E-14	3.539598E-14
4.800000E-1	3.040000E-12	3.040000E-12	7.741278E-14	7.741278E-14
4.900000E-1	2.060000E-12	2.060000E-12	5.245735E-14	5.245735E-14
5.000000E-1	-1.150000E-12	1.150000E-12	-2.928444E-14	2.928444E-14
