

14:42:25	03/03/21


Ell Cont: 5,0x10,0

SMU1	V name:		V1
	I name:		I1
	Mode:		V
	Function:	VAR1
SMU2	V name:		V2
	I name:		I2
	Mode:		common
	Function:	const.
SMU3	off
SMU4	off
VMUs	off

Primary Source (VAR1):	single
	Sweep Spacing:	linear
	Start:		-0.500000
	Stop:		0.500000
	Step:		0.010000
	Compliance:	0.050000
Power Compliance OFF

Timing:		Integration Time:	medium
	Delay Time (sec):	0.000000
	Hold Time (sec):	0.000000
	Wait Time (sec):	1.000000

Secondary Source (VAR2):	OFF


   V1	   I1	Abs(I)	J (A\µm²)	Abs(J)
-5.000000E-1	-4.065100E-10	4.065100E-10	-1.035167E-11	1.035167E-11
-4.900000E-1	-3.058200E-10	3.058200E-10	-7.787624E-12	7.787624E-12
-4.800000E-1	-1.623400E-10	1.623400E-10	-4.133944E-12	4.133944E-12
-4.700000E-1	-3.772000E-11	3.772000E-11	-9.605297E-13	9.605297E-13
-4.600000E-1	-1.871000E-11	1.871000E-11	-4.764451E-13	4.764451E-13
-4.500000E-1	-1.915000E-11	1.915000E-11	-4.876496E-13	4.876496E-13
-4.400000E-1	-2.603000E-11	2.603000E-11	-6.628469E-13	6.628469E-13
-4.300000E-1	-3.129000E-11	3.129000E-11	-7.967914E-13	7.967914E-13
-4.200000E-1	-4.553000E-11	4.553000E-11	-1.159409E-12	1.159409E-12
-4.100000E-1	-6.910000E-11	6.910000E-11	-1.759613E-12	1.759613E-12
-4.000000E-1	-1.012500E-10	1.012500E-10	-2.578304E-12	2.578304E-12
-3.900000E-1	-1.372300E-10	1.372300E-10	-3.494525E-12	3.494525E-12
-3.800000E-1	-1.434200E-10	1.434200E-10	-3.652152E-12	3.652152E-12
-3.700000E-1	-1.515200E-10	1.515200E-10	-3.858416E-12	3.858416E-12
-3.600000E-1	-1.639600E-10	1.639600E-10	-4.175197E-12	4.175197E-12
-3.500000E-1	-1.481400E-10	1.481400E-10	-3.772345E-12	3.772345E-12
-3.400000E-1	-1.857500E-10	1.857500E-10	-4.730074E-12	4.730074E-12
-3.300000E-1	-2.888300E-10	2.888300E-10	-7.354978E-12	7.354978E-12
-3.200000E-1	-4.616000E-10	4.616000E-10	-1.175452E-11	1.175452E-11
-3.100000E-1	-5.523900E-10	5.523900E-10	-1.406646E-11	1.406646E-11
-3.000000E-1	-6.288200E-10	6.288200E-10	-1.601273E-11	1.601273E-11
-2.900000E-1	-6.500300E-10	6.500300E-10	-1.655284E-11	1.655284E-11
-2.800000E-1	-5.927100E-10	5.927100E-10	-1.509320E-11	1.509320E-11
-2.700000E-1	-6.735800E-10	6.735800E-10	-1.715253E-11	1.715253E-11
-2.600000E-1	-7.529300E-10	7.529300E-10	-1.917316E-11	1.917316E-11
-2.500000E-1	-1.139980E-9	1.139980E-9	-2.902928E-11	2.902928E-11
-2.400000E-1	-3.721600E-9	3.721600E-9	-9.476954E-11	9.476954E-11
-2.300000E-1	-9.438300E-9	9.438300E-9	-2.403438E-10	2.403438E-10
-2.200000E-1	-8.100130E-9	8.100130E-9	-2.062676E-10	2.062676E-10
-2.100000E-1	-2.173930E-8	2.173930E-8	-5.535854E-10	5.535854E-10
-2.000000E-1	-2.860310E-8	2.860310E-8	-7.283702E-10	7.283702E-10
-1.900000E-1	-2.871640E-8	2.871640E-8	-7.312554E-10	7.312554E-10
-1.800000E-1	-3.717280E-8	3.717280E-8	-9.465954E-10	9.465954E-10
-1.700000E-1	-4.149140E-8	4.149140E-8	-1.056567E-9	1.056567E-9
-1.600000E-1	-3.820300E-8	3.820300E-8	-9.728291E-10	9.728291E-10
-1.500000E-1	-5.629690E-8	5.629690E-8	-1.433585E-9	1.433585E-9
-1.400000E-1	-3.902290E-8	3.902290E-8	-9.937077E-10	9.937077E-10
-1.300000E-1	-4.529420E-8	4.529420E-8	-1.153405E-9	1.153405E-9
-1.200000E-1	-3.817000E-8	3.817000E-8	-9.719888E-10	9.719888E-10
-1.100000E-1	-5.868070E-8	5.868070E-8	-1.494288E-9	1.494288E-9
-1.000000E-1	-9.662760E-8	9.662760E-8	-2.460596E-9	2.460596E-9
-9.000000E-2	-7.997330E-8	7.997330E-8	-2.036499E-9	2.036499E-9
-8.000000E-2	-7.372910E-8	7.372910E-8	-1.877492E-9	1.877492E-9
-7.000000E-2	-6.851100E-8	6.851100E-8	-1.744614E-9	1.744614E-9
-6.000000E-2	-4.325840E-8	4.325840E-8	-1.101564E-9	1.101564E-9
-5.000000E-2	-4.444520E-8	4.444520E-8	-1.131785E-9	1.131785E-9
-4.000000E-2	-5.035220E-8	5.035220E-8	-1.282205E-9	1.282205E-9
-3.000000E-2	-4.064090E-8	4.064090E-8	-1.034910E-9	1.034910E-9
-2.000000E-2	-2.407670E-8	2.407670E-8	-6.131067E-10	6.131067E-10
-1.000000E-2	-1.386330E-8	1.386330E-8	-3.530252E-10	3.530252E-10
0.000000E+0	2.399000E-11	2.399000E-11	6.108989E-13	6.108989E-13
1.000000E-2	6.587700E-9	6.587700E-9	1.677540E-10	1.677540E-10
2.000000E-2	7.886120E-9	7.886120E-9	2.008179E-10	2.008179E-10
3.000000E-2	1.538020E-8	1.538020E-8	3.916527E-10	3.916527E-10
4.000000E-2	2.525300E-8	2.525300E-8	6.430609E-10	6.430609E-10
5.000000E-2	3.075420E-8	3.075420E-8	7.831474E-10	7.831474E-10
6.000000E-2	3.161160E-8	3.161160E-8	8.049809E-10	8.049809E-10
7.000000E-2	3.784410E-8	3.784410E-8	9.636898E-10	9.636898E-10
8.000000E-2	4.573240E-8	4.573240E-8	1.164563E-9	1.164563E-9
9.000000E-2	4.212260E-8	4.212260E-8	1.072641E-9	1.072641E-9
1.000000E-1	5.072540E-8	5.072540E-8	1.291709E-9	1.291709E-9
1.100000E-1	5.318380E-8	5.318380E-8	1.354311E-9	1.354311E-9
1.200000E-1	4.895420E-8	4.895420E-8	1.246606E-9	1.246606E-9
1.300000E-1	6.209280E-8	6.209280E-8	1.581176E-9	1.581176E-9
1.400000E-1	7.788930E-8	7.788930E-8	1.983430E-9	1.983430E-9
1.500000E-1	6.734170E-8	6.734170E-8	1.714838E-9	1.714838E-9
1.600000E-1	5.312180E-8	5.312180E-8	1.352732E-9	1.352732E-9
1.700000E-1	1.028222E-7	1.028222E-7	2.618340E-9	2.618340E-9
1.800000E-1	1.079532E-7	1.079532E-7	2.748999E-9	2.748999E-9
1.900000E-1	1.119230E-7	1.119230E-7	2.850089E-9	2.850089E-9
2.000000E-1	1.114160E-7	1.114160E-7	2.837178E-9	2.837178E-9
2.100000E-1	1.803650E-7	1.803650E-7	4.592946E-9	4.592946E-9
2.200000E-1	1.141400E-7	1.141400E-7	2.906544E-9	2.906544E-9
2.300000E-1	1.624370E-7	1.624370E-7	4.136415E-9	4.136415E-9
2.400000E-1	1.604050E-7	1.604050E-7	4.084670E-9	4.084670E-9
2.500000E-1	2.795230E-7	2.795230E-7	7.117978E-9	7.117978E-9
2.600000E-1	1.920960E-7	1.920960E-7	4.891673E-9	4.891673E-9
2.700000E-1	3.290770E-7	3.290770E-7	8.379857E-9	8.379857E-9
2.800000E-1	2.761810E-7	2.761810E-7	7.032875E-9	7.032875E-9
2.900000E-1	2.824250E-7	2.824250E-7	7.191877E-9	7.191877E-9
3.000000E-1	4.089120E-7	4.089120E-7	1.041283E-8	1.041283E-8
3.100000E-1	3.863470E-7	3.863470E-7	9.838222E-9	9.838222E-9
3.200000E-1	2.572680E-7	2.572680E-7	6.551260E-9	6.551260E-9
3.300000E-1	2.640800E-7	2.640800E-7	6.724726E-9	6.724726E-9
3.400000E-1	2.788600E-7	2.788600E-7	7.101095E-9	7.101095E-9
3.500000E-1	3.188820E-7	3.188820E-7	8.120244E-9	8.120244E-9
3.600000E-1	2.399680E-7	2.399680E-7	6.110721E-9	6.110721E-9
3.700000E-1	3.078110E-7	3.078110E-7	7.838324E-9	7.838324E-9
3.800000E-1	3.503080E-7	3.503080E-7	8.920499E-9	8.920499E-9
3.900000E-1	4.648500E-7	4.648500E-7	1.183728E-8	1.183728E-8
4.000000E-1	3.405970E-7	3.405970E-7	8.673211E-9	8.673211E-9
4.100000E-1	4.632070E-7	4.632070E-7	1.179544E-8	1.179544E-8
4.200000E-1	6.693540E-7	6.693540E-7	1.704492E-8	1.704492E-8
4.300000E-1	5.000490E-7	5.000490E-7	1.273361E-8	1.273361E-8
4.400000E-1	6.872370E-7	6.872370E-7	1.750031E-8	1.750031E-8
4.500000E-1	5.123200E-7	5.123200E-7	1.304609E-8	1.304609E-8
4.600000E-1	6.773440E-7	6.773440E-7	1.724838E-8	1.724838E-8
4.700000E-1	7.858900E-7	7.858900E-7	2.001248E-8	2.001248E-8
4.800000E-1	8.608060E-7	8.608060E-7	2.192019E-8	2.192019E-8
4.900000E-1	9.536460E-7	9.536460E-7	2.428434E-8	2.428434E-8
5.000000E-1	7.335160E-7	7.335160E-7	1.867879E-8	1.867879E-8
