

14:43:58	03/03/21


Ell Cont: 5,0x10,0

SMU1	V name:		V1
	I name:		I1
	Mode:		V
	Function:	VAR1
SMU2	V name:		V2
	I name:		I2
	Mode:		common
	Function:	const.
SMU3	off
SMU4	off
VMUs	off

Primary Source (VAR1):	single
	Sweep Spacing:	linear
	Start:		-0.500000
	Stop:		0.500000
	Step:		0.010000
	Compliance:	0.050000
Power Compliance OFF

Timing:		Integration Time:	medium
	Delay Time (sec):	0.000000
	Hold Time (sec):	0.000000
	Wait Time (sec):	1.000000

Secondary Source (VAR2):	OFF


   V1	   I1	Abs(I)	J (A\um²)	Abs(J)
-5.000000E-1	-3.219200E-4	3.219200E-4	-8.197606E-6	8.197606E-6
-4.900000E-1	-3.166770E-4	3.166770E-4	-8.064095E-6	8.064095E-6
-4.800000E-1	-3.093280E-4	3.093280E-4	-7.876954E-6	7.876954E-6
-4.700000E-1	-3.029700E-4	3.029700E-4	-7.715050E-6	7.715050E-6
-4.600000E-1	-2.963790E-4	2.963790E-4	-7.547212E-6	7.547212E-6
-4.500000E-1	-2.895180E-4	2.895180E-4	-7.372498E-6	7.372498E-6
-4.400000E-1	-2.836200E-4	2.836200E-4	-7.222307E-6	7.222307E-6
-4.300000E-1	-2.771570E-4	2.771570E-4	-7.057728E-6	7.057728E-6
-4.200000E-1	-2.706980E-4	2.706980E-4	-6.893252E-6	6.893252E-6
-4.100000E-1	-2.646200E-4	2.646200E-4	-6.738477E-6	6.738477E-6
-4.000000E-1	-2.583690E-4	2.583690E-4	-6.579297E-6	6.579297E-6
-3.900000E-1	-2.518150E-4	2.518150E-4	-6.412401E-6	6.412401E-6
-3.800000E-1	-2.452320E-4	2.452320E-4	-6.244767E-6	6.244767E-6
-3.700000E-1	-2.391960E-4	2.391960E-4	-6.091062E-6	6.091062E-6
-3.600000E-1	-2.324200E-4	2.324200E-4	-5.918513E-6	5.918513E-6
-3.500000E-1	-2.258750E-4	2.258750E-4	-5.751846E-6	5.751846E-6
-3.400000E-1	-2.198600E-4	2.198600E-4	-5.598676E-6	5.598676E-6
-3.300000E-1	-2.132310E-4	2.132310E-4	-5.429870E-6	5.429870E-6
-3.200000E-1	-2.064150E-4	2.064150E-4	-5.256302E-6	5.256302E-6
-3.100000E-1	-1.996650E-4	1.996650E-4	-5.084416E-6	5.084416E-6
-3.000000E-1	-1.933080E-4	1.933080E-4	-4.922536E-6	4.922536E-6
-2.900000E-1	-1.866720E-4	1.866720E-4	-4.753552E-6	4.753552E-6
-2.800000E-1	-1.801410E-4	1.801410E-4	-4.587242E-6	4.587242E-6
-2.700000E-1	-1.738470E-4	1.738470E-4	-4.426967E-6	4.426967E-6
-2.600000E-1	-1.673590E-4	1.673590E-4	-4.261752E-6	4.261752E-6
-2.500000E-1	-1.607350E-4	1.607350E-4	-4.093074E-6	4.093074E-6
-2.400000E-1	-1.538740E-4	1.538740E-4	-3.918360E-6	3.918360E-6
-2.300000E-1	-1.475370E-4	1.475370E-4	-3.756990E-6	3.756990E-6
-2.200000E-1	-1.410800E-4	1.410800E-4	-3.592564E-6	3.592564E-6
-2.100000E-1	-1.345200E-4	1.345200E-4	-3.425516E-6	3.425516E-6
-2.000000E-1	-1.279410E-4	1.279410E-4	-3.257983E-6	3.257983E-6
-1.900000E-1	-1.215830E-4	1.215830E-4	-3.096078E-6	3.096078E-6
-1.800000E-1	-1.152950E-4	1.152950E-4	-2.935956E-6	2.935956E-6
-1.700000E-1	-1.089900E-4	1.089900E-4	-2.775401E-6	2.775401E-6
-1.600000E-1	-1.026970E-4	1.026970E-4	-2.615151E-6	2.615151E-6
-1.500000E-1	-9.638020E-5	9.638020E-5	-2.454296E-6	2.454296E-6
-1.400000E-1	-8.997360E-5	8.997360E-5	-2.291154E-6	2.291154E-6
-1.300000E-1	-8.352920E-5	8.352920E-5	-2.127049E-6	2.127049E-6
-1.200000E-1	-7.702330E-5	7.702330E-5	-1.961378E-6	1.961378E-6
-1.100000E-1	-7.054100E-5	7.054100E-5	-1.796308E-6	1.796308E-6
-1.000000E-1	-6.421610E-5	6.421610E-5	-1.635246E-6	1.635246E-6
-9.000000E-2	-5.787360E-5	5.787360E-5	-1.473736E-6	1.473736E-6
-8.000000E-2	-5.147900E-5	5.147900E-5	-1.310899E-6	1.310899E-6
-7.000000E-2	-4.504330E-5	4.504330E-5	-1.147016E-6	1.147016E-6
-6.000000E-2	-3.861240E-5	3.861240E-5	-9.832544E-7	9.832544E-7
-5.000000E-2	-3.215180E-5	3.215180E-5	-8.187369E-7	8.187369E-7
-4.000000E-2	-2.573890E-5	2.573890E-5	-6.554342E-7	6.554342E-7
-3.000000E-2	-1.932970E-5	1.932970E-5	-4.922256E-7	4.922256E-7
-2.000000E-2	-1.289100E-5	1.289100E-5	-3.282658E-7	3.282658E-7
-1.000000E-2	-6.495680E-6	6.495680E-6	-1.654107E-7	1.654107E-7
0.000000E+0	-4.584880E-8	4.584880E-8	-1.167527E-9	1.167527E-9
1.000000E-2	6.351320E-6	6.351320E-6	1.617347E-7	1.617347E-7
2.000000E-2	1.282170E-5	1.282170E-5	3.265011E-7	3.265011E-7
3.000000E-2	1.920180E-5	1.920180E-5	4.889687E-7	4.889687E-7
4.000000E-2	2.567240E-5	2.567240E-5	6.537408E-7	6.537408E-7
5.000000E-2	3.208240E-5	3.208240E-5	8.169697E-7	8.169697E-7
6.000000E-2	3.853200E-5	3.853200E-5	9.812070E-7	9.812070E-7
7.000000E-2	4.502850E-5	4.502850E-5	1.146639E-6	1.146639E-6
8.000000E-2	5.141400E-5	5.141400E-5	1.309244E-6	1.309244E-6
9.000000E-2	5.788850E-5	5.788850E-5	1.474115E-6	1.474115E-6
1.000000E-1	6.435260E-5	6.435260E-5	1.638722E-6	1.638722E-6
1.100000E-1	7.079560E-5	7.079560E-5	1.802791E-6	1.802791E-6
1.200000E-1	7.723620E-5	7.723620E-5	1.966799E-6	1.966799E-6
1.300000E-1	8.372010E-5	8.372010E-5	2.131910E-6	2.131910E-6
1.400000E-1	9.009030E-5	9.009030E-5	2.294125E-6	2.294125E-6
1.500000E-1	9.670640E-5	9.670640E-5	2.462602E-6	2.462602E-6
1.600000E-1	1.029391E-4	1.029391E-4	2.621316E-6	2.621316E-6
1.700000E-1	1.094178E-4	1.094178E-4	2.786295E-6	2.786295E-6
1.800000E-1	1.161370E-4	1.161370E-4	2.957397E-6	2.957397E-6
1.900000E-1	1.224430E-4	1.224430E-4	3.117978E-6	3.117978E-6
2.000000E-1	1.293080E-4	1.293080E-4	3.292793E-6	3.292793E-6
2.100000E-1	1.359520E-4	1.359520E-4	3.461981E-6	3.461981E-6
2.200000E-1	1.426740E-4	1.426740E-4	3.633155E-6	3.633155E-6
2.300000E-1	1.495530E-4	1.495530E-4	3.808327E-6	3.808327E-6
2.400000E-1	1.558790E-4	1.558790E-4	3.969417E-6	3.969417E-6
2.500000E-1	1.625920E-4	1.625920E-4	4.140362E-6	4.140362E-6
2.600000E-1	1.692220E-4	1.692220E-4	4.309193E-6	4.309193E-6
2.700000E-1	1.752610E-4	1.752610E-4	4.462974E-6	4.462974E-6
2.800000E-1	1.820010E-4	1.820010E-4	4.634607E-6	4.634607E-6
2.900000E-1	1.883890E-4	1.883890E-4	4.797275E-6	4.797275E-6
3.000000E-1	1.950110E-4	1.950110E-4	4.965903E-6	4.965903E-6
3.100000E-1	2.014760E-4	2.014760E-4	5.130532E-6	5.130532E-6
3.200000E-1	2.076830E-4	2.076830E-4	5.288592E-6	5.288592E-6
3.300000E-1	2.147500E-4	2.147500E-4	5.468551E-6	5.468551E-6
3.400000E-1	2.211580E-4	2.211580E-4	5.631729E-6	5.631729E-6
3.500000E-1	2.276930E-4	2.276930E-4	5.798141E-6	5.798141E-6
3.600000E-1	2.339430E-4	2.339430E-4	5.957296E-6	5.957296E-6
3.700000E-1	2.404500E-4	2.404500E-4	6.122995E-6	6.122995E-6
3.800000E-1	2.466700E-4	2.466700E-4	6.281385E-6	6.281385E-6
3.900000E-1	2.530610E-4	2.530610E-4	6.444130E-6	6.444130E-6
4.000000E-1	2.594470E-4	2.594470E-4	6.606748E-6	6.606748E-6
4.100000E-1	2.664280E-4	2.664280E-4	6.784517E-6	6.784517E-6
4.200000E-1	2.727370E-4	2.727370E-4	6.945174E-6	6.945174E-6
4.300000E-1	2.792700E-4	2.792700E-4	7.111535E-6	7.111535E-6
4.400000E-1	2.851480E-4	2.851480E-4	7.261217E-6	7.261217E-6
4.500000E-1	2.916600E-4	2.916600E-4	7.427043E-6	7.427043E-6
4.600000E-1	2.985130E-4	2.985130E-4	7.601553E-6	7.601553E-6
4.700000E-1	3.053610E-4	3.053610E-4	7.775936E-6	7.775936E-6
4.800000E-1	3.118430E-4	3.118430E-4	7.940998E-6	7.940998E-6
4.900000E-1	3.188500E-4	3.188500E-4	8.119429E-6	8.119429E-6
5.000000E-1	3.241300E-4	3.241300E-4	8.253883E-6	8.253883E-6
