

13:39:19	03/03/21


Ell Cont: 5,0x10,0

SMU1	V name:		V1
	I name:		I1
	Mode:		V
	Function:	VAR1
SMU2	V name:		V2
	I name:		I2
	Mode:		common
	Function:	const.
SMU3	off
SMU4	off
VMUs	off

Primary Source (VAR1):	single
	Sweep Spacing:	linear
	Start:		-0.500000
	Stop:		0.500000
	Step:		0.010000
	Compliance:	0.050000
Power Compliance OFF

Timing:		Integration Time:	medium
	Delay Time (sec):	0.000000
	Hold Time (sec):	0.000000
	Wait Time (sec):	1.000000

Secondary Source (VAR2):	OFF


   V1	   I1	Abs(I)	J (A\µm²)	Abs(J)
-5.000000E-1	-2.934110E-5	2.934110E-5	-7.471632E-7	7.471632E-7
-4.900000E-1	-2.815260E-5	2.815260E-5	-7.168984E-7	7.168984E-7
-4.800000E-1	-2.708210E-5	2.708210E-5	-6.896384E-7	6.896384E-7
-4.700000E-1	-2.661200E-5	2.661200E-5	-6.776674E-7	6.776674E-7
-4.600000E-1	-2.604220E-5	2.604220E-5	-6.631576E-7	6.631576E-7
-4.500000E-1	-2.534130E-5	2.534130E-5	-6.453094E-7	6.453094E-7
-4.400000E-1	-2.551630E-5	2.551630E-5	-6.497657E-7	6.497657E-7
-4.300000E-1	-2.337340E-5	2.337340E-5	-5.951973E-7	5.951973E-7
-4.200000E-1	-2.187200E-5	2.187200E-5	-5.569646E-7	5.569646E-7
-4.100000E-1	-2.192140E-5	2.192140E-5	-5.582226E-7	5.582226E-7
-4.000000E-1	-2.122050E-5	2.122050E-5	-5.403743E-7	5.403743E-7
-3.900000E-1	-2.021130E-5	2.021130E-5	-5.146753E-7	5.146753E-7
-3.800000E-1	-1.987500E-5	1.987500E-5	-5.061115E-7	5.061115E-7
-3.700000E-1	-1.944920E-5	1.944920E-5	-4.952686E-7	4.952686E-7
-3.600000E-1	-1.899580E-5	1.899580E-5	-4.837229E-7	4.837229E-7
-3.500000E-1	-1.845680E-5	1.845680E-5	-4.699974E-7	4.699974E-7
-3.400000E-1	-1.801430E-5	1.801430E-5	-4.587293E-7	4.587293E-7
-3.300000E-1	-1.735490E-5	1.735490E-5	-4.419379E-7	4.419379E-7
-3.200000E-1	-1.663920E-5	1.663920E-5	-4.237128E-7	4.237128E-7
-3.100000E-1	-1.622360E-5	1.622360E-5	-4.131296E-7	4.131296E-7
-3.000000E-1	-1.575530E-5	1.575530E-5	-4.012045E-7	4.012045E-7
-2.900000E-1	-1.492040E-5	1.492040E-5	-3.799440E-7	3.799440E-7
-2.800000E-1	-1.434330E-5	1.434330E-5	-3.652483E-7	3.652483E-7
-2.700000E-1	-1.373110E-5	1.373110E-5	-3.496588E-7	3.496588E-7
-2.600000E-1	-1.286380E-5	1.286380E-5	-3.275732E-7	3.275732E-7
-2.500000E-1	-1.229400E-5	1.229400E-5	-3.130634E-7	3.130634E-7
-2.400000E-1	-1.173970E-5	1.173970E-5	-2.989483E-7	2.989483E-7
-2.300000E-1	-1.110330E-5	1.110330E-5	-2.827425E-7	2.827425E-7
-2.200000E-1	-1.075910E-5	1.075910E-5	-2.739776E-7	2.739776E-7
-2.100000E-1	-1.038800E-5	1.038800E-5	-2.645276E-7	2.645276E-7
-2.000000E-1	-9.857420E-6	9.857420E-6	-2.510165E-7	2.510165E-7
-1.900000E-1	-9.256980E-6	9.256980E-6	-2.357265E-7	2.357265E-7
-1.800000E-1	-8.925750E-6	8.925750E-6	-2.272918E-7	2.272918E-7
-1.700000E-1	-8.381120E-6	8.381120E-6	-2.134230E-7	2.134230E-7
-1.600000E-1	-7.847000E-6	7.847000E-6	-1.998217E-7	1.998217E-7
-1.500000E-1	-7.251810E-6	7.251810E-6	-1.846654E-7	1.846654E-7
-1.400000E-1	-6.747740E-6	6.747740E-6	-1.718294E-7	1.718294E-7
-1.300000E-1	-6.366970E-6	6.366970E-6	-1.621332E-7	1.621332E-7
-1.200000E-1	-5.805560E-6	5.805560E-6	-1.478370E-7	1.478370E-7
-1.100000E-1	-5.285990E-6	5.285990E-6	-1.346063E-7	1.346063E-7
-1.000000E-1	-4.843480E-6	4.843480E-6	-1.233379E-7	1.233379E-7
-9.000000E-2	-4.369770E-6	4.369770E-6	-1.112750E-7	1.112750E-7
-8.000000E-2	-3.858380E-6	3.858380E-6	-9.825261E-8	9.825261E-8
-7.000000E-2	-3.394350E-6	3.394350E-6	-8.643621E-8	8.643621E-8
-6.000000E-2	-2.906630E-6	2.906630E-6	-7.401655E-8	7.401655E-8
-5.000000E-2	-2.369950E-6	2.369950E-6	-6.035014E-8	6.035014E-8
-4.000000E-2	-1.883150E-6	1.883150E-6	-4.795391E-8	4.795391E-8
-3.000000E-2	-1.322730E-6	1.322730E-6	-3.368296E-8	3.368296E-8
-2.000000E-2	-8.566880E-7	8.566880E-7	-2.181533E-8	2.181533E-8
-1.000000E-2	-4.336810E-7	4.336810E-7	-1.104357E-8	1.104357E-8
0.000000E+0	-1.913720E-9	1.913720E-9	-4.873237E-11	4.873237E-11
1.000000E-2	4.229810E-7	4.229810E-7	1.077110E-8	1.077110E-8
2.000000E-2	8.543910E-7	8.543910E-7	2.175684E-8	2.175684E-8
3.000000E-2	1.197410E-6	1.197410E-6	3.049172E-8	3.049172E-8
4.000000E-2	1.531700E-6	1.531700E-6	3.900433E-8	3.900433E-8
5.000000E-2	1.621360E-6	1.621360E-6	4.128750E-8	4.128750E-8
6.000000E-2	1.694810E-6	1.694810E-6	4.315788E-8	4.315788E-8
7.000000E-2	1.433440E-6	1.433440E-6	3.650216E-8	3.650216E-8
8.000000E-2	8.798910E-8	8.798910E-8	2.240619E-9	2.240619E-9
9.000000E-2	1.005946E-7	1.005946E-7	2.561614E-9	2.561614E-9
1.000000E-1	1.157040E-6	1.157040E-6	2.946371E-8	2.946371E-8
1.100000E-1	2.533800E-6	2.533800E-6	6.452254E-8	6.452254E-8
1.200000E-1	2.842330E-6	2.842330E-6	7.237917E-8	7.237917E-8
1.300000E-1	3.315640E-6	3.315640E-6	8.443188E-8	8.443188E-8
1.400000E-1	3.244470E-6	3.244470E-6	8.261956E-8	8.261956E-8
1.500000E-1	4.436200E-6	4.436200E-6	1.129666E-7	1.129666E-7
1.600000E-1	5.644160E-6	5.644160E-6	1.437270E-7	1.437270E-7
1.700000E-1	6.219490E-6	6.219490E-6	1.583776E-7	1.583776E-7
1.800000E-1	6.446730E-6	6.446730E-6	1.641642E-7	1.641642E-7
1.900000E-1	6.908490E-6	6.908490E-6	1.759228E-7	1.759228E-7
2.000000E-1	7.252230E-6	7.252230E-6	1.846761E-7	1.846761E-7
2.100000E-1	7.323430E-6	7.323430E-6	1.864892E-7	1.864892E-7
2.200000E-1	8.901680E-6	8.901680E-6	2.266789E-7	2.266789E-7
2.300000E-1	9.733980E-6	9.733980E-6	2.478732E-7	2.478732E-7
2.400000E-1	1.051279E-5	1.051279E-5	2.677054E-7	2.677054E-7
2.500000E-1	1.127760E-5	1.127760E-5	2.871811E-7	2.871811E-7
2.600000E-1	1.197090E-5	1.197090E-5	3.048357E-7	3.048357E-7
2.700000E-1	1.245520E-5	1.245520E-5	3.171683E-7	3.171683E-7
2.800000E-1	1.308760E-5	1.308760E-5	3.332722E-7	3.332722E-7
2.900000E-1	1.425880E-5	1.425880E-5	3.630965E-7	3.630965E-7
3.000000E-1	1.500060E-5	1.500060E-5	3.819862E-7	3.819862E-7
3.100000E-1	1.615010E-5	1.615010E-5	4.112580E-7	4.112580E-7
3.200000E-1	1.658650E-5	1.658650E-5	4.223708E-7	4.223708E-7
3.300000E-1	1.734200E-5	1.734200E-5	4.416094E-7	4.416094E-7
3.400000E-1	1.811480E-5	1.811480E-5	4.612885E-7	4.612885E-7
3.500000E-1	1.739100E-5	1.739100E-5	4.428571E-7	4.428571E-7
3.600000E-1	1.850320E-5	1.850320E-5	4.711790E-7	4.711790E-7
3.700000E-1	2.358930E-5	2.358930E-5	6.006952E-7	6.006952E-7
3.800000E-1	2.856680E-5	2.856680E-5	7.274459E-7	7.274459E-7
3.900000E-1	2.954550E-5	2.954550E-5	7.523682E-7	7.523682E-7
4.000000E-1	3.077130E-5	3.077130E-5	7.835829E-7	7.835829E-7
4.100000E-1	3.189500E-5	3.189500E-5	8.121976E-7	8.121976E-7
4.200000E-1	3.394400E-5	3.394400E-5	8.643748E-7	8.643748E-7
4.300000E-1	3.497790E-5	3.497790E-5	8.907028E-7	8.907028E-7
4.400000E-1	4.529930E-5	4.529930E-5	1.153534E-6	1.153534E-6
4.500000E-1	4.618560E-5	4.618560E-5	1.176104E-6	1.176104E-6
4.600000E-1	4.671620E-5	4.671620E-5	1.189615E-6	1.189615E-6
4.700000E-1	5.154230E-5	5.154230E-5	1.312511E-6	1.312511E-6
4.800000E-1	5.458510E-5	5.458510E-5	1.389995E-6	1.389995E-6
4.900000E-1	5.927640E-5	5.927640E-5	1.509458E-6	1.509458E-6
5.000000E-1	6.801320E-5	6.801320E-5	1.731938E-6	1.731938E-6
