

15:25:54	01/03/21


Ell Cont: 5,0x10,0

SMU1	V name:		V1
	I name:		I1
	Mode:		V
	Function:	VAR1
SMU2	V name:		V2
	I name:		I2
	Mode:		common
	Function:	const.
SMU3	off
SMU4	off
VMUs	off

Primary Source (VAR1):	single
	Sweep Spacing:	linear
	Start:		-0.500000
	Stop:		0.500000
	Step:		0.010000
	Compliance:	0.050000
Power Compliance OFF

Timing:		Integration Time:	medium
	Delay Time (sec):	0.000000
	Hold Time (sec):	0.000000
	Wait Time (sec):	1.000000

Secondary Source (VAR2):	OFF


   V1	   I1	Abs(I)	J (A\um²)	Abs(J)
-5.000000E-1	-4.922370E-5	4.922370E-5	-1.253468E-6	1.253468E-6
-4.900000E-1	-4.769460E-5	4.769460E-5	-1.214530E-6	1.214530E-6
-4.800000E-1	-4.619080E-5	4.619080E-5	-1.176236E-6	1.176236E-6
-4.700000E-1	-4.471970E-5	4.471970E-5	-1.138775E-6	1.138775E-6
-4.600000E-1	-4.326450E-5	4.326450E-5	-1.101719E-6	1.101719E-6
-4.500000E-1	-4.185120E-5	4.185120E-5	-1.065730E-6	1.065730E-6
-4.400000E-1	-4.044590E-5	4.044590E-5	-1.029944E-6	1.029944E-6
-4.300000E-1	-3.906420E-5	3.906420E-5	-9.947593E-7	9.947593E-7
-4.200000E-1	-3.772700E-5	3.772700E-5	-9.607079E-7	9.607079E-7
-4.100000E-1	-3.639850E-5	3.639850E-5	-9.268780E-7	9.268780E-7
-4.000000E-1	-3.510940E-5	3.510940E-5	-8.940514E-7	8.940514E-7
-3.900000E-1	-3.382260E-5	3.382260E-5	-8.612834E-7	8.612834E-7
-3.800000E-1	-3.257540E-5	3.257540E-5	-8.295238E-7	8.295238E-7
-3.700000E-1	-3.133680E-5	3.133680E-5	-7.979832E-7	7.979832E-7
-3.600000E-1	-3.013480E-5	3.013480E-5	-7.673746E-7	7.673746E-7
-3.500000E-1	-2.894550E-5	2.894550E-5	-7.370894E-7	7.370894E-7
-3.400000E-1	-2.779070E-5	2.779070E-5	-7.076827E-7	7.076827E-7
-3.300000E-1	-2.665210E-5	2.665210E-5	-6.786886E-7	6.786886E-7
-3.200000E-1	-2.553950E-5	2.553950E-5	-6.503565E-7	6.503565E-7
-3.100000E-1	-2.443550E-5	2.443550E-5	-6.222434E-7	6.222434E-7
-3.000000E-1	-2.336620E-5	2.336620E-5	-5.950140E-7	5.950140E-7
-2.900000E-1	-2.231260E-5	2.231260E-5	-5.681844E-7	5.681844E-7
-2.800000E-1	-2.127780E-5	2.127780E-5	-5.418335E-7	5.418335E-7
-2.700000E-1	-2.027640E-5	2.027640E-5	-5.163331E-7	5.163331E-7
-2.600000E-1	-1.928680E-5	1.928680E-5	-4.911332E-7	4.911332E-7
-2.500000E-1	-1.832860E-5	1.832860E-5	-4.667329E-7	4.667329E-7
-2.400000E-1	-1.738570E-5	1.738570E-5	-4.427222E-7	4.427222E-7
-2.300000E-1	-1.646510E-5	1.646510E-5	-4.192793E-7	4.192793E-7
-2.200000E-1	-1.555920E-5	1.555920E-5	-3.962108E-7	3.962108E-7
-2.100000E-1	-1.468120E-5	1.468120E-5	-3.738528E-7	3.738528E-7
-2.000000E-1	-1.382010E-5	1.382010E-5	-3.519251E-7	3.519251E-7
-1.900000E-1	-1.297950E-5	1.297950E-5	-3.305195E-7	3.305195E-7
-1.800000E-1	-1.215190E-5	1.215190E-5	-3.094449E-7	3.094449E-7
-1.700000E-1	-1.135350E-5	1.135350E-5	-2.891138E-7	2.891138E-7
-1.600000E-1	-1.056240E-5	1.056240E-5	-2.689687E-7	2.689687E-7
-1.500000E-1	-9.794540E-6	9.794540E-6	-2.494153E-7	2.494153E-7
-1.400000E-1	-9.049230E-6	9.049230E-6	-2.304362E-7	2.304362E-7
-1.300000E-1	-8.314940E-6	8.314940E-6	-2.117377E-7	2.117377E-7
-1.200000E-1	-7.604770E-6	7.604770E-6	-1.936534E-7	1.936534E-7
-1.100000E-1	-6.903690E-6	6.903690E-6	-1.758006E-7	1.758006E-7
-1.000000E-1	-6.224540E-6	6.224540E-6	-1.585062E-7	1.585062E-7
-9.000000E-2	-5.554570E-6	5.554570E-6	-1.414456E-7	1.414456E-7
-8.000000E-2	-4.902840E-6	4.902840E-6	-1.248495E-7	1.248495E-7
-7.000000E-2	-4.259490E-6	4.259490E-6	-1.084668E-7	1.084668E-7
-6.000000E-2	-3.631350E-6	3.631350E-6	-9.247135E-8	9.247135E-8
-5.000000E-2	-3.009100E-6	3.009100E-6	-7.662592E-8	7.662592E-8
-4.000000E-2	-2.399290E-6	2.399290E-6	-6.109727E-8	6.109727E-8
-3.000000E-2	-1.792960E-6	1.792960E-6	-4.565724E-8	4.565724E-8
-2.000000E-2	-1.191690E-6	1.191690E-6	-3.034607E-8	3.034607E-8
-1.000000E-2	-5.992290E-7	5.992290E-7	-1.525921E-8	1.525921E-8
0.000000E+0	-2.028960E-9	2.028960E-9	-5.166692E-11	5.166692E-11
1.000000E-2	5.869960E-7	5.869960E-7	1.494770E-8	1.494770E-8
2.000000E-2	1.184910E-6	1.184910E-6	3.017341E-8	3.017341E-8
3.000000E-2	1.782010E-6	1.782010E-6	4.537841E-8	4.537841E-8
4.000000E-2	2.388280E-6	2.388280E-6	6.081691E-8	6.081691E-8
5.000000E-2	2.997750E-6	2.997750E-6	7.633690E-8	7.633690E-8
6.000000E-2	3.619700E-6	3.619700E-6	9.217469E-8	9.217469E-8
7.000000E-2	4.250830E-6	4.250830E-6	1.082462E-7	1.082462E-7
8.000000E-2	4.889790E-6	4.889790E-6	1.245172E-7	1.245172E-7
9.000000E-2	5.546060E-6	5.546060E-6	1.412289E-7	1.412289E-7
1.000000E-1	6.212160E-6	6.212160E-6	1.581910E-7	1.581910E-7
1.100000E-1	6.897650E-6	6.897650E-6	1.756468E-7	1.756468E-7
1.200000E-1	7.591620E-6	7.591620E-6	1.933186E-7	1.933186E-7
1.300000E-1	8.307140E-6	8.307140E-6	2.115391E-7	2.115391E-7
1.400000E-1	9.035410E-6	9.035410E-6	2.300843E-7	2.300843E-7
1.500000E-1	9.784800E-6	9.784800E-6	2.491673E-7	2.491673E-7
1.600000E-1	1.054907E-5	1.054907E-5	2.686292E-7	2.686292E-7
1.700000E-1	1.133618E-5	1.133618E-5	2.886728E-7	2.886728E-7
1.800000E-1	1.213880E-5	1.213880E-5	3.091113E-7	3.091113E-7
1.900000E-1	1.295730E-5	1.295730E-5	3.299542E-7	3.299542E-7
2.000000E-1	1.380420E-5	1.380420E-5	3.515202E-7	3.515202E-7
2.100000E-1	1.465980E-5	1.465980E-5	3.733079E-7	3.733079E-7
2.200000E-1	1.554800E-5	1.554800E-5	3.959256E-7	3.959256E-7
2.300000E-1	1.644160E-5	1.644160E-5	4.186809E-7	4.186809E-7
2.400000E-1	1.736560E-5	1.736560E-5	4.422103E-7	4.422103E-7
2.500000E-1	1.830190E-5	1.830190E-5	4.660530E-7	4.660530E-7
2.600000E-1	1.926900E-5	1.926900E-5	4.906799E-7	4.906799E-7
2.700000E-1	2.024930E-5	2.024930E-5	5.156430E-7	5.156430E-7
2.800000E-1	2.126000E-5	2.126000E-5	5.413802E-7	5.413802E-7
2.900000E-1	2.228710E-5	2.228710E-5	5.675350E-7	5.675350E-7
3.000000E-1	2.332880E-5	2.332880E-5	5.940616E-7	5.940616E-7
3.100000E-1	2.440430E-5	2.440430E-5	6.214489E-7	6.214489E-7
3.200000E-1	2.548960E-5	2.548960E-5	6.490858E-7	6.490858E-7
3.300000E-1	2.660670E-5	2.660670E-5	6.775325E-7	6.775325E-7
3.400000E-1	2.774100E-5	2.774100E-5	7.064171E-7	7.064171E-7
3.500000E-1	2.890290E-5	2.890290E-5	7.360046E-7	7.360046E-7
3.600000E-1	3.007130E-5	3.007130E-5	7.657576E-7	7.657576E-7
3.700000E-1	3.127910E-5	3.127910E-5	7.965139E-7	7.965139E-7
3.800000E-1	3.250930E-5	3.250930E-5	8.278406E-7	8.278406E-7
3.900000E-1	3.375560E-5	3.375560E-5	8.595773E-7	8.595773E-7
4.000000E-1	3.503630E-5	3.503630E-5	8.921900E-7	8.921900E-7
4.100000E-1	3.632030E-5	3.632030E-5	9.248867E-7	9.248867E-7
4.200000E-1	3.765010E-5	3.765010E-5	9.587497E-7	9.587497E-7
4.300000E-1	3.899000E-5	3.899000E-5	9.928699E-7	9.928699E-7
4.400000E-1	4.035970E-5	4.035970E-5	1.027749E-6	1.027749E-6
4.500000E-1	4.174310E-5	4.174310E-5	1.062977E-6	1.062977E-6
4.600000E-1	4.316440E-5	4.316440E-5	1.099170E-6	1.099170E-6
4.700000E-1	4.459820E-5	4.459820E-5	1.135681E-6	1.135681E-6
4.800000E-1	4.607130E-5	4.607130E-5	1.173193E-6	1.173193E-6
4.900000E-1	4.757000E-5	4.757000E-5	1.211357E-6	1.211357E-6
5.000000E-1	4.907280E-5	4.907280E-5	1.249626E-6	1.249626E-6
