

15:21:44	01/03/21


Ell Cont: 5,0x10,0

SMU1	V name:		V1
	I name:		I1
	Mode:		V
	Function:	VAR1
SMU2	V name:		V2
	I name:		I2
	Mode:		common
	Function:	const.
SMU3	off
SMU4	off
VMUs	off

Primary Source (VAR1):	single
	Sweep Spacing:	linear
	Start:		-0.500000
	Stop:		0.500000
	Step:		0.010000
	Compliance:	0.050000
Power Compliance OFF

Timing:		Integration Time:	medium
	Delay Time (sec):	0.000000
	Hold Time (sec):	0.000000
	Wait Time (sec):	1.000000

Secondary Source (VAR2):	OFF


   V1	   I1	Abs(I)	J (A\um²)	Abs(J)
-5.000000E-1	-3.430050E-5	3.430050E-5	-8.734530E-7	8.734530E-7
-4.900000E-1	-3.325400E-5	3.325400E-5	-8.468042E-7	8.468042E-7
-4.800000E-1	-3.221570E-5	3.221570E-5	-8.203641E-7	8.203641E-7
-4.700000E-1	-3.118800E-5	3.118800E-5	-7.941940E-7	7.941940E-7
-4.600000E-1	-3.018340E-5	3.018340E-5	-7.686122E-7	7.686122E-7
-4.500000E-1	-2.920480E-5	2.920480E-5	-7.436924E-7	7.436924E-7
-4.400000E-1	-2.823550E-5	2.823550E-5	-7.190094E-7	7.190094E-7
-4.300000E-1	-2.728210E-5	2.728210E-5	-6.947313E-7	6.947313E-7
-4.200000E-1	-2.635590E-5	2.635590E-5	-6.711459E-7	6.711459E-7
-4.100000E-1	-2.543070E-5	2.543070E-5	-6.475859E-7	6.475859E-7
-4.000000E-1	-2.453530E-5	2.453530E-5	-6.247848E-7	6.247848E-7
-3.900000E-1	-2.364890E-5	2.364890E-5	-6.022129E-7	6.022129E-7
-3.800000E-1	-2.278010E-5	2.278010E-5	-5.800891E-7	5.800891E-7
-3.700000E-1	-2.191940E-5	2.191940E-5	-5.581716E-7	5.581716E-7
-3.600000E-1	-2.108450E-5	2.108450E-5	-5.369111E-7	5.369111E-7
-3.500000E-1	-2.025700E-5	2.025700E-5	-5.158391E-7	5.158391E-7
-3.400000E-1	-1.945970E-5	1.945970E-5	-4.955360E-7	4.955360E-7
-3.300000E-1	-1.866720E-5	1.866720E-5	-4.753552E-7	4.753552E-7
-3.200000E-1	-1.789770E-5	1.789770E-5	-4.557601E-7	4.557601E-7
-3.100000E-1	-1.713090E-5	1.713090E-5	-4.362338E-7	4.362338E-7
-3.000000E-1	-1.638970E-5	1.638970E-5	-4.173593E-7	4.173593E-7
-2.900000E-1	-1.565910E-5	1.565910E-5	-3.987548E-7	3.987548E-7
-2.800000E-1	-1.493660E-5	1.493660E-5	-3.803565E-7	3.803565E-7
-2.700000E-1	-1.424100E-5	1.424100E-5	-3.626432E-7	3.626432E-7
-2.600000E-1	-1.354990E-5	1.354990E-5	-3.450446E-7	3.450446E-7
-2.500000E-1	-1.287870E-5	1.287870E-5	-3.279526E-7	3.279526E-7
-2.400000E-1	-1.221530E-5	1.221530E-5	-3.110593E-7	3.110593E-7
-2.300000E-1	-1.157480E-5	1.157480E-5	-2.947492E-7	2.947492E-7
-2.200000E-1	-1.094430E-5	1.094430E-5	-2.786937E-7	2.786937E-7
-2.100000E-1	-1.032890E-5	1.032890E-5	-2.630227E-7	2.630227E-7
-2.000000E-1	-9.720930E-6	9.720930E-6	-2.475409E-7	2.475409E-7
-1.900000E-1	-9.135220E-6	9.135220E-6	-2.326259E-7	2.326259E-7
-1.800000E-1	-8.556890E-6	8.556890E-6	-2.178989E-7	2.178989E-7
-1.700000E-1	-7.996510E-6	7.996510E-6	-2.036290E-7	2.036290E-7
-1.600000E-1	-7.443060E-6	7.443060E-6	-1.895355E-7	1.895355E-7
-1.500000E-1	-6.903160E-6	6.903160E-6	-1.757871E-7	1.757871E-7
-1.400000E-1	-6.377890E-6	6.377890E-6	-1.624113E-7	1.624113E-7
-1.300000E-1	-5.861450E-6	5.861450E-6	-1.492602E-7	1.492602E-7
-1.200000E-1	-5.361180E-6	5.361180E-6	-1.365210E-7	1.365210E-7
-1.100000E-1	-4.867080E-6	4.867080E-6	-1.239389E-7	1.239389E-7
-1.000000E-1	-4.387260E-6	4.387260E-6	-1.117204E-7	1.117204E-7
-9.000000E-2	-3.914970E-6	3.914970E-6	-9.969366E-8	9.969366E-8
-8.000000E-2	-3.454330E-6	3.454330E-6	-8.796358E-8	8.796358E-8
-7.000000E-2	-3.003370E-6	3.003370E-6	-7.648001E-8	7.648001E-8
-6.000000E-2	-2.559800E-6	2.559800E-6	-6.518462E-8	6.518462E-8
-5.000000E-2	-2.120250E-6	2.120250E-6	-5.399160E-8	5.399160E-8
-4.000000E-2	-1.690900E-6	1.690900E-6	-4.305831E-8	4.305831E-8
-3.000000E-2	-1.263920E-6	1.263920E-6	-3.218538E-8	3.218538E-8
-2.000000E-2	-8.405170E-7	8.405170E-7	-2.140354E-8	2.140354E-8
-1.000000E-2	-4.216540E-7	4.216540E-7	-1.073731E-8	1.073731E-8
0.000000E+0	-1.697810E-9	1.697810E-9	-4.323428E-11	4.323428E-11
1.000000E-2	4.137520E-7	4.137520E-7	1.053608E-8	1.053608E-8
2.000000E-2	8.361310E-7	8.361310E-7	2.129185E-8	2.129185E-8
3.000000E-2	1.255780E-6	1.255780E-6	3.197810E-8	3.197810E-8
4.000000E-2	1.683590E-6	1.683590E-6	4.287217E-8	4.287217E-8
5.000000E-2	2.112690E-6	2.112690E-6	5.379908E-8	5.379908E-8
6.000000E-2	2.550900E-6	2.550900E-6	6.495798E-8	6.495798E-8
7.000000E-2	2.996550E-6	2.996550E-6	7.630634E-8	7.630634E-8
8.000000E-2	3.447110E-6	3.447110E-6	8.777973E-8	8.777973E-8
9.000000E-2	3.909630E-6	3.909630E-6	9.955768E-8	9.955768E-8
1.000000E-1	4.376440E-6	4.376440E-6	1.114449E-7	1.114449E-7
1.100000E-1	4.859110E-6	4.859110E-6	1.237359E-7	1.237359E-7
1.200000E-1	5.349490E-6	5.349490E-6	1.362233E-7	1.362233E-7
1.300000E-1	5.852210E-6	5.852210E-6	1.490250E-7	1.490250E-7
1.400000E-1	6.364490E-6	6.364490E-6	1.620700E-7	1.620700E-7
1.500000E-1	6.893880E-6	6.893880E-6	1.755508E-7	1.755508E-7
1.600000E-1	7.429270E-6	7.429270E-6	1.891844E-7	1.891844E-7
1.700000E-1	7.981270E-6	7.981270E-6	2.032409E-7	2.032409E-7
1.800000E-1	8.544240E-6	8.544240E-6	2.175768E-7	2.175768E-7
1.900000E-1	9.119680E-6	9.119680E-6	2.322302E-7	2.322302E-7
2.000000E-1	9.708640E-6	9.708640E-6	2.472279E-7	2.472279E-7
2.100000E-1	1.030646E-5	1.030646E-5	2.624512E-7	2.624512E-7
2.200000E-1	1.092667E-5	1.092667E-5	2.782447E-7	2.782447E-7
2.300000E-1	1.155460E-5	1.155460E-5	2.942348E-7	2.942348E-7
2.400000E-1	1.219850E-5	1.219850E-5	3.106315E-7	3.106315E-7
2.500000E-1	1.285500E-5	1.285500E-5	3.273491E-7	3.273491E-7
2.600000E-1	1.353130E-5	1.353130E-5	3.445709E-7	3.445709E-7
2.700000E-1	1.421390E-5	1.421390E-5	3.619531E-7	3.619531E-7
2.800000E-1	1.491870E-5	1.491870E-5	3.799007E-7	3.799007E-7
2.900000E-1	1.563570E-5	1.563570E-5	3.981589E-7	3.981589E-7
3.000000E-1	1.636300E-5	1.636300E-5	4.166794E-7	4.166794E-7
3.100000E-1	1.711180E-5	1.711180E-5	4.357474E-7	4.357474E-7
3.200000E-1	1.786340E-5	1.786340E-5	4.548867E-7	4.548867E-7
3.300000E-1	1.864350E-5	1.864350E-5	4.747517E-7	4.747517E-7
3.400000E-1	1.942820E-5	1.942820E-5	4.947339E-7	4.947339E-7
3.500000E-1	2.023390E-5	2.023390E-5	5.152508E-7	5.152508E-7
3.600000E-1	2.105580E-5	2.105580E-5	5.361803E-7	5.361803E-7
3.700000E-1	2.188960E-5	2.188960E-5	5.574128E-7	5.574128E-7
3.800000E-1	2.274210E-5	2.274210E-5	5.791215E-7	5.791215E-7
3.900000E-1	2.360130E-5	2.360130E-5	6.010008E-7	6.010008E-7
4.000000E-1	2.447990E-5	2.447990E-5	6.233741E-7	6.233741E-7
4.100000E-1	2.537320E-5	2.537320E-5	6.461217E-7	6.461217E-7
4.200000E-1	2.629830E-5	2.629830E-5	6.696791E-7	6.696791E-7
4.300000E-1	2.722260E-5	2.722260E-5	6.932162E-7	6.932162E-7
4.400000E-1	2.817020E-5	2.817020E-5	7.173466E-7	7.173466E-7
4.500000E-1	2.913240E-5	2.913240E-5	7.418487E-7	7.418487E-7
4.600000E-1	3.012270E-5	3.012270E-5	7.670665E-7	7.670665E-7
4.700000E-1	3.111080E-5	3.111080E-5	7.922282E-7	7.922282E-7
4.800000E-1	3.212940E-5	3.212940E-5	8.181665E-7	8.181665E-7
4.900000E-1	3.316220E-5	3.316220E-5	8.444665E-7	8.444665E-7
5.000000E-1	3.420200E-5	3.420200E-5	8.709447E-7	8.709447E-7
