

15:09:29	01/03/21


Ell Cont: 5,0x10,0

SMU1	V name:		V1
	I name:		I1
	Mode:		V
	Function:	VAR1
SMU2	V name:		V2
	I name:		I2
	Mode:		common
	Function:	const.
SMU3	off
SMU4	off
VMUs	off

Primary Source (VAR1):	single
	Sweep Spacing:	linear
	Start:		-0.500000
	Stop:		0.500000
	Step:		0.010000
	Compliance:	0.050000
Power Compliance OFF

Timing:		Integration Time:	medium
	Delay Time (sec):	0.000000
	Hold Time (sec):	0.000000
	Wait Time (sec):	1.000000

Secondary Source (VAR2):	OFF


   V1	   I1	Abs(I)	J (A\µm²)	Abs(J)
-5.000000E-1	-4.251180E-4	4.251180E-4	-1.082552E-5	1.082552E-5
-4.900000E-1	-4.157550E-4	4.157550E-4	-1.058709E-5	1.058709E-5
-4.800000E-1	-4.172540E-4	4.172540E-4	-1.062526E-5	1.062526E-5
-4.700000E-1	-3.741200E-4	3.741200E-4	-9.526865E-6	9.526865E-6
-4.600000E-1	-3.576340E-4	3.576340E-4	-9.107054E-6	9.107054E-6
-4.500000E-1	-3.402510E-4	3.402510E-4	-8.664400E-6	8.664400E-6
-4.400000E-1	-3.137560E-4	3.137560E-4	-7.989712E-6	7.989712E-6
-4.300000E-1	-3.239130E-4	3.239130E-4	-8.248357E-6	8.248357E-6
-4.200000E-1	-3.068600E-4	3.068600E-4	-7.814107E-6	7.814107E-6
-4.100000E-1	-2.693320E-4	2.693320E-4	-6.858467E-6	6.858467E-6
-4.000000E-1	-2.724130E-4	2.724130E-4	-6.936924E-6	6.936924E-6
-3.900000E-1	-2.856750E-4	2.856750E-4	-7.274637E-6	7.274637E-6
-3.800000E-1	-2.778220E-4	2.778220E-4	-7.074663E-6	7.074663E-6
-3.700000E-1	-2.609930E-4	2.609930E-4	-6.646117E-6	6.646117E-6
-3.600000E-1	-2.353060E-4	2.353060E-4	-5.992004E-6	5.992004E-6
-3.500000E-1	-2.300780E-4	2.300780E-4	-5.858874E-6	5.858874E-6
-3.400000E-1	-2.195680E-4	2.195680E-4	-5.591240E-6	5.591240E-6
-3.300000E-1	-2.121380E-4	2.121380E-4	-5.402037E-6	5.402037E-6
-3.200000E-1	-2.194940E-4	2.194940E-4	-5.589356E-6	5.589356E-6
-3.100000E-1	-2.053650E-4	2.053650E-4	-5.229564E-6	5.229564E-6
-3.000000E-1	-1.756790E-4	1.756790E-4	-4.473618E-6	4.473618E-6
-2.900000E-1	-1.738080E-4	1.738080E-4	-4.425974E-6	4.425974E-6
-2.800000E-1	-1.620530E-4	1.620530E-4	-4.126636E-6	4.126636E-6
-2.700000E-1	-1.570940E-4	1.570940E-4	-4.000356E-6	4.000356E-6
-2.600000E-1	-1.464550E-4	1.464550E-4	-3.729437E-6	3.729437E-6
-2.500000E-1	-1.428300E-4	1.428300E-4	-3.637128E-6	3.637128E-6
-2.400000E-1	-1.354300E-4	1.354300E-4	-3.448689E-6	3.448689E-6
-2.300000E-1	-1.334010E-4	1.334010E-4	-3.397021E-6	3.397021E-6
-2.200000E-1	-1.260390E-4	1.260390E-4	-3.209549E-6	3.209549E-6
-2.100000E-1	-1.277310E-4	1.277310E-4	-3.252636E-6	3.252636E-6
-2.000000E-1	-1.262720E-4	1.262720E-4	-3.215483E-6	3.215483E-6
-1.900000E-1	-1.161570E-4	1.161570E-4	-2.957907E-6	2.957907E-6
-1.800000E-1	-1.121830E-4	1.121830E-4	-2.856710E-6	2.856710E-6
-1.700000E-1	-9.899780E-5	9.899780E-5	-2.520952E-6	2.520952E-6
-1.600000E-1	-9.625880E-5	9.625880E-5	-2.451204E-6	2.451204E-6
-1.500000E-1	-9.124070E-5	9.124070E-5	-2.323420E-6	2.323420E-6
-1.400000E-1	-8.253960E-5	8.253960E-5	-2.101849E-6	2.101849E-6
-1.300000E-1	-7.633770E-5	7.633770E-5	-1.943919E-6	1.943919E-6
-1.200000E-1	-7.052930E-5	7.052930E-5	-1.796010E-6	1.796010E-6
-1.100000E-1	-5.938110E-5	5.938110E-5	-1.512124E-6	1.512124E-6
-1.000000E-1	-5.968760E-5	5.968760E-5	-1.519929E-6	1.519929E-6
-9.000000E-2	-5.691310E-5	5.691310E-5	-1.449277E-6	1.449277E-6
-8.000000E-2	-4.978990E-5	4.978990E-5	-1.267886E-6	1.267886E-6
-7.000000E-2	-4.346380E-5	4.346380E-5	-1.106794E-6	1.106794E-6
-6.000000E-2	-4.100930E-5	4.100930E-5	-1.044291E-6	1.044291E-6
-5.000000E-2	-3.269700E-5	3.269700E-5	-8.326203E-7	8.326203E-7
-4.000000E-2	-2.555770E-5	2.555770E-5	-6.508200E-7	6.508200E-7
-3.000000E-2	-1.966620E-5	1.966620E-5	-5.007945E-7	5.007945E-7
-2.000000E-2	-1.359740E-5	1.359740E-5	-3.462541E-7	3.462541E-7
-1.000000E-2	-7.713750E-6	7.713750E-6	-1.964286E-7	1.964286E-7
0.000000E+0	-4.872990E-8	4.872990E-8	-1.240894E-9	1.240894E-9
1.000000E-2	6.702420E-6	6.702420E-6	1.706753E-7	1.706753E-7
2.000000E-2	1.412980E-5	1.412980E-5	3.598116E-7	3.598116E-7
3.000000E-2	2.185680E-5	2.185680E-5	5.565775E-7	5.565775E-7
4.000000E-2	2.814840E-5	2.814840E-5	7.167914E-7	7.167914E-7
5.000000E-2	3.335830E-5	3.335830E-5	8.494601E-7	8.494601E-7
6.000000E-2	4.028120E-5	4.028120E-5	1.025750E-6	1.025750E-6
7.000000E-2	4.654930E-5	4.654930E-5	1.185365E-6	1.185365E-6
8.000000E-2	5.293410E-5	5.293410E-5	1.347953E-6	1.347953E-6
9.000000E-2	6.004770E-5	6.004770E-5	1.529099E-6	1.529099E-6
1.000000E-1	6.525370E-5	6.525370E-5	1.661668E-6	1.661668E-6
1.100000E-1	6.957060E-5	6.957060E-5	1.771597E-6	1.771597E-6
1.200000E-1	7.299020E-5	7.299020E-5	1.858676E-6	1.858676E-6
1.300000E-1	7.043530E-5	7.043530E-5	1.793616E-6	1.793616E-6
1.400000E-1	7.930610E-5	7.930610E-5	2.019509E-6	2.019509E-6
1.500000E-1	8.350830E-5	8.350830E-5	2.126516E-6	2.126516E-6
1.600000E-1	8.596740E-5	8.596740E-5	2.189137E-6	2.189137E-6
1.700000E-1	7.951340E-5	7.951340E-5	2.024787E-6	2.024787E-6
1.800000E-1	7.621170E-5	7.621170E-5	1.940710E-6	1.940710E-6
1.900000E-1	7.748280E-5	7.748280E-5	1.973079E-6	1.973079E-6
2.000000E-1	7.178100E-5	7.178100E-5	1.827884E-6	1.827884E-6
2.100000E-1	6.689720E-5	6.689720E-5	1.703519E-6	1.703519E-6
2.200000E-1	6.373890E-5	6.373890E-5	1.623094E-6	1.623094E-6
2.300000E-1	5.617200E-5	5.617200E-5	1.430405E-6	1.430405E-6
2.400000E-1	5.946270E-5	5.946270E-5	1.514202E-6	1.514202E-6
2.500000E-1	5.364650E-5	5.364650E-5	1.366094E-6	1.366094E-6
2.600000E-1	6.826110E-5	6.826110E-5	1.738251E-6	1.738251E-6
2.700000E-1	6.712620E-5	6.712620E-5	1.709351E-6	1.709351E-6
2.800000E-1	6.203860E-5	6.203860E-5	1.579796E-6	1.579796E-6
2.900000E-1	7.179000E-5	7.179000E-5	1.828113E-6	1.828113E-6
3.000000E-1	7.197400E-5	7.197400E-5	1.832799E-6	1.832799E-6
3.100000E-1	7.039130E-5	7.039130E-5	1.792496E-6	1.792496E-6
3.200000E-1	7.626340E-5	7.626340E-5	1.942027E-6	1.942027E-6
3.300000E-1	8.124730E-5	8.124730E-5	2.068941E-6	2.068941E-6
3.400000E-1	7.663570E-5	7.663570E-5	1.951507E-6	1.951507E-6
3.500000E-1	9.040570E-5	9.040570E-5	2.302157E-6	2.302157E-6
3.600000E-1	9.324960E-5	9.324960E-5	2.374576E-6	2.374576E-6
3.700000E-1	1.051067E-4	1.051067E-4	2.676514E-6	2.676514E-6
3.800000E-1	1.019349E-4	1.019349E-4	2.595745E-6	2.595745E-6
3.900000E-1	1.099113E-4	1.099113E-4	2.798862E-6	2.798862E-6
4.000000E-1	1.098610E-4	1.098610E-4	2.797581E-6	2.797581E-6
4.100000E-1	1.189210E-4	1.189210E-4	3.028291E-6	3.028291E-6
4.200000E-1	1.154270E-4	1.154270E-4	2.939318E-6	2.939318E-6
4.300000E-1	1.102230E-4	1.102230E-4	2.806799E-6	2.806799E-6
4.400000E-1	1.130011E-4	1.130011E-4	2.877543E-6	2.877543E-6
4.500000E-1	1.181120E-4	1.181120E-4	3.007690E-6	3.007690E-6
4.600000E-1	1.230020E-4	1.230020E-4	3.132213E-6	3.132213E-6
4.700000E-1	1.189070E-4	1.189070E-4	3.027935E-6	3.027935E-6
4.800000E-1	1.193460E-4	1.193460E-4	3.039114E-6	3.039114E-6
4.900000E-1	1.272260E-4	1.272260E-4	3.239776E-6	3.239776E-6
5.000000E-1	1.238100E-4	1.238100E-4	3.152788E-6	3.152788E-6
