

15:10:07	01/03/21


Ell Cont: 5,0x10,0

SMU1	V name:		V1
	I name:		I1
	Mode:		V
	Function:	VAR1
SMU2	V name:		V2
	I name:		I2
	Mode:		common
	Function:	const.
SMU3	off
SMU4	off
VMUs	off

Primary Source (VAR1):	single
	Sweep Spacing:	linear
	Start:		-0.500000
	Stop:		0.500000
	Step:		0.010000
	Compliance:	0.050000
Power Compliance OFF

Timing:		Integration Time:	medium
	Delay Time (sec):	0.000000
	Hold Time (sec):	0.000000
	Wait Time (sec):	1.000000

Secondary Source (VAR2):	OFF


   V1	   I1	Abs(I)	J (A\µm²)	Abs(J)
-5.000000E-1	-5.169040E-4	5.169040E-4	-1.316282E-5	1.316282E-5
-4.900000E-1	-5.106810E-4	5.106810E-4	-1.300435E-5	1.300435E-5
-4.800000E-1	-5.028740E-4	5.028740E-4	-1.280555E-5	1.280555E-5
-4.700000E-1	-4.879620E-4	4.879620E-4	-1.242582E-5	1.242582E-5
-4.600000E-1	-4.805610E-4	4.805610E-4	-1.223736E-5	1.223736E-5
-4.500000E-1	-4.666860E-4	4.666860E-4	-1.188403E-5	1.188403E-5
-4.400000E-1	-4.643760E-4	4.643760E-4	-1.182521E-5	1.182521E-5
-4.300000E-1	-4.582290E-4	4.582290E-4	-1.166868E-5	1.166868E-5
-4.200000E-1	-4.486990E-4	4.486990E-4	-1.142600E-5	1.142600E-5
-4.100000E-1	-4.450390E-4	4.450390E-4	-1.133280E-5	1.133280E-5
-4.000000E-1	-4.323930E-4	4.323930E-4	-1.101077E-5	1.101077E-5
-3.900000E-1	-4.238930E-4	4.238930E-4	-1.079432E-5	1.079432E-5
-3.800000E-1	-4.220650E-4	4.220650E-4	-1.074777E-5	1.074777E-5
-3.700000E-1	-4.166030E-4	4.166030E-4	-1.060868E-5	1.060868E-5
-3.600000E-1	-4.094420E-4	4.094420E-4	-1.042633E-5	1.042633E-5
-3.500000E-1	-3.972490E-4	3.972490E-4	-1.011584E-5	1.011584E-5
-3.400000E-1	-3.880050E-4	3.880050E-4	-9.880443E-6	9.880443E-6
-3.300000E-1	-3.756250E-4	3.756250E-4	-9.565190E-6	9.565190E-6
-3.200000E-1	-3.643200E-4	3.643200E-4	-9.277311E-6	9.277311E-6
-3.100000E-1	-3.484720E-4	3.484720E-4	-8.873746E-6	8.873746E-6
-3.000000E-1	-3.366290E-4	3.366290E-4	-8.572167E-6	8.572167E-6
-2.900000E-1	-3.280070E-4	3.280070E-4	-8.352610E-6	8.352610E-6
-2.800000E-1	-3.143940E-4	3.143940E-4	-8.005959E-6	8.005959E-6
-2.700000E-1	-2.966900E-4	2.966900E-4	-7.555131E-6	7.555131E-6
-2.600000E-1	-2.808790E-4	2.808790E-4	-7.152508E-6	7.152508E-6
-2.500000E-1	-2.682500E-4	2.682500E-4	-6.830914E-6	6.830914E-6
-2.400000E-1	-2.531120E-4	2.531120E-4	-6.445429E-6	6.445429E-6
-2.300000E-1	-2.434350E-4	2.434350E-4	-6.199007E-6	6.199007E-6
-2.200000E-1	-2.298300E-4	2.298300E-4	-5.852559E-6	5.852559E-6
-2.100000E-1	-2.216780E-4	2.216780E-4	-5.644971E-6	5.644971E-6
-2.000000E-1	-2.128860E-4	2.128860E-4	-5.421085E-6	5.421085E-6
-1.900000E-1	-2.033130E-4	2.033130E-4	-5.177311E-6	5.177311E-6
-1.800000E-1	-1.923360E-4	1.923360E-4	-4.897785E-6	4.897785E-6
-1.700000E-1	-1.833170E-4	1.833170E-4	-4.668118E-6	4.668118E-6
-1.600000E-1	-1.733230E-4	1.733230E-4	-4.413624E-6	4.413624E-6
-1.500000E-1	-1.669930E-4	1.669930E-4	-4.252432E-6	4.252432E-6
-1.400000E-1	-1.559930E-4	1.559930E-4	-3.972320E-6	3.972320E-6
-1.300000E-1	-1.477740E-4	1.477740E-4	-3.763025E-6	3.763025E-6
-1.200000E-1	-1.369570E-4	1.369570E-4	-3.487573E-6	3.487573E-6
-1.100000E-1	-1.279990E-4	1.279990E-4	-3.259460E-6	3.259460E-6
-1.000000E-1	-1.165060E-4	1.165060E-4	-2.966794E-6	2.966794E-6
-9.000000E-2	-1.055070E-4	1.055070E-4	-2.686707E-6	2.686707E-6
-8.000000E-2	-9.404760E-5	9.404760E-5	-2.394897E-6	2.394897E-6
-7.000000E-2	-8.208700E-5	8.208700E-5	-2.090323E-6	2.090323E-6
-6.000000E-2	-6.960610E-5	6.960610E-5	-1.772501E-6	1.772501E-6
-5.000000E-2	-5.668020E-5	5.668020E-5	-1.443346E-6	1.443346E-6
-4.000000E-2	-4.640130E-5	4.640130E-5	-1.181597E-6	1.181597E-6
-3.000000E-2	-3.469840E-5	3.469840E-5	-8.835854E-7	8.835854E-7
-2.000000E-2	-2.276680E-5	2.276680E-5	-5.797504E-7	5.797504E-7
-1.000000E-2	-1.155450E-5	1.155450E-5	-2.942322E-7	2.942322E-7
0.000000E+0	-7.911050E-8	7.911050E-8	-2.014528E-9	2.014528E-9
1.000000E-2	1.101960E-5	1.101960E-5	2.806112E-7	2.806112E-7
2.000000E-2	2.217040E-5	2.217040E-5	5.645633E-7	5.645633E-7
3.000000E-2	3.297570E-5	3.297570E-5	8.397173E-7	8.397173E-7
4.000000E-2	4.408300E-5	4.408300E-5	1.122562E-6	1.122562E-6
5.000000E-2	5.545220E-5	5.545220E-5	1.412075E-6	1.412075E-6
6.000000E-2	6.539480E-5	6.539480E-5	1.665261E-6	1.665261E-6
7.000000E-2	7.436890E-5	7.436890E-5	1.893784E-6	1.893784E-6
8.000000E-2	8.664340E-5	8.664340E-5	2.206351E-6	2.206351E-6
9.000000E-2	9.672200E-5	9.672200E-5	2.463000E-6	2.463000E-6
1.000000E-1	1.073360E-4	1.073360E-4	2.733282E-6	2.733282E-6
1.100000E-1	1.145960E-4	1.145960E-4	2.918156E-6	2.918156E-6
1.200000E-1	1.212350E-4	1.212350E-4	3.087217E-6	3.087217E-6
1.300000E-1	1.323730E-4	1.323730E-4	3.370843E-6	3.370843E-6
1.400000E-1	1.423030E-4	1.423030E-4	3.623708E-6	3.623708E-6
1.500000E-1	1.527310E-4	1.527310E-4	3.889254E-6	3.889254E-6
1.600000E-1	1.614980E-4	1.614980E-4	4.112503E-6	4.112503E-6
1.700000E-1	1.709450E-4	1.709450E-4	4.353068E-6	4.353068E-6
1.800000E-1	1.724900E-4	1.724900E-4	4.392411E-6	4.392411E-6
1.900000E-1	1.752310E-4	1.752310E-4	4.462210E-6	4.462210E-6
2.000000E-1	1.808110E-4	1.808110E-4	4.604303E-6	4.604303E-6
2.100000E-1	1.908700E-4	1.908700E-4	4.860453E-6	4.860453E-6
2.200000E-1	2.070560E-4	2.070560E-4	5.272625E-6	5.272625E-6
2.300000E-1	1.979570E-4	1.979570E-4	5.040922E-6	5.040922E-6
2.400000E-1	2.042990E-4	2.042990E-4	5.202419E-6	5.202419E-6
2.500000E-1	2.092250E-4	2.092250E-4	5.327858E-6	5.327858E-6
2.600000E-1	2.141100E-4	2.141100E-4	5.452254E-6	5.452254E-6
2.700000E-1	2.168200E-4	2.168200E-4	5.521263E-6	5.521263E-6
2.800000E-1	2.299170E-4	2.299170E-4	5.854775E-6	5.854775E-6
2.900000E-1	2.422300E-4	2.422300E-4	6.168322E-6	6.168322E-6
3.000000E-1	2.489730E-4	2.489730E-4	6.340030E-6	6.340030E-6
3.100000E-1	2.597620E-4	2.597620E-4	6.614769E-6	6.614769E-6
3.200000E-1	2.561940E-4	2.561940E-4	6.523911E-6	6.523911E-6
3.300000E-1	2.590740E-4	2.590740E-4	6.597250E-6	6.597250E-6
3.400000E-1	2.721580E-4	2.721580E-4	6.930430E-6	6.930430E-6
3.500000E-1	2.808690E-4	2.808690E-4	7.152254E-6	7.152254E-6
3.600000E-1	2.925140E-4	2.925140E-4	7.448790E-6	7.448790E-6
3.700000E-1	2.949040E-4	2.949040E-4	7.509651E-6	7.509651E-6
3.800000E-1	3.028230E-4	3.028230E-4	7.711306E-6	7.711306E-6
3.900000E-1	3.167950E-4	3.167950E-4	8.067099E-6	8.067099E-6
4.000000E-1	3.098950E-4	3.098950E-4	7.891393E-6	7.891393E-6
4.100000E-1	3.080810E-4	3.080810E-4	7.845200E-6	7.845200E-6
4.200000E-1	3.028280E-4	3.028280E-4	7.711434E-6	7.711434E-6
4.300000E-1	3.180910E-4	3.180910E-4	8.100102E-6	8.100102E-6
4.400000E-1	3.135730E-4	3.135730E-4	7.985052E-6	7.985052E-6
4.500000E-1	3.101700E-4	3.101700E-4	7.898396E-6	7.898396E-6
4.600000E-1	3.043630E-4	3.043630E-4	7.750522E-6	7.750522E-6
4.700000E-1	3.131080E-4	3.131080E-4	7.973211E-6	7.973211E-6
4.800000E-1	3.136890E-4	3.136890E-4	7.988006E-6	7.988006E-6
4.900000E-1	3.070820E-4	3.070820E-4	7.819761E-6	7.819761E-6
5.000000E-1	3.152650E-4	3.152650E-4	8.028138E-6	8.028138E-6
