

15:28:56	01/03/21


Ell Cont: 5,0x10,0

SMU1	V name:		V1
	I name:		I1
	Mode:		V
	Function:	VAR1
SMU2	V name:		V2
	I name:		I2
	Mode:		common
	Function:	const.
SMU3	off
SMU4	off
VMUs	off

Primary Source (VAR1):	single
	Sweep Spacing:	linear
	Start:		-0.500000
	Stop:		0.500000
	Step:		0.010000
	Compliance:	0.050000
Power Compliance OFF

Timing:		Integration Time:	medium
	Delay Time (sec):	0.000000
	Hold Time (sec):	0.000000
	Wait Time (sec):	1.000000

Secondary Source (VAR2):	OFF


   V1	   I1	Abs(I)	J (A\um²)	Abs(J)
-5.000000E-1	-8.050720E-5	8.050720E-5	-2.050094E-6	2.050094E-6
-4.900000E-1	-7.808530E-5	7.808530E-5	-1.988421E-6	1.988421E-6
-4.800000E-1	-7.566460E-5	7.566460E-5	-1.926779E-6	1.926779E-6
-4.700000E-1	-7.329440E-5	7.329440E-5	-1.866422E-6	1.866422E-6
-4.600000E-1	-7.096210E-5	7.096210E-5	-1.807031E-6	1.807031E-6
-4.500000E-1	-6.868880E-5	6.868880E-5	-1.749142E-6	1.749142E-6
-4.400000E-1	-6.646510E-5	6.646510E-5	-1.692516E-6	1.692516E-6
-4.300000E-1	-6.420230E-5	6.420230E-5	-1.634894E-6	1.634894E-6
-4.200000E-1	-6.203180E-5	6.203180E-5	-1.579623E-6	1.579623E-6
-4.100000E-1	-5.988690E-5	5.988690E-5	-1.525004E-6	1.525004E-6
-4.000000E-1	-5.779310E-5	5.779310E-5	-1.471686E-6	1.471686E-6
-3.900000E-1	-5.572620E-5	5.572620E-5	-1.419053E-6	1.419053E-6
-3.800000E-1	-5.369380E-5	5.369380E-5	-1.367298E-6	1.367298E-6
-3.700000E-1	-5.169420E-5	5.169420E-5	-1.316379E-6	1.316379E-6
-3.600000E-1	-4.973580E-5	4.973580E-5	-1.266509E-6	1.266509E-6
-3.500000E-1	-4.780510E-5	4.780510E-5	-1.217344E-6	1.217344E-6
-3.400000E-1	-4.591930E-5	4.591930E-5	-1.169323E-6	1.169323E-6
-3.300000E-1	-4.405350E-5	4.405350E-5	-1.121811E-6	1.121811E-6
-3.200000E-1	-4.224080E-5	4.224080E-5	-1.075651E-6	1.075651E-6
-3.100000E-1	-4.044740E-5	4.044740E-5	-1.029982E-6	1.029982E-6
-3.000000E-1	-3.870290E-5	3.870290E-5	-9.855589E-7	9.855589E-7
-2.900000E-1	-3.697450E-5	3.697450E-5	-9.415457E-7	9.415457E-7
-2.800000E-1	-3.528260E-5	3.528260E-5	-8.984619E-7	8.984619E-7
-2.700000E-1	-3.363640E-5	3.363640E-5	-8.565419E-7	8.565419E-7
-2.600000E-1	-3.201140E-5	3.201140E-5	-8.151617E-7	8.151617E-7
-2.500000E-1	-3.042850E-5	3.042850E-5	-7.748536E-7	7.748536E-7
-2.400000E-1	-2.886750E-5	2.886750E-5	-7.351031E-7	7.351031E-7
-2.300000E-1	-2.735490E-5	2.735490E-5	-6.965852E-7	6.965852E-7
-2.200000E-1	-2.587170E-5	2.587170E-5	-6.588159E-7	6.588159E-7
-2.100000E-1	-2.441190E-5	2.441190E-5	-6.216425E-7	6.216425E-7
-2.000000E-1	-2.298330E-5	2.298330E-5	-5.852636E-7	5.852636E-7
-1.900000E-1	-2.159860E-5	2.159860E-5	-5.500025E-7	5.500025E-7
-1.800000E-1	-2.023240E-5	2.023240E-5	-5.152126E-7	5.152126E-7
-1.700000E-1	-1.890190E-5	1.890190E-5	-4.813318E-7	4.813318E-7
-1.600000E-1	-1.760010E-5	1.760010E-5	-4.481818E-7	4.481818E-7
-1.500000E-1	-1.632260E-5	1.632260E-5	-4.156506E-7	4.156506E-7
-1.400000E-1	-1.508570E-5	1.508570E-5	-3.841533E-7	3.841533E-7
-1.300000E-1	-1.386730E-5	1.386730E-5	-3.531271E-7	3.531271E-7
-1.200000E-1	-1.268250E-5	1.268250E-5	-3.229565E-7	3.229565E-7
-1.100000E-1	-1.151780E-5	1.151780E-5	-2.932977E-7	2.932977E-7
-1.000000E-1	-1.038760E-5	1.038760E-5	-2.645174E-7	2.645174E-7
-9.000000E-2	-9.269000E-6	9.269000E-6	-2.360326E-7	2.360326E-7
-8.000000E-2	-8.183510E-6	8.183510E-6	-2.083909E-7	2.083909E-7
-7.000000E-2	-7.109570E-6	7.109570E-6	-1.810433E-7	1.810433E-7
-6.000000E-2	-6.063690E-6	6.063690E-6	-1.544102E-7	1.544102E-7
-5.000000E-2	-5.025550E-6	5.025550E-6	-1.279743E-7	1.279743E-7
-4.000000E-2	-4.007570E-6	4.007570E-6	-1.020517E-7	1.020517E-7
-3.000000E-2	-2.995130E-6	2.995130E-6	-7.627018E-8	7.627018E-8
-2.000000E-2	-1.992090E-6	1.992090E-6	-5.072804E-8	5.072804E-8
-1.000000E-2	-1.001392E-6	1.001392E-6	-2.550018E-8	2.550018E-8
0.000000E+0	-2.473300E-9	2.473300E-9	-6.298192E-11	6.298192E-11
1.000000E-2	9.798950E-7	9.798950E-7	2.495276E-8	2.495276E-8
2.000000E-2	1.978220E-6	1.978220E-6	5.037484E-8	5.037484E-8
3.000000E-2	2.974290E-6	2.974290E-6	7.573949E-8	7.573949E-8
4.000000E-2	3.985750E-6	3.985750E-6	1.014961E-7	1.014961E-7
5.000000E-2	5.001700E-6	5.001700E-6	1.273669E-7	1.273669E-7
6.000000E-2	6.041410E-6	6.041410E-6	1.538429E-7	1.538429E-7
7.000000E-2	7.097020E-6	7.097020E-6	1.807237E-7	1.807237E-7
8.000000E-2	8.161420E-6	8.161420E-6	2.078284E-7	2.078284E-7
9.000000E-2	9.257840E-6	9.257840E-6	2.357484E-7	2.357484E-7
1.000000E-1	1.036626E-5	1.036626E-5	2.639740E-7	2.639740E-7
1.100000E-1	1.150180E-5	1.150180E-5	2.928902E-7	2.928902E-7
1.200000E-1	1.265660E-5	1.265660E-5	3.222969E-7	3.222969E-7
1.300000E-1	1.384990E-5	1.384990E-5	3.526840E-7	3.526840E-7
1.400000E-1	1.505770E-5	1.505770E-5	3.834403E-7	3.834403E-7
1.500000E-1	1.630780E-5	1.630780E-5	4.152737E-7	4.152737E-7
1.600000E-1	1.757290E-5	1.757290E-5	4.474892E-7	4.474892E-7
1.700000E-1	1.887670E-5	1.887670E-5	4.806901E-7	4.806901E-7
1.800000E-1	2.020530E-5	2.020530E-5	5.145225E-7	5.145225E-7
1.900000E-1	2.156050E-5	2.156050E-5	5.490323E-7	5.490323E-7
2.000000E-1	2.295630E-5	2.295630E-5	5.845760E-7	5.845760E-7
2.100000E-1	2.437640E-5	2.437640E-5	6.207385E-7	6.207385E-7
2.200000E-1	2.583830E-5	2.583830E-5	6.579654E-7	6.579654E-7
2.300000E-1	2.731590E-5	2.731590E-5	6.955920E-7	6.955920E-7
2.400000E-1	2.884080E-5	2.884080E-5	7.344232E-7	7.344232E-7
2.500000E-1	3.038520E-5	3.038520E-5	7.737509E-7	7.737509E-7
2.600000E-1	3.197100E-5	3.197100E-5	8.141329E-7	8.141329E-7
2.700000E-1	3.358200E-5	3.358200E-5	8.551566E-7	8.551566E-7
2.800000E-1	3.523090E-5	3.523090E-5	8.971454E-7	8.971454E-7
2.900000E-1	3.692010E-5	3.692010E-5	9.401604E-7	9.401604E-7
3.000000E-1	3.863610E-5	3.863610E-5	9.838579E-7	9.838579E-7
3.100000E-1	4.039680E-5	4.039680E-5	1.028694E-6	1.028694E-6
3.200000E-1	4.216610E-5	4.216610E-5	1.073748E-6	1.073748E-6
3.300000E-1	4.400330E-5	4.400330E-5	1.120532E-6	1.120532E-6
3.400000E-1	4.584990E-5	4.584990E-5	1.167555E-6	1.167555E-6
3.500000E-1	4.774030E-5	4.774030E-5	1.215694E-6	1.215694E-6
3.600000E-1	4.965190E-5	4.965190E-5	1.264372E-6	1.264372E-6
3.700000E-1	5.162190E-5	5.162190E-5	1.314538E-6	1.314538E-6
3.800000E-1	5.361940E-5	5.361940E-5	1.365404E-6	1.365404E-6
3.900000E-1	5.564440E-5	5.564440E-5	1.416970E-6	1.416970E-6
4.000000E-1	5.770820E-5	5.770820E-5	1.469524E-6	1.469524E-6
4.100000E-1	5.981160E-5	5.981160E-5	1.523086E-6	1.523086E-6
4.200000E-1	6.194880E-5	6.194880E-5	1.577510E-6	1.577510E-6
4.300000E-1	6.412020E-5	6.412020E-5	1.632804E-6	1.632804E-6
4.400000E-1	6.633350E-5	6.633350E-5	1.689165E-6	1.689165E-6
4.500000E-1	6.858070E-5	6.858070E-5	1.746389E-6	1.746389E-6
4.600000E-1	7.086870E-5	7.086870E-5	1.804652E-6	1.804652E-6
4.700000E-1	7.318330E-5	7.318330E-5	1.863593E-6	1.863593E-6
4.800000E-1	7.554800E-5	7.554800E-5	1.923810E-6	1.923810E-6
4.900000E-1	7.795310E-5	7.795310E-5	1.985055E-6	1.985055E-6
5.000000E-1	8.036630E-5	8.036630E-5	2.046506E-6	2.046506E-6
