

15:16:09	01/03/21


Ell Cont: 5,0x10,0

SMU1	V name:		V1
	I name:		I1
	Mode:		V
	Function:	VAR1
SMU2	V name:		V2
	I name:		I2
	Mode:		common
	Function:	const.
SMU3	off
SMU4	off
VMUs	off

Primary Source (VAR1):	single
	Sweep Spacing:	linear
	Start:		-0.500000
	Stop:		0.500000
	Step:		0.010000
	Compliance:	0.050000
Power Compliance OFF

Timing:		Integration Time:	medium
	Delay Time (sec):	0.000000
	Hold Time (sec):	0.000000
	Wait Time (sec):	1.000000

Secondary Source (VAR2):	OFF


   V1	   I1	Abs(I)	J (A\um²)	Abs(J)
-5.000000E-1	-3.987030E-5	3.987030E-5	-1.015286E-6	1.015286E-6
-4.900000E-1	-3.864880E-5	3.864880E-5	-9.841813E-7	9.841813E-7
-4.800000E-1	-3.745340E-5	3.745340E-5	-9.537408E-7	9.537408E-7
-4.700000E-1	-3.628450E-5	3.628450E-5	-9.239750E-7	9.239750E-7
-4.600000E-1	-3.511290E-5	3.511290E-5	-8.941406E-7	8.941406E-7
-4.500000E-1	-3.398910E-5	3.398910E-5	-8.655233E-7	8.655233E-7
-4.400000E-1	-3.286380E-5	3.286380E-5	-8.368678E-7	8.368678E-7
-4.300000E-1	-3.177190E-5	3.177190E-5	-8.090629E-7	8.090629E-7
-4.200000E-1	-3.068650E-5	3.068650E-5	-7.814235E-7	7.814235E-7
-4.100000E-1	-2.962010E-5	2.962010E-5	-7.542679E-7	7.542679E-7
-4.000000E-1	-2.859010E-5	2.859010E-5	-7.280392E-7	7.280392E-7
-3.900000E-1	-2.755780E-5	2.755780E-5	-7.017520E-7	7.017520E-7
-3.800000E-1	-2.655380E-5	2.655380E-5	-6.761854E-7	6.761854E-7
-3.700000E-1	-2.555420E-5	2.555420E-5	-6.507308E-7	6.507308E-7
-3.600000E-1	-2.458980E-5	2.458980E-5	-6.261726E-7	6.261726E-7
-3.500000E-1	-2.362920E-5	2.362920E-5	-6.017112E-7	6.017112E-7
-3.400000E-1	-2.269650E-5	2.269650E-5	-5.779603E-7	5.779603E-7
-3.300000E-1	-2.176810E-5	2.176810E-5	-5.543188E-7	5.543188E-7
-3.200000E-1	-2.086620E-5	2.086620E-5	-5.313522E-7	5.313522E-7
-3.100000E-1	-1.997240E-5	1.997240E-5	-5.085918E-7	5.085918E-7
-3.000000E-1	-1.910940E-5	1.910940E-5	-4.866157E-7	4.866157E-7
-2.900000E-1	-1.825510E-5	1.825510E-5	-4.648612E-7	4.648612E-7
-2.800000E-1	-1.741320E-5	1.741320E-5	-4.434225E-7	4.434225E-7
-2.700000E-1	-1.659970E-5	1.659970E-5	-4.227069E-7	4.227069E-7
-2.600000E-1	-1.579340E-5	1.579340E-5	-4.021747E-7	4.021747E-7
-2.500000E-1	-1.501440E-5	1.501440E-5	-3.823377E-7	3.823377E-7
-2.400000E-1	-1.424190E-5	1.424190E-5	-3.626662E-7	3.626662E-7
-2.300000E-1	-1.349460E-5	1.349460E-5	-3.436364E-7	3.436364E-7
-2.200000E-1	-1.274910E-5	1.274910E-5	-3.246524E-7	3.246524E-7
-2.100000E-1	-1.202690E-5	1.202690E-5	-3.062618E-7	3.062618E-7
-2.000000E-1	-1.131430E-5	1.131430E-5	-2.881156E-7	2.881156E-7
-1.900000E-1	-1.063430E-5	1.063430E-5	-2.707996E-7	2.707996E-7
-1.800000E-1	-9.956680E-6	9.956680E-6	-2.535442E-7	2.535442E-7
-1.700000E-1	-9.299700E-6	9.299700E-6	-2.368144E-7	2.368144E-7
-1.600000E-1	-8.648980E-6	8.648980E-6	-2.202439E-7	2.202439E-7
-1.500000E-1	-8.014420E-6	8.014420E-6	-2.040850E-7	2.040850E-7
-1.400000E-1	-7.403660E-6	7.403660E-6	-1.885322E-7	1.885322E-7
-1.300000E-1	-6.798350E-6	6.798350E-6	-1.731182E-7	1.731182E-7
-1.200000E-1	-6.213880E-6	6.213880E-6	-1.582348E-7	1.582348E-7
-1.100000E-1	-5.638820E-6	5.638820E-6	-1.435910E-7	1.435910E-7
-1.000000E-1	-5.081270E-6	5.081270E-6	-1.293932E-7	1.293932E-7
-9.000000E-2	-4.531130E-6	4.531130E-6	-1.153840E-7	1.153840E-7
-8.000000E-2	-3.996560E-6	3.996560E-6	-1.017713E-7	1.017713E-7
-7.000000E-2	-3.471820E-6	3.471820E-6	-8.840896E-8	8.840896E-8
-6.000000E-2	-2.958120E-6	2.958120E-6	-7.532773E-8	7.532773E-8
-5.000000E-2	-2.449370E-6	2.449370E-6	-6.237255E-8	6.237255E-8
-4.000000E-2	-1.952820E-6	1.952820E-6	-4.972804E-8	4.972804E-8
-3.000000E-2	-1.458550E-6	1.458550E-6	-3.714158E-8	3.714158E-8
-2.000000E-2	-9.700180E-7	9.700180E-7	-2.470125E-8	2.470125E-8
-1.000000E-2	-4.863630E-7	4.863630E-7	-1.238510E-8	1.238510E-8
0.000000E+0	-1.799050E-9	1.799050E-9	-4.581232E-11	4.581232E-11
1.000000E-2	4.777750E-7	4.777750E-7	1.216641E-8	1.216641E-8
2.000000E-2	9.650200E-7	9.650200E-7	2.457397E-8	2.457397E-8
3.000000E-2	1.449080E-6	1.449080E-6	3.690043E-8	3.690043E-8
4.000000E-2	1.944250E-6	1.944250E-6	4.950980E-8	4.950980E-8
5.000000E-2	2.440260E-6	2.440260E-6	6.214056E-8	6.214056E-8
6.000000E-2	2.949080E-6	2.949080E-6	7.509753E-8	7.509753E-8
7.000000E-2	3.467890E-6	3.467890E-6	8.830889E-8	8.830889E-8
8.000000E-2	3.991070E-6	3.991070E-6	1.016315E-7	1.016315E-7
9.000000E-2	4.528050E-6	4.528050E-6	1.153056E-7	1.153056E-7
1.000000E-1	5.071870E-6	5.071870E-6	1.291538E-7	1.291538E-7
1.100000E-1	5.635910E-6	5.635910E-6	1.435169E-7	1.435169E-7
1.200000E-1	6.208160E-6	6.208160E-6	1.580891E-7	1.580891E-7
1.300000E-1	6.798100E-6	6.798100E-6	1.731118E-7	1.731118E-7
1.400000E-1	7.395660E-6	7.395660E-6	1.883285E-7	1.883285E-7
1.500000E-1	8.013210E-6	8.013210E-6	2.040542E-7	2.040542E-7
1.600000E-1	8.643740E-6	8.643740E-6	2.201105E-7	2.201105E-7
1.700000E-1	9.291900E-6	9.291900E-6	2.366157E-7	2.366157E-7
1.800000E-1	9.954870E-6	9.954870E-6	2.534981E-7	2.534981E-7
1.900000E-1	1.062511E-5	1.062511E-5	2.705656E-7	2.705656E-7
2.000000E-1	1.131898E-5	1.131898E-5	2.882348E-7	2.882348E-7
2.100000E-1	1.202500E-5	1.202500E-5	3.062134E-7	3.062134E-7
2.200000E-1	1.275240E-5	1.275240E-5	3.247364E-7	3.247364E-7
2.300000E-1	1.348340E-5	1.348340E-5	3.433512E-7	3.433512E-7
2.400000E-1	1.424570E-5	1.424570E-5	3.627629E-7	3.627629E-7
2.500000E-1	1.501140E-5	1.501140E-5	3.822613E-7	3.822613E-7
2.600000E-1	1.580000E-5	1.580000E-5	4.023428E-7	4.023428E-7
2.700000E-1	1.660580E-5	1.660580E-5	4.228622E-7	4.228622E-7
2.800000E-1	1.743080E-5	1.743080E-5	4.438706E-7	4.438706E-7
2.900000E-1	1.826720E-5	1.826720E-5	4.651693E-7	4.651693E-7
3.000000E-1	1.912010E-5	1.912010E-5	4.868882E-7	4.868882E-7
3.100000E-1	1.999310E-5	1.999310E-5	5.091189E-7	5.091189E-7
3.200000E-1	2.087660E-5	2.087660E-5	5.316170E-7	5.316170E-7
3.300000E-1	2.178680E-5	2.178680E-5	5.547950E-7	5.547950E-7
3.400000E-1	2.270490E-5	2.270490E-5	5.781742E-7	5.781742E-7
3.500000E-1	2.364040E-5	2.364040E-5	6.019964E-7	6.019964E-7
3.600000E-1	2.459760E-5	2.459760E-5	6.263713E-7	6.263713E-7
3.700000E-1	2.557690E-5	2.557690E-5	6.513089E-7	6.513089E-7
3.800000E-1	2.657100E-5	2.657100E-5	6.766234E-7	6.766234E-7
3.900000E-1	2.757690E-5	2.757690E-5	7.022383E-7	7.022383E-7
4.000000E-1	2.861160E-5	2.861160E-5	7.285867E-7	7.285867E-7
4.100000E-1	2.964490E-5	2.964490E-5	7.548994E-7	7.548994E-7
4.200000E-1	3.071870E-5	3.071870E-5	7.822434E-7	7.822434E-7
4.300000E-1	3.180140E-5	3.180140E-5	8.098141E-7	8.098141E-7
4.400000E-1	3.290550E-5	3.290550E-5	8.379297E-7	8.379297E-7
4.500000E-1	3.402280E-5	3.402280E-5	8.663815E-7	8.663815E-7
4.600000E-1	3.515560E-5	3.515560E-5	8.952279E-7	8.952279E-7
4.700000E-1	3.630690E-5	3.630690E-5	9.245454E-7	9.245454E-7
4.800000E-1	3.748200E-5	3.748200E-5	9.544690E-7	9.544690E-7
4.900000E-1	3.868060E-5	3.868060E-5	9.849911E-7	9.849911E-7
5.000000E-1	3.988720E-5	3.988720E-5	1.015717E-6	1.015717E-6
