##
##
##16:59:22	09/02/21
##
##
##Ell Cont: 5,0x10,0
##
##SMU1	V name:		V1
##	I name:		I1
##	Mode:		V
##	Function:	VAR1
##SMU2	V name:		V2
##	I name:		I2
##	Mode:		common
##	Function:	const.
##SMU3	off
##SMU4	off
##VMUs	off
##
##Primary Source (VAR1):	single
##	Sweep Spacing:	linear
##	Start:		-0.500000
##	Stop:		0.500000
##	Step:		0.010000
##	Compliance:	0.050000
##Power Compliance OFF
##
##Timing:		Integration Time:	medium
##	Delay Time (sec):	0.000000
##	Hold Time (sec):	0.000000
##	Wait Time (sec):	1.000000
##
##Secondary Source (VAR2):	OFF
##
##
##   V1	   I1	Abs(I)	J (A\µm²)	Abs(J)
-5.000000E-1	-2.340000E-12	2.340000E-12	-5.958747E-14	5.958747E-14
-4.900000E-1	-2.300000E-13	2.300000E-13	-5.856888E-15	5.856888E-15
-4.800000E-1	7.500000E-13	7.500000E-13	1.909855E-14	1.909855E-14
-4.700000E-1	4.800000E-13	4.800000E-13	1.222307E-14	1.222307E-14
-4.600000E-1	4.200000E-13	4.200000E-13	1.069519E-14	1.069519E-14
-4.500000E-1	3.800000E-13	3.800000E-13	9.676598E-15	9.676598E-15
-4.400000E-1	5.200000E-13	5.200000E-13	1.324166E-14	1.324166E-14
-4.300000E-1	1.070000E-12	1.070000E-12	2.724726E-14	2.724726E-14
-4.200000E-1	6.500000E-13	6.500000E-13	1.655208E-14	1.655208E-14
-4.100000E-1	9.700000E-13	9.700000E-13	2.470079E-14	2.470079E-14
-4.000000E-1	9.300000E-13	9.300000E-13	2.368220E-14	2.368220E-14
-3.900000E-1	1.010000E-12	1.010000E-12	2.571938E-14	2.571938E-14
-3.800000E-1	1.080000E-12	1.080000E-12	2.750191E-14	2.750191E-14
-3.700000E-1	1.030000E-12	1.030000E-12	2.622867E-14	2.622867E-14
-3.600000E-1	9.800000E-13	9.800000E-13	2.495544E-14	2.495544E-14
-3.500000E-1	1.040000E-12	1.040000E-12	2.648332E-14	2.648332E-14
-3.400000E-1	8.100000E-13	8.100000E-13	2.062643E-14	2.062643E-14
-3.300000E-1	1.060000E-12	1.060000E-12	2.699261E-14	2.699261E-14
-3.200000E-1	1.060000E-12	1.060000E-12	2.699261E-14	2.699261E-14
-3.100000E-1	1.050000E-12	1.050000E-12	2.673797E-14	2.673797E-14
-3.000000E-1	1.040000E-12	1.040000E-12	2.648332E-14	2.648332E-14
-2.900000E-1	8.400000E-13	8.400000E-13	2.139037E-14	2.139037E-14
-2.800000E-1	1.290000E-12	1.290000E-12	3.284950E-14	3.284950E-14
-2.700000E-1	1.060000E-12	1.060000E-12	2.699261E-14	2.699261E-14
-2.600000E-1	1.180000E-12	1.180000E-12	3.004838E-14	3.004838E-14
-2.500000E-1	1.460000E-12	1.460000E-12	3.717851E-14	3.717851E-14
-2.400000E-1	1.360000E-12	1.360000E-12	3.463203E-14	3.463203E-14
-2.300000E-1	1.290000E-12	1.290000E-12	3.284950E-14	3.284950E-14
-2.200000E-1	1.010000E-12	1.010000E-12	2.571938E-14	2.571938E-14
-2.100000E-1	1.000000E-12	1.000000E-12	2.546473E-14	2.546473E-14
-2.000000E-1	1.080000E-12	1.080000E-12	2.750191E-14	2.750191E-14
-1.900000E-1	1.040000E-12	1.040000E-12	2.648332E-14	2.648332E-14
-1.800000E-1	1.400000E-12	1.400000E-12	3.565062E-14	3.565062E-14
-1.700000E-1	1.430000E-12	1.430000E-12	3.641457E-14	3.641457E-14
-1.600000E-1	1.320000E-12	1.320000E-12	3.361344E-14	3.361344E-14
-1.500000E-1	1.340000E-12	1.340000E-12	3.412274E-14	3.412274E-14
-1.400000E-1	1.440000E-12	1.440000E-12	3.666921E-14	3.666921E-14
-1.300000E-1	1.080000E-12	1.080000E-12	2.750191E-14	2.750191E-14
-1.200000E-1	1.150000E-12	1.150000E-12	2.928444E-14	2.928444E-14
-1.100000E-1	1.010000E-12	1.010000E-12	2.571938E-14	2.571938E-14
-1.000000E-1	1.110000E-12	1.110000E-12	2.826585E-14	2.826585E-14
-9.000000E-2	1.390000E-12	1.390000E-12	3.539598E-14	3.539598E-14
-8.000000E-2	1.560000E-12	1.560000E-12	3.972498E-14	3.972498E-14
-7.000000E-2	1.270000E-12	1.270000E-12	3.234021E-14	3.234021E-14
-6.000000E-2	1.440000E-12	1.440000E-12	3.666921E-14	3.666921E-14
-5.000000E-2	1.250000E-12	1.250000E-12	3.183091E-14	3.183091E-14
-4.000000E-2	1.160000E-12	1.160000E-12	2.953909E-14	2.953909E-14
-3.000000E-2	1.350000E-12	1.350000E-12	3.437739E-14	3.437739E-14
-2.000000E-2	1.540000E-12	1.540000E-12	3.921569E-14	3.921569E-14
-1.000000E-2	1.320000E-12	1.320000E-12	3.361344E-14	3.361344E-14
0.000000E+0	1.270000E-12	1.270000E-12	3.234021E-14	3.234021E-14
1.000000E-2	1.380000E-12	1.380000E-12	3.514133E-14	3.514133E-14
2.000000E-2	1.460000E-12	1.460000E-12	3.717851E-14	3.717851E-14
3.000000E-2	1.840000E-12	1.840000E-12	4.685511E-14	4.685511E-14
4.000000E-2	1.070000E-12	1.070000E-12	2.724726E-14	2.724726E-14
5.000000E-2	1.420000E-12	1.420000E-12	3.615992E-14	3.615992E-14
6.000000E-2	1.340000E-12	1.340000E-12	3.412274E-14	3.412274E-14
7.000000E-2	1.400000E-12	1.400000E-12	3.565062E-14	3.565062E-14
8.000000E-2	1.290000E-12	1.290000E-12	3.284950E-14	3.284950E-14
9.000000E-2	1.290000E-12	1.290000E-12	3.284950E-14	3.284950E-14
1.000000E-1	1.290000E-12	1.290000E-12	3.284950E-14	3.284950E-14
1.100000E-1	1.090000E-12	1.090000E-12	2.775656E-14	2.775656E-14
1.200000E-1	1.630000E-12	1.630000E-12	4.150751E-14	4.150751E-14
1.300000E-1	1.440000E-12	1.440000E-12	3.666921E-14	3.666921E-14
1.400000E-1	1.430000E-12	1.430000E-12	3.641457E-14	3.641457E-14
1.500000E-1	1.350000E-12	1.350000E-12	3.437739E-14	3.437739E-14
1.600000E-1	1.410000E-12	1.410000E-12	3.590527E-14	3.590527E-14
1.700000E-1	1.230000E-12	1.230000E-12	3.132162E-14	3.132162E-14
1.800000E-1	1.130000E-12	1.130000E-12	2.877515E-14	2.877515E-14
1.900000E-1	1.490000E-12	1.490000E-12	3.794245E-14	3.794245E-14
2.000000E-1	1.380000E-12	1.380000E-12	3.514133E-14	3.514133E-14
2.100000E-1	1.340000E-12	1.340000E-12	3.412274E-14	3.412274E-14
2.200000E-1	1.310000E-12	1.310000E-12	3.335880E-14	3.335880E-14
2.300000E-1	1.370000E-12	1.370000E-12	3.488668E-14	3.488668E-14
2.400000E-1	1.210000E-12	1.210000E-12	3.081232E-14	3.081232E-14
2.500000E-1	1.070000E-12	1.070000E-12	2.724726E-14	2.724726E-14
2.600000E-1	1.360000E-12	1.360000E-12	3.463203E-14	3.463203E-14
2.700000E-1	1.560000E-12	1.560000E-12	3.972498E-14	3.972498E-14
2.800000E-1	1.530000E-12	1.530000E-12	3.896104E-14	3.896104E-14
2.900000E-1	1.630000E-12	1.630000E-12	4.150751E-14	4.150751E-14
3.000000E-1	1.410000E-12	1.410000E-12	3.590527E-14	3.590527E-14
3.100000E-1	1.600000E-12	1.600000E-12	4.074357E-14	4.074357E-14
3.200000E-1	1.460000E-12	1.460000E-12	3.717851E-14	3.717851E-14
3.300000E-1	1.400000E-12	1.400000E-12	3.565062E-14	3.565062E-14
3.400000E-1	1.650000E-12	1.650000E-12	4.201681E-14	4.201681E-14
3.500000E-1	1.660000E-12	1.660000E-12	4.227145E-14	4.227145E-14
3.600000E-1	1.600000E-12	1.600000E-12	4.074357E-14	4.074357E-14
3.700000E-1	1.590000E-12	1.590000E-12	4.048892E-14	4.048892E-14
3.800000E-1	1.400000E-12	1.400000E-12	3.565062E-14	3.565062E-14
3.900000E-1	1.170000E-12	1.170000E-12	2.979374E-14	2.979374E-14
4.000000E-1	1.310000E-12	1.310000E-12	3.335880E-14	3.335880E-14
4.100000E-1	1.670000E-12	1.670000E-12	4.252610E-14	4.252610E-14
4.200000E-1	1.490000E-12	1.490000E-12	3.794245E-14	3.794245E-14
4.300000E-1	1.440000E-12	1.440000E-12	3.666921E-14	3.666921E-14
4.400000E-1	1.520000E-12	1.520000E-12	3.870639E-14	3.870639E-14
4.500000E-1	1.490000E-12	1.490000E-12	3.794245E-14	3.794245E-14
4.600000E-1	1.430000E-12	1.430000E-12	3.641457E-14	3.641457E-14
4.700000E-1	1.300000E-12	1.300000E-12	3.310415E-14	3.310415E-14
4.800000E-1	1.480000E-12	1.480000E-12	3.768780E-14	3.768780E-14
4.900000E-1	1.510000E-12	1.510000E-12	3.845174E-14	3.845174E-14
5.000000E-1	1.710000E-12	1.710000E-12	4.354469E-14	4.354469E-14
