##
##
##16:47:07	09/02/21
##
##
##Ell Cont: 5,0x10,0
##
##SMU1	V name:		V1
##	I name:		I1
##	Mode:		V
##	Function:	VAR1
##SMU2	V name:		V2
##	I name:		I2
##	Mode:		common
##	Function:	const.
##SMU3	off
##SMU4	off
##VMUs	off
##
##Primary Source (VAR1):	single
##	Sweep Spacing:	linear
##	Start:		-0.500000
##	Stop:		0.500000
##	Step:		0.010000
##	Compliance:	0.050000
##Power Compliance OFF
##
##Timing:		Integration Time:	medium
##	Delay Time (sec):	0.000000
##	Hold Time (sec):	0.000000
##	Wait Time (sec):	1.000000
##
##Secondary Source (VAR2):	OFF
##
##
##   V1	   I1	Abs(I)	J (A\µm²)	Abs(J)
-5.000000E-1	-9.400000E-13	9.400000E-13	-2.393685E-14	2.393685E-14
-4.900000E-1	-3.900000E-13	3.900000E-13	-9.931245E-15	9.931245E-15
-4.800000E-1	3.600000E-13	3.600000E-13	9.167303E-15	9.167303E-15
-4.700000E-1	1.200000E-12	1.200000E-12	3.055768E-14	3.055768E-14
-4.600000E-1	2.000000E-13	2.000000E-13	5.092946E-15	5.092946E-15
-4.500000E-1	2.900000E-13	2.900000E-13	7.384772E-15	7.384772E-15
-4.400000E-1	3.800000E-13	3.800000E-13	9.676598E-15	9.676598E-15
-4.300000E-1	7.500000E-13	7.500000E-13	1.909855E-14	1.909855E-14
-4.200000E-1	3.000000E-14	3.000000E-14	7.639419E-16	7.639419E-16
-4.100000E-1	7.000000E-14	7.000000E-14	1.782531E-15	1.782531E-15
-4.000000E-1	-1.800000E-13	1.800000E-13	-4.583652E-15	4.583652E-15
-3.900000E-1	2.500000E-13	2.500000E-13	6.366183E-15	6.366183E-15
-3.800000E-1	1.900000E-13	1.900000E-13	4.838299E-15	4.838299E-15
-3.700000E-1	2.500000E-13	2.500000E-13	6.366183E-15	6.366183E-15
-3.600000E-1	9.000000E-14	9.000000E-14	2.291826E-15	2.291826E-15
-3.500000E-1	5.000000E-13	5.000000E-13	1.273237E-14	1.273237E-14
-3.400000E-1	7.000000E-14	7.000000E-14	1.782531E-15	1.782531E-15
-3.300000E-1	5.100000E-13	5.100000E-13	1.298701E-14	1.298701E-14
-3.200000E-1	2.800000E-13	2.800000E-13	7.130125E-15	7.130125E-15
-3.100000E-1	4.400000E-13	4.400000E-13	1.120448E-14	1.120448E-14
-3.000000E-1	1.500000E-13	1.500000E-13	3.819710E-15	3.819710E-15
-2.900000E-1	1.300000E-13	1.300000E-13	3.310415E-15	3.310415E-15
-2.800000E-1	1.800000E-13	1.800000E-13	4.583652E-15	4.583652E-15
-2.700000E-1	3.400000E-13	3.400000E-13	8.658009E-15	8.658009E-15
-2.600000E-1	1.700000E-13	1.700000E-13	4.329004E-15	4.329004E-15
-2.500000E-1	1.400000E-13	1.400000E-13	3.565062E-15	3.565062E-15
-2.400000E-1	1.400000E-13	1.400000E-13	3.565062E-15	3.565062E-15
-2.300000E-1	3.200000E-13	3.200000E-13	8.148714E-15	8.148714E-15
-2.200000E-1	3.500000E-13	3.500000E-13	8.912656E-15	8.912656E-15
-2.100000E-1	3.800000E-13	3.800000E-13	9.676598E-15	9.676598E-15
-2.000000E-1	3.000000E-13	3.000000E-13	7.639419E-15	7.639419E-15
-1.900000E-1	1.600000E-13	1.600000E-13	4.074357E-15	4.074357E-15
-1.800000E-1	3.200000E-13	3.200000E-13	8.148714E-15	8.148714E-15
-1.700000E-1	3.600000E-13	3.600000E-13	9.167303E-15	9.167303E-15
-1.600000E-1	3.500000E-13	3.500000E-13	8.912656E-15	8.912656E-15
-1.500000E-1	3.500000E-13	3.500000E-13	8.912656E-15	8.912656E-15
-1.400000E-1	3.600000E-13	3.600000E-13	9.167303E-15	9.167303E-15
-1.300000E-1	3.100000E-13	3.100000E-13	7.894067E-15	7.894067E-15
-1.200000E-1	3.200000E-13	3.200000E-13	8.148714E-15	8.148714E-15
-1.100000E-1	3.100000E-13	3.100000E-13	7.894067E-15	7.894067E-15
-1.000000E-1	4.600000E-13	4.600000E-13	1.171378E-14	1.171378E-14
-9.000000E-2	3.500000E-13	3.500000E-13	8.912656E-15	8.912656E-15
-8.000000E-2	5.500000E-13	5.500000E-13	1.400560E-14	1.400560E-14
-7.000000E-2	3.900000E-13	3.900000E-13	9.931245E-15	9.931245E-15
-6.000000E-2	3.800000E-13	3.800000E-13	9.676598E-15	9.676598E-15
-5.000000E-2	3.200000E-13	3.200000E-13	8.148714E-15	8.148714E-15
-4.000000E-2	4.300000E-13	4.300000E-13	1.094983E-14	1.094983E-14
-3.000000E-2	4.500000E-13	4.500000E-13	1.145913E-14	1.145913E-14
-2.000000E-2	4.700000E-13	4.700000E-13	1.196842E-14	1.196842E-14
-1.000000E-2	3.100000E-13	3.100000E-13	7.894067E-15	7.894067E-15
0.000000E+0	4.200000E-13	4.200000E-13	1.069519E-14	1.069519E-14
1.000000E-2	4.000000E-13	4.000000E-13	1.018589E-14	1.018589E-14
2.000000E-2	4.200000E-13	4.200000E-13	1.069519E-14	1.069519E-14
3.000000E-2	4.300000E-13	4.300000E-13	1.094983E-14	1.094983E-14
4.000000E-2	4.500000E-13	4.500000E-13	1.145913E-14	1.145913E-14
5.000000E-2	4.800000E-13	4.800000E-13	1.222307E-14	1.222307E-14
6.000000E-2	4.700000E-13	4.700000E-13	1.196842E-14	1.196842E-14
7.000000E-2	4.400000E-13	4.400000E-13	1.120448E-14	1.120448E-14
8.000000E-2	4.900000E-13	4.900000E-13	1.247772E-14	1.247772E-14
9.000000E-2	4.800000E-13	4.800000E-13	1.222307E-14	1.222307E-14
1.000000E-1	7.000000E-13	7.000000E-13	1.782531E-14	1.782531E-14
1.100000E-1	5.200000E-13	5.200000E-13	1.324166E-14	1.324166E-14
1.200000E-1	5.800000E-13	5.800000E-13	1.476954E-14	1.476954E-14
1.300000E-1	5.800000E-13	5.800000E-13	1.476954E-14	1.476954E-14
1.400000E-1	6.100000E-13	6.100000E-13	1.553349E-14	1.553349E-14
1.500000E-1	5.800000E-13	5.800000E-13	1.476954E-14	1.476954E-14
1.600000E-1	6.100000E-13	6.100000E-13	1.553349E-14	1.553349E-14
1.700000E-1	6.100000E-13	6.100000E-13	1.553349E-14	1.553349E-14
1.800000E-1	6.500000E-13	6.500000E-13	1.655208E-14	1.655208E-14
1.900000E-1	6.400000E-13	6.400000E-13	1.629743E-14	1.629743E-14
2.000000E-1	7.300000E-13	7.300000E-13	1.858925E-14	1.858925E-14
2.100000E-1	6.800000E-13	6.800000E-13	1.731602E-14	1.731602E-14
2.200000E-1	4.900000E-13	4.900000E-13	1.247772E-14	1.247772E-14
2.300000E-1	7.500000E-13	7.500000E-13	1.909855E-14	1.909855E-14
2.400000E-1	5.800000E-13	5.800000E-13	1.476954E-14	1.476954E-14
2.500000E-1	6.800000E-13	6.800000E-13	1.731602E-14	1.731602E-14
2.600000E-1	7.300000E-13	7.300000E-13	1.858925E-14	1.858925E-14
2.700000E-1	8.200000E-13	8.200000E-13	2.088108E-14	2.088108E-14
2.800000E-1	8.200000E-13	8.200000E-13	2.088108E-14	2.088108E-14
2.900000E-1	8.300000E-13	8.300000E-13	2.113573E-14	2.113573E-14
3.000000E-1	8.000000E-13	8.000000E-13	2.037178E-14	2.037178E-14
3.100000E-1	9.200000E-13	9.200000E-13	2.342755E-14	2.342755E-14
3.200000E-1	8.500000E-13	8.500000E-13	2.164502E-14	2.164502E-14
3.300000E-1	8.500000E-13	8.500000E-13	2.164502E-14	2.164502E-14
3.400000E-1	8.600000E-13	8.600000E-13	2.189967E-14	2.189967E-14
3.500000E-1	9.500000E-13	9.500000E-13	2.419149E-14	2.419149E-14
3.600000E-1	9.000000E-13	9.000000E-13	2.291826E-14	2.291826E-14
3.700000E-1	9.200000E-13	9.200000E-13	2.342755E-14	2.342755E-14
3.800000E-1	9.000000E-13	9.000000E-13	2.291826E-14	2.291826E-14
3.900000E-1	8.300000E-13	8.300000E-13	2.113573E-14	2.113573E-14
4.000000E-1	8.700000E-13	8.700000E-13	2.215432E-14	2.215432E-14
4.100000E-1	9.500000E-13	9.500000E-13	2.419149E-14	2.419149E-14
4.200000E-1	9.600000E-13	9.600000E-13	2.444614E-14	2.444614E-14
4.300000E-1	1.050000E-12	1.050000E-12	2.673797E-14	2.673797E-14
4.400000E-1	9.800000E-13	9.800000E-13	2.495544E-14	2.495544E-14
4.500000E-1	9.700000E-13	9.700000E-13	2.470079E-14	2.470079E-14
4.600000E-1	8.400000E-13	8.400000E-13	2.139037E-14	2.139037E-14
4.700000E-1	1.070000E-12	1.070000E-12	2.724726E-14	2.724726E-14
4.800000E-1	1.050000E-12	1.050000E-12	2.673797E-14	2.673797E-14
4.900000E-1	1.040000E-12	1.040000E-12	2.648332E-14	2.648332E-14
5.000000E-1	1.030000E-12	1.030000E-12	2.622867E-14	2.622867E-14
