##
##
##17:00:04	09/02/21
##
##
##Ell Cont: 5,0x10,0
##
##SMU1	V name:		V1
##	I name:		I1
##	Mode:		V
##	Function:	VAR1
##SMU2	V name:		V2
##	I name:		I2
##	Mode:		common
##	Function:	const.
##SMU3	off
##SMU4	off
##VMUs	off
##
##Primary Source (VAR1):	single
##	Sweep Spacing:	linear
##	Start:		-0.500000
##	Stop:		0.500000
##	Step:		0.010000
##	Compliance:	0.050000
##Power Compliance OFF
##
##Timing:		Integration Time:	medium
##	Delay Time (sec):	0.000000
##	Hold Time (sec):	0.000000
##	Wait Time (sec):	1.000000
##
##Secondary Source (VAR2):	OFF
##
##
##   V1	   I1	Abs(I)	J (A\µm²)	Abs(J)
-5.000000E-1	-2.900000E-13	2.900000E-13	-7.384772E-15	7.384772E-15
-4.900000E-1	8.000000E-14	8.000000E-14	2.037178E-15	2.037178E-15
-4.800000E-1	1.800000E-13	1.800000E-13	4.583652E-15	4.583652E-15
-4.700000E-1	-3.000000E-13	3.000000E-13	-7.639419E-15	7.639419E-15
-4.600000E-1	-7.400000E-13	7.400000E-13	-1.884390E-14	1.884390E-14
-4.500000E-1	-1.140000E-12	1.140000E-12	-2.902979E-14	2.902979E-14
-4.400000E-1	5.100000E-13	5.100000E-13	1.298701E-14	1.298701E-14
-4.300000E-1	1.010000E-12	1.010000E-12	2.571938E-14	2.571938E-14
-4.200000E-1	1.100000E-12	1.100000E-12	2.801120E-14	2.801120E-14
-4.100000E-1	7.500000E-13	7.500000E-13	1.909855E-14	1.909855E-14
-4.000000E-1	3.600000E-13	3.600000E-13	9.167303E-15	9.167303E-15
-3.900000E-1	5.000000E-14	5.000000E-14	1.273237E-15	1.273237E-15
-3.800000E-1	4.000000E-14	4.000000E-14	1.018589E-15	1.018589E-15
-3.700000E-1	-1.400000E-13	1.400000E-13	-3.565062E-15	3.565062E-15
-3.600000E-1	-6.200000E-13	6.200000E-13	-1.578813E-14	1.578813E-14
-3.500000E-1	-4.700000E-13	4.700000E-13	-1.196842E-14	1.196842E-14
-3.400000E-1	2.100000E-13	2.100000E-13	5.347594E-15	5.347594E-15
-3.300000E-1	4.200000E-13	4.200000E-13	1.069519E-14	1.069519E-14
-3.200000E-1	2.200000E-13	2.200000E-13	5.602241E-15	5.602241E-15
-3.100000E-1	2.500000E-13	2.500000E-13	6.366183E-15	6.366183E-15
-3.000000E-1	1.400000E-13	1.400000E-13	3.565062E-15	3.565062E-15
-2.900000E-1	5.700000E-13	5.700000E-13	1.451490E-14	1.451490E-14
-2.800000E-1	4.700000E-13	4.700000E-13	1.196842E-14	1.196842E-14
-2.700000E-1	7.000000E-14	7.000000E-14	1.782531E-15	1.782531E-15
-2.600000E-1	4.000000E-13	4.000000E-13	1.018589E-14	1.018589E-14
-2.500000E-1	5.900000E-13	5.900000E-13	1.502419E-14	1.502419E-14
-2.400000E-1	7.200000E-13	7.200000E-13	1.833461E-14	1.833461E-14
-2.300000E-1	2.000000E-13	2.000000E-13	5.092946E-15	5.092946E-15
-2.200000E-1	3.200000E-13	3.200000E-13	8.148714E-15	8.148714E-15
-2.100000E-1	3.200000E-13	3.200000E-13	8.148714E-15	8.148714E-15
-2.000000E-1	6.200000E-13	6.200000E-13	1.578813E-14	1.578813E-14
-1.900000E-1	6.800000E-13	6.800000E-13	1.731602E-14	1.731602E-14
-1.800000E-1	6.100000E-13	6.100000E-13	1.553349E-14	1.553349E-14
-1.700000E-1	5.900000E-13	5.900000E-13	1.502419E-14	1.502419E-14
-1.600000E-1	5.600000E-13	5.600000E-13	1.426025E-14	1.426025E-14
-1.500000E-1	8.100000E-13	8.100000E-13	2.062643E-14	2.062643E-14
-1.400000E-1	7.700000E-13	7.700000E-13	1.960784E-14	1.960784E-14
-1.300000E-1	6.800000E-13	6.800000E-13	1.731602E-14	1.731602E-14
-1.200000E-1	7.400000E-13	7.400000E-13	1.884390E-14	1.884390E-14
-1.100000E-1	9.000000E-13	9.000000E-13	2.291826E-14	2.291826E-14
-1.000000E-1	1.080000E-12	1.080000E-12	2.750191E-14	2.750191E-14
-9.000000E-2	9.400000E-13	9.400000E-13	2.393685E-14	2.393685E-14
-8.000000E-2	1.150000E-12	1.150000E-12	2.928444E-14	2.928444E-14
-7.000000E-2	9.500000E-13	9.500000E-13	2.419149E-14	2.419149E-14
-6.000000E-2	1.140000E-12	1.140000E-12	2.902979E-14	2.902979E-14
-5.000000E-2	1.020000E-12	1.020000E-12	2.597403E-14	2.597403E-14
-4.000000E-2	1.050000E-12	1.050000E-12	2.673797E-14	2.673797E-14
-3.000000E-2	1.170000E-12	1.170000E-12	2.979374E-14	2.979374E-14
-2.000000E-2	1.670000E-12	1.670000E-12	4.252610E-14	4.252610E-14
-1.000000E-2	1.060000E-12	1.060000E-12	2.699261E-14	2.699261E-14
0.000000E+0	1.260000E-12	1.260000E-12	3.208556E-14	3.208556E-14
1.000000E-2	1.220000E-12	1.220000E-12	3.106697E-14	3.106697E-14
2.000000E-2	1.190000E-12	1.190000E-12	3.030303E-14	3.030303E-14
3.000000E-2	1.220000E-12	1.220000E-12	3.106697E-14	3.106697E-14
4.000000E-2	1.230000E-12	1.230000E-12	3.132162E-14	3.132162E-14
5.000000E-2	1.180000E-12	1.180000E-12	3.004838E-14	3.004838E-14
6.000000E-2	1.120000E-12	1.120000E-12	2.852050E-14	2.852050E-14
7.000000E-2	1.470000E-12	1.470000E-12	3.743315E-14	3.743315E-14
8.000000E-2	1.330000E-12	1.330000E-12	3.386809E-14	3.386809E-14
9.000000E-2	1.540000E-12	1.540000E-12	3.921569E-14	3.921569E-14
1.000000E-1	1.560000E-12	1.560000E-12	3.972498E-14	3.972498E-14
1.100000E-1	1.700000E-12	1.700000E-12	4.329004E-14	4.329004E-14
1.200000E-1	1.790000E-12	1.790000E-12	4.558187E-14	4.558187E-14
1.300000E-1	1.510000E-12	1.510000E-12	3.845174E-14	3.845174E-14
1.400000E-1	1.630000E-12	1.630000E-12	4.150751E-14	4.150751E-14
1.500000E-1	1.640000E-12	1.640000E-12	4.176216E-14	4.176216E-14
1.600000E-1	1.650000E-12	1.650000E-12	4.201681E-14	4.201681E-14
1.700000E-1	1.680000E-12	1.680000E-12	4.278075E-14	4.278075E-14
1.800000E-1	1.640000E-12	1.640000E-12	4.176216E-14	4.176216E-14
1.900000E-1	1.810000E-12	1.810000E-12	4.609116E-14	4.609116E-14
2.000000E-1	1.760000E-12	1.760000E-12	4.481793E-14	4.481793E-14
2.100000E-1	1.830000E-12	1.830000E-12	4.660046E-14	4.660046E-14
2.200000E-1	1.860000E-12	1.860000E-12	4.736440E-14	4.736440E-14
2.300000E-1	1.740000E-12	1.740000E-12	4.430863E-14	4.430863E-14
2.400000E-1	1.770000E-12	1.770000E-12	4.507257E-14	4.507257E-14
2.500000E-1	1.960000E-12	1.960000E-12	4.991087E-14	4.991087E-14
2.600000E-1	1.910000E-12	1.910000E-12	4.863764E-14	4.863764E-14
2.700000E-1	2.160000E-12	2.160000E-12	5.500382E-14	5.500382E-14
2.800000E-1	2.180000E-12	2.180000E-12	5.551311E-14	5.551311E-14
2.900000E-1	2.220000E-12	2.220000E-12	5.653170E-14	5.653170E-14
3.000000E-1	2.160000E-12	2.160000E-12	5.500382E-14	5.500382E-14
3.100000E-1	2.060000E-12	2.060000E-12	5.245735E-14	5.245735E-14
3.200000E-1	1.910000E-12	1.910000E-12	4.863764E-14	4.863764E-14
3.300000E-1	1.750000E-12	1.750000E-12	4.456328E-14	4.456328E-14
3.400000E-1	2.060000E-12	2.060000E-12	5.245735E-14	5.245735E-14
3.500000E-1	2.010000E-12	2.010000E-12	5.118411E-14	5.118411E-14
3.600000E-1	1.790000E-12	1.790000E-12	4.558187E-14	4.558187E-14
3.700000E-1	1.760000E-12	1.760000E-12	4.481793E-14	4.481793E-14
3.800000E-1	1.740000E-12	1.740000E-12	4.430863E-14	4.430863E-14
3.900000E-1	1.710000E-12	1.710000E-12	4.354469E-14	4.354469E-14
4.000000E-1	1.670000E-12	1.670000E-12	4.252610E-14	4.252610E-14
4.100000E-1	1.420000E-12	1.420000E-12	3.615992E-14	3.615992E-14
4.200000E-1	1.720000E-12	1.720000E-12	4.379934E-14	4.379934E-14
4.300000E-1	1.610000E-12	1.610000E-12	4.099822E-14	4.099822E-14
4.400000E-1	2.100000E-12	2.100000E-12	5.347594E-14	5.347594E-14
4.500000E-1	1.860000E-12	1.860000E-12	4.736440E-14	4.736440E-14
4.600000E-1	1.800000E-12	1.800000E-12	4.583652E-14	4.583652E-14
4.700000E-1	2.030000E-12	2.030000E-12	5.169340E-14	5.169340E-14
4.800000E-1	2.000000E-12	2.000000E-12	5.092946E-14	5.092946E-14
4.900000E-1	1.950000E-12	1.950000E-12	4.965623E-14	4.965623E-14
5.000000E-1	1.900000E-12	1.900000E-12	4.838299E-14	4.838299E-14
