##
##
##16:41:00	09/02/21
##
##
##Ell Cont: 5,0x10,0
##
##SMU1	V name:		V1
##	I name:		I1
##	Mode:		V
##	Function:	VAR1
##SMU2	V name:		V2
##	I name:		I2
##	Mode:		common
##	Function:	const.
##SMU3	off
##SMU4	off
##VMUs	off
##
##Primary Source (VAR1):	single
##	Sweep Spacing:	linear
##	Start:		-0.500000
##	Stop:		0.500000
##	Step:		0.010000
##	Compliance:	0.050000
##Power Compliance OFF
##
##Timing:		Integration Time:	medium
##	Delay Time (sec):	0.000000
##	Hold Time (sec):	0.000000
##	Wait Time (sec):	1.000000
##
##Secondary Source (VAR2):	OFF
##
##
##   V1	   I1	Abs(I)	J (A\µm²)	Abs(J)
-5.000000E-1	-9.500000E-13	9.500000E-13	-2.419149E-14	2.419149E-14
-4.900000E-1	-4.700000E-13	4.700000E-13	-1.196842E-14	1.196842E-14
-4.800000E-1	-7.500000E-13	7.500000E-13	-1.909855E-14	1.909855E-14
-4.700000E-1	-3.100000E-13	3.100000E-13	-7.894067E-15	7.894067E-15
-4.600000E-1	-3.900000E-13	3.900000E-13	-9.931245E-15	9.931245E-15
-4.500000E-1	1.800000E-13	1.800000E-13	4.583652E-15	4.583652E-15
-4.400000E-1	-6.000000E-13	6.000000E-13	-1.527884E-14	1.527884E-14
-4.300000E-1	5.000000E-13	5.000000E-13	1.273237E-14	1.273237E-14
-4.200000E-1	-5.100000E-13	5.100000E-13	-1.298701E-14	1.298701E-14
-4.100000E-1	1.400000E-13	1.400000E-13	3.565062E-15	3.565062E-15
-4.000000E-1	-1.300000E-13	1.300000E-13	-3.310415E-15	3.310415E-15
-3.900000E-1	-1.000000E-14	1.000000E-14	-2.546473E-16	2.546473E-16
-3.800000E-1	-2.600000E-13	2.600000E-13	-6.620830E-15	6.620830E-15
-3.700000E-1	4.900000E-13	4.900000E-13	1.247772E-14	1.247772E-14
-3.600000E-1	-3.100000E-13	3.100000E-13	-7.894067E-15	7.894067E-15
-3.500000E-1	1.200000E-13	1.200000E-13	3.055768E-15	3.055768E-15
-3.400000E-1	-8.000000E-14	8.000000E-14	-2.037178E-15	2.037178E-15
-3.300000E-1	1.800000E-13	1.800000E-13	4.583652E-15	4.583652E-15
-3.200000E-1	3.000000E-14	3.000000E-14	7.639419E-16	7.639419E-16
-3.100000E-1	-4.000000E-14	4.000000E-14	-1.018589E-15	1.018589E-15
-3.000000E-1	5.000000E-14	5.000000E-14	1.273237E-15	1.273237E-15
-2.900000E-1	1.500000E-13	1.500000E-13	3.819710E-15	3.819710E-15
-2.800000E-1	1.000000E-13	1.000000E-13	2.546473E-15	2.546473E-15
-2.700000E-1	2.000000E-13	2.000000E-13	5.092946E-15	5.092946E-15
-2.600000E-1	2.200000E-13	2.200000E-13	5.602241E-15	5.602241E-15
-2.500000E-1	1.800000E-13	1.800000E-13	4.583652E-15	4.583652E-15
-2.400000E-1	3.200000E-13	3.200000E-13	8.148714E-15	8.148714E-15
-2.300000E-1	3.600000E-13	3.600000E-13	9.167303E-15	9.167303E-15
-2.200000E-1	3.900000E-13	3.900000E-13	9.931245E-15	9.931245E-15
-2.100000E-1	2.600000E-13	2.600000E-13	6.620830E-15	6.620830E-15
-2.000000E-1	3.000000E-13	3.000000E-13	7.639419E-15	7.639419E-15
-1.900000E-1	2.500000E-13	2.500000E-13	6.366183E-15	6.366183E-15
-1.800000E-1	3.100000E-13	3.100000E-13	7.894067E-15	7.894067E-15
-1.700000E-1	3.600000E-13	3.600000E-13	9.167303E-15	9.167303E-15
-1.600000E-1	2.700000E-13	2.700000E-13	6.875477E-15	6.875477E-15
-1.500000E-1	2.400000E-13	2.400000E-13	6.111535E-15	6.111535E-15
-1.400000E-1	3.000000E-13	3.000000E-13	7.639419E-15	7.639419E-15
-1.300000E-1	2.700000E-13	2.700000E-13	6.875477E-15	6.875477E-15
-1.200000E-1	5.100000E-13	5.100000E-13	1.298701E-14	1.298701E-14
-1.100000E-1	6.900000E-13	6.900000E-13	1.757066E-14	1.757066E-14
-1.000000E-1	5.500000E-13	5.500000E-13	1.400560E-14	1.400560E-14
-9.000000E-2	1.700000E-13	1.700000E-13	4.329004E-15	4.329004E-15
-8.000000E-2	4.400000E-13	4.400000E-13	1.120448E-14	1.120448E-14
-7.000000E-2	5.100000E-13	5.100000E-13	1.298701E-14	1.298701E-14
-6.000000E-2	6.100000E-13	6.100000E-13	1.553349E-14	1.553349E-14
-5.000000E-2	5.900000E-13	5.900000E-13	1.502419E-14	1.502419E-14
-4.000000E-2	7.400000E-13	7.400000E-13	1.884390E-14	1.884390E-14
-3.000000E-2	4.000000E-13	4.000000E-13	1.018589E-14	1.018589E-14
-2.000000E-2	1.110000E-12	1.110000E-12	2.826585E-14	2.826585E-14
-1.000000E-2	1.130000E-12	1.130000E-12	2.877515E-14	2.877515E-14
0.000000E+0	1.270000E-12	1.270000E-12	3.234021E-14	3.234021E-14
1.000000E-2	1.160000E-12	1.160000E-12	2.953909E-14	2.953909E-14
2.000000E-2	-1.040000E-12	1.040000E-12	-2.648332E-14	2.648332E-14
3.000000E-2	-1.030000E-12	1.030000E-12	-2.622867E-14	2.622867E-14
4.000000E-2	-1.860000E-12	1.860000E-12	-4.736440E-14	4.736440E-14
5.000000E-2	-4.600000E-13	4.600000E-13	-1.171378E-14	1.171378E-14
6.000000E-2	1.270000E-12	1.270000E-12	3.234021E-14	3.234021E-14
7.000000E-2	2.360000E-12	2.360000E-12	6.009677E-14	6.009677E-14
8.000000E-2	1.990000E-12	1.990000E-12	5.067481E-14	5.067481E-14
9.000000E-2	1.470000E-12	1.470000E-12	3.743315E-14	3.743315E-14
1.000000E-1	1.380000E-12	1.380000E-12	3.514133E-14	3.514133E-14
1.100000E-1	1.170000E-12	1.170000E-12	2.979374E-14	2.979374E-14
1.200000E-1	3.200000E-13	3.200000E-13	8.148714E-15	8.148714E-15
1.300000E-1	1.000000E-12	1.000000E-12	2.546473E-14	2.546473E-14
1.400000E-1	1.170000E-12	1.170000E-12	2.979374E-14	2.979374E-14
1.500000E-1	3.400000E-13	3.400000E-13	8.658009E-15	8.658009E-15
1.600000E-1	5.300000E-13	5.300000E-13	1.349631E-14	1.349631E-14
1.700000E-1	8.200000E-13	8.200000E-13	2.088108E-14	2.088108E-14
1.800000E-1	4.100000E-13	4.100000E-13	1.044054E-14	1.044054E-14
1.900000E-1	1.680000E-12	1.680000E-12	4.278075E-14	4.278075E-14
2.000000E-1	9.400000E-13	9.400000E-13	2.393685E-14	2.393685E-14
2.100000E-1	1.190000E-12	1.190000E-12	3.030303E-14	3.030303E-14
2.200000E-1	6.500000E-13	6.500000E-13	1.655208E-14	1.655208E-14
2.300000E-1	1.460000E-12	1.460000E-12	3.717851E-14	3.717851E-14
2.400000E-1	8.100000E-13	8.100000E-13	2.062643E-14	2.062643E-14
2.500000E-1	1.080000E-12	1.080000E-12	2.750191E-14	2.750191E-14
2.600000E-1	8.800000E-13	8.800000E-13	2.240896E-14	2.240896E-14
2.700000E-1	1.130000E-12	1.130000E-12	2.877515E-14	2.877515E-14
2.800000E-1	1.040000E-12	1.040000E-12	2.648332E-14	2.648332E-14
2.900000E-1	1.170000E-12	1.170000E-12	2.979374E-14	2.979374E-14
3.000000E-1	9.800000E-13	9.800000E-13	2.495544E-14	2.495544E-14
3.100000E-1	1.180000E-12	1.180000E-12	3.004838E-14	3.004838E-14
3.200000E-1	1.110000E-12	1.110000E-12	2.826585E-14	2.826585E-14
3.300000E-1	1.220000E-12	1.220000E-12	3.106697E-14	3.106697E-14
3.400000E-1	1.340000E-12	1.340000E-12	3.412274E-14	3.412274E-14
3.500000E-1	1.410000E-12	1.410000E-12	3.590527E-14	3.590527E-14
3.600000E-1	1.430000E-12	1.430000E-12	3.641457E-14	3.641457E-14
3.700000E-1	1.480000E-12	1.480000E-12	3.768780E-14	3.768780E-14
3.800000E-1	1.520000E-12	1.520000E-12	3.870639E-14	3.870639E-14
3.900000E-1	1.430000E-12	1.430000E-12	3.641457E-14	3.641457E-14
4.000000E-1	1.320000E-12	1.320000E-12	3.361344E-14	3.361344E-14
4.100000E-1	1.340000E-12	1.340000E-12	3.412274E-14	3.412274E-14
4.200000E-1	1.420000E-12	1.420000E-12	3.615992E-14	3.615992E-14
4.300000E-1	1.380000E-12	1.380000E-12	3.514133E-14	3.514133E-14
4.400000E-1	1.320000E-12	1.320000E-12	3.361344E-14	3.361344E-14
4.500000E-1	1.420000E-12	1.420000E-12	3.615992E-14	3.615992E-14
4.600000E-1	1.470000E-12	1.470000E-12	3.743315E-14	3.743315E-14
4.700000E-1	1.450000E-12	1.450000E-12	3.692386E-14	3.692386E-14
4.800000E-1	1.390000E-12	1.390000E-12	3.539598E-14	3.539598E-14
4.900000E-1	1.650000E-12	1.650000E-12	4.201681E-14	4.201681E-14
5.000000E-1	1.590000E-12	1.590000E-12	4.048892E-14	4.048892E-14
