#   V1	   I1	Abs(I)	J (A\µm²)	Abs(J)
-5.000000E-1	-1.780000E-12	1.780000E-12	-4.532722E-14	4.532722E-14
-4.900000E-1	8.870000E-12	8.870000E-12	2.258722E-13	2.258722E-13
-4.800000E-1	-1.770000E-12	1.770000E-12	-4.507257E-14	4.507257E-14
-4.700000E-1	-1.380000E-12	1.380000E-12	-3.514133E-14	3.514133E-14
-4.600000E-1	5.900000E-13	5.900000E-13	1.502419E-14	1.502419E-14
-4.500000E-1	4.600000E-13	4.600000E-13	1.171378E-14	1.171378E-14
-4.400000E-1	2.500000E-13	2.500000E-13	6.366183E-15	6.366183E-15
-4.300000E-1	1.410000E-12	1.410000E-12	3.590527E-14	3.590527E-14
-4.200000E-1	-1.110000E-12	1.110000E-12	-2.826585E-14	2.826585E-14
-4.100000E-1	1.130000E-12	1.130000E-12	2.877515E-14	2.877515E-14
-4.000000E-1	-5.500000E-13	5.500000E-13	-1.400560E-14	1.400560E-14
-3.900000E-1	1.400000E-12	1.400000E-12	3.565062E-14	3.565062E-14
-3.800000E-1	-8.800000E-13	8.800000E-13	-2.240896E-14	2.240896E-14
-3.700000E-1	7.900000E-13	7.900000E-13	2.011714E-14	2.011714E-14
-3.600000E-1	-6.400000E-13	6.400000E-13	-1.629743E-14	1.629743E-14
-3.500000E-1	7.500000E-13	7.500000E-13	1.909855E-14	1.909855E-14
-3.400000E-1	-7.100000E-13	7.100000E-13	-1.807996E-14	1.807996E-14
-3.300000E-1	8.600000E-13	8.600000E-13	2.189967E-14	2.189967E-14
-3.200000E-1	-7.600000E-13	7.600000E-13	-1.935320E-14	1.935320E-14
-3.100000E-1	1.440000E-12	1.440000E-12	3.666921E-14	3.666921E-14
-3.000000E-1	-1.000000E-12	1.000000E-12	-2.546473E-14	2.546473E-14
-2.900000E-1	1.290000E-12	1.290000E-12	3.284950E-14	3.284950E-14
-2.800000E-1	-4.500000E-13	4.500000E-13	-1.145913E-14	1.145913E-14
-2.700000E-1	1.030000E-12	1.030000E-12	2.622867E-14	2.622867E-14
-2.600000E-1	-2.300000E-13	2.300000E-13	-5.856888E-15	5.856888E-15
-2.500000E-1	1.200000E-12	1.200000E-12	3.055768E-14	3.055768E-14
-2.400000E-1	1.800000E-13	1.800000E-13	4.583652E-15	4.583652E-15
-2.300000E-1	1.240000E-12	1.240000E-12	3.157627E-14	3.157627E-14
-2.200000E-1	1.300000E-13	1.300000E-13	3.310415E-15	3.310415E-15
-2.100000E-1	1.330000E-12	1.330000E-12	3.386809E-14	3.386809E-14
-2.000000E-1	1.500000E-13	1.500000E-13	3.819710E-15	3.819710E-15
-1.900000E-1	1.080000E-12	1.080000E-12	2.750191E-14	2.750191E-14
-1.800000E-1	7.000000E-14	7.000000E-14	1.782531E-15	1.782531E-15
-1.700000E-1	1.210000E-12	1.210000E-12	3.081232E-14	3.081232E-14
-1.600000E-1	5.200000E-13	5.200000E-13	1.324166E-14	1.324166E-14
-1.500000E-1	1.090000E-12	1.090000E-12	2.775656E-14	2.775656E-14
-1.400000E-1	6.500000E-13	6.500000E-13	1.655208E-14	1.655208E-14
-1.300000E-1	1.450000E-12	1.450000E-12	3.692386E-14	3.692386E-14
-1.200000E-1	7.300000E-13	7.300000E-13	1.858925E-14	1.858925E-14
-1.100000E-1	1.120000E-12	1.120000E-12	2.852050E-14	2.852050E-14
-1.000000E-1	6.300000E-13	6.300000E-13	1.604278E-14	1.604278E-14
-9.000000E-2	8.900000E-13	8.900000E-13	2.266361E-14	2.266361E-14
-8.000000E-2	-5.300000E-13	5.300000E-13	-1.349631E-14	1.349631E-14
-7.000000E-2	6.700000E-13	6.700000E-13	1.706137E-14	1.706137E-14
-6.000000E-2	-5.700000E-13	5.700000E-13	-1.451490E-14	1.451490E-14
-5.000000E-2	1.120000E-12	1.120000E-12	2.852050E-14	2.852050E-14
-4.000000E-2	-4.000000E-14	4.000000E-14	-1.018589E-15	1.018589E-15
-3.000000E-2	1.120000E-12	1.120000E-12	2.852050E-14	2.852050E-14
-2.000000E-2	5.800000E-13	5.800000E-13	1.476954E-14	1.476954E-14
-1.000000E-2	1.020000E-12	1.020000E-12	2.597403E-14	2.597403E-14
0.000000E+0	-4.200000E-13	4.200000E-13	-1.069519E-14	1.069519E-14
1.000000E-2	1.310000E-12	1.310000E-12	3.335880E-14	3.335880E-14
2.000000E-2	-7.300000E-13	7.300000E-13	-1.858925E-14	1.858925E-14
3.000000E-2	1.190000E-12	1.190000E-12	3.030303E-14	3.030303E-14
4.000000E-2	-3.400000E-13	3.400000E-13	-8.658009E-15	8.658009E-15
5.000000E-2	1.290000E-12	1.290000E-12	3.284950E-14	3.284950E-14
6.000000E-2	9.700000E-13	9.700000E-13	2.470079E-14	2.470079E-14
7.000000E-2	1.110000E-12	1.110000E-12	2.826585E-14	2.826585E-14
8.000000E-2	4.600000E-13	4.600000E-13	1.171378E-14	1.171378E-14
9.000000E-2	1.210000E-12	1.210000E-12	3.081232E-14	3.081232E-14
1.000000E-1	6.300000E-13	6.300000E-13	1.604278E-14	1.604278E-14
1.100000E-1	9.300000E-13	9.300000E-13	2.368220E-14	2.368220E-14
1.200000E-1	6.800000E-13	6.800000E-13	1.731602E-14	1.731602E-14
1.300000E-1	1.060000E-12	1.060000E-12	2.699261E-14	2.699261E-14
1.400000E-1	4.300000E-13	4.300000E-13	1.094983E-14	1.094983E-14
1.500000E-1	6.800000E-13	6.800000E-13	1.731602E-14	1.731602E-14
1.600000E-1	1.600000E-13	1.600000E-13	4.074357E-15	4.074357E-15
1.700000E-1	1.060000E-12	1.060000E-12	2.699261E-14	2.699261E-14
1.800000E-1	9.900000E-13	9.900000E-13	2.521008E-14	2.521008E-14
1.900000E-1	1.180000E-12	1.180000E-12	3.004838E-14	3.004838E-14
2.000000E-1	9.300000E-13	9.300000E-13	2.368220E-14	2.368220E-14
2.100000E-1	1.220000E-12	1.220000E-12	3.106697E-14	3.106697E-14
2.200000E-1	7.800000E-13	7.800000E-13	1.986249E-14	1.986249E-14
2.300000E-1	4.600000E-13	4.600000E-13	1.171378E-14	1.171378E-14
2.400000E-1	6.800000E-13	6.800000E-13	1.731602E-14	1.731602E-14
2.500000E-1	8.100000E-13	8.100000E-13	2.062643E-14	2.062643E-14
2.600000E-1	7.100000E-13	7.100000E-13	1.807996E-14	1.807996E-14
2.700000E-1	1.100000E-12	1.100000E-12	2.801120E-14	2.801120E-14
2.800000E-1	-1.000000E-13	1.000000E-13	-2.546473E-15	2.546473E-15
2.900000E-1	1.540000E-12	1.540000E-12	3.921569E-14	3.921569E-14
3.000000E-1	-1.000000E-14	1.000000E-14	-2.546473E-16	2.546473E-16
3.100000E-1	1.040000E-12	1.040000E-12	2.648332E-14	2.648332E-14
3.200000E-1	1.060000E-12	1.060000E-12	2.699261E-14	2.699261E-14
3.300000E-1	1.220000E-12	1.220000E-12	3.106697E-14	3.106697E-14
3.400000E-1	8.100000E-13	8.100000E-13	2.062643E-14	2.062643E-14
3.500000E-1	1.340000E-12	1.340000E-12	3.412274E-14	3.412274E-14
3.600000E-1	7.000000E-14	7.000000E-14	1.782531E-15	1.782531E-15
3.700000E-1	1.080000E-12	1.080000E-12	2.750191E-14	2.750191E-14
3.800000E-1	9.900000E-13	9.900000E-13	2.521008E-14	2.521008E-14
3.900000E-1	1.530000E-12	1.530000E-12	3.896104E-14	3.896104E-14
4.000000E-1	1.250000E-12	1.250000E-12	3.183091E-14	3.183091E-14
4.100000E-1	1.020000E-12	1.020000E-12	2.597403E-14	2.597403E-14
4.200000E-1	4.300000E-13	4.300000E-13	1.094983E-14	1.094983E-14
4.300000E-1	1.500000E-12	1.500000E-12	3.819710E-14	3.819710E-14
4.400000E-1	6.800000E-13	6.800000E-13	1.731602E-14	1.731602E-14
4.500000E-1	1.130000E-12	1.130000E-12	2.877515E-14	2.877515E-14
4.600000E-1	1.130000E-12	1.130000E-12	2.877515E-14	2.877515E-14
4.700000E-1	1.240000E-12	1.240000E-12	3.157627E-14	3.157627E-14
4.800000E-1	3.800000E-13	3.800000E-13	9.676598E-15	9.676598E-15
4.900000E-1	1.470000E-12	1.470000E-12	3.743315E-14	3.743315E-14
5.000000E-1	1.660000E-12	1.660000E-12	4.227145E-14	4.227145E-14
