

15:09:02	24/03/21


Ell Cont: 5,0x10,0

SMU1	V name:		V1
	I name:		I1
	Mode:		V
	Function:	VAR1
SMU2	V name:		V2
	I name:		I2
	Mode:		common
	Function:	const.
SMU3	off
SMU4	off
VMUs	off

Primary Source (VAR1):	single
	Sweep Spacing:	linear
	Start:		-1.500000
	Stop:		1.500000
	Step:		0.010000
	Compliance:	0.050000
Power Compliance OFF

Timing:		Integration Time:	medium
	Delay Time (sec):	0.000000
	Hold Time (sec):	0.000000
	Wait Time (sec):	1.000000

Secondary Source (VAR2):	OFF


   V1	   I1	Abs(I)	J (A\µm²)	Abs(J)
-1.500000E+0	-4.999810E-2	4.999810E-2	-1.273188E-3	1.273188E-3
-1.490000E+0	-4.923700E-2	4.923700E-2	-1.253807E-3	1.253807E-3
-1.480000E+0	-4.950620E-2	4.950620E-2	-1.260662E-3	1.260662E-3
-1.470000E+0	-4.809070E-2	4.809070E-2	-1.224617E-3	1.224617E-3
-1.460000E+0	-4.710940E-2	4.710940E-2	-1.199628E-3	1.199628E-3
-1.450000E+0	-4.612850E-2	4.612850E-2	-1.174650E-3	1.174650E-3
-1.440000E+0	-4.999870E-2	4.999870E-2	-1.273203E-3	1.273203E-3
-1.430000E+0	-4.999870E-2	4.999870E-2	-1.273203E-3	1.273203E-3
-1.420000E+0	-4.999840E-2	4.999840E-2	-1.273196E-3	1.273196E-3
-1.410000E+0	-4.999860E-2	4.999860E-2	-1.273201E-3	1.273201E-3
-1.400000E+0	-4.999870E-2	4.999870E-2	-1.273203E-3	1.273203E-3
-1.390000E+0	-4.999860E-2	4.999860E-2	-1.273201E-3	1.273201E-3
-1.380000E+0	-4.999860E-2	4.999860E-2	-1.273201E-3	1.273201E-3
-1.370000E+0	-4.998790E-2	4.998790E-2	-1.272928E-3	1.272928E-3
-1.360000E+0	-4.890140E-2	4.890140E-2	-1.245261E-3	1.245261E-3
-1.350000E+0	-4.875420E-2	4.875420E-2	-1.241513E-3	1.241513E-3
-1.340000E+0	-4.843170E-2	4.843170E-2	-1.233300E-3	1.233300E-3
-1.330000E+0	-4.782870E-2	4.782870E-2	-1.217945E-3	1.217945E-3
-1.320000E+0	-4.670630E-2	4.670630E-2	-1.189363E-3	1.189363E-3
-1.310000E+0	-4.577760E-2	4.577760E-2	-1.165714E-3	1.165714E-3
-1.300000E+0	-4.479600E-2	4.479600E-2	-1.140718E-3	1.140718E-3
-1.290000E+0	-4.999870E-2	4.999870E-2	-1.273203E-3	1.273203E-3
-1.280000E+0	-4.999870E-2	4.999870E-2	-1.273203E-3	1.273203E-3
-1.270000E+0	-4.999860E-2	4.999860E-2	-1.273201E-3	1.273201E-3
-1.260000E+0	-4.999860E-2	4.999860E-2	-1.273201E-3	1.273201E-3
-1.250000E+0	-4.999860E-2	4.999860E-2	-1.273201E-3	1.273201E-3
-1.240000E+0	-4.999870E-2	4.999870E-2	-1.273203E-3	1.273203E-3
-1.230000E+0	-4.999870E-2	4.999870E-2	-1.273203E-3	1.273203E-3
-1.220000E+0	-4.999870E-2	4.999870E-2	-1.273203E-3	1.273203E-3
-1.210000E+0	-4.999860E-2	4.999860E-2	-1.273201E-3	1.273201E-3
-1.200000E+0	-4.999870E-2	4.999870E-2	-1.273203E-3	1.273203E-3
-1.190000E+0	-4.999860E-2	4.999860E-2	-1.273201E-3	1.273201E-3
-1.180000E+0	-4.999870E-2	4.999870E-2	-1.273203E-3	1.273203E-3
-1.170000E+0	-4.999870E-2	4.999870E-2	-1.273203E-3	1.273203E-3
-1.160000E+0	-4.999870E-2	4.999870E-2	-1.273203E-3	1.273203E-3
-1.150000E+0	-4.999860E-2	4.999860E-2	-1.273201E-3	1.273201E-3
-1.140000E+0	-4.999870E-2	4.999870E-2	-1.273203E-3	1.273203E-3
-1.130000E+0	-4.999870E-2	4.999870E-2	-1.273203E-3	1.273203E-3
-1.120000E+0	-4.999860E-2	4.999860E-2	-1.273201E-3	1.273201E-3
-1.110000E+0	-4.999850E-2	4.999850E-2	-1.273198E-3	1.273198E-3
-1.100000E+0	-4.999870E-2	4.999870E-2	-1.273203E-3	1.273203E-3
-1.090000E+0	-4.985550E-2	4.985550E-2	-1.269557E-3	1.269557E-3
-1.080000E+0	-4.941900E-2	4.941900E-2	-1.258442E-3	1.258442E-3
-1.070000E+0	-4.892760E-2	4.892760E-2	-1.245928E-3	1.245928E-3
-1.060000E+0	-4.848440E-2	4.848440E-2	-1.234642E-3	1.234642E-3
-1.050000E+0	-4.803540E-2	4.803540E-2	-1.223209E-3	1.223209E-3
-1.040000E+0	-4.770430E-2	4.770430E-2	-1.214777E-3	1.214777E-3
-1.030000E+0	-4.722930E-2	4.722930E-2	-1.202681E-3	1.202681E-3
-1.020000E+0	-4.677010E-2	4.677010E-2	-1.190988E-3	1.190988E-3
-1.010000E+0	-4.627060E-2	4.627060E-2	-1.178268E-3	1.178268E-3
-1.000000E+0	-4.580540E-2	4.580540E-2	-1.166422E-3	1.166422E-3
-9.900000E-1	-4.528880E-2	4.528880E-2	-1.153267E-3	1.153267E-3
-9.800000E-1	-4.485860E-2	4.485860E-2	-1.142312E-3	1.142312E-3
-9.700000E-1	-4.438610E-2	4.438610E-2	-1.130280E-3	1.130280E-3
-9.600000E-1	-4.386490E-2	4.386490E-2	-1.117008E-3	1.117008E-3
-9.500000E-1	-4.335270E-2	4.335270E-2	-1.103965E-3	1.103965E-3
-9.400000E-1	-4.282920E-2	4.282920E-2	-1.090634E-3	1.090634E-3
-9.300000E-1	-4.237690E-2	4.237690E-2	-1.079116E-3	1.079116E-3
-9.200000E-1	-4.187720E-2	4.187720E-2	-1.066392E-3	1.066392E-3
-9.100000E-1	-4.139880E-2	4.139880E-2	-1.054209E-3	1.054209E-3
-9.000000E-1	-4.093290E-2	4.093290E-2	-1.042345E-3	1.042345E-3
-8.900000E-1	-4.047240E-2	4.047240E-2	-1.030619E-3	1.030619E-3
-8.800000E-1	-3.998740E-2	3.998740E-2	-1.018268E-3	1.018268E-3
-8.700000E-1	-3.951400E-2	3.951400E-2	-1.006213E-3	1.006213E-3
-8.600000E-1	-3.925120E-2	3.925120E-2	-9.995213E-4	9.995213E-4
-8.500000E-1	-3.885980E-2	3.885980E-2	-9.895544E-4	9.895544E-4
-8.400000E-1	-3.837160E-2	3.837160E-2	-9.771225E-4	9.771225E-4
-8.300000E-1	-3.830820E-2	3.830820E-2	-9.755080E-4	9.755080E-4
-8.200000E-1	-3.787520E-2	3.787520E-2	-9.644818E-4	9.644818E-4
-8.100000E-1	-3.734410E-2	3.734410E-2	-9.509575E-4	9.509575E-4
-8.000000E-1	-3.678010E-2	3.678010E-2	-9.365954E-4	9.365954E-4
-7.900000E-1	-3.624080E-2	3.624080E-2	-9.228622E-4	9.228622E-4
-7.800000E-1	-3.570870E-2	3.570870E-2	-9.093124E-4	9.093124E-4
-7.700000E-1	-3.519640E-2	3.519640E-2	-8.962669E-4	8.962669E-4
-7.600000E-1	-3.468500E-2	3.468500E-2	-8.832442E-4	8.832442E-4
-7.500000E-1	-3.420580E-2	3.420580E-2	-8.710415E-4	8.710415E-4
-7.400000E-1	-3.374070E-2	3.374070E-2	-8.591979E-4	8.591979E-4
-7.300000E-1	-3.324550E-2	3.324550E-2	-8.465877E-4	8.465877E-4
-7.200000E-1	-3.276110E-2	3.276110E-2	-8.342526E-4	8.342526E-4
-7.100000E-1	-3.225610E-2	3.225610E-2	-8.213929E-4	8.213929E-4
-7.000000E-1	-3.175890E-2	3.175890E-2	-8.087318E-4	8.087318E-4
-6.900000E-1	-3.127330E-2	3.127330E-2	-7.963662E-4	7.963662E-4
-6.800000E-1	-3.083160E-2	3.083160E-2	-7.851184E-4	7.851184E-4
-6.700000E-1	-3.033710E-2	3.033710E-2	-7.725261E-4	7.725261E-4
-6.600000E-1	-2.985830E-2	2.985830E-2	-7.603336E-4	7.603336E-4
-6.500000E-1	-2.940620E-2	2.940620E-2	-7.488210E-4	7.488210E-4
-6.400000E-1	-2.891820E-2	2.891820E-2	-7.363942E-4	7.363942E-4
-6.300000E-1	-2.843700E-2	2.843700E-2	-7.241406E-4	7.241406E-4
-6.200000E-1	-2.795110E-2	2.795110E-2	-7.117672E-4	7.117672E-4
-6.100000E-1	-2.746030E-2	2.746030E-2	-6.992692E-4	6.992692E-4
-6.000000E-1	-2.698940E-2	2.698940E-2	-6.872778E-4	6.872778E-4
-5.900000E-1	-2.651740E-2	2.651740E-2	-6.752585E-4	6.752585E-4
-5.800000E-1	-2.608070E-2	2.608070E-2	-6.641380E-4	6.641380E-4
-5.700000E-1	-2.560350E-2	2.560350E-2	-6.519862E-4	6.519862E-4
-5.600000E-1	-2.513520E-2	2.513520E-2	-6.400611E-4	6.400611E-4
-5.500000E-1	-2.464590E-2	2.464590E-2	-6.276012E-4	6.276012E-4
-5.400000E-1	-2.418010E-2	2.418010E-2	-6.157397E-4	6.157397E-4
-5.300000E-1	-2.371990E-2	2.371990E-2	-6.040209E-4	6.040209E-4
-5.200000E-1	-2.325560E-2	2.325560E-2	-5.921976E-4	5.921976E-4
-5.100000E-1	-2.279930E-2	2.279930E-2	-5.805780E-4	5.805780E-4
-5.000000E-1	-2.231980E-2	2.231980E-2	-5.683677E-4	5.683677E-4
-4.900000E-1	-2.186540E-2	2.186540E-2	-5.567965E-4	5.567965E-4
-4.800000E-1	-2.141030E-2	2.141030E-2	-5.452075E-4	5.452075E-4
-4.700000E-1	-2.095000E-2	2.095000E-2	-5.334861E-4	5.334861E-4
-4.600000E-1	-2.049300E-2	2.049300E-2	-5.218487E-4	5.218487E-4
-4.500000E-1	-2.004010E-2	2.004010E-2	-5.103158E-4	5.103158E-4
-4.400000E-1	-1.959780E-2	1.959780E-2	-4.990527E-4	4.990527E-4
-4.300000E-1	-1.914590E-2	1.914590E-2	-4.875452E-4	4.875452E-4
-4.200000E-1	-1.869440E-2	1.869440E-2	-4.760479E-4	4.760479E-4
-4.100000E-1	-1.823490E-2	1.823490E-2	-4.643468E-4	4.643468E-4
-4.000000E-1	-1.778940E-2	1.778940E-2	-4.530023E-4	4.530023E-4
-3.900000E-1	-1.734240E-2	1.734240E-2	-4.416196E-4	4.416196E-4
-3.800000E-1	-1.688680E-2	1.688680E-2	-4.300178E-4	4.300178E-4
-3.700000E-1	-1.644160E-2	1.644160E-2	-4.186809E-4	4.186809E-4
-3.600000E-1	-1.599910E-2	1.599910E-2	-4.074128E-4	4.074128E-4
-3.500000E-1	-1.555330E-2	1.555330E-2	-3.960606E-4	3.960606E-4
-3.400000E-1	-1.510880E-2	1.510880E-2	-3.847415E-4	3.847415E-4
-3.300000E-1	-1.465690E-2	1.465690E-2	-3.732340E-4	3.732340E-4
-3.200000E-1	-1.424220E-2	1.424220E-2	-3.626738E-4	3.626738E-4
-3.100000E-1	-1.384840E-2	1.384840E-2	-3.526458E-4	3.526458E-4
-3.000000E-1	-1.341510E-2	1.341510E-2	-3.416119E-4	3.416119E-4
-2.900000E-1	-1.299310E-2	1.299310E-2	-3.308658E-4	3.308658E-4
-2.800000E-1	-1.256510E-2	1.256510E-2	-3.199669E-4	3.199669E-4
-2.700000E-1	-1.213370E-2	1.213370E-2	-3.089814E-4	3.089814E-4
-2.600000E-1	-1.169620E-2	1.169620E-2	-2.978406E-4	2.978406E-4
-2.500000E-1	-1.125760E-2	1.125760E-2	-2.866718E-4	2.866718E-4
-2.400000E-1	-1.080450E-2	1.080450E-2	-2.751337E-4	2.751337E-4
-2.300000E-1	-1.035740E-2	1.035740E-2	-2.637484E-4	2.637484E-4
-2.200000E-1	-9.909030E-3	9.909030E-3	-2.523308E-4	2.523308E-4
-2.100000E-1	-9.452030E-3	9.452030E-3	-2.406934E-4	2.406934E-4
-2.000000E-1	-8.993360E-3	8.993360E-3	-2.290135E-4	2.290135E-4
-1.900000E-1	-8.548070E-3	8.548070E-3	-2.176743E-4	2.176743E-4
-1.800000E-1	-8.093130E-3	8.093130E-3	-2.060894E-4	2.060894E-4
-1.700000E-1	-7.643160E-3	7.643160E-3	-1.946310E-4	1.946310E-4
-1.600000E-1	-7.186660E-3	7.186660E-3	-1.830064E-4	1.830064E-4
-1.500000E-1	-6.730800E-3	6.730800E-3	-1.713980E-4	1.713980E-4
-1.400000E-1	-6.281940E-3	6.281940E-3	-1.599679E-4	1.599679E-4
-1.300000E-1	-5.832030E-3	5.832030E-3	-1.485111E-4	1.485111E-4
-1.200000E-1	-5.384070E-3	5.384070E-3	-1.371039E-4	1.371039E-4
-1.100000E-1	-4.930460E-3	4.930460E-3	-1.255528E-4	1.255528E-4
-1.000000E-1	-4.472410E-3	4.472410E-3	-1.138887E-4	1.138887E-4
-9.000000E-2	-4.019540E-3	4.019540E-3	-1.023565E-4	1.023565E-4
-8.000000E-2	-3.571960E-3	3.571960E-3	-9.095900E-5	9.095900E-5
-7.000000E-2	-3.122690E-3	3.122690E-3	-7.951846E-5	7.951846E-5
-6.000000E-2	-2.675510E-3	2.675510E-3	-6.813114E-5	6.813114E-5
-5.000000E-2	-2.226240E-3	2.226240E-3	-5.669060E-5	5.669060E-5
-4.000000E-2	-1.779440E-3	1.779440E-3	-4.531296E-5	4.531296E-5
-3.000000E-2	-1.333800E-3	1.333800E-3	-3.396486E-5	3.396486E-5
-2.000000E-2	-8.882900E-4	8.882900E-4	-2.262007E-5	2.262007E-5
-1.000000E-2	-4.467910E-4	4.467910E-4	-1.137741E-5	1.137741E-5
0.000000E+0	-2.506210E-6	2.506210E-6	-6.381996E-8	6.381996E-8
1.000000E-2	4.364500E-4	4.364500E-4	1.111408E-5	1.111408E-5
2.000000E-2	8.784590E-4	8.784590E-4	2.236972E-5	2.236972E-5
3.000000E-2	1.320190E-3	1.320190E-3	3.361828E-5	3.361828E-5
4.000000E-2	1.759130E-3	1.759130E-3	4.479577E-5	4.479577E-5
5.000000E-2	2.200950E-3	2.200950E-3	5.604660E-5	5.604660E-5
6.000000E-2	2.639080E-3	2.639080E-3	6.720346E-5	6.720346E-5
7.000000E-2	3.077850E-3	3.077850E-3	7.837662E-5	7.837662E-5
8.000000E-2	3.514030E-3	3.514030E-3	8.948383E-5	8.948383E-5
9.000000E-2	3.951830E-3	3.951830E-3	1.006323E-4	1.006323E-4
1.000000E-1	4.388490E-3	4.388490E-3	1.117517E-4	1.117517E-4
1.100000E-1	4.828520E-3	4.828520E-3	1.229570E-4	1.229570E-4
1.200000E-1	5.265420E-3	5.265420E-3	1.340825E-4	1.340825E-4
1.300000E-1	5.703290E-3	5.703290E-3	1.452327E-4	1.452327E-4
1.400000E-1	6.141610E-3	6.141610E-3	1.563944E-4	1.563944E-4
1.500000E-1	6.576430E-3	6.576430E-3	1.674670E-4	1.674670E-4
1.600000E-1	7.010460E-3	7.010460E-3	1.785195E-4	1.785195E-4
1.700000E-1	7.445870E-3	7.445870E-3	1.896071E-4	1.896071E-4
1.800000E-1	7.881100E-3	7.881100E-3	2.006901E-4	2.006901E-4
1.900000E-1	8.307240E-3	8.307240E-3	2.115416E-4	2.115416E-4
2.000000E-1	8.734890E-3	8.734890E-3	2.224316E-4	2.224316E-4
2.100000E-1	9.160570E-3	9.160570E-3	2.332715E-4	2.332715E-4
2.200000E-1	9.592640E-3	9.592640E-3	2.442740E-4	2.442740E-4
2.300000E-1	1.001457E-2	1.001457E-2	2.550183E-4	2.550183E-4
2.400000E-1	1.044419E-2	1.044419E-2	2.659585E-4	2.659585E-4
2.500000E-1	1.088072E-2	1.088072E-2	2.770746E-4	2.770746E-4
2.600000E-1	1.129808E-2	1.129808E-2	2.877026E-4	2.877026E-4
2.700000E-1	1.173570E-2	1.173570E-2	2.988464E-4	2.988464E-4
2.800000E-1	1.214230E-2	1.214230E-2	3.092004E-4	3.092004E-4
2.900000E-1	1.254590E-2	1.254590E-2	3.194780E-4	3.194780E-4
3.000000E-1	1.296040E-2	1.296040E-2	3.300331E-4	3.300331E-4
3.100000E-1	1.335980E-2	1.335980E-2	3.402037E-4	3.402037E-4
3.200000E-1	1.380580E-2	1.380580E-2	3.515610E-4	3.515610E-4
3.300000E-1	1.426140E-2	1.426140E-2	3.631627E-4	3.631627E-4
3.400000E-1	1.471740E-2	1.471740E-2	3.747746E-4	3.747746E-4
3.500000E-1	1.519100E-2	1.519100E-2	3.868347E-4	3.868347E-4
3.600000E-1	1.571030E-2	1.571030E-2	4.000586E-4	4.000586E-4
3.700000E-1	1.619520E-2	1.619520E-2	4.124064E-4	4.124064E-4
3.800000E-1	1.672700E-2	1.672700E-2	4.259486E-4	4.259486E-4
3.900000E-1	1.722500E-2	1.722500E-2	4.386300E-4	4.386300E-4
4.000000E-1	1.773460E-2	1.773460E-2	4.516068E-4	4.516068E-4
4.100000E-1	1.824880E-2	1.824880E-2	4.647008E-4	4.647008E-4
4.200000E-1	1.876700E-2	1.876700E-2	4.778966E-4	4.778966E-4
4.300000E-1	1.925500E-2	1.925500E-2	4.903234E-4	4.903234E-4
4.400000E-1	1.979060E-2	1.979060E-2	5.039623E-4	5.039623E-4
4.500000E-1	2.032520E-2	2.032520E-2	5.175758E-4	5.175758E-4
4.600000E-1	2.085330E-2	2.085330E-2	5.310237E-4	5.310237E-4
4.700000E-1	2.134330E-2	2.134330E-2	5.435014E-4	5.435014E-4
4.800000E-1	2.184240E-2	2.184240E-2	5.562108E-4	5.562108E-4
4.900000E-1	2.230340E-2	2.230340E-2	5.679501E-4	5.679501E-4
5.000000E-1	2.279800E-2	2.279800E-2	5.805449E-4	5.805449E-4
5.100000E-1	2.332260E-2	2.332260E-2	5.939037E-4	5.939037E-4
5.200000E-1	2.384300E-2	2.384300E-2	6.071556E-4	6.071556E-4
5.300000E-1	2.433610E-2	2.433610E-2	6.197122E-4	6.197122E-4
5.400000E-1	2.502160E-2	2.502160E-2	6.371683E-4	6.371683E-4
5.500000E-1	2.546990E-2	2.546990E-2	6.485842E-4	6.485842E-4
5.600000E-1	2.571840E-2	2.571840E-2	6.549121E-4	6.549121E-4
5.700000E-1	2.618620E-2	2.618620E-2	6.668245E-4	6.668245E-4
5.800000E-1	2.656320E-2	2.656320E-2	6.764247E-4	6.764247E-4
5.900000E-1	2.695010E-2	2.695010E-2	6.862770E-4	6.862770E-4
6.000000E-1	2.736050E-2	2.736050E-2	6.967278E-4	6.967278E-4
6.100000E-1	3.596600E-2	3.596600E-2	9.158645E-4	9.158645E-4
6.200000E-1	3.662500E-2	3.662500E-2	9.326458E-4	9.326458E-4
6.300000E-1	3.695170E-2	3.695170E-2	9.409651E-4	9.409651E-4
6.400000E-1	3.600970E-2	3.600970E-2	9.169773E-4	9.169773E-4
6.500000E-1	3.117990E-2	3.117990E-2	7.939878E-4	7.939878E-4
6.600000E-1	3.103260E-2	3.103260E-2	7.902368E-4	7.902368E-4
6.700000E-1	3.123930E-2	3.123930E-2	7.955004E-4	7.955004E-4
6.800000E-1	3.114540E-2	3.114540E-2	7.931092E-4	7.931092E-4
6.900000E-1	3.128500E-2	3.128500E-2	7.966641E-4	7.966641E-4
7.000000E-1	3.132200E-2	3.132200E-2	7.976063E-4	7.976063E-4
7.100000E-1	3.138090E-2	3.138090E-2	7.991062E-4	7.991062E-4
7.200000E-1	3.140200E-2	3.140200E-2	7.996435E-4	7.996435E-4
7.300000E-1	3.167580E-2	3.167580E-2	8.066157E-4	8.066157E-4
7.400000E-1	3.159950E-2	3.159950E-2	8.046728E-4	8.046728E-4
7.500000E-1	3.153940E-2	3.153940E-2	8.031423E-4	8.031423E-4
7.600000E-1	3.161370E-2	3.161370E-2	8.050344E-4	8.050344E-4
7.700000E-1	3.173070E-2	3.173070E-2	8.080137E-4	8.080137E-4
7.800000E-1	3.186950E-2	3.186950E-2	8.115482E-4	8.115482E-4
7.900000E-1	3.176070E-2	3.176070E-2	8.087777E-4	8.087777E-4
8.000000E-1	3.177110E-2	3.177110E-2	8.090425E-4	8.090425E-4
8.100000E-1	3.163670E-2	3.163670E-2	8.056201E-4	8.056201E-4
8.200000E-1	3.167530E-2	3.167530E-2	8.066030E-4	8.066030E-4
8.300000E-1	3.163730E-2	3.163730E-2	8.056353E-4	8.056353E-4
8.400000E-1	3.186120E-2	3.186120E-2	8.113369E-4	8.113369E-4
8.500000E-1	3.202080E-2	3.202080E-2	8.154011E-4	8.154011E-4
8.600000E-1	3.211530E-2	3.211530E-2	8.178075E-4	8.178075E-4
8.700000E-1	3.193270E-2	3.193270E-2	8.131576E-4	8.131576E-4
8.800000E-1	3.180600E-2	3.180600E-2	8.099312E-4	8.099312E-4
8.900000E-1	3.164140E-2	3.164140E-2	8.057397E-4	8.057397E-4
9.000000E-1	3.166930E-2	3.166930E-2	8.064502E-4	8.064502E-4
9.100000E-1	3.170320E-2	3.170320E-2	8.073135E-4	8.073135E-4
9.200000E-1	3.165360E-2	3.165360E-2	8.060504E-4	8.060504E-4
9.300000E-1	3.163940E-2	3.163940E-2	8.056888E-4	8.056888E-4
9.400000E-1	3.177270E-2	3.177270E-2	8.090833E-4	8.090833E-4
9.500000E-1	3.170940E-2	3.170940E-2	8.074713E-4	8.074713E-4
9.600000E-1	3.177220E-2	3.177220E-2	8.090705E-4	8.090705E-4
9.700000E-1	3.188740E-2	3.188740E-2	8.120041E-4	8.120041E-4
9.800000E-1	3.303010E-2	3.303010E-2	8.411026E-4	8.411026E-4
9.900000E-1	3.277710E-2	3.277710E-2	8.346600E-4	8.346600E-4
1.000000E+0	3.248100E-2	3.248100E-2	8.271199E-4	8.271199E-4
1.010000E+0	3.268330E-2	3.268330E-2	8.322714E-4	8.322714E-4
1.020000E+0	3.535450E-2	3.535450E-2	9.002928E-4	9.002928E-4
1.030000E+0	3.716260E-2	3.716260E-2	9.463356E-4	9.463356E-4
1.040000E+0	3.753570E-2	3.753570E-2	9.558365E-4	9.558365E-4
1.050000E+0	3.748730E-2	3.748730E-2	9.546040E-4	9.546040E-4
1.060000E+0	3.741740E-2	3.741740E-2	9.528240E-4	9.528240E-4
1.070000E+0	3.746910E-2	3.746910E-2	9.541406E-4	9.541406E-4
1.080000E+0	3.729130E-2	3.729130E-2	9.496129E-4	9.496129E-4
1.090000E+0	3.757270E-2	3.757270E-2	9.567787E-4	9.567787E-4
1.100000E+0	3.829070E-2	3.829070E-2	9.750624E-4	9.750624E-4
1.110000E+0	3.867280E-2	3.867280E-2	9.847925E-4	9.847925E-4
1.120000E+0	4.269580E-2	4.269580E-2	1.087237E-3	1.087237E-3
1.130000E+0	4.251770E-2	4.251770E-2	1.082702E-3	1.082702E-3
1.140000E+0	4.160840E-2	4.160840E-2	1.059547E-3	1.059547E-3
1.150000E+0	4.229380E-2	4.229380E-2	1.077000E-3	1.077000E-3
1.160000E+0	4.297750E-2	4.297750E-2	1.094410E-3	1.094410E-3
1.170000E+0	4.488390E-2	4.488390E-2	1.142956E-3	1.142956E-3
1.180000E+0	4.800320E-2	4.800320E-2	1.222389E-3	1.222389E-3
1.190000E+0	4.538830E-2	4.538830E-2	1.155801E-3	1.155801E-3
1.200000E+0	4.577110E-2	4.577110E-2	1.165549E-3	1.165549E-3
1.210000E+0	4.623890E-2	4.623890E-2	1.177461E-3	1.177461E-3
1.220000E+0	4.973840E-2	4.973840E-2	1.266575E-3	1.266575E-3
1.230000E+0	4.999890E-2	4.999890E-2	1.273209E-3	1.273209E-3
1.240000E+0	4.986810E-2	4.986810E-2	1.269878E-3	1.269878E-3
1.250000E+0	4.999970E-2	4.999970E-2	1.273229E-3	1.273229E-3
1.260000E+0	4.999970E-2	4.999970E-2	1.273229E-3	1.273229E-3
1.270000E+0	4.999960E-2	4.999960E-2	1.273226E-3	1.273226E-3
1.280000E+0	4.999960E-2	4.999960E-2	1.273226E-3	1.273226E-3
1.290000E+0	4.999940E-2	4.999940E-2	1.273221E-3	1.273221E-3
1.300000E+0	4.999970E-2	4.999970E-2	1.273229E-3	1.273229E-3
1.310000E+0	4.999970E-2	4.999970E-2	1.273229E-3	1.273229E-3
1.320000E+0	4.999930E-2	4.999930E-2	1.273219E-3	1.273219E-3
1.330000E+0	4.999950E-2	4.999950E-2	1.273224E-3	1.273224E-3
1.340000E+0	4.999960E-2	4.999960E-2	1.273226E-3	1.273226E-3
1.350000E+0	4.999950E-2	4.999950E-2	1.273224E-3	1.273224E-3
1.360000E+0	5.000030E-2	5.000030E-2	1.273244E-3	1.273244E-3
1.370000E+0	4.999990E-2	4.999990E-2	1.273234E-3	1.273234E-3
1.380000E+0	4.999970E-2	4.999970E-2	1.273229E-3	1.273229E-3
1.390000E+0	4.999960E-2	4.999960E-2	1.273226E-3	1.273226E-3
1.400000E+0	4.999950E-2	4.999950E-2	1.273224E-3	1.273224E-3
1.410000E+0	4.999950E-2	4.999950E-2	1.273224E-3	1.273224E-3
1.420000E+0	4.999920E-2	4.999920E-2	1.273216E-3	1.273216E-3
1.430000E+0	4.999920E-2	4.999920E-2	1.273216E-3	1.273216E-3
1.440000E+0	4.999960E-2	4.999960E-2	1.273226E-3	1.273226E-3
1.450000E+0	5.000050E-2	5.000050E-2	1.273249E-3	1.273249E-3
1.460000E+0	4.999960E-2	4.999960E-2	1.273226E-3	1.273226E-3
1.470000E+0	4.999960E-2	4.999960E-2	1.273226E-3	1.273226E-3
1.480000E+0	4.999960E-2	4.999960E-2	1.273226E-3	1.273226E-3
1.490000E+0	4.999960E-2	4.999960E-2	1.273226E-3	1.273226E-3
1.500000E+0	4.999940E-2	4.999940E-2	1.273221E-3	1.273221E-3
