

15:32:13	24/03/21


Ell Cont: 5,0x10,0

SMU1	V name:		V1
	I name:		I1
	Mode:		V
	Function:	VAR1
SMU2	V name:		V2
	I name:		I2
	Mode:		common
	Function:	const.
SMU3	off
SMU4	off
VMUs	off

Primary Source (VAR1):	single
	Sweep Spacing:	linear
	Start:		-0.500000
	Stop:		0.500000
	Step:		0.010000
	Compliance:	0.050000
Power Compliance OFF

Timing:		Integration Time:	medium
	Delay Time (sec):	0.000000
	Hold Time (sec):	0.000000
	Wait Time (sec):	1.000000

Secondary Source (VAR2):	OFF


   V1	   I1	Abs(I)	J (A\µm²)	Abs(J)
-5.000000E-1	-8.351560E-6	8.351560E-6	-2.126702E-7	2.126702E-7
-4.900000E-1	-8.065470E-6	8.065470E-6	-2.053850E-7	2.053850E-7
-4.800000E-1	-7.788220E-6	7.788220E-6	-1.983249E-7	1.983249E-7
-4.700000E-1	-7.519140E-6	7.519140E-6	-1.914729E-7	1.914729E-7
-4.600000E-1	-7.250780E-6	7.250780E-6	-1.846392E-7	1.846392E-7
-4.500000E-1	-6.991990E-6	6.991990E-6	-1.780491E-7	1.780491E-7
-4.400000E-1	-6.738100E-6	6.738100E-6	-1.715839E-7	1.715839E-7
-4.300000E-1	-6.490240E-6	6.490240E-6	-1.652722E-7	1.652722E-7
-4.200000E-1	-6.247720E-6	6.247720E-6	-1.590965E-7	1.590965E-7
-4.100000E-1	-6.013400E-6	6.013400E-6	-1.531296E-7	1.531296E-7
-4.000000E-1	-5.781300E-6	5.781300E-6	-1.472192E-7	1.472192E-7
-3.900000E-1	-5.552320E-6	5.552320E-6	-1.413883E-7	1.413883E-7
-3.800000E-1	-5.330880E-6	5.330880E-6	-1.357494E-7	1.357494E-7
-3.700000E-1	-5.112370E-6	5.112370E-6	-1.301851E-7	1.301851E-7
-3.600000E-1	-4.903010E-6	4.903010E-6	-1.248538E-7	1.248538E-7
-3.500000E-1	-4.693250E-6	4.693250E-6	-1.195123E-7	1.195123E-7
-3.400000E-1	-4.490800E-6	4.490800E-6	-1.143570E-7	1.143570E-7
-3.300000E-1	-4.291380E-6	4.291380E-6	-1.092788E-7	1.092788E-7
-3.200000E-1	-4.097080E-6	4.097080E-6	-1.043310E-7	1.043310E-7
-3.100000E-1	-3.906160E-6	3.906160E-6	-9.946931E-8	9.946931E-8
-3.000000E-1	-3.721890E-6	3.721890E-6	-9.477693E-8	9.477693E-8
-2.900000E-1	-3.542900E-6	3.542900E-6	-9.021900E-8	9.021900E-8
-2.800000E-1	-3.365290E-6	3.365290E-6	-8.569620E-8	8.569620E-8
-2.700000E-1	-3.194750E-6	3.194750E-6	-8.135345E-8	8.135345E-8
-2.600000E-1	-3.027430E-6	3.027430E-6	-7.709269E-8	7.709269E-8
-2.500000E-1	-2.865070E-6	2.865070E-6	-7.295824E-8	7.295824E-8
-2.400000E-1	-2.706020E-6	2.706020E-6	-6.890807E-8	6.890807E-8
-2.300000E-1	-2.553950E-6	2.553950E-6	-6.503565E-8	6.503565E-8
-2.200000E-1	-2.402910E-6	2.402910E-6	-6.118946E-8	6.118946E-8
-2.100000E-1	-2.258080E-6	2.258080E-6	-5.750140E-8	5.750140E-8
-2.000000E-1	-2.116110E-6	2.116110E-6	-5.388617E-8	5.388617E-8
-1.900000E-1	-1.978560E-6	1.978560E-6	-5.038350E-8	5.038350E-8
-1.800000E-1	-1.843790E-6	1.843790E-6	-4.695162E-8	4.695162E-8
-1.700000E-1	-1.715030E-6	1.715030E-6	-4.367278E-8	4.367278E-8
-1.600000E-1	-1.589400E-6	1.589400E-6	-4.047364E-8	4.047364E-8
-1.500000E-1	-1.467720E-6	1.467720E-6	-3.737510E-8	3.737510E-8
-1.400000E-1	-1.349910E-6	1.349910E-6	-3.437510E-8	3.437510E-8
-1.300000E-1	-1.234820E-6	1.234820E-6	-3.144436E-8	3.144436E-8
-1.200000E-1	-1.124430E-6	1.124430E-6	-2.863331E-8	2.863331E-8
-1.100000E-1	-1.016470E-6	1.016470E-6	-2.588414E-8	2.588414E-8
-1.000000E-1	-9.133580E-7	9.133580E-7	-2.325842E-8	2.325842E-8
-9.000000E-2	-8.106090E-7	8.106090E-7	-2.064194E-8	2.064194E-8
-8.000000E-2	-7.126540E-7	7.126540E-7	-1.814754E-8	1.814754E-8
-7.000000E-2	-6.159160E-7	6.159160E-7	-1.568414E-8	1.568414E-8
-6.000000E-2	-5.234670E-7	5.234670E-7	-1.332995E-8	1.332995E-8
-5.000000E-2	-4.315380E-7	4.315380E-7	-1.098900E-8	1.098900E-8
-4.000000E-2	-3.425190E-7	3.425190E-7	-8.722154E-9	8.722154E-9
-3.000000E-2	-2.544350E-7	2.544350E-7	-6.479119E-9	6.479119E-9
-2.000000E-2	-1.672950E-7	1.672950E-7	-4.260122E-9	4.260122E-9
-1.000000E-2	-8.264930E-8	8.264930E-8	-2.104642E-9	2.104642E-9
0.000000E+0	1.990110E-9	1.990110E-9	5.067762E-11	5.067762E-11
1.000000E-2	8.679010E-8	8.679010E-8	2.210087E-9	2.210087E-9
2.000000E-2	1.727780E-7	1.727780E-7	4.399745E-9	4.399745E-9
3.000000E-2	2.608030E-7	2.608030E-7	6.641278E-9	6.641278E-9
4.000000E-2	3.484440E-7	3.484440E-7	8.873033E-9	8.873033E-9
5.000000E-2	4.381680E-7	4.381680E-7	1.115783E-8	1.115783E-8
6.000000E-2	5.291120E-7	5.291120E-7	1.347369E-8	1.347369E-8
7.000000E-2	6.225210E-7	6.225210E-7	1.585233E-8	1.585233E-8
8.000000E-2	7.178710E-7	7.178710E-7	1.828039E-8	1.828039E-8
9.000000E-2	8.159380E-7	8.159380E-7	2.077764E-8	2.077764E-8
1.000000E-1	9.166860E-7	9.166860E-7	2.334316E-8	2.334316E-8
1.100000E-1	1.019140E-6	1.019140E-6	2.595213E-8	2.595213E-8
1.200000E-1	1.126880E-6	1.126880E-6	2.869570E-8	2.869570E-8
1.300000E-1	1.238120E-6	1.238120E-6	3.152839E-8	3.152839E-8
1.400000E-1	1.352510E-6	1.352510E-6	3.444130E-8	3.444130E-8
1.500000E-1	1.469000E-6	1.469000E-6	3.740769E-8	3.740769E-8
1.600000E-1	1.590770E-6	1.590770E-6	4.050853E-8	4.050853E-8
1.700000E-1	1.715750E-6	1.715750E-6	4.369111E-8	4.369111E-8
1.800000E-1	1.844800E-6	1.844800E-6	4.697734E-8	4.697734E-8
1.900000E-1	1.976600E-6	1.976600E-6	5.033359E-8	5.033359E-8
2.000000E-1	2.112980E-6	2.112980E-6	5.380647E-8	5.380647E-8
2.100000E-1	2.253210E-6	2.253210E-6	5.737739E-8	5.737739E-8
2.200000E-1	2.399620E-6	2.399620E-6	6.110568E-8	6.110568E-8
2.300000E-1	2.547990E-6	2.547990E-6	6.488388E-8	6.488388E-8
2.400000E-1	2.700470E-6	2.700470E-6	6.876674E-8	6.876674E-8
2.500000E-1	2.857590E-6	2.857590E-6	7.276776E-8	7.276776E-8
2.600000E-1	3.016960E-6	3.016960E-6	7.682607E-8	7.682607E-8
2.700000E-1	3.183610E-6	3.183610E-6	8.106977E-8	8.106977E-8
2.800000E-1	3.352340E-6	3.352340E-6	8.536644E-8	8.536644E-8
2.900000E-1	3.527310E-6	3.527310E-6	8.982200E-8	8.982200E-8
3.000000E-1	3.705620E-6	3.705620E-6	9.436262E-8	9.436262E-8
3.100000E-1	3.888790E-6	3.888790E-6	9.902699E-8	9.902699E-8
3.200000E-1	4.076000E-6	4.076000E-6	1.037942E-7	1.037942E-7
3.300000E-1	4.268040E-6	4.268040E-6	1.086845E-7	1.086845E-7
3.400000E-1	4.463460E-6	4.463460E-6	1.136608E-7	1.136608E-7
3.500000E-1	4.665600E-6	4.665600E-6	1.188082E-7	1.188082E-7
3.600000E-1	4.870810E-6	4.870810E-6	1.240339E-7	1.240339E-7
3.700000E-1	5.080630E-6	5.080630E-6	1.293769E-7	1.293769E-7
3.800000E-1	5.297910E-6	5.297910E-6	1.349099E-7	1.349099E-7
3.900000E-1	5.517910E-6	5.517910E-6	1.405121E-7	1.405121E-7
4.000000E-1	5.745570E-6	5.745570E-6	1.463094E-7	1.463094E-7
4.100000E-1	5.969060E-6	5.969060E-6	1.520005E-7	1.520005E-7
4.200000E-1	6.205880E-6	6.205880E-6	1.580311E-7	1.580311E-7
4.300000E-1	6.450480E-6	6.450480E-6	1.642597E-7	1.642597E-7
4.400000E-1	6.694970E-6	6.694970E-6	1.704856E-7	1.704856E-7
4.500000E-1	6.943780E-6	6.943780E-6	1.768215E-7	1.768215E-7
4.600000E-1	7.198770E-6	7.198770E-6	1.833147E-7	1.833147E-7
4.700000E-1	7.460890E-6	7.460890E-6	1.899896E-7	1.899896E-7
4.800000E-1	7.725660E-6	7.725660E-6	1.967319E-7	1.967319E-7
4.900000E-1	7.997870E-6	7.997870E-6	2.036636E-7	2.036636E-7
5.000000E-1	8.278360E-6	8.278360E-6	2.108062E-7	2.108062E-7
