

15:17:44	24/03/21


Ell Cont: 5,0x10,0

SMU1	V name:		V1
	I name:		I1
	Mode:		V
	Function:	VAR1
SMU2	V name:		V2
	I name:		I2
	Mode:		common
	Function:	const.
SMU3	off
SMU4	off
VMUs	off

Primary Source (VAR1):	single
	Sweep Spacing:	linear
	Start:		-0.500000
	Stop:		0.500000
	Step:		0.010000
	Compliance:	0.050000
Power Compliance OFF

Timing:		Integration Time:	medium
	Delay Time (sec):	0.000000
	Hold Time (sec):	0.000000
	Wait Time (sec):	1.000000

Secondary Source (VAR2):	OFF


   V1	   I1	Abs(I)	J (A\µm²)	Abs(J)
-5.000000E-1	-3.852340E-5	3.852340E-5	-9.809880E-7	9.809880E-7
-4.900000E-1	-3.718810E-5	3.718810E-5	-9.469850E-7	9.469850E-7
-4.800000E-1	-3.588250E-5	3.588250E-5	-9.137382E-7	9.137382E-7
-4.700000E-1	-3.461050E-5	3.461050E-5	-8.813471E-7	8.813471E-7
-4.600000E-1	-3.334840E-5	3.334840E-5	-8.492080E-7	8.492080E-7
-4.500000E-1	-3.214150E-5	3.214150E-5	-8.184747E-7	8.184747E-7
-4.400000E-1	-3.093790E-5	3.093790E-5	-7.878253E-7	7.878253E-7
-4.300000E-1	-2.976230E-5	2.976230E-5	-7.578890E-7	7.578890E-7
-4.200000E-1	-2.863690E-5	2.863690E-5	-7.292310E-7	7.292310E-7
-4.100000E-1	-2.751330E-5	2.751330E-5	-7.006188E-7	7.006188E-7
-4.000000E-1	-2.643030E-5	2.643030E-5	-6.730405E-7	6.730405E-7
-3.900000E-1	-2.536210E-5	2.536210E-5	-6.458391E-7	6.458391E-7
-3.800000E-1	-2.433090E-5	2.433090E-5	-6.195798E-7	6.195798E-7
-3.700000E-1	-2.330980E-5	2.330980E-5	-5.935778E-7	5.935778E-7
-3.600000E-1	-2.231940E-5	2.231940E-5	-5.683575E-7	5.683575E-7
-3.500000E-1	-2.135020E-5	2.135020E-5	-5.436771E-7	5.436771E-7
-3.400000E-1	-2.041150E-5	2.041150E-5	-5.197734E-7	5.197734E-7
-3.300000E-1	-1.949130E-5	1.949130E-5	-4.963407E-7	4.963407E-7
-3.200000E-1	-1.859220E-5	1.859220E-5	-4.734454E-7	4.734454E-7
-3.100000E-1	-1.771940E-5	1.771940E-5	-4.512198E-7	4.512198E-7
-3.000000E-1	-1.686850E-5	1.686850E-5	-4.295518E-7	4.295518E-7
-2.900000E-1	-1.603820E-5	1.603820E-5	-4.084084E-7	4.084084E-7
-2.800000E-1	-1.523140E-5	1.523140E-5	-3.878635E-7	3.878635E-7
-2.700000E-1	-1.444700E-5	1.444700E-5	-3.678890E-7	3.678890E-7
-2.600000E-1	-1.368110E-5	1.368110E-5	-3.483855E-7	3.483855E-7
-2.500000E-1	-1.294090E-5	1.294090E-5	-3.295365E-7	3.295365E-7
-2.400000E-1	-1.221480E-5	1.221480E-5	-3.110466E-7	3.110466E-7
-2.300000E-1	-1.151370E-5	1.151370E-5	-2.931933E-7	2.931933E-7
-2.200000E-1	-1.083250E-5	1.083250E-5	-2.758467E-7	2.758467E-7
-2.100000E-1	-1.017380E-5	1.017380E-5	-2.590731E-7	2.590731E-7
-2.000000E-1	-9.529660E-6	9.529660E-6	-2.426702E-7	2.426702E-7
-1.900000E-1	-8.907760E-6	8.907760E-6	-2.268337E-7	2.268337E-7
-1.800000E-1	-8.301010E-6	8.301010E-6	-2.113830E-7	2.113830E-7
-1.700000E-1	-7.716990E-6	7.716990E-6	-1.965111E-7	1.965111E-7
-1.600000E-1	-7.150030E-6	7.150030E-6	-1.820736E-7	1.820736E-7
-1.500000E-1	-6.595770E-6	6.595770E-6	-1.679595E-7	1.679595E-7
-1.400000E-1	-6.066030E-6	6.066030E-6	-1.544698E-7	1.544698E-7
-1.300000E-1	-5.548220E-6	5.548220E-6	-1.412839E-7	1.412839E-7
-1.200000E-1	-5.050380E-6	5.050380E-6	-1.286066E-7	1.286066E-7
-1.100000E-1	-4.564250E-6	4.564250E-6	-1.162274E-7	1.162274E-7
-1.000000E-1	-4.097490E-6	4.097490E-6	-1.043415E-7	1.043415E-7
-9.000000E-2	-3.641780E-6	3.641780E-6	-9.273695E-8	9.273695E-8
-8.000000E-2	-3.201900E-6	3.201900E-6	-8.153552E-8	8.153552E-8
-7.000000E-2	-2.771270E-6	2.771270E-6	-7.056965E-8	7.056965E-8
-6.000000E-2	-2.354670E-6	2.354670E-6	-5.996104E-8	5.996104E-8
-5.000000E-2	-1.945090E-6	1.945090E-6	-4.953119E-8	4.953119E-8
-4.000000E-2	-1.547070E-6	1.547070E-6	-3.939572E-8	3.939572E-8
-3.000000E-2	-1.153530E-6	1.153530E-6	-2.937433E-8	2.937433E-8
-2.000000E-2	-7.657710E-7	7.657710E-7	-1.950015E-8	1.950015E-8
-1.000000E-2	-3.824400E-7	3.824400E-7	-9.738732E-9	9.738732E-9
0.000000E+0	-6.581500E-10	6.581500E-10	-1.675961E-11	1.675961E-11
1.000000E-2	3.790350E-7	3.790350E-7	9.652024E-9	9.652024E-9
2.000000E-2	7.654420E-7	7.654420E-7	1.949177E-8	1.949177E-8
3.000000E-2	1.153130E-6	1.153130E-6	2.936415E-8	2.936415E-8
4.000000E-2	1.545250E-6	1.545250E-6	3.934938E-8	3.934938E-8
5.000000E-2	1.945970E-6	1.945970E-6	4.955360E-8	4.955360E-8
6.000000E-2	2.351750E-6	2.351750E-6	5.988668E-8	5.988668E-8
7.000000E-2	2.771630E-6	2.771630E-6	7.057881E-8	7.057881E-8
8.000000E-2	3.199610E-6	3.199610E-6	8.147721E-8	8.147721E-8
9.000000E-2	3.642080E-6	3.642080E-6	9.274459E-8	9.274459E-8
1.000000E-1	4.092500E-6	4.092500E-6	1.042144E-7	1.042144E-7
1.100000E-1	4.563450E-6	4.563450E-6	1.162070E-7	1.162070E-7
1.200000E-1	5.043860E-6	5.043860E-6	1.284405E-7	1.284405E-7
1.300000E-1	5.546140E-6	5.546140E-6	1.412310E-7	1.412310E-7
1.400000E-1	6.061890E-6	6.061890E-6	1.543644E-7	1.543644E-7
1.500000E-1	6.593350E-6	6.593350E-6	1.678979E-7	1.678979E-7
1.600000E-1	7.145850E-6	7.145850E-6	1.819671E-7	1.819671E-7
1.700000E-1	7.709460E-6	7.709460E-6	1.963193E-7	1.963193E-7
1.800000E-1	8.294340E-6	8.294340E-6	2.112131E-7	2.112131E-7
1.900000E-1	8.896370E-6	8.896370E-6	2.265437E-7	2.265437E-7
2.000000E-1	9.518900E-6	9.518900E-6	2.423962E-7	2.423962E-7
2.100000E-1	1.015559E-5	1.015559E-5	2.586094E-7	2.586094E-7
2.200000E-1	1.082016E-5	1.082016E-5	2.755325E-7	2.755325E-7
2.300000E-1	1.149850E-5	1.149850E-5	2.928062E-7	2.928062E-7
2.400000E-1	1.219940E-5	1.219940E-5	3.106544E-7	3.106544E-7
2.500000E-1	1.292070E-5	1.292070E-5	3.290222E-7	3.290222E-7
2.600000E-1	1.365650E-5	1.365650E-5	3.477591E-7	3.477591E-7
2.700000E-1	1.442160E-5	1.442160E-5	3.672422E-7	3.672422E-7
2.800000E-1	1.519760E-5	1.519760E-5	3.870028E-7	3.870028E-7
2.900000E-1	1.600470E-5	1.600470E-5	4.075554E-7	4.075554E-7
3.000000E-1	1.682520E-5	1.682520E-5	4.284492E-7	4.284492E-7
3.100000E-1	1.767420E-5	1.767420E-5	4.500687E-7	4.500687E-7
3.200000E-1	1.854480E-5	1.854480E-5	4.722383E-7	4.722383E-7
3.300000E-1	1.944010E-5	1.944010E-5	4.950369E-7	4.950369E-7
3.400000E-1	2.034600E-5	2.034600E-5	5.181054E-7	5.181054E-7
3.500000E-1	2.128690E-5	2.128690E-5	5.420652E-7	5.420652E-7
3.600000E-1	2.225230E-5	2.225230E-5	5.666488E-7	5.666488E-7
3.700000E-1	2.323480E-5	2.323480E-5	5.916679E-7	5.916679E-7
3.800000E-1	2.424670E-5	2.424670E-5	6.174357E-7	6.174357E-7
3.900000E-1	2.527190E-5	2.527190E-5	6.435421E-7	6.435421E-7
4.000000E-1	2.633530E-5	2.633530E-5	6.706213E-7	6.706213E-7
4.100000E-1	2.740550E-5	2.740550E-5	6.978737E-7	6.978737E-7
4.200000E-1	2.851350E-5	2.851350E-5	7.260886E-7	7.260886E-7
4.300000E-1	2.964010E-5	2.964010E-5	7.547772E-7	7.547772E-7
4.400000E-1	3.080410E-5	3.080410E-5	7.844181E-7	7.844181E-7
4.500000E-1	3.198460E-5	3.198460E-5	8.144792E-7	8.144792E-7
4.600000E-1	3.319170E-5	3.319170E-5	8.452177E-7	8.452177E-7
4.700000E-1	3.441850E-5	3.441850E-5	8.764578E-7	8.764578E-7
4.800000E-1	3.568340E-5	3.568340E-5	9.086682E-7	9.086682E-7
4.900000E-1	3.697720E-5	3.697720E-5	9.416145E-7	9.416145E-7
5.000000E-1	3.829070E-5	3.829070E-5	9.750624E-7	9.750624E-7
