

11:18:48	08/03/21


Ell Cont: 5,0x10,0

SMU1	V name:		V1
	I name:		I1
	Mode:		V
	Function:	VAR1
SMU2	V name:		V2
	I name:		I2
	Mode:		common
	Function:	const.
SMU3	off
SMU4	off
VMUs	off

Primary Source (VAR1):	single
	Sweep Spacing:	linear
	Start:		-0.500000
	Stop:		0.500000
	Step:		0.010000
	Compliance:	0.050000
Power Compliance OFF

Timing:		Integration Time:	medium
	Delay Time (sec):	0.000000
	Hold Time (sec):	0.000000
	Wait Time (sec):	1.000000

Secondary Source (VAR2):	OFF


   V1	   I1	Abs(I)	J (A\µm²)	Abs(J)
-5.000000E-1	-6.645170E-4	6.645170E-4	-1.692175E-5	1.692175E-5
-4.900000E-1	-6.473230E-4	6.473230E-4	-1.648391E-5	1.648391E-5
-4.800000E-1	-6.301970E-4	6.301970E-4	-1.604780E-5	1.604780E-5
-4.700000E-1	-6.133980E-4	6.133980E-4	-1.562002E-5	1.562002E-5
-4.600000E-1	-5.966500E-4	5.966500E-4	-1.519353E-5	1.519353E-5
-4.500000E-1	-5.802200E-4	5.802200E-4	-1.477515E-5	1.477515E-5
-4.400000E-1	-5.637840E-4	5.637840E-4	-1.435661E-5	1.435661E-5
-4.300000E-1	-5.475160E-4	5.475160E-4	-1.394235E-5	1.394235E-5
-4.200000E-1	-5.314990E-4	5.314990E-4	-1.353448E-5	1.353448E-5
-4.100000E-1	-5.155210E-4	5.155210E-4	-1.312760E-5	1.312760E-5
-4.000000E-1	-4.998130E-4	4.998130E-4	-1.272760E-5	1.272760E-5
-3.900000E-1	-4.841800E-4	4.841800E-4	-1.232951E-5	1.232951E-5
-3.800000E-1	-4.687900E-4	4.687900E-4	-1.193761E-5	1.193761E-5
-3.700000E-1	-4.534310E-4	4.534310E-4	-1.154650E-5	1.154650E-5
-3.600000E-1	-4.383480E-4	4.383480E-4	-1.116241E-5	1.116241E-5
-3.500000E-1	-4.232280E-4	4.232280E-4	-1.077739E-5	1.077739E-5
-3.400000E-1	-4.084620E-4	4.084620E-4	-1.040137E-5	1.040137E-5
-3.300000E-1	-3.937370E-4	3.937370E-4	-1.002641E-5	1.002641E-5
-3.200000E-1	-3.792850E-4	3.792850E-4	-9.658391E-6	9.658391E-6
-3.100000E-1	-3.648960E-4	3.648960E-4	-9.291979E-6	9.291979E-6
-3.000000E-1	-3.506290E-4	3.506290E-4	-8.928673E-6	8.928673E-6
-2.900000E-1	-3.366550E-4	3.366550E-4	-8.572829E-6	8.572829E-6
-2.800000E-1	-3.227040E-4	3.227040E-4	-8.217571E-6	8.217571E-6
-2.700000E-1	-3.090470E-4	3.090470E-4	-7.869799E-6	7.869799E-6
-2.600000E-1	-2.954220E-4	2.954220E-4	-7.522842E-6	7.522842E-6
-2.500000E-1	-2.820700E-4	2.820700E-4	-7.182837E-6	7.182837E-6
-2.400000E-1	-2.687910E-4	2.687910E-4	-6.844691E-6	6.844691E-6
-2.300000E-1	-2.557710E-4	2.557710E-4	-6.513140E-6	6.513140E-6
-2.200000E-1	-2.428120E-4	2.428120E-4	-6.183142E-6	6.183142E-6
-2.100000E-1	-2.301260E-4	2.301260E-4	-5.860097E-6	5.860097E-6
-2.000000E-1	-2.175050E-4	2.175050E-4	-5.538706E-6	5.538706E-6
-1.900000E-1	-2.051530E-4	2.051530E-4	-5.224166E-6	5.224166E-6
-1.800000E-1	-1.928800E-4	1.928800E-4	-4.911637E-6	4.911637E-6
-1.700000E-1	-1.808670E-4	1.808670E-4	-4.605730E-6	4.605730E-6
-1.600000E-1	-1.689390E-4	1.689390E-4	-4.301986E-6	4.301986E-6
-1.500000E-1	-1.571800E-4	1.571800E-4	-4.002546E-6	4.002546E-6
-1.400000E-1	-1.456980E-4	1.456980E-4	-3.710160E-6	3.710160E-6
-1.300000E-1	-1.343040E-4	1.343040E-4	-3.420015E-6	3.420015E-6
-1.200000E-1	-1.231670E-4	1.231670E-4	-3.136415E-6	3.136415E-6
-1.100000E-1	-1.121230E-4	1.121230E-4	-2.855182E-6	2.855182E-6
-1.000000E-1	-1.013270E-4	1.013270E-4	-2.580265E-6	2.580265E-6
-9.000000E-2	-9.062180E-5	9.062180E-5	-2.307660E-6	2.307660E-6
-8.000000E-2	-8.014260E-5	8.014260E-5	-2.040810E-6	2.040810E-6
-7.000000E-2	-6.974570E-5	6.974570E-5	-1.776055E-6	1.776055E-6
-6.000000E-2	-5.955720E-5	5.955720E-5	-1.516608E-6	1.516608E-6
-5.000000E-2	-4.941420E-5	4.941420E-5	-1.258319E-6	1.258319E-6
-4.000000E-2	-3.945160E-5	3.945160E-5	-1.004624E-6	1.004624E-6
-3.000000E-2	-2.951110E-5	2.951110E-5	-7.514922E-7	7.514922E-7
-2.000000E-2	-1.963450E-5	1.963450E-5	-4.999873E-7	4.999873E-7
-1.000000E-2	-9.876020E-6	9.876020E-6	-2.514902E-7	2.514902E-7
0.000000E+0	-6.689960E-8	6.689960E-8	-1.703580E-9	1.703580E-9
1.000000E-2	9.656900E-6	9.656900E-6	2.459104E-7	2.459104E-7
2.000000E-2	1.948660E-5	1.948660E-5	4.962210E-7	4.962210E-7
3.000000E-2	2.928860E-5	2.928860E-5	7.458263E-7	7.458263E-7
4.000000E-2	3.923570E-5	3.923570E-5	9.991265E-7	9.991265E-7
5.000000E-2	4.927400E-5	4.927400E-5	1.254749E-6	1.254749E-6
6.000000E-2	5.934850E-5	5.934850E-5	1.511294E-6	1.511294E-6
7.000000E-2	6.962550E-5	6.962550E-5	1.772995E-6	1.772995E-6
8.000000E-2	7.995260E-5	7.995260E-5	2.035971E-6	2.035971E-6
9.000000E-2	9.051390E-5	9.051390E-5	2.304912E-6	2.304912E-6
1.000000E-1	1.011526E-4	1.011526E-4	2.575824E-6	2.575824E-6
1.100000E-1	1.120452E-4	1.120452E-4	2.853201E-6	2.853201E-6
1.200000E-1	1.230330E-4	1.230330E-4	3.133002E-6	3.133002E-6
1.300000E-1	1.342700E-4	1.342700E-4	3.419149E-6	3.419149E-6
1.400000E-1	1.455950E-4	1.455950E-4	3.707538E-6	3.707538E-6
1.500000E-1	1.571780E-4	1.571780E-4	4.002495E-6	4.002495E-6
1.600000E-1	1.689640E-4	1.689640E-4	4.302623E-6	4.302623E-6
1.700000E-1	1.808090E-4	1.808090E-4	4.604253E-6	4.604253E-6
1.800000E-1	1.929300E-4	1.929300E-4	4.912911E-6	4.912911E-6
1.900000E-1	2.051270E-4	2.051270E-4	5.223504E-6	5.223504E-6
2.000000E-1	2.175910E-4	2.175910E-4	5.540896E-6	5.540896E-6
2.100000E-1	2.301310E-4	2.301310E-4	5.860224E-6	5.860224E-6
2.200000E-1	2.429500E-4	2.429500E-4	6.186656E-6	6.186656E-6
2.300000E-1	2.558300E-4	2.558300E-4	6.514642E-6	6.514642E-6
2.400000E-1	2.689620E-4	2.689620E-4	6.849045E-6	6.849045E-6
2.500000E-1	2.821760E-4	2.821760E-4	7.185536E-6	7.185536E-6
2.600000E-1	2.956480E-4	2.956480E-4	7.528597E-6	7.528597E-6
2.700000E-1	3.092780E-4	3.092780E-4	7.875681E-6	7.875681E-6
2.800000E-1	3.229660E-4	3.229660E-4	8.224242E-6	8.224242E-6
2.900000E-1	3.369270E-4	3.369270E-4	8.579755E-6	8.579755E-6
3.000000E-1	3.509420E-4	3.509420E-4	8.936644E-6	8.936644E-6
3.100000E-1	3.652230E-4	3.652230E-4	9.300305E-6	9.300305E-6
3.200000E-1	3.795460E-4	3.795460E-4	9.665037E-6	9.665037E-6
3.300000E-1	3.941480E-4	3.941480E-4	1.003687E-5	1.003687E-5
3.400000E-1	4.087720E-4	4.087720E-4	1.040927E-5	1.040927E-5
3.500000E-1	4.236740E-4	4.236740E-4	1.078874E-5	1.078874E-5
3.600000E-1	4.386240E-4	4.386240E-4	1.116944E-5	1.116944E-5
3.700000E-1	4.538470E-4	4.538470E-4	1.155709E-5	1.155709E-5
3.800000E-1	4.692000E-4	4.692000E-4	1.194805E-5	1.194805E-5
3.900000E-1	4.846080E-4	4.846080E-4	1.234041E-5	1.234041E-5
4.000000E-1	5.002760E-4	5.002760E-4	1.273939E-5	1.273939E-5
4.100000E-1	5.159980E-4	5.159980E-4	1.313975E-5	1.313975E-5
4.200000E-1	5.319950E-4	5.319950E-4	1.354711E-5	1.354711E-5
4.300000E-1	5.480040E-4	5.480040E-4	1.395477E-5	1.395477E-5
4.400000E-1	5.643080E-4	5.643080E-4	1.436995E-5	1.436995E-5
4.500000E-1	5.806370E-4	5.806370E-4	1.478577E-5	1.478577E-5
4.600000E-1	5.972800E-4	5.972800E-4	1.520957E-5	1.520957E-5
4.700000E-1	6.139380E-4	6.139380E-4	1.563377E-5	1.563377E-5
4.800000E-1	6.308950E-4	6.308950E-4	1.606557E-5	1.606557E-5
4.900000E-1	6.479710E-4	6.479710E-4	1.650041E-5	1.650041E-5
5.000000E-1	6.650950E-4	6.650950E-4	1.693647E-5	1.693647E-5
