

11:16:33	08/03/21


Ell Cont: 5,0x10,0

SMU1	V name:		V1
	I name:		I1
	Mode:		V
	Function:	VAR1
SMU2	V name:		V2
	I name:		I2
	Mode:		common
	Function:	const.
SMU3	off
SMU4	off
VMUs	off

Primary Source (VAR1):	single
	Sweep Spacing:	linear
	Start:		-0.500000
	Stop:		0.500000
	Step:		0.010000
	Compliance:	0.050000
Power Compliance OFF

Timing:		Integration Time:	medium
	Delay Time (sec):	0.000000
	Hold Time (sec):	0.000000
	Wait Time (sec):	1.000000

Secondary Source (VAR2):	OFF


   V1	   I1	Abs(I)	J (A\µm²)	Abs(J)
-5.000000E-1	-2.840640E-4	2.840640E-4	-7.233613E-6	7.233613E-6
-4.900000E-1	-2.663230E-4	2.663230E-4	-6.781844E-6	6.781844E-6
-4.800000E-1	-2.546250E-4	2.546250E-4	-6.483957E-6	6.483957E-6
-4.700000E-1	-2.475480E-4	2.475480E-4	-6.303743E-6	6.303743E-6
-4.600000E-1	-2.407790E-4	2.407790E-4	-6.131372E-6	6.131372E-6
-4.500000E-1	-2.349030E-4	2.349030E-4	-5.981742E-6	5.981742E-6
-4.400000E-1	-2.276000E-4	2.276000E-4	-5.795773E-6	5.795773E-6
-4.300000E-1	-2.206060E-4	2.206060E-4	-5.617672E-6	5.617672E-6
-4.200000E-1	-2.155480E-4	2.155480E-4	-5.488872E-6	5.488872E-6
-4.100000E-1	-2.078880E-4	2.078880E-4	-5.293812E-6	5.293812E-6
-4.000000E-1	-2.030130E-4	2.030130E-4	-5.169671E-6	5.169671E-6
-3.900000E-1	-1.956700E-4	1.956700E-4	-4.982684E-6	4.982684E-6
-3.800000E-1	-1.898730E-4	1.898730E-4	-4.835065E-6	4.835065E-6
-3.700000E-1	-1.843170E-4	1.843170E-4	-4.693583E-6	4.693583E-6
-3.600000E-1	-1.761000E-4	1.761000E-4	-4.484339E-6	4.484339E-6
-3.500000E-1	-1.700380E-4	1.700380E-4	-4.329972E-6	4.329972E-6
-3.400000E-1	-1.651910E-4	1.651910E-4	-4.206544E-6	4.206544E-6
-3.300000E-1	-1.598440E-4	1.598440E-4	-4.070384E-6	4.070384E-6
-3.200000E-1	-1.530590E-4	1.530590E-4	-3.897606E-6	3.897606E-6
-3.100000E-1	-1.485020E-4	1.485020E-4	-3.781563E-6	3.781563E-6
-3.000000E-1	-1.428180E-4	1.428180E-4	-3.636822E-6	3.636822E-6
-2.900000E-1	-1.378530E-4	1.378530E-4	-3.510390E-6	3.510390E-6
-2.800000E-1	-1.321270E-4	1.321270E-4	-3.364579E-6	3.364579E-6
-2.700000E-1	-1.260220E-4	1.260220E-4	-3.209116E-6	3.209116E-6
-2.600000E-1	-1.205280E-4	1.205280E-4	-3.069213E-6	3.069213E-6
-2.500000E-1	-1.143180E-4	1.143180E-4	-2.911077E-6	2.911077E-6
-2.400000E-1	-1.094900E-4	1.094900E-4	-2.788133E-6	2.788133E-6
-2.300000E-1	-1.040420E-4	1.040420E-4	-2.649402E-6	2.649402E-6
-2.200000E-1	-9.846070E-5	9.846070E-5	-2.507275E-6	2.507275E-6
-2.100000E-1	-9.346670E-5	9.346670E-5	-2.380104E-6	2.380104E-6
-2.000000E-1	-8.860680E-5	8.860680E-5	-2.256348E-6	2.256348E-6
-1.900000E-1	-8.367500E-5	8.367500E-5	-2.130761E-6	2.130761E-6
-1.800000E-1	-7.904120E-5	7.904120E-5	-2.012763E-6	2.012763E-6
-1.700000E-1	-7.386690E-5	7.386690E-5	-1.881001E-6	1.881001E-6
-1.600000E-1	-6.907760E-5	6.907760E-5	-1.759043E-6	1.759043E-6
-1.500000E-1	-6.468230E-5	6.468230E-5	-1.647117E-6	1.647117E-6
-1.400000E-1	-6.005070E-5	6.005070E-5	-1.529175E-6	1.529175E-6
-1.300000E-1	-5.525110E-5	5.525110E-5	-1.406954E-6	1.406954E-6
-1.200000E-1	-5.063070E-5	5.063070E-5	-1.289297E-6	1.289297E-6
-1.100000E-1	-4.612450E-5	4.612450E-5	-1.174548E-6	1.174548E-6
-1.000000E-1	-4.182670E-5	4.182670E-5	-1.065106E-6	1.065106E-6
-9.000000E-2	-3.734090E-5	3.734090E-5	-9.508760E-7	9.508760E-7
-8.000000E-2	-3.305720E-5	3.305720E-5	-8.417927E-7	8.417927E-7
-7.000000E-2	-2.857840E-5	2.857840E-5	-7.277413E-7	7.277413E-7
-6.000000E-2	-2.448980E-5	2.448980E-5	-6.236262E-7	6.236262E-7
-5.000000E-2	-2.037270E-5	2.037270E-5	-5.187853E-7	5.187853E-7
-4.000000E-2	-1.625760E-5	1.625760E-5	-4.139954E-7	4.139954E-7
-3.000000E-2	-1.213500E-5	1.213500E-5	-3.090145E-7	3.090145E-7
-2.000000E-2	-8.091050E-6	8.091050E-6	-2.060364E-7	2.060364E-7
-1.000000E-2	-4.065170E-6	4.065170E-6	-1.035185E-7	1.035185E-7
0.000000E+0	-2.989400E-8	2.989400E-8	-7.612427E-10	7.612427E-10
1.000000E-2	3.957480E-6	3.957480E-6	1.007762E-7	1.007762E-7
2.000000E-2	7.987360E-6	7.987360E-6	2.033960E-7	2.033960E-7
3.000000E-2	1.202380E-5	1.202380E-5	3.061828E-7	3.061828E-7
4.000000E-2	1.612230E-5	1.612230E-5	4.105500E-7	4.105500E-7
5.000000E-2	2.023220E-5	2.023220E-5	5.152075E-7	5.152075E-7
6.000000E-2	2.435340E-5	2.435340E-5	6.201528E-7	6.201528E-7
7.000000E-2	2.847430E-5	2.847430E-5	7.250904E-7	7.250904E-7
8.000000E-2	3.271620E-5	3.271620E-5	8.331092E-7	8.331092E-7
9.000000E-2	3.695910E-5	3.695910E-5	9.411535E-7	9.411535E-7
1.000000E-1	4.144290E-5	4.144290E-5	1.055332E-6	1.055332E-6
1.100000E-1	4.584610E-5	4.584610E-5	1.167459E-6	1.167459E-6
1.200000E-1	5.025530E-5	5.025530E-5	1.279738E-6	1.279738E-6
1.300000E-1	5.504310E-5	5.504310E-5	1.401658E-6	1.401658E-6
1.400000E-1	5.946590E-5	5.946590E-5	1.514283E-6	1.514283E-6
1.500000E-1	6.418970E-5	6.418970E-5	1.634573E-6	1.634573E-6
1.600000E-1	6.788180E-5	6.788180E-5	1.728592E-6	1.728592E-6
1.700000E-1	7.237120E-5	7.237120E-5	1.842913E-6	1.842913E-6
1.800000E-1	7.706350E-5	7.706350E-5	1.962401E-6	1.962401E-6
1.900000E-1	8.251770E-5	8.251770E-5	2.101291E-6	2.101291E-6
2.000000E-1	8.711380E-5	8.711380E-5	2.218329E-6	2.218329E-6
2.100000E-1	9.294880E-5	9.294880E-5	2.366916E-6	2.366916E-6
2.200000E-1	9.822320E-5	9.822320E-5	2.501227E-6	2.501227E-6
2.300000E-1	1.031546E-4	1.031546E-4	2.626804E-6	2.626804E-6
2.400000E-1	1.093102E-4	1.093102E-4	2.783555E-6	2.783555E-6
2.500000E-1	1.130890E-4	1.130890E-4	2.879781E-6	2.879781E-6
2.600000E-1	1.185200E-4	1.185200E-4	3.018080E-6	3.018080E-6
2.700000E-1	1.261240E-4	1.261240E-4	3.211714E-6	3.211714E-6
2.800000E-1	1.307730E-4	1.307730E-4	3.330099E-6	3.330099E-6
2.900000E-1	1.362020E-4	1.362020E-4	3.468347E-6	3.468347E-6
3.000000E-1	1.427370E-4	1.427370E-4	3.634759E-6	3.634759E-6
3.100000E-1	1.485210E-4	1.485210E-4	3.782047E-6	3.782047E-6
3.200000E-1	1.539050E-4	1.539050E-4	3.919149E-6	3.919149E-6
3.300000E-1	1.590680E-4	1.590680E-4	4.050624E-6	4.050624E-6
3.400000E-1	1.664680E-4	1.664680E-4	4.239063E-6	4.239063E-6
3.500000E-1	1.705060E-4	1.705060E-4	4.341889E-6	4.341889E-6
3.600000E-1	1.772320E-4	1.772320E-4	4.513165E-6	4.513165E-6
3.700000E-1	1.832490E-4	1.832490E-4	4.666387E-6	4.666387E-6
3.800000E-1	1.882710E-4	1.882710E-4	4.794270E-6	4.794270E-6
3.900000E-1	1.933710E-4	1.933710E-4	4.924141E-6	4.924141E-6
4.000000E-1	2.000570E-4	2.000570E-4	5.094398E-6	5.094398E-6
4.100000E-1	2.029920E-4	2.029920E-4	5.169137E-6	5.169137E-6
4.200000E-1	2.078740E-4	2.078740E-4	5.293456E-6	5.293456E-6
4.300000E-1	2.154110E-4	2.154110E-4	5.485383E-6	5.485383E-6
4.400000E-1	2.203630E-4	2.203630E-4	5.611485E-6	5.611485E-6
4.500000E-1	2.281170E-4	2.281170E-4	5.808938E-6	5.808938E-6
4.600000E-1	2.373040E-4	2.373040E-4	6.042883E-6	6.042883E-6
4.700000E-1	2.383380E-4	2.383380E-4	6.069213E-6	6.069213E-6
4.800000E-1	2.482440E-4	2.482440E-4	6.321467E-6	6.321467E-6
4.900000E-1	2.534070E-4	2.534070E-4	6.452941E-6	6.452941E-6
5.000000E-1	2.595420E-4	2.595420E-4	6.609167E-6	6.609167E-6
