

11:23:21	08/03/21


Ell Cont: 5,0x10,0

SMU1	V name:		V1
	I name:		I1
	Mode:		V
	Function:	VAR1
SMU2	V name:		V2
	I name:		I2
	Mode:		common
	Function:	const.
SMU3	off
SMU4	off
VMUs	off

Primary Source (VAR1):	single
	Sweep Spacing:	linear
	Start:		-0.500000
	Stop:		0.500000
	Step:		0.010000
	Compliance:	0.050000
Power Compliance OFF

Timing:		Integration Time:	medium
	Delay Time (sec):	0.000000
	Hold Time (sec):	0.000000
	Wait Time (sec):	1.000000

Secondary Source (VAR2):	OFF


   V1	   I1	Abs(I)	J (A\um²)	Abs(J)
-5.000000E-1	-1.107200E-3	1.107200E-3	-2.819455E-5	2.819455E-5
-4.900000E-1	-1.079650E-3	1.079650E-3	-2.749300E-5	2.749300E-5
-4.800000E-1	-1.052280E-3	1.052280E-3	-2.679603E-5	2.679603E-5
-4.700000E-1	-1.025200E-3	1.025200E-3	-2.610644E-5	2.610644E-5
-4.600000E-1	-9.982050E-4	9.982050E-4	-2.541902E-5	2.541902E-5
-4.500000E-1	-9.716290E-4	9.716290E-4	-2.474227E-5	2.474227E-5
-4.400000E-1	-9.450680E-4	9.450680E-4	-2.406590E-5	2.406590E-5
-4.300000E-1	-9.187230E-4	9.187230E-4	-2.339503E-5	2.339503E-5
-4.200000E-1	-8.927630E-4	8.927630E-4	-2.273397E-5	2.273397E-5
-4.100000E-1	-8.667900E-4	8.667900E-4	-2.207257E-5	2.207257E-5
-4.000000E-1	-8.412830E-4	8.412830E-4	-2.142305E-5	2.142305E-5
-3.900000E-1	-8.158180E-4	8.158180E-4	-2.077459E-5	2.077459E-5
-3.800000E-1	-7.907110E-4	7.907110E-4	-2.013524E-5	2.013524E-5
-3.700000E-1	-7.656150E-4	7.656150E-4	-1.949618E-5	1.949618E-5
-3.600000E-1	-7.409490E-4	7.409490E-4	-1.886807E-5	1.886807E-5
-3.500000E-1	-7.163230E-4	7.163230E-4	-1.824097E-5	1.824097E-5
-3.400000E-1	-6.920650E-4	6.920650E-4	-1.762325E-5	1.762325E-5
-3.300000E-1	-6.678650E-4	6.678650E-4	-1.700700E-5	1.700700E-5
-3.200000E-1	-6.440580E-4	6.440580E-4	-1.640076E-5	1.640076E-5
-3.100000E-1	-6.202990E-4	6.202990E-4	-1.579575E-5	1.579575E-5
-3.000000E-1	-5.967640E-4	5.967640E-4	-1.519643E-5	1.519643E-5
-2.900000E-1	-5.736110E-4	5.736110E-4	-1.460685E-5	1.460685E-5
-2.800000E-1	-5.505050E-4	5.505050E-4	-1.401846E-5	1.401846E-5
-2.700000E-1	-5.278340E-4	5.278340E-4	-1.344115E-5	1.344115E-5
-2.600000E-1	-5.052110E-4	5.052110E-4	-1.286506E-5	1.286506E-5
-2.500000E-1	-4.829970E-4	4.829970E-4	-1.229939E-5	1.229939E-5
-2.400000E-1	-4.608060E-4	4.608060E-4	-1.173430E-5	1.173430E-5
-2.300000E-1	-4.390580E-4	4.390580E-4	-1.118049E-5	1.118049E-5
-2.200000E-1	-4.173750E-4	4.173750E-4	-1.062834E-5	1.062834E-5
-2.100000E-1	-3.960930E-4	3.960930E-4	-1.008640E-5	1.008640E-5
-2.000000E-1	-3.748840E-4	3.748840E-4	-9.546320E-6	9.546320E-6
-1.900000E-1	-3.540700E-4	3.540700E-4	-9.016297E-6	9.016297E-6
-1.800000E-1	-3.333680E-4	3.333680E-4	-8.489126E-6	8.489126E-6
-1.700000E-1	-3.130460E-4	3.130460E-4	-7.971632E-6	7.971632E-6
-1.600000E-1	-2.928310E-4	2.928310E-4	-7.456863E-6	7.456863E-6
-1.500000E-1	-2.728610E-4	2.728610E-4	-6.948332E-6	6.948332E-6
-1.400000E-1	-2.533090E-4	2.533090E-4	-6.450446E-6	6.450446E-6
-1.300000E-1	-2.338620E-4	2.338620E-4	-5.955233E-6	5.955233E-6
-1.200000E-1	-2.147860E-4	2.147860E-4	-5.469468E-6	5.469468E-6
-1.100000E-1	-1.958190E-4	1.958190E-4	-4.986478E-6	4.986478E-6
-1.000000E-1	-1.772110E-4	1.772110E-4	-4.512630E-6	4.512630E-6
-9.000000E-2	-1.586970E-4	1.586970E-4	-4.041176E-6	4.041176E-6
-8.000000E-2	-1.405320E-4	1.405320E-4	-3.578610E-6	3.578610E-6
-7.000000E-2	-1.224570E-4	1.224570E-4	-3.118335E-6	3.118335E-6
-6.000000E-2	-1.046840E-4	1.046840E-4	-2.665750E-6	2.665750E-6
-5.000000E-2	-8.695070E-5	8.695070E-5	-2.214176E-6	2.214176E-6
-4.000000E-2	-6.948070E-5	6.948070E-5	-1.769307E-6	1.769307E-6
-3.000000E-2	-5.201150E-5	5.201150E-5	-1.324459E-6	1.324459E-6
-2.000000E-2	-3.461980E-5	3.461980E-5	-8.815839E-7	8.815839E-7
-1.000000E-2	-1.742490E-5	1.742490E-5	-4.437204E-7	4.437204E-7
0.000000E+0	-1.098065E-7	1.098065E-7	-2.796193E-9	2.796193E-9
1.000000E-2	1.701500E-5	1.701500E-5	4.332824E-7	4.332824E-7
2.000000E-2	3.433950E-5	3.433950E-5	8.744461E-7	8.744461E-7
3.000000E-2	5.158750E-5	5.158750E-5	1.313662E-6	1.313662E-6
4.000000E-2	6.905840E-5	6.905840E-5	1.758554E-6	1.758554E-6
5.000000E-2	8.664960E-5	8.664960E-5	2.206509E-6	2.206509E-6
6.000000E-2	1.042565E-4	1.042565E-4	2.654864E-6	2.654864E-6
7.000000E-2	1.221800E-4	1.221800E-4	3.111281E-6	3.111281E-6
8.000000E-2	1.401250E-4	1.401250E-4	3.568245E-6	3.568245E-6
9.000000E-2	1.584160E-4	1.584160E-4	4.034021E-6	4.034021E-6
1.000000E-1	1.767940E-4	1.767940E-4	4.502012E-6	4.502012E-6
1.100000E-1	1.955370E-4	1.955370E-4	4.979297E-6	4.979297E-6
1.200000E-1	2.143660E-4	2.143660E-4	5.458773E-6	5.458773E-6
1.300000E-1	2.335920E-4	2.335920E-4	5.948357E-6	5.948357E-6
1.400000E-1	2.528930E-4	2.528930E-4	6.439852E-6	6.439852E-6
1.500000E-1	2.726050E-4	2.726050E-4	6.941813E-6	6.941813E-6
1.600000E-1	2.925900E-4	2.925900E-4	7.450726E-6	7.450726E-6
1.700000E-1	3.126370E-4	3.126370E-4	7.961217E-6	7.961217E-6
1.800000E-1	3.331020E-4	3.331020E-4	8.482353E-6	8.482353E-6
1.900000E-1	3.536480E-4	3.536480E-4	9.005551E-6	9.005551E-6
2.000000E-1	3.746020E-4	3.746020E-4	9.539139E-6	9.539139E-6
2.100000E-1	3.956290E-4	3.956290E-4	1.007459E-5	1.007459E-5
2.200000E-1	4.170760E-4	4.170760E-4	1.062073E-5	1.062073E-5
2.300000E-1	4.386050E-4	4.386050E-4	1.116896E-5	1.116896E-5
2.400000E-1	4.605220E-4	4.605220E-4	1.172707E-5	1.172707E-5
2.500000E-1	4.825110E-4	4.825110E-4	1.228701E-5	1.228701E-5
2.600000E-1	5.049030E-4	5.049030E-4	1.285722E-5	1.285722E-5
2.700000E-1	5.275280E-4	5.275280E-4	1.343336E-5	1.343336E-5
2.800000E-1	5.502130E-4	5.502130E-4	1.401103E-5	1.401103E-5
2.900000E-1	5.732690E-4	5.732690E-4	1.459814E-5	1.459814E-5
3.000000E-1	5.964360E-4	5.964360E-4	1.518808E-5	1.518808E-5
3.100000E-1	6.199710E-4	6.199710E-4	1.578739E-5	1.578739E-5
3.200000E-1	6.435550E-4	6.435550E-4	1.638795E-5	1.638795E-5
3.300000E-1	6.675200E-4	6.675200E-4	1.699822E-5	1.699822E-5
3.400000E-1	6.915400E-4	6.915400E-4	1.760988E-5	1.760988E-5
3.500000E-1	7.159530E-4	7.159530E-4	1.823155E-5	1.823155E-5
3.600000E-1	7.403820E-4	7.403820E-4	1.885363E-5	1.885363E-5
3.700000E-1	7.652450E-4	7.652450E-4	1.948676E-5	1.948676E-5
3.800000E-1	7.903250E-4	7.903250E-4	2.012541E-5	2.012541E-5
3.900000E-1	8.154180E-4	8.154180E-4	2.076440E-5	2.076440E-5
4.000000E-1	8.408820E-4	8.408820E-4	2.141283E-5	2.141283E-5
4.100000E-1	8.664160E-4	8.664160E-4	2.206305E-5	2.206305E-5
4.200000E-1	8.923430E-4	8.923430E-4	2.272327E-5	2.272327E-5
4.300000E-1	9.182970E-4	9.182970E-4	2.338419E-5	2.338419E-5
4.400000E-1	9.446190E-4	9.446190E-4	2.405447E-5	2.405447E-5
4.500000E-1	9.709590E-4	9.709590E-4	2.472521E-5	2.472521E-5
4.600000E-1	9.977530E-4	9.977530E-4	2.540751E-5	2.540751E-5
4.700000E-1	1.024505E-3	1.024505E-3	2.608874E-5	2.608874E-5
4.800000E-1	1.051705E-3	1.051705E-3	2.678138E-5	2.678138E-5
4.900000E-1	1.079135E-3	1.079135E-3	2.747988E-5	2.747988E-5
5.000000E-1	1.106490E-3	1.106490E-3	2.817647E-5	2.817647E-5
