

11:06:44	08/03/21


Ell Cont: 5,0x10,0

SMU1	V name:		V1
	I name:		I1
	Mode:		V
	Function:	VAR1
SMU2	V name:		V2
	I name:		I2
	Mode:		common
	Function:	const.
SMU3	off
SMU4	off
VMUs	off

Primary Source (VAR1):	single
	Sweep Spacing:	linear
	Start:		-0.500000
	Stop:		0.500000
	Step:		0.010000
	Compliance:	0.050000
Power Compliance OFF

Timing:		Integration Time:	medium
	Delay Time (sec):	0.000000
	Hold Time (sec):	0.000000
	Wait Time (sec):	1.000000

Secondary Source (VAR2):	OFF


   V1	   I1	Abs(I)	J (A\um²)	Abs(J)
-5.000000E-1	4.000000E-13	4.000000E-13	1.018589E-14	1.018589E-14
-4.900000E-1	1.360000E-12	1.360000E-12	3.463203E-14	3.463203E-14
-4.800000E-1	5.670000E-12	5.670000E-12	1.443850E-13	1.443850E-13
-4.700000E-1	1.172000E-11	1.172000E-11	2.984466E-13	2.984466E-13
-4.600000E-1	8.700000E-12	8.700000E-12	2.215432E-13	2.215432E-13
-4.500000E-1	-1.930000E-12	1.930000E-12	-4.914693E-14	4.914693E-14
-4.400000E-1	-1.260000E-12	1.260000E-12	-3.208556E-14	3.208556E-14
-4.300000E-1	-5.170000E-12	5.170000E-12	-1.316527E-13	1.316527E-13
-4.200000E-1	-8.190000E-12	8.190000E-12	-2.085561E-13	2.085561E-13
-4.100000E-1	5.600000E-13	5.600000E-13	1.426025E-14	1.426025E-14
-4.000000E-1	7.600000E-13	7.600000E-13	1.935320E-14	1.935320E-14
-3.900000E-1	8.700000E-13	8.700000E-13	2.215432E-14	2.215432E-14
-3.800000E-1	-1.510000E-12	1.510000E-12	-3.845174E-14	3.845174E-14
-3.700000E-1	-3.600000E-12	3.600000E-12	-9.167303E-14	9.167303E-14
-3.600000E-1	4.520000E-12	4.520000E-12	1.151006E-13	1.151006E-13
-3.500000E-1	-3.660000E-12	3.660000E-12	-9.320092E-14	9.320092E-14
-3.400000E-1	-6.310000E-12	6.310000E-12	-1.606825E-13	1.606825E-13
-3.300000E-1	-3.670000E-12	3.670000E-12	-9.345556E-14	9.345556E-14
-3.200000E-1	1.570000E-12	1.570000E-12	3.997963E-14	3.997963E-14
-3.100000E-1	1.150000E-12	1.150000E-12	2.928444E-14	2.928444E-14
-3.000000E-1	-3.000000E-13	3.000000E-13	-7.639419E-15	7.639419E-15
-2.900000E-1	5.000000E-13	5.000000E-13	1.273237E-14	1.273237E-14
-2.800000E-1	8.300000E-13	8.300000E-13	2.113573E-14	2.113573E-14
-2.700000E-1	9.800000E-13	9.800000E-13	2.495544E-14	2.495544E-14
-2.600000E-1	1.230000E-12	1.230000E-12	3.132162E-14	3.132162E-14
-2.500000E-1	1.680000E-12	1.680000E-12	4.278075E-14	4.278075E-14
-2.400000E-1	2.010000E-12	2.010000E-12	5.118411E-14	5.118411E-14
-2.300000E-1	2.300000E-12	2.300000E-12	5.856888E-14	5.856888E-14
-2.200000E-1	2.250000E-12	2.250000E-12	5.729564E-14	5.729564E-14
-2.100000E-1	2.540000E-12	2.540000E-12	6.468042E-14	6.468042E-14
-2.000000E-1	2.570000E-12	2.570000E-12	6.544436E-14	6.544436E-14
-1.900000E-1	1.280000E-12	1.280000E-12	3.259486E-14	3.259486E-14
-1.800000E-1	1.700000E-13	1.700000E-13	4.329004E-15	4.329004E-15
-1.700000E-1	-1.400000E-13	1.400000E-13	-3.565062E-15	3.565062E-15
-1.600000E-1	-8.300000E-13	8.300000E-13	-2.113573E-14	2.113573E-14
-1.500000E-1	-9.000000E-14	9.000000E-14	-2.291826E-15	2.291826E-15
-1.400000E-1	-1.670000E-12	1.670000E-12	-4.252610E-14	4.252610E-14
-1.300000E-1	-1.390000E-12	1.390000E-12	-3.539598E-14	3.539598E-14
-1.200000E-1	-2.700000E-13	2.700000E-13	-6.875477E-15	6.875477E-15
-1.100000E-1	-6.900000E-13	6.900000E-13	-1.757066E-14	1.757066E-14
-1.000000E-1	-3.000000E-13	3.000000E-13	-7.639419E-15	7.639419E-15
-9.000000E-2	1.900000E-13	1.900000E-13	4.838299E-15	4.838299E-15
-8.000000E-2	8.800000E-13	8.800000E-13	2.240896E-14	2.240896E-14
-7.000000E-2	1.220000E-12	1.220000E-12	3.106697E-14	3.106697E-14
-6.000000E-2	1.720000E-12	1.720000E-12	4.379934E-14	4.379934E-14
-5.000000E-2	2.460000E-12	2.460000E-12	6.264324E-14	6.264324E-14
-4.000000E-2	1.460000E-12	1.460000E-12	3.717851E-14	3.717851E-14
-3.000000E-2	1.260000E-12	1.260000E-12	3.208556E-14	3.208556E-14
-2.000000E-2	2.500000E-13	2.500000E-13	6.366183E-15	6.366183E-15
-1.000000E-2	-2.030000E-12	2.030000E-12	-5.169340E-14	5.169340E-14
0.000000E+0	-3.400000E-13	3.400000E-13	-8.658009E-15	8.658009E-15
1.000000E-2	2.900000E-13	2.900000E-13	7.384772E-15	7.384772E-15
2.000000E-2	-9.000000E-14	9.000000E-14	-2.291826E-15	2.291826E-15
3.000000E-2	1.030000E-12	1.030000E-12	2.622867E-14	2.622867E-14
4.000000E-2	8.000000E-14	8.000000E-14	2.037178E-15	2.037178E-15
5.000000E-2	1.600000E-13	1.600000E-13	4.074357E-15	4.074357E-15
6.000000E-2	1.350000E-12	1.350000E-12	3.437739E-14	3.437739E-14
7.000000E-2	4.500000E-13	4.500000E-13	1.145913E-14	1.145913E-14
8.000000E-2	-1.300000E-13	1.300000E-13	-3.310415E-15	3.310415E-15
9.000000E-2	5.100000E-13	5.100000E-13	1.298701E-14	1.298701E-14
1.000000E-1	1.100000E-13	1.100000E-13	2.801120E-15	2.801120E-15
1.100000E-1	1.700000E-13	1.700000E-13	4.329004E-15	4.329004E-15
1.200000E-1	6.000000E-14	6.000000E-14	1.527884E-15	1.527884E-15
1.300000E-1	3.900000E-13	3.900000E-13	9.931245E-15	9.931245E-15
1.400000E-1	3.400000E-13	3.400000E-13	8.658009E-15	8.658009E-15
1.500000E-1	2.000000E-13	2.000000E-13	5.092946E-15	5.092946E-15
1.600000E-1	6.000000E-13	6.000000E-13	1.527884E-14	1.527884E-14
1.700000E-1	6.800000E-13	6.800000E-13	1.731602E-14	1.731602E-14
1.800000E-1	-1.000000E-13	1.000000E-13	-2.546473E-15	2.546473E-15
1.900000E-1	5.000000E-13	5.000000E-13	1.273237E-14	1.273237E-14
2.000000E-1	2.900000E-13	2.900000E-13	7.384772E-15	7.384772E-15
2.100000E-1	1.900000E-13	1.900000E-13	4.838299E-15	4.838299E-15
2.200000E-1	3.600000E-13	3.600000E-13	9.167303E-15	9.167303E-15
2.300000E-1	2.100000E-13	2.100000E-13	5.347594E-15	5.347594E-15
2.400000E-1	5.200000E-13	5.200000E-13	1.324166E-14	1.324166E-14
2.500000E-1	4.400000E-13	4.400000E-13	1.120448E-14	1.120448E-14
2.600000E-1	1.000000E-14	1.000000E-14	2.546473E-16	2.546473E-16
2.700000E-1	2.100000E-13	2.100000E-13	5.347594E-15	5.347594E-15
2.800000E-1	1.000000E-13	1.000000E-13	2.546473E-15	2.546473E-15
2.900000E-1	6.000000E-14	6.000000E-14	1.527884E-15	1.527884E-15
3.000000E-1	2.100000E-13	2.100000E-13	5.347594E-15	5.347594E-15
3.100000E-1	5.000000E-14	5.000000E-14	1.273237E-15	1.273237E-15
3.200000E-1	4.400000E-13	4.400000E-13	1.120448E-14	1.120448E-14
3.300000E-1	4.200000E-13	4.200000E-13	1.069519E-14	1.069519E-14
3.400000E-1	3.700000E-13	3.700000E-13	9.421950E-15	9.421950E-15
3.500000E-1	3.400000E-13	3.400000E-13	8.658009E-15	8.658009E-15
3.600000E-1	5.300000E-13	5.300000E-13	1.349631E-14	1.349631E-14
3.700000E-1	1.600000E-13	1.600000E-13	4.074357E-15	4.074357E-15
3.800000E-1	1.300000E-13	1.300000E-13	3.310415E-15	3.310415E-15
3.900000E-1	8.600000E-13	8.600000E-13	2.189967E-14	2.189967E-14
4.000000E-1	7.900000E-13	7.900000E-13	2.011714E-14	2.011714E-14
4.100000E-1	3.300000E-13	3.300000E-13	8.403361E-15	8.403361E-15
4.200000E-1	1.700000E-13	1.700000E-13	4.329004E-15	4.329004E-15
4.300000E-1	3.200000E-13	3.200000E-13	8.148714E-15	8.148714E-15
4.400000E-1	1.000000E-14	1.000000E-14	2.546473E-16	2.546473E-16
4.500000E-1	-1.000000E-14	1.000000E-14	-2.546473E-16	2.546473E-16
4.600000E-1	4.000000E-14	4.000000E-14	1.018589E-15	1.018589E-15
4.700000E-1	1.000000E-14	1.000000E-14	2.546473E-16	2.546473E-16
4.800000E-1	2.000000E-13	2.000000E-13	5.092946E-15	5.092946E-15
4.900000E-1	2.600000E-13	2.600000E-13	6.620830E-15	6.620830E-15
5.000000E-1	5.000000E-13	5.000000E-13	1.273237E-14	1.273237E-14
