   V1	   I1	Abs(I)	J (A\um²)	Abs(J)
-5.000000E-1	-4.354460E-4	4.354460E-4	-1.108852E-5	1.108852E-5
-4.900000E-1	-4.259760E-4	4.259760E-4	-1.084736E-5	1.084736E-5
-4.800000E-1	-4.193410E-4	4.193410E-4	-1.067841E-5	1.067841E-5
-4.700000E-1	-4.113930E-4	4.113930E-4	-1.047601E-5	1.047601E-5
-4.600000E-1	-4.007480E-4	4.007480E-4	-1.020494E-5	1.020494E-5
-4.500000E-1	-3.914490E-4	3.914490E-4	-9.968144E-6	9.968144E-6
-4.400000E-1	-3.823280E-4	3.823280E-4	-9.735880E-6	9.735880E-6
-4.300000E-1	-3.724980E-4	3.724980E-4	-9.485561E-6	9.485561E-6
-4.200000E-1	-3.626350E-4	3.626350E-4	-9.234403E-6	9.234403E-6
-4.100000E-1	-3.526960E-4	3.526960E-4	-8.981309E-6	8.981309E-6
-4.000000E-1	-3.428500E-4	3.428500E-4	-8.730583E-6	8.730583E-6
-3.900000E-1	-3.334420E-4	3.334420E-4	-8.491011E-6	8.491011E-6
-3.800000E-1	-3.241660E-4	3.241660E-4	-8.254800E-6	8.254800E-6
-3.700000E-1	-3.129600E-4	3.129600E-4	-7.969442E-6	7.969442E-6
-3.600000E-1	-3.033610E-4	3.033610E-4	-7.725006E-6	7.725006E-6
-3.500000E-1	-2.935070E-4	2.935070E-4	-7.474077E-6	7.474077E-6
-3.400000E-1	-2.842490E-4	2.842490E-4	-7.238324E-6	7.238324E-6
-3.300000E-1	-2.750420E-4	2.750420E-4	-7.003871E-6	7.003871E-6
-3.200000E-1	-2.658380E-4	2.658380E-4	-6.769493E-6	6.769493E-6
-3.100000E-1	-2.564870E-4	2.564870E-4	-6.531372E-6	6.531372E-6
-3.000000E-1	-2.474710E-4	2.474710E-4	-6.301782E-6	6.301782E-6
-2.900000E-1	-2.384620E-4	2.384620E-4	-6.072371E-6	6.072371E-6
-2.800000E-1	-2.292780E-4	2.292780E-4	-5.838503E-6	5.838503E-6
-2.700000E-1	-2.205940E-4	2.205940E-4	-5.617367E-6	5.617367E-6
-2.600000E-1	-2.116940E-4	2.116940E-4	-5.390731E-6	5.390731E-6
-2.500000E-1	-2.029070E-4	2.029070E-4	-5.166972E-6	5.166972E-6
-2.400000E-1	-1.940330E-4	1.940330E-4	-4.940998E-6	4.940998E-6
-2.300000E-1	-1.854400E-4	1.854400E-4	-4.722180E-6	4.722180E-6
-2.200000E-1	-1.767210E-4	1.767210E-4	-4.500153E-6	4.500153E-6
-2.100000E-1	-1.681610E-4	1.681610E-4	-4.282175E-6	4.282175E-6
-2.000000E-1	-1.595830E-4	1.595830E-4	-4.063738E-6	4.063738E-6
-1.900000E-1	-1.511910E-4	1.511910E-4	-3.850038E-6	3.850038E-6
-1.800000E-1	-1.427520E-4	1.427520E-4	-3.635141E-6	3.635141E-6
-1.700000E-1	-1.344020E-4	1.344020E-4	-3.422511E-6	3.422511E-6
-1.600000E-1	-1.261110E-4	1.261110E-4	-3.211383E-6	3.211383E-6
-1.500000E-1	-1.177930E-4	1.177930E-4	-2.999567E-6	2.999567E-6
-1.400000E-1	-1.097010E-4	1.097010E-4	-2.793506E-6	2.793506E-6
-1.300000E-1	-1.014930E-4	1.014930E-4	-2.584492E-6	2.584492E-6
-1.200000E-1	-9.342960E-5	9.342960E-5	-2.379160E-6	2.379160E-6
-1.100000E-1	-8.543420E-5	8.543420E-5	-2.175559E-6	2.175559E-6
-1.000000E-1	-7.750640E-5	7.750640E-5	-1.973680E-6	1.973680E-6
-9.000000E-2	-6.957480E-5	6.957480E-5	-1.771704E-6	1.771704E-6
-8.000000E-2	-6.177760E-5	6.177760E-5	-1.573150E-6	1.573150E-6
-7.000000E-2	-5.395050E-5	5.395050E-5	-1.373835E-6	1.373835E-6
-6.000000E-2	-4.619320E-5	4.619320E-5	-1.176297E-6	1.176297E-6
-5.000000E-2	-3.844470E-5	3.844470E-5	-9.789839E-7	9.789839E-7
-4.000000E-2	-3.076450E-5	3.076450E-5	-7.834097E-7	7.834097E-7
-3.000000E-2	-2.306410E-5	2.306410E-5	-5.873211E-7	5.873211E-7
-2.000000E-2	-1.535600E-5	1.535600E-5	-3.910364E-7	3.910364E-7
-1.000000E-2	-7.736050E-6	7.736050E-6	-1.969964E-7	1.969964E-7
0.000000E+0	-5.474670E-8	5.474670E-8	-1.394110E-9	1.394110E-9
1.000000E-2	7.557860E-6	7.557860E-6	1.924589E-7	1.924589E-7
2.000000E-2	1.524210E-5	1.524210E-5	3.881360E-7	3.881360E-7
3.000000E-2	2.286870E-5	2.286870E-5	5.823453E-7	5.823453E-7
4.000000E-2	3.058510E-5	3.058510E-5	7.788413E-7	7.788413E-7
5.000000E-2	3.830260E-5	3.830260E-5	9.753654E-7	9.753654E-7
6.000000E-2	4.601800E-5	4.601800E-5	1.171836E-6	1.171836E-6
7.000000E-2	5.379790E-5	5.379790E-5	1.369949E-6	1.369949E-6
8.000000E-2	6.154750E-5	6.154750E-5	1.567291E-6	1.567291E-6
9.000000E-2	6.944770E-5	6.944770E-5	1.768467E-6	1.768467E-6
1.000000E-1	7.731000E-5	7.731000E-5	1.968678E-6	1.968678E-6
1.100000E-1	8.530870E-5	8.530870E-5	2.172363E-6	2.172363E-6
1.200000E-1	9.326760E-5	9.326760E-5	2.375034E-6	2.375034E-6
1.300000E-1	1.013393E-4	1.013393E-4	2.580578E-6	2.580578E-6
1.400000E-1	1.093659E-4	1.093659E-4	2.784973E-6	2.784973E-6
1.500000E-1	1.176250E-4	1.176250E-4	2.995289E-6	2.995289E-6
1.600000E-1	1.258950E-4	1.258950E-4	3.205882E-6	3.205882E-6
1.700000E-1	1.341210E-4	1.341210E-4	3.415355E-6	3.415355E-6
1.800000E-1	1.424880E-4	1.424880E-4	3.628419E-6	3.628419E-6
1.900000E-1	1.508640E-4	1.508640E-4	3.841711E-6	3.841711E-6
2.000000E-1	1.592170E-4	1.592170E-4	4.054418E-6	4.054418E-6
2.100000E-1	1.678450E-4	1.678450E-4	4.274128E-6	4.274128E-6
2.200000E-1	1.763420E-4	1.763420E-4	4.490502E-6	4.490502E-6
2.300000E-1	1.848630E-4	1.848630E-4	4.707487E-6	4.707487E-6
2.400000E-1	1.935020E-4	1.935020E-4	4.927476E-6	4.927476E-6
2.500000E-1	2.021390E-4	2.021390E-4	5.147415E-6	5.147415E-6
2.600000E-1	2.107970E-4	2.107970E-4	5.367889E-6	5.367889E-6
2.700000E-1	2.195730E-4	2.195730E-4	5.591367E-6	5.591367E-6
2.800000E-1	2.284830E-4	2.284830E-4	5.818258E-6	5.818258E-6
2.900000E-1	2.376040E-4	2.376040E-4	6.050522E-6	6.050522E-6
3.000000E-1	2.466540E-4	2.466540E-4	6.280978E-6	6.280978E-6
3.100000E-1	2.557770E-4	2.557770E-4	6.513293E-6	6.513293E-6
3.200000E-1	2.648060E-4	2.648060E-4	6.743214E-6	6.743214E-6
3.300000E-1	2.741010E-4	2.741010E-4	6.979908E-6	6.979908E-6
3.400000E-1	2.830350E-4	2.830350E-4	7.207410E-6	7.207410E-6
3.500000E-1	2.921040E-4	2.921040E-4	7.438350E-6	7.438350E-6
3.600000E-1	3.010490E-4	3.010490E-4	7.666132E-6	7.666132E-6
3.700000E-1	3.105130E-4	3.105130E-4	7.907130E-6	7.907130E-6
3.800000E-1	3.202040E-4	3.202040E-4	8.153909E-6	8.153909E-6
3.900000E-1	3.294920E-4	3.294920E-4	8.390425E-6	8.390425E-6
4.000000E-1	3.388210E-4	3.388210E-4	8.627986E-6	8.627986E-6
4.100000E-1	3.476270E-4	3.476270E-4	8.852228E-6	8.852228E-6
4.200000E-1	3.567960E-4	3.567960E-4	9.085714E-6	9.085714E-6
4.300000E-1	3.648480E-4	3.648480E-4	9.290756E-6	9.290756E-6
4.400000E-1	3.743400E-4	3.743400E-4	9.532467E-6	9.532467E-6
4.500000E-1	3.843530E-4	3.843530E-4	9.787446E-6	9.787446E-6
4.600000E-1	3.938650E-4	3.938650E-4	1.002967E-5	1.002967E-5
4.700000E-1	4.028950E-4	4.028950E-4	1.025961E-5	1.025961E-5
4.800000E-1	4.121870E-4	4.121870E-4	1.049623E-5	1.049623E-5
4.900000E-1	4.220300E-4	4.220300E-4	1.074688E-5	1.074688E-5
5.000000E-1	4.314940E-4	4.314940E-4	1.098788E-5	1.098788E-5
