

11:00:58	08/03/21


Ell Cont: 5,0x10,0

SMU1	V name:		V1
	I name:		I1
	Mode:		V
	Function:	VAR1
SMU2	V name:		V2
	I name:		I2
	Mode:		common
	Function:	const.
SMU3	off
SMU4	off
VMUs	off

Primary Source (VAR1):	single
	Sweep Spacing:	linear
	Start:		-0.500000
	Stop:		0.500000
	Step:		0.010000
	Compliance:	0.050000
Power Compliance OFF

Timing:		Integration Time:	medium
	Delay Time (sec):	0.000000
	Hold Time (sec):	0.000000
	Wait Time (sec):	1.000000

Secondary Source (VAR2):	OFF


   V1	   I1	Abs(I)	J (A\µm²)	Abs(J)
-5.000000E-1	-3.924220E-5	3.924220E-5	-9.992921E-7	9.992921E-7
-4.900000E-1	-3.855770E-5	3.855770E-5	-9.818615E-7	9.818615E-7
-4.800000E-1	-3.753040E-5	3.753040E-5	-9.557015E-7	9.557015E-7
-4.700000E-1	-3.649800E-5	3.649800E-5	-9.294118E-7	9.294118E-7
-4.600000E-1	-3.549580E-5	3.549580E-5	-9.038910E-7	9.038910E-7
-4.500000E-1	-3.452350E-5	3.452350E-5	-8.791316E-7	8.791316E-7
-4.400000E-1	-3.353200E-5	3.353200E-5	-8.538834E-7	8.538834E-7
-4.300000E-1	-3.256240E-5	3.256240E-5	-8.291928E-7	8.291928E-7
-4.200000E-1	-3.162090E-5	3.162090E-5	-8.052177E-7	8.052177E-7
-4.100000E-1	-3.065070E-5	3.065070E-5	-7.805118E-7	7.805118E-7
-4.000000E-1	-2.971770E-5	2.971770E-5	-7.567532E-7	7.567532E-7
-3.900000E-1	-2.878220E-5	2.878220E-5	-7.329310E-7	7.329310E-7
-3.800000E-1	-2.786660E-5	2.786660E-5	-7.096155E-7	7.096155E-7
-3.700000E-1	-2.693760E-5	2.693760E-5	-6.859587E-7	6.859587E-7
-3.600000E-1	-2.602550E-5	2.602550E-5	-6.627324E-7	6.627324E-7
-3.500000E-1	-2.513900E-5	2.513900E-5	-6.401579E-7	6.401579E-7
-3.400000E-1	-2.424620E-5	2.424620E-5	-6.174230E-7	6.174230E-7
-3.300000E-1	-2.334910E-5	2.334910E-5	-5.945786E-7	5.945786E-7
-3.200000E-1	-2.247800E-5	2.247800E-5	-5.723962E-7	5.723962E-7
-3.100000E-1	-2.162660E-5	2.162660E-5	-5.507156E-7	5.507156E-7
-3.000000E-1	-2.076460E-5	2.076460E-5	-5.287650E-7	5.287650E-7
-2.900000E-1	-1.991300E-5	1.991300E-5	-5.070792E-7	5.070792E-7
-2.800000E-1	-1.908090E-5	1.908090E-5	-4.858900E-7	4.858900E-7
-2.700000E-1	-1.826410E-5	1.826410E-5	-4.650904E-7	4.650904E-7
-2.600000E-1	-1.744430E-5	1.744430E-5	-4.442144E-7	4.442144E-7
-2.500000E-1	-1.664160E-5	1.664160E-5	-4.237739E-7	4.237739E-7
-2.400000E-1	-1.584410E-5	1.584410E-5	-4.034657E-7	4.034657E-7
-2.300000E-1	-1.506510E-5	1.506510E-5	-3.836287E-7	3.836287E-7
-2.200000E-1	-1.428590E-5	1.428590E-5	-3.637866E-7	3.637866E-7
-2.100000E-1	-1.352260E-5	1.352260E-5	-3.443494E-7	3.443494E-7
-2.000000E-1	-1.277180E-5	1.277180E-5	-3.252305E-7	3.252305E-7
-1.900000E-1	-1.204930E-5	1.204930E-5	-3.068322E-7	3.068322E-7
-1.800000E-1	-1.131880E-5	1.131880E-5	-2.882302E-7	2.882302E-7
-1.700000E-1	-1.060700E-5	1.060700E-5	-2.701044E-7	2.701044E-7
-1.600000E-1	-9.883810E-6	9.883810E-6	-2.516886E-7	2.516886E-7
-1.500000E-1	-9.184660E-6	9.184660E-6	-2.338849E-7	2.338849E-7
-1.400000E-1	-8.494890E-6	8.494890E-6	-2.163201E-7	2.163201E-7
-1.300000E-1	-7.823220E-6	7.823220E-6	-1.992162E-7	1.992162E-7
-1.200000E-1	-7.155620E-6	7.155620E-6	-1.822159E-7	1.822159E-7
-1.100000E-1	-6.506730E-6	6.506730E-6	-1.656921E-7	1.656921E-7
-1.000000E-1	-5.872630E-6	5.872630E-6	-1.495449E-7	1.495449E-7
-9.000000E-2	-5.247160E-6	5.247160E-6	-1.336175E-7	1.336175E-7
-8.000000E-2	-4.628710E-6	4.628710E-6	-1.178689E-7	1.178689E-7
-7.000000E-2	-4.024090E-6	4.024090E-6	-1.024724E-7	1.024724E-7
-6.000000E-2	-3.433730E-6	3.433730E-6	-8.743901E-8	8.743901E-8
-5.000000E-2	-2.844570E-6	2.844570E-6	-7.243621E-8	7.243621E-8
-4.000000E-2	-2.266540E-6	2.266540E-6	-5.771683E-8	5.771683E-8
-3.000000E-2	-1.693330E-6	1.693330E-6	-4.312019E-8	4.312019E-8
-2.000000E-2	-1.125540E-6	1.125540E-6	-2.866157E-8	2.866157E-8
-1.000000E-2	-5.655880E-7	5.655880E-7	-1.440255E-8	1.440255E-8
0.000000E+0	-1.496880E-9	1.496880E-9	-3.811765E-11	3.811765E-11
1.000000E-2	5.564880E-7	5.564880E-7	1.417082E-8	1.417082E-8
2.000000E-2	1.121848E-6	1.121848E-6	2.856756E-8	2.856756E-8
3.000000E-2	1.686530E-6	1.686530E-6	4.294703E-8	4.294703E-8
4.000000E-2	2.260760E-6	2.260760E-6	5.756965E-8	5.756965E-8
5.000000E-2	2.840020E-6	2.840020E-6	7.232035E-8	7.232035E-8
6.000000E-2	3.428080E-6	3.428080E-6	8.729514E-8	8.729514E-8
7.000000E-2	4.023100E-6	4.023100E-6	1.024472E-7	1.024472E-7
8.000000E-2	4.623730E-6	4.623730E-6	1.177420E-7	1.177420E-7
9.000000E-2	5.242700E-6	5.242700E-6	1.335039E-7	1.335039E-7
1.000000E-1	5.867630E-6	5.867630E-6	1.494176E-7	1.494176E-7
1.100000E-1	6.508940E-6	6.508940E-6	1.657484E-7	1.657484E-7
1.200000E-1	7.153940E-6	7.153940E-6	1.821732E-7	1.821732E-7
1.300000E-1	7.821120E-6	7.821120E-6	1.991627E-7	1.991627E-7
1.400000E-1	8.495960E-6	8.495960E-6	2.163473E-7	2.163473E-7
1.500000E-1	9.181950E-6	9.181950E-6	2.338159E-7	2.338159E-7
1.600000E-1	9.888960E-6	9.888960E-6	2.518197E-7	2.518197E-7
1.700000E-1	1.058793E-5	1.058793E-5	2.696188E-7	2.696188E-7
1.800000E-1	1.132907E-5	1.132907E-5	2.884917E-7	2.884917E-7
1.900000E-1	1.206180E-5	1.206180E-5	3.071505E-7	3.071505E-7
2.000000E-1	1.282140E-5	1.282140E-5	3.264935E-7	3.264935E-7
2.100000E-1	1.356250E-5	1.356250E-5	3.453654E-7	3.453654E-7
2.200000E-1	1.432240E-5	1.432240E-5	3.647161E-7	3.647161E-7
2.300000E-1	1.511230E-5	1.511230E-5	3.848307E-7	3.848307E-7
2.400000E-1	1.588820E-5	1.588820E-5	4.045887E-7	4.045887E-7
2.500000E-1	1.670410E-5	1.670410E-5	4.253654E-7	4.253654E-7
2.600000E-1	1.751340E-5	1.751340E-5	4.459740E-7	4.459740E-7
2.700000E-1	1.830740E-5	1.830740E-5	4.661930E-7	4.661930E-7
2.800000E-1	1.912440E-5	1.912440E-5	4.869977E-7	4.869977E-7
2.900000E-1	1.997800E-5	1.997800E-5	5.087344E-7	5.087344E-7
3.000000E-1	2.082520E-5	2.082520E-5	5.303081E-7	5.303081E-7
3.100000E-1	2.171310E-5	2.171310E-5	5.529183E-7	5.529183E-7
3.200000E-1	2.258570E-5	2.258570E-5	5.751388E-7	5.751388E-7
3.300000E-1	2.343080E-5	2.343080E-5	5.966590E-7	5.966590E-7
3.400000E-1	2.435750E-5	2.435750E-5	6.202572E-7	6.202572E-7
3.500000E-1	2.525200E-5	2.525200E-5	6.430354E-7	6.430354E-7
3.600000E-1	2.615950E-5	2.615950E-5	6.661446E-7	6.661446E-7
3.700000E-1	2.706270E-5	2.706270E-5	6.891444E-7	6.891444E-7
3.800000E-1	2.799100E-5	2.799100E-5	7.127833E-7	7.127833E-7
3.900000E-1	2.890440E-5	2.890440E-5	7.360428E-7	7.360428E-7
4.000000E-1	2.985290E-5	2.985290E-5	7.601961E-7	7.601961E-7
4.100000E-1	3.080750E-5	3.080750E-5	7.845047E-7	7.845047E-7
4.200000E-1	3.176760E-5	3.176760E-5	8.089534E-7	8.089534E-7
4.300000E-1	3.268630E-5	3.268630E-5	8.323478E-7	8.323478E-7
4.400000E-1	3.371280E-5	3.371280E-5	8.584874E-7	8.584874E-7
4.500000E-1	3.469630E-5	3.469630E-5	8.835319E-7	8.835319E-7
4.600000E-1	3.568900E-5	3.568900E-5	9.088108E-7	9.088108E-7
4.700000E-1	3.667960E-5	3.667960E-5	9.340361E-7	9.340361E-7
4.800000E-1	3.763850E-5	3.763850E-5	9.584543E-7	9.584543E-7
4.900000E-1	3.865640E-5	3.865640E-5	9.843748E-7	9.843748E-7
5.000000E-1	3.973190E-5	3.973190E-5	1.011762E-6	1.011762E-6
