

14:42:20	26/03/21


Ell Cont: 5,0x10,0

SMU1	V name:		V1
	I name:		I1
	Mode:		V
	Function:	VAR1
SMU2	V name:		V2
	I name:		I2
	Mode:		common
	Function:	const.
SMU3	off
SMU4	off
VMUs	off

Primary Source (VAR1):	single
	Sweep Spacing:	linear
	Start:		-0.500000
	Stop:		0.500000
	Step:		0.010000
	Compliance:	0.050000
Power Compliance OFF

Timing:		Integration Time:	medium
	Delay Time (sec):	0.000000
	Hold Time (sec):	0.000000
	Wait Time (sec):	1.000000

Secondary Source (VAR2):	OFF


   V1	   I1	Abs(I)	J (A\um²)	Abs(J)
-5.000000E-1	-2.675460E-9	2.675460E-9	-6.812987E-11	6.812987E-11
-4.900000E-1	-8.137900E-10	8.137900E-10	-2.072294E-11	2.072294E-11
-4.800000E-1	-1.159500E-10	1.159500E-10	-2.952636E-12	2.952636E-12
-4.700000E-1	2.319100E-10	2.319100E-10	5.905526E-12	5.905526E-12
-4.600000E-1	4.361600E-10	4.361600E-10	1.110670E-11	1.110670E-11
-4.500000E-1	5.915300E-10	5.915300E-10	1.506315E-11	1.506315E-11
-4.400000E-1	6.790500E-10	6.790500E-10	1.729183E-11	1.729183E-11
-4.300000E-1	7.607500E-10	7.607500E-10	1.937229E-11	1.937229E-11
-4.200000E-1	8.312400E-10	8.312400E-10	2.116730E-11	2.116730E-11
-4.100000E-1	8.928100E-10	8.928100E-10	2.273517E-11	2.273517E-11
-4.000000E-1	9.622700E-10	9.622700E-10	2.450395E-11	2.450395E-11
-3.900000E-1	1.017630E-9	1.017630E-9	2.591367E-11	2.591367E-11
-3.800000E-1	1.071560E-9	1.071560E-9	2.728699E-11	2.728699E-11
-3.700000E-1	1.110700E-9	1.110700E-9	2.828368E-11	2.828368E-11
-3.600000E-1	1.187950E-9	1.187950E-9	3.025083E-11	3.025083E-11
-3.500000E-1	1.234720E-9	1.234720E-9	3.144181E-11	3.144181E-11
-3.400000E-1	1.278470E-9	1.278470E-9	3.255589E-11	3.255589E-11
-3.300000E-1	1.347080E-9	1.347080E-9	3.430303E-11	3.430303E-11
-3.200000E-1	1.398380E-9	1.398380E-9	3.560937E-11	3.560937E-11
-3.100000E-1	1.440750E-9	1.440750E-9	3.668831E-11	3.668831E-11
-3.000000E-1	1.509050E-9	1.509050E-9	3.842755E-11	3.842755E-11
-2.900000E-1	1.573300E-9	1.573300E-9	4.006366E-11	4.006366E-11
-2.800000E-1	1.633700E-9	1.633700E-9	4.160173E-11	4.160173E-11
-2.700000E-1	1.689420E-9	1.689420E-9	4.302063E-11	4.302063E-11
-2.600000E-1	1.763960E-9	1.763960E-9	4.491877E-11	4.491877E-11
-2.500000E-1	1.833400E-9	1.833400E-9	4.668704E-11	4.668704E-11
-2.400000E-1	1.897910E-9	1.897910E-9	4.832977E-11	4.832977E-11
-2.300000E-1	1.976300E-9	1.976300E-9	5.032595E-11	5.032595E-11
-2.200000E-1	2.061120E-9	2.061120E-9	5.248587E-11	5.248587E-11
-2.100000E-1	2.135580E-9	2.135580E-9	5.438197E-11	5.438197E-11
-2.000000E-1	2.210110E-9	2.210110E-9	5.627986E-11	5.627986E-11
-1.900000E-1	2.308090E-9	2.308090E-9	5.877489E-11	5.877489E-11
-1.800000E-1	2.405680E-9	2.405680E-9	6.125999E-11	6.125999E-11
-1.700000E-1	2.494940E-9	2.494940E-9	6.353298E-11	6.353298E-11
-1.600000E-1	2.604670E-9	2.604670E-9	6.632722E-11	6.632722E-11
-1.500000E-1	2.709680E-9	2.709680E-9	6.900127E-11	6.900127E-11
-1.400000E-1	2.817900E-9	2.817900E-9	7.175707E-11	7.175707E-11
-1.300000E-1	2.941290E-9	2.941290E-9	7.489916E-11	7.489916E-11
-1.200000E-1	3.063420E-9	3.063420E-9	7.800917E-11	7.800917E-11
-1.100000E-1	3.216490E-9	3.216490E-9	8.190705E-11	8.190705E-11
-1.000000E-1	3.351700E-9	3.351700E-9	8.535014E-11	8.535014E-11
-9.000000E-2	3.505730E-9	3.505730E-9	8.927247E-11	8.927247E-11
-8.000000E-2	3.657870E-9	3.657870E-9	9.314668E-11	9.314668E-11
-7.000000E-2	3.829080E-9	3.829080E-9	9.750649E-11	9.750649E-11
-6.000000E-2	4.001890E-9	4.001890E-9	1.019071E-10	1.019071E-10
-5.000000E-2	4.196390E-9	4.196390E-9	1.068599E-10	1.068599E-10
-4.000000E-2	4.396250E-9	4.396250E-9	1.119493E-10	1.119493E-10
-3.000000E-2	4.593410E-9	4.593410E-9	1.169700E-10	1.169700E-10
-2.000000E-2	4.824950E-9	4.824950E-9	1.228661E-10	1.228661E-10
-1.000000E-2	5.047050E-9	5.047050E-9	1.285218E-10	1.285218E-10
0.000000E+0	5.295310E-9	5.295310E-9	1.348436E-10	1.348436E-10
1.000000E-2	5.550850E-9	5.550850E-9	1.413509E-10	1.413509E-10
2.000000E-2	5.823070E-9	5.823070E-9	1.482829E-10	1.482829E-10
3.000000E-2	6.132540E-9	6.132540E-9	1.561635E-10	1.561635E-10
4.000000E-2	6.410610E-9	6.410610E-9	1.632445E-10	1.632445E-10
5.000000E-2	6.736830E-9	6.736830E-9	1.715516E-10	1.715516E-10
6.000000E-2	7.072730E-9	7.072730E-9	1.801052E-10	1.801052E-10
7.000000E-2	7.410730E-9	7.410730E-9	1.887122E-10	1.887122E-10
8.000000E-2	7.772670E-9	7.772670E-9	1.979290E-10	1.979290E-10
9.000000E-2	8.157610E-9	8.157610E-9	2.077313E-10	2.077313E-10
1.000000E-1	8.552780E-9	8.552780E-9	2.177942E-10	2.177942E-10
1.100000E-1	8.960070E-9	8.960070E-9	2.281658E-10	2.281658E-10
1.200000E-1	9.408100E-9	9.408100E-9	2.395747E-10	2.395747E-10
1.300000E-1	1.037020E-8	1.037020E-8	2.640744E-10	2.640744E-10
1.400000E-1	1.099630E-8	1.099630E-8	2.800178E-10	2.800178E-10
1.500000E-1	1.161860E-8	1.161860E-8	2.958645E-10	2.958645E-10
1.600000E-1	1.227050E-8	1.227050E-8	3.124650E-10	3.124650E-10
1.700000E-1	1.297180E-8	1.297180E-8	3.303234E-10	3.303234E-10
1.800000E-1	1.372250E-8	1.372250E-8	3.494398E-10	3.494398E-10
1.900000E-1	1.449990E-8	1.449990E-8	3.692361E-10	3.692361E-10
2.000000E-1	1.535100E-8	1.535100E-8	3.909091E-10	3.909091E-10
2.100000E-1	1.624120E-8	1.624120E-8	4.135778E-10	4.135778E-10
2.200000E-1	1.720040E-8	1.720040E-8	4.380036E-10	4.380036E-10
2.300000E-1	1.820210E-8	1.820210E-8	4.635116E-10	4.635116E-10
2.400000E-1	1.926740E-8	1.926740E-8	4.906392E-10	4.906392E-10
2.500000E-1	2.039340E-8	2.039340E-8	5.193124E-10	5.193124E-10
2.600000E-1	2.159140E-8	2.159140E-8	5.498192E-10	5.498192E-10
2.700000E-1	2.284570E-8	2.284570E-8	5.817596E-10	5.817596E-10
2.800000E-1	2.413780E-8	2.413780E-8	6.146626E-10	6.146626E-10
2.900000E-1	2.553170E-8	2.553170E-8	6.501579E-10	6.501579E-10
3.000000E-1	2.696390E-8	2.696390E-8	6.866285E-10	6.866285E-10
3.100000E-1	2.848110E-8	2.848110E-8	7.252636E-10	7.252636E-10
3.200000E-1	3.003820E-8	3.003820E-8	7.649147E-10	7.649147E-10
3.300000E-1	3.168490E-8	3.168490E-8	8.068475E-10	8.068475E-10
3.400000E-1	3.336760E-8	3.336760E-8	8.496970E-10	8.496970E-10
3.500000E-1	3.511990E-8	3.511990E-8	8.943188E-10	8.943188E-10
3.600000E-1	3.694430E-8	3.694430E-8	9.407767E-10	9.407767E-10
3.700000E-1	3.882930E-8	3.882930E-8	9.887777E-10	9.887777E-10
3.800000E-1	4.075790E-8	4.075790E-8	1.037889E-9	1.037889E-9
3.900000E-1	4.275410E-8	4.275410E-8	1.088722E-9	1.088722E-9
4.000000E-1	4.480820E-8	4.480820E-8	1.141029E-9	1.141029E-9
4.100000E-1	4.689990E-8	4.689990E-8	1.194293E-9	1.194293E-9
4.200000E-1	4.904920E-8	4.904920E-8	1.249025E-9	1.249025E-9
4.300000E-1	5.121970E-8	5.121970E-8	1.304296E-9	1.304296E-9
4.400000E-1	5.345680E-8	5.345680E-8	1.361263E-9	1.361263E-9
4.500000E-1	5.570900E-8	5.570900E-8	1.418615E-9	1.418615E-9
4.600000E-1	5.801530E-8	5.801530E-8	1.477344E-9	1.477344E-9
4.700000E-1	6.031860E-8	6.031860E-8	1.535997E-9	1.535997E-9
4.800000E-1	6.267300E-8	6.267300E-8	1.595951E-9	1.595951E-9
4.900000E-1	6.503960E-8	6.503960E-8	1.656216E-9	1.656216E-9
5.000000E-1	6.737210E-8	6.737210E-8	1.715612E-9	1.715612E-9
