

14:43:21	26/03/21


Ell Cont: 5,0x10,0

SMU1	V name:		V1
	I name:		I1
	Mode:		V
	Function:	VAR1
SMU2	V name:		V2
	I name:		I2
	Mode:		common
	Function:	const.
SMU3	off
SMU4	off
VMUs	off

Primary Source (VAR1):	single
	Sweep Spacing:	linear
	Start:		-0.500000
	Stop:		0.500000
	Step:		0.010000
	Compliance:	0.050000
Power Compliance OFF

Timing:		Integration Time:	medium
	Delay Time (sec):	0.000000
	Hold Time (sec):	0.000000
	Wait Time (sec):	1.000000

Secondary Source (VAR2):	OFF


   V1	   I1	Abs(I)	J (A\um²)	Abs(J)
-5.000000E-1	-3.083190E-9	3.083190E-9	-7.851260E-11	7.851260E-11
-4.900000E-1	-5.806500E-10	5.806500E-10	-1.478610E-11	1.478610E-11
-4.800000E-1	3.939500E-10	3.939500E-10	1.003183E-11	1.003183E-11
-4.700000E-1	8.985400E-10	8.985400E-10	2.288108E-11	2.288108E-11
-4.600000E-1	1.167240E-9	1.167240E-9	2.972345E-11	2.972345E-11
-4.500000E-1	1.386600E-9	1.386600E-9	3.530940E-11	3.530940E-11
-4.400000E-1	1.577450E-9	1.577450E-9	4.016934E-11	4.016934E-11
-4.300000E-1	1.745560E-9	1.745560E-9	4.445022E-11	4.445022E-11
-4.200000E-1	1.889290E-9	1.889290E-9	4.811026E-11	4.811026E-11
-4.100000E-1	2.035230E-9	2.035230E-9	5.182658E-11	5.182658E-11
-4.000000E-1	2.162620E-9	2.162620E-9	5.507054E-11	5.507054E-11
-3.900000E-1	2.290620E-9	2.290620E-9	5.833002E-11	5.833002E-11
-3.800000E-1	2.417130E-9	2.417130E-9	6.155157E-11	6.155157E-11
-3.700000E-1	2.540060E-9	2.540060E-9	6.468194E-11	6.468194E-11
-3.600000E-1	2.664060E-9	2.664060E-9	6.783957E-11	6.783957E-11
-3.500000E-1	2.786340E-9	2.786340E-9	7.095340E-11	7.095340E-11
-3.400000E-1	2.910400E-9	2.910400E-9	7.411255E-11	7.411255E-11
-3.300000E-1	3.042530E-9	3.042530E-9	7.747721E-11	7.747721E-11
-3.200000E-1	3.170610E-9	3.170610E-9	8.073873E-11	8.073873E-11
-3.100000E-1	3.300070E-9	3.300070E-9	8.403539E-11	8.403539E-11
-3.000000E-1	3.420590E-9	3.420590E-9	8.710440E-11	8.710440E-11
-2.900000E-1	3.561350E-9	3.561350E-9	9.068882E-11	9.068882E-11
-2.800000E-1	3.702490E-9	3.702490E-9	9.428291E-11	9.428291E-11
-2.700000E-1	3.852520E-9	3.852520E-9	9.810339E-11	9.810339E-11
-2.600000E-1	4.018010E-9	4.018010E-9	1.023175E-10	1.023175E-10
-2.500000E-1	4.150850E-9	4.150850E-9	1.057003E-10	1.057003E-10
-2.400000E-1	4.335390E-9	4.335390E-9	1.103995E-10	1.103995E-10
-2.300000E-1	4.507800E-9	4.507800E-9	1.147899E-10	1.147899E-10
-2.200000E-1	4.671480E-9	4.671480E-9	1.189580E-10	1.189580E-10
-2.100000E-1	4.868310E-9	4.868310E-9	1.239702E-10	1.239702E-10
-2.000000E-1	5.067850E-9	5.067850E-9	1.290514E-10	1.290514E-10
-1.900000E-1	5.274570E-9	5.274570E-9	1.343155E-10	1.343155E-10
-1.800000E-1	5.479130E-9	5.479130E-9	1.395246E-10	1.395246E-10
-1.700000E-1	5.692680E-9	5.692680E-9	1.449626E-10	1.449626E-10
-1.600000E-1	5.910650E-9	5.910650E-9	1.505131E-10	1.505131E-10
-1.500000E-1	6.162490E-9	6.162490E-9	1.569262E-10	1.569262E-10
-1.400000E-1	6.417030E-9	6.417030E-9	1.634079E-10	1.634079E-10
-1.300000E-1	6.677570E-9	6.677570E-9	1.700425E-10	1.700425E-10
-1.200000E-1	6.957250E-9	6.957250E-9	1.771645E-10	1.771645E-10
-1.100000E-1	7.257400E-9	7.257400E-9	1.848077E-10	1.848077E-10
-1.000000E-1	7.561680E-9	7.561680E-9	1.925561E-10	1.925561E-10
-9.000000E-2	7.872660E-9	7.872660E-9	2.004752E-10	2.004752E-10
-8.000000E-2	8.212400E-9	8.212400E-9	2.091266E-10	2.091266E-10
-7.000000E-2	8.573750E-9	8.573750E-9	2.183282E-10	2.183282E-10
-6.000000E-2	8.920360E-9	8.920360E-9	2.271546E-10	2.271546E-10
-5.000000E-2	9.362300E-9	9.362300E-9	2.384085E-10	2.384085E-10
-4.000000E-2	1.043690E-8	1.043690E-8	2.657729E-10	2.657729E-10
-3.000000E-2	1.104780E-8	1.104780E-8	2.813293E-10	2.813293E-10
-2.000000E-2	1.165320E-8	1.165320E-8	2.967456E-10	2.967456E-10
-1.000000E-2	1.225380E-8	1.225380E-8	3.120397E-10	3.120397E-10
0.000000E+0	1.288000E-8	1.288000E-8	3.279857E-10	3.279857E-10
1.000000E-2	1.356640E-8	1.356640E-8	3.454647E-10	3.454647E-10
2.000000E-2	1.425440E-8	1.425440E-8	3.629845E-10	3.629845E-10
3.000000E-2	1.498630E-8	1.498630E-8	3.816221E-10	3.816221E-10
4.000000E-2	1.578500E-8	1.578500E-8	4.019608E-10	4.019608E-10
5.000000E-2	1.661670E-8	1.661670E-8	4.231398E-10	4.231398E-10
6.000000E-2	1.749960E-8	1.749960E-8	4.456226E-10	4.456226E-10
7.000000E-2	1.844950E-8	1.844950E-8	4.698116E-10	4.698116E-10
8.000000E-2	1.942870E-8	1.942870E-8	4.947466E-10	4.947466E-10
9.000000E-2	2.046610E-8	2.046610E-8	5.211637E-10	5.211637E-10
1.000000E-1	2.157820E-8	2.157820E-8	5.494831E-10	5.494831E-10
1.100000E-1	2.275510E-8	2.275510E-8	5.794525E-10	5.794525E-10
1.200000E-1	2.400420E-8	2.400420E-8	6.112605E-10	6.112605E-10
1.300000E-1	2.531960E-8	2.531960E-8	6.447568E-10	6.447568E-10
1.400000E-1	2.670990E-8	2.670990E-8	6.801604E-10	6.801604E-10
1.500000E-1	2.817580E-8	2.817580E-8	7.174892E-10	7.174892E-10
1.600000E-1	2.975640E-8	2.975640E-8	7.577387E-10	7.577387E-10
1.700000E-1	3.133980E-8	3.133980E-8	7.980596E-10	7.980596E-10
1.800000E-1	3.308500E-8	3.308500E-8	8.425006E-10	8.425006E-10
1.900000E-1	3.485480E-8	3.485480E-8	8.875681E-10	8.875681E-10
2.000000E-1	3.677320E-8	3.677320E-8	9.364196E-10	9.364196E-10
2.100000E-1	3.875410E-8	3.875410E-8	9.868627E-10	9.868627E-10
2.200000E-1	4.085610E-8	4.085610E-8	1.040390E-9	1.040390E-9
2.300000E-1	4.304500E-8	4.304500E-8	1.096129E-9	1.096129E-9
2.400000E-1	4.533860E-8	4.533860E-8	1.154535E-9	1.154535E-9
2.500000E-1	4.769100E-8	4.769100E-8	1.214438E-9	1.214438E-9
2.600000E-1	5.022640E-8	5.022640E-8	1.279002E-9	1.279002E-9
2.700000E-1	5.286110E-8	5.286110E-8	1.346094E-9	1.346094E-9
2.800000E-1	5.433680E-8	5.433680E-8	1.383672E-9	1.383672E-9
2.900000E-1	5.604070E-8	5.604070E-8	1.427061E-9	1.427061E-9
3.000000E-1	5.771760E-8	5.771760E-8	1.469763E-9	1.469763E-9
3.100000E-1	5.942930E-8	5.942930E-8	1.513351E-9	1.513351E-9
3.200000E-1	6.113350E-8	6.113350E-8	1.556748E-9	1.556748E-9
3.300000E-1	6.287490E-8	6.287490E-8	1.601092E-9	1.601092E-9
3.400000E-1	6.455580E-8	6.455580E-8	1.643896E-9	1.643896E-9
3.500000E-1	6.629500E-8	6.629500E-8	1.688184E-9	1.688184E-9
3.600000E-1	6.797350E-8	6.797350E-8	1.730927E-9	1.730927E-9
3.700000E-1	6.968620E-8	6.968620E-8	1.774540E-9	1.774540E-9
3.800000E-1	7.136320E-8	7.136320E-8	1.817245E-9	1.817245E-9
3.900000E-1	7.301560E-8	7.301560E-8	1.859323E-9	1.859323E-9
4.000000E-1	7.463830E-8	7.463830E-8	1.900644E-9	1.900644E-9
4.100000E-1	7.622870E-8	7.622870E-8	1.941143E-9	1.941143E-9
4.200000E-1	7.780910E-8	7.780910E-8	1.981388E-9	1.981388E-9
4.300000E-1	7.935050E-8	7.935050E-8	2.020639E-9	2.020639E-9
4.400000E-1	8.084930E-8	8.084930E-8	2.058806E-9	2.058806E-9
4.500000E-1	8.228960E-8	8.228960E-8	2.095483E-9	2.095483E-9
4.600000E-1	8.377100E-8	8.377100E-8	2.133206E-9	2.133206E-9
4.700000E-1	8.514030E-8	8.514030E-8	2.168075E-9	2.168075E-9
4.800000E-1	8.653380E-8	8.653380E-8	2.203560E-9	2.203560E-9
4.900000E-1	8.788240E-8	8.788240E-8	2.237902E-9	2.237902E-9
5.000000E-1	8.917190E-8	8.917190E-8	2.270738E-9	2.270738E-9
