

14:47:39	26/03/21


Ell Cont: 5,0x10,0

SMU1	V name:		V1
	I name:		I1
	Mode:		V
	Function:	VAR1
SMU2	V name:		V2
	I name:		I2
	Mode:		common
	Function:	const.
SMU3	off
SMU4	off
VMUs	off

Primary Source (VAR1):	single
	Sweep Spacing:	linear
	Start:		-0.500000
	Stop:		0.500000
	Step:		0.010000
	Compliance:	0.050000
Power Compliance OFF

Timing:		Integration Time:	medium
	Delay Time (sec):	0.000000
	Hold Time (sec):	0.000000
	Wait Time (sec):	1.000000

Secondary Source (VAR2):	OFF


   V1	   I1	Abs(I)	J (A\um²)	Abs(J)
-5.000000E-1	-3.990470E-9	3.990470E-9	-1.016162E-10	1.016162E-10
-4.900000E-1	-1.862010E-9	1.862010E-9	-4.741558E-11	4.741558E-11
-4.800000E-1	-1.143560E-9	1.143560E-9	-2.912045E-11	2.912045E-11
-4.700000E-1	-7.406500E-10	7.406500E-10	-1.886045E-11	1.886045E-11
-4.600000E-1	-5.014000E-10	5.014000E-10	-1.276802E-11	1.276802E-11
-4.500000E-1	-3.088900E-10	3.088900E-10	-7.865801E-12	7.865801E-12
-4.400000E-1	-1.489800E-10	1.489800E-10	-3.793736E-12	3.793736E-12
-4.300000E-1	-2.917000E-11	2.917000E-11	-7.428062E-13	7.428062E-13
-4.200000E-1	5.438000E-11	5.438000E-11	1.384772E-12	1.384772E-12
-4.100000E-1	1.379200E-10	1.379200E-10	3.512096E-12	3.512096E-12
-4.000000E-1	1.919300E-10	1.919300E-10	4.887446E-12	4.887446E-12
-3.900000E-1	2.545900E-10	2.545900E-10	6.483066E-12	6.483066E-12
-3.800000E-1	2.983400E-10	2.983400E-10	7.597148E-12	7.597148E-12
-3.700000E-1	3.829300E-10	3.829300E-10	9.751209E-12	9.751209E-12
-3.600000E-1	4.090600E-10	4.090600E-10	1.041660E-11	1.041660E-11
-3.500000E-1	4.612300E-10	4.612300E-10	1.174510E-11	1.174510E-11
-3.400000E-1	5.037500E-10	5.037500E-10	1.282786E-11	1.282786E-11
-3.300000E-1	5.475100E-10	5.475100E-10	1.394219E-11	1.394219E-11
-3.200000E-1	5.967500E-10	5.967500E-10	1.519608E-11	1.519608E-11
-3.100000E-1	6.356800E-10	6.356800E-10	1.618742E-11	1.618742E-11
-3.000000E-1	6.792800E-10	6.792800E-10	1.729768E-11	1.729768E-11
-2.900000E-1	7.174100E-10	7.174100E-10	1.826865E-11	1.826865E-11
-2.800000E-1	7.629900E-10	7.629900E-10	1.942934E-11	1.942934E-11
-2.700000E-1	8.186600E-10	8.186600E-10	2.084696E-11	2.084696E-11
-2.600000E-1	8.434400E-10	8.434400E-10	2.147797E-11	2.147797E-11
-2.500000E-1	8.946300E-10	8.946300E-10	2.278151E-11	2.278151E-11
-2.400000E-1	9.562300E-10	9.562300E-10	2.435014E-11	2.435014E-11
-2.300000E-1	1.003760E-9	1.003760E-9	2.556048E-11	2.556048E-11
-2.200000E-1	1.059500E-9	1.059500E-9	2.697988E-11	2.697988E-11
-2.100000E-1	1.123340E-9	1.123340E-9	2.860555E-11	2.860555E-11
-2.000000E-1	1.173210E-9	1.173210E-9	2.987548E-11	2.987548E-11
-1.900000E-1	1.228830E-9	1.228830E-9	3.129183E-11	3.129183E-11
-1.800000E-1	1.295520E-9	1.295520E-9	3.299007E-11	3.299007E-11
-1.700000E-1	1.362020E-9	1.362020E-9	3.468347E-11	3.468347E-11
-1.600000E-1	1.439190E-9	1.439190E-9	3.664859E-11	3.664859E-11
-1.500000E-1	1.509350E-9	1.509350E-9	3.843519E-11	3.843519E-11
-1.400000E-1	1.597250E-9	1.597250E-9	4.067354E-11	4.067354E-11
-1.300000E-1	1.670950E-9	1.670950E-9	4.255029E-11	4.255029E-11
-1.200000E-1	1.758300E-9	1.758300E-9	4.477464E-11	4.477464E-11
-1.100000E-1	1.871090E-9	1.871090E-9	4.764680E-11	4.764680E-11
-1.000000E-1	1.963660E-9	1.963660E-9	5.000407E-11	5.000407E-11
-9.000000E-2	2.071170E-9	2.071170E-9	5.274179E-11	5.274179E-11
-8.000000E-2	2.188400E-9	2.188400E-9	5.572702E-11	5.572702E-11
-7.000000E-2	2.317200E-9	2.317200E-9	5.900687E-11	5.900687E-11
-6.000000E-2	2.466470E-9	2.466470E-9	6.280800E-11	6.280800E-11
-5.000000E-2	2.605310E-9	2.605310E-9	6.634352E-11	6.634352E-11
-4.000000E-2	2.768000E-9	2.768000E-9	7.048638E-11	7.048638E-11
-3.000000E-2	2.931300E-9	2.931300E-9	7.464477E-11	7.464477E-11
-2.000000E-2	3.128980E-9	3.128980E-9	7.967863E-11	7.967863E-11
-1.000000E-2	3.323910E-9	3.323910E-9	8.464247E-11	8.464247E-11
0.000000E+0	3.556420E-9	3.556420E-9	9.056328E-11	9.056328E-11
1.000000E-2	3.796680E-9	3.796680E-9	9.668144E-11	9.668144E-11
2.000000E-2	4.036360E-9	4.036360E-9	1.027848E-10	1.027848E-10
3.000000E-2	4.326700E-9	4.326700E-9	1.101783E-10	1.101783E-10
4.000000E-2	4.636800E-9	4.636800E-9	1.180749E-10	1.180749E-10
5.000000E-2	4.959120E-9	4.959120E-9	1.262827E-10	1.262827E-10
6.000000E-2	5.308220E-9	5.308220E-9	1.351724E-10	1.351724E-10
7.000000E-2	5.688380E-9	5.688380E-9	1.448531E-10	1.448531E-10
8.000000E-2	6.095290E-9	6.095290E-9	1.552149E-10	1.552149E-10
9.000000E-2	6.535610E-9	6.535610E-9	1.664276E-10	1.664276E-10
1.000000E-1	7.002310E-9	7.002310E-9	1.783119E-10	1.783119E-10
1.100000E-1	7.532870E-9	7.532870E-9	1.918225E-10	1.918225E-10
1.200000E-1	8.053450E-9	8.053450E-9	2.050789E-10	2.050789E-10
1.300000E-1	8.623670E-9	8.623670E-9	2.195994E-10	2.195994E-10
1.400000E-1	9.243800E-9	9.243800E-9	2.353909E-10	2.353909E-10
1.500000E-1	1.055090E-8	1.055090E-8	2.686758E-10	2.686758E-10
1.600000E-1	1.135230E-8	1.135230E-8	2.890833E-10	2.890833E-10
1.700000E-1	1.220520E-8	1.220520E-8	3.108021E-10	3.108021E-10
1.800000E-1	1.307900E-8	1.307900E-8	3.330532E-10	3.330532E-10
1.900000E-1	1.403630E-8	1.403630E-8	3.574306E-10	3.574306E-10
2.000000E-1	1.512350E-8	1.512350E-8	3.851159E-10	3.851159E-10
2.100000E-1	1.625240E-8	1.625240E-8	4.138630E-10	4.138630E-10
2.200000E-1	1.749080E-8	1.749080E-8	4.453985E-10	4.453985E-10
2.300000E-1	1.881820E-8	1.881820E-8	4.792004E-10	4.792004E-10
2.400000E-1	2.026240E-8	2.026240E-8	5.159766E-10	5.159766E-10
2.500000E-1	2.179940E-8	2.179940E-8	5.551159E-10	5.551159E-10
2.600000E-1	2.348080E-8	2.348080E-8	5.979323E-10	5.979323E-10
2.700000E-1	2.526760E-8	2.526760E-8	6.434326E-10	6.434326E-10
2.800000E-1	2.717320E-8	2.717320E-8	6.919582E-10	6.919582E-10
2.900000E-1	2.920780E-8	2.920780E-8	7.437688E-10	7.437688E-10
3.000000E-1	3.138350E-8	3.138350E-8	7.991724E-10	7.991724E-10
3.100000E-1	3.373870E-8	3.373870E-8	8.591469E-10	8.591469E-10
3.200000E-1	3.615290E-8	3.615290E-8	9.206239E-10	9.206239E-10
3.300000E-1	3.875950E-8	3.875950E-8	9.870002E-10	9.870002E-10
3.400000E-1	4.146800E-8	4.146800E-8	1.055971E-9	1.055971E-9
3.500000E-1	4.435800E-8	4.435800E-8	1.129565E-9	1.129565E-9
3.600000E-1	4.736050E-8	4.736050E-8	1.206022E-9	1.206022E-9
3.700000E-1	5.021300E-8	5.021300E-8	1.278661E-9	1.278661E-9
3.800000E-1	5.289380E-8	5.289380E-8	1.346926E-9	1.346926E-9
3.900000E-1	5.521160E-8	5.521160E-8	1.405949E-9	1.405949E-9
4.000000E-1	5.736350E-8	5.736350E-8	1.460746E-9	1.460746E-9
4.100000E-1	5.941320E-8	5.941320E-8	1.512941E-9	1.512941E-9
4.200000E-1	6.138210E-8	6.138210E-8	1.563079E-9	1.563079E-9
4.300000E-1	6.331860E-8	6.331860E-8	1.612391E-9	1.612391E-9
4.400000E-1	6.522090E-8	6.522090E-8	1.660833E-9	1.660833E-9
4.500000E-1	6.709680E-8	6.709680E-8	1.708602E-9	1.708602E-9
4.600000E-1	6.893740E-8	6.893740E-8	1.755472E-9	1.755472E-9
4.700000E-1	7.070290E-8	7.070290E-8	1.800430E-9	1.800430E-9
4.800000E-1	7.248230E-8	7.248230E-8	1.845742E-9	1.845742E-9
4.900000E-1	7.425390E-8	7.425390E-8	1.890856E-9	1.890856E-9
5.000000E-1	7.593380E-8	7.593380E-8	1.933634E-9	1.933634E-9
