

15:06:46	26/03/21


Ell Cont: 5,0x10,0

SMU1	V name:		V1
	I name:		I1
	Mode:		V
	Function:	VAR1
SMU2	V name:		V2
	I name:		I2
	Mode:		common
	Function:	const.
SMU3	off
SMU4	off
VMUs	off

Primary Source (VAR1):	single
	Sweep Spacing:	linear
	Start:		-0.500000
	Stop:		0.500000
	Step:		0.010000
	Compliance:	0.050000
Power Compliance OFF

Timing:		Integration Time:	medium
	Delay Time (sec):	0.000000
	Hold Time (sec):	0.000000
	Wait Time (sec):	1.000000

Secondary Source (VAR2):	OFF


   V1	   I1	Abs(I)	J (A\um²)	Abs(J)
-5.000000E-1	-7.343060E-9	7.343060E-9	-1.869890E-10	1.869890E-10
-4.900000E-1	-6.131980E-9	6.131980E-9	-1.561492E-10	1.561492E-10
-4.800000E-1	-5.229430E-9	5.229430E-9	-1.331660E-10	1.331660E-10
-4.700000E-1	-4.737220E-9	4.737220E-9	-1.206320E-10	1.206320E-10
-4.600000E-1	-4.462520E-9	4.462520E-9	-1.136369E-10	1.136369E-10
-4.500000E-1	-4.214210E-9	4.214210E-9	-1.073137E-10	1.073137E-10
-4.400000E-1	-3.940800E-9	3.940800E-9	-1.003514E-10	1.003514E-10
-4.300000E-1	-3.822290E-9	3.822290E-9	-9.733359E-11	9.733359E-11
-4.200000E-1	-3.607810E-9	3.607810E-9	-9.187191E-11	9.187191E-11
-4.100000E-1	-3.444520E-9	3.444520E-9	-8.771378E-11	8.771378E-11
-4.000000E-1	-3.310000E-9	3.310000E-9	-8.428826E-11	8.428826E-11
-3.900000E-1	-3.103040E-9	3.103040E-9	-7.901808E-11	7.901808E-11
-3.800000E-1	-2.922710E-9	2.922710E-9	-7.442602E-11	7.442602E-11
-3.700000E-1	-2.889770E-9	2.889770E-9	-7.358722E-11	7.358722E-11
-3.600000E-1	-2.751600E-9	2.751600E-9	-7.006875E-11	7.006875E-11
-3.500000E-1	-2.575210E-9	2.575210E-9	-6.557703E-11	6.557703E-11
-3.400000E-1	-2.483690E-9	2.483690E-9	-6.324650E-11	6.324650E-11
-3.300000E-1	-2.431580E-9	2.431580E-9	-6.191953E-11	6.191953E-11
-3.200000E-1	-2.233330E-9	2.233330E-9	-5.687115E-11	5.687115E-11
-3.100000E-1	-2.170370E-9	2.170370E-9	-5.526789E-11	5.526789E-11
-3.000000E-1	-2.020470E-9	2.020470E-9	-5.145073E-11	5.145073E-11
-2.900000E-1	-1.877640E-9	1.877640E-9	-4.781360E-11	4.781360E-11
-2.800000E-1	-1.806040E-9	1.806040E-9	-4.599032E-11	4.599032E-11
-2.700000E-1	-1.697110E-9	1.697110E-9	-4.321645E-11	4.321645E-11
-2.600000E-1	-1.607820E-9	1.607820E-9	-4.094270E-11	4.094270E-11
-2.500000E-1	-1.456760E-9	1.456760E-9	-3.709600E-11	3.709600E-11
-2.400000E-1	-1.384410E-9	1.384410E-9	-3.525363E-11	3.525363E-11
-2.300000E-1	-1.282570E-9	1.282570E-9	-3.266030E-11	3.266030E-11
-2.200000E-1	-1.217580E-9	1.217580E-9	-3.100535E-11	3.100535E-11
-2.100000E-1	-1.106720E-9	1.106720E-9	-2.818233E-11	2.818233E-11
-2.000000E-1	-1.037460E-9	1.037460E-9	-2.641864E-11	2.641864E-11
-1.900000E-1	-9.367300E-10	9.367300E-10	-2.385358E-11	2.385358E-11
-1.800000E-1	-8.558900E-10	8.558900E-10	-2.179501E-11	2.179501E-11
-1.700000E-1	-7.853700E-10	7.853700E-10	-1.999924E-11	1.999924E-11
-1.600000E-1	-6.948400E-10	6.948400E-10	-1.769391E-11	1.769391E-11
-1.500000E-1	-6.005600E-10	6.005600E-10	-1.529310E-11	1.529310E-11
-1.400000E-1	-5.335100E-10	5.335100E-10	-1.358569E-11	1.358569E-11
-1.300000E-1	-4.515300E-10	4.515300E-10	-1.149809E-11	1.149809E-11
-1.200000E-1	-3.928000E-10	3.928000E-10	-1.000255E-11	1.000255E-11
-1.100000E-1	-3.050500E-10	3.050500E-10	-7.768016E-12	7.768016E-12
-1.000000E-1	-2.542400E-10	2.542400E-10	-6.474153E-12	6.474153E-12
-9.000000E-2	-1.787000E-10	1.787000E-10	-4.550547E-12	4.550547E-12
-8.000000E-2	-1.038600E-10	1.038600E-10	-2.644767E-12	2.644767E-12
-7.000000E-2	-4.859000E-11	4.859000E-11	-1.237331E-12	1.237331E-12
-6.000000E-2	2.153000E-11	2.153000E-11	5.482557E-13	5.482557E-13
-5.000000E-2	8.602000E-11	8.602000E-11	2.190476E-12	2.190476E-12
-4.000000E-2	1.512100E-10	1.512100E-10	3.850522E-12	3.850522E-12
-3.000000E-2	2.177400E-10	2.177400E-10	5.544691E-12	5.544691E-12
-2.000000E-2	2.815800E-10	2.815800E-10	7.170359E-12	7.170359E-12
-1.000000E-2	3.830800E-10	3.830800E-10	9.755029E-12	9.755029E-12
0.000000E+0	4.302800E-10	4.302800E-10	1.095696E-11	1.095696E-11
1.000000E-2	5.025400E-10	5.025400E-10	1.279705E-11	1.279705E-11
2.000000E-2	5.819100E-10	5.819100E-10	1.481818E-11	1.481818E-11
3.000000E-2	6.647500E-10	6.647500E-10	1.692768E-11	1.692768E-11
4.000000E-2	7.212200E-10	7.212200E-10	1.836567E-11	1.836567E-11
5.000000E-2	8.084900E-10	8.084900E-10	2.058798E-11	2.058798E-11
6.000000E-2	8.898700E-10	8.898700E-10	2.266030E-11	2.266030E-11
7.000000E-2	9.626500E-10	9.626500E-10	2.451362E-11	2.451362E-11
8.000000E-2	1.038870E-9	1.038870E-9	2.645455E-11	2.645455E-11
9.000000E-2	1.123290E-9	1.123290E-9	2.860428E-11	2.860428E-11
1.000000E-1	1.198840E-9	1.198840E-9	3.052814E-11	3.052814E-11
1.100000E-1	1.300220E-9	1.300220E-9	3.310975E-11	3.310975E-11
1.200000E-1	1.394120E-9	1.394120E-9	3.550089E-11	3.550089E-11
1.300000E-1	1.503350E-9	1.503350E-9	3.828240E-11	3.828240E-11
1.400000E-1	1.608610E-9	1.608610E-9	4.096282E-11	4.096282E-11
1.500000E-1	1.706800E-9	1.706800E-9	4.346320E-11	4.346320E-11
1.600000E-1	1.796470E-9	1.796470E-9	4.574663E-11	4.574663E-11
1.700000E-1	1.919280E-9	1.919280E-9	4.887395E-11	4.887395E-11
1.800000E-1	2.063780E-9	2.063780E-9	5.255360E-11	5.255360E-11
1.900000E-1	2.174160E-9	2.174160E-9	5.536440E-11	5.536440E-11
2.000000E-1	2.297880E-9	2.297880E-9	5.851490E-11	5.851490E-11
2.100000E-1	2.431050E-9	2.431050E-9	6.190603E-11	6.190603E-11
2.200000E-1	2.587010E-9	2.587010E-9	6.587751E-11	6.587751E-11
2.300000E-1	2.721000E-9	2.721000E-9	6.928953E-11	6.928953E-11
2.400000E-1	2.909110E-9	2.909110E-9	7.407970E-11	7.407970E-11
2.500000E-1	3.077460E-9	3.077460E-9	7.836669E-11	7.836669E-11
2.600000E-1	3.330160E-9	3.330160E-9	8.480163E-11	8.480163E-11
2.700000E-1	3.379150E-9	3.379150E-9	8.604915E-11	8.604915E-11
2.800000E-1	3.601880E-9	3.601880E-9	9.172091E-11	9.172091E-11
2.900000E-1	3.813460E-9	3.813460E-9	9.710873E-11	9.710873E-11
3.000000E-1	4.022340E-9	4.022340E-9	1.024278E-10	1.024278E-10
3.100000E-1	4.218640E-9	4.218640E-9	1.074265E-10	1.074265E-10
3.200000E-1	4.450560E-9	4.450560E-9	1.133323E-10	1.133323E-10
3.300000E-1	4.668510E-9	4.668510E-9	1.188824E-10	1.188824E-10
3.400000E-1	4.890610E-9	4.890610E-9	1.245381E-10	1.245381E-10
3.500000E-1	5.201540E-9	5.201540E-9	1.324558E-10	1.324558E-10
3.600000E-1	5.420350E-9	5.420350E-9	1.380278E-10	1.380278E-10
3.700000E-1	5.698030E-9	5.698030E-9	1.450988E-10	1.450988E-10
3.800000E-1	6.035480E-9	6.035480E-9	1.536919E-10	1.536919E-10
3.900000E-1	6.388890E-9	6.388890E-9	1.626914E-10	1.626914E-10
4.000000E-1	6.922370E-9	6.922370E-9	1.762763E-10	1.762763E-10
4.100000E-1	7.315260E-9	7.315260E-9	1.862811E-10	1.862811E-10
4.200000E-1	7.641110E-9	7.641110E-9	1.945788E-10	1.945788E-10
4.300000E-1	8.076470E-9	8.076470E-9	2.056651E-10	2.056651E-10
4.400000E-1	8.279620E-9	8.279620E-9	2.108383E-10	2.108383E-10
4.500000E-1	8.917090E-9	8.917090E-9	2.270713E-10	2.270713E-10
4.600000E-1	9.182580E-9	9.182580E-9	2.338319E-10	2.338319E-10
4.700000E-1	9.807900E-9	9.807900E-9	2.497555E-10	2.497555E-10
4.800000E-1	1.073860E-8	1.073860E-8	2.734556E-10	2.734556E-10
4.900000E-1	1.137930E-8	1.137930E-8	2.897708E-10	2.897708E-10
5.000000E-1	1.208110E-8	1.208110E-8	3.076420E-10	3.076420E-10
