

15:05:34	26/03/21


Ell Cont: 5,0x10,0

SMU1	V name:		V1
	I name:		I1
	Mode:		V
	Function:	VAR1
SMU2	V name:		V2
	I name:		I2
	Mode:		common
	Function:	const.
SMU3	off
SMU4	off
VMUs	off

Primary Source (VAR1):	single
	Sweep Spacing:	linear
	Start:		-0.500000
	Stop:		0.500000
	Step:		0.010000
	Compliance:	0.050000
Power Compliance OFF

Timing:		Integration Time:	medium
	Delay Time (sec):	0.000000
	Hold Time (sec):	0.000000
	Wait Time (sec):	1.000000

Secondary Source (VAR2):	OFF


   V1	   I1	Abs(I)	J (A\um²)	Abs(J)
-5.000000E-1	-4.546440E-9	4.546440E-9	-1.157739E-10	1.157739E-10
-4.900000E-1	-1.715510E-9	1.715510E-9	-4.368500E-11	4.368500E-11
-4.800000E-1	-7.542400E-10	7.542400E-10	-1.920652E-11	1.920652E-11
-4.700000E-1	-1.894200E-10	1.894200E-10	-4.823529E-12	4.823529E-12
-4.600000E-1	1.842000E-10	1.842000E-10	4.690603E-12	4.690603E-12
-4.500000E-1	4.460800E-10	4.460800E-10	1.135931E-11	1.135931E-11
-4.400000E-1	5.700400E-10	5.700400E-10	1.451592E-11	1.451592E-11
-4.300000E-1	6.998300E-10	6.998300E-10	1.782098E-11	1.782098E-11
-4.200000E-1	8.173100E-10	8.173100E-10	2.081258E-11	2.081258E-11
-4.100000E-1	9.028200E-10	9.028200E-10	2.299007E-11	2.299007E-11
-4.000000E-1	1.000890E-9	1.000890E-9	2.548739E-11	2.548739E-11
-3.900000E-1	1.079320E-9	1.079320E-9	2.748459E-11	2.748459E-11
-3.800000E-1	1.158340E-9	1.158340E-9	2.949682E-11	2.949682E-11
-3.700000E-1	1.238200E-9	1.238200E-9	3.153043E-11	3.153043E-11
-3.600000E-1	1.312230E-9	1.312230E-9	3.341558E-11	3.341558E-11
-3.500000E-1	1.382560E-9	1.382560E-9	3.520652E-11	3.520652E-11
-3.400000E-1	1.456740E-9	1.456740E-9	3.709549E-11	3.709549E-11
-3.300000E-1	1.536610E-9	1.536610E-9	3.912936E-11	3.912936E-11
-3.200000E-1	1.601600E-9	1.601600E-9	4.078431E-11	4.078431E-11
-3.100000E-1	1.680560E-9	1.680560E-9	4.279501E-11	4.279501E-11
-3.000000E-1	1.755180E-9	1.755180E-9	4.469519E-11	4.469519E-11
-2.900000E-1	1.838450E-9	1.838450E-9	4.681563E-11	4.681563E-11
-2.800000E-1	1.903700E-9	1.903700E-9	4.847721E-11	4.847721E-11
-2.700000E-1	2.004680E-9	2.004680E-9	5.104864E-11	5.104864E-11
-2.600000E-1	2.087910E-9	2.087910E-9	5.316807E-11	5.316807E-11
-2.500000E-1	2.173890E-9	2.173890E-9	5.535752E-11	5.535752E-11
-2.400000E-1	2.277250E-9	2.277250E-9	5.798956E-11	5.798956E-11
-2.300000E-1	2.372260E-9	2.372260E-9	6.040896E-11	6.040896E-11
-2.200000E-1	2.478900E-9	2.478900E-9	6.312452E-11	6.312452E-11
-2.100000E-1	2.587430E-9	2.587430E-9	6.588821E-11	6.588821E-11
-2.000000E-1	2.709670E-9	2.709670E-9	6.900102E-11	6.900102E-11
-1.900000E-1	2.829620E-9	2.829620E-9	7.205551E-11	7.205551E-11
-1.800000E-1	2.977900E-9	2.977900E-9	7.583142E-11	7.583142E-11
-1.700000E-1	3.112300E-9	3.112300E-9	7.925388E-11	7.925388E-11
-1.600000E-1	3.271570E-9	3.271570E-9	8.330965E-11	8.330965E-11
-1.500000E-1	3.441850E-9	3.441850E-9	8.764578E-11	8.764578E-11
-1.400000E-1	3.609290E-9	3.609290E-9	9.190960E-11	9.190960E-11
-1.300000E-1	3.799810E-9	3.799810E-9	9.676114E-11	9.676114E-11
-1.200000E-1	3.994580E-9	3.994580E-9	1.017209E-10	1.017209E-10
-1.100000E-1	4.216380E-9	4.216380E-9	1.073690E-10	1.073690E-10
-1.000000E-1	4.445980E-9	4.445980E-9	1.132157E-10	1.132157E-10
-9.000000E-2	4.682540E-9	4.682540E-9	1.192396E-10	1.192396E-10
-8.000000E-2	4.951210E-9	4.951210E-9	1.260812E-10	1.260812E-10
-7.000000E-2	5.234790E-9	5.234790E-9	1.333025E-10	1.333025E-10
-6.000000E-2	5.530220E-9	5.530220E-9	1.408256E-10	1.408256E-10
-5.000000E-2	5.842420E-9	5.842420E-9	1.487757E-10	1.487757E-10
-4.000000E-2	6.196170E-9	6.196170E-9	1.577838E-10	1.577838E-10
-3.000000E-2	6.560170E-9	6.560170E-9	1.670530E-10	1.670530E-10
-2.000000E-2	6.959230E-9	6.959230E-9	1.772149E-10	1.772149E-10
-1.000000E-2	7.366520E-9	7.366520E-9	1.875865E-10	1.875865E-10
0.000000E+0	7.799940E-9	7.799940E-9	1.986234E-10	1.986234E-10
1.000000E-2	8.273850E-9	8.273850E-9	2.106914E-10	2.106914E-10
2.000000E-2	8.744650E-9	8.744650E-9	2.226802E-10	2.226802E-10
3.000000E-2	9.259890E-9	9.259890E-9	2.358006E-10	2.358006E-10
4.000000E-2	9.865600E-9	9.865600E-9	2.512249E-10	2.512249E-10
5.000000E-2	1.141930E-8	1.141930E-8	2.907894E-10	2.907894E-10
6.000000E-2	1.221880E-8	1.221880E-8	3.111485E-10	3.111485E-10
7.000000E-2	1.304530E-8	1.304530E-8	3.321951E-10	3.321951E-10
8.000000E-2	1.387690E-8	1.387690E-8	3.533715E-10	3.533715E-10
9.000000E-2	1.479460E-8	1.479460E-8	3.767405E-10	3.767405E-10
1.000000E-1	1.575710E-8	1.575710E-8	4.012503E-10	4.012503E-10
1.100000E-1	1.680290E-8	1.680290E-8	4.278813E-10	4.278813E-10
1.200000E-1	1.790510E-8	1.790510E-8	4.559486E-10	4.559486E-10
1.300000E-1	1.911530E-8	1.911530E-8	4.867660E-10	4.867660E-10
1.400000E-1	2.036920E-8	2.036920E-8	5.186962E-10	5.186962E-10
1.500000E-1	2.174220E-8	2.174220E-8	5.536593E-10	5.536593E-10
1.600000E-1	2.320550E-8	2.320550E-8	5.909218E-10	5.909218E-10
1.700000E-1	2.474030E-8	2.474030E-8	6.300051E-10	6.300051E-10
1.800000E-1	2.637970E-8	2.637970E-8	6.717520E-10	6.717520E-10
1.900000E-1	2.811000E-8	2.811000E-8	7.158136E-10	7.158136E-10
2.000000E-1	2.994480E-8	2.994480E-8	7.625363E-10	7.625363E-10
2.100000E-1	3.186110E-8	3.186110E-8	8.113343E-10	8.113343E-10
2.200000E-1	3.390060E-8	3.390060E-8	8.632697E-10	8.632697E-10
2.300000E-1	3.601300E-8	3.601300E-8	9.170614E-10	9.170614E-10
2.400000E-1	3.826470E-8	3.826470E-8	9.744003E-10	9.744003E-10
2.500000E-1	4.058770E-8	4.058770E-8	1.033555E-9	1.033555E-9
2.600000E-1	4.177050E-8	4.177050E-8	1.063675E-9	1.063675E-9
2.700000E-1	4.336320E-8	4.336320E-8	1.104232E-9	1.104232E-9
2.800000E-1	4.490020E-8	4.490020E-8	1.143372E-9	1.143372E-9
2.900000E-1	4.645800E-8	4.645800E-8	1.183040E-9	1.183040E-9
3.000000E-1	4.800710E-8	4.800710E-8	1.222488E-9	1.222488E-9
3.100000E-1	4.958950E-8	4.958950E-8	1.262783E-9	1.262783E-9
3.200000E-1	5.118680E-8	5.118680E-8	1.303458E-9	1.303458E-9
3.300000E-1	5.279860E-8	5.279860E-8	1.344502E-9	1.344502E-9
3.400000E-1	5.440360E-8	5.440360E-8	1.385373E-9	1.385373E-9
3.500000E-1	5.605540E-8	5.605540E-8	1.427436E-9	1.427436E-9
3.600000E-1	5.769170E-8	5.769170E-8	1.469104E-9	1.469104E-9
3.700000E-1	5.935490E-8	5.935490E-8	1.511457E-9	1.511457E-9
3.800000E-1	6.102310E-8	6.102310E-8	1.553937E-9	1.553937E-9
3.900000E-1	6.267300E-8	6.267300E-8	1.595951E-9	1.595951E-9
4.000000E-1	6.436940E-8	6.436940E-8	1.639149E-9	1.639149E-9
4.100000E-1	6.601700E-8	6.601700E-8	1.681105E-9	1.681105E-9
4.200000E-1	6.771190E-8	6.771190E-8	1.724265E-9	1.724265E-9
4.300000E-1	6.935160E-8	6.935160E-8	1.766020E-9	1.766020E-9
4.400000E-1	7.105250E-8	7.105250E-8	1.809333E-9	1.809333E-9
4.500000E-1	7.271850E-8	7.271850E-8	1.851757E-9	1.851757E-9
4.600000E-1	7.440570E-8	7.440570E-8	1.894721E-9	1.894721E-9
4.700000E-1	7.607270E-8	7.607270E-8	1.937171E-9	1.937171E-9
4.800000E-1	7.776820E-8	7.776820E-8	1.980346E-9	1.980346E-9
4.900000E-1	7.944920E-8	7.944920E-8	2.023153E-9	2.023153E-9
5.000000E-1	8.110420E-8	8.110420E-8	2.065297E-9	2.065297E-9
