

14:51:57	26/03/21


Ell Cont: 5,0x10,0

SMU1	V name:		V1
	I name:		I1
	Mode:		V
	Function:	VAR1
SMU2	V name:		V2
	I name:		I2
	Mode:		common
	Function:	const.
SMU3	off
SMU4	off
VMUs	off

Primary Source (VAR1):	single
	Sweep Spacing:	linear
	Start:		-0.500000
	Stop:		0.500000
	Step:		0.010000
	Compliance:	0.050000
Power Compliance OFF

Timing:		Integration Time:	medium
	Delay Time (sec):	0.000000
	Hold Time (sec):	0.000000
	Wait Time (sec):	1.000000

Secondary Source (VAR2):	OFF


   V1	   I1	Abs(I)	J (A\µm²)	Abs(J)
-5.000000E-1	-3.985250E-9	3.985250E-9	-1.014833E-10	1.014833E-10
-4.900000E-1	-2.330850E-9	2.330850E-9	-5.935447E-11	5.935447E-11
-4.800000E-1	-1.776620E-9	1.776620E-9	-4.524115E-11	4.524115E-11
-4.700000E-1	-1.436430E-9	1.436430E-9	-3.657830E-11	3.657830E-11
-4.600000E-1	-1.221800E-9	1.221800E-9	-3.111281E-11	3.111281E-11
-4.500000E-1	-1.072660E-9	1.072660E-9	-2.731500E-11	2.731500E-11
-4.400000E-1	-9.393700E-10	9.393700E-10	-2.392080E-11	2.392080E-11
-4.300000E-1	-8.376300E-10	8.376300E-10	-2.133002E-11	2.133002E-11
-4.200000E-1	-7.388800E-10	7.388800E-10	-1.881538E-11	1.881538E-11
-4.100000E-1	-6.434000E-10	6.434000E-10	-1.638401E-11	1.638401E-11
-4.000000E-1	-5.679200E-10	5.679200E-10	-1.446193E-11	1.446193E-11
-3.900000E-1	-5.001900E-10	5.001900E-10	-1.273720E-11	1.273720E-11
-3.800000E-1	-4.428100E-10	4.428100E-10	-1.127604E-11	1.127604E-11
-3.700000E-1	-3.709600E-10	3.709600E-10	-9.446397E-12	9.446397E-12
-3.600000E-1	-2.849800E-10	2.849800E-10	-7.256939E-12	7.256939E-12
-3.500000E-1	-2.673200E-10	2.673200E-10	-6.807232E-12	6.807232E-12
-3.400000E-1	-1.180500E-10	1.180500E-10	-3.006112E-12	3.006112E-12
-3.300000E-1	-7.093000E-11	7.093000E-11	-1.806213E-12	1.806213E-12
-3.200000E-1	-1.728000E-11	1.728000E-11	-4.400306E-13	4.400306E-13
-3.100000E-1	1.602000E-11	1.602000E-11	4.079450E-13	4.079450E-13
-3.000000E-1	5.529000E-11	5.529000E-11	1.407945E-12	1.407945E-12
-2.900000E-1	8.427000E-11	8.427000E-11	2.145913E-12	2.145913E-12
-2.800000E-1	1.061000E-10	1.061000E-10	2.701808E-12	2.701808E-12
-2.700000E-1	1.486500E-10	1.486500E-10	3.785332E-12	3.785332E-12
-2.600000E-1	1.784300E-10	1.784300E-10	4.543672E-12	4.543672E-12
-2.500000E-1	2.000300E-10	2.000300E-10	5.093710E-12	5.093710E-12
-2.400000E-1	2.307400E-10	2.307400E-10	5.875732E-12	5.875732E-12
-2.300000E-1	2.673200E-10	2.673200E-10	6.807232E-12	6.807232E-12
-2.200000E-1	2.930500E-10	2.930500E-10	7.462439E-12	7.462439E-12
-2.100000E-1	3.178200E-10	3.178200E-10	8.093201E-12	8.093201E-12
-2.000000E-1	3.640700E-10	3.640700E-10	9.270945E-12	9.270945E-12
-1.900000E-1	3.946700E-10	3.946700E-10	1.005017E-11	1.005017E-11
-1.800000E-1	4.352000E-10	4.352000E-10	1.108225E-11	1.108225E-11
-1.700000E-1	4.629300E-10	4.629300E-10	1.178839E-11	1.178839E-11
-1.600000E-1	4.890000E-10	4.890000E-10	1.245225E-11	1.245225E-11
-1.500000E-1	5.223800E-10	5.223800E-10	1.330227E-11	1.330227E-11
-1.400000E-1	5.592800E-10	5.592800E-10	1.424191E-11	1.424191E-11
-1.300000E-1	6.060600E-10	6.060600E-10	1.543315E-11	1.543315E-11
-1.200000E-1	6.464500E-10	6.464500E-10	1.646168E-11	1.646168E-11
-1.100000E-1	6.733600E-10	6.733600E-10	1.714693E-11	1.714693E-11
-1.000000E-1	7.093800E-10	7.093800E-10	1.806417E-11	1.806417E-11
-9.000000E-2	7.702000E-10	7.702000E-10	1.961294E-11	1.961294E-11
-8.000000E-2	7.867000E-10	7.867000E-10	2.003310E-11	2.003310E-11
-7.000000E-2	8.458600E-10	8.458600E-10	2.153960E-11	2.153960E-11
-6.000000E-2	8.872900E-10	8.872900E-10	2.259460E-11	2.259460E-11
-5.000000E-2	9.431900E-10	9.431900E-10	2.401808E-11	2.401808E-11
-4.000000E-2	9.839100E-10	9.839100E-10	2.505500E-11	2.505500E-11
-3.000000E-2	1.041160E-9	1.041160E-9	2.651286E-11	2.651286E-11
-2.000000E-2	1.099160E-9	1.099160E-9	2.798981E-11	2.798981E-11
-1.000000E-2	1.153840E-9	1.153840E-9	2.938223E-11	2.938223E-11
0.000000E+0	1.222260E-9	1.222260E-9	3.112452E-11	3.112452E-11
1.000000E-2	1.292920E-9	1.292920E-9	3.292386E-11	3.292386E-11
2.000000E-2	1.360690E-9	1.360690E-9	3.464960E-11	3.464960E-11
3.000000E-2	1.440320E-9	1.440320E-9	3.667736E-11	3.667736E-11
4.000000E-2	1.534180E-9	1.534180E-9	3.906748E-11	3.906748E-11
5.000000E-2	1.625260E-9	1.625260E-9	4.138681E-11	4.138681E-11
6.000000E-2	1.720040E-9	1.720040E-9	4.380036E-11	4.380036E-11
7.000000E-2	1.831420E-9	1.831420E-9	4.663662E-11	4.663662E-11
8.000000E-2	1.944860E-9	1.944860E-9	4.952534E-11	4.952534E-11
9.000000E-2	2.078720E-9	2.078720E-9	5.293405E-11	5.293405E-11
1.000000E-1	2.212370E-9	2.212370E-9	5.633741E-11	5.633741E-11
1.100000E-1	2.364900E-9	2.364900E-9	6.022154E-11	6.022154E-11
1.200000E-1	2.532560E-9	2.532560E-9	6.449096E-11	6.449096E-11
1.300000E-1	2.698950E-9	2.698950E-9	6.872804E-11	6.872804E-11
1.400000E-1	2.896870E-9	2.896870E-9	7.376802E-11	7.376802E-11
1.500000E-1	3.099690E-9	3.099690E-9	7.893277E-11	7.893277E-11
1.600000E-1	3.345520E-9	3.345520E-9	8.519277E-11	8.519277E-11
1.700000E-1	3.589420E-9	3.589420E-9	9.140361E-11	9.140361E-11
1.800000E-1	3.851990E-9	3.851990E-9	9.808989E-11	9.808989E-11
1.900000E-1	4.135900E-9	4.135900E-9	1.053196E-10	1.053196E-10
2.000000E-1	4.443060E-9	4.443060E-9	1.131413E-10	1.131413E-10
2.100000E-1	4.777230E-9	4.777230E-9	1.216509E-10	1.216509E-10
2.200000E-1	5.128510E-9	5.128510E-9	1.305961E-10	1.305961E-10
2.300000E-1	5.503440E-9	5.503440E-9	1.401436E-10	1.401436E-10
2.400000E-1	5.918590E-9	5.918590E-9	1.507153E-10	1.507153E-10
2.500000E-1	6.341190E-9	6.341190E-9	1.614767E-10	1.614767E-10
2.600000E-1	6.800670E-9	6.800670E-9	1.731772E-10	1.731772E-10
2.700000E-1	7.301200E-9	7.301200E-9	1.859231E-10	1.859231E-10
2.800000E-1	7.803860E-9	7.803860E-9	1.987232E-10	1.987232E-10
2.900000E-1	8.349520E-9	8.349520E-9	2.126183E-10	2.126183E-10
3.000000E-1	8.921750E-9	8.921750E-9	2.271900E-10	2.271900E-10
3.100000E-1	9.564900E-9	9.564900E-9	2.435676E-10	2.435676E-10
3.200000E-1	1.074710E-8	1.074710E-8	2.736720E-10	2.736720E-10
3.300000E-1	1.155300E-8	1.155300E-8	2.941940E-10	2.941940E-10
3.400000E-1	1.237810E-8	1.237810E-8	3.152050E-10	3.152050E-10
3.500000E-1	1.328800E-8	1.328800E-8	3.383753E-10	3.383753E-10
3.600000E-1	1.424900E-8	1.424900E-8	3.628470E-10	3.628470E-10
3.700000E-1	1.530500E-8	1.530500E-8	3.897377E-10	3.897377E-10
3.800000E-1	1.646840E-8	1.646840E-8	4.193634E-10	4.193634E-10
3.900000E-1	1.766850E-8	1.766850E-8	4.499236E-10	4.499236E-10
4.000000E-1	1.902380E-8	1.902380E-8	4.844360E-10	4.844360E-10
4.100000E-1	2.039860E-8	2.039860E-8	5.194449E-10	5.194449E-10
4.200000E-1	2.191230E-8	2.191230E-8	5.579908E-10	5.579908E-10
4.300000E-1	2.358240E-8	2.358240E-8	6.005195E-10	6.005195E-10
4.400000E-1	2.533980E-8	2.533980E-8	6.452712E-10	6.452712E-10
4.500000E-1	2.715950E-8	2.715950E-8	6.916094E-10	6.916094E-10
4.600000E-1	2.913120E-8	2.913120E-8	7.418182E-10	7.418182E-10
4.700000E-1	3.122470E-8	3.122470E-8	7.951286E-10	7.951286E-10
4.800000E-1	3.343960E-8	3.343960E-8	8.515304E-10	8.515304E-10
4.900000E-1	3.578110E-8	3.578110E-8	9.111561E-10	9.111561E-10
5.000000E-1	3.823500E-8	3.823500E-8	9.736440E-10	9.736440E-10
