

14:56:28	26/03/21


Ell Cont: 5,0x10,0

SMU1	V name:		V1
	I name:		I1
	Mode:		V
	Function:	VAR1
SMU2	V name:		V2
	I name:		I2
	Mode:		common
	Function:	const.
SMU3	off
SMU4	off
VMUs	off

Primary Source (VAR1):	single
	Sweep Spacing:	linear
	Start:		-0.500000
	Stop:		0.500000
	Step:		0.010000
	Compliance:	0.050000
Power Compliance OFF

Timing:		Integration Time:	medium
	Delay Time (sec):	0.000000
	Hold Time (sec):	0.000000
	Wait Time (sec):	1.000000

Secondary Source (VAR2):	OFF


   V1	   I1	Abs(I)	J (A\µm²)	Abs(J)
-5.000000E-1	-3.295800E-9	3.295800E-9	-8.392666E-11	8.392666E-11
-4.900000E-1	-1.388870E-9	1.388870E-9	-3.536720E-11	3.536720E-11
-4.800000E-1	-7.786600E-10	7.786600E-10	-1.982837E-11	1.982837E-11
-4.700000E-1	-4.717500E-10	4.717500E-10	-1.201299E-11	1.201299E-11
-4.600000E-1	-2.647200E-10	2.647200E-10	-6.741024E-12	6.741024E-12
-4.500000E-1	-1.066500E-10	1.066500E-10	-2.715814E-12	2.715814E-12
-4.400000E-1	-4.230000E-12	4.230000E-12	-1.077158E-13	1.077158E-13
-4.300000E-1	7.497000E-11	7.497000E-11	1.909091E-12	1.909091E-12
-4.200000E-1	1.413800E-10	1.413800E-10	3.600204E-12	3.600204E-12
-4.100000E-1	1.874400E-10	1.874400E-10	4.773109E-12	4.773109E-12
-4.000000E-1	2.300000E-10	2.300000E-10	5.856888E-12	5.856888E-12
-3.900000E-1	2.704500E-10	2.704500E-10	6.886937E-12	6.886937E-12
-3.800000E-1	3.058800E-10	3.058800E-10	7.789152E-12	7.789152E-12
-3.700000E-1	3.606100E-10	3.606100E-10	9.182837E-12	9.182837E-12
-3.600000E-1	3.902000E-10	3.902000E-10	9.936338E-12	9.936338E-12
-3.500000E-1	4.122800E-10	4.122800E-10	1.049860E-11	1.049860E-11
-3.400000E-1	4.471700E-10	4.471700E-10	1.138706E-11	1.138706E-11
-3.300000E-1	4.695500E-10	4.695500E-10	1.195696E-11	1.195696E-11
-3.200000E-1	5.042900E-10	5.042900E-10	1.284161E-11	1.284161E-11
-3.100000E-1	5.504700E-10	5.504700E-10	1.401757E-11	1.401757E-11
-3.000000E-1	5.714600E-10	5.714600E-10	1.455208E-11	1.455208E-11
-2.900000E-1	5.996800E-10	5.996800E-10	1.527069E-11	1.527069E-11
-2.800000E-1	6.308200E-10	6.308200E-10	1.606366E-11	1.606366E-11
-2.700000E-1	6.598700E-10	6.598700E-10	1.680341E-11	1.680341E-11
-2.600000E-1	6.955000E-10	6.955000E-10	1.771072E-11	1.771072E-11
-2.500000E-1	7.276700E-10	7.276700E-10	1.852992E-11	1.852992E-11
-2.400000E-1	7.685000E-10	7.685000E-10	1.956965E-11	1.956965E-11
-2.300000E-1	8.001100E-10	8.001100E-10	2.037459E-11	2.037459E-11
-2.200000E-1	8.379900E-10	8.379900E-10	2.133919E-11	2.133919E-11
-2.100000E-1	8.822200E-10	8.822200E-10	2.246550E-11	2.246550E-11
-2.000000E-1	9.240900E-10	9.240900E-10	2.353170E-11	2.353170E-11
-1.900000E-1	9.670900E-10	9.670900E-10	2.462669E-11	2.462669E-11
-1.800000E-1	1.016600E-9	1.016600E-9	2.588745E-11	2.588745E-11
-1.700000E-1	1.057740E-9	1.057740E-9	2.693506E-11	2.693506E-11
-1.600000E-1	1.111590E-9	1.111590E-9	2.830634E-11	2.830634E-11
-1.500000E-1	1.167050E-9	1.167050E-9	2.971861E-11	2.971861E-11
-1.400000E-1	1.223360E-9	1.223360E-9	3.115253E-11	3.115253E-11
-1.300000E-1	1.280820E-9	1.280820E-9	3.261574E-11	3.261574E-11
-1.200000E-1	1.352020E-9	1.352020E-9	3.442883E-11	3.442883E-11
-1.100000E-1	1.415970E-9	1.415970E-9	3.605730E-11	3.605730E-11
-1.000000E-1	1.498190E-9	1.498190E-9	3.815101E-11	3.815101E-11
-9.000000E-2	1.583140E-9	1.583140E-9	4.031423E-11	4.031423E-11
-8.000000E-2	1.666130E-9	1.666130E-9	4.242755E-11	4.242755E-11
-7.000000E-2	1.756950E-9	1.756950E-9	4.474026E-11	4.474026E-11
-6.000000E-2	1.857700E-9	1.857700E-9	4.730583E-11	4.730583E-11
-5.000000E-2	1.969700E-9	1.969700E-9	5.015788E-11	5.015788E-11
-4.000000E-2	2.086980E-9	2.086980E-9	5.314438E-11	5.314438E-11
-3.000000E-2	2.219890E-9	2.219890E-9	5.652890E-11	5.652890E-11
-2.000000E-2	2.346130E-9	2.346130E-9	5.974357E-11	5.974357E-11
-1.000000E-2	2.502710E-9	2.502710E-9	6.373084E-11	6.373084E-11
0.000000E+0	2.658030E-9	2.658030E-9	6.768602E-11	6.768602E-11
1.000000E-2	2.827990E-9	2.827990E-9	7.201400E-11	7.201400E-11
2.000000E-2	3.013900E-9	3.013900E-9	7.674815E-11	7.674815E-11
3.000000E-2	3.221780E-9	3.221780E-9	8.204176E-11	8.204176E-11
4.000000E-2	3.421200E-9	3.421200E-9	8.711994E-11	8.711994E-11
5.000000E-2	3.672260E-9	3.672260E-9	9.351311E-11	9.351311E-11
6.000000E-2	3.933210E-9	3.933210E-9	1.001581E-10	1.001581E-10
7.000000E-2	4.180320E-9	4.180320E-9	1.064507E-10	1.064507E-10
8.000000E-2	4.470570E-9	4.470570E-9	1.138419E-10	1.138419E-10
9.000000E-2	4.771680E-9	4.771680E-9	1.215095E-10	1.215095E-10
1.000000E-1	5.097570E-9	5.097570E-9	1.298082E-10	1.298082E-10
1.100000E-1	5.446090E-9	5.446090E-9	1.386832E-10	1.386832E-10
1.200000E-1	5.806610E-9	5.806610E-9	1.478638E-10	1.478638E-10
1.300000E-1	6.194280E-9	6.194280E-9	1.577357E-10	1.577357E-10
1.400000E-1	6.598600E-9	6.598600E-9	1.680316E-10	1.680316E-10
1.500000E-1	7.032430E-9	7.032430E-9	1.790789E-10	1.790789E-10
1.600000E-1	7.492640E-9	7.492640E-9	1.907981E-10	1.907981E-10
1.700000E-1	7.954390E-9	7.954390E-9	2.025564E-10	2.025564E-10
1.800000E-1	8.444540E-9	8.444540E-9	2.150379E-10	2.150379E-10
1.900000E-1	8.982900E-9	8.982900E-9	2.287471E-10	2.287471E-10
2.000000E-1	1.028060E-8	1.028060E-8	2.617927E-10	2.617927E-10
2.100000E-1	1.104250E-8	1.104250E-8	2.811943E-10	2.811943E-10
2.200000E-1	1.184510E-8	1.184510E-8	3.016323E-10	3.016323E-10
2.300000E-1	1.269210E-8	1.269210E-8	3.232009E-10	3.232009E-10
2.400000E-1	1.361930E-8	1.361930E-8	3.468118E-10	3.468118E-10
2.500000E-1	1.461060E-8	1.461060E-8	3.720550E-10	3.720550E-10
2.600000E-1	1.567110E-8	1.567110E-8	3.990603E-10	3.990603E-10
2.700000E-1	1.681510E-8	1.681510E-8	4.281920E-10	4.281920E-10
2.800000E-1	1.803090E-8	1.803090E-8	4.591520E-10	4.591520E-10
2.900000E-1	1.934890E-8	1.934890E-8	4.927145E-10	4.927145E-10
3.000000E-1	2.073720E-8	2.073720E-8	5.280672E-10	5.280672E-10
3.100000E-1	2.223080E-8	2.223080E-8	5.661013E-10	5.661013E-10
3.200000E-1	2.380340E-8	2.380340E-8	6.061472E-10	6.061472E-10
3.300000E-1	2.549900E-8	2.549900E-8	6.493252E-10	6.493252E-10
3.400000E-1	2.723400E-8	2.723400E-8	6.935065E-10	6.935065E-10
3.500000E-1	2.909720E-8	2.909720E-8	7.409524E-10	7.409524E-10
3.600000E-1	3.101950E-8	3.101950E-8	7.899032E-10	7.899032E-10
3.700000E-1	3.307470E-8	3.307470E-8	8.422383E-10	8.422383E-10
3.800000E-1	3.519420E-8	3.519420E-8	8.962108E-10	8.962108E-10
3.900000E-1	3.740790E-8	3.740790E-8	9.525821E-10	9.525821E-10
4.000000E-1	3.970540E-8	3.970540E-8	1.011087E-9	1.011087E-9
4.100000E-1	4.208180E-8	4.208180E-8	1.071602E-9	1.071602E-9
4.200000E-1	4.453890E-8	4.453890E-8	1.134171E-9	1.134171E-9
4.300000E-1	4.568910E-8	4.568910E-8	1.163461E-9	1.163461E-9
4.400000E-1	4.684310E-8	4.684310E-8	1.192847E-9	1.192847E-9
4.500000E-1	4.786590E-8	4.786590E-8	1.218892E-9	1.218892E-9
4.600000E-1	4.885070E-8	4.885070E-8	1.243970E-9	1.243970E-9
4.700000E-1	4.984460E-8	4.984460E-8	1.269279E-9	1.269279E-9
4.800000E-1	5.087960E-8	5.087960E-8	1.295635E-9	1.295635E-9
4.900000E-1	5.193830E-8	5.193830E-8	1.322595E-9	1.322595E-9
5.000000E-1	5.298250E-8	5.298250E-8	1.349185E-9	1.349185E-9
