

14:58:20	26/03/21


Ell Cont: 5,0x10,0

SMU1	V name:		V1
	I name:		I1
	Mode:		V
	Function:	VAR1
SMU2	V name:		V2
	I name:		I2
	Mode:		common
	Function:	const.
SMU3	off
SMU4	off
VMUs	off

Primary Source (VAR1):	single
	Sweep Spacing:	linear
	Start:		-0.500000
	Stop:		0.500000
	Step:		0.010000
	Compliance:	0.050000
Power Compliance OFF

Timing:		Integration Time:	medium
	Delay Time (sec):	0.000000
	Hold Time (sec):	0.000000
	Wait Time (sec):	1.000000

Secondary Source (VAR2):	OFF


   V1	   I1	Abs(I)	J (A\µm²)	Abs(J)
-5.000000E-1	-5.218400E-8	5.218400E-8	-1.328852E-9	1.328852E-9
-4.900000E-1	-4.892620E-8	4.892620E-8	-1.245893E-9	1.245893E-9
-4.800000E-1	-4.666290E-8	4.666290E-8	-1.188258E-9	1.188258E-9
-4.700000E-1	-4.449830E-8	4.449830E-8	-1.133137E-9	1.133137E-9
-4.600000E-1	-4.277540E-8	4.277540E-8	-1.089264E-9	1.089264E-9
-4.500000E-1	-4.129720E-8	4.129720E-8	-1.051622E-9	1.051622E-9
-4.400000E-1	-3.933110E-8	3.933110E-8	-1.001556E-9	1.001556E-9
-4.300000E-1	-3.808660E-8	3.808660E-8	-9.698650E-10	9.698650E-10
-4.200000E-1	-3.635990E-8	3.635990E-8	-9.258951E-10	9.258951E-10
-4.100000E-1	-3.476570E-8	3.476570E-8	-8.852992E-10	8.852992E-10
-4.000000E-1	-3.369520E-8	3.369520E-8	-8.580392E-10	8.580392E-10
-3.900000E-1	-3.238850E-8	3.238850E-8	-8.247644E-10	8.247644E-10
-3.800000E-1	-3.155960E-8	3.155960E-8	-8.036567E-10	8.036567E-10
-3.700000E-1	-3.033060E-8	3.033060E-8	-7.723606E-10	7.723606E-10
-3.600000E-1	-2.811120E-8	2.811120E-8	-7.158441E-10	7.158441E-10
-3.500000E-1	-2.692120E-8	2.692120E-8	-6.855411E-10	6.855411E-10
-3.400000E-1	-2.606010E-8	2.606010E-8	-6.636134E-10	6.636134E-10
-3.300000E-1	-2.472410E-8	2.472410E-8	-6.295926E-10	6.295926E-10
-3.200000E-1	-2.326800E-8	2.326800E-8	-5.925134E-10	5.925134E-10
-3.100000E-1	-2.232400E-8	2.232400E-8	-5.684747E-10	5.684747E-10
-3.000000E-1	-2.123700E-8	2.123700E-8	-5.407945E-10	5.407945E-10
-2.900000E-1	-2.023090E-8	2.023090E-8	-5.151744E-10	5.151744E-10
-2.800000E-1	-1.940990E-8	1.940990E-8	-4.942679E-10	4.942679E-10
-2.700000E-1	-1.845860E-8	1.845860E-8	-4.700433E-10	4.700433E-10
-2.600000E-1	-1.746470E-8	1.746470E-8	-4.447339E-10	4.447339E-10
-2.500000E-1	-1.653160E-8	1.653160E-8	-4.209727E-10	4.209727E-10
-2.400000E-1	-1.560230E-8	1.560230E-8	-3.973084E-10	3.973084E-10
-2.300000E-1	-1.473980E-8	1.473980E-8	-3.753450E-10	3.753450E-10
-2.200000E-1	-1.366290E-8	1.366290E-8	-3.479221E-10	3.479221E-10
-2.100000E-1	-1.285620E-8	1.285620E-8	-3.273797E-10	3.273797E-10
-2.000000E-1	-1.208160E-8	1.208160E-8	-3.076547E-10	3.076547E-10
-1.900000E-1	-1.100360E-8	1.100360E-8	-2.802037E-10	2.802037E-10
-1.800000E-1	-1.066160E-8	1.066160E-8	-2.714948E-10	2.714948E-10
-1.700000E-1	-9.921200E-9	9.921200E-9	-2.526407E-10	2.526407E-10
-1.600000E-1	-9.580710E-9	9.580710E-9	-2.439702E-10	2.439702E-10
-1.500000E-1	-9.017520E-9	9.017520E-9	-2.296287E-10	2.296287E-10
-1.400000E-1	-8.370420E-9	8.370420E-9	-2.131505E-10	2.131505E-10
-1.300000E-1	-7.558370E-9	7.558370E-9	-1.924719E-10	1.924719E-10
-1.200000E-1	-7.068660E-9	7.068660E-9	-1.800015E-10	1.800015E-10
-1.100000E-1	-6.234540E-9	6.234540E-9	-1.587609E-10	1.587609E-10
-1.000000E-1	-5.600630E-9	5.600630E-9	-1.426185E-10	1.426185E-10
-9.000000E-2	-4.868250E-9	4.868250E-9	-1.239687E-10	1.239687E-10
-8.000000E-2	-4.229560E-9	4.229560E-9	-1.077046E-10	1.077046E-10
-7.000000E-2	-3.609750E-9	3.609750E-9	-9.192131E-11	9.192131E-11
-6.000000E-2	-2.974900E-9	2.974900E-9	-7.575503E-11	7.575503E-11
-5.000000E-2	-2.409650E-9	2.409650E-9	-6.136109E-11	6.136109E-11
-4.000000E-2	-1.847050E-9	1.847050E-9	-4.703463E-11	4.703463E-11
-3.000000E-2	-1.220940E-9	1.220940E-9	-3.109091E-11	3.109091E-11
-2.000000E-2	-6.670800E-10	6.670800E-10	-1.698701E-11	1.698701E-11
-1.000000E-2	-1.024900E-10	1.024900E-10	-2.609880E-12	2.609880E-12
0.000000E+0	4.875300E-10	4.875300E-10	1.241482E-11	1.241482E-11
1.000000E-2	1.042600E-9	1.042600E-9	2.654953E-11	2.654953E-11
2.000000E-2	1.616660E-9	1.616660E-9	4.116781E-11	4.116781E-11
3.000000E-2	2.196010E-9	2.196010E-9	5.592080E-11	5.592080E-11
4.000000E-2	2.846790E-9	2.846790E-9	7.249274E-11	7.249274E-11
5.000000E-2	3.422510E-9	3.422510E-9	8.715330E-11	8.715330E-11
6.000000E-2	4.108590E-9	4.108590E-9	1.046241E-10	1.046241E-10
7.000000E-2	4.647200E-9	4.647200E-9	1.183397E-10	1.183397E-10
8.000000E-2	5.291040E-9	5.291040E-9	1.347349E-10	1.347349E-10
9.000000E-2	6.115420E-9	6.115420E-9	1.557275E-10	1.557275E-10
1.000000E-1	6.787750E-9	6.787750E-9	1.728482E-10	1.728482E-10
1.100000E-1	7.177940E-9	7.177940E-9	1.827843E-10	1.827843E-10
1.200000E-1	7.948230E-9	7.948230E-9	2.023995E-10	2.023995E-10
1.300000E-1	8.544620E-9	8.544620E-9	2.175865E-10	2.175865E-10
1.400000E-1	9.271700E-9	9.271700E-9	2.361013E-10	2.361013E-10
1.500000E-1	1.038840E-8	1.038840E-8	2.645378E-10	2.645378E-10
1.600000E-1	1.131320E-8	1.131320E-8	2.880876E-10	2.880876E-10
1.700000E-1	1.230680E-8	1.230680E-8	3.133894E-10	3.133894E-10
1.800000E-1	1.335100E-8	1.335100E-8	3.399796E-10	3.399796E-10
1.900000E-1	1.428280E-8	1.428280E-8	3.637077E-10	3.637077E-10
2.000000E-1	1.522660E-8	1.522660E-8	3.877413E-10	3.877413E-10
2.100000E-1	1.616770E-8	1.616770E-8	4.117061E-10	4.117061E-10
2.200000E-1	1.708200E-8	1.708200E-8	4.349885E-10	4.349885E-10
2.300000E-1	1.812520E-8	1.812520E-8	4.615533E-10	4.615533E-10
2.400000E-1	1.906850E-8	1.906850E-8	4.855742E-10	4.855742E-10
2.500000E-1	2.028010E-8	2.028010E-8	5.164273E-10	5.164273E-10
2.600000E-1	2.156530E-8	2.156530E-8	5.491546E-10	5.491546E-10
2.700000E-1	2.247930E-8	2.247930E-8	5.724293E-10	5.724293E-10
2.800000E-1	2.357790E-8	2.357790E-8	6.004049E-10	6.004049E-10
2.900000E-1	2.476160E-8	2.476160E-8	6.305475E-10	6.305475E-10
3.000000E-1	2.585850E-8	2.585850E-8	6.584797E-10	6.584797E-10
3.100000E-1	2.718750E-8	2.718750E-8	6.923224E-10	6.923224E-10
3.200000E-1	2.884950E-8	2.884950E-8	7.346448E-10	7.346448E-10
3.300000E-1	3.005560E-8	3.005560E-8	7.653578E-10	7.653578E-10
3.400000E-1	3.153380E-8	3.153380E-8	8.029997E-10	8.029997E-10
3.500000E-1	3.243060E-8	3.243060E-8	8.258365E-10	8.258365E-10
3.600000E-1	3.362360E-8	3.362360E-8	8.562159E-10	8.562159E-10
3.700000E-1	3.487820E-8	3.487820E-8	8.881640E-10	8.881640E-10
3.800000E-1	3.636750E-8	3.636750E-8	9.260886E-10	9.260886E-10
3.900000E-1	3.776720E-8	3.776720E-8	9.617316E-10	9.617316E-10
4.000000E-1	4.013510E-8	4.013510E-8	1.022030E-9	1.022030E-9
4.100000E-1	4.130880E-8	4.130880E-8	1.051917E-9	1.051917E-9
4.200000E-1	4.278050E-8	4.278050E-8	1.089394E-9	1.089394E-9
4.300000E-1	4.502010E-8	4.502010E-8	1.146425E-9	1.146425E-9
4.400000E-1	4.687320E-8	4.687320E-8	1.193613E-9	1.193613E-9
4.500000E-1	4.848850E-8	4.848850E-8	1.234747E-9	1.234747E-9
4.600000E-1	5.035050E-8	5.035050E-8	1.282162E-9	1.282162E-9
4.700000E-1	5.305400E-8	5.305400E-8	1.351006E-9	1.351006E-9
4.800000E-1	5.536630E-8	5.536630E-8	1.409888E-9	1.409888E-9
4.900000E-1	5.780990E-8	5.780990E-8	1.472114E-9	1.472114E-9
5.000000E-1	6.071970E-8	6.071970E-8	1.546211E-9	1.546211E-9
