

15:01:05	26/03/21


Ell Cont: 5,0x10,0

SMU1	V name:		V1
	I name:		I1
	Mode:		V
	Function:	VAR1
SMU2	V name:		V2
	I name:		I2
	Mode:		common
	Function:	const.
SMU3	off
SMU4	off
VMUs	off

Primary Source (VAR1):	single
	Sweep Spacing:	linear
	Start:		-0.500000
	Stop:		0.500000
	Step:		0.010000
	Compliance:	0.050000
Power Compliance OFF

Timing:		Integration Time:	medium
	Delay Time (sec):	0.000000
	Hold Time (sec):	0.000000
	Wait Time (sec):	1.000000

Secondary Source (VAR2):	OFF


   V1	   I1	Abs(I)	J (A\µm²)	Abs(J)
-5.000000E-1	-5.732600E-9	5.732600E-9	-1.459791E-10	1.459791E-10
-4.900000E-1	-4.478080E-9	4.478080E-9	-1.140331E-10	1.140331E-10
-4.800000E-1	-3.915690E-9	3.915690E-9	-9.971199E-11	9.971199E-11
-4.700000E-1	-3.635230E-9	3.635230E-9	-9.257015E-11	9.257015E-11
-4.600000E-1	-3.299340E-9	3.299340E-9	-8.401681E-11	8.401681E-11
-4.500000E-1	-3.218470E-9	3.218470E-9	-8.195747E-11	8.195747E-11
-4.400000E-1	-3.031950E-9	3.031950E-9	-7.720779E-11	7.720779E-11
-4.300000E-1	-2.900300E-9	2.900300E-9	-7.385536E-11	7.385536E-11
-4.200000E-1	-2.659380E-9	2.659380E-9	-6.772040E-11	6.772040E-11
-4.100000E-1	-2.593850E-9	2.593850E-9	-6.605169E-11	6.605169E-11
-4.000000E-1	-2.666870E-9	2.666870E-9	-6.791113E-11	6.791113E-11
-3.900000E-1	-2.470040E-9	2.470040E-9	-6.289890E-11	6.289890E-11
-3.800000E-1	-2.209110E-9	2.209110E-9	-5.625439E-11	5.625439E-11
-3.700000E-1	-2.146060E-9	2.146060E-9	-5.464884E-11	5.464884E-11
-3.600000E-1	-2.113370E-9	2.113370E-9	-5.381640E-11	5.381640E-11
-3.500000E-1	-1.968500E-9	1.968500E-9	-5.012732E-11	5.012732E-11
-3.400000E-1	-1.839310E-9	1.839310E-9	-4.683753E-11	4.683753E-11
-3.300000E-1	-1.774520E-9	1.774520E-9	-4.518767E-11	4.518767E-11
-3.200000E-1	-1.648430E-9	1.648430E-9	-4.197683E-11	4.197683E-11
-3.100000E-1	-1.524130E-9	1.524130E-9	-3.881156E-11	3.881156E-11
-3.000000E-1	-1.475610E-9	1.475610E-9	-3.757601E-11	3.757601E-11
-2.900000E-1	-1.383560E-9	1.383560E-9	-3.523198E-11	3.523198E-11
-2.800000E-1	-1.312590E-9	1.312590E-9	-3.342475E-11	3.342475E-11
-2.700000E-1	-1.251590E-9	1.251590E-9	-3.187140E-11	3.187140E-11
-2.600000E-1	-1.116450E-9	1.116450E-9	-2.843010E-11	2.843010E-11
-2.500000E-1	-1.075140E-9	1.075140E-9	-2.737815E-11	2.737815E-11
-2.400000E-1	-9.328500E-10	9.328500E-10	-2.375477E-11	2.375477E-11
-2.300000E-1	-8.981900E-10	8.981900E-10	-2.287217E-11	2.287217E-11
-2.200000E-1	-8.276200E-10	8.276200E-10	-2.107512E-11	2.107512E-11
-2.100000E-1	-7.723900E-10	7.723900E-10	-1.966870E-11	1.966870E-11
-2.000000E-1	-7.461000E-10	7.461000E-10	-1.899924E-11	1.899924E-11
-1.900000E-1	-6.558100E-10	6.558100E-10	-1.670003E-11	1.670003E-11
-1.800000E-1	-5.959600E-10	5.959600E-10	-1.517596E-11	1.517596E-11
-1.700000E-1	-5.249900E-10	5.249900E-10	-1.336873E-11	1.336873E-11
-1.600000E-1	-4.503100E-10	4.503100E-10	-1.146702E-11	1.146702E-11
-1.500000E-1	-3.927300E-10	3.927300E-10	-1.000076E-11	1.000076E-11
-1.400000E-1	-3.135500E-10	3.135500E-10	-7.984466E-12	7.984466E-12
-1.300000E-1	-2.832400E-10	2.832400E-10	-7.212630E-12	7.212630E-12
-1.200000E-1	-2.208300E-10	2.208300E-10	-5.623377E-12	5.623377E-12
-1.100000E-1	-1.633500E-10	1.633500E-10	-4.159664E-12	4.159664E-12
-1.000000E-1	-1.132800E-10	1.132800E-10	-2.884645E-12	2.884645E-12
-9.000000E-2	-5.313000E-11	5.313000E-11	-1.352941E-12	1.352941E-12
-8.000000E-2	-7.860000E-12	7.860000E-12	-2.001528E-13	2.001528E-13
-7.000000E-2	4.817000E-11	4.817000E-11	1.226636E-12	1.226636E-12
-6.000000E-2	9.986000E-11	9.986000E-11	2.542908E-12	2.542908E-12
-5.000000E-2	1.521400E-10	1.521400E-10	3.874204E-12	3.874204E-12
-4.000000E-2	2.075500E-10	2.075500E-10	5.285205E-12	5.285205E-12
-3.000000E-2	2.538100E-10	2.538100E-10	6.463203E-12	6.463203E-12
-2.000000E-2	3.302000E-10	3.302000E-10	8.408454E-12	8.408454E-12
-1.000000E-2	3.743500E-10	3.743500E-10	9.532722E-12	9.532722E-12
0.000000E+0	4.284800E-10	4.284800E-10	1.091113E-11	1.091113E-11
1.000000E-2	4.807600E-10	4.807600E-10	1.224242E-11	1.224242E-11
2.000000E-2	5.377300E-10	5.377300E-10	1.369315E-11	1.369315E-11
3.000000E-2	5.949600E-10	5.949600E-10	1.515050E-11	1.515050E-11
4.000000E-2	6.560700E-10	6.560700E-10	1.670665E-11	1.670665E-11
5.000000E-2	7.443400E-10	7.443400E-10	1.895442E-11	1.895442E-11
6.000000E-2	7.804700E-10	7.804700E-10	1.987446E-11	1.987446E-11
7.000000E-2	8.341200E-10	8.341200E-10	2.124064E-11	2.124064E-11
8.000000E-2	9.236600E-10	9.236600E-10	2.352075E-11	2.352075E-11
9.000000E-2	9.978800E-10	9.978800E-10	2.541075E-11	2.541075E-11
1.000000E-1	1.061940E-9	1.061940E-9	2.704202E-11	2.704202E-11
1.100000E-1	1.138730E-9	1.138730E-9	2.899745E-11	2.899745E-11
1.200000E-1	1.214460E-9	1.214460E-9	3.092590E-11	3.092590E-11
1.300000E-1	1.321060E-9	1.321060E-9	3.364044E-11	3.364044E-11
1.400000E-1	1.418680E-9	1.418680E-9	3.612630E-11	3.612630E-11
1.500000E-1	1.490420E-9	1.490420E-9	3.795314E-11	3.795314E-11
1.600000E-1	1.615460E-9	1.615460E-9	4.113725E-11	4.113725E-11
1.700000E-1	1.718950E-9	1.718950E-9	4.377260E-11	4.377260E-11
1.800000E-1	1.827690E-9	1.827690E-9	4.654163E-11	4.654163E-11
1.900000E-1	1.941410E-9	1.941410E-9	4.943748E-11	4.943748E-11
2.000000E-1	2.064580E-9	2.064580E-9	5.257397E-11	5.257397E-11
2.100000E-1	2.194850E-9	2.194850E-9	5.589126E-11	5.589126E-11
2.200000E-1	2.342970E-9	2.342970E-9	5.966310E-11	5.966310E-11
2.300000E-1	2.448610E-9	2.448610E-9	6.235320E-11	6.235320E-11
2.400000E-1	2.629050E-9	2.629050E-9	6.694805E-11	6.694805E-11
2.500000E-1	2.807250E-9	2.807250E-9	7.148587E-11	7.148587E-11
2.600000E-1	2.986590E-9	2.986590E-9	7.605271E-11	7.605271E-11
2.700000E-1	3.158140E-9	3.158140E-9	8.042119E-11	8.042119E-11
2.800000E-1	3.298070E-9	3.298070E-9	8.398447E-11	8.398447E-11
2.900000E-1	3.535570E-9	3.535570E-9	9.003234E-11	9.003234E-11
3.000000E-1	3.710350E-9	3.710350E-9	9.448306E-11	9.448306E-11
3.100000E-1	3.972470E-9	3.972470E-9	1.011579E-10	1.011579E-10
3.200000E-1	4.198030E-9	4.198030E-9	1.069017E-10	1.069017E-10
3.300000E-1	4.423150E-9	4.423150E-9	1.126343E-10	1.126343E-10
3.400000E-1	4.694800E-9	4.694800E-9	1.195518E-10	1.195518E-10
3.500000E-1	5.006240E-9	5.006240E-9	1.274826E-10	1.274826E-10
3.600000E-1	5.287630E-9	5.287630E-9	1.346481E-10	1.346481E-10
3.700000E-1	5.577650E-9	5.577650E-9	1.420334E-10	1.420334E-10
3.800000E-1	5.901590E-9	5.901590E-9	1.502824E-10	1.502824E-10
3.900000E-1	6.294280E-9	6.294280E-9	1.602821E-10	1.602821E-10
4.000000E-1	6.630470E-9	6.630470E-9	1.688431E-10	1.688431E-10
4.100000E-1	6.983230E-9	6.983230E-9	1.778261E-10	1.778261E-10
4.200000E-1	7.341620E-9	7.341620E-9	1.869524E-10	1.869524E-10
4.300000E-1	7.896150E-9	7.896150E-9	2.010733E-10	2.010733E-10
4.400000E-1	8.351780E-9	8.351780E-9	2.126758E-10	2.126758E-10
4.500000E-1	8.791020E-9	8.791020E-9	2.238610E-10	2.238610E-10
4.600000E-1	9.260070E-9	9.260070E-9	2.358052E-10	2.358052E-10
4.700000E-1	9.896300E-9	9.896300E-9	2.520066E-10	2.520066E-10
4.800000E-1	1.092960E-8	1.092960E-8	2.783193E-10	2.783193E-10
4.900000E-1	1.160190E-8	1.160190E-8	2.954393E-10	2.954393E-10
5.000000E-1	1.222200E-8	1.222200E-8	3.112299E-10	3.112299E-10
