#
#
#14:09:12	05/02/21
#
#
#Ell Cont: 5,0x10,0
#
#SMU1	V name:		V1
#	I name:		I1
#	Mode:		V
#	Function:	VAR1
#SMU2	V name:		V2
#	I name:		I2
#	Mode:		common
#	Function:	const.
#SMU3	off
#SMU4	off
#VMUs	off
#
#Primary Source (VAR1):	single
#	Sweep Spacing:	linear
#	Start:		-0.500000
#	Stop:		0.500000
#	Step:		0.010000
#	Compliance:	0.050000
#Power Compliance OFF
#
#Timing:		Integration Time:	medium
#	Delay Time (sec):	0.000000
#	Hold Time (sec):	0.000000
#	Wait Time (sec):	1.000000
#
#Secondary Source (VAR2):	OFF
#
#
#   V1	   I1	Abs(I)	J (A\µm²)	Abs(J)
-5.000000E-1	-1.500810E-3	1.500810E-3	-3.821772E-5	3.821772E-5
-4.900000E-1	-1.473950E-3	1.473950E-3	-3.753374E-5	3.753374E-5
-4.800000E-1	-1.432700E-3	1.432700E-3	-3.648332E-5	3.648332E-5
-4.700000E-1	-1.398380E-3	1.398380E-3	-3.560937E-5	3.560937E-5
-4.600000E-1	-1.361540E-3	1.361540E-3	-3.467125E-5	3.467125E-5
-4.500000E-1	-1.326740E-3	1.326740E-3	-3.378508E-5	3.378508E-5
-4.400000E-1	-1.287900E-3	1.287900E-3	-3.279603E-5	3.279603E-5
-4.300000E-1	-1.250220E-3	1.250220E-3	-3.183652E-5	3.183652E-5
-4.200000E-1	-1.218820E-3	1.218820E-3	-3.103692E-5	3.103692E-5
-4.100000E-1	-1.189140E-3	1.189140E-3	-3.028113E-5	3.028113E-5
-4.000000E-1	-1.154400E-3	1.154400E-3	-2.939649E-5	2.939649E-5
-3.900000E-1	-1.125490E-3	1.125490E-3	-2.866030E-5	2.866030E-5
-3.800000E-1	-1.097160E-3	1.097160E-3	-2.793888E-5	2.793888E-5
-3.700000E-1	-1.066200E-3	1.066200E-3	-2.715050E-5	2.715050E-5
-3.600000E-1	-1.035990E-3	1.035990E-3	-2.638121E-5	2.638121E-5
-3.500000E-1	-1.007380E-3	1.007380E-3	-2.565266E-5	2.565266E-5
-3.400000E-1	-9.768580E-4	9.768580E-4	-2.487543E-5	2.487543E-5
-3.300000E-1	-9.477980E-4	9.477980E-4	-2.413542E-5	2.413542E-5
-3.200000E-1	-9.168780E-4	9.168780E-4	-2.334805E-5	2.334805E-5
-3.100000E-1	-8.859890E-4	8.859890E-4	-2.256147E-5	2.256147E-5
-3.000000E-1	-8.568840E-4	8.568840E-4	-2.182032E-5	2.182032E-5
-2.900000E-1	-8.277260E-4	8.277260E-4	-2.107782E-5	2.107782E-5
-2.800000E-1	-7.975550E-4	7.975550E-4	-2.030952E-5	2.030952E-5
-2.700000E-1	-7.690010E-4	7.690010E-4	-1.958240E-5	1.958240E-5
-2.600000E-1	-7.399070E-4	7.399070E-4	-1.884153E-5	1.884153E-5
-2.500000E-1	-7.107120E-4	7.107120E-4	-1.809809E-5	1.809809E-5
-2.400000E-1	-6.814900E-4	6.814900E-4	-1.735396E-5	1.735396E-5
-2.300000E-1	-6.529940E-4	6.529940E-4	-1.662832E-5	1.662832E-5
-2.200000E-1	-6.236690E-4	6.236690E-4	-1.588156E-5	1.588156E-5
-2.100000E-1	-5.948070E-4	5.948070E-4	-1.514660E-5	1.514660E-5
-2.000000E-1	-5.660670E-4	5.660670E-4	-1.441474E-5	1.441474E-5
-1.900000E-1	-5.373910E-4	5.373910E-4	-1.368452E-5	1.368452E-5
-1.800000E-1	-5.089540E-4	5.089540E-4	-1.296038E-5	1.296038E-5
-1.700000E-1	-4.799720E-4	4.799720E-4	-1.222236E-5	1.222236E-5
-1.600000E-1	-4.513890E-4	4.513890E-4	-1.149450E-5	1.149450E-5
-1.500000E-1	-4.226600E-4	4.226600E-4	-1.076292E-5	1.076292E-5
-1.400000E-1	-3.946630E-4	3.946630E-4	-1.004999E-5	1.004999E-5
-1.300000E-1	-3.660540E-4	3.660540E-4	-9.321467E-6	9.321467E-6
-1.200000E-1	-3.379040E-4	3.379040E-4	-8.604634E-6	8.604634E-6
-1.100000E-1	-3.097830E-4	3.097830E-4	-7.888541E-6	7.888541E-6
-1.000000E-1	-2.815110E-4	2.815110E-4	-7.168602E-6	7.168602E-6
-9.000000E-2	-2.533100E-4	2.533100E-4	-6.450471E-6	6.450471E-6
-8.000000E-2	-2.250810E-4	2.250810E-4	-5.731627E-6	5.731627E-6
-7.000000E-2	-1.970080E-4	1.970080E-4	-5.016756E-6	5.016756E-6
-6.000000E-2	-1.689350E-4	1.689350E-4	-4.301884E-6	4.301884E-6
-5.000000E-2	-1.407760E-4	1.407760E-4	-3.584823E-6	3.584823E-6
-4.000000E-2	-1.128020E-4	1.128020E-4	-2.872473E-6	2.872473E-6
-3.000000E-2	-8.463320E-5	8.463320E-5	-2.155162E-6	2.155162E-6
-2.000000E-2	-5.643550E-5	5.643550E-5	-1.437115E-6	1.437115E-6
-1.000000E-2	-2.841820E-5	2.841820E-5	-7.236618E-7	7.236618E-7
0.000000E+0	-1.158159E-7	1.158159E-7	-2.949221E-9	2.949221E-9
1.000000E-2	2.784050E-5	2.784050E-5	7.089508E-7	7.089508E-7
2.000000E-2	5.613570E-5	5.613570E-5	1.429481E-6	1.429481E-6
3.000000E-2	8.424510E-5	8.424510E-5	2.145279E-6	2.145279E-6
4.000000E-2	1.125798E-4	1.125798E-4	2.866814E-6	2.866814E-6
5.000000E-2	1.408780E-4	1.408780E-4	3.587420E-6	3.587420E-6
6.000000E-2	1.692990E-4	1.692990E-4	4.311154E-6	4.311154E-6
7.000000E-2	1.979590E-4	1.979590E-4	5.040973E-6	5.040973E-6
8.000000E-2	2.262570E-4	2.262570E-4	5.761574E-6	5.761574E-6
9.000000E-2	2.549260E-4	2.549260E-4	6.491622E-6	6.491622E-6
1.000000E-1	2.834070E-4	2.834070E-4	7.216883E-6	7.216883E-6
1.100000E-1	3.122500E-4	3.122500E-4	7.951362E-6	7.951362E-6
1.200000E-1	3.410180E-4	3.410180E-4	8.683932E-6	8.683932E-6
1.300000E-1	3.704990E-4	3.704990E-4	9.434657E-6	9.434657E-6
1.400000E-1	3.994900E-4	3.994900E-4	1.017291E-5	1.017291E-5
1.500000E-1	4.285660E-4	4.285660E-4	1.091332E-5	1.091332E-5
1.600000E-1	4.575180E-4	4.575180E-4	1.165057E-5	1.165057E-5
1.700000E-1	4.862920E-4	4.862920E-4	1.238329E-5	1.238329E-5
1.800000E-1	5.153930E-4	5.153930E-4	1.312434E-5	1.312434E-5
1.900000E-1	5.440870E-4	5.440870E-4	1.385503E-5	1.385503E-5
2.000000E-1	5.742850E-4	5.742850E-4	1.462401E-5	1.462401E-5
2.100000E-1	6.038110E-4	6.038110E-4	1.537588E-5	1.537588E-5
2.200000E-1	6.322870E-4	6.322870E-4	1.610102E-5	1.610102E-5
2.300000E-1	6.615010E-4	6.615010E-4	1.684495E-5	1.684495E-5
2.400000E-1	6.902760E-4	6.902760E-4	1.757769E-5	1.757769E-5
2.500000E-1	7.205250E-4	7.205250E-4	1.834798E-5	1.834798E-5
2.600000E-1	7.513540E-4	7.513540E-4	1.913303E-5	1.913303E-5
2.700000E-1	7.818030E-4	7.818030E-4	1.990840E-5	1.990840E-5
2.800000E-1	8.109940E-4	8.109940E-4	2.065174E-5	2.065174E-5
2.900000E-1	8.412140E-4	8.412140E-4	2.142129E-5	2.142129E-5
3.000000E-1	8.704080E-4	8.704080E-4	2.216471E-5	2.216471E-5
3.100000E-1	9.026600E-4	9.026600E-4	2.298599E-5	2.298599E-5
3.200000E-1	9.335810E-4	9.335810E-4	2.377339E-5	2.377339E-5
3.300000E-1	9.646500E-4	9.646500E-4	2.456455E-5	2.456455E-5
3.400000E-1	9.940200E-4	9.940200E-4	2.531245E-5	2.531245E-5
3.500000E-1	1.026634E-3	1.026634E-3	2.614296E-5	2.614296E-5
3.600000E-1	1.054231E-3	1.054231E-3	2.684571E-5	2.684571E-5
3.700000E-1	1.089799E-3	1.089799E-3	2.775144E-5	2.775144E-5
3.800000E-1	1.130765E-3	1.130765E-3	2.879463E-5	2.879463E-5
3.900000E-1	1.176880E-3	1.176880E-3	2.996893E-5	2.996893E-5
4.000000E-1	1.199670E-3	1.199670E-3	3.054927E-5	3.054927E-5
4.100000E-1	1.237460E-3	1.237460E-3	3.151159E-5	3.151159E-5
4.200000E-1	1.290370E-3	1.290370E-3	3.285893E-5	3.285893E-5
4.300000E-1	1.505250E-3	1.505250E-3	3.833079E-5	3.833079E-5
4.400000E-1	1.567120E-3	1.567120E-3	3.990629E-5	3.990629E-5
4.500000E-1	1.618030E-3	1.618030E-3	4.120270E-5	4.120270E-5
4.600000E-1	1.686350E-3	1.686350E-3	4.294245E-5	4.294245E-5
4.700000E-1	1.755570E-3	1.755570E-3	4.470512E-5	4.470512E-5
4.800000E-1	1.822620E-3	1.822620E-3	4.641253E-5	4.641253E-5
4.900000E-1	1.893860E-3	1.893860E-3	4.822664E-5	4.822664E-5
5.000000E-1	1.967970E-3	1.967970E-3	5.011383E-5	5.011383E-5
