#
#
#13:35:29	05/02/21
#
#
#Ell Cont: 5,0x10,0
#
#SMU1	V name:		V1
#	I name:		I1
#	Mode:		V
#	Function:	VAR1
#SMU2	V name:		V2
#	I name:		I2
#	Mode:		common
#	Function:	const.
#SMU3	off
#SMU4	off
#VMUs	off
#
#Primary Source (VAR1):	single
#	Sweep Spacing:	linear
#	Start:		-0.500000
#	Stop:		0.500000
#	Step:		0.010000
#	Compliance:	0.050000
#Power Compliance OFF
#
#Timing:		Integration Time:	medium
#	Delay Time (sec):	0.000000
#	Hold Time (sec):	0.000000
#	Wait Time (sec):	1.000000
#
#Secondary Source (VAR2):	OFF
#
#
#   V1	   I1	Abs(I)	J (A\µm²)	Abs(J)
-5.000000E-1	-2.408120E-9	2.408120E-9	-6.132213E-11	6.132213E-11
-4.900000E-1	-1.856510E-9	1.856510E-9	-4.727553E-11	4.727553E-11
-4.800000E-1	-1.535890E-9	1.535890E-9	-3.911103E-11	3.911103E-11
-4.700000E-1	-1.327590E-9	1.327590E-9	-3.380672E-11	3.380672E-11
-4.600000E-1	-1.163860E-9	1.163860E-9	-2.963738E-11	2.963738E-11
-4.500000E-1	-1.038270E-9	1.038270E-9	-2.643927E-11	2.643927E-11
-4.400000E-1	-9.348700E-10	9.348700E-10	-2.380621E-11	2.380621E-11
-4.300000E-1	-8.629400E-10	8.629400E-10	-2.197454E-11	2.197454E-11
-4.200000E-1	-7.702500E-10	7.702500E-10	-1.961421E-11	1.961421E-11
-4.100000E-1	-6.897000E-10	6.897000E-10	-1.756303E-11	1.756303E-11
-4.000000E-1	-6.258300E-10	6.258300E-10	-1.593659E-11	1.593659E-11
-3.900000E-1	-5.523200E-10	5.523200E-10	-1.406468E-11	1.406468E-11
-3.800000E-1	-5.017200E-10	5.017200E-10	-1.277616E-11	1.277616E-11
-3.700000E-1	-4.528300E-10	4.528300E-10	-1.153119E-11	1.153119E-11
-3.600000E-1	-4.152900E-10	4.152900E-10	-1.057525E-11	1.057525E-11
-3.500000E-1	-3.802600E-10	3.802600E-10	-9.683219E-12	9.683219E-12
-3.400000E-1	-3.438300E-10	3.438300E-10	-8.755538E-12	8.755538E-12
-3.300000E-1	-3.161100E-10	3.161100E-10	-8.049656E-12	8.049656E-12
-3.200000E-1	-2.922900E-10	2.922900E-10	-7.443086E-12	7.443086E-12
-3.100000E-1	-2.654500E-10	2.654500E-10	-6.759613E-12	6.759613E-12
-3.000000E-1	-2.396200E-10	2.396200E-10	-6.101859E-12	6.101859E-12
-2.900000E-1	-2.132500E-10	2.132500E-10	-5.430354E-12	5.430354E-12
-2.800000E-1	-1.910600E-10	1.910600E-10	-4.865292E-12	4.865292E-12
-2.700000E-1	-1.712200E-10	1.712200E-10	-4.360071E-12	4.360071E-12
-2.600000E-1	-1.498800E-10	1.498800E-10	-3.816654E-12	3.816654E-12
-2.500000E-1	-1.308300E-10	1.308300E-10	-3.331551E-12	3.331551E-12
-2.400000E-1	-1.127500E-10	1.127500E-10	-2.871148E-12	2.871148E-12
-2.300000E-1	-9.730000E-11	9.730000E-11	-2.477718E-12	2.477718E-12
-2.200000E-1	-8.398000E-11	8.398000E-11	-2.138528E-12	2.138528E-12
-2.100000E-1	-6.783000E-11	6.783000E-11	-1.727273E-12	1.727273E-12
-2.000000E-1	-5.388000E-11	5.388000E-11	-1.372040E-12	1.372040E-12
-1.900000E-1	-4.067000E-11	4.067000E-11	-1.035651E-12	1.035651E-12
-1.800000E-1	-2.653000E-11	2.653000E-11	-6.755793E-13	6.755793E-13
-1.700000E-1	-1.352000E-11	1.352000E-11	-3.442832E-13	3.442832E-13
-1.600000E-1	-2.600000E-12	2.600000E-12	-6.620830E-14	6.620830E-14
-1.500000E-1	8.090000E-12	8.090000E-12	2.060097E-13	2.060097E-13
-1.400000E-1	1.918000E-11	1.918000E-11	4.884135E-13	4.884135E-13
-1.300000E-1	2.895000E-11	2.895000E-11	7.372040E-13	7.372040E-13
-1.200000E-1	3.705000E-11	3.705000E-11	9.434683E-13	9.434683E-13
-1.100000E-1	4.671000E-11	4.671000E-11	1.189458E-12	1.189458E-12
-1.000000E-1	5.503000E-11	5.503000E-11	1.401324E-12	1.401324E-12
-9.000000E-2	6.376000E-11	6.376000E-11	1.623631E-12	1.623631E-12
-8.000000E-2	7.184000E-11	7.184000E-11	1.829386E-12	1.829386E-12
-7.000000E-2	7.889000E-11	7.889000E-11	2.008913E-12	2.008913E-12
-6.000000E-2	8.571000E-11	8.571000E-11	2.182582E-12	2.182582E-12
-5.000000E-2	9.262000E-11	9.262000E-11	2.358543E-12	2.358543E-12
-4.000000E-2	9.889000E-11	9.889000E-11	2.518207E-12	2.518207E-12
-3.000000E-2	1.053200E-10	1.053200E-10	2.681945E-12	2.681945E-12
-2.000000E-2	1.113500E-10	1.113500E-10	2.835498E-12	2.835498E-12
-1.000000E-2	1.172900E-10	1.172900E-10	2.986758E-12	2.986758E-12
0.000000E+0	1.228700E-10	1.228700E-10	3.128852E-12	3.128852E-12
1.000000E-2	1.274800E-10	1.274800E-10	3.246244E-12	3.246244E-12
2.000000E-2	1.337100E-10	1.337100E-10	3.404889E-12	3.404889E-12
3.000000E-2	1.391800E-10	1.391800E-10	3.544181E-12	3.544181E-12
4.000000E-2	1.455800E-10	1.455800E-10	3.707156E-12	3.707156E-12
5.000000E-2	1.507400E-10	1.507400E-10	3.838554E-12	3.838554E-12
6.000000E-2	1.577000E-10	1.577000E-10	4.015788E-12	4.015788E-12
7.000000E-2	1.641600E-10	1.641600E-10	4.180290E-12	4.180290E-12
8.000000E-2	1.698700E-10	1.698700E-10	4.325694E-12	4.325694E-12
9.000000E-2	1.773200E-10	1.773200E-10	4.515406E-12	4.515406E-12
1.000000E-1	1.845400E-10	1.845400E-10	4.699261E-12	4.699261E-12
1.100000E-1	1.914800E-10	1.914800E-10	4.875987E-12	4.875987E-12
1.200000E-1	1.997000E-10	1.997000E-10	5.085307E-12	5.085307E-12
1.300000E-1	2.078800E-10	2.078800E-10	5.293608E-12	5.293608E-12
1.400000E-1	2.147100E-10	2.147100E-10	5.467532E-12	5.467532E-12
1.500000E-1	2.241400E-10	2.241400E-10	5.707665E-12	5.707665E-12
1.600000E-1	2.334200E-10	2.334200E-10	5.943978E-12	5.943978E-12
1.700000E-1	2.420600E-10	2.420600E-10	6.163993E-12	6.163993E-12
1.800000E-1	2.536200E-10	2.536200E-10	6.458365E-12	6.458365E-12
1.900000E-1	2.625900E-10	2.625900E-10	6.686784E-12	6.686784E-12
2.000000E-1	2.736500E-10	2.736500E-10	6.968424E-12	6.968424E-12
2.100000E-1	2.846600E-10	2.846600E-10	7.248790E-12	7.248790E-12
2.200000E-1	2.951500E-10	2.951500E-10	7.515915E-12	7.515915E-12
2.300000E-1	3.064100E-10	3.064100E-10	7.802648E-12	7.802648E-12
2.400000E-1	3.186700E-10	3.186700E-10	8.114846E-12	8.114846E-12
2.500000E-1	3.307700E-10	3.307700E-10	8.422969E-12	8.422969E-12
2.600000E-1	3.451400E-10	3.451400E-10	8.788897E-12	8.788897E-12
2.700000E-1	3.607100E-10	3.607100E-10	9.185383E-12	9.185383E-12
2.800000E-1	3.713900E-10	3.713900E-10	9.457346E-12	9.457346E-12
2.900000E-1	3.847800E-10	3.847800E-10	9.798319E-12	9.798319E-12
3.000000E-1	4.012400E-10	4.012400E-10	1.021747E-11	1.021747E-11
3.100000E-1	4.181200E-10	4.181200E-10	1.064731E-11	1.064731E-11
3.200000E-1	4.323600E-10	4.323600E-10	1.100993E-11	1.100993E-11
3.300000E-1	4.476600E-10	4.476600E-10	1.139954E-11	1.139954E-11
3.400000E-1	4.713600E-10	4.713600E-10	1.200306E-11	1.200306E-11
3.500000E-1	4.992500E-10	4.992500E-10	1.271327E-11	1.271327E-11
3.600000E-1	5.067700E-10	5.067700E-10	1.290476E-11	1.290476E-11
3.700000E-1	5.226000E-10	5.226000E-10	1.330787E-11	1.330787E-11
3.800000E-1	5.383500E-10	5.383500E-10	1.370894E-11	1.370894E-11
3.900000E-1	5.734000E-10	5.734000E-10	1.460148E-11	1.460148E-11
4.000000E-1	5.937900E-10	5.937900E-10	1.512070E-11	1.512070E-11
4.100000E-1	6.163000E-10	6.163000E-10	1.569391E-11	1.569391E-11
4.200000E-1	6.376800E-10	6.376800E-10	1.623835E-11	1.623835E-11
4.300000E-1	6.657900E-10	6.657900E-10	1.695416E-11	1.695416E-11
4.400000E-1	6.845900E-10	6.845900E-10	1.743290E-11	1.743290E-11
4.500000E-1	7.026300E-10	7.026300E-10	1.789228E-11	1.789228E-11
4.600000E-1	7.306000E-10	7.306000E-10	1.860453E-11	1.860453E-11
4.700000E-1	7.631700E-10	7.631700E-10	1.943392E-11	1.943392E-11
4.800000E-1	7.937100E-10	7.937100E-10	2.021161E-11	2.021161E-11
4.900000E-1	8.922100E-10	8.922100E-10	2.271989E-11	2.271989E-11
5.000000E-1	9.355800E-10	9.355800E-10	2.382429E-11	2.382429E-11
