#
#
#13:58:11	05/02/21
#
#
#Ell Cont: 5,0x10,0
#
#SMU1	V name:		V1
#	I name:		I1
#	Mode:		V
#	Function:	VAR1
#SMU2	V name:		V2
#	I name:		I2
#	Mode:		common
#	Function:	const.
#SMU3	off
#SMU4	off
#VMUs	off
#
#Primary Source (VAR1):	single
#	Sweep Spacing:	linear
#	Start:		-0.500000
#	Stop:		0.500000
#	Step:		0.010000
#	Compliance:	0.050000
#Power Compliance OFF
#
#Timing:		Integration Time:	medium
#	Delay Time (sec):	0.000000
#	Hold Time (sec):	0.000000
#	Wait Time (sec):	1.000000
#
#Secondary Source (VAR2):	OFF
#
#
#   V1	   I1	Abs(I)	J (A\um²)	Abs(J)
-5.000000E-1	-1.306840E-9	1.306840E-9	-3.327833E-11	3.327833E-11
-4.900000E-1	-1.097680E-9	1.097680E-9	-2.795213E-11	2.795213E-11
-4.800000E-1	-9.756100E-10	9.756100E-10	-2.484365E-11	2.484365E-11
-4.700000E-1	-8.870400E-10	8.870400E-10	-2.258824E-11	2.258824E-11
-4.600000E-1	-8.080000E-10	8.080000E-10	-2.057550E-11	2.057550E-11
-4.500000E-1	-7.208400E-10	7.208400E-10	-1.835600E-11	1.835600E-11
-4.400000E-1	-6.496100E-10	6.496100E-10	-1.654214E-11	1.654214E-11
-4.300000E-1	-6.039400E-10	6.039400E-10	-1.537917E-11	1.537917E-11
-4.200000E-1	-5.671700E-10	5.671700E-10	-1.444283E-11	1.444283E-11
-4.100000E-1	-5.181300E-10	5.181300E-10	-1.319404E-11	1.319404E-11
-4.000000E-1	-4.821600E-10	4.821600E-10	-1.227807E-11	1.227807E-11
-3.900000E-1	-4.486800E-10	4.486800E-10	-1.142552E-11	1.142552E-11
-3.800000E-1	-4.258600E-10	4.258600E-10	-1.084441E-11	1.084441E-11
-3.700000E-1	-3.989900E-10	3.989900E-10	-1.016017E-11	1.016017E-11
-3.600000E-1	-3.743100E-10	3.743100E-10	-9.531703E-12	9.531703E-12
-3.500000E-1	-3.679600E-10	3.679600E-10	-9.370002E-12	9.370002E-12
-3.400000E-1	-3.295700E-10	3.295700E-10	-8.392411E-12	8.392411E-12
-3.300000E-1	-3.010200E-10	3.010200E-10	-7.665393E-12	7.665393E-12
-3.200000E-1	-2.758800E-10	2.758800E-10	-7.025210E-12	7.025210E-12
-3.100000E-1	-2.565700E-10	2.565700E-10	-6.533486E-12	6.533486E-12
-3.000000E-1	-2.322000E-10	2.322000E-10	-5.912911E-12	5.912911E-12
-2.900000E-1	-2.129700E-10	2.129700E-10	-5.423224E-12	5.423224E-12
-2.800000E-1	-1.920000E-10	1.920000E-10	-4.889228E-12	4.889228E-12
-2.700000E-1	-1.835600E-10	1.835600E-10	-4.674306E-12	4.674306E-12
-2.600000E-1	-1.637700E-10	1.637700E-10	-4.170359E-12	4.170359E-12
-2.500000E-1	-1.501900E-10	1.501900E-10	-3.824548E-12	3.824548E-12
-2.400000E-1	-1.376300E-10	1.376300E-10	-3.504711E-12	3.504711E-12
-2.300000E-1	-1.189700E-10	1.189700E-10	-3.029539E-12	3.029539E-12
-2.200000E-1	-1.045300E-10	1.045300E-10	-2.661828E-12	2.661828E-12
-2.100000E-1	-9.266000E-11	9.266000E-11	-2.359562E-12	2.359562E-12
-2.000000E-1	-8.088000E-11	8.088000E-11	-2.059587E-12	2.059587E-12
-1.900000E-1	-6.848000E-11	6.848000E-11	-1.743825E-12	1.743825E-12
-1.800000E-1	-5.846000E-11	5.846000E-11	-1.488668E-12	1.488668E-12
-1.700000E-1	-4.973000E-11	4.973000E-11	-1.266361E-12	1.266361E-12
-1.600000E-1	-4.287000E-11	4.287000E-11	-1.091673E-12	1.091673E-12
-1.500000E-1	-3.151000E-11	3.151000E-11	-8.023937E-13	8.023937E-13
-1.400000E-1	-2.313000E-11	2.313000E-11	-5.889992E-13	5.889992E-13
-1.300000E-1	-1.601000E-11	1.601000E-11	-4.076903E-13	4.076903E-13
-1.200000E-1	-9.200000E-12	9.200000E-12	-2.342755E-13	2.342755E-13
-1.100000E-1	-3.600000E-12	3.600000E-12	-9.167303E-14	9.167303E-14
-1.000000E-1	3.020000E-12	3.020000E-12	7.690349E-14	7.690349E-14
-9.000000E-2	8.860000E-12	8.860000E-12	2.256175E-13	2.256175E-13
-8.000000E-2	1.370000E-11	1.370000E-11	3.488668E-13	3.488668E-13
-7.000000E-2	1.938000E-11	1.938000E-11	4.935065E-13	4.935065E-13
-6.000000E-2	2.420000E-11	2.420000E-11	6.162465E-13	6.162465E-13
-5.000000E-2	2.806000E-11	2.806000E-11	7.145404E-13	7.145404E-13
-4.000000E-2	3.193000E-11	3.193000E-11	8.130889E-13	8.130889E-13
-3.000000E-2	3.617000E-11	3.617000E-11	9.210593E-13	9.210593E-13
-2.000000E-2	4.005000E-11	4.005000E-11	1.019862E-12	1.019862E-12
-1.000000E-2	4.359000E-11	4.359000E-11	1.110008E-12	1.110008E-12
0.000000E+0	4.708000E-11	4.708000E-11	1.198880E-12	1.198880E-12
1.000000E-2	5.060000E-11	5.060000E-11	1.288515E-12	1.288515E-12
2.000000E-2	5.438000E-11	5.438000E-11	1.384772E-12	1.384772E-12
3.000000E-2	5.816000E-11	5.816000E-11	1.481029E-12	1.481029E-12
4.000000E-2	6.208000E-11	6.208000E-11	1.580851E-12	1.580851E-12
5.000000E-2	6.609000E-11	6.609000E-11	1.682964E-12	1.682964E-12
6.000000E-2	7.068000E-11	7.068000E-11	1.799847E-12	1.799847E-12
7.000000E-2	7.427000E-11	7.427000E-11	1.891266E-12	1.891266E-12
8.000000E-2	7.973000E-11	7.973000E-11	2.030303E-12	2.030303E-12
9.000000E-2	8.556000E-11	8.556000E-11	2.178762E-12	2.178762E-12
1.000000E-1	8.982000E-11	8.982000E-11	2.287242E-12	2.287242E-12
1.100000E-1	9.639000E-11	9.639000E-11	2.454545E-12	2.454545E-12
1.200000E-1	1.043100E-10	1.043100E-10	2.656226E-12	2.656226E-12
1.300000E-1	1.118000E-10	1.118000E-10	2.846957E-12	2.846957E-12
1.400000E-1	1.190500E-10	1.190500E-10	3.031576E-12	3.031576E-12
1.500000E-1	1.270300E-10	1.270300E-10	3.234785E-12	3.234785E-12
1.600000E-1	1.367800E-10	1.367800E-10	3.483066E-12	3.483066E-12
1.700000E-1	1.461500E-10	1.461500E-10	3.721670E-12	3.721670E-12
1.800000E-1	1.569600E-10	1.569600E-10	3.996944E-12	3.996944E-12
1.900000E-1	1.669600E-10	1.669600E-10	4.251591E-12	4.251591E-12
2.000000E-1	1.746500E-10	1.746500E-10	4.447415E-12	4.447415E-12
2.100000E-1	1.883600E-10	1.883600E-10	4.796537E-12	4.796537E-12
2.200000E-1	1.987700E-10	1.987700E-10	5.061625E-12	5.061625E-12
2.300000E-1	2.167700E-10	2.167700E-10	5.519990E-12	5.519990E-12
2.400000E-1	2.321100E-10	2.321100E-10	5.910619E-12	5.910619E-12
2.500000E-1	2.458500E-10	2.458500E-10	6.260504E-12	6.260504E-12
2.600000E-1	2.581200E-10	2.581200E-10	6.572956E-12	6.572956E-12
2.700000E-1	2.742900E-10	2.742900E-10	6.984721E-12	6.984721E-12
2.800000E-1	2.876800E-10	2.876800E-10	7.325694E-12	7.325694E-12
2.900000E-1	3.056900E-10	3.056900E-10	7.784314E-12	7.784314E-12
3.000000E-1	3.230600E-10	3.230600E-10	8.226636E-12	8.226636E-12
3.100000E-1	3.465600E-10	3.465600E-10	8.825057E-12	8.825057E-12
3.200000E-1	3.700900E-10	3.700900E-10	9.424242E-12	9.424242E-12
3.300000E-1	3.941400E-10	3.941400E-10	1.003667E-11	1.003667E-11
3.400000E-1	4.180300E-10	4.180300E-10	1.064502E-11	1.064502E-11
3.500000E-1	4.800000E-10	4.800000E-10	1.222307E-11	1.222307E-11
3.600000E-1	4.569600E-10	4.569600E-10	1.163636E-11	1.163636E-11
3.700000E-1	4.851300E-10	4.851300E-10	1.235370E-11	1.235370E-11
3.800000E-1	4.926100E-10	4.926100E-10	1.254418E-11	1.254418E-11
3.900000E-1	5.221000E-10	5.221000E-10	1.329514E-11	1.329514E-11
4.000000E-1	5.483500E-10	5.483500E-10	1.396359E-11	1.396359E-11
4.100000E-1	5.754600E-10	5.754600E-10	1.465393E-11	1.465393E-11
4.200000E-1	6.102700E-10	6.102700E-10	1.554036E-11	1.554036E-11
4.300000E-1	6.482300E-10	6.482300E-10	1.650700E-11	1.650700E-11
4.400000E-1	6.798500E-10	6.798500E-10	1.731220E-11	1.731220E-11
4.500000E-1	7.145800E-10	7.145800E-10	1.819659E-11	1.819659E-11
4.600000E-1	7.497500E-10	7.497500E-10	1.909218E-11	1.909218E-11
4.700000E-1	8.418100E-10	8.418100E-10	2.143647E-11	2.143647E-11
4.800000E-1	9.070200E-10	9.070200E-10	2.309702E-11	2.309702E-11
4.900000E-1	9.645400E-10	9.645400E-10	2.456175E-11	2.456175E-11
5.000000E-1	9.871800E-10	9.871800E-10	2.513827E-11	2.513827E-11
