#
#
#13:54:25	05/02/21
#
#
#Ell Cont: 5,0x10,0
#
#SMU1	V name:		V1
#	I name:		I1
#	Mode:		V
#	Function:	VAR1
#SMU2	V name:		V2
#	I name:		I2
#	Mode:		common
#	Function:	const.
#SMU3	off
#SMU4	off
#VMUs	off
#
#Primary Source (VAR1):	single
#	Sweep Spacing:	linear
#	Start:		-0.500000
#	Stop:		0.500000
#	Step:		0.010000
#	Compliance:	0.050000
#Power Compliance OFF
#
#Timing:		Integration Time:	medium
#	Delay Time (sec):	0.000000
#	Hold Time (sec):	0.000000
#	Wait Time (sec):	1.000000
#
#Secondary Source (VAR2):	OFF
#
#
#   V1	   I1	Abs(I)	J (A\um²)	Abs(J)
-5.000000E-1	-2.951100E-10	2.951100E-10	-7.514897E-12	7.514897E-12
-4.900000E-1	-1.537600E-10	1.537600E-10	-3.915457E-12	3.915457E-12
-4.800000E-1	-1.042100E-10	1.042100E-10	-2.653680E-12	2.653680E-12
-4.700000E-1	-7.766000E-11	7.766000E-11	-1.977591E-12	1.977591E-12
-4.600000E-1	-6.017000E-11	6.017000E-11	-1.532213E-12	1.532213E-12
-4.500000E-1	-4.795000E-11	4.795000E-11	-1.221034E-12	1.221034E-12
-4.400000E-1	-3.836000E-11	3.836000E-11	-9.768271E-13	9.768271E-13
-4.300000E-1	-3.094000E-11	3.094000E-11	-7.878788E-13	7.878788E-13
-4.200000E-1	-2.472000E-11	2.472000E-11	-6.294882E-13	6.294882E-13
-4.100000E-1	-1.952000E-11	1.952000E-11	-4.970716E-13	4.970716E-13
-4.000000E-1	-1.492000E-11	1.492000E-11	-3.799338E-13	3.799338E-13
-3.900000E-1	-1.103000E-11	1.103000E-11	-2.808760E-13	2.808760E-13
-3.800000E-1	-7.720000E-12	7.720000E-12	-1.965877E-13	1.965877E-13
-3.700000E-1	-4.570000E-12	4.570000E-12	-1.163738E-13	1.163738E-13
-3.600000E-1	-1.620000E-12	1.620000E-12	-4.125286E-14	4.125286E-14
-3.500000E-1	1.080000E-12	1.080000E-12	2.750191E-14	2.750191E-14
-3.400000E-1	3.410000E-12	3.410000E-12	8.683473E-14	8.683473E-14
-3.300000E-1	5.730000E-12	5.730000E-12	1.459129E-13	1.459129E-13
-3.200000E-1	7.720000E-12	7.720000E-12	1.965877E-13	1.965877E-13
-3.100000E-1	9.500000E-12	9.500000E-12	2.419149E-13	2.419149E-13
-3.000000E-1	1.124000E-11	1.124000E-11	2.862236E-13	2.862236E-13
-2.900000E-1	1.306000E-11	1.306000E-11	3.325694E-13	3.325694E-13
-2.800000E-1	1.463000E-11	1.463000E-11	3.725490E-13	3.725490E-13
-2.700000E-1	1.618000E-11	1.618000E-11	4.120193E-13	4.120193E-13
-2.600000E-1	1.749000E-11	1.749000E-11	4.453781E-13	4.453781E-13
-2.500000E-1	1.885000E-11	1.885000E-11	4.800102E-13	4.800102E-13
-2.400000E-1	2.025000E-11	2.025000E-11	5.156608E-13	5.156608E-13
-2.300000E-1	2.159000E-11	2.159000E-11	5.497835E-13	5.497835E-13
-2.200000E-1	2.291000E-11	2.291000E-11	5.833970E-13	5.833970E-13
-2.100000E-1	2.393000E-11	2.393000E-11	6.093710E-13	6.093710E-13
-2.000000E-1	2.523000E-11	2.523000E-11	6.424752E-13	6.424752E-13
-1.900000E-1	2.615000E-11	2.615000E-11	6.659027E-13	6.659027E-13
-1.800000E-1	2.734000E-11	2.734000E-11	6.962057E-13	6.962057E-13
-1.700000E-1	2.837000E-11	2.837000E-11	7.224344E-13	7.224344E-13
-1.600000E-1	2.932000E-11	2.932000E-11	7.466259E-13	7.466259E-13
-1.500000E-1	3.036000E-11	3.036000E-11	7.731092E-13	7.731092E-13
-1.400000E-1	3.145000E-11	3.145000E-11	8.008658E-13	8.008658E-13
-1.300000E-1	3.240000E-11	3.240000E-11	8.250573E-13	8.250573E-13
-1.200000E-1	3.341000E-11	3.341000E-11	8.507767E-13	8.507767E-13
-1.100000E-1	3.433000E-11	3.433000E-11	8.742042E-13	8.742042E-13
-1.000000E-1	3.527000E-11	3.527000E-11	8.981411E-13	8.981411E-13
-9.000000E-2	3.611000E-11	3.611000E-11	9.195314E-13	9.195314E-13
-8.000000E-2	3.694000E-11	3.694000E-11	9.406672E-13	9.406672E-13
-7.000000E-2	3.770000E-11	3.770000E-11	9.600204E-13	9.600204E-13
-6.000000E-2	3.846000E-11	3.846000E-11	9.793736E-13	9.793736E-13
-5.000000E-2	3.953000E-11	3.953000E-11	1.006621E-12	1.006621E-12
-4.000000E-2	4.040000E-11	4.040000E-11	1.028775E-12	1.028775E-12
-3.000000E-2	4.121000E-11	4.121000E-11	1.049402E-12	1.049402E-12
-2.000000E-2	4.231000E-11	4.231000E-11	1.077413E-12	1.077413E-12
-1.000000E-2	4.315000E-11	4.315000E-11	1.098803E-12	1.098803E-12
0.000000E+0	4.393000E-11	4.393000E-11	1.118666E-12	1.118666E-12
1.000000E-2	4.477000E-11	4.477000E-11	1.140056E-12	1.140056E-12
2.000000E-2	4.530000E-11	4.530000E-11	1.153552E-12	1.153552E-12
3.000000E-2	4.666000E-11	4.666000E-11	1.188184E-12	1.188184E-12
4.000000E-2	4.698000E-11	4.698000E-11	1.196333E-12	1.196333E-12
5.000000E-2	4.747000E-11	4.747000E-11	1.208811E-12	1.208811E-12
6.000000E-2	4.903000E-11	4.903000E-11	1.248536E-12	1.248536E-12
7.000000E-2	5.033000E-11	5.033000E-11	1.281640E-12	1.281640E-12
8.000000E-2	5.049000E-11	5.049000E-11	1.285714E-12	1.285714E-12
9.000000E-2	5.211000E-11	5.211000E-11	1.326967E-12	1.326967E-12
1.000000E-1	5.251000E-11	5.251000E-11	1.337153E-12	1.337153E-12
1.100000E-1	5.362000E-11	5.362000E-11	1.365419E-12	1.365419E-12
1.200000E-1	5.348000E-11	5.348000E-11	1.361854E-12	1.361854E-12
1.300000E-1	5.339000E-11	5.339000E-11	1.359562E-12	1.359562E-12
1.400000E-1	5.683000E-11	5.683000E-11	1.447161E-12	1.447161E-12
1.500000E-1	5.677000E-11	5.677000E-11	1.445633E-12	1.445633E-12
1.600000E-1	5.715000E-11	5.715000E-11	1.455309E-12	1.455309E-12
1.700000E-1	5.840000E-11	5.840000E-11	1.487140E-12	1.487140E-12
1.800000E-1	5.965000E-11	5.965000E-11	1.518971E-12	1.518971E-12
1.900000E-1	6.035000E-11	6.035000E-11	1.536797E-12	1.536797E-12
2.000000E-1	6.136000E-11	6.136000E-11	1.562516E-12	1.562516E-12
2.100000E-1	6.224000E-11	6.224000E-11	1.584925E-12	1.584925E-12
2.200000E-1	6.222000E-11	6.222000E-11	1.584416E-12	1.584416E-12
2.300000E-1	6.379000E-11	6.379000E-11	1.624395E-12	1.624395E-12
2.400000E-1	6.476000E-11	6.476000E-11	1.649096E-12	1.649096E-12
2.500000E-1	6.576000E-11	6.576000E-11	1.674561E-12	1.674561E-12
2.600000E-1	6.683000E-11	6.683000E-11	1.701808E-12	1.701808E-12
2.700000E-1	6.782000E-11	6.782000E-11	1.727018E-12	1.727018E-12
2.800000E-1	6.885000E-11	6.885000E-11	1.753247E-12	1.753247E-12
2.900000E-1	6.983000E-11	6.983000E-11	1.778202E-12	1.778202E-12
3.000000E-1	7.071000E-11	7.071000E-11	1.800611E-12	1.800611E-12
3.100000E-1	7.191000E-11	7.191000E-11	1.831169E-12	1.831169E-12
3.200000E-1	7.266000E-11	7.266000E-11	1.850267E-12	1.850267E-12
3.300000E-1	7.364000E-11	7.364000E-11	1.875223E-12	1.875223E-12
3.400000E-1	7.423000E-11	7.423000E-11	1.890247E-12	1.890247E-12
3.500000E-1	7.538000E-11	7.538000E-11	1.919531E-12	1.919531E-12
3.600000E-1	7.648000E-11	7.648000E-11	1.947543E-12	1.947543E-12
3.700000E-1	7.766000E-11	7.766000E-11	1.977591E-12	1.977591E-12
3.800000E-1	7.879000E-11	7.879000E-11	2.006366E-12	2.006366E-12
3.900000E-1	7.991000E-11	7.991000E-11	2.034887E-12	2.034887E-12
4.000000E-1	8.102000E-11	8.102000E-11	2.063153E-12	2.063153E-12
4.100000E-1	8.222000E-11	8.222000E-11	2.093710E-12	2.093710E-12
4.200000E-1	8.336000E-11	8.336000E-11	2.122740E-12	2.122740E-12
4.300000E-1	8.411000E-11	8.411000E-11	2.141839E-12	2.141839E-12
4.400000E-1	8.516000E-11	8.516000E-11	2.168576E-12	2.168576E-12
4.500000E-1	8.651000E-11	8.651000E-11	2.202954E-12	2.202954E-12
4.600000E-1	8.762000E-11	8.762000E-11	2.231220E-12	2.231220E-12
4.700000E-1	8.868000E-11	8.868000E-11	2.258212E-12	2.258212E-12
4.800000E-1	8.993000E-11	8.993000E-11	2.290043E-12	2.290043E-12
4.900000E-1	9.120000E-11	9.120000E-11	2.322383E-12	2.322383E-12
5.000000E-1	9.253000E-11	9.253000E-11	2.356252E-12	2.356252E-12
