#
#
#13:47:59	05/02/21
#
#
#Ell Cont: 5,0x10,0
#
#SMU1	V name:		V1
#	I name:		I1
#	Mode:		V
#	Function:	VAR1
#SMU2	V name:		V2
#	I name:		I2
#	Mode:		common
#	Function:	const.
#SMU3	off
#SMU4	off
#VMUs	off
#
#Primary Source (VAR1):	single
#	Sweep Spacing:	linear
#	Start:		-0.500000
#	Stop:		0.500000
#	Step:		0.010000
#	Compliance:	0.050000
#Power Compliance OFF
#
#Timing:		Integration Time:	medium
#	Delay Time (sec):	0.000000
#	Hold Time (sec):	0.000000
#	Wait Time (sec):	1.000000
#
#Secondary Source (VAR2):	OFF
#
#
#   V1	   I1	Abs(I)	J (A\um²)	Abs(J)
-5.000000E-1	-5.195560E-3	5.195560E-3	-1.323035E-4	1.323035E-4
-4.900000E-1	-5.003420E-3	5.003420E-3	-1.274107E-4	1.274107E-4
-4.800000E-1	-4.908990E-3	4.908990E-3	-1.250061E-4	1.250061E-4
-4.700000E-1	-4.833720E-3	4.833720E-3	-1.230894E-4	1.230894E-4
-4.600000E-1	-4.706710E-3	4.706710E-3	-1.198551E-4	1.198551E-4
-4.500000E-1	-4.610140E-3	4.610140E-3	-1.173960E-4	1.173960E-4
-4.400000E-1	-4.511130E-3	4.511130E-3	-1.148747E-4	1.148747E-4
-4.300000E-1	-4.411910E-3	4.411910E-3	-1.123481E-4	1.123481E-4
-4.200000E-1	-4.312390E-3	4.312390E-3	-1.098139E-4	1.098139E-4
-4.100000E-1	-4.211150E-3	4.211150E-3	-1.072358E-4	1.072358E-4
-4.000000E-1	-4.111360E-3	4.111360E-3	-1.046947E-4	1.046947E-4
-3.900000E-1	-4.010330E-3	4.010330E-3	-1.021220E-4	1.021220E-4
-3.800000E-1	-3.910510E-3	3.910510E-3	-9.958009E-5	9.958009E-5
-3.700000E-1	-3.809550E-3	3.809550E-3	-9.700917E-5	9.700917E-5
-3.600000E-1	-3.708810E-3	3.708810E-3	-9.444385E-5	9.444385E-5
-3.500000E-1	-3.607800E-3	3.607800E-3	-9.187166E-5	9.187166E-5
-3.400000E-1	-3.506980E-3	3.506980E-3	-8.930430E-5	8.930430E-5
-3.300000E-1	-3.405500E-3	3.405500E-3	-8.672014E-5	8.672014E-5
-3.200000E-1	-3.304080E-3	3.304080E-3	-8.413751E-5	8.413751E-5
-3.100000E-1	-3.202030E-3	3.202030E-3	-8.153883E-5	8.153883E-5
-3.000000E-1	-3.100380E-3	3.100380E-3	-7.895034E-5	7.895034E-5
-2.900000E-1	-2.997720E-3	2.997720E-3	-7.633613E-5	7.633613E-5
-2.800000E-1	-2.895210E-3	2.895210E-3	-7.372574E-5	7.372574E-5
-2.700000E-1	-2.793990E-3	2.793990E-3	-7.114820E-5	7.114820E-5
-2.600000E-1	-2.691580E-3	2.691580E-3	-6.854036E-5	6.854036E-5
-2.500000E-1	-2.590860E-3	2.590860E-3	-6.597555E-5	6.597555E-5
-2.400000E-1	-2.486650E-3	2.486650E-3	-6.332187E-5	6.332187E-5
-2.300000E-1	-2.384150E-3	2.384150E-3	-6.071174E-5	6.071174E-5
-2.200000E-1	-2.281780E-3	2.281780E-3	-5.810491E-5	5.810491E-5
-2.100000E-1	-2.179200E-3	2.179200E-3	-5.549274E-5	5.549274E-5
-2.000000E-1	-2.076030E-3	2.076030E-3	-5.286555E-5	5.286555E-5
-1.900000E-1	-1.973660E-3	1.973660E-3	-5.025872E-5	5.025872E-5
-1.800000E-1	-1.869900E-3	1.869900E-3	-4.761650E-5	4.761650E-5
-1.700000E-1	-1.767200E-3	1.767200E-3	-4.500127E-5	4.500127E-5
-1.600000E-1	-1.663240E-3	1.663240E-3	-4.235396E-5	4.235396E-5
-1.500000E-1	-1.559400E-3	1.559400E-3	-3.970970E-5	3.970970E-5
-1.400000E-1	-1.456440E-3	1.456440E-3	-3.708785E-5	3.708785E-5
-1.300000E-1	-1.351990E-3	1.351990E-3	-3.442806E-5	3.442806E-5
-1.200000E-1	-1.248890E-3	1.248890E-3	-3.180265E-5	3.180265E-5
-1.100000E-1	-1.145030E-3	1.145030E-3	-2.915788E-5	2.915788E-5
-1.000000E-1	-1.041140E-3	1.041140E-3	-2.651235E-5	2.651235E-5
-9.000000E-2	-9.370070E-4	9.370070E-4	-2.386063E-5	2.386063E-5
-8.000000E-2	-8.333590E-4	8.333590E-4	-2.122126E-5	2.122126E-5
-7.000000E-2	-7.292900E-4	7.292900E-4	-1.857117E-5	1.857117E-5
-6.000000E-2	-6.256850E-4	6.256850E-4	-1.593290E-5	1.593290E-5
-5.000000E-2	-5.213110E-4	5.213110E-4	-1.327504E-5	1.327504E-5
-4.000000E-2	-4.177160E-4	4.177160E-4	-1.063703E-5	1.063703E-5
-3.000000E-2	-3.132840E-4	3.132840E-4	-7.977693E-6	7.977693E-6
-2.000000E-2	-2.088750E-4	2.088750E-4	-5.318946E-6	5.318946E-6
-1.000000E-2	-1.052030E-4	1.052030E-4	-2.678966E-6	2.678966E-6
0.000000E+0	-6.933400E-7	6.933400E-7	-1.765572E-8	1.765572E-8
1.000000E-2	1.029450E-4	1.029450E-4	2.621467E-6	2.621467E-6
2.000000E-2	2.074160E-4	2.074160E-4	5.281793E-6	5.281793E-6
3.000000E-2	3.110090E-4	3.110090E-4	7.919761E-6	7.919761E-6
4.000000E-2	4.154470E-4	4.154470E-4	1.057925E-5	1.057925E-5
5.000000E-2	5.190140E-4	5.190140E-4	1.321655E-5	1.321655E-5
6.000000E-2	6.236220E-4	6.236220E-4	1.588037E-5	1.588037E-5
7.000000E-2	7.278960E-4	7.278960E-4	1.853568E-5	1.853568E-5
8.000000E-2	8.315940E-4	8.315940E-4	2.117632E-5	2.117632E-5
9.000000E-2	9.360030E-4	9.360030E-4	2.383506E-5	2.383506E-5
1.000000E-1	1.039763E-3	1.039763E-3	2.647729E-5	2.647729E-5
1.100000E-1	1.143780E-3	1.143780E-3	2.912605E-5	2.912605E-5
1.200000E-1	1.246940E-3	1.246940E-3	3.175299E-5	3.175299E-5
1.300000E-1	1.351580E-3	1.351580E-3	3.441762E-5	3.441762E-5
1.400000E-1	1.454550E-3	1.454550E-3	3.703972E-5	3.703972E-5
1.500000E-1	1.557760E-3	1.557760E-3	3.966794E-5	3.966794E-5
1.600000E-1	1.660610E-3	1.660610E-3	4.228699E-5	4.228699E-5
1.700000E-1	1.764420E-3	1.764420E-3	4.493048E-5	4.493048E-5
1.800000E-1	1.867700E-3	1.867700E-3	4.756048E-5	4.756048E-5
1.900000E-1	1.971090E-3	1.971090E-3	5.019328E-5	5.019328E-5
2.000000E-1	2.074530E-3	2.074530E-3	5.282735E-5	5.282735E-5
2.100000E-1	2.177750E-3	2.177750E-3	5.545582E-5	5.545582E-5
2.200000E-1	2.280830E-3	2.280830E-3	5.808072E-5	5.808072E-5
2.300000E-1	2.383660E-3	2.383660E-3	6.069926E-5	6.069926E-5
2.400000E-1	2.487930E-3	2.487930E-3	6.335447E-5	6.335447E-5
2.500000E-1	2.587920E-3	2.587920E-3	6.590069E-5	6.590069E-5
2.600000E-1	2.691570E-3	2.691570E-3	6.854011E-5	6.854011E-5
2.700000E-1	2.795190E-3	2.795190E-3	7.117876E-5	7.117876E-5
2.800000E-1	2.898230E-3	2.898230E-3	7.380265E-5	7.380265E-5
2.900000E-1	2.999160E-3	2.999160E-3	7.637280E-5	7.637280E-5
3.000000E-1	3.101500E-3	3.101500E-3	7.897886E-5	7.897886E-5
3.100000E-1	3.201750E-3	3.201750E-3	8.153170E-5	8.153170E-5
3.200000E-1	3.300360E-3	3.300360E-3	8.404278E-5	8.404278E-5
3.300000E-1	3.387500E-3	3.387500E-3	8.626178E-5	8.626178E-5
3.400000E-1	3.484870E-3	3.484870E-3	8.874128E-5	8.874128E-5
3.500000E-1	3.585780E-3	3.585780E-3	9.131092E-5	9.131092E-5
3.600000E-1	3.681610E-3	3.681610E-3	9.375121E-5	9.375121E-5
3.700000E-1	3.782420E-3	3.782420E-3	9.631831E-5	9.631831E-5
3.800000E-1	3.880560E-3	3.880560E-3	9.881742E-5	9.881742E-5
3.900000E-1	3.972190E-3	3.972190E-3	1.011508E-4	1.011508E-4
4.000000E-1	4.030230E-3	4.030230E-3	1.026287E-4	1.026287E-4
4.100000E-1	4.123280E-3	4.123280E-3	1.049982E-4	1.049982E-4
4.200000E-1	4.220670E-3	4.220670E-3	1.074782E-4	1.074782E-4
4.300000E-1	4.316620E-3	4.316620E-3	1.099216E-4	1.099216E-4
4.400000E-1	4.411150E-3	4.411150E-3	1.123287E-4	1.123287E-4
4.500000E-1	4.507940E-3	4.507940E-3	1.147935E-4	1.147935E-4
4.600000E-1	4.607670E-3	4.607670E-3	1.173331E-4	1.173331E-4
4.700000E-1	4.704690E-3	4.704690E-3	1.198037E-4	1.198037E-4
4.800000E-1	4.801260E-3	4.801260E-3	1.222628E-4	1.222628E-4
4.900000E-1	4.895510E-3	4.895510E-3	1.246628E-4	1.246628E-4
5.000000E-1	4.998040E-3	4.998040E-3	1.272737E-4	1.272737E-4
