#
#
#14:07:20	05/02/21
#
#
#Ell Cont: 5,0x10,0
#
#SMU1	V name:		V1
#	I name:		I1
#	Mode:		V
#	Function:	VAR1
#SMU2	V name:		V2
#	I name:		I2
#	Mode:		common
#	Function:	const.
#SMU3	off
#SMU4	off
#VMUs	off
#
#Primary Source (VAR1):	single
#	Sweep Spacing:	linear
#	Start:		-0.500000
#	Stop:		0.500000
#	Step:		0.010000
#	Compliance:	0.050000
#Power Compliance OFF
#
#Timing:		Integration Time:	medium
#	Delay Time (sec):	0.000000
#	Hold Time (sec):	0.000000
#	Wait Time (sec):	1.000000
#
#Secondary Source (VAR2):	OFF
#
#
#   V1	   I1	Abs(I)	J (A\um²)	Abs(J)
-5.000000E-1	-4.037700E-10	4.037700E-10	-1.028189E-11	1.028189E-11
-4.900000E-1	-2.077300E-10	2.077300E-10	-5.289789E-12	5.289789E-12
-4.800000E-1	-1.390700E-10	1.390700E-10	-3.541380E-12	3.541380E-12
-4.700000E-1	-1.020400E-10	1.020400E-10	-2.598421E-12	2.598421E-12
-4.600000E-1	-7.788000E-11	7.788000E-11	-1.983193E-12	1.983193E-12
-4.500000E-1	-5.966000E-11	5.966000E-11	-1.519226E-12	1.519226E-12
-4.400000E-1	-4.767000E-11	4.767000E-11	-1.213904E-12	1.213904E-12
-4.300000E-1	-3.608000E-11	3.608000E-11	-9.187675E-13	9.187675E-13
-4.200000E-1	-2.851000E-11	2.851000E-11	-7.259995E-13	7.259995E-13
-4.100000E-1	-2.139000E-11	2.139000E-11	-5.446906E-13	5.446906E-13
-4.000000E-1	-1.410000E-11	1.410000E-11	-3.590527E-13	3.590527E-13
-3.900000E-1	-8.600000E-12	8.600000E-12	-2.189967E-13	2.189967E-13
-3.800000E-1	-3.760000E-12	3.760000E-12	-9.574739E-14	9.574739E-14
-3.700000E-1	6.200000E-13	6.200000E-13	1.578813E-14	1.578813E-14
-3.600000E-1	5.190000E-12	5.190000E-12	1.321620E-13	1.321620E-13
-3.500000E-1	8.660000E-12	8.660000E-12	2.205246E-13	2.205246E-13
-3.400000E-1	1.208000E-11	1.208000E-11	3.076140E-13	3.076140E-13
-3.300000E-1	1.551000E-11	1.551000E-11	3.949580E-13	3.949580E-13
-3.200000E-1	1.839000E-11	1.839000E-11	4.682964E-13	4.682964E-13
-3.100000E-1	2.123000E-11	2.123000E-11	5.406162E-13	5.406162E-13
-3.000000E-1	2.384000E-11	2.384000E-11	6.070792E-13	6.070792E-13
-2.900000E-1	2.635000E-11	2.635000E-11	6.709957E-13	6.709957E-13
-2.800000E-1	2.919000E-11	2.919000E-11	7.433155E-13	7.433155E-13
-2.700000E-1	3.107000E-11	3.107000E-11	7.911892E-13	7.911892E-13
-2.600000E-1	3.327000E-11	3.327000E-11	8.472116E-13	8.472116E-13
-2.500000E-1	3.543000E-11	3.543000E-11	9.022154E-13	9.022154E-13
-2.400000E-1	3.766000E-11	3.766000E-11	9.590018E-13	9.590018E-13
-2.300000E-1	3.966000E-11	3.966000E-11	1.009931E-12	1.009931E-12
-2.200000E-1	4.164000E-11	4.164000E-11	1.060351E-12	1.060351E-12
-2.100000E-1	4.343000E-11	4.343000E-11	1.105933E-12	1.105933E-12
-2.000000E-1	4.535000E-11	4.535000E-11	1.154826E-12	1.154826E-12
-1.900000E-1	4.714000E-11	4.714000E-11	1.200407E-12	1.200407E-12
-1.800000E-1	4.904000E-11	4.904000E-11	1.248790E-12	1.248790E-12
-1.700000E-1	5.079000E-11	5.079000E-11	1.293354E-12	1.293354E-12
-1.600000E-1	5.246000E-11	5.246000E-11	1.335880E-12	1.335880E-12
-1.500000E-1	5.416000E-11	5.416000E-11	1.379170E-12	1.379170E-12
-1.400000E-1	5.572000E-11	5.572000E-11	1.418895E-12	1.418895E-12
-1.300000E-1	5.747000E-11	5.747000E-11	1.463458E-12	1.463458E-12
-1.200000E-1	5.902000E-11	5.902000E-11	1.502928E-12	1.502928E-12
-1.100000E-1	6.079000E-11	6.079000E-11	1.548001E-12	1.548001E-12
-1.000000E-1	6.246000E-11	6.246000E-11	1.590527E-12	1.590527E-12
-9.000000E-2	6.393000E-11	6.393000E-11	1.627960E-12	1.627960E-12
-8.000000E-2	6.555000E-11	6.555000E-11	1.669213E-12	1.669213E-12
-7.000000E-2	6.719000E-11	6.719000E-11	1.710975E-12	1.710975E-12
-6.000000E-2	6.873000E-11	6.873000E-11	1.750191E-12	1.750191E-12
-5.000000E-2	7.039000E-11	7.039000E-11	1.792462E-12	1.792462E-12
-4.000000E-2	7.199000E-11	7.199000E-11	1.833206E-12	1.833206E-12
-3.000000E-2	7.362000E-11	7.362000E-11	1.874713E-12	1.874713E-12
-2.000000E-2	7.528000E-11	7.528000E-11	1.916985E-12	1.916985E-12
-1.000000E-2	7.676000E-11	7.676000E-11	1.954673E-12	1.954673E-12
0.000000E+0	7.808000E-11	7.808000E-11	1.988286E-12	1.988286E-12
1.000000E-2	7.975000E-11	7.975000E-11	2.030812E-12	2.030812E-12
2.000000E-2	8.138000E-11	8.138000E-11	2.072320E-12	2.072320E-12
3.000000E-2	8.362000E-11	8.362000E-11	2.129361E-12	2.129361E-12
4.000000E-2	8.434000E-11	8.434000E-11	2.147695E-12	2.147695E-12
5.000000E-2	8.608000E-11	8.608000E-11	2.192004E-12	2.192004E-12
6.000000E-2	8.804000E-11	8.804000E-11	2.241915E-12	2.241915E-12
7.000000E-2	9.012000E-11	9.012000E-11	2.294882E-12	2.294882E-12
8.000000E-2	9.154000E-11	9.154000E-11	2.331041E-12	2.331041E-12
9.000000E-2	9.338000E-11	9.338000E-11	2.377897E-12	2.377897E-12
1.000000E-1	9.499000E-11	9.499000E-11	2.418895E-12	2.418895E-12
1.100000E-1	9.769000E-11	9.769000E-11	2.487650E-12	2.487650E-12
1.200000E-1	9.969000E-11	9.969000E-11	2.538579E-12	2.538579E-12
1.300000E-1	9.992000E-11	9.992000E-11	2.544436E-12	2.544436E-12
1.400000E-1	1.022700E-10	1.022700E-10	2.604278E-12	2.604278E-12
1.500000E-1	1.038000E-10	1.038000E-10	2.643239E-12	2.643239E-12
1.600000E-1	1.056900E-10	1.056900E-10	2.691367E-12	2.691367E-12
1.700000E-1	1.074500E-10	1.074500E-10	2.736185E-12	2.736185E-12
1.800000E-1	1.095500E-10	1.095500E-10	2.789661E-12	2.789661E-12
1.900000E-1	1.113600E-10	1.113600E-10	2.835752E-12	2.835752E-12
2.000000E-1	1.133800E-10	1.133800E-10	2.887191E-12	2.887191E-12
2.100000E-1	1.154600E-10	1.154600E-10	2.940158E-12	2.940158E-12
2.200000E-1	1.175900E-10	1.175900E-10	2.994398E-12	2.994398E-12
2.300000E-1	1.186700E-10	1.186700E-10	3.021900E-12	3.021900E-12
2.400000E-1	1.206500E-10	1.206500E-10	3.072320E-12	3.072320E-12
2.500000E-1	1.227400E-10	1.227400E-10	3.125541E-12	3.125541E-12
2.600000E-1	1.249200E-10	1.249200E-10	3.181054E-12	3.181054E-12
2.700000E-1	1.270500E-10	1.270500E-10	3.235294E-12	3.235294E-12
2.800000E-1	1.291800E-10	1.291800E-10	3.289534E-12	3.289534E-12
2.900000E-1	1.314600E-10	1.314600E-10	3.347594E-12	3.347594E-12
3.000000E-1	1.335100E-10	1.335100E-10	3.399796E-12	3.399796E-12
3.100000E-1	1.358100E-10	1.358100E-10	3.458365E-12	3.458365E-12
3.200000E-1	1.380200E-10	1.380200E-10	3.514642E-12	3.514642E-12
3.300000E-1	1.403800E-10	1.403800E-10	3.574739E-12	3.574739E-12
3.400000E-1	1.426600E-10	1.426600E-10	3.632799E-12	3.632799E-12
3.500000E-1	1.448000E-10	1.448000E-10	3.687293E-12	3.687293E-12
3.600000E-1	1.473300E-10	1.473300E-10	3.751719E-12	3.751719E-12
3.700000E-1	1.497000E-10	1.497000E-10	3.812070E-12	3.812070E-12
3.800000E-1	1.521800E-10	1.521800E-10	3.875223E-12	3.875223E-12
3.900000E-1	1.548100E-10	1.548100E-10	3.942195E-12	3.942195E-12
4.000000E-1	1.572100E-10	1.572100E-10	4.003310E-12	4.003310E-12
4.100000E-1	1.595600E-10	1.595600E-10	4.063152E-12	4.063152E-12
4.200000E-1	1.622600E-10	1.622600E-10	4.131907E-12	4.131907E-12
4.300000E-1	1.647400E-10	1.647400E-10	4.195060E-12	4.195060E-12
4.400000E-1	1.675000E-10	1.675000E-10	4.265342E-12	4.265342E-12
4.500000E-1	1.702400E-10	1.702400E-10	4.335116E-12	4.335116E-12
4.600000E-1	1.729600E-10	1.729600E-10	4.404380E-12	4.404380E-12
4.700000E-1	1.756800E-10	1.756800E-10	4.473644E-12	4.473644E-12
4.800000E-1	1.785600E-10	1.785600E-10	4.546982E-12	4.546982E-12
4.900000E-1	1.812600E-10	1.812600E-10	4.615737E-12	4.615737E-12
5.000000E-1	1.842600E-10	1.842600E-10	4.692131E-12	4.692131E-12
