#
#
#13:34:32	05/02/21
#
#
#Ell Cont: 5,0x10,0
#
#SMU1	V name:		V1
#	I name:		I1
#	Mode:		V
#	Function:	VAR1
#SMU2	V name:		V2
#	I name:		I2
#	Mode:		common
#	Function:	const.
#SMU3	off
#SMU4	off
#VMUs	off
#
#Primary Source (VAR1):	single
#	Sweep Spacing:	linear
#	Start:		-0.500000
#	Stop:		0.500000
#	Step:		0.010000
#	Compliance:	0.050000
#Power Compliance OFF
#
#Timing:		Integration Time:	medium
#	Delay Time (sec):	0.000000
#	Hold Time (sec):	0.000000
#	Wait Time (sec):	1.000000
#
#Secondary Source (VAR2):	OFF
#
#
#   V1	   I1	Abs(I)	J (A\um²)	Abs(J)
-5.000000E-1	-1.680000E-12	1.680000E-12	-4.278075E-14	4.278075E-14
-4.900000E-1	-2.220000E-12	2.220000E-12	-5.653170E-14	5.653170E-14
-4.800000E-1	-1.510000E-12	1.510000E-12	-3.845174E-14	3.845174E-14
-4.700000E-1	-2.070000E-12	2.070000E-12	-5.271199E-14	5.271199E-14
-4.600000E-1	-1.130000E-12	1.130000E-12	-2.877515E-14	2.877515E-14
-4.500000E-1	-2.740000E-12	2.740000E-12	-6.977336E-14	6.977336E-14
-4.400000E-1	-3.200000E-13	3.200000E-13	-8.148714E-15	8.148714E-15
-4.300000E-1	-1.520000E-12	1.520000E-12	-3.870639E-14	3.870639E-14
-4.200000E-1	-6.400000E-13	6.400000E-13	-1.629743E-14	1.629743E-14
-4.100000E-1	-1.310000E-12	1.310000E-12	-3.335880E-14	3.335880E-14
-4.000000E-1	-4.800000E-13	4.800000E-13	-1.222307E-14	1.222307E-14
-3.900000E-1	-1.580000E-12	1.580000E-12	-4.023428E-14	4.023428E-14
-3.800000E-1	-5.700000E-13	5.700000E-13	-1.451490E-14	1.451490E-14
-3.700000E-1	-1.590000E-12	1.590000E-12	-4.048892E-14	4.048892E-14
-3.600000E-1	-3.500000E-13	3.500000E-13	-8.912656E-15	8.912656E-15
-3.500000E-1	-1.100000E-12	1.100000E-12	-2.801120E-14	2.801120E-14
-3.400000E-1	-6.400000E-13	6.400000E-13	-1.629743E-14	1.629743E-14
-3.300000E-1	-6.700000E-13	6.700000E-13	-1.706137E-14	1.706137E-14
-3.200000E-1	-2.900000E-13	2.900000E-13	-7.384772E-15	7.384772E-15
-3.100000E-1	-8.100000E-13	8.100000E-13	-2.062643E-14	2.062643E-14
-3.000000E-1	1.000000E-14	1.000000E-14	2.546473E-16	2.546473E-16
-2.900000E-1	-7.900000E-13	7.900000E-13	-2.011714E-14	2.011714E-14
-2.800000E-1	1.700000E-13	1.700000E-13	4.329004E-15	4.329004E-15
-2.700000E-1	-6.400000E-13	6.400000E-13	-1.629743E-14	1.629743E-14
-2.600000E-1	-1.000000E-13	1.000000E-13	-2.546473E-15	2.546473E-15
-2.500000E-1	-5.600000E-13	5.600000E-13	-1.426025E-14	1.426025E-14
-2.400000E-1	4.700000E-13	4.700000E-13	1.196842E-14	1.196842E-14
-2.300000E-1	1.000000E-14	1.000000E-14	2.546473E-16	2.546473E-16
-2.200000E-1	1.400000E-13	1.400000E-13	3.565062E-15	3.565062E-15
-2.100000E-1	-2.100000E-13	2.100000E-13	-5.347594E-15	5.347594E-15
-2.000000E-1	4.300000E-13	4.300000E-13	1.094983E-14	1.094983E-14
-1.900000E-1	4.000000E-14	4.000000E-14	1.018589E-15	1.018589E-15
-1.800000E-1	4.500000E-13	4.500000E-13	1.145913E-14	1.145913E-14
-1.700000E-1	-1.400000E-13	1.400000E-13	-3.565062E-15	3.565062E-15
-1.600000E-1	5.200000E-13	5.200000E-13	1.324166E-14	1.324166E-14
-1.500000E-1	-1.000000E-13	1.000000E-13	-2.546473E-15	2.546473E-15
-1.400000E-1	7.700000E-13	7.700000E-13	1.960784E-14	1.960784E-14
-1.300000E-1	1.000000E-13	1.000000E-13	2.546473E-15	2.546473E-15
-1.200000E-1	5.100000E-13	5.100000E-13	1.298701E-14	1.298701E-14
-1.100000E-1	2.000000E-14	2.000000E-14	5.092946E-16	5.092946E-16
-1.000000E-1	1.050000E-12	1.050000E-12	2.673797E-14	2.673797E-14
-9.000000E-2	2.600000E-13	2.600000E-13	6.620830E-15	6.620830E-15
-8.000000E-2	8.100000E-13	8.100000E-13	2.062643E-14	2.062643E-14
-7.000000E-2	3.100000E-13	3.100000E-13	7.894067E-15	7.894067E-15
-6.000000E-2	8.100000E-13	8.100000E-13	2.062643E-14	2.062643E-14
-5.000000E-2	1.400000E-13	1.400000E-13	3.565062E-15	3.565062E-15
-4.000000E-2	8.900000E-13	8.900000E-13	2.266361E-14	2.266361E-14
-3.000000E-2	1.500000E-13	1.500000E-13	3.819710E-15	3.819710E-15
-2.000000E-2	6.700000E-13	6.700000E-13	1.706137E-14	1.706137E-14
-1.000000E-2	4.000000E-13	4.000000E-13	1.018589E-14	1.018589E-14
0.000000E+0	4.200000E-13	4.200000E-13	1.069519E-14	1.069519E-14
1.000000E-2	7.300000E-13	7.300000E-13	1.858925E-14	1.858925E-14
2.000000E-2	4.500000E-13	4.500000E-13	1.145913E-14	1.145913E-14
3.000000E-2	6.100000E-13	6.100000E-13	1.553349E-14	1.553349E-14
4.000000E-2	2.000000E-13	2.000000E-13	5.092946E-15	5.092946E-15
5.000000E-2	7.600000E-13	7.600000E-13	1.935320E-14	1.935320E-14
6.000000E-2	5.800000E-13	5.800000E-13	1.476954E-14	1.476954E-14
7.000000E-2	5.100000E-13	5.100000E-13	1.298701E-14	1.298701E-14
8.000000E-2	4.100000E-13	4.100000E-13	1.044054E-14	1.044054E-14
9.000000E-2	6.000000E-13	6.000000E-13	1.527884E-14	1.527884E-14
1.000000E-1	3.100000E-13	3.100000E-13	7.894067E-15	7.894067E-15
1.100000E-1	4.600000E-13	4.600000E-13	1.171378E-14	1.171378E-14
1.200000E-1	3.500000E-13	3.500000E-13	8.912656E-15	8.912656E-15
1.300000E-1	5.200000E-13	5.200000E-13	1.324166E-14	1.324166E-14
1.400000E-1	3.400000E-13	3.400000E-13	8.658009E-15	8.658009E-15
1.500000E-1	5.000000E-13	5.000000E-13	1.273237E-14	1.273237E-14
1.600000E-1	-1.800000E-13	1.800000E-13	-4.583652E-15	4.583652E-15
1.700000E-1	7.000000E-13	7.000000E-13	1.782531E-14	1.782531E-14
1.800000E-1	4.200000E-13	4.200000E-13	1.069519E-14	1.069519E-14
1.900000E-1	8.200000E-13	8.200000E-13	2.088108E-14	2.088108E-14
2.000000E-1	1.300000E-13	1.300000E-13	3.310415E-15	3.310415E-15
2.100000E-1	7.100000E-13	7.100000E-13	1.807996E-14	1.807996E-14
2.200000E-1	3.800000E-13	3.800000E-13	9.676598E-15	9.676598E-15
2.300000E-1	9.200000E-13	9.200000E-13	2.342755E-14	2.342755E-14
2.400000E-1	5.000000E-13	5.000000E-13	1.273237E-14	1.273237E-14
2.500000E-1	9.300000E-13	9.300000E-13	2.368220E-14	2.368220E-14
2.600000E-1	-2.100000E-13	2.100000E-13	-5.347594E-15	5.347594E-15
2.700000E-1	1.180000E-12	1.180000E-12	3.004838E-14	3.004838E-14
2.800000E-1	4.100000E-13	4.100000E-13	1.044054E-14	1.044054E-14
2.900000E-1	9.400000E-13	9.400000E-13	2.393685E-14	2.393685E-14
3.000000E-1	6.600000E-13	6.600000E-13	1.680672E-14	1.680672E-14
3.100000E-1	1.170000E-12	1.170000E-12	2.979374E-14	2.979374E-14
3.200000E-1	8.900000E-13	8.900000E-13	2.266361E-14	2.266361E-14
3.300000E-1	1.210000E-12	1.210000E-12	3.081232E-14	3.081232E-14
3.400000E-1	6.900000E-13	6.900000E-13	1.757066E-14	1.757066E-14
3.500000E-1	1.400000E-12	1.400000E-12	3.565062E-14	3.565062E-14
3.600000E-1	1.180000E-12	1.180000E-12	3.004838E-14	3.004838E-14
3.700000E-1	1.520000E-12	1.520000E-12	3.870639E-14	3.870639E-14
3.800000E-1	1.060000E-12	1.060000E-12	2.699261E-14	2.699261E-14
3.900000E-1	2.190000E-12	2.190000E-12	5.576776E-14	5.576776E-14
4.000000E-1	8.300000E-13	8.300000E-13	2.113573E-14	2.113573E-14
4.100000E-1	1.810000E-12	1.810000E-12	4.609116E-14	4.609116E-14
4.200000E-1	1.560000E-12	1.560000E-12	3.972498E-14	3.972498E-14
4.300000E-1	1.890000E-12	1.890000E-12	4.812834E-14	4.812834E-14
4.400000E-1	1.730000E-12	1.730000E-12	4.405398E-14	4.405398E-14
4.500000E-1	2.030000E-12	2.030000E-12	5.169340E-14	5.169340E-14
4.600000E-1	1.800000E-12	1.800000E-12	4.583652E-14	4.583652E-14
4.700000E-1	2.300000E-12	2.300000E-12	5.856888E-14	5.856888E-14
4.800000E-1	1.890000E-12	1.890000E-12	4.812834E-14	4.812834E-14
4.900000E-1	2.190000E-12	2.190000E-12	5.576776E-14	5.576776E-14
5.000000E-1	1.850000E-12	1.850000E-12	4.710975E-14	4.710975E-14
