#
#
#13:57:01	05/02/21
#
#
#Ell Cont: 5,0x10,0
#
#SMU1	V name:		V1
#	I name:		I1
#	Mode:		V
#	Function:	VAR1
#SMU2	V name:		V2
#	I name:		I2
#	Mode:		common
#	Function:	const.
#SMU3	off
#SMU4	off
#VMUs	off
#
#Primary Source (VAR1):	single
#	Sweep Spacing:	linear
#	Start:		-0.500000
#	Stop:		0.500000
#	Step:		0.010000
#	Compliance:	0.050000
#Power Compliance OFF
#
#Timing:		Integration Time:	medium
#	Delay Time (sec):	0.000000
#	Hold Time (sec):	0.000000
#	Wait Time (sec):	1.000000
#
#Secondary Source (VAR2):	OFF
#
#
#   V1	   I1	Abs(I)	J (A\um²)	Abs(J)
-5.000000E-1	-8.019300E-10	8.019300E-10	-2.042093E-11	2.042093E-11
-4.900000E-1	-4.618000E-10	4.618000E-10	-1.175961E-11	1.175961E-11
-4.800000E-1	-2.754000E-10	2.754000E-10	-7.012987E-12	7.012987E-12
-4.700000E-1	-1.934800E-10	1.934800E-10	-4.926916E-12	4.926916E-12
-4.600000E-1	-1.454700E-10	1.454700E-10	-3.704354E-12	3.704354E-12
-4.500000E-1	-1.131400E-10	1.131400E-10	-2.881080E-12	2.881080E-12
-4.400000E-1	-8.901000E-11	8.901000E-11	-2.266616E-12	2.266616E-12
-4.300000E-1	-7.034000E-11	7.034000E-11	-1.791189E-12	1.791189E-12
-4.200000E-1	-5.530000E-11	5.530000E-11	-1.408200E-12	1.408200E-12
-4.100000E-1	-4.302000E-11	4.302000E-11	-1.095493E-12	1.095493E-12
-4.000000E-1	-3.228000E-11	3.228000E-11	-8.220015E-13	8.220015E-13
-3.900000E-1	-2.342000E-11	2.342000E-11	-5.963840E-13	5.963840E-13
-3.800000E-1	-1.523000E-11	1.523000E-11	-3.878279E-13	3.878279E-13
-3.700000E-1	-7.930000E-12	7.930000E-12	-2.019353E-13	2.019353E-13
-3.600000E-1	-1.520000E-12	1.520000E-12	-3.870639E-14	3.870639E-14
-3.500000E-1	4.520000E-12	4.520000E-12	1.151006E-13	1.151006E-13
-3.400000E-1	9.990000E-12	9.990000E-12	2.543927E-13	2.543927E-13
-3.300000E-1	1.496000E-11	1.496000E-11	3.809524E-13	3.809524E-13
-3.200000E-1	1.933000E-11	1.933000E-11	4.922333E-13	4.922333E-13
-3.100000E-1	2.391000E-11	2.391000E-11	6.088617E-13	6.088617E-13
-3.000000E-1	2.807000E-11	2.807000E-11	7.147950E-13	7.147950E-13
-2.900000E-1	3.213000E-11	3.213000E-11	8.181818E-13	8.181818E-13
-2.800000E-1	3.598000E-11	3.598000E-11	9.162210E-13	9.162210E-13
-2.700000E-1	3.947000E-11	3.947000E-11	1.005093E-12	1.005093E-12
-2.600000E-1	4.284000E-11	4.284000E-11	1.090909E-12	1.090909E-12
-2.500000E-1	4.583000E-11	4.583000E-11	1.167049E-12	1.167049E-12
-2.400000E-1	4.904000E-11	4.904000E-11	1.248790E-12	1.248790E-12
-2.300000E-1	5.174000E-11	5.174000E-11	1.317545E-12	1.317545E-12
-2.200000E-1	5.487000E-11	5.487000E-11	1.397250E-12	1.397250E-12
-2.100000E-1	5.780000E-11	5.780000E-11	1.471861E-12	1.471861E-12
-2.000000E-1	6.076000E-11	6.076000E-11	1.547237E-12	1.547237E-12
-1.900000E-1	6.348000E-11	6.348000E-11	1.616501E-12	1.616501E-12
-1.800000E-1	6.618000E-11	6.618000E-11	1.685256E-12	1.685256E-12
-1.700000E-1	6.878000E-11	6.878000E-11	1.751464E-12	1.751464E-12
-1.600000E-1	7.144000E-11	7.144000E-11	1.819200E-12	1.819200E-12
-1.500000E-1	7.356000E-11	7.356000E-11	1.873186E-12	1.873186E-12
-1.400000E-1	7.608000E-11	7.608000E-11	1.937357E-12	1.937357E-12
-1.300000E-1	7.873000E-11	7.873000E-11	2.004838E-12	2.004838E-12
-1.200000E-1	8.128000E-11	8.128000E-11	2.069773E-12	2.069773E-12
-1.100000E-1	8.376000E-11	8.376000E-11	2.132926E-12	2.132926E-12
-1.000000E-1	8.639000E-11	8.639000E-11	2.199898E-12	2.199898E-12
-9.000000E-2	8.890000E-11	8.890000E-11	2.263815E-12	2.263815E-12
-8.000000E-2	9.125000E-11	9.125000E-11	2.323657E-12	2.323657E-12
-7.000000E-2	9.374000E-11	9.374000E-11	2.387064E-12	2.387064E-12
-6.000000E-2	9.612000E-11	9.612000E-11	2.447670E-12	2.447670E-12
-5.000000E-2	9.808000E-11	9.808000E-11	2.497581E-12	2.497581E-12
-4.000000E-2	1.005200E-10	1.005200E-10	2.559715E-12	2.559715E-12
-3.000000E-2	1.031500E-10	1.031500E-10	2.626687E-12	2.626687E-12
-2.000000E-2	1.056600E-10	1.056600E-10	2.690603E-12	2.690603E-12
-1.000000E-2	1.079600E-10	1.079600E-10	2.749172E-12	2.749172E-12
0.000000E+0	1.106400E-10	1.106400E-10	2.817418E-12	2.817418E-12
1.000000E-2	1.130100E-10	1.130100E-10	2.877769E-12	2.877769E-12
2.000000E-2	1.156200E-10	1.156200E-10	2.944232E-12	2.944232E-12
3.000000E-2	1.180000E-10	1.180000E-10	3.004838E-12	3.004838E-12
4.000000E-2	1.205400E-10	1.205400E-10	3.069519E-12	3.069519E-12
5.000000E-2	1.230400E-10	1.230400E-10	3.133181E-12	3.133181E-12
6.000000E-2	1.251600E-10	1.251600E-10	3.187166E-12	3.187166E-12
7.000000E-2	1.278400E-10	1.278400E-10	3.255411E-12	3.255411E-12
8.000000E-2	1.303200E-10	1.303200E-10	3.318564E-12	3.318564E-12
9.000000E-2	1.331300E-10	1.331300E-10	3.390120E-12	3.390120E-12
1.000000E-1	1.357300E-10	1.357300E-10	3.456328E-12	3.456328E-12
1.100000E-1	1.385100E-10	1.385100E-10	3.527120E-12	3.527120E-12
1.200000E-1	1.412100E-10	1.412100E-10	3.595875E-12	3.595875E-12
1.300000E-1	1.440800E-10	1.440800E-10	3.668958E-12	3.668958E-12
1.400000E-1	1.468300E-10	1.468300E-10	3.738986E-12	3.738986E-12
1.500000E-1	1.496800E-10	1.496800E-10	3.811561E-12	3.811561E-12
1.600000E-1	1.524700E-10	1.524700E-10	3.882608E-12	3.882608E-12
1.700000E-1	1.552900E-10	1.552900E-10	3.954418E-12	3.954418E-12
1.800000E-1	1.582400E-10	1.582400E-10	4.029539E-12	4.029539E-12
1.900000E-1	1.607700E-10	1.607700E-10	4.093965E-12	4.093965E-12
2.000000E-1	1.638300E-10	1.638300E-10	4.171887E-12	4.171887E-12
2.100000E-1	1.667700E-10	1.667700E-10	4.246753E-12	4.246753E-12
2.200000E-1	1.698800E-10	1.698800E-10	4.325949E-12	4.325949E-12
2.300000E-1	1.729200E-10	1.729200E-10	4.403361E-12	4.403361E-12
2.400000E-1	1.759300E-10	1.759300E-10	4.480010E-12	4.480010E-12
2.500000E-1	1.792500E-10	1.792500E-10	4.564553E-12	4.564553E-12
2.600000E-1	1.828300E-10	1.828300E-10	4.655717E-12	4.655717E-12
2.700000E-1	1.862600E-10	1.862600E-10	4.743061E-12	4.743061E-12
2.800000E-1	1.895200E-10	1.895200E-10	4.826076E-12	4.826076E-12
2.900000E-1	1.929600E-10	1.929600E-10	4.913675E-12	4.913675E-12
3.000000E-1	1.963400E-10	1.963400E-10	4.999745E-12	4.999745E-12
3.100000E-1	1.998300E-10	1.998300E-10	5.088617E-12	5.088617E-12
3.200000E-1	2.032400E-10	2.032400E-10	5.175452E-12	5.175452E-12
3.300000E-1	2.068900E-10	2.068900E-10	5.268398E-12	5.268398E-12
3.400000E-1	2.105300E-10	2.105300E-10	5.361090E-12	5.361090E-12
3.500000E-1	2.144300E-10	2.144300E-10	5.460402E-12	5.460402E-12
3.600000E-1	2.180400E-10	2.180400E-10	5.552330E-12	5.552330E-12
3.700000E-1	2.219700E-10	2.219700E-10	5.652406E-12	5.652406E-12
3.800000E-1	2.260700E-10	2.260700E-10	5.756812E-12	5.756812E-12
3.900000E-1	2.299600E-10	2.299600E-10	5.855870E-12	5.855870E-12
4.000000E-1	2.341400E-10	2.341400E-10	5.962312E-12	5.962312E-12
4.100000E-1	2.383500E-10	2.383500E-10	6.069519E-12	6.069519E-12
4.200000E-1	2.426600E-10	2.426600E-10	6.179272E-12	6.179272E-12
4.300000E-1	2.468600E-10	2.468600E-10	6.286224E-12	6.286224E-12
4.400000E-1	2.512300E-10	2.512300E-10	6.397504E-12	6.397504E-12
4.500000E-1	2.554400E-10	2.554400E-10	6.504711E-12	6.504711E-12
4.600000E-1	2.602000E-10	2.602000E-10	6.625923E-12	6.625923E-12
4.700000E-1	2.647100E-10	2.647100E-10	6.740769E-12	6.740769E-12
4.800000E-1	2.694400E-10	2.694400E-10	6.861217E-12	6.861217E-12
4.900000E-1	2.741700E-10	2.741700E-10	6.981665E-12	6.981665E-12
5.000000E-1	2.788700E-10	2.788700E-10	7.101350E-12	7.101350E-12
