#
#
#13:38:02	05/02/21
#
#
#Ell Cont: 5,0x10,0
#
#SMU1	V name:		V1
#	I name:		I1
#	Mode:		V
#	Function:	VAR1
#SMU2	V name:		V2
#	I name:		I2
#	Mode:		common
#	Function:	const.
#SMU3	off
#SMU4	off
#VMUs	off
#
#Primary Source (VAR1):	single
#	Sweep Spacing:	linear
#	Start:		-0.500000
#	Stop:		0.500000
#	Step:		0.010000
#	Compliance:	0.050000
#Power Compliance OFF
#
#Timing:		Integration Time:	medium
#	Delay Time (sec):	0.000000
#	Hold Time (sec):	0.000000
#	Wait Time (sec):	1.000000
#
#Secondary Source (VAR2):	OFF
#
#
#   V1	   I1	Abs(I)	J (A\um²)	Abs(J)
-5.000000E-1	-1.329190E-9	1.329190E-9	-3.384747E-11	3.384747E-11
-4.900000E-1	-1.106920E-9	1.106920E-9	-2.818742E-11	2.818742E-11
-4.800000E-1	-9.236300E-10	9.236300E-10	-2.351999E-11	2.351999E-11
-4.700000E-1	-8.470400E-10	8.470400E-10	-2.156965E-11	2.156965E-11
-4.600000E-1	-7.460300E-10	7.460300E-10	-1.899745E-11	1.899745E-11
-4.500000E-1	-6.649200E-10	6.649200E-10	-1.693201E-11	1.693201E-11
-4.400000E-1	-6.530100E-10	6.530100E-10	-1.662872E-11	1.662872E-11
-4.300000E-1	-5.967800E-10	5.967800E-10	-1.519684E-11	1.519684E-11
-4.200000E-1	-5.548200E-10	5.548200E-10	-1.412834E-11	1.412834E-11
-4.100000E-1	-5.718700E-10	5.718700E-10	-1.456252E-11	1.456252E-11
-4.000000E-1	-5.548100E-10	5.548100E-10	-1.412809E-11	1.412809E-11
-3.900000E-1	-5.103100E-10	5.103100E-10	-1.299491E-11	1.299491E-11
-3.800000E-1	-4.397300E-10	4.397300E-10	-1.119761E-11	1.119761E-11
-3.700000E-1	-4.271800E-10	4.271800E-10	-1.087802E-11	1.087802E-11
-3.600000E-1	-4.105500E-10	4.105500E-10	-1.045455E-11	1.045455E-11
-3.500000E-1	-3.442800E-10	3.442800E-10	-8.766998E-12	8.766998E-12
-3.400000E-1	-3.257800E-10	3.257800E-10	-8.295900E-12	8.295900E-12
-3.300000E-1	-2.890000E-10	2.890000E-10	-7.359307E-12	7.359307E-12
-3.200000E-1	-2.705000E-10	2.705000E-10	-6.888210E-12	6.888210E-12
-3.100000E-1	-2.528400E-10	2.528400E-10	-6.438503E-12	6.438503E-12
-3.000000E-1	-2.440900E-10	2.440900E-10	-6.215686E-12	6.215686E-12
-2.900000E-1	-2.236300E-10	2.236300E-10	-5.694678E-12	5.694678E-12
-2.800000E-1	-1.946700E-10	1.946700E-10	-4.957219E-12	4.957219E-12
-2.700000E-1	-1.719600E-10	1.719600E-10	-4.378915E-12	4.378915E-12
-2.600000E-1	-1.509900E-10	1.509900E-10	-3.844920E-12	3.844920E-12
-2.500000E-1	-1.413500E-10	1.413500E-10	-3.599440E-12	3.599440E-12
-2.400000E-1	-1.626000E-10	1.626000E-10	-4.140565E-12	4.140565E-12
-2.300000E-1	-1.344700E-10	1.344700E-10	-3.424242E-12	3.424242E-12
-2.200000E-1	-1.188300E-10	1.188300E-10	-3.025974E-12	3.025974E-12
-2.100000E-1	-1.029200E-10	1.029200E-10	-2.620830E-12	2.620830E-12
-2.000000E-1	-7.571000E-11	7.571000E-11	-1.927935E-12	1.927935E-12
-1.900000E-1	-5.920000E-11	5.920000E-11	-1.507512E-12	1.507512E-12
-1.800000E-1	-5.662000E-11	5.662000E-11	-1.441813E-12	1.441813E-12
-1.700000E-1	-4.234000E-11	4.234000E-11	-1.078177E-12	1.078177E-12
-1.600000E-1	-2.567000E-11	2.567000E-11	-6.536796E-13	6.536796E-13
-1.500000E-1	-2.870000E-11	2.870000E-11	-7.308378E-13	7.308378E-13
-1.400000E-1	-1.950000E-11	1.950000E-11	-4.965623E-13	4.965623E-13
-1.300000E-1	-1.072000E-11	1.072000E-11	-2.729819E-13	2.729819E-13
-1.200000E-1	-2.240000E-12	2.240000E-12	-5.704100E-14	5.704100E-14
-1.100000E-1	1.028000E-11	1.028000E-11	2.617774E-13	2.617774E-13
-1.000000E-1	1.898000E-11	1.898000E-11	4.833206E-13	4.833206E-13
-9.000000E-2	2.915000E-11	2.915000E-11	7.422969E-13	7.422969E-13
-8.000000E-2	3.500000E-11	3.500000E-11	8.912656E-13	8.912656E-13
-7.000000E-2	4.067000E-11	4.067000E-11	1.035651E-12	1.035651E-12
-6.000000E-2	4.606000E-11	4.606000E-11	1.172906E-12	1.172906E-12
-5.000000E-2	5.454000E-11	5.454000E-11	1.388846E-12	1.388846E-12
-4.000000E-2	6.003000E-11	6.003000E-11	1.528648E-12	1.528648E-12
-3.000000E-2	6.599000E-11	6.599000E-11	1.680418E-12	1.680418E-12
-2.000000E-2	7.222000E-11	7.222000E-11	1.839063E-12	1.839063E-12
-1.000000E-2	7.845000E-11	7.845000E-11	1.997708E-12	1.997708E-12
0.000000E+0	8.444000E-11	8.444000E-11	2.150242E-12	2.150242E-12
1.000000E-2	8.993000E-11	8.993000E-11	2.290043E-12	2.290043E-12
2.000000E-2	9.612000E-11	9.612000E-11	2.447670E-12	2.447670E-12
3.000000E-2	1.022900E-10	1.022900E-10	2.604787E-12	2.604787E-12
4.000000E-2	1.105400E-10	1.105400E-10	2.814871E-12	2.814871E-12
5.000000E-2	1.160700E-10	1.160700E-10	2.955691E-12	2.955691E-12
6.000000E-2	1.222500E-10	1.222500E-10	3.113063E-12	3.113063E-12
7.000000E-2	1.348900E-10	1.348900E-10	3.434938E-12	3.434938E-12
8.000000E-2	1.329800E-10	1.329800E-10	3.386300E-12	3.386300E-12
9.000000E-2	1.365400E-10	1.365400E-10	3.476954E-12	3.476954E-12
1.000000E-1	1.453000E-10	1.453000E-10	3.700025E-12	3.700025E-12
1.100000E-1	1.537900E-10	1.537900E-10	3.916221E-12	3.916221E-12
1.200000E-1	1.685800E-10	1.685800E-10	4.292844E-12	4.292844E-12
1.300000E-1	1.680800E-10	1.680800E-10	4.280112E-12	4.280112E-12
1.400000E-1	1.741500E-10	1.741500E-10	4.434683E-12	4.434683E-12
1.500000E-1	1.816900E-10	1.816900E-10	4.626687E-12	4.626687E-12
1.600000E-1	1.965300E-10	1.965300E-10	5.004584E-12	5.004584E-12
1.700000E-1	2.117800E-10	2.117800E-10	5.392921E-12	5.392921E-12
1.800000E-1	2.137800E-10	2.137800E-10	5.443850E-12	5.443850E-12
1.900000E-1	2.256300E-10	2.256300E-10	5.745607E-12	5.745607E-12
2.000000E-1	2.236700E-10	2.236700E-10	5.695696E-12	5.695696E-12
2.100000E-1	2.468700E-10	2.468700E-10	6.286478E-12	6.286478E-12
2.200000E-1	2.514400E-10	2.514400E-10	6.402852E-12	6.402852E-12
2.300000E-1	2.816600E-10	2.816600E-10	7.172396E-12	7.172396E-12
2.400000E-1	2.925800E-10	2.925800E-10	7.450471E-12	7.450471E-12
2.500000E-1	3.035700E-10	3.035700E-10	7.730328E-12	7.730328E-12
2.600000E-1	3.183700E-10	3.183700E-10	8.107206E-12	8.107206E-12
2.700000E-1	3.339200E-10	3.339200E-10	8.503183E-12	8.503183E-12
2.800000E-1	3.430800E-10	3.430800E-10	8.736440E-12	8.736440E-12
2.900000E-1	3.506900E-10	3.506900E-10	8.930227E-12	8.930227E-12
3.000000E-1	3.776500E-10	3.776500E-10	9.616756E-12	9.616756E-12
3.100000E-1	3.953100E-10	3.953100E-10	1.006646E-11	1.006646E-11
3.200000E-1	4.008000E-10	4.008000E-10	1.020626E-11	1.020626E-11
3.300000E-1	4.165500E-10	4.165500E-10	1.060733E-11	1.060733E-11
3.400000E-1	4.449000E-10	4.449000E-10	1.132926E-11	1.132926E-11
3.500000E-1	4.676600E-10	4.676600E-10	1.190884E-11	1.190884E-11
3.600000E-1	4.712900E-10	4.712900E-10	1.200127E-11	1.200127E-11
3.700000E-1	4.956300E-10	4.956300E-10	1.262108E-11	1.262108E-11
3.800000E-1	5.152800E-10	5.152800E-10	1.312147E-11	1.312147E-11
3.900000E-1	5.382600E-10	5.382600E-10	1.370665E-11	1.370665E-11
4.000000E-1	5.711100E-10	5.711100E-10	1.454316E-11	1.454316E-11
4.100000E-1	6.001200E-10	6.001200E-10	1.528189E-11	1.528189E-11
4.200000E-1	6.127500E-10	6.127500E-10	1.560351E-11	1.560351E-11
4.300000E-1	6.264300E-10	6.264300E-10	1.595187E-11	1.595187E-11
4.400000E-1	6.548200E-10	6.548200E-10	1.667482E-11	1.667482E-11
4.500000E-1	7.397200E-10	7.397200E-10	1.883677E-11	1.883677E-11
4.600000E-1	7.615400E-10	7.615400E-10	1.939241E-11	1.939241E-11
4.700000E-1	7.520100E-10	7.520100E-10	1.914973E-11	1.914973E-11
4.800000E-1	8.042800E-10	8.042800E-10	2.048077E-11	2.048077E-11
4.900000E-1	8.538800E-10	8.538800E-10	2.174382E-11	2.174382E-11
5.000000E-1	9.213900E-10	9.213900E-10	2.346295E-11	2.346295E-11
