#
#
#13:34:00	05/02/21
#
#
#Ell Cont: 5,0x10,0
#
#SMU1	V name:		V1
#	I name:		I1
#	Mode:		V
#	Function:	VAR1
#SMU2	V name:		V2
#	I name:		I2
#	Mode:		common
#	Function:	const.
#SMU3	off
#SMU4	off
#VMUs	off
#
#Primary Source (VAR1):	single
#	Sweep Spacing:	linear
#	Start:		-0.500000
#	Stop:		0.500000
#	Step:		0.010000
#	Compliance:	0.050000
#Power Compliance OFF
#
#Timing:		Integration Time:	medium
#	Delay Time (sec):	0.000000
#	Hold Time (sec):	0.000000
#	Wait Time (sec):	1.000000
#
#Secondary Source (VAR2):	OFF
#
#
#   V1	   I1	Abs(I)	J (A\um²)	Abs(J)
-5.000000E-1	-1.680000E-12	1.680000E-12	-4.278075E-14	4.278075E-14
-4.900000E-1	-2.360000E-12	2.360000E-12	-6.009677E-14	6.009677E-14
-4.800000E-1	-1.950000E-12	1.950000E-12	-4.965623E-14	4.965623E-14
-4.700000E-1	-2.150000E-12	2.150000E-12	-5.474917E-14	5.474917E-14
-4.600000E-1	-1.810000E-12	1.810000E-12	-4.609116E-14	4.609116E-14
-4.500000E-1	-1.710000E-12	1.710000E-12	-4.354469E-14	4.354469E-14
-4.400000E-1	-1.630000E-12	1.630000E-12	-4.150751E-14	4.150751E-14
-4.300000E-1	-1.530000E-12	1.530000E-12	-3.896104E-14	3.896104E-14
-4.200000E-1	-1.880000E-12	1.880000E-12	-4.787369E-14	4.787369E-14
-4.100000E-1	-1.220000E-12	1.220000E-12	-3.106697E-14	3.106697E-14
-4.000000E-1	-2.130000E-12	2.130000E-12	-5.423988E-14	5.423988E-14
-3.900000E-1	-1.480000E-12	1.480000E-12	-3.768780E-14	3.768780E-14
-3.800000E-1	-1.910000E-12	1.910000E-12	-4.863764E-14	4.863764E-14
-3.700000E-1	-8.300000E-13	8.300000E-13	-2.113573E-14	2.113573E-14
-3.600000E-1	-1.190000E-12	1.190000E-12	-3.030303E-14	3.030303E-14
-3.500000E-1	-9.000000E-13	9.000000E-13	-2.291826E-14	2.291826E-14
-3.400000E-1	-9.200000E-13	9.200000E-13	-2.342755E-14	2.342755E-14
-3.300000E-1	-9.900000E-13	9.900000E-13	-2.521008E-14	2.521008E-14
-3.200000E-1	-8.000000E-13	8.000000E-13	-2.037178E-14	2.037178E-14
-3.100000E-1	-9.600000E-13	9.600000E-13	-2.444614E-14	2.444614E-14
-3.000000E-1	-6.600000E-13	6.600000E-13	-1.680672E-14	1.680672E-14
-2.900000E-1	-7.400000E-13	7.400000E-13	-1.884390E-14	1.884390E-14
-2.800000E-1	-4.300000E-13	4.300000E-13	-1.094983E-14	1.094983E-14
-2.700000E-1	-7.900000E-13	7.900000E-13	-2.011714E-14	2.011714E-14
-2.600000E-1	-1.200000E-13	1.200000E-13	-3.055768E-15	3.055768E-15
-2.500000E-1	-4.700000E-13	4.700000E-13	-1.196842E-14	1.196842E-14
-2.400000E-1	-9.000000E-14	9.000000E-14	-2.291826E-15	2.291826E-15
-2.300000E-1	-3.800000E-13	3.800000E-13	-9.676598E-15	9.676598E-15
-2.200000E-1	6.000000E-14	6.000000E-14	1.527884E-15	1.527884E-15
-2.100000E-1	-4.700000E-13	4.700000E-13	-1.196842E-14	1.196842E-14
-2.000000E-1	4.000000E-14	4.000000E-14	1.018589E-15	1.018589E-15
-1.900000E-1	-3.500000E-13	3.500000E-13	-8.912656E-15	8.912656E-15
-1.800000E-1	3.000000E-13	3.000000E-13	7.639419E-15	7.639419E-15
-1.700000E-1	-2.700000E-13	2.700000E-13	-6.875477E-15	6.875477E-15
-1.600000E-1	1.600000E-13	1.600000E-13	4.074357E-15	4.074357E-15
-1.500000E-1	-1.000000E-13	1.000000E-13	-2.546473E-15	2.546473E-15
-1.400000E-1	3.300000E-13	3.300000E-13	8.403361E-15	8.403361E-15
-1.300000E-1	-6.000000E-14	6.000000E-14	-1.527884E-15	1.527884E-15
-1.200000E-1	8.000000E-13	8.000000E-13	2.037178E-14	2.037178E-14
-1.100000E-1	-4.000000E-14	4.000000E-14	-1.018589E-15	1.018589E-15
-1.000000E-1	4.300000E-13	4.300000E-13	1.094983E-14	1.094983E-14
-9.000000E-2	-9.000000E-14	9.000000E-14	-2.291826E-15	2.291826E-15
-8.000000E-2	1.530000E-12	1.530000E-12	3.896104E-14	3.896104E-14
-7.000000E-2	-3.800000E-13	3.800000E-13	-9.676598E-15	9.676598E-15
-6.000000E-2	1.100000E-12	1.100000E-12	2.801120E-14	2.801120E-14
-5.000000E-2	-9.000000E-14	9.000000E-14	-2.291826E-15	2.291826E-15
-4.000000E-2	1.310000E-12	1.310000E-12	3.335880E-14	3.335880E-14
-3.000000E-2	-1.200000E-13	1.200000E-13	-3.055768E-15	3.055768E-15
-2.000000E-2	1.950000E-12	1.950000E-12	4.965623E-14	4.965623E-14
-1.000000E-2	-5.800000E-13	5.800000E-13	-1.476954E-14	1.476954E-14
0.000000E+0	1.230000E-12	1.230000E-12	3.132162E-14	3.132162E-14
1.000000E-2	2.300000E-13	2.300000E-13	5.856888E-15	5.856888E-15
2.000000E-2	1.100000E-12	1.100000E-12	2.801120E-14	2.801120E-14
3.000000E-2	2.000000E-13	2.000000E-13	5.092946E-15	5.092946E-15
4.000000E-2	1.180000E-12	1.180000E-12	3.004838E-14	3.004838E-14
5.000000E-2	2.000000E-13	2.000000E-13	5.092946E-15	5.092946E-15
6.000000E-2	1.830000E-12	1.830000E-12	4.660046E-14	4.660046E-14
7.000000E-2	2.900000E-13	2.900000E-13	7.384772E-15	7.384772E-15
8.000000E-2	1.830000E-12	1.830000E-12	4.660046E-14	4.660046E-14
9.000000E-2	5.100000E-13	5.100000E-13	1.298701E-14	1.298701E-14
1.000000E-1	1.800000E-12	1.800000E-12	4.583652E-14	4.583652E-14
1.100000E-1	7.700000E-13	7.700000E-13	1.960784E-14	1.960784E-14
1.200000E-1	1.850000E-12	1.850000E-12	4.710975E-14	4.710975E-14
1.300000E-1	6.400000E-13	6.400000E-13	1.629743E-14	1.629743E-14
1.400000E-1	2.450000E-12	2.450000E-12	6.238859E-14	6.238859E-14
1.500000E-1	7.200000E-13	7.200000E-13	1.833461E-14	1.833461E-14
1.600000E-1	2.070000E-12	2.070000E-12	5.271199E-14	5.271199E-14
1.700000E-1	9.600000E-13	9.600000E-13	2.444614E-14	2.444614E-14
1.800000E-1	2.010000E-12	2.010000E-12	5.118411E-14	5.118411E-14
1.900000E-1	1.220000E-12	1.220000E-12	3.106697E-14	3.106697E-14
2.000000E-1	2.410000E-12	2.410000E-12	6.137000E-14	6.137000E-14
2.100000E-1	1.000000E-12	1.000000E-12	2.546473E-14	2.546473E-14
2.200000E-1	2.360000E-12	2.360000E-12	6.009677E-14	6.009677E-14
2.300000E-1	1.280000E-12	1.280000E-12	3.259486E-14	3.259486E-14
2.400000E-1	2.490000E-12	2.490000E-12	6.340718E-14	6.340718E-14
2.500000E-1	1.530000E-12	1.530000E-12	3.896104E-14	3.896104E-14
2.600000E-1	2.420000E-12	2.420000E-12	6.162465E-14	6.162465E-14
2.700000E-1	1.570000E-12	1.570000E-12	3.997963E-14	3.997963E-14
2.800000E-1	2.440000E-12	2.440000E-12	6.213394E-14	6.213394E-14
2.900000E-1	1.860000E-12	1.860000E-12	4.736440E-14	4.736440E-14
3.000000E-1	2.760000E-12	2.760000E-12	7.028266E-14	7.028266E-14
3.100000E-1	1.300000E-12	1.300000E-12	3.310415E-14	3.310415E-14
3.200000E-1	2.140000E-12	2.140000E-12	5.449452E-14	5.449452E-14
3.300000E-1	1.780000E-12	1.780000E-12	4.532722E-14	4.532722E-14
3.400000E-1	2.550000E-12	2.550000E-12	6.493506E-14	6.493506E-14
3.500000E-1	2.040000E-12	2.040000E-12	5.194805E-14	5.194805E-14
3.600000E-1	2.440000E-12	2.440000E-12	6.213394E-14	6.213394E-14
3.700000E-1	2.200000E-12	2.200000E-12	5.602241E-14	5.602241E-14
3.800000E-1	2.200000E-12	2.200000E-12	5.602241E-14	5.602241E-14
3.900000E-1	2.470000E-12	2.470000E-12	6.289789E-14	6.289789E-14
4.000000E-1	2.030000E-12	2.030000E-12	5.169340E-14	5.169340E-14
4.100000E-1	2.800000E-12	2.800000E-12	7.130125E-14	7.130125E-14
4.200000E-1	2.070000E-12	2.070000E-12	5.271199E-14	5.271199E-14
4.300000E-1	3.200000E-12	3.200000E-12	8.148714E-14	8.148714E-14
4.400000E-1	3.120000E-12	3.120000E-12	7.944996E-14	7.944996E-14
4.500000E-1	3.210000E-12	3.210000E-12	8.174179E-14	8.174179E-14
4.600000E-1	3.220000E-12	3.220000E-12	8.199643E-14	8.199643E-14
4.700000E-1	2.930000E-12	2.930000E-12	7.461166E-14	7.461166E-14
4.800000E-1	3.040000E-12	3.040000E-12	7.741278E-14	7.741278E-14
4.900000E-1	3.010000E-12	3.010000E-12	7.664884E-14	7.664884E-14
5.000000E-1	3.250000E-12	3.250000E-12	8.276038E-14	8.276038E-14
