#
#
#14:14:09	05/02/21
#
#
#Ell Cont: 5,0x10,0
#
#SMU1	V name:		V1
#	I name:		I1
#	Mode:		V
#	Function:	VAR1
#SMU2	V name:		V2
#	I name:		I2
#	Mode:		common
#	Function:	const.
#SMU3	off
#SMU4	off
#VMUs	off
#
#Primary Source (VAR1):	single
#	Sweep Spacing:	linear
#	Start:		-0.500000
#	Stop:		0.500000
#	Step:		0.010000
#	Compliance:	0.050000
#Power Compliance OFF
#
#Timing:		Integration Time:	medium
#	Delay Time (sec):	0.000000
#	Hold Time (sec):	0.000000
#	Wait Time (sec):	1.000000
#
#Secondary Source (VAR2):	OFF
#
#
#   V1	   I1	Abs(I)	J (A\um²)	Abs(J)
-5.000000E-1	-1.337890E-8	1.337890E-8	-3.406901E-10	3.406901E-10
-4.900000E-1	-1.268110E-8	1.268110E-8	-3.229208E-10	3.229208E-10
-4.800000E-1	-1.202700E-8	1.202700E-8	-3.062643E-10	3.062643E-10
-4.700000E-1	-1.144900E-8	1.144900E-8	-2.915457E-10	2.915457E-10
-4.600000E-1	-1.100550E-8	1.100550E-8	-2.802521E-10	2.802521E-10
-4.500000E-1	-1.082340E-8	1.082340E-8	-2.756150E-10	2.756150E-10
-4.400000E-1	-1.049690E-8	1.049690E-8	-2.673007E-10	2.673007E-10
-4.300000E-1	-1.018400E-8	1.018400E-8	-2.593328E-10	2.593328E-10
-4.200000E-1	-9.580000E-9	9.580000E-9	-2.439521E-10	2.439521E-10
-4.100000E-1	-9.358220E-9	9.358220E-9	-2.383046E-10	2.383046E-10
-4.000000E-1	-9.072680E-9	9.072680E-9	-2.310334E-10	2.310334E-10
-3.900000E-1	-8.738530E-9	8.738530E-9	-2.225243E-10	2.225243E-10
-3.800000E-1	-8.499890E-9	8.499890E-9	-2.164474E-10	2.164474E-10
-3.700000E-1	-8.149620E-9	8.149620E-9	-2.075279E-10	2.075279E-10
-3.600000E-1	-7.640040E-9	7.640040E-9	-1.945516E-10	1.945516E-10
-3.500000E-1	-9.124100E-9	9.124100E-9	-2.323428E-10	2.323428E-10
-3.400000E-1	-9.282380E-9	9.282380E-9	-2.363733E-10	2.363733E-10
-3.300000E-1	-8.924520E-9	8.924520E-9	-2.272605E-10	2.272605E-10
-3.200000E-1	-7.854880E-9	7.854880E-9	-2.000224E-10	2.000224E-10
-3.100000E-1	-7.965020E-9	7.965020E-9	-2.028271E-10	2.028271E-10
-3.000000E-1	-7.201510E-9	7.201510E-9	-1.833845E-10	1.833845E-10
-2.900000E-1	-6.902320E-9	6.902320E-9	-1.757657E-10	1.757657E-10
-2.800000E-1	-7.509700E-9	7.509700E-9	-1.912325E-10	1.912325E-10
-2.700000E-1	-6.972530E-9	6.972530E-9	-1.775536E-10	1.775536E-10
-2.600000E-1	-6.904720E-9	6.904720E-9	-1.758268E-10	1.758268E-10
-2.500000E-1	-6.194850E-9	6.194850E-9	-1.577502E-10	1.577502E-10
-2.400000E-1	-5.912850E-9	5.912850E-9	-1.505691E-10	1.505691E-10
-2.300000E-1	-5.228520E-9	5.228520E-9	-1.331429E-10	1.331429E-10
-2.200000E-1	-4.975020E-9	4.975020E-9	-1.266875E-10	1.266875E-10
-2.100000E-1	-5.108360E-9	5.108360E-9	-1.300830E-10	1.300830E-10
-2.000000E-1	-4.728670E-9	4.728670E-9	-1.204143E-10	1.204143E-10
-1.900000E-1	-4.546150E-9	4.546150E-9	-1.157665E-10	1.157665E-10
-1.800000E-1	-4.270150E-9	4.270150E-9	-1.087382E-10	1.087382E-10
-1.700000E-1	-4.212770E-9	4.212770E-9	-1.072771E-10	1.072771E-10
-1.600000E-1	-3.849160E-9	3.849160E-9	-9.801782E-11	9.801782E-11
-1.500000E-1	-3.561780E-9	3.561780E-9	-9.069977E-11	9.069977E-11
-1.400000E-1	-3.320920E-9	3.320920E-9	-8.456633E-11	8.456633E-11
-1.300000E-1	-2.966630E-9	2.966630E-9	-7.554444E-11	7.554444E-11
-1.200000E-1	-2.698110E-9	2.698110E-9	-6.870665E-11	6.870665E-11
-1.100000E-1	-2.427210E-9	2.427210E-9	-6.180825E-11	6.180825E-11
-1.000000E-1	-2.147460E-9	2.147460E-9	-5.468449E-11	5.468449E-11
-9.000000E-2	-1.902460E-9	1.902460E-9	-4.844563E-11	4.844563E-11
-8.000000E-2	-1.645960E-9	1.645960E-9	-4.191393E-11	4.191393E-11
-7.000000E-2	-1.421920E-9	1.421920E-9	-3.620881E-11	3.620881E-11
-6.000000E-2	-1.160390E-9	1.160390E-9	-2.954902E-11	2.954902E-11
-5.000000E-2	-9.476000E-10	9.476000E-10	-2.413038E-11	2.413038E-11
-4.000000E-2	-7.569600E-10	7.569600E-10	-1.927578E-11	1.927578E-11
-3.000000E-2	-5.508100E-10	5.508100E-10	-1.402623E-11	1.402623E-11
-2.000000E-2	-3.599100E-10	3.599100E-10	-9.165011E-12	9.165011E-12
-1.000000E-2	-1.567200E-10	1.567200E-10	-3.990833E-12	3.990833E-12
0.000000E+0	4.852000E-11	4.852000E-11	1.235549E-12	1.235549E-12
1.000000E-2	2.485100E-10	2.485100E-10	6.328240E-12	6.328240E-12
2.000000E-2	4.547400E-10	4.547400E-10	1.157983E-11	1.157983E-11
3.000000E-2	6.570800E-10	6.570800E-10	1.673237E-11	1.673237E-11
4.000000E-2	9.083000E-10	9.083000E-10	2.312962E-11	2.312962E-11
5.000000E-2	1.167880E-9	1.167880E-9	2.973975E-11	2.973975E-11
6.000000E-2	1.407820E-9	1.407820E-9	3.584976E-11	3.584976E-11
7.000000E-2	1.651880E-9	1.651880E-9	4.206468E-11	4.206468E-11
8.000000E-2	1.896950E-9	1.896950E-9	4.830532E-11	4.830532E-11
9.000000E-2	2.165890E-9	2.165890E-9	5.515381E-11	5.515381E-11
1.000000E-1	2.420880E-9	2.420880E-9	6.164706E-11	6.164706E-11
1.100000E-1	2.579140E-9	2.579140E-9	6.567711E-11	6.567711E-11
1.200000E-1	2.969050E-9	2.969050E-9	7.560606E-11	7.560606E-11
1.300000E-1	3.145890E-9	3.145890E-9	8.010924E-11	8.010924E-11
1.400000E-1	3.461330E-9	3.461330E-9	8.814184E-11	8.814184E-11
1.500000E-1	3.746090E-9	3.746090E-9	9.539317E-11	9.539317E-11
1.600000E-1	4.051150E-9	4.051150E-9	1.031614E-10	1.031614E-10
1.700000E-1	4.381510E-9	4.381510E-9	1.115740E-10	1.115740E-10
1.800000E-1	4.658810E-9	4.658810E-9	1.186353E-10	1.186353E-10
1.900000E-1	5.097520E-9	5.097520E-9	1.298070E-10	1.298070E-10
2.000000E-1	5.484380E-9	5.484380E-9	1.396583E-10	1.396583E-10
2.100000E-1	5.755770E-9	5.755770E-9	1.465691E-10	1.465691E-10
2.200000E-1	6.202770E-9	6.202770E-9	1.579519E-10	1.579519E-10
2.300000E-1	6.532630E-9	6.532630E-9	1.663517E-10	1.663517E-10
2.400000E-1	6.821780E-9	6.821780E-9	1.737148E-10	1.737148E-10
2.500000E-1	7.137550E-9	7.137550E-9	1.817558E-10	1.817558E-10
2.600000E-1	7.512830E-9	7.512830E-9	1.913122E-10	1.913122E-10
2.700000E-1	8.003380E-9	8.003380E-9	2.038039E-10	2.038039E-10
2.800000E-1	8.289060E-9	8.289060E-9	2.110787E-10	2.110787E-10
2.900000E-1	8.588020E-9	8.588020E-9	2.186916E-10	2.186916E-10
3.000000E-1	9.141130E-9	9.141130E-9	2.327764E-10	2.327764E-10
3.100000E-1	9.822800E-9	9.822800E-9	2.501350E-10	2.501350E-10
3.200000E-1	1.050610E-8	1.050610E-8	2.675350E-10	2.675350E-10
3.300000E-1	1.042920E-8	1.042920E-8	2.655768E-10	2.655768E-10
3.400000E-1	1.068690E-8	1.068690E-8	2.721390E-10	2.721390E-10
3.500000E-1	1.113730E-8	1.113730E-8	2.836083E-10	2.836083E-10
3.600000E-1	1.207040E-8	1.207040E-8	3.073695E-10	3.073695E-10
3.700000E-1	1.192770E-8	1.192770E-8	3.037357E-10	3.037357E-10
3.800000E-1	1.245230E-8	1.245230E-8	3.170945E-10	3.170945E-10
3.900000E-1	1.224670E-8	1.224670E-8	3.118589E-10	3.118589E-10
4.000000E-1	1.286330E-8	1.286330E-8	3.275605E-10	3.275605E-10
4.100000E-1	1.284200E-8	1.284200E-8	3.270181E-10	3.270181E-10
4.200000E-1	1.140240E-8	1.140240E-8	2.903590E-10	2.903590E-10
4.300000E-1	1.137350E-8	1.137350E-8	2.896231E-10	2.896231E-10
4.400000E-1	1.177390E-8	1.177390E-8	2.998192E-10	2.998192E-10
4.500000E-1	1.234140E-8	1.234140E-8	3.142704E-10	3.142704E-10
4.600000E-1	1.794730E-8	1.794730E-8	4.570232E-10	4.570232E-10
4.700000E-1	1.982870E-8	1.982870E-8	5.049325E-10	5.049325E-10
4.800000E-1	1.991860E-8	1.991860E-8	5.072218E-10	5.072218E-10
4.900000E-1	1.837510E-8	1.837510E-8	4.679170E-10	4.679170E-10
5.000000E-1	1.832580E-8	1.832580E-8	4.666616E-10	4.666616E-10
