

14:22:49	04/03/21


Ell Cont: 5,0x10,0

SMU1	V name:		V1
	I name:		I1
	Mode:		V
	Function:	VAR1
SMU2	V name:		V2
	I name:		I2
	Mode:		common
	Function:	const.
SMU3	off
SMU4	off
VMUs	off

Primary Source (VAR1):	single
	Sweep Spacing:	linear
	Start:		-0.500000
	Stop:		0.500000
	Step:		0.010000
	Compliance:	0.050000
Power Compliance OFF

Timing:		Integration Time:	medium
	Delay Time (sec):	0.000000
	Hold Time (sec):	0.000000
	Wait Time (sec):	1.000000

Secondary Source (VAR2):	OFF


   V1	   I1	Abs(I)	J (A\um²)	Abs(J)
-5.000000E-1	-1.991140E-3	1.991140E-3	-5.070384E-5	5.070384E-5
-4.900000E-1	-1.938910E-3	1.938910E-3	-4.937382E-5	4.937382E-5
-4.800000E-1	-1.889450E-3	1.889450E-3	-4.811434E-5	4.811434E-5
-4.700000E-1	-1.839680E-3	1.839680E-3	-4.684696E-5	4.684696E-5
-4.600000E-1	-1.791340E-3	1.791340E-3	-4.561599E-5	4.561599E-5
-4.500000E-1	-1.749500E-3	1.749500E-3	-4.455055E-5	4.455055E-5
-4.400000E-1	-1.707340E-3	1.707340E-3	-4.347695E-5	4.347695E-5
-4.300000E-1	-1.661400E-3	1.661400E-3	-4.230710E-5	4.230710E-5
-4.200000E-1	-1.619010E-3	1.619010E-3	-4.122765E-5	4.122765E-5
-4.100000E-1	-1.575720E-3	1.575720E-3	-4.012529E-5	4.012529E-5
-4.000000E-1	-1.533570E-3	1.533570E-3	-3.905195E-5	3.905195E-5
-3.900000E-1	-1.490310E-3	1.490310E-3	-3.795034E-5	3.795034E-5
-3.800000E-1	-1.453190E-3	1.453190E-3	-3.700509E-5	3.700509E-5
-3.700000E-1	-1.409230E-3	1.409230E-3	-3.588566E-5	3.588566E-5
-3.600000E-1	-1.368860E-3	1.368860E-3	-3.485765E-5	3.485765E-5
-3.500000E-1	-1.328720E-3	1.328720E-3	-3.383550E-5	3.383550E-5
-3.400000E-1	-1.287770E-3	1.287770E-3	-3.279272E-5	3.279272E-5
-3.300000E-1	-1.245640E-3	1.245640E-3	-3.171989E-5	3.171989E-5
-3.200000E-1	-1.206550E-3	1.206550E-3	-3.072447E-5	3.072447E-5
-3.100000E-1	-1.167520E-3	1.167520E-3	-2.973058E-5	2.973058E-5
-3.000000E-1	-1.127820E-3	1.127820E-3	-2.871963E-5	2.871963E-5
-2.900000E-1	-1.086800E-3	1.086800E-3	-2.767507E-5	2.767507E-5
-2.800000E-1	-1.045890E-3	1.045890E-3	-2.663331E-5	2.663331E-5
-2.700000E-1	-1.004620E-3	1.004620E-3	-2.558238E-5	2.558238E-5
-2.600000E-1	-9.657810E-4	9.657810E-4	-2.459335E-5	2.459335E-5
-2.500000E-1	-9.279380E-4	9.279380E-4	-2.362969E-5	2.362969E-5
-2.400000E-1	-8.881190E-4	8.881190E-4	-2.261571E-5	2.261571E-5
-2.300000E-1	-8.497630E-4	8.497630E-4	-2.163899E-5	2.163899E-5
-2.200000E-1	-8.105180E-4	8.105180E-4	-2.063962E-5	2.063962E-5
-2.100000E-1	-7.720370E-4	7.720370E-4	-1.965971E-5	1.965971E-5
-2.000000E-1	-7.333640E-4	7.333640E-4	-1.867492E-5	1.867492E-5
-1.900000E-1	-6.963380E-4	6.963380E-4	-1.773206E-5	1.773206E-5
-1.800000E-1	-6.584960E-4	6.584960E-4	-1.676842E-5	1.676842E-5
-1.700000E-1	-6.208220E-4	6.208220E-4	-1.580907E-5	1.580907E-5
-1.600000E-1	-5.827640E-4	5.827640E-4	-1.483993E-5	1.483993E-5
-1.500000E-1	-5.449240E-4	5.449240E-4	-1.387634E-5	1.387634E-5
-1.400000E-1	-5.083910E-4	5.083910E-4	-1.294604E-5	1.294604E-5
-1.300000E-1	-4.715650E-4	4.715650E-4	-1.200828E-5	1.200828E-5
-1.200000E-1	-4.349990E-4	4.349990E-4	-1.107713E-5	1.107713E-5
-1.100000E-1	-3.982170E-4	3.982170E-4	-1.014049E-5	1.014049E-5
-1.000000E-1	-3.616650E-4	3.616650E-4	-9.209702E-6	9.209702E-6
-9.000000E-2	-3.249230E-4	3.249230E-4	-8.274077E-6	8.274077E-6
-8.000000E-2	-2.886460E-4	2.886460E-4	-7.350293E-6	7.350293E-6
-7.000000E-2	-2.523360E-4	2.523360E-4	-6.425668E-6	6.425668E-6
-6.000000E-2	-2.164430E-4	2.164430E-4	-5.511663E-6	5.511663E-6
-5.000000E-2	-1.801150E-4	1.801150E-4	-4.586580E-6	4.586580E-6
-4.000000E-2	-1.443360E-4	1.443360E-4	-3.675477E-6	3.675477E-6
-3.000000E-2	-1.081370E-4	1.081370E-4	-2.753680E-6	2.753680E-6
-2.000000E-2	-7.215750E-5	7.215750E-5	-1.837471E-6	1.837471E-6
-1.000000E-2	-3.632740E-5	3.632740E-5	-9.250675E-7	9.250675E-7
0.000000E+0	5.938100E-8	5.938100E-8	1.512121E-9	1.512121E-9
1.000000E-2	3.548440E-5	3.548440E-5	9.036007E-7	9.036007E-7
2.000000E-2	7.157670E-5	7.157670E-5	1.822681E-6	1.822681E-6
3.000000E-2	1.074642E-4	1.074642E-4	2.736547E-6	2.736547E-6
4.000000E-2	1.436120E-4	1.436120E-4	3.657041E-6	3.657041E-6
5.000000E-2	1.795210E-4	1.795210E-4	4.571454E-6	4.571454E-6
6.000000E-2	2.158540E-4	2.158540E-4	5.496664E-6	5.496664E-6
7.000000E-2	2.520410E-4	2.520410E-4	6.418156E-6	6.418156E-6
8.000000E-2	2.878330E-4	2.878330E-4	7.329590E-6	7.329590E-6
9.000000E-2	3.242990E-4	3.242990E-4	8.258187E-6	8.258187E-6
1.000000E-1	3.600060E-4	3.600060E-4	9.167456E-6	9.167456E-6
1.100000E-1	3.966800E-4	3.966800E-4	1.010135E-5	1.010135E-5
1.200000E-1	4.340350E-4	4.340350E-4	1.105258E-5	1.105258E-5
1.300000E-1	4.707480E-4	4.707480E-4	1.198747E-5	1.198747E-5
1.400000E-1	5.072020E-4	5.072020E-4	1.291576E-5	1.291576E-5
1.500000E-1	5.445530E-4	5.445530E-4	1.386690E-5	1.386690E-5
1.600000E-1	5.820640E-4	5.820640E-4	1.482210E-5	1.482210E-5
1.700000E-1	6.188460E-4	6.188460E-4	1.575875E-5	1.575875E-5
1.800000E-1	6.565300E-4	6.565300E-4	1.671836E-5	1.671836E-5
1.900000E-1	6.945820E-4	6.945820E-4	1.768734E-5	1.768734E-5
2.000000E-1	7.332310E-4	7.332310E-4	1.867153E-5	1.867153E-5
2.100000E-1	7.707870E-4	7.707870E-4	1.962788E-5	1.962788E-5
2.200000E-1	8.088390E-4	8.088390E-4	2.059687E-5	2.059687E-5
2.300000E-1	8.466120E-4	8.466120E-4	2.155875E-5	2.155875E-5
2.400000E-1	8.843630E-4	8.843630E-4	2.252007E-5	2.252007E-5
2.500000E-1	9.237110E-4	9.237110E-4	2.352205E-5	2.352205E-5
2.600000E-1	9.624490E-4	9.624490E-4	2.450850E-5	2.450850E-5
2.700000E-1	1.002978E-3	1.002978E-3	2.554057E-5	2.554057E-5
2.800000E-1	1.040842E-3	1.040842E-3	2.650476E-5	2.650476E-5
2.900000E-1	1.082584E-3	1.082584E-3	2.756771E-5	2.756771E-5
3.000000E-1	1.121481E-3	1.121481E-3	2.855821E-5	2.855821E-5
3.100000E-1	1.160760E-3	1.160760E-3	2.955844E-5	2.955844E-5
3.200000E-1	1.201730E-3	1.201730E-3	3.060173E-5	3.060173E-5
3.300000E-1	1.242550E-3	1.242550E-3	3.164120E-5	3.164120E-5
3.400000E-1	1.284110E-3	1.284110E-3	3.269952E-5	3.269952E-5
3.500000E-1	1.326530E-3	1.326530E-3	3.377973E-5	3.377973E-5
3.600000E-1	1.369060E-3	1.369060E-3	3.486274E-5	3.486274E-5
3.700000E-1	1.407870E-3	1.407870E-3	3.585103E-5	3.585103E-5
3.800000E-1	1.449660E-3	1.449660E-3	3.691520E-5	3.691520E-5
3.900000E-1	1.490540E-3	1.490540E-3	3.795620E-5	3.795620E-5
4.000000E-1	1.536730E-3	1.536730E-3	3.913242E-5	3.913242E-5
4.100000E-1	1.578520E-3	1.578520E-3	4.019659E-5	4.019659E-5
4.200000E-1	1.627970E-3	1.627970E-3	4.145582E-5	4.145582E-5
4.300000E-1	1.663710E-3	1.663710E-3	4.236593E-5	4.236593E-5
4.400000E-1	1.704890E-3	1.704890E-3	4.341457E-5	4.341457E-5
4.500000E-1	1.753130E-3	1.753130E-3	4.464298E-5	4.464298E-5
4.600000E-1	1.798770E-3	1.798770E-3	4.580519E-5	4.580519E-5
4.700000E-1	1.843760E-3	1.843760E-3	4.695085E-5	4.695085E-5
4.800000E-1	1.885890E-3	1.885890E-3	4.802368E-5	4.802368E-5
4.900000E-1	1.928800E-3	1.928800E-3	4.911637E-5	4.911637E-5
5.000000E-1	1.970420E-3	1.970420E-3	5.017622E-5	5.017622E-5
