

14:52:31	04/03/21


Ell Cont: 5,0x10,0

SMU1	V name:		V1
	I name:		I1
	Mode:		V
	Function:	VAR1
SMU2	V name:		V2
	I name:		I2
	Mode:		common
	Function:	const.
SMU3	off
SMU4	off
VMUs	off

Primary Source (VAR1):	single
	Sweep Spacing:	linear
	Start:		-0.500000
	Stop:		0.500000
	Step:		0.010000
	Compliance:	0.050000
Power Compliance OFF

Timing:		Integration Time:	medium
	Delay Time (sec):	0.000000
	Hold Time (sec):	0.000000
	Wait Time (sec):	1.000000

Secondary Source (VAR2):	OFF


   V1	   I1	Abs(I)	J (A\um²)	Abs(J)
-5.000000E-1	-5.200480E-4	5.200480E-4	-1.324288E-5	1.324288E-5
-4.900000E-1	-5.078610E-4	5.078610E-4	-1.293254E-5	1.293254E-5
-4.800000E-1	-4.975900E-4	4.975900E-4	-1.267100E-5	1.267100E-5
-4.700000E-1	-4.864040E-4	4.864040E-4	-1.238615E-5	1.238615E-5
-4.600000E-1	-4.761470E-4	4.761470E-4	-1.212496E-5	1.212496E-5
-4.500000E-1	-4.650780E-4	4.650780E-4	-1.184309E-5	1.184309E-5
-4.400000E-1	-4.568060E-4	4.568060E-4	-1.163244E-5	1.163244E-5
-4.300000E-1	-4.459910E-4	4.459910E-4	-1.135704E-5	1.135704E-5
-4.200000E-1	-4.354480E-4	4.354480E-4	-1.108857E-5	1.108857E-5
-4.100000E-1	-4.250170E-4	4.250170E-4	-1.082294E-5	1.082294E-5
-4.000000E-1	-4.143440E-4	4.143440E-4	-1.055116E-5	1.055116E-5
-3.900000E-1	-4.041910E-4	4.041910E-4	-1.029262E-5	1.029262E-5
-3.800000E-1	-3.939280E-4	3.939280E-4	-1.003127E-5	1.003127E-5
-3.700000E-1	-3.824880E-4	3.824880E-4	-9.739954E-6	9.739954E-6
-3.600000E-1	-3.715530E-4	3.715530E-4	-9.461497E-6	9.461497E-6
-3.500000E-1	-3.612010E-4	3.612010E-4	-9.197886E-6	9.197886E-6
-3.400000E-1	-3.502300E-4	3.502300E-4	-8.918513E-6	8.918513E-6
-3.300000E-1	-3.395450E-4	3.395450E-4	-8.646422E-6	8.646422E-6
-3.200000E-1	-3.288390E-4	3.288390E-4	-8.373797E-6	8.373797E-6
-3.100000E-1	-3.182240E-4	3.182240E-4	-8.103489E-6	8.103489E-6
-3.000000E-1	-3.069170E-4	3.069170E-4	-7.815559E-6	7.815559E-6
-2.900000E-1	-2.965930E-4	2.965930E-4	-7.552661E-6	7.552661E-6
-2.800000E-1	-2.861350E-4	2.861350E-4	-7.286351E-6	7.286351E-6
-2.700000E-1	-2.756620E-4	2.756620E-4	-7.019659E-6	7.019659E-6
-2.600000E-1	-2.653230E-4	2.653230E-4	-6.756379E-6	6.756379E-6
-2.500000E-1	-2.548730E-4	2.548730E-4	-6.490272E-6	6.490272E-6
-2.400000E-1	-2.445560E-4	2.445560E-4	-6.227553E-6	6.227553E-6
-2.300000E-1	-2.340050E-4	2.340050E-4	-5.958874E-6	5.958874E-6
-2.200000E-1	-2.235340E-4	2.235340E-4	-5.692233E-6	5.692233E-6
-2.100000E-1	-2.133360E-4	2.133360E-4	-5.432544E-6	5.432544E-6
-2.000000E-1	-2.028770E-4	2.028770E-4	-5.166208E-6	5.166208E-6
-1.900000E-1	-1.925310E-4	1.925310E-4	-4.902750E-6	4.902750E-6
-1.800000E-1	-1.823540E-4	1.823540E-4	-4.643596E-6	4.643596E-6
-1.700000E-1	-1.721410E-4	1.721410E-4	-4.383524E-6	4.383524E-6
-1.600000E-1	-1.617700E-4	1.617700E-4	-4.119430E-6	4.119430E-6
-1.500000E-1	-1.515240E-4	1.515240E-4	-3.858518E-6	3.858518E-6
-1.400000E-1	-1.414170E-4	1.414170E-4	-3.601146E-6	3.601146E-6
-1.300000E-1	-1.311860E-4	1.311860E-4	-3.340616E-6	3.340616E-6
-1.200000E-1	-1.211370E-4	1.211370E-4	-3.084721E-6	3.084721E-6
-1.100000E-1	-1.109500E-4	1.109500E-4	-2.825312E-6	2.825312E-6
-1.000000E-1	-1.008860E-4	1.008860E-4	-2.569035E-6	2.569035E-6
-9.000000E-2	-9.080580E-5	9.080580E-5	-2.312345E-6	2.312345E-6
-8.000000E-2	-8.069020E-5	8.069020E-5	-2.054754E-6	2.054754E-6
-7.000000E-2	-7.056500E-5	7.056500E-5	-1.796919E-6	1.796919E-6
-6.000000E-2	-6.050090E-5	6.050090E-5	-1.540639E-6	1.540639E-6
-5.000000E-2	-5.038350E-5	5.038350E-5	-1.283002E-6	1.283002E-6
-4.000000E-2	-4.032510E-5	4.032510E-5	-1.026868E-6	1.026868E-6
-3.000000E-2	-3.029570E-5	3.029570E-5	-7.714719E-7	7.714719E-7
-2.000000E-2	-2.019950E-5	2.019950E-5	-5.143748E-7	5.143748E-7
-1.000000E-2	-1.017090E-5	1.017090E-5	-2.589992E-7	2.589992E-7
0.000000E+0	-7.058550E-8	7.058550E-8	-1.797441E-9	1.797441E-9
1.000000E-2	1.000360E-5	1.000360E-5	2.547390E-7	2.547390E-7
2.000000E-2	2.018830E-5	2.018830E-5	5.140896E-7	5.140896E-7
3.000000E-2	3.029570E-5	3.029570E-5	7.714719E-7	7.714719E-7
4.000000E-2	4.052180E-5	4.052180E-5	1.031877E-6	1.031877E-6
5.000000E-2	5.076590E-5	5.076590E-5	1.292740E-6	1.292740E-6
6.000000E-2	6.088750E-5	6.088750E-5	1.550484E-6	1.550484E-6
7.000000E-2	7.120420E-5	7.120420E-5	1.813196E-6	1.813196E-6
8.000000E-2	8.152210E-5	8.152210E-5	2.075938E-6	2.075938E-6
9.000000E-2	9.164440E-5	9.164440E-5	2.333700E-6	2.333700E-6
1.000000E-1	1.018406E-4	1.018406E-4	2.593343E-6	2.593343E-6
1.100000E-1	1.122176E-4	1.122176E-4	2.857591E-6	2.857591E-6
1.200000E-1	1.224060E-4	1.224060E-4	3.117036E-6	3.117036E-6
1.300000E-1	1.330260E-4	1.330260E-4	3.387471E-6	3.387471E-6
1.400000E-1	1.438810E-4	1.438810E-4	3.663891E-6	3.663891E-6
1.500000E-1	1.547530E-4	1.547530E-4	3.940744E-6	3.940744E-6
1.600000E-1	1.651080E-4	1.651080E-4	4.204431E-6	4.204431E-6
1.700000E-1	1.756490E-4	1.756490E-4	4.472855E-6	4.472855E-6
1.800000E-1	1.861380E-4	1.861380E-4	4.739954E-6	4.739954E-6
1.900000E-1	1.967390E-4	1.967390E-4	5.009906E-6	5.009906E-6
2.000000E-1	2.073400E-4	2.073400E-4	5.279857E-6	5.279857E-6
2.100000E-1	2.178780E-4	2.178780E-4	5.548205E-6	5.548205E-6
2.200000E-1	2.288640E-4	2.288640E-4	5.827960E-6	5.827960E-6
2.300000E-1	2.391080E-4	2.391080E-4	6.088821E-6	6.088821E-6
2.400000E-1	2.500220E-4	2.500220E-4	6.366743E-6	6.366743E-6
2.500000E-1	2.609340E-4	2.609340E-4	6.644614E-6	6.644614E-6
2.600000E-1	2.720410E-4	2.720410E-4	6.927451E-6	6.927451E-6
2.700000E-1	2.827520E-4	2.827520E-4	7.200204E-6	7.200204E-6
2.800000E-1	2.934060E-4	2.934060E-4	7.471505E-6	7.471505E-6
2.900000E-1	3.043910E-4	3.043910E-4	7.751235E-6	7.751235E-6
3.000000E-1	3.151760E-4	3.151760E-4	8.025872E-6	8.025872E-6
3.100000E-1	3.261040E-4	3.261040E-4	8.304151E-6	8.304151E-6
3.200000E-1	3.371380E-4	3.371380E-4	8.585128E-6	8.585128E-6
3.300000E-1	3.488210E-4	3.488210E-4	8.882633E-6	8.882633E-6
3.400000E-1	3.604640E-4	3.604640E-4	9.179119E-6	9.179119E-6
3.500000E-1	3.715030E-4	3.715030E-4	9.460224E-6	9.460224E-6
3.600000E-1	3.827770E-4	3.827770E-4	9.747313E-6	9.747313E-6
3.700000E-1	3.933580E-4	3.933580E-4	1.001676E-5	1.001676E-5
3.800000E-1	4.048180E-4	4.048180E-4	1.030858E-5	1.030858E-5
3.900000E-1	4.172060E-4	4.172060E-4	1.062404E-5	1.062404E-5
4.000000E-1	4.307280E-4	4.307280E-4	1.096837E-5	1.096837E-5
4.100000E-1	4.428440E-4	4.428440E-4	1.127690E-5	1.127690E-5
4.200000E-1	4.540160E-4	4.540160E-4	1.156140E-5	1.156140E-5
4.300000E-1	4.654590E-4	4.654590E-4	1.185279E-5	1.185279E-5
4.400000E-1	4.798130E-4	4.798130E-4	1.221831E-5	1.221831E-5
4.500000E-1	4.928750E-4	4.928750E-4	1.255093E-5	1.255093E-5
4.600000E-1	5.044410E-4	5.044410E-4	1.284545E-5	1.284545E-5
4.700000E-1	5.164430E-4	5.164430E-4	1.315108E-5	1.315108E-5
4.800000E-1	5.281900E-4	5.281900E-4	1.345022E-5	1.345022E-5
4.900000E-1	5.397110E-4	5.397110E-4	1.374360E-5	1.374360E-5
5.000000E-1	5.526010E-4	5.526010E-4	1.407184E-5	1.407184E-5
