

14:23:25	04/03/21


Ell Cont: 5,0x10,0

SMU1	V name:		V1
	I name:		I1
	Mode:		V
	Function:	VAR1
SMU2	V name:		V2
	I name:		I2
	Mode:		common
	Function:	const.
SMU3	off
SMU4	off
VMUs	off

Primary Source (VAR1):	single
	Sweep Spacing:	linear
	Start:		-0.500000
	Stop:		0.500000
	Step:		0.010000
	Compliance:	0.050000
Power Compliance OFF

Timing:		Integration Time:	medium
	Delay Time (sec):	0.000000
	Hold Time (sec):	0.000000
	Wait Time (sec):	1.000000

Secondary Source (VAR2):	OFF


   V1	   I1	Abs(I)	J (A\um²)	Abs(J)
-5.000000E-1	-1.877150E-3	1.877150E-3	-4.780112E-5	4.780112E-5
-4.900000E-1	-1.830430E-3	1.830430E-3	-4.661141E-5	4.661141E-5
-4.800000E-1	-1.805810E-3	1.805810E-3	-4.598447E-5	4.598447E-5
-4.700000E-1	-1.761550E-3	1.761550E-3	-4.485740E-5	4.485740E-5
-4.600000E-1	-1.718440E-3	1.718440E-3	-4.375961E-5	4.375961E-5
-4.500000E-1	-1.680390E-3	1.680390E-3	-4.279068E-5	4.279068E-5
-4.400000E-1	-1.637080E-3	1.637080E-3	-4.168780E-5	4.168780E-5
-4.300000E-1	-1.604050E-3	1.604050E-3	-4.084670E-5	4.084670E-5
-4.200000E-1	-1.563360E-3	1.563360E-3	-3.981054E-5	3.981054E-5
-4.100000E-1	-1.526220E-3	1.526220E-3	-3.886478E-5	3.886478E-5
-4.000000E-1	-1.486110E-3	1.486110E-3	-3.784339E-5	3.784339E-5
-3.900000E-1	-1.441250E-3	1.441250E-3	-3.670104E-5	3.670104E-5
-3.800000E-1	-1.404050E-3	1.404050E-3	-3.575376E-5	3.575376E-5
-3.700000E-1	-1.365100E-3	1.365100E-3	-3.476190E-5	3.476190E-5
-3.600000E-1	-1.326240E-3	1.326240E-3	-3.377234E-5	3.377234E-5
-3.500000E-1	-1.289390E-3	1.289390E-3	-3.283397E-5	3.283397E-5
-3.400000E-1	-1.248720E-3	1.248720E-3	-3.179832E-5	3.179832E-5
-3.300000E-1	-1.210770E-3	1.210770E-3	-3.083193E-5	3.083193E-5
-3.200000E-1	-1.172070E-3	1.172070E-3	-2.984645E-5	2.984645E-5
-3.100000E-1	-1.134530E-3	1.134530E-3	-2.889050E-5	2.889050E-5
-3.000000E-1	-1.096040E-3	1.096040E-3	-2.791036E-5	2.791036E-5
-2.900000E-1	-1.058120E-3	1.058120E-3	-2.694474E-5	2.694474E-5
-2.800000E-1	-1.019280E-3	1.019280E-3	-2.595569E-5	2.595569E-5
-2.700000E-1	-9.811370E-4	9.811370E-4	-2.498439E-5	2.498439E-5
-2.600000E-1	-9.434130E-4	9.434130E-4	-2.402376E-5	2.402376E-5
-2.500000E-1	-9.051670E-4	9.051670E-4	-2.304983E-5	2.304983E-5
-2.400000E-1	-8.692950E-4	8.692950E-4	-2.213636E-5	2.213636E-5
-2.300000E-1	-8.315890E-4	8.315890E-4	-2.117619E-5	2.117619E-5
-2.200000E-1	-7.939260E-4	7.939260E-4	-2.021711E-5	2.021711E-5
-2.100000E-1	-7.577900E-4	7.577900E-4	-1.929692E-5	1.929692E-5
-2.000000E-1	-7.210480E-4	7.210480E-4	-1.836129E-5	1.836129E-5
-1.900000E-1	-6.843440E-4	6.843440E-4	-1.742664E-5	1.742664E-5
-1.800000E-1	-6.479720E-4	6.479720E-4	-1.650043E-5	1.650043E-5
-1.700000E-1	-6.111630E-4	6.111630E-4	-1.556310E-5	1.556310E-5
-1.600000E-1	-5.745780E-4	5.745780E-4	-1.463147E-5	1.463147E-5
-1.500000E-1	-5.390950E-4	5.390950E-4	-1.372791E-5	1.372791E-5
-1.400000E-1	-5.026630E-4	5.026630E-4	-1.280018E-5	1.280018E-5
-1.300000E-1	-4.664430E-4	4.664430E-4	-1.187785E-5	1.187785E-5
-1.200000E-1	-4.308100E-4	4.308100E-4	-1.097046E-5	1.097046E-5
-1.100000E-1	-3.942400E-4	3.942400E-4	-1.003922E-5	1.003922E-5
-1.000000E-1	-3.583010E-4	3.583010E-4	-9.124039E-6	9.124039E-6
-9.000000E-2	-3.222520E-4	3.222520E-4	-8.206061E-6	8.206061E-6
-8.000000E-2	-2.864980E-4	2.864980E-4	-7.295595E-6	7.295595E-6
-7.000000E-2	-2.503630E-4	2.503630E-4	-6.375426E-6	6.375426E-6
-6.000000E-2	-2.146770E-4	2.146770E-4	-5.466692E-6	5.466692E-6
-5.000000E-2	-1.787490E-4	1.787490E-4	-4.551795E-6	4.551795E-6
-4.000000E-2	-1.430580E-4	1.430580E-4	-3.642933E-6	3.642933E-6
-3.000000E-2	-1.072480E-4	1.072480E-4	-2.731041E-6	2.731041E-6
-2.000000E-2	-7.145510E-5	7.145510E-5	-1.819585E-6	1.819585E-6
-1.000000E-2	-3.604560E-5	3.604560E-5	-9.178915E-7	9.178915E-7
0.000000E+0	-1.165844E-7	1.165844E-7	-2.968790E-9	2.968790E-9
1.000000E-2	3.522310E-5	3.522310E-5	8.969468E-7	8.969468E-7
2.000000E-2	7.101720E-5	7.101720E-5	1.808434E-6	1.808434E-6
3.000000E-2	1.063816E-4	1.063816E-4	2.708979E-6	2.708979E-6
4.000000E-2	1.421990E-4	1.421990E-4	3.621059E-6	3.621059E-6
5.000000E-2	1.781010E-4	1.781010E-4	4.535294E-6	4.535294E-6
6.000000E-2	2.136430E-4	2.136430E-4	5.440362E-6	5.440362E-6
7.000000E-2	2.494470E-4	2.494470E-4	6.352101E-6	6.352101E-6
8.000000E-2	2.854400E-4	2.854400E-4	7.268653E-6	7.268653E-6
9.000000E-2	3.211540E-4	3.211540E-4	8.178100E-6	8.178100E-6
1.000000E-1	3.570090E-4	3.570090E-4	9.091138E-6	9.091138E-6
1.100000E-1	3.928580E-4	3.928580E-4	1.000402E-5	1.000402E-5
1.200000E-1	4.289740E-4	4.289740E-4	1.092371E-5	1.092371E-5
1.300000E-1	4.650340E-4	4.650340E-4	1.184197E-5	1.184197E-5
1.400000E-1	5.008960E-4	5.008960E-4	1.275518E-5	1.275518E-5
1.500000E-1	5.367800E-4	5.367800E-4	1.366896E-5	1.366896E-5
1.600000E-1	5.738020E-4	5.738020E-4	1.461171E-5	1.461171E-5
1.700000E-1	6.101440E-4	6.101440E-4	1.553715E-5	1.553715E-5
1.800000E-1	6.468830E-4	6.468830E-4	1.647270E-5	1.647270E-5
1.900000E-1	6.833370E-4	6.833370E-4	1.740099E-5	1.740099E-5
2.000000E-1	7.198770E-4	7.198770E-4	1.833147E-5	1.833147E-5
2.100000E-1	7.564090E-4	7.564090E-4	1.926175E-5	1.926175E-5
2.200000E-1	7.938680E-4	7.938680E-4	2.021564E-5	2.021564E-5
2.300000E-1	8.306210E-4	8.306210E-4	2.115154E-5	2.115154E-5
2.400000E-1	8.683440E-4	8.683440E-4	2.211215E-5	2.211215E-5
2.500000E-1	9.049780E-4	9.049780E-4	2.304502E-5	2.304502E-5
2.600000E-1	9.419940E-4	9.419940E-4	2.398762E-5	2.398762E-5
2.700000E-1	9.807640E-4	9.807640E-4	2.497489E-5	2.497489E-5
2.800000E-1	1.017525E-3	1.017525E-3	2.591100E-5	2.591100E-5
2.900000E-1	1.055023E-3	1.055023E-3	2.686588E-5	2.686588E-5
3.000000E-1	1.092549E-3	1.092549E-3	2.782147E-5	2.782147E-5
3.100000E-1	1.132671E-3	1.132671E-3	2.884316E-5	2.884316E-5
3.200000E-1	1.169960E-3	1.169960E-3	2.979272E-5	2.979272E-5
3.300000E-1	1.209130E-3	1.209130E-3	3.079017E-5	3.079017E-5
3.400000E-1	1.247620E-3	1.247620E-3	3.177031E-5	3.177031E-5
3.500000E-1	1.285400E-3	1.285400E-3	3.273237E-5	3.273237E-5
3.600000E-1	1.324590E-3	1.324590E-3	3.373033E-5	3.373033E-5
3.700000E-1	1.362850E-3	1.362850E-3	3.470461E-5	3.470461E-5
3.800000E-1	1.400240E-3	1.400240E-3	3.565674E-5	3.565674E-5
3.900000E-1	1.438050E-3	1.438050E-3	3.661956E-5	3.661956E-5
4.000000E-1	1.473310E-3	1.473310E-3	3.751744E-5	3.751744E-5
4.100000E-1	1.512600E-3	1.512600E-3	3.851795E-5	3.851795E-5
4.200000E-1	1.553980E-3	1.553980E-3	3.957168E-5	3.957168E-5
4.300000E-1	1.594030E-3	1.594030E-3	4.059155E-5	4.059155E-5
4.400000E-1	1.632300E-3	1.632300E-3	4.156608E-5	4.156608E-5
4.500000E-1	1.672330E-3	1.672330E-3	4.258543E-5	4.258543E-5
4.600000E-1	1.716670E-3	1.716670E-3	4.371454E-5	4.371454E-5
4.700000E-1	1.754360E-3	1.754360E-3	4.467431E-5	4.467431E-5
4.800000E-1	1.783630E-3	1.783630E-3	4.541966E-5	4.541966E-5
4.900000E-1	1.838000E-3	1.838000E-3	4.680418E-5	4.680418E-5
5.000000E-1	1.892050E-3	1.892050E-3	4.818054E-5	4.818054E-5
