

14:26:18	04/03/21


Ell Cont: 5,0x10,0

SMU1	V name:		V1
	I name:		I1
	Mode:		V
	Function:	VAR1
SMU2	V name:		V2
	I name:		I2
	Mode:		common
	Function:	const.
SMU3	off
SMU4	off
VMUs	off

Primary Source (VAR1):	single
	Sweep Spacing:	linear
	Start:		-0.500000
	Stop:		0.500000
	Step:		0.010000
	Compliance:	0.050000
Power Compliance OFF

Timing:		Integration Time:	medium
	Delay Time (sec):	0.000000
	Hold Time (sec):	0.000000
	Wait Time (sec):	1.000000

Secondary Source (VAR2):	OFF


   V1	   I1	Abs(I)	J (A\um²)	Abs(J)
-5.000000E-1	-1.415690E-3	1.415690E-3	-3.605017E-5	3.605017E-5
-4.900000E-1	-1.363850E-3	1.363850E-3	-3.473007E-5	3.473007E-5
-4.800000E-1	-1.323490E-3	1.323490E-3	-3.370232E-5	3.370232E-5
-4.700000E-1	-1.290750E-3	1.290750E-3	-3.286860E-5	3.286860E-5
-4.600000E-1	-1.257190E-3	1.257190E-3	-3.201401E-5	3.201401E-5
-4.500000E-1	-1.228320E-3	1.228320E-3	-3.127884E-5	3.127884E-5
-4.400000E-1	-1.194720E-3	1.194720E-3	-3.042322E-5	3.042322E-5
-4.300000E-1	-1.163060E-3	1.163060E-3	-2.961701E-5	2.961701E-5
-4.200000E-1	-1.135220E-3	1.135220E-3	-2.890807E-5	2.890807E-5
-4.100000E-1	-1.104730E-3	1.104730E-3	-2.813165E-5	2.813165E-5
-4.000000E-1	-1.073840E-3	1.073840E-3	-2.734505E-5	2.734505E-5
-3.900000E-1	-1.046870E-3	1.046870E-3	-2.665826E-5	2.665826E-5
-3.800000E-1	-1.016910E-3	1.016910E-3	-2.589534E-5	2.589534E-5
-3.700000E-1	-9.886760E-4	9.886760E-4	-2.517637E-5	2.517637E-5
-3.600000E-1	-9.590390E-4	9.590390E-4	-2.442167E-5	2.442167E-5
-3.500000E-1	-9.302310E-4	9.302310E-4	-2.368808E-5	2.368808E-5
-3.400000E-1	-9.003800E-4	9.003800E-4	-2.292793E-5	2.292793E-5
-3.300000E-1	-8.710020E-4	8.710020E-4	-2.217983E-5	2.217983E-5
-3.200000E-1	-8.418000E-4	8.418000E-4	-2.143621E-5	2.143621E-5
-3.100000E-1	-8.162120E-4	8.162120E-4	-2.078462E-5	2.078462E-5
-3.000000E-1	-7.884620E-4	7.884620E-4	-2.007797E-5	2.007797E-5
-2.900000E-1	-7.597740E-4	7.597740E-4	-1.934744E-5	1.934744E-5
-2.800000E-1	-7.310260E-4	7.310260E-4	-1.861538E-5	1.861538E-5
-2.700000E-1	-7.050660E-4	7.050660E-4	-1.795432E-5	1.795432E-5
-2.600000E-1	-6.767200E-4	6.767200E-4	-1.723249E-5	1.723249E-5
-2.500000E-1	-6.505810E-4	6.505810E-4	-1.656687E-5	1.656687E-5
-2.400000E-1	-6.233220E-4	6.233220E-4	-1.587273E-5	1.587273E-5
-2.300000E-1	-5.961640E-4	5.961640E-4	-1.518116E-5	1.518116E-5
-2.200000E-1	-5.681330E-4	5.681330E-4	-1.446735E-5	1.446735E-5
-2.100000E-1	-5.413260E-4	5.413260E-4	-1.378472E-5	1.378472E-5
-2.000000E-1	-5.142110E-4	5.142110E-4	-1.309424E-5	1.309424E-5
-1.900000E-1	-4.879130E-4	4.879130E-4	-1.242457E-5	1.242457E-5
-1.800000E-1	-4.614330E-4	4.614330E-4	-1.175027E-5	1.175027E-5
-1.700000E-1	-4.346330E-4	4.346330E-4	-1.106781E-5	1.106781E-5
-1.600000E-1	-4.080730E-4	4.080730E-4	-1.039147E-5	1.039147E-5
-1.500000E-1	-3.817380E-4	3.817380E-4	-9.720856E-6	9.720856E-6
-1.400000E-1	-3.558160E-4	3.558160E-4	-9.060759E-6	9.060759E-6
-1.300000E-1	-3.306300E-4	3.306300E-4	-8.419404E-6	8.419404E-6
-1.200000E-1	-3.048640E-4	3.048640E-4	-7.763280E-6	7.763280E-6
-1.100000E-1	-2.782630E-4	2.782630E-4	-7.085892E-6	7.085892E-6
-1.000000E-1	-2.532440E-4	2.532440E-4	-6.448790E-6	6.448790E-6
-9.000000E-2	-2.276830E-4	2.276830E-4	-5.797886E-6	5.797886E-6
-8.000000E-2	-2.021480E-4	2.021480E-4	-5.147644E-6	5.147644E-6
-7.000000E-2	-1.767460E-4	1.767460E-4	-4.500789E-6	4.500789E-6
-6.000000E-2	-1.514020E-4	1.514020E-4	-3.855411E-6	3.855411E-6
-5.000000E-2	-1.260340E-4	1.260340E-4	-3.209422E-6	3.209422E-6
-4.000000E-2	-1.009180E-4	1.009180E-4	-2.569850E-6	2.569850E-6
-3.000000E-2	-7.569020E-5	7.569020E-5	-1.927431E-6	1.927431E-6
-2.000000E-2	-5.042940E-5	5.042940E-5	-1.284171E-6	1.284171E-6
-1.000000E-2	-2.539850E-5	2.539850E-5	-6.467660E-7	6.467660E-7
0.000000E+0	-1.586570E-7	1.586570E-7	-4.040158E-9	4.040158E-9
1.000000E-2	2.481910E-5	2.481910E-5	6.320117E-7	6.320117E-7
2.000000E-2	5.006260E-5	5.006260E-5	1.274831E-6	1.274831E-6
3.000000E-2	7.508220E-5	7.508220E-5	1.911948E-6	1.911948E-6
4.000000E-2	1.003430E-4	1.003430E-4	2.555208E-6	2.555208E-6
5.000000E-2	1.256040E-4	1.256040E-4	3.198472E-6	3.198472E-6
6.000000E-2	1.507030E-4	1.507030E-4	3.837611E-6	3.837611E-6
7.000000E-2	1.759820E-4	1.759820E-4	4.481334E-6	4.481334E-6
8.000000E-2	2.010810E-4	2.010810E-4	5.120474E-6	5.120474E-6
9.000000E-2	2.266230E-4	2.266230E-4	5.770894E-6	5.770894E-6
1.000000E-1	2.519130E-4	2.519130E-4	6.414897E-6	6.414897E-6
1.100000E-1	2.778900E-4	2.778900E-4	7.076394E-6	7.076394E-6
1.200000E-1	3.032190E-4	3.032190E-4	7.721390E-6	7.721390E-6
1.300000E-1	3.288880E-4	3.288880E-4	8.375044E-6	8.375044E-6
1.400000E-1	3.548470E-4	3.548470E-4	9.036083E-6	9.036083E-6
1.500000E-1	3.801100E-4	3.801100E-4	9.679399E-6	9.679399E-6
1.600000E-1	4.058030E-4	4.058030E-4	1.033366E-5	1.033366E-5
1.700000E-1	4.315730E-4	4.315730E-4	1.098989E-5	1.098989E-5
1.800000E-1	4.581450E-4	4.581450E-4	1.166654E-5	1.166654E-5
1.900000E-1	4.840310E-4	4.840310E-4	1.232572E-5	1.232572E-5
2.000000E-1	5.123330E-4	5.123330E-4	1.304642E-5	1.304642E-5
2.100000E-1	5.395750E-4	5.395750E-4	1.374013E-5	1.374013E-5
2.200000E-1	5.660770E-4	5.660770E-4	1.441500E-5	1.441500E-5
2.300000E-1	5.929210E-4	5.929210E-4	1.509857E-5	1.509857E-5
2.400000E-1	6.208760E-4	6.208760E-4	1.581044E-5	1.581044E-5
2.500000E-1	6.475540E-4	6.475540E-4	1.648979E-5	1.648979E-5
2.600000E-1	6.755710E-4	6.755710E-4	1.720323E-5	1.720323E-5
2.700000E-1	7.048780E-4	7.048780E-4	1.794953E-5	1.794953E-5
2.800000E-1	7.323760E-4	7.323760E-4	1.864976E-5	1.864976E-5
2.900000E-1	7.613570E-4	7.613570E-4	1.938775E-5	1.938775E-5
3.000000E-1	7.903080E-4	7.903080E-4	2.012498E-5	2.012498E-5
3.100000E-1	8.182680E-4	8.182680E-4	2.083697E-5	2.083697E-5
3.200000E-1	8.488590E-4	8.488590E-4	2.161597E-5	2.161597E-5
3.300000E-1	8.772680E-4	8.772680E-4	2.233939E-5	2.233939E-5
3.400000E-1	9.071100E-4	9.071100E-4	2.309931E-5	2.309931E-5
3.500000E-1	9.358070E-4	9.358070E-4	2.383007E-5	2.383007E-5
3.600000E-1	9.646570E-4	9.646570E-4	2.456473E-5	2.456473E-5
3.700000E-1	9.957180E-4	9.957180E-4	2.535569E-5	2.535569E-5
3.800000E-1	1.025200E-3	1.025200E-3	2.610644E-5	2.610644E-5
3.900000E-1	1.059156E-3	1.059156E-3	2.697112E-5	2.697112E-5
4.000000E-1	1.089972E-3	1.089972E-3	2.775584E-5	2.775584E-5
4.100000E-1	1.122385E-3	1.122385E-3	2.858123E-5	2.858123E-5
4.200000E-1	1.156870E-3	1.156870E-3	2.945938E-5	2.945938E-5
4.300000E-1	1.187610E-3	1.187610E-3	3.024217E-5	3.024217E-5
4.400000E-1	1.211350E-3	1.211350E-3	3.084670E-5	3.084670E-5
4.500000E-1	1.243820E-3	1.243820E-3	3.167354E-5	3.167354E-5
4.600000E-1	1.276640E-3	1.276640E-3	3.250929E-5	3.250929E-5
4.700000E-1	1.305580E-3	1.305580E-3	3.324624E-5	3.324624E-5
4.800000E-1	1.343070E-3	1.343070E-3	3.420092E-5	3.420092E-5
4.900000E-1	1.370750E-3	1.370750E-3	3.490578E-5	3.490578E-5
5.000000E-1	1.406080E-3	1.406080E-3	3.580545E-5	3.580545E-5
