

14:44:12	04/03/21


Ell Cont: 5,0x10,0

SMU1	V name:		V1
	I name:		I1
	Mode:		V
	Function:	VAR1
SMU2	V name:		V2
	I name:		I2
	Mode:		common
	Function:	const.
SMU3	off
SMU4	off
VMUs	off

Primary Source (VAR1):	single
	Sweep Spacing:	linear
	Start:		-0.500000
	Stop:		0.500000
	Step:		0.010000
	Compliance:	0.050000
Power Compliance OFF

Timing:		Integration Time:	medium
	Delay Time (sec):	0.000000
	Hold Time (sec):	0.000000
	Wait Time (sec):	1.000000

Secondary Source (VAR2):	OFF


   V1	   I1	Abs(I)	J (A\um²)	Abs(J)
-5.000000E-1	-1.047630E-3	1.047630E-3	-2.667762E-5	2.667762E-5
-4.900000E-1	-1.012330E-3	1.012330E-3	-2.577871E-5	2.577871E-5
-4.800000E-1	-9.885950E-4	9.885950E-4	-2.517431E-5	2.517431E-5
-4.700000E-1	-9.648920E-4	9.648920E-4	-2.457072E-5	2.457072E-5
-4.600000E-1	-9.437940E-4	9.437940E-4	-2.403346E-5	2.403346E-5
-4.500000E-1	-9.186010E-4	9.186010E-4	-2.339193E-5	2.339193E-5
-4.400000E-1	-8.965700E-4	8.965700E-4	-2.283091E-5	2.283091E-5
-4.300000E-1	-8.743970E-4	8.743970E-4	-2.226628E-5	2.226628E-5
-4.200000E-1	-8.545150E-4	8.545150E-4	-2.175999E-5	2.175999E-5
-4.100000E-1	-8.330560E-4	8.330560E-4	-2.121355E-5	2.121355E-5
-4.000000E-1	-8.104400E-4	8.104400E-4	-2.063764E-5	2.063764E-5
-3.900000E-1	-7.924160E-4	7.924160E-4	-2.017866E-5	2.017866E-5
-3.800000E-1	-7.674530E-4	7.674530E-4	-1.954298E-5	1.954298E-5
-3.700000E-1	-7.501000E-4	7.501000E-4	-1.910109E-5	1.910109E-5
-3.600000E-1	-7.269960E-4	7.269960E-4	-1.851276E-5	1.851276E-5
-3.500000E-1	-7.082390E-4	7.082390E-4	-1.803512E-5	1.803512E-5
-3.400000E-1	-6.885810E-4	6.885810E-4	-1.753453E-5	1.753453E-5
-3.300000E-1	-6.674770E-4	6.674770E-4	-1.699712E-5	1.699712E-5
-3.200000E-1	-6.456650E-4	6.456650E-4	-1.644169E-5	1.644169E-5
-3.100000E-1	-6.240090E-4	6.240090E-4	-1.589022E-5	1.589022E-5
-3.000000E-1	-6.003360E-4	6.003360E-4	-1.528739E-5	1.528739E-5
-2.900000E-1	-5.795400E-4	5.795400E-4	-1.475783E-5	1.475783E-5
-2.800000E-1	-5.567990E-4	5.567990E-4	-1.417874E-5	1.417874E-5
-2.700000E-1	-5.371170E-4	5.371170E-4	-1.367754E-5	1.367754E-5
-2.600000E-1	-5.159150E-4	5.159150E-4	-1.313764E-5	1.313764E-5
-2.500000E-1	-4.963910E-4	4.963910E-4	-1.264046E-5	1.264046E-5
-2.400000E-1	-4.755650E-4	4.755650E-4	-1.211013E-5	1.211013E-5
-2.300000E-1	-4.537110E-4	4.537110E-4	-1.155363E-5	1.155363E-5
-2.200000E-1	-4.343180E-4	4.343180E-4	-1.105979E-5	1.105979E-5
-2.100000E-1	-4.137010E-4	4.137010E-4	-1.053478E-5	1.053478E-5
-2.000000E-1	-3.943240E-4	3.943240E-4	-1.004135E-5	1.004135E-5
-1.900000E-1	-3.752520E-4	3.752520E-4	-9.555691E-6	9.555691E-6
-1.800000E-1	-3.559490E-4	3.559490E-4	-9.064146E-6	9.064146E-6
-1.700000E-1	-3.359430E-4	3.359430E-4	-8.554698E-6	8.554698E-6
-1.600000E-1	-3.158980E-4	3.158980E-4	-8.044258E-6	8.044258E-6
-1.500000E-1	-2.957730E-4	2.957730E-4	-7.531780E-6	7.531780E-6
-1.400000E-1	-2.762230E-4	2.762230E-4	-7.033944E-6	7.033944E-6
-1.300000E-1	-2.557780E-4	2.557780E-4	-6.513318E-6	6.513318E-6
-1.200000E-1	-2.355470E-4	2.355470E-4	-5.998141E-6	5.998141E-6
-1.100000E-1	-2.150310E-4	2.150310E-4	-5.475707E-6	5.475707E-6
-1.000000E-1	-1.961690E-4	1.961690E-4	-4.995391E-6	4.995391E-6
-9.000000E-2	-1.760510E-4	1.760510E-4	-4.483091E-6	4.483091E-6
-8.000000E-2	-1.567490E-4	1.567490E-4	-3.991571E-6	3.991571E-6
-7.000000E-2	-1.368600E-4	1.368600E-4	-3.485103E-6	3.485103E-6
-6.000000E-2	-1.174250E-4	1.174250E-4	-2.990196E-6	2.990196E-6
-5.000000E-2	-9.783040E-5	9.783040E-5	-2.491225E-6	2.491225E-6
-4.000000E-2	-7.836220E-5	7.836220E-5	-1.995472E-6	1.995472E-6
-3.000000E-2	-5.896010E-5	5.896010E-5	-1.501403E-6	1.501403E-6
-2.000000E-2	-3.931000E-5	3.931000E-5	-1.001019E-6	1.001019E-6
-1.000000E-2	-1.970790E-5	1.970790E-5	-5.018564E-7	5.018564E-7
0.000000E+0	-1.133929E-7	1.133929E-7	-2.887520E-9	2.887520E-9
1.000000E-2	1.944240E-5	1.944240E-5	4.950955E-7	4.950955E-7
2.000000E-2	3.912370E-5	3.912370E-5	9.962745E-7	9.962745E-7
3.000000E-2	5.858640E-5	5.858640E-5	1.491887E-6	1.491887E-6
4.000000E-2	7.837450E-5	7.837450E-5	1.995786E-6	1.995786E-6
5.000000E-2	9.805630E-5	9.805630E-5	2.496977E-6	2.496977E-6
6.000000E-2	1.178450E-4	1.178450E-4	3.000891E-6	3.000891E-6
7.000000E-2	1.377490E-4	1.377490E-4	3.507741E-6	3.507741E-6
8.000000E-2	1.574170E-4	1.574170E-4	4.008582E-6	4.008582E-6
9.000000E-2	1.777310E-4	1.777310E-4	4.525872E-6	4.525872E-6
1.000000E-1	1.977780E-4	1.977780E-4	5.036364E-6	5.036364E-6
1.100000E-1	2.181230E-4	2.181230E-4	5.554444E-6	5.554444E-6
1.200000E-1	2.377450E-4	2.377450E-4	6.054112E-6	6.054112E-6
1.300000E-1	2.575820E-4	2.575820E-4	6.559256E-6	6.559256E-6
1.400000E-1	2.773230E-4	2.773230E-4	7.061956E-6	7.061956E-6
1.500000E-1	2.953320E-4	2.953320E-4	7.520550E-6	7.520550E-6
1.600000E-1	3.162240E-4	3.162240E-4	8.052559E-6	8.052559E-6
1.700000E-1	3.360450E-4	3.360450E-4	8.557296E-6	8.557296E-6
1.800000E-1	3.563840E-4	3.563840E-4	9.075223E-6	9.075223E-6
1.900000E-1	3.755060E-4	3.755060E-4	9.562159E-6	9.562159E-6
2.000000E-1	3.973720E-4	3.973720E-4	1.011897E-5	1.011897E-5
2.100000E-1	4.179390E-4	4.179390E-4	1.064270E-5	1.064270E-5
2.200000E-1	4.391780E-4	4.391780E-4	1.118355E-5	1.118355E-5
2.300000E-1	4.604820E-4	4.604820E-4	1.172605E-5	1.172605E-5
2.400000E-1	4.816480E-4	4.816480E-4	1.226504E-5	1.226504E-5
2.500000E-1	5.015210E-4	5.015210E-4	1.277110E-5	1.277110E-5
2.600000E-1	5.212850E-4	5.212850E-4	1.327438E-5	1.327438E-5
2.700000E-1	5.434960E-4	5.434960E-4	1.383998E-5	1.383998E-5
2.800000E-1	5.655250E-4	5.655250E-4	1.440094E-5	1.440094E-5
2.900000E-1	5.888180E-4	5.888180E-4	1.499409E-5	1.499409E-5
3.000000E-1	6.094860E-4	6.094860E-4	1.552040E-5	1.552040E-5
3.100000E-1	6.315580E-4	6.315580E-4	1.608245E-5	1.608245E-5
3.200000E-1	6.538500E-4	6.538500E-4	1.665011E-5	1.665011E-5
3.300000E-1	6.751220E-4	6.751220E-4	1.719180E-5	1.719180E-5
3.400000E-1	7.060210E-4	7.060210E-4	1.797863E-5	1.797863E-5
3.500000E-1	7.427450E-4	7.427450E-4	1.891380E-5	1.891380E-5
3.600000E-1	7.671030E-4	7.671030E-4	1.953407E-5	1.953407E-5
3.700000E-1	8.063240E-4	8.063240E-4	2.053282E-5	2.053282E-5
3.800000E-1	8.429200E-4	8.429200E-4	2.146473E-5	2.146473E-5
3.900000E-1	8.851530E-4	8.851530E-4	2.254018E-5	2.254018E-5
4.000000E-1	9.382720E-4	9.382720E-4	2.389284E-5	2.389284E-5
4.100000E-1	9.761000E-4	9.761000E-4	2.485612E-5	2.485612E-5
4.200000E-1	1.062732E-3	1.062732E-3	2.706218E-5	2.706218E-5
4.300000E-1	1.107348E-3	1.107348E-3	2.819832E-5	2.819832E-5
4.400000E-1	1.136998E-3	1.136998E-3	2.895335E-5	2.895335E-5
4.500000E-1	1.178080E-3	1.178080E-3	2.999949E-5	2.999949E-5
4.600000E-1	1.224590E-3	1.224590E-3	3.118385E-5	3.118385E-5
4.700000E-1	1.281800E-3	1.281800E-3	3.264069E-5	3.264069E-5
4.800000E-1	1.322010E-3	1.322010E-3	3.366463E-5	3.366463E-5
4.900000E-1	1.357190E-3	1.357190E-3	3.456048E-5	3.456048E-5
5.000000E-1	1.389360E-3	1.389360E-3	3.537968E-5	3.537968E-5
