

14:39:44	04/03/21


Ell Cont: 5,0x10,0

SMU1	V name:		V1
	I name:		I1
	Mode:		V
	Function:	VAR1
SMU2	V name:		V2
	I name:		I2
	Mode:		common
	Function:	const.
SMU3	off
SMU4	off
VMUs	off

Primary Source (VAR1):	single
	Sweep Spacing:	linear
	Start:		-0.500000
	Stop:		0.500000
	Step:		0.010000
	Compliance:	0.050000
Power Compliance OFF

Timing:		Integration Time:	medium
	Delay Time (sec):	0.000000
	Hold Time (sec):	0.000000
	Wait Time (sec):	1.000000

Secondary Source (VAR2):	OFF


   V1	   I1	Abs(I)	J (A\um²)	Abs(J)
-5.000000E-1	-3.261910E-4	3.261910E-4	-8.306366E-6	8.306366E-6
-4.900000E-1	-3.199790E-4	3.199790E-4	-8.148179E-6	8.148179E-6
-4.800000E-1	-3.133060E-4	3.133060E-4	-7.978253E-6	7.978253E-6
-4.700000E-1	-3.065840E-4	3.065840E-4	-7.807079E-6	7.807079E-6
-4.600000E-1	-3.005680E-4	3.005680E-4	-7.653883E-6	7.653883E-6
-4.500000E-1	-2.923170E-4	2.923170E-4	-7.443774E-6	7.443774E-6
-4.400000E-1	-2.845220E-4	2.845220E-4	-7.245276E-6	7.245276E-6
-4.300000E-1	-2.764570E-4	2.764570E-4	-7.039903E-6	7.039903E-6
-4.200000E-1	-2.751420E-4	2.751420E-4	-7.006417E-6	7.006417E-6
-4.100000E-1	-2.669090E-4	2.669090E-4	-6.796766E-6	6.796766E-6
-4.000000E-1	-2.609040E-4	2.609040E-4	-6.643850E-6	6.643850E-6
-3.900000E-1	-2.518010E-4	2.518010E-4	-6.412045E-6	6.412045E-6
-3.800000E-1	-2.459060E-4	2.459060E-4	-6.261930E-6	6.261930E-6
-3.700000E-1	-2.384060E-4	2.384060E-4	-6.070945E-6	6.070945E-6
-3.600000E-1	-2.323300E-4	2.323300E-4	-5.916221E-6	5.916221E-6
-3.500000E-1	-2.271600E-4	2.271600E-4	-5.784568E-6	5.784568E-6
-3.400000E-1	-2.187960E-4	2.187960E-4	-5.571581E-6	5.571581E-6
-3.300000E-1	-2.143130E-4	2.143130E-4	-5.457423E-6	5.457423E-6
-3.200000E-1	-2.079120E-4	2.079120E-4	-5.294423E-6	5.294423E-6
-3.100000E-1	-1.994270E-4	1.994270E-4	-5.078355E-6	5.078355E-6
-3.000000E-1	-1.934280E-4	1.934280E-4	-4.925592E-6	4.925592E-6
-2.900000E-1	-1.867180E-4	1.867180E-4	-4.754724E-6	4.754724E-6
-2.800000E-1	-1.813430E-4	1.813430E-4	-4.617851E-6	4.617851E-6
-2.700000E-1	-1.738510E-4	1.738510E-4	-4.427069E-6	4.427069E-6
-2.600000E-1	-1.665610E-4	1.665610E-4	-4.241431E-6	4.241431E-6
-2.500000E-1	-1.607770E-4	1.607770E-4	-4.094143E-6	4.094143E-6
-2.400000E-1	-1.533490E-4	1.533490E-4	-3.904991E-6	3.904991E-6
-2.300000E-1	-1.458870E-4	1.458870E-4	-3.714973E-6	3.714973E-6
-2.200000E-1	-1.410950E-4	1.410950E-4	-3.592946E-6	3.592946E-6
-2.100000E-1	-1.346170E-4	1.346170E-4	-3.427986E-6	3.427986E-6
-2.000000E-1	-1.284910E-4	1.284910E-4	-3.271989E-6	3.271989E-6
-1.900000E-1	-1.223760E-4	1.223760E-4	-3.116272E-6	3.116272E-6
-1.800000E-1	-1.152350E-4	1.152350E-4	-2.934428E-6	2.934428E-6
-1.700000E-1	-1.078970E-4	1.078970E-4	-2.747568E-6	2.747568E-6
-1.600000E-1	-1.024730E-4	1.024730E-4	-2.609447E-6	2.609447E-6
-1.500000E-1	-9.665710E-5	9.665710E-5	-2.461347E-6	2.461347E-6
-1.400000E-1	-8.982110E-5	8.982110E-5	-2.287270E-6	2.287270E-6
-1.300000E-1	-8.326600E-5	8.326600E-5	-2.120346E-6	2.120346E-6
-1.200000E-1	-7.625000E-5	7.625000E-5	-1.941686E-6	1.941686E-6
-1.100000E-1	-7.038520E-5	7.038520E-5	-1.792340E-6	1.792340E-6
-1.000000E-1	-6.375510E-5	6.375510E-5	-1.623506E-6	1.623506E-6
-9.000000E-2	-5.723440E-5	5.723440E-5	-1.457459E-6	1.457459E-6
-8.000000E-2	-5.097770E-5	5.097770E-5	-1.298133E-6	1.298133E-6
-7.000000E-2	-4.442990E-5	4.442990E-5	-1.131395E-6	1.131395E-6
-6.000000E-2	-3.825340E-5	3.825340E-5	-9.741125E-7	9.741125E-7
-5.000000E-2	-3.184350E-5	3.184350E-5	-8.108862E-7	8.108862E-7
-4.000000E-2	-2.527010E-5	2.527010E-5	-6.434963E-7	6.434963E-7
-3.000000E-2	-1.899600E-5	1.899600E-5	-4.837280E-7	4.837280E-7
-2.000000E-2	-1.266150E-5	1.266150E-5	-3.224217E-7	3.224217E-7
-1.000000E-2	-6.378430E-6	6.378430E-6	-1.624250E-7	1.624250E-7
0.000000E+0	-4.618790E-8	4.618790E-8	-1.176162E-9	1.176162E-9
1.000000E-2	6.299890E-6	6.299890E-6	1.604250E-7	1.604250E-7
2.000000E-2	1.264050E-5	1.264050E-5	3.218869E-7	3.218869E-7
3.000000E-2	1.892700E-5	1.892700E-5	4.819710E-7	4.819710E-7
4.000000E-2	2.529740E-5	2.529740E-5	6.441915E-7	6.441915E-7
5.000000E-2	3.171220E-5	3.171220E-5	8.075426E-7	8.075426E-7
6.000000E-2	3.811490E-5	3.811490E-5	9.705857E-7	9.705857E-7
7.000000E-2	4.484460E-5	4.484460E-5	1.141956E-6	1.141956E-6
8.000000E-2	5.091010E-5	5.091010E-5	1.296412E-6	1.296412E-6
9.000000E-2	5.726780E-5	5.726780E-5	1.458309E-6	1.458309E-6
1.000000E-1	6.370620E-5	6.370620E-5	1.622261E-6	1.622261E-6
1.100000E-1	7.149130E-5	7.149130E-5	1.820507E-6	1.820507E-6
1.200000E-1	7.818570E-5	7.818570E-5	1.990978E-6	1.990978E-6
1.300000E-1	8.453800E-5	8.453800E-5	2.152737E-6	2.152737E-6
1.400000E-1	9.050630E-5	9.050630E-5	2.304719E-6	2.304719E-6
1.500000E-1	9.696480E-5	9.696480E-5	2.469183E-6	2.469183E-6
1.600000E-1	1.036280E-4	1.036280E-4	2.638859E-6	2.638859E-6
1.700000E-1	1.105424E-4	1.105424E-4	2.814932E-6	2.814932E-6
1.800000E-1	1.162770E-4	1.162770E-4	2.960963E-6	2.960963E-6
1.900000E-1	1.236810E-4	1.236810E-4	3.149503E-6	3.149503E-6
2.000000E-1	1.305850E-4	1.305850E-4	3.325312E-6	3.325312E-6
2.100000E-1	1.376340E-4	1.376340E-4	3.504813E-6	3.504813E-6
2.200000E-1	1.443350E-4	1.443350E-4	3.675452E-6	3.675452E-6
2.300000E-1	1.511210E-4	1.511210E-4	3.848256E-6	3.848256E-6
2.400000E-1	1.583540E-4	1.583540E-4	4.032442E-6	4.032442E-6
2.500000E-1	1.647700E-4	1.647700E-4	4.195824E-6	4.195824E-6
2.600000E-1	1.710420E-4	1.710420E-4	4.355539E-6	4.355539E-6
2.700000E-1	1.785990E-4	1.785990E-4	4.547976E-6	4.547976E-6
2.800000E-1	1.868480E-4	1.868480E-4	4.758034E-6	4.758034E-6
2.900000E-1	1.936040E-4	1.936040E-4	4.930074E-6	4.930074E-6
3.000000E-1	2.010870E-4	2.010870E-4	5.120626E-6	5.120626E-6
3.100000E-1	2.085510E-4	2.085510E-4	5.310695E-6	5.310695E-6
3.200000E-1	2.155310E-4	2.155310E-4	5.488439E-6	5.488439E-6
3.300000E-1	2.227940E-4	2.227940E-4	5.673389E-6	5.673389E-6
3.400000E-1	2.308710E-4	2.308710E-4	5.879068E-6	5.879068E-6
3.500000E-1	2.373700E-4	2.373700E-4	6.044563E-6	6.044563E-6
3.600000E-1	2.439630E-4	2.439630E-4	6.212452E-6	6.212452E-6
3.700000E-1	2.533220E-4	2.533220E-4	6.450777E-6	6.450777E-6
3.800000E-1	2.615690E-4	2.615690E-4	6.660784E-6	6.660784E-6
3.900000E-1	2.700960E-4	2.700960E-4	6.877922E-6	6.877922E-6
4.000000E-1	2.752630E-4	2.752630E-4	7.009498E-6	7.009498E-6
4.100000E-1	2.827450E-4	2.827450E-4	7.200025E-6	7.200025E-6
4.200000E-1	2.903560E-4	2.903560E-4	7.393837E-6	7.393837E-6
4.300000E-1	2.978740E-4	2.978740E-4	7.585281E-6	7.585281E-6
4.400000E-1	3.064640E-4	3.064640E-4	7.804023E-6	7.804023E-6
4.500000E-1	3.167310E-4	3.167310E-4	8.065470E-6	8.065470E-6
4.600000E-1	3.238190E-4	3.238190E-4	8.245964E-6	8.245964E-6
4.700000E-1	3.322290E-4	3.322290E-4	8.460122E-6	8.460122E-6
4.800000E-1	3.468190E-4	3.468190E-4	8.831653E-6	8.831653E-6
4.900000E-1	3.582120E-4	3.582120E-4	9.121772E-6	9.121772E-6
5.000000E-1	3.681070E-4	3.681070E-4	9.373746E-6	9.373746E-6
