

14:53:27	04/03/21


Ell Cont: 5,0x10,0

SMU1	V name:		V1
	I name:		I1
	Mode:		V
	Function:	VAR1
SMU2	V name:		V2
	I name:		I2
	Mode:		common
	Function:	const.
SMU3	off
SMU4	off
VMUs	off

Primary Source (VAR1):	single
	Sweep Spacing:	linear
	Start:		-0.500000
	Stop:		0.500000
	Step:		0.010000
	Compliance:	0.050000
Power Compliance OFF

Timing:		Integration Time:	medium
	Delay Time (sec):	0.000000
	Hold Time (sec):	0.000000
	Wait Time (sec):	1.000000

Secondary Source (VAR2):	OFF


   V1	   I1	Abs(I)	J (A\um²)	Abs(J)
-5.000000E-1	-7.163760E-4	7.163760E-4	-1.824232E-5	1.824232E-5
-4.900000E-1	-7.053770E-4	7.053770E-4	-1.796224E-5	1.796224E-5
-4.800000E-1	-6.907390E-4	6.907390E-4	-1.758948E-5	1.758948E-5
-4.700000E-1	-6.759910E-4	6.759910E-4	-1.721393E-5	1.721393E-5
-4.600000E-1	-6.631910E-4	6.631910E-4	-1.688798E-5	1.688798E-5
-4.500000E-1	-6.498920E-4	6.498920E-4	-1.654932E-5	1.654932E-5
-4.400000E-1	-6.350380E-4	6.350380E-4	-1.617107E-5	1.617107E-5
-4.300000E-1	-6.198180E-4	6.198180E-4	-1.578350E-5	1.578350E-5
-4.200000E-1	-6.034980E-4	6.034980E-4	-1.536791E-5	1.536791E-5
-4.100000E-1	-5.893810E-4	5.893810E-4	-1.500843E-5	1.500843E-5
-4.000000E-1	-5.743450E-4	5.743450E-4	-1.462554E-5	1.462554E-5
-3.900000E-1	-5.589390E-4	5.589390E-4	-1.423323E-5	1.423323E-5
-3.800000E-1	-5.449300E-4	5.449300E-4	-1.387650E-5	1.387650E-5
-3.700000E-1	-5.300350E-4	5.300350E-4	-1.349720E-5	1.349720E-5
-3.600000E-1	-5.148770E-4	5.148770E-4	-1.311120E-5	1.311120E-5
-3.500000E-1	-5.000790E-4	5.000790E-4	-1.273438E-5	1.273438E-5
-3.400000E-1	-4.853050E-4	4.853050E-4	-1.235816E-5	1.235816E-5
-3.300000E-1	-4.714340E-4	4.714340E-4	-1.200494E-5	1.200494E-5
-3.200000E-1	-4.575360E-4	4.575360E-4	-1.165103E-5	1.165103E-5
-3.100000E-1	-4.427390E-4	4.427390E-4	-1.127423E-5	1.127423E-5
-3.000000E-1	-4.279040E-4	4.279040E-4	-1.089646E-5	1.089646E-5
-2.900000E-1	-4.131750E-4	4.131750E-4	-1.052139E-5	1.052139E-5
-2.800000E-1	-3.974760E-4	3.974760E-4	-1.012162E-5	1.012162E-5
-2.700000E-1	-3.829580E-4	3.829580E-4	-9.751922E-6	9.751922E-6
-2.600000E-1	-3.689000E-4	3.689000E-4	-9.393939E-6	9.393939E-6
-2.500000E-1	-3.541750E-4	3.541750E-4	-9.018971E-6	9.018971E-6
-2.400000E-1	-3.395750E-4	3.395750E-4	-8.647186E-6	8.647186E-6
-2.300000E-1	-3.253590E-4	3.253590E-4	-8.285179E-6	8.285179E-6
-2.200000E-1	-3.107270E-4	3.107270E-4	-7.912579E-6	7.912579E-6
-2.100000E-1	-2.959650E-4	2.959650E-4	-7.536669E-6	7.536669E-6
-2.000000E-1	-2.816900E-4	2.816900E-4	-7.173160E-6	7.173160E-6
-1.900000E-1	-2.673250E-4	2.673250E-4	-6.807359E-6	6.807359E-6
-1.800000E-1	-2.530210E-4	2.530210E-4	-6.443112E-6	6.443112E-6
-1.700000E-1	-2.388160E-4	2.388160E-4	-6.081385E-6	6.081385E-6
-1.600000E-1	-2.244960E-4	2.244960E-4	-5.716730E-6	5.716730E-6
-1.500000E-1	-2.102320E-4	2.102320E-4	-5.353501E-6	5.353501E-6
-1.400000E-1	-1.960430E-4	1.960430E-4	-4.992182E-6	4.992182E-6
-1.300000E-1	-1.818210E-4	1.818210E-4	-4.630023E-6	4.630023E-6
-1.200000E-1	-1.678740E-4	1.678740E-4	-4.274866E-6	4.274866E-6
-1.100000E-1	-1.538160E-4	1.538160E-4	-3.916883E-6	3.916883E-6
-1.000000E-1	-1.398130E-4	1.398130E-4	-3.560300E-6	3.560300E-6
-9.000000E-2	-1.255990E-4	1.255990E-4	-3.198345E-6	3.198345E-6
-8.000000E-2	-1.116000E-4	1.116000E-4	-2.841864E-6	2.841864E-6
-7.000000E-2	-9.764890E-5	9.764890E-5	-2.486603E-6	2.486603E-6
-6.000000E-2	-8.370050E-5	8.370050E-5	-2.131411E-6	2.131411E-6
-5.000000E-2	-6.975680E-5	6.975680E-5	-1.776338E-6	1.776338E-6
-4.000000E-2	-5.584400E-5	5.584400E-5	-1.422052E-6	1.422052E-6
-3.000000E-2	-4.189600E-5	4.189600E-5	-1.066870E-6	1.066870E-6
-2.000000E-2	-2.792380E-5	2.792380E-5	-7.110721E-7	7.110721E-7
-1.000000E-2	-1.405820E-5	1.405820E-5	-3.579883E-7	3.579883E-7
0.000000E+0	-9.366950E-8	9.366950E-8	-2.385269E-9	2.385269E-9
1.000000E-2	1.375070E-5	1.375070E-5	3.501579E-7	3.501579E-7
2.000000E-2	2.772620E-5	2.772620E-5	7.060402E-7	7.060402E-7
3.000000E-2	4.160370E-5	4.160370E-5	1.059427E-6	1.059427E-6
4.000000E-2	5.560960E-5	5.560960E-5	1.416084E-6	1.416084E-6
5.000000E-2	6.962920E-5	6.962920E-5	1.773089E-6	1.773089E-6
6.000000E-2	8.357050E-5	8.357050E-5	2.128100E-6	2.128100E-6
7.000000E-2	9.767190E-5	9.767190E-5	2.487189E-6	2.487189E-6
8.000000E-2	1.116022E-4	1.116022E-4	2.841920E-6	2.841920E-6
9.000000E-2	1.255650E-4	1.255650E-4	3.197479E-6	3.197479E-6
1.000000E-1	1.395780E-4	1.395780E-4	3.554316E-6	3.554316E-6
1.100000E-1	1.535970E-4	1.535970E-4	3.911306E-6	3.911306E-6
1.200000E-1	1.675770E-4	1.675770E-4	4.267303E-6	4.267303E-6
1.300000E-1	1.824030E-4	1.824030E-4	4.644843E-6	4.644843E-6
1.400000E-1	1.964370E-4	1.964370E-4	5.002215E-6	5.002215E-6
1.500000E-1	2.105170E-4	2.105170E-4	5.360759E-6	5.360759E-6
1.600000E-1	2.252210E-4	2.252210E-4	5.735192E-6	5.735192E-6
1.700000E-1	2.395340E-4	2.395340E-4	6.099669E-6	6.099669E-6
1.800000E-1	2.544910E-4	2.544910E-4	6.480545E-6	6.480545E-6
1.900000E-1	2.688780E-4	2.688780E-4	6.846906E-6	6.846906E-6
2.000000E-1	2.838860E-4	2.838860E-4	7.229081E-6	7.229081E-6
2.100000E-1	2.988940E-4	2.988940E-4	7.611255E-6	7.611255E-6
2.200000E-1	3.146150E-4	3.146150E-4	8.011586E-6	8.011586E-6
2.300000E-1	3.295570E-4	3.295570E-4	8.392080E-6	8.392080E-6
2.400000E-1	3.440290E-4	3.440290E-4	8.760606E-6	8.760606E-6
2.500000E-1	3.594480E-4	3.594480E-4	9.153247E-6	9.153247E-6
2.600000E-1	3.741710E-4	3.741710E-4	9.528164E-6	9.528164E-6
2.700000E-1	3.896230E-4	3.896230E-4	9.921645E-6	9.921645E-6
2.800000E-1	4.041210E-4	4.041210E-4	1.029083E-5	1.029083E-5
2.900000E-1	4.195160E-4	4.195160E-4	1.068286E-5	1.068286E-5
3.000000E-1	4.350170E-4	4.350170E-4	1.107759E-5	1.107759E-5
3.100000E-1	4.500430E-4	4.500430E-4	1.146022E-5	1.146022E-5
3.200000E-1	4.648540E-4	4.648540E-4	1.183738E-5	1.183738E-5
3.300000E-1	4.813620E-4	4.813620E-4	1.225775E-5	1.225775E-5
3.400000E-1	4.998520E-4	4.998520E-4	1.272860E-5	1.272860E-5
3.500000E-1	5.190990E-4	5.190990E-4	1.321872E-5	1.321872E-5
3.600000E-1	5.365610E-4	5.365610E-4	1.366338E-5	1.366338E-5
3.700000E-1	5.550530E-4	5.550530E-4	1.413428E-5	1.413428E-5
3.800000E-1	5.707670E-4	5.707670E-4	1.453443E-5	1.453443E-5
3.900000E-1	5.879800E-4	5.879800E-4	1.497275E-5	1.497275E-5
4.000000E-1	6.088050E-4	6.088050E-4	1.550306E-5	1.550306E-5
4.100000E-1	6.253760E-4	6.253760E-4	1.592503E-5	1.592503E-5
4.200000E-1	6.429000E-4	6.429000E-4	1.637128E-5	1.637128E-5
4.300000E-1	6.605620E-4	6.605620E-4	1.682103E-5	1.682103E-5
4.400000E-1	6.789910E-4	6.789910E-4	1.729032E-5	1.729032E-5
4.500000E-1	6.979620E-4	6.979620E-4	1.777341E-5	1.777341E-5
4.600000E-1	7.169220E-4	7.169220E-4	1.825623E-5	1.825623E-5
4.700000E-1	7.339940E-4	7.339940E-4	1.869096E-5	1.869096E-5
4.800000E-1	7.516550E-4	7.516550E-4	1.914069E-5	1.914069E-5
4.900000E-1	7.689760E-4	7.689760E-4	1.958177E-5	1.958177E-5
5.000000E-1	7.857580E-4	7.857580E-4	2.000912E-5	2.000912E-5
