

14:15:28	04/03/21


Ell Cont: 5,0x10,0

SMU1	V name:		V1
	I name:		I1
	Mode:		V
	Function:	VAR1
SMU2	V name:		V2
	I name:		I2
	Mode:		common
	Function:	const.
SMU3	off
SMU4	off
VMUs	off

Primary Source (VAR1):	single
	Sweep Spacing:	linear
	Start:		-0.500000
	Stop:		0.500000
	Step:		0.010000
	Compliance:	0.050000
Power Compliance OFF

Timing:		Integration Time:	medium
	Delay Time (sec):	0.000000
	Hold Time (sec):	0.000000
	Wait Time (sec):	1.000000

Secondary Source (VAR2):	OFF


   V1	   I1	Abs(I)	J (A\um²)	Abs(J)
-5.000000E-1	-1.401630E-3	1.401630E-3	-3.569213E-5	3.569213E-5
-4.900000E-1	-1.374130E-3	1.374130E-3	-3.499185E-5	3.499185E-5
-4.800000E-1	-1.346030E-3	1.346030E-3	-3.427629E-5	3.427629E-5
-4.700000E-1	-1.318070E-3	1.318070E-3	-3.356430E-5	3.356430E-5
-4.600000E-1	-1.289440E-3	1.289440E-3	-3.283524E-5	3.283524E-5
-4.500000E-1	-1.261600E-3	1.261600E-3	-3.212630E-5	3.212630E-5
-4.400000E-1	-1.233360E-3	1.233360E-3	-3.140718E-5	3.140718E-5
-4.300000E-1	-1.205260E-3	1.205260E-3	-3.069162E-5	3.069162E-5
-4.200000E-1	-1.177110E-3	1.177110E-3	-2.997479E-5	2.997479E-5
-4.100000E-1	-1.148570E-3	1.148570E-3	-2.924803E-5	2.924803E-5
-4.000000E-1	-1.120580E-3	1.120580E-3	-2.853527E-5	2.853527E-5
-3.900000E-1	-1.092020E-3	1.092020E-3	-2.780800E-5	2.780800E-5
-3.800000E-1	-1.063670E-3	1.063670E-3	-2.708607E-5	2.708607E-5
-3.700000E-1	-1.035340E-3	1.035340E-3	-2.636465E-5	2.636465E-5
-3.600000E-1	-1.007110E-3	1.007110E-3	-2.564579E-5	2.564579E-5
-3.500000E-1	-9.789180E-4	9.789180E-4	-2.492788E-5	2.492788E-5
-3.400000E-1	-9.510700E-4	9.510700E-4	-2.421874E-5	2.421874E-5
-3.300000E-1	-9.231570E-4	9.231570E-4	-2.350794E-5	2.350794E-5
-3.200000E-1	-8.950310E-4	8.950310E-4	-2.279172E-5	2.279172E-5
-3.100000E-1	-8.668610E-4	8.668610E-4	-2.207438E-5	2.207438E-5
-3.000000E-1	-8.385630E-4	8.385630E-4	-2.135378E-5	2.135378E-5
-2.900000E-1	-8.105820E-4	8.105820E-4	-2.064125E-5	2.064125E-5
-2.800000E-1	-7.824630E-4	7.824630E-4	-1.992521E-5	1.992521E-5
-2.700000E-1	-7.545280E-4	7.545280E-4	-1.921385E-5	1.921385E-5
-2.600000E-1	-7.262880E-4	7.262880E-4	-1.849473E-5	1.849473E-5
-2.500000E-1	-6.983740E-4	6.983740E-4	-1.778391E-5	1.778391E-5
-2.400000E-1	-6.702630E-4	6.702630E-4	-1.706807E-5	1.706807E-5
-2.300000E-1	-6.423130E-4	6.423130E-4	-1.635633E-5	1.635633E-5
-2.200000E-1	-6.140800E-4	6.140800E-4	-1.563738E-5	1.563738E-5
-2.100000E-1	-5.862560E-4	5.862560E-4	-1.492885E-5	1.492885E-5
-2.000000E-1	-5.581540E-4	5.581540E-4	-1.421324E-5	1.421324E-5
-1.900000E-1	-5.303250E-4	5.303250E-4	-1.350458E-5	1.350458E-5
-1.800000E-1	-5.023500E-4	5.023500E-4	-1.279221E-5	1.279221E-5
-1.700000E-1	-4.745230E-4	4.745230E-4	-1.208360E-5	1.208360E-5
-1.600000E-1	-4.464560E-4	4.464560E-4	-1.136888E-5	1.136888E-5
-1.500000E-1	-4.182650E-4	4.182650E-4	-1.065101E-5	1.065101E-5
-1.400000E-1	-3.904640E-4	3.904640E-4	-9.943061E-6	9.943061E-6
-1.300000E-1	-3.625640E-4	3.625640E-4	-9.232595E-6	9.232595E-6
-1.200000E-1	-3.347190E-4	3.347190E-4	-8.523529E-6	8.523529E-6
-1.100000E-1	-3.067740E-4	3.067740E-4	-7.811917E-6	7.811917E-6
-1.000000E-1	-2.789810E-4	2.789810E-4	-7.104176E-6	7.104176E-6
-9.000000E-2	-2.509550E-4	2.509550E-4	-6.390502E-6	6.390502E-6
-8.000000E-2	-2.231840E-4	2.231840E-4	-5.683321E-6	5.683321E-6
-7.000000E-2	-1.952530E-4	1.952530E-4	-4.972065E-6	4.972065E-6
-6.000000E-2	-1.674920E-4	1.674920E-4	-4.265139E-6	4.265139E-6
-5.000000E-2	-1.395390E-4	1.395390E-4	-3.553323E-6	3.553323E-6
-4.000000E-2	-1.117800E-4	1.117800E-4	-2.846448E-6	2.846448E-6
-3.000000E-2	-8.384440E-5	8.384440E-5	-2.135075E-6	2.135075E-6
-2.000000E-2	-5.588770E-5	5.588770E-5	-1.423165E-6	1.423165E-6
-1.000000E-2	-2.815490E-5	2.815490E-5	-7.169570E-7	7.169570E-7
0.000000E+0	4.044700E-8	4.044700E-8	1.029972E-9	1.029972E-9
1.000000E-2	2.748550E-5	2.748550E-5	6.999109E-7	6.999109E-7
2.000000E-2	5.541120E-5	5.541120E-5	1.411031E-6	1.411031E-6
3.000000E-2	8.310790E-5	8.310790E-5	2.116320E-6	2.116320E-6
4.000000E-2	1.110233E-4	1.110233E-4	2.827178E-6	2.827178E-6
5.000000E-2	1.389560E-4	1.389560E-4	3.538477E-6	3.538477E-6
6.000000E-2	1.666670E-4	1.666670E-4	4.244130E-6	4.244130E-6
7.000000E-2	1.945890E-4	1.945890E-4	4.955157E-6	4.955157E-6
8.000000E-2	2.223110E-4	2.223110E-4	5.661090E-6	5.661090E-6
9.000000E-2	2.502060E-4	2.502060E-4	6.371428E-6	6.371428E-6
1.000000E-1	2.779680E-4	2.779680E-4	7.078380E-6	7.078380E-6
1.100000E-1	3.059040E-4	3.059040E-4	7.789763E-6	7.789763E-6
1.200000E-1	3.336120E-4	3.336120E-4	8.495340E-6	8.495340E-6
1.300000E-1	3.615520E-4	3.615520E-4	9.206824E-6	9.206824E-6
1.400000E-1	3.893010E-4	3.893010E-4	9.913445E-6	9.913445E-6
1.500000E-1	4.172470E-4	4.172470E-4	1.062508E-5	1.062508E-5
1.600000E-1	4.452140E-4	4.452140E-4	1.133725E-5	1.133725E-5
1.700000E-1	4.730050E-4	4.730050E-4	1.204495E-5	1.204495E-5
1.800000E-1	5.009640E-4	5.009640E-4	1.275691E-5	1.275691E-5
1.900000E-1	5.287510E-4	5.287510E-4	1.346450E-5	1.346450E-5
2.000000E-1	5.568250E-4	5.568250E-4	1.417940E-5	1.417940E-5
2.100000E-1	5.846770E-4	5.846770E-4	1.488864E-5	1.488864E-5
2.200000E-1	6.127630E-4	6.127630E-4	1.560384E-5	1.560384E-5
2.300000E-1	6.405680E-4	6.405680E-4	1.631189E-5	1.631189E-5
2.400000E-1	6.685370E-4	6.685370E-4	1.702411E-5	1.702411E-5
2.500000E-1	6.963780E-4	6.963780E-4	1.773308E-5	1.773308E-5
2.600000E-1	7.244410E-4	7.244410E-4	1.844770E-5	1.844770E-5
2.700000E-1	7.524540E-4	7.524540E-4	1.916104E-5	1.916104E-5
2.800000E-1	7.803180E-4	7.803180E-4	1.987059E-5	1.987059E-5
2.900000E-1	8.085620E-4	8.085620E-4	2.058981E-5	2.058981E-5
3.000000E-1	8.363580E-4	8.363580E-4	2.129763E-5	2.129763E-5
3.100000E-1	8.645210E-4	8.645210E-4	2.201479E-5	2.201479E-5
3.200000E-1	8.924980E-4	8.924980E-4	2.272722E-5	2.272722E-5
3.300000E-1	9.204240E-4	9.204240E-4	2.343835E-5	2.343835E-5
3.400000E-1	9.482140E-4	9.482140E-4	2.414601E-5	2.414601E-5
3.500000E-1	9.766880E-4	9.766880E-4	2.487110E-5	2.487110E-5
3.600000E-1	1.004651E-3	1.004651E-3	2.558317E-5	2.558317E-5
3.700000E-1	1.032628E-3	1.032628E-3	2.629559E-5	2.629559E-5
3.800000E-1	1.061273E-3	1.061273E-3	2.702503E-5	2.702503E-5
3.900000E-1	1.089137E-3	1.089137E-3	2.773458E-5	2.773458E-5
4.000000E-1	1.117331E-3	1.117331E-3	2.845253E-5	2.845253E-5
4.100000E-1	1.145000E-3	1.145000E-3	2.915712E-5	2.915712E-5
4.200000E-1	1.173050E-3	1.173050E-3	2.987140E-5	2.987140E-5
4.300000E-1	1.201050E-3	1.201050E-3	3.058442E-5	3.058442E-5
4.400000E-1	1.228890E-3	1.228890E-3	3.129335E-5	3.129335E-5
4.500000E-1	1.257030E-3	1.257030E-3	3.200993E-5	3.200993E-5
4.600000E-1	1.284840E-3	1.284840E-3	3.271811E-5	3.271811E-5
4.700000E-1	1.312830E-3	1.312830E-3	3.343086E-5	3.343086E-5
4.800000E-1	1.340890E-3	1.340890E-3	3.414540E-5	3.414540E-5
4.900000E-1	1.368700E-3	1.368700E-3	3.485358E-5	3.485358E-5
5.000000E-1	1.396850E-3	1.396850E-3	3.557041E-5	3.557041E-5
