

14:34:08	04/03/21


Ell Cont: 5,0x10,0

SMU1	V name:		V1
	I name:		I1
	Mode:		V
	Function:	VAR1
SMU2	V name:		V2
	I name:		I2
	Mode:		common
	Function:	const.
SMU3	off
SMU4	off
VMUs	off

Primary Source (VAR1):	single
	Sweep Spacing:	linear
	Start:		-0.500000
	Stop:		0.500000
	Step:		0.010000
	Compliance:	0.050000
Power Compliance OFF

Timing:		Integration Time:	medium
	Delay Time (sec):	0.000000
	Hold Time (sec):	0.000000
	Wait Time (sec):	1.000000

Secondary Source (VAR2):	OFF


   V1	   I1	Abs(I)	J (A\um²)	Abs(J)
-5.000000E-1	-9.338860E-6	9.338860E-6	-2.378116E-7	2.378116E-7
-4.900000E-1	-8.446750E-6	8.446750E-6	-2.150942E-7	2.150942E-7
-4.800000E-1	-8.283460E-6	8.283460E-6	-2.109361E-7	2.109361E-7
-4.700000E-1	-8.213890E-6	8.213890E-6	-2.091645E-7	2.091645E-7
-4.600000E-1	-8.155150E-6	8.155150E-6	-2.076687E-7	2.076687E-7
-4.500000E-1	-8.109080E-6	8.109080E-6	-2.064955E-7	2.064955E-7
-4.400000E-1	-8.044810E-6	8.044810E-6	-2.048589E-7	2.048589E-7
-4.300000E-1	-7.575740E-6	7.575740E-6	-1.929142E-7	1.929142E-7
-4.200000E-1	-7.521210E-6	7.521210E-6	-1.915256E-7	1.915256E-7
-4.100000E-1	-7.187790E-6	7.187790E-6	-1.830351E-7	1.830351E-7
-4.000000E-1	-7.151460E-6	7.151460E-6	-1.821100E-7	1.821100E-7
-3.900000E-1	-6.924640E-6	6.924640E-6	-1.763341E-7	1.763341E-7
-3.800000E-1	-6.767160E-6	6.767160E-6	-1.723239E-7	1.723239E-7
-3.700000E-1	-6.548530E-6	6.548530E-6	-1.667566E-7	1.667566E-7
-3.600000E-1	-6.195930E-6	6.195930E-6	-1.577777E-7	1.577777E-7
-3.500000E-1	-6.093750E-6	6.093750E-6	-1.551757E-7	1.551757E-7
-3.400000E-1	-5.847190E-6	5.847190E-6	-1.488971E-7	1.488971E-7
-3.300000E-1	-5.481490E-6	5.481490E-6	-1.395847E-7	1.395847E-7
-3.200000E-1	-5.704900E-6	5.704900E-6	-1.452737E-7	1.452737E-7
-3.100000E-1	-5.429040E-6	5.429040E-6	-1.382490E-7	1.382490E-7
-3.000000E-1	-5.069870E-6	5.069870E-6	-1.291029E-7	1.291029E-7
-2.900000E-1	-4.810710E-6	4.810710E-6	-1.225034E-7	1.225034E-7
-2.800000E-1	-4.572970E-6	4.572970E-6	-1.164495E-7	1.164495E-7
-2.700000E-1	-4.573800E-6	4.573800E-6	-1.164706E-7	1.164706E-7
-2.600000E-1	-4.310690E-6	4.310690E-6	-1.097706E-7	1.097706E-7
-2.500000E-1	-4.122990E-6	4.122990E-6	-1.049908E-7	1.049908E-7
-2.400000E-1	-3.983130E-6	3.983130E-6	-1.014293E-7	1.014293E-7
-2.300000E-1	-3.837640E-6	3.837640E-6	-9.772447E-8	9.772447E-8
-2.200000E-1	-3.670940E-6	3.670940E-6	-9.347950E-8	9.347950E-8
-2.100000E-1	-3.543050E-6	3.543050E-6	-9.022282E-8	9.022282E-8
-2.000000E-1	-3.198630E-6	3.198630E-6	-8.145225E-8	8.145225E-8
-1.900000E-1	-3.017290E-6	3.017290E-6	-7.683448E-8	7.683448E-8
-1.800000E-1	-3.075320E-6	3.075320E-6	-7.831220E-8	7.831220E-8
-1.700000E-1	-3.058830E-6	3.058830E-6	-7.789228E-8	7.789228E-8
-1.600000E-1	-2.921180E-6	2.921180E-6	-7.438706E-8	7.438706E-8
-1.500000E-1	-2.692620E-6	2.692620E-6	-6.856684E-8	6.856684E-8
-1.400000E-1	-2.467930E-6	2.467930E-6	-6.284517E-8	6.284517E-8
-1.300000E-1	-2.379550E-6	2.379550E-6	-6.059460E-8	6.059460E-8
-1.200000E-1	-2.133280E-6	2.133280E-6	-5.432340E-8	5.432340E-8
-1.100000E-1	-2.013230E-6	2.013230E-6	-5.126636E-8	5.126636E-8
-1.000000E-1	-1.822200E-6	1.822200E-6	-4.640183E-8	4.640183E-8
-9.000000E-2	-1.679520E-6	1.679520E-6	-4.276853E-8	4.276853E-8
-8.000000E-2	-1.451850E-6	1.451850E-6	-3.697097E-8	3.697097E-8
-7.000000E-2	-1.180280E-6	1.180280E-6	-3.005551E-8	3.005551E-8
-6.000000E-2	-1.034750E-6	1.034750E-6	-2.634963E-8	2.634963E-8
-5.000000E-2	-8.805170E-7	8.805170E-7	-2.242213E-8	2.242213E-8
-4.000000E-2	-6.823580E-7	6.823580E-7	-1.737606E-8	1.737606E-8
-3.000000E-2	-5.307350E-7	5.307350E-7	-1.351502E-8	1.351502E-8
-2.000000E-2	-3.493300E-7	3.493300E-7	-8.895594E-9	8.895594E-9
-1.000000E-2	-1.718130E-7	1.718130E-7	-4.375172E-9	4.375172E-9
0.000000E+0	-1.194510E-9	1.194510E-9	-3.041788E-11	3.041788E-11
1.000000E-2	1.684840E-7	1.684840E-7	4.290400E-9	4.290400E-9
2.000000E-2	3.363220E-7	3.363220E-7	8.564349E-9	8.564349E-9
3.000000E-2	5.013680E-7	5.013680E-7	1.276720E-8	1.276720E-8
4.000000E-2	6.713290E-7	6.713290E-7	1.709521E-8	1.709521E-8
5.000000E-2	8.705200E-7	8.705200E-7	2.216756E-8	2.216756E-8
6.000000E-2	1.051613E-6	1.051613E-6	2.677904E-8	2.677904E-8
7.000000E-2	1.271740E-6	1.271740E-6	3.238452E-8	3.238452E-8
8.000000E-2	1.440200E-6	1.440200E-6	3.667431E-8	3.667431E-8
9.000000E-2	1.647070E-6	1.647070E-6	4.194219E-8	4.194219E-8
1.000000E-1	1.797460E-6	1.797460E-6	4.577184E-8	4.577184E-8
1.100000E-1	1.937530E-6	1.937530E-6	4.933868E-8	4.933868E-8
1.200000E-1	2.053910E-6	2.053910E-6	5.230227E-8	5.230227E-8
1.300000E-1	2.233070E-6	2.233070E-6	5.686453E-8	5.686453E-8
1.400000E-1	2.435870E-6	2.435870E-6	6.202877E-8	6.202877E-8
1.500000E-1	3.164270E-6	3.164270E-6	8.057728E-8	8.057728E-8
1.600000E-1	3.454980E-6	3.454980E-6	8.798014E-8	8.798014E-8
1.700000E-1	3.701120E-6	3.701120E-6	9.424803E-8	9.424803E-8
1.800000E-1	4.101050E-6	4.101050E-6	1.044321E-7	1.044321E-7
1.900000E-1	4.177400E-6	4.177400E-6	1.063764E-7	1.063764E-7
2.000000E-1	4.490430E-6	4.490430E-6	1.143476E-7	1.143476E-7
2.100000E-1	4.727630E-6	4.727630E-6	1.203878E-7	1.203878E-7
2.200000E-1	5.081960E-6	5.081960E-6	1.294107E-7	1.294107E-7
2.300000E-1	5.270790E-6	5.270790E-6	1.342192E-7	1.342192E-7
2.400000E-1	5.473820E-6	5.473820E-6	1.393894E-7	1.393894E-7
2.500000E-1	6.029950E-6	6.029950E-6	1.535511E-7	1.535511E-7
2.600000E-1	6.115380E-6	6.115380E-6	1.557265E-7	1.557265E-7
2.700000E-1	6.752550E-6	6.752550E-6	1.719519E-7	1.719519E-7
2.800000E-1	7.050570E-6	7.050570E-6	1.795409E-7	1.795409E-7
2.900000E-1	7.225760E-6	7.225760E-6	1.840020E-7	1.840020E-7
3.000000E-1	6.808270E-6	6.808270E-6	1.733708E-7	1.733708E-7
3.100000E-1	7.300030E-6	7.300030E-6	1.858933E-7	1.858933E-7
3.200000E-1	7.303160E-6	7.303160E-6	1.859730E-7	1.859730E-7
3.300000E-1	6.951530E-6	6.951530E-6	1.770188E-7	1.770188E-7
3.400000E-1	7.230460E-6	7.230460E-6	1.841217E-7	1.841217E-7
3.500000E-1	9.527610E-6	9.527610E-6	2.426180E-7	2.426180E-7
3.600000E-1	2.479440E-5	2.479440E-5	6.313827E-7	6.313827E-7
3.700000E-1	2.195510E-5	2.195510E-5	5.590807E-7	5.590807E-7
3.800000E-1	2.121740E-5	2.121740E-5	5.402954E-7	5.402954E-7
3.900000E-1	3.872620E-5	3.872620E-5	9.861523E-7	9.861523E-7
4.000000E-1	4.645920E-5	4.645920E-5	1.183071E-6	1.183071E-6
4.100000E-1	5.440660E-5	5.440660E-5	1.385449E-6	1.385449E-6
4.200000E-1	6.363290E-5	6.363290E-5	1.620395E-6	1.620395E-6
4.300000E-1	6.153170E-5	6.153170E-5	1.566888E-6	1.566888E-6
4.400000E-1	6.323450E-5	6.323450E-5	1.610250E-6	1.610250E-6
4.500000E-1	8.310550E-5	8.310550E-5	2.116259E-6	2.116259E-6
4.600000E-1	1.144529E-4	1.144529E-4	2.914512E-6	2.914512E-6
4.700000E-1	1.389840E-4	1.389840E-4	3.539190E-6	3.539190E-6
4.800000E-1	1.772150E-4	1.772150E-4	4.512732E-6	4.512732E-6
4.900000E-1	2.081920E-4	2.081920E-4	5.301553E-6	5.301553E-6
5.000000E-1	2.308760E-4	2.308760E-4	5.879195E-6	5.879195E-6
