

14:42:11	04/03/21


Ell Cont: 5,0x10,0

SMU1	V name:		V1
	I name:		I1
	Mode:		V
	Function:	VAR1
SMU2	V name:		V2
	I name:		I2
	Mode:		common
	Function:	const.
SMU3	off
SMU4	off
VMUs	off

Primary Source (VAR1):	single
	Sweep Spacing:	linear
	Start:		-0.500000
	Stop:		0.500000
	Step:		0.010000
	Compliance:	0.050000
Power Compliance OFF

Timing:		Integration Time:	medium
	Delay Time (sec):	0.000000
	Hold Time (sec):	0.000000
	Wait Time (sec):	1.000000

Secondary Source (VAR2):	OFF


   V1	   I1	Abs(I)	J (A\um²)	Abs(J)
-5.000000E-1	-5.680800E-4	5.680800E-4	-1.446600E-5	1.446600E-5
-4.900000E-1	-5.561070E-4	5.561070E-4	-1.416112E-5	1.416112E-5
-4.800000E-1	-5.439370E-4	5.439370E-4	-1.385121E-5	1.385121E-5
-4.700000E-1	-5.271870E-4	5.271870E-4	-1.342468E-5	1.342468E-5
-4.600000E-1	-5.174220E-4	5.174220E-4	-1.317601E-5	1.317601E-5
-4.500000E-1	-5.060090E-4	5.060090E-4	-1.288538E-5	1.288538E-5
-4.400000E-1	-4.989030E-4	4.989030E-4	-1.270443E-5	1.270443E-5
-4.300000E-1	-4.810030E-4	4.810030E-4	-1.224861E-5	1.224861E-5
-4.200000E-1	-4.686060E-4	4.686060E-4	-1.193293E-5	1.193293E-5
-4.100000E-1	-4.503580E-4	4.503580E-4	-1.146825E-5	1.146825E-5
-4.000000E-1	-4.419710E-4	4.419710E-4	-1.125467E-5	1.125467E-5
-3.900000E-1	-4.291860E-4	4.291860E-4	-1.092911E-5	1.092911E-5
-3.800000E-1	-4.166440E-4	4.166440E-4	-1.060973E-5	1.060973E-5
-3.700000E-1	-4.025880E-4	4.025880E-4	-1.025180E-5	1.025180E-5
-3.600000E-1	-3.898220E-4	3.898220E-4	-9.926712E-6	9.926712E-6
-3.500000E-1	-3.818590E-4	3.818590E-4	-9.723937E-6	9.723937E-6
-3.400000E-1	-3.722300E-4	3.722300E-4	-9.478737E-6	9.478737E-6
-3.300000E-1	-3.602130E-4	3.602130E-4	-9.172727E-6	9.172727E-6
-3.200000E-1	-3.503290E-4	3.503290E-4	-8.921034E-6	8.921034E-6
-3.100000E-1	-3.389530E-4	3.389530E-4	-8.631347E-6	8.631347E-6
-3.000000E-1	-3.273090E-4	3.273090E-4	-8.334836E-6	8.334836E-6
-2.900000E-1	-3.167220E-4	3.167220E-4	-8.065241E-6	8.065241E-6
-2.800000E-1	-3.058530E-4	3.058530E-4	-7.788464E-6	7.788464E-6
-2.700000E-1	-2.936500E-4	2.936500E-4	-7.477718E-6	7.477718E-6
-2.600000E-1	-2.840090E-4	2.840090E-4	-7.232213E-6	7.232213E-6
-2.500000E-1	-2.725840E-4	2.725840E-4	-6.941278E-6	6.941278E-6
-2.400000E-1	-2.640200E-4	2.640200E-4	-6.723198E-6	6.723198E-6
-2.300000E-1	-2.534030E-4	2.534030E-4	-6.452839E-6	6.452839E-6
-2.200000E-1	-2.412520E-4	2.412520E-4	-6.143417E-6	6.143417E-6
-2.100000E-1	-2.295890E-4	2.295890E-4	-5.846422E-6	5.846422E-6
-2.000000E-1	-2.185460E-4	2.185460E-4	-5.565215E-6	5.565215E-6
-1.900000E-1	-2.060410E-4	2.060410E-4	-5.246779E-6	5.246779E-6
-1.800000E-1	-1.943960E-4	1.943960E-4	-4.950242E-6	4.950242E-6
-1.700000E-1	-1.831340E-4	1.831340E-4	-4.663458E-6	4.663458E-6
-1.600000E-1	-1.735020E-4	1.735020E-4	-4.418182E-6	4.418182E-6
-1.500000E-1	-1.611280E-4	1.611280E-4	-4.103081E-6	4.103081E-6
-1.400000E-1	-1.507250E-4	1.507250E-4	-3.838172E-6	3.838172E-6
-1.300000E-1	-1.396740E-4	1.396740E-4	-3.556761E-6	3.556761E-6
-1.200000E-1	-1.298080E-4	1.298080E-4	-3.305526E-6	3.305526E-6
-1.100000E-1	-1.199090E-4	1.199090E-4	-3.053450E-6	3.053450E-6
-1.000000E-1	-1.098640E-4	1.098640E-4	-2.797657E-6	2.797657E-6
-9.000000E-2	-9.858530E-5	9.858530E-5	-2.510448E-6	2.510448E-6
-8.000000E-2	-8.769810E-5	8.769810E-5	-2.233209E-6	2.233209E-6
-7.000000E-2	-7.683110E-5	7.683110E-5	-1.956483E-6	1.956483E-6
-6.000000E-2	-6.590670E-5	6.590670E-5	-1.678296E-6	1.678296E-6
-5.000000E-2	-5.501460E-5	5.501460E-5	-1.400932E-6	1.400932E-6
-4.000000E-2	-4.365320E-5	4.365320E-5	-1.111617E-6	1.111617E-6
-3.000000E-2	-3.307120E-5	3.307120E-5	-8.421492E-7	8.421492E-7
-2.000000E-2	-2.199560E-5	2.199560E-5	-5.601120E-7	5.601120E-7
-1.000000E-2	-1.097010E-5	1.097010E-5	-2.793506E-7	2.793506E-7
0.000000E+0	-7.482350E-8	7.482350E-8	-1.905360E-9	1.905360E-9
1.000000E-2	1.081170E-5	1.081170E-5	2.753170E-7	2.753170E-7
2.000000E-2	2.179130E-5	2.179130E-5	5.549096E-7	5.549096E-7
3.000000E-2	3.254320E-5	3.254320E-5	8.287038E-7	8.287038E-7
4.000000E-2	4.354470E-5	4.354470E-5	1.108854E-6	1.108854E-6
5.000000E-2	5.449600E-5	5.449600E-5	1.387726E-6	1.387726E-6
6.000000E-2	6.538980E-5	6.538980E-5	1.665134E-6	1.665134E-6
7.000000E-2	7.656400E-5	7.656400E-5	1.949682E-6	1.949682E-6
8.000000E-2	8.739160E-5	8.739160E-5	2.225404E-6	2.225404E-6
9.000000E-2	9.848340E-5	9.848340E-5	2.507853E-6	2.507853E-6
1.000000E-1	1.086665E-4	1.086665E-4	2.767163E-6	2.767163E-6
1.100000E-1	1.205840E-4	1.205840E-4	3.070639E-6	3.070639E-6
1.200000E-1	1.314310E-4	1.314310E-4	3.346855E-6	3.346855E-6
1.300000E-1	1.426790E-4	1.426790E-4	3.633282E-6	3.633282E-6
1.400000E-1	1.540990E-4	1.540990E-4	3.924090E-6	3.924090E-6
1.500000E-1	1.648450E-4	1.648450E-4	4.197734E-6	4.197734E-6
1.600000E-1	1.761850E-4	1.761850E-4	4.486504E-6	4.486504E-6
1.700000E-1	1.886270E-4	1.886270E-4	4.803336E-6	4.803336E-6
1.800000E-1	2.003340E-4	2.003340E-4	5.101451E-6	5.101451E-6
1.900000E-1	2.131640E-4	2.131640E-4	5.428164E-6	5.428164E-6
2.000000E-1	2.215710E-4	2.215710E-4	5.642246E-6	5.642246E-6
2.100000E-1	2.323000E-4	2.323000E-4	5.915457E-6	5.915457E-6
2.200000E-1	2.447690E-4	2.447690E-4	6.232977E-6	6.232977E-6
2.300000E-1	2.563750E-4	2.563750E-4	6.528520E-6	6.528520E-6
2.400000E-1	2.668360E-4	2.668360E-4	6.794907E-6	6.794907E-6
2.500000E-1	2.778380E-4	2.778380E-4	7.075070E-6	7.075070E-6
2.600000E-1	2.871200E-4	2.871200E-4	7.311434E-6	7.311434E-6
2.700000E-1	2.995310E-4	2.995310E-4	7.627476E-6	7.627476E-6
2.800000E-1	3.116230E-4	3.116230E-4	7.935396E-6	7.935396E-6
2.900000E-1	3.240130E-4	3.240130E-4	8.250904E-6	8.250904E-6
3.000000E-1	3.342850E-4	3.342850E-4	8.512478E-6	8.512478E-6
3.100000E-1	3.471030E-4	3.471030E-4	8.838885E-6	8.838885E-6
3.200000E-1	3.589560E-4	3.589560E-4	9.140718E-6	9.140718E-6
3.300000E-1	3.701250E-4	3.701250E-4	9.425134E-6	9.425134E-6
3.400000E-1	3.837610E-4	3.837610E-4	9.772371E-6	9.772371E-6
3.500000E-1	3.954720E-4	3.954720E-4	1.007059E-5	1.007059E-5
3.600000E-1	4.068670E-4	4.068670E-4	1.036076E-5	1.036076E-5
3.700000E-1	4.183070E-4	4.183070E-4	1.065208E-5	1.065208E-5
3.800000E-1	4.286520E-4	4.286520E-4	1.091551E-5	1.091551E-5
3.900000E-1	4.475490E-4	4.475490E-4	1.139671E-5	1.139671E-5
4.000000E-1	4.624780E-4	4.624780E-4	1.177688E-5	1.177688E-5
4.100000E-1	4.789340E-4	4.789340E-4	1.219593E-5	1.219593E-5
4.200000E-1	4.894000E-4	4.894000E-4	1.246244E-5	1.246244E-5
4.300000E-1	5.173140E-4	5.173140E-4	1.317326E-5	1.317326E-5
4.400000E-1	5.440030E-4	5.440030E-4	1.385289E-5	1.385289E-5
4.500000E-1	5.600570E-4	5.600570E-4	1.426170E-5	1.426170E-5
4.600000E-1	6.077930E-4	6.077930E-4	1.547729E-5	1.547729E-5
4.700000E-1	6.304460E-4	6.304460E-4	1.605414E-5	1.605414E-5
4.800000E-1	6.499750E-4	6.499750E-4	1.655144E-5	1.655144E-5
4.900000E-1	7.150620E-4	7.150620E-4	1.820886E-5	1.820886E-5
5.000000E-1	7.312860E-4	7.312860E-4	1.862200E-5	1.862200E-5
