

14:40:13	04/03/21


Ell Cont: 5,0x10,0

SMU1	V name:		V1
	I name:		I1
	Mode:		V
	Function:	VAR1
SMU2	V name:		V2
	I name:		I2
	Mode:		common
	Function:	const.
SMU3	off
SMU4	off
VMUs	off

Primary Source (VAR1):	single
	Sweep Spacing:	linear
	Start:		-0.500000
	Stop:		0.500000
	Step:		0.010000
	Compliance:	0.050000
Power Compliance OFF

Timing:		Integration Time:	medium
	Delay Time (sec):	0.000000
	Hold Time (sec):	0.000000
	Wait Time (sec):	1.000000

Secondary Source (VAR2):	OFF


   V1	   I1	Abs(I)	J (A\µm²)	Abs(J)
-5.000000E-1	-3.695420E-4	3.695420E-4	-9.410288E-6	9.410288E-6
-4.900000E-1	-3.638100E-4	3.638100E-4	-9.264324E-6	9.264324E-6
-4.800000E-1	-3.522350E-4	3.522350E-4	-8.969570E-6	8.969570E-6
-4.700000E-1	-3.423130E-4	3.423130E-4	-8.716908E-6	8.716908E-6
-4.600000E-1	-3.312130E-4	3.312130E-4	-8.434250E-6	8.434250E-6
-4.500000E-1	-3.229820E-4	3.229820E-4	-8.224650E-6	8.224650E-6
-4.400000E-1	-3.138100E-4	3.138100E-4	-7.991087E-6	7.991087E-6
-4.300000E-1	-3.061350E-4	3.061350E-4	-7.795645E-6	7.795645E-6
-4.200000E-1	-3.017410E-4	3.017410E-4	-7.683753E-6	7.683753E-6
-4.100000E-1	-2.943040E-4	2.943040E-4	-7.494372E-6	7.494372E-6
-4.000000E-1	-2.855580E-4	2.855580E-4	-7.271658E-6	7.271658E-6
-3.900000E-1	-2.759780E-4	2.759780E-4	-7.027706E-6	7.027706E-6
-3.800000E-1	-2.712160E-4	2.712160E-4	-6.906442E-6	6.906442E-6
-3.700000E-1	-2.640510E-4	2.640510E-4	-6.723988E-6	6.723988E-6
-3.600000E-1	-2.568750E-4	2.568750E-4	-6.541253E-6	6.541253E-6
-3.500000E-1	-2.502490E-4	2.502490E-4	-6.372523E-6	6.372523E-6
-3.400000E-1	-2.423100E-4	2.423100E-4	-6.170359E-6	6.170359E-6
-3.300000E-1	-2.344070E-4	2.344070E-4	-5.969111E-6	5.969111E-6
-3.200000E-1	-2.277080E-4	2.277080E-4	-5.798523E-6	5.798523E-6
-3.100000E-1	-2.193810E-4	2.193810E-4	-5.586478E-6	5.586478E-6
-3.000000E-1	-2.111890E-4	2.111890E-4	-5.377871E-6	5.377871E-6
-2.900000E-1	-2.039430E-4	2.039430E-4	-5.193354E-6	5.193354E-6
-2.800000E-1	-1.962810E-4	1.962810E-4	-4.998243E-6	4.998243E-6
-2.700000E-1	-1.889490E-4	1.889490E-4	-4.811535E-6	4.811535E-6
-2.600000E-1	-1.825040E-4	1.825040E-4	-4.647415E-6	4.647415E-6
-2.500000E-1	-1.765230E-4	1.765230E-4	-4.495111E-6	4.495111E-6
-2.400000E-1	-1.685590E-4	1.685590E-4	-4.292310E-6	4.292310E-6
-2.300000E-1	-1.617310E-4	1.617310E-4	-4.118436E-6	4.118436E-6
-2.200000E-1	-1.545390E-4	1.545390E-4	-3.935294E-6	3.935294E-6
-2.100000E-1	-1.466850E-4	1.466850E-4	-3.735294E-6	3.735294E-6
-2.000000E-1	-1.393730E-4	1.393730E-4	-3.549096E-6	3.549096E-6
-1.900000E-1	-1.322910E-4	1.322910E-4	-3.368755E-6	3.368755E-6
-1.800000E-1	-1.262810E-4	1.262810E-4	-3.215712E-6	3.215712E-6
-1.700000E-1	-1.190620E-4	1.190620E-4	-3.031882E-6	3.031882E-6
-1.600000E-1	-1.116970E-4	1.116970E-4	-2.844334E-6	2.844334E-6
-1.500000E-1	-1.044990E-4	1.044990E-4	-2.661039E-6	2.661039E-6
-1.400000E-1	-9.790310E-5	9.790310E-5	-2.493076E-6	2.493076E-6
-1.300000E-1	-9.118390E-5	9.118390E-5	-2.321973E-6	2.321973E-6
-1.200000E-1	-8.395990E-5	8.395990E-5	-2.138016E-6	2.138016E-6
-1.100000E-1	-7.680150E-5	7.680150E-5	-1.955730E-6	1.955730E-6
-1.000000E-1	-6.929950E-5	6.929950E-5	-1.764693E-6	1.764693E-6
-9.000000E-2	-6.275880E-5	6.275880E-5	-1.598136E-6	1.598136E-6
-8.000000E-2	-5.582350E-5	5.582350E-5	-1.421530E-6	1.421530E-6
-7.000000E-2	-4.902380E-5	4.902380E-5	-1.248378E-6	1.248378E-6
-6.000000E-2	-4.175880E-5	4.175880E-5	-1.063377E-6	1.063377E-6
-5.000000E-2	-3.488830E-5	3.488830E-5	-8.884212E-7	8.884212E-7
-4.000000E-2	-2.791500E-5	2.791500E-5	-7.108480E-7	7.108480E-7
-3.000000E-2	-2.093810E-5	2.093810E-5	-5.331831E-7	5.331831E-7
-2.000000E-2	-1.396410E-5	1.396410E-5	-3.555921E-7	3.555921E-7
-1.000000E-2	-7.015430E-6	7.015430E-6	-1.786460E-7	1.786460E-7
0.000000E+0	-5.032680E-8	5.032680E-8	-1.281558E-9	1.281558E-9
1.000000E-2	6.861000E-6	6.861000E-6	1.747135E-7	1.747135E-7
2.000000E-2	1.400560E-5	1.400560E-5	3.566488E-7	3.566488E-7
3.000000E-2	2.092730E-5	2.092730E-5	5.329081E-7	5.329081E-7
4.000000E-2	2.776670E-5	2.776670E-5	7.070715E-7	7.070715E-7
5.000000E-2	3.465020E-5	3.465020E-5	8.823580E-7	8.823580E-7
6.000000E-2	4.149750E-5	4.149750E-5	1.056723E-6	1.056723E-6
7.000000E-2	4.843640E-5	4.843640E-5	1.233420E-6	1.233420E-6
8.000000E-2	5.591450E-5	5.591450E-5	1.423848E-6	1.423848E-6
9.000000E-2	6.242850E-5	6.242850E-5	1.589725E-6	1.589725E-6
1.000000E-1	6.915650E-5	6.915650E-5	1.761052E-6	1.761052E-6
1.100000E-1	7.603470E-5	7.603470E-5	1.936203E-6	1.936203E-6
1.200000E-1	8.280450E-5	8.280450E-5	2.108594E-6	2.108594E-6
1.300000E-1	9.014360E-5	9.014360E-5	2.295483E-6	2.295483E-6
1.400000E-1	9.690470E-5	9.690470E-5	2.467652E-6	2.467652E-6
1.500000E-1	1.037733E-4	1.037733E-4	2.642559E-6	2.642559E-6
1.600000E-1	1.106093E-4	1.106093E-4	2.816636E-6	2.816636E-6
1.700000E-1	1.175760E-4	1.175760E-4	2.994041E-6	2.994041E-6
1.800000E-1	1.246530E-4	1.246530E-4	3.174255E-6	3.174255E-6
1.900000E-1	1.318100E-4	1.318100E-4	3.356506E-6	3.356506E-6
2.000000E-1	1.393670E-4	1.393670E-4	3.548943E-6	3.548943E-6
2.100000E-1	1.468850E-4	1.468850E-4	3.740387E-6	3.740387E-6
2.200000E-1	1.537190E-4	1.537190E-4	3.914413E-6	3.914413E-6
2.300000E-1	1.614860E-4	1.614860E-4	4.112198E-6	4.112198E-6
2.400000E-1	1.683680E-4	1.683680E-4	4.287446E-6	4.287446E-6
2.500000E-1	1.746230E-4	1.746230E-4	4.446728E-6	4.446728E-6
2.600000E-1	1.822270E-4	1.822270E-4	4.640362E-6	4.640362E-6
2.700000E-1	1.900910E-4	1.900910E-4	4.840616E-6	4.840616E-6
2.800000E-1	1.968450E-4	1.968450E-4	5.012605E-6	5.012605E-6
2.900000E-1	2.049520E-4	2.049520E-4	5.219048E-6	5.219048E-6
3.000000E-1	2.121690E-4	2.121690E-4	5.402827E-6	5.402827E-6
3.100000E-1	2.181580E-4	2.181580E-4	5.555335E-6	5.555335E-6
3.200000E-1	2.252370E-4	2.252370E-4	5.735600E-6	5.735600E-6
3.300000E-1	2.328890E-4	2.328890E-4	5.930456E-6	5.930456E-6
3.400000E-1	2.422420E-4	2.422420E-4	6.168627E-6	6.168627E-6
3.500000E-1	2.508100E-4	2.508100E-4	6.386809E-6	6.386809E-6
3.600000E-1	2.576520E-4	2.576520E-4	6.561039E-6	6.561039E-6
3.700000E-1	2.656910E-4	2.656910E-4	6.765750E-6	6.765750E-6
3.800000E-1	2.733330E-4	2.733330E-4	6.960351E-6	6.960351E-6
3.900000E-1	2.802800E-4	2.802800E-4	7.137255E-6	7.137255E-6
4.000000E-1	2.861360E-4	2.861360E-4	7.286376E-6	7.286376E-6
4.100000E-1	2.939000E-4	2.939000E-4	7.484084E-6	7.484084E-6
4.200000E-1	3.030900E-4	3.030900E-4	7.718105E-6	7.718105E-6
4.300000E-1	3.120300E-4	3.120300E-4	7.945760E-6	7.945760E-6
4.400000E-1	3.195700E-4	3.195700E-4	8.137764E-6	8.137764E-6
4.500000E-1	3.299410E-4	3.299410E-4	8.401859E-6	8.401859E-6
4.600000E-1	3.395890E-4	3.395890E-4	8.647543E-6	8.647543E-6
4.700000E-1	3.465660E-4	3.465660E-4	8.825210E-6	8.825210E-6
4.800000E-1	3.547190E-4	3.547190E-4	9.032824E-6	9.032824E-6
4.900000E-1	3.604440E-4	3.604440E-4	9.178610E-6	9.178610E-6
5.000000E-1	3.710350E-4	3.710350E-4	9.448306E-6	9.448306E-6
