

14:32:42	04/03/21


Ell Cont: 5,0x10,0

SMU1	V name:		V1
	I name:		I1
	Mode:		V
	Function:	VAR1
SMU2	V name:		V2
	I name:		I2
	Mode:		common
	Function:	const.
SMU3	off
SMU4	off
VMUs	off

Primary Source (VAR1):	single
	Sweep Spacing:	linear
	Start:		-0.500000
	Stop:		0.500000
	Step:		0.010000
	Compliance:	0.050000
Power Compliance OFF

Timing:		Integration Time:	medium
	Delay Time (sec):	0.000000
	Hold Time (sec):	0.000000
	Wait Time (sec):	1.000000

Secondary Source (VAR2):	OFF


   V1	   I1	Abs(I)	J (A\um²)	Abs(J)
-5.000000E-1	-1.274570E-4	1.274570E-4	-3.245658E-6	3.245658E-6
-4.900000E-1	-1.129830E-4	1.129830E-4	-2.877082E-6	2.877082E-6
-4.800000E-1	-1.116420E-4	1.116420E-4	-2.842934E-6	2.842934E-6
-4.700000E-1	-1.078880E-4	1.078880E-4	-2.747339E-6	2.747339E-6
-4.600000E-1	-1.085480E-4	1.085480E-4	-2.764146E-6	2.764146E-6
-4.500000E-1	-1.052350E-4	1.052350E-4	-2.679781E-6	2.679781E-6
-4.400000E-1	-1.011810E-4	1.011810E-4	-2.576547E-6	2.576547E-6
-4.300000E-1	-9.725990E-5	9.725990E-5	-2.476697E-6	2.476697E-6
-4.200000E-1	-9.239210E-5	9.239210E-5	-2.352740E-6	2.352740E-6
-4.100000E-1	-9.683690E-5	9.683690E-5	-2.465926E-6	2.465926E-6
-4.000000E-1	-9.765550E-5	9.765550E-5	-2.486771E-6	2.486771E-6
-3.900000E-1	-9.564950E-5	9.564950E-5	-2.435689E-6	2.435689E-6
-3.800000E-1	-9.302890E-5	9.302890E-5	-2.368956E-6	2.368956E-6
-3.700000E-1	-9.041090E-5	9.041090E-5	-2.302289E-6	2.302289E-6
-3.600000E-1	-8.659020E-5	8.659020E-5	-2.204996E-6	2.204996E-6
-3.500000E-1	-8.554810E-5	8.554810E-5	-2.178459E-6	2.178459E-6
-3.400000E-1	-8.305890E-5	8.305890E-5	-2.115073E-6	2.115073E-6
-3.300000E-1	-8.048430E-5	8.048430E-5	-2.049511E-6	2.049511E-6
-3.200000E-1	-7.643780E-5	7.643780E-5	-1.946468E-6	1.946468E-6
-3.100000E-1	-7.586350E-5	7.586350E-5	-1.931844E-6	1.931844E-6
-3.000000E-1	-7.326640E-5	7.326640E-5	-1.865709E-6	1.865709E-6
-2.900000E-1	-7.061800E-5	7.061800E-5	-1.798268E-6	1.798268E-6
-2.800000E-1	-6.828100E-5	6.828100E-5	-1.738757E-6	1.738757E-6
-2.700000E-1	-6.543870E-5	6.543870E-5	-1.666379E-6	1.666379E-6
-2.600000E-1	-6.293480E-5	6.293480E-5	-1.602618E-6	1.602618E-6
-2.500000E-1	-6.129710E-5	6.129710E-5	-1.560914E-6	1.560914E-6
-2.400000E-1	-5.839670E-5	5.839670E-5	-1.487056E-6	1.487056E-6
-2.300000E-1	-5.600050E-5	5.600050E-5	-1.426038E-6	1.426038E-6
-2.200000E-1	-5.265520E-5	5.265520E-5	-1.340851E-6	1.340851E-6
-2.100000E-1	-4.807840E-5	4.807840E-5	-1.224304E-6	1.224304E-6
-2.000000E-1	-4.370480E-5	4.370480E-5	-1.112931E-6	1.112931E-6
-1.900000E-1	-4.110840E-5	4.110840E-5	-1.046814E-6	1.046814E-6
-1.800000E-1	-3.900340E-5	3.900340E-5	-9.932111E-7	9.932111E-7
-1.700000E-1	-3.679480E-5	3.679480E-5	-9.369697E-7	9.369697E-7
-1.600000E-1	-3.609090E-5	3.609090E-5	-9.190451E-7	9.190451E-7
-1.500000E-1	-3.419640E-5	3.419640E-5	-8.708021E-7	8.708021E-7
-1.400000E-1	-3.118830E-5	3.118830E-5	-7.942017E-7	7.942017E-7
-1.300000E-1	-2.890950E-5	2.890950E-5	-7.361726E-7	7.361726E-7
-1.200000E-1	-2.664540E-5	2.664540E-5	-6.785179E-7	6.785179E-7
-1.100000E-1	-2.435610E-5	2.435610E-5	-6.202215E-7	6.202215E-7
-1.000000E-1	-2.203840E-5	2.203840E-5	-5.612019E-7	5.612019E-7
-9.000000E-2	-2.001380E-5	2.001380E-5	-5.096460E-7	5.096460E-7
-8.000000E-2	-1.837740E-5	1.837740E-5	-4.679755E-7	4.679755E-7
-7.000000E-2	-1.632630E-5	1.632630E-5	-4.157448E-7	4.157448E-7
-6.000000E-2	-1.403280E-5	1.403280E-5	-3.573415E-7	3.573415E-7
-5.000000E-2	-1.180790E-5	1.180790E-5	-3.006850E-7	3.006850E-7
-4.000000E-2	-9.303700E-6	9.303700E-6	-2.369162E-7	2.369162E-7
-3.000000E-2	-6.959210E-6	6.959210E-6	-1.772144E-7	1.772144E-7
-2.000000E-2	-4.661170E-6	4.661170E-6	-1.186954E-7	1.186954E-7
-1.000000E-2	-2.364890E-6	2.364890E-6	-6.022129E-8	6.022129E-8
0.000000E+0	-1.808350E-8	1.808350E-8	-4.604915E-10	4.604915E-10
1.000000E-2	2.274240E-6	2.274240E-6	5.791291E-8	5.791291E-8
2.000000E-2	4.606090E-6	4.606090E-6	1.172928E-7	1.172928E-7
3.000000E-2	6.907880E-6	6.907880E-6	1.759073E-7	1.759073E-7
4.000000E-2	9.178920E-6	9.178920E-6	2.337387E-7	2.337387E-7
5.000000E-2	1.153890E-5	1.153890E-5	2.938350E-7	2.938350E-7
6.000000E-2	1.400490E-5	1.400490E-5	3.566310E-7	3.566310E-7
7.000000E-2	1.634040E-5	1.634040E-5	4.161039E-7	4.161039E-7
8.000000E-2	1.876550E-5	1.876550E-5	4.778584E-7	4.778584E-7
9.000000E-2	2.125150E-5	2.125150E-5	5.411637E-7	5.411637E-7
1.000000E-1	2.402430E-5	2.402430E-5	6.117723E-7	6.117723E-7
1.100000E-1	2.659010E-5	2.659010E-5	6.771097E-7	6.771097E-7
1.200000E-1	2.879170E-5	2.879170E-5	7.331729E-7	7.331729E-7
1.300000E-1	3.090710E-5	3.090710E-5	7.870410E-7	7.870410E-7
1.400000E-1	3.372650E-5	3.372650E-5	8.588363E-7	8.588363E-7
1.500000E-1	3.625770E-5	3.625770E-5	9.232926E-7	9.232926E-7
1.600000E-1	3.887050E-5	3.887050E-5	9.898268E-7	9.898268E-7
1.700000E-1	4.152330E-5	4.152330E-5	1.057380E-6	1.057380E-6
1.800000E-1	4.405180E-5	4.405180E-5	1.121767E-6	1.121767E-6
1.900000E-1	4.585570E-5	4.585570E-5	1.167703E-6	1.167703E-6
2.000000E-1	4.840080E-5	4.840080E-5	1.232513E-6	1.232513E-6
2.100000E-1	5.069110E-5	5.069110E-5	1.290835E-6	1.290835E-6
2.200000E-1	5.321750E-5	5.321750E-5	1.355169E-6	1.355169E-6
2.300000E-1	5.552370E-5	5.552370E-5	1.413896E-6	1.413896E-6
2.400000E-1	5.813760E-5	5.813760E-5	1.480458E-6	1.480458E-6
2.500000E-1	6.003750E-5	6.003750E-5	1.528839E-6	1.528839E-6
2.600000E-1	6.302440E-5	6.302440E-5	1.604899E-6	1.604899E-6
2.700000E-1	6.568980E-5	6.568980E-5	1.672773E-6	1.672773E-6
2.800000E-1	6.764820E-5	6.764820E-5	1.722643E-6	1.722643E-6
2.900000E-1	7.096600E-5	7.096600E-5	1.807130E-6	1.807130E-6
3.000000E-1	7.414080E-5	7.414080E-5	1.887976E-6	1.887976E-6
3.100000E-1	7.598870E-5	7.598870E-5	1.935032E-6	1.935032E-6
3.200000E-1	7.974750E-5	7.974750E-5	2.030749E-6	2.030749E-6
3.300000E-1	8.658290E-5	8.658290E-5	2.204810E-6	2.204810E-6
3.400000E-1	8.664380E-5	8.664380E-5	2.206361E-6	2.206361E-6
3.500000E-1	8.906740E-5	8.906740E-5	2.268077E-6	2.268077E-6
3.600000E-1	9.235510E-5	9.235510E-5	2.351798E-6	2.351798E-6
3.700000E-1	1.062544E-4	1.062544E-4	2.705740E-6	2.705740E-6
3.800000E-1	1.456600E-4	1.456600E-4	3.709193E-6	3.709193E-6
3.900000E-1	1.605900E-4	1.605900E-4	4.089381E-6	4.089381E-6
4.000000E-1	1.679060E-4	1.679060E-4	4.275681E-6	4.275681E-6
4.100000E-1	1.707330E-4	1.707330E-4	4.347670E-6	4.347670E-6
4.200000E-1	1.886770E-4	1.886770E-4	4.804609E-6	4.804609E-6
4.300000E-1	2.267100E-4	2.267100E-4	5.773109E-6	5.773109E-6
4.400000E-1	2.446780E-4	2.446780E-4	6.230659E-6	6.230659E-6
4.500000E-1	2.753240E-4	2.753240E-4	7.011052E-6	7.011052E-6
4.600000E-1	2.936500E-4	2.936500E-4	7.477718E-6	7.477718E-6
4.700000E-1	3.268030E-4	3.268030E-4	8.321951E-6	8.321951E-6
4.800000E-1	3.339890E-4	3.339890E-4	8.504940E-6	8.504940E-6
4.900000E-1	3.321840E-4	3.321840E-4	8.458976E-6	8.458976E-6
5.000000E-1	3.468980E-4	3.468980E-4	8.833664E-6	8.833664E-6
