

11:34:54	08/03/21


Ell Cont: 5,0x10,0

SMU1	V name:		V1
	I name:		I1
	Mode:		V
	Function:	VAR1
SMU2	V name:		V2
	I name:		I2
	Mode:		common
	Function:	const.
SMU3	off
SMU4	off
VMUs	off

Primary Source (VAR1):	single
	Sweep Spacing:	linear
	Start:		-0.500000
	Stop:		0.500000
	Step:		0.010000
	Compliance:	0.050000
Power Compliance OFF

Timing:		Integration Time:	medium
	Delay Time (sec):	0.000000
	Hold Time (sec):	0.000000
	Wait Time (sec):	1.000000

Secondary Source (VAR2):	OFF


   V1	   I1	Abs(I)	J (A\µm²)	Abs(J)
-5.000000E-1	-1.539110E-4	1.539110E-4	-3.919302E-6	3.919302E-6
-4.900000E-1	-1.477940E-4	1.477940E-4	-3.763534E-6	3.763534E-6
-4.800000E-1	-1.289870E-4	1.289870E-4	-3.284619E-6	3.284619E-6
-4.700000E-1	-1.161920E-4	1.161920E-4	-2.958798E-6	2.958798E-6
-4.600000E-1	-1.223190E-4	1.223190E-4	-3.114820E-6	3.114820E-6
-4.500000E-1	-1.078480E-4	1.078480E-4	-2.746320E-6	2.746320E-6
-4.400000E-1	-1.126970E-4	1.126970E-4	-2.869799E-6	2.869799E-6
-4.300000E-1	-1.051640E-4	1.051640E-4	-2.677973E-6	2.677973E-6
-4.200000E-1	-9.806760E-5	9.806760E-5	-2.497265E-6	2.497265E-6
-4.100000E-1	-9.291770E-5	9.291770E-5	-2.366124E-6	2.366124E-6
-4.000000E-1	-8.900790E-5	8.900790E-5	-2.266562E-6	2.266562E-6
-3.900000E-1	-9.582080E-5	9.582080E-5	-2.440051E-6	2.440051E-6
-3.800000E-1	-9.290540E-5	9.290540E-5	-2.365811E-6	2.365811E-6
-3.700000E-1	-8.473350E-5	8.473350E-5	-2.157716E-6	2.157716E-6
-3.600000E-1	-8.993320E-5	8.993320E-5	-2.290125E-6	2.290125E-6
-3.500000E-1	-7.368520E-5	7.368520E-5	-1.876374E-6	1.876374E-6
-3.400000E-1	-7.293870E-5	7.293870E-5	-1.857364E-6	1.857364E-6
-3.300000E-1	-6.435830E-5	6.435830E-5	-1.638867E-6	1.638867E-6
-3.200000E-1	-7.190480E-5	7.190480E-5	-1.831036E-6	1.831036E-6
-3.100000E-1	-6.596300E-5	6.596300E-5	-1.679730E-6	1.679730E-6
-3.000000E-1	-6.695220E-5	6.695220E-5	-1.704920E-6	1.704920E-6
-2.900000E-1	-6.597660E-5	6.597660E-5	-1.680076E-6	1.680076E-6
-2.800000E-1	-5.801820E-5	5.801820E-5	-1.477418E-6	1.477418E-6
-2.700000E-1	-6.440490E-5	6.440490E-5	-1.640053E-6	1.640053E-6
-2.600000E-1	-5.922770E-5	5.922770E-5	-1.508217E-6	1.508217E-6
-2.500000E-1	-5.283080E-5	5.283080E-5	-1.345322E-6	1.345322E-6
-2.400000E-1	-4.779080E-5	4.779080E-5	-1.216980E-6	1.216980E-6
-2.300000E-1	-3.750160E-5	3.750160E-5	-9.549682E-7	9.549682E-7
-2.200000E-1	-3.267810E-5	3.267810E-5	-8.321390E-7	8.321390E-7
-2.100000E-1	-2.706870E-5	2.706870E-5	-6.892972E-7	6.892972E-7
-2.000000E-1	-2.239710E-5	2.239710E-5	-5.703361E-7	5.703361E-7
-1.900000E-1	-1.899790E-5	1.899790E-5	-4.837764E-7	4.837764E-7
-1.800000E-1	-1.636580E-5	1.636580E-5	-4.167507E-7	4.167507E-7
-1.700000E-1	-1.192520E-5	1.192520E-5	-3.036720E-7	3.036720E-7
-1.600000E-1	-7.492840E-6	7.492840E-6	-1.908032E-7	1.908032E-7
-1.500000E-1	-3.393100E-6	3.393100E-6	-8.640438E-8	8.640438E-8
-1.400000E-1	-2.466890E-6	2.466890E-6	-6.281869E-8	6.281869E-8
-1.300000E-1	-2.181700E-6	2.181700E-6	-5.555640E-8	5.555640E-8
-1.200000E-1	-1.878830E-6	1.878830E-6	-4.784390E-8	4.784390E-8
-1.100000E-1	-1.520680E-6	1.520680E-6	-3.872371E-8	3.872371E-8
-1.000000E-1	-1.327900E-6	1.327900E-6	-3.381462E-8	3.381462E-8
-9.000000E-2	-1.163560E-6	1.163560E-6	-2.962974E-8	2.962974E-8
-8.000000E-2	-9.983600E-7	9.983600E-7	-2.542297E-8	2.542297E-8
-7.000000E-2	-7.574930E-7	7.574930E-7	-1.928936E-8	1.928936E-8
-6.000000E-2	-6.313780E-7	6.313780E-7	-1.607787E-8	1.607787E-8
-5.000000E-2	-5.356850E-7	5.356850E-7	-1.364107E-8	1.364107E-8
-4.000000E-2	-4.268970E-7	4.268970E-7	-1.087082E-8	1.087082E-8
-3.000000E-2	-3.104560E-7	3.104560E-7	-7.905679E-9	7.905679E-9
-2.000000E-2	-2.048270E-7	2.048270E-7	-5.215864E-9	5.215864E-9
-1.000000E-2	-1.034570E-7	1.034570E-7	-2.634505E-9	2.634505E-9
0.000000E+0	-2.606190E-9	2.606190E-9	-6.636593E-11	6.636593E-11
1.000000E-2	1.170030E-7	1.170030E-7	2.979450E-9	2.979450E-9
2.000000E-2	2.361030E-7	2.361030E-7	6.012299E-9	6.012299E-9
3.000000E-2	3.716020E-7	3.716020E-7	9.462745E-9	9.462745E-9
4.000000E-2	5.306350E-7	5.306350E-7	1.351248E-8	1.351248E-8
5.000000E-2	7.026180E-7	7.026180E-7	1.789198E-8	1.789198E-8
6.000000E-2	9.264190E-7	9.264190E-7	2.359101E-8	2.359101E-8
7.000000E-2	1.048679E-6	1.048679E-6	2.670433E-8	2.670433E-8
8.000000E-2	1.432680E-6	1.432680E-6	3.648281E-8	3.648281E-8
9.000000E-2	1.692890E-6	1.692890E-6	4.310899E-8	4.310899E-8
1.000000E-1	1.782410E-6	1.782410E-6	4.538859E-8	4.538859E-8
1.100000E-1	2.346010E-6	2.346010E-6	5.974051E-8	5.974051E-8
1.200000E-1	2.837210E-6	2.837210E-6	7.224879E-8	7.224879E-8
1.300000E-1	3.802960E-6	3.802960E-6	9.684135E-8	9.684135E-8
1.400000E-1	6.114500E-6	6.114500E-6	1.557041E-7	1.557041E-7
1.500000E-1	7.825730E-6	7.825730E-6	1.992801E-7	1.992801E-7
1.600000E-1	9.653830E-6	9.653830E-6	2.458322E-7	2.458322E-7
1.700000E-1	1.332580E-5	1.332580E-5	3.393379E-7	3.393379E-7
1.800000E-1	1.528340E-5	1.528340E-5	3.891877E-7	3.891877E-7
1.900000E-1	1.925130E-5	1.925130E-5	4.902292E-7	4.902292E-7
2.000000E-1	2.285790E-5	2.285790E-5	5.820703E-7	5.820703E-7
2.100000E-1	2.583270E-5	2.583270E-5	6.578228E-7	6.578228E-7
2.200000E-1	2.535600E-5	2.535600E-5	6.456837E-7	6.456837E-7
2.300000E-1	2.767740E-5	2.767740E-5	7.047975E-7	7.047975E-7
2.400000E-1	3.109280E-5	3.109280E-5	7.917698E-7	7.917698E-7
2.500000E-1	3.128390E-5	3.128390E-5	7.966361E-7	7.966361E-7
2.600000E-1	3.715980E-5	3.715980E-5	9.462643E-7	9.462643E-7
2.700000E-1	4.116090E-5	4.116090E-5	1.048151E-6	1.048151E-6
2.800000E-1	4.592830E-5	4.592830E-5	1.169552E-6	1.169552E-6
2.900000E-1	4.753940E-5	4.753940E-5	1.210578E-6	1.210578E-6
3.000000E-1	5.322010E-5	5.322010E-5	1.355236E-6	1.355236E-6
3.100000E-1	5.499620E-5	5.499620E-5	1.400463E-6	1.400463E-6
3.200000E-1	5.744970E-5	5.744970E-5	1.462941E-6	1.462941E-6
3.300000E-1	6.315970E-5	6.315970E-5	1.608345E-6	1.608345E-6
3.400000E-1	6.836030E-5	6.836030E-5	1.740777E-6	1.740777E-6
3.500000E-1	7.449310E-5	7.449310E-5	1.896947E-6	1.896947E-6
3.600000E-1	7.766370E-5	7.766370E-5	1.977685E-6	1.977685E-6
3.700000E-1	8.770410E-5	8.770410E-5	2.233361E-6	2.233361E-6
3.800000E-1	9.517350E-5	9.517350E-5	2.423568E-6	2.423568E-6
3.900000E-1	9.651480E-5	9.651480E-5	2.457723E-6	2.457723E-6
4.000000E-1	1.027421E-4	1.027421E-4	2.616300E-6	2.616300E-6
4.100000E-1	1.079211E-4	1.079211E-4	2.748182E-6	2.748182E-6
4.200000E-1	1.114247E-4	1.114247E-4	2.837400E-6	2.837400E-6
4.300000E-1	1.200140E-4	1.200140E-4	3.056124E-6	3.056124E-6
4.400000E-1	1.268180E-4	1.268180E-4	3.229386E-6	3.229386E-6
4.500000E-1	1.326690E-4	1.326690E-4	3.378380E-6	3.378380E-6
4.600000E-1	1.338120E-4	1.338120E-4	3.407487E-6	3.407487E-6
4.700000E-1	1.347460E-4	1.347460E-4	3.431271E-6	3.431271E-6
4.800000E-1	1.429790E-4	1.429790E-4	3.640922E-6	3.640922E-6
4.900000E-1	1.521470E-4	1.521470E-4	3.874382E-6	3.874382E-6
5.000000E-1	1.560080E-4	1.560080E-4	3.972702E-6	3.972702E-6
