

11:40:17	08/03/21


Ell Cont: 5,0x10,0

SMU1	V name:		V1
	I name:		I1
	Mode:		V
	Function:	VAR1
SMU2	V name:		V2
	I name:		I2
	Mode:		common
	Function:	const.
SMU3	off
SMU4	off
VMUs	off

Primary Source (VAR1):	single
	Sweep Spacing:	linear
	Start:		-0.500000
	Stop:		0.500000
	Step:		0.010000
	Compliance:	0.050000
Power Compliance OFF

Timing:		Integration Time:	medium
	Delay Time (sec):	0.000000
	Hold Time (sec):	0.000000
	Wait Time (sec):	1.000000

Secondary Source (VAR2):	OFF


   V1	   I1	Abs(I)	J (A\um²)	Abs(J)
-5.000000E-1	7.900000E-13	7.900000E-13	2.011714E-14	2.011714E-14
-4.900000E-1	1.500000E-12	1.500000E-12	3.819710E-14	3.819710E-14
-4.800000E-1	5.310000E-12	5.310000E-12	1.352177E-13	1.352177E-13
-4.700000E-1	1.152000E-11	1.152000E-11	2.933537E-13	2.933537E-13
-4.600000E-1	2.710000E-12	2.710000E-12	6.900942E-14	6.900942E-14
-4.500000E-1	-1.242000E-11	1.242000E-11	-3.162720E-13	3.162720E-13
-4.400000E-1	1.100000E-13	1.100000E-13	2.801120E-15	2.801120E-15
-4.300000E-1	1.325000E-11	1.325000E-11	3.374077E-13	3.374077E-13
-4.200000E-1	4.950000E-12	4.950000E-12	1.260504E-13	1.260504E-13
-4.100000E-1	4.900000E-13	4.900000E-13	1.247772E-14	1.247772E-14
-4.000000E-1	3.140000E-12	3.140000E-12	7.995926E-14	7.995926E-14
-3.900000E-1	5.820000E-12	5.820000E-12	1.482047E-13	1.482047E-13
-3.800000E-1	2.400000E-12	2.400000E-12	6.111535E-14	6.111535E-14
-3.700000E-1	1.990000E-12	1.990000E-12	5.067481E-14	5.067481E-14
-3.600000E-1	2.300000E-12	2.300000E-12	5.856888E-14	5.856888E-14
-3.500000E-1	6.200000E-13	6.200000E-13	1.578813E-14	1.578813E-14
-3.400000E-1	9.400000E-13	9.400000E-13	2.393685E-14	2.393685E-14
-3.300000E-1	1.490000E-12	1.490000E-12	3.794245E-14	3.794245E-14
-3.200000E-1	3.400000E-12	3.400000E-12	8.658009E-14	8.658009E-14
-3.100000E-1	1.670000E-12	1.670000E-12	4.252610E-14	4.252610E-14
-3.000000E-1	1.700000E-13	1.700000E-13	4.329004E-15	4.329004E-15
-2.900000E-1	1.430000E-12	1.430000E-12	3.641457E-14	3.641457E-14
-2.800000E-1	7.800000E-13	7.800000E-13	1.986249E-14	1.986249E-14
-2.700000E-1	5.400000E-13	5.400000E-13	1.375095E-14	1.375095E-14
-2.600000E-1	1.470000E-12	1.470000E-12	3.743315E-14	3.743315E-14
-2.500000E-1	2.500000E-12	2.500000E-12	6.366183E-14	6.366183E-14
-2.400000E-1	4.850000E-12	4.850000E-12	1.235039E-13	1.235039E-13
-2.300000E-1	2.350000E-12	2.350000E-12	5.984212E-14	5.984212E-14
-2.200000E-1	-3.870000E-12	3.870000E-12	-9.854851E-14	9.854851E-14
-2.100000E-1	-4.480000E-12	4.480000E-12	-1.140820E-13	1.140820E-13
-2.000000E-1	-2.210000E-12	2.210000E-12	-5.627706E-14	5.627706E-14
-1.900000E-1	-6.030000E-12	6.030000E-12	-1.535523E-13	1.535523E-13
-1.800000E-1	-8.440000E-12	8.440000E-12	-2.149223E-13	2.149223E-13
-1.700000E-1	-9.380000E-12	9.380000E-12	-2.388592E-13	2.388592E-13
-1.600000E-1	-4.480000E-12	4.480000E-12	-1.140820E-13	1.140820E-13
-1.500000E-1	-2.950000E-12	2.950000E-12	-7.512096E-14	7.512096E-14
-1.400000E-1	-3.740000E-12	3.740000E-12	-9.523809E-14	9.523809E-14
-1.300000E-1	-5.580000E-12	5.580000E-12	-1.420932E-13	1.420932E-13
-1.200000E-1	-3.650000E-12	3.650000E-12	-9.294627E-14	9.294627E-14
-1.100000E-1	-5.370000E-12	5.370000E-12	-1.367456E-13	1.367456E-13
-1.000000E-1	-5.540000E-12	5.540000E-12	-1.410746E-13	1.410746E-13
-9.000000E-2	-4.070000E-12	4.070000E-12	-1.036415E-13	1.036415E-13
-8.000000E-2	-1.150000E-12	1.150000E-12	-2.928444E-14	2.928444E-14
-7.000000E-2	1.000000E-14	1.000000E-14	2.546473E-16	2.546473E-16
-6.000000E-2	-6.600000E-13	6.600000E-13	-1.680672E-14	1.680672E-14
-5.000000E-2	-3.700000E-13	3.700000E-13	-9.421950E-15	9.421950E-15
-4.000000E-2	-7.200000E-13	7.200000E-13	-1.833461E-14	1.833461E-14
-3.000000E-2	-1.850000E-12	1.850000E-12	-4.710975E-14	4.710975E-14
-2.000000E-2	-1.150000E-12	1.150000E-12	-2.928444E-14	2.928444E-14
-1.000000E-2	-1.600000E-13	1.600000E-13	-4.074357E-15	4.074357E-15
0.000000E+0	1.400000E-13	1.400000E-13	3.565062E-15	3.565062E-15
1.000000E-2	9.600000E-13	9.600000E-13	2.444614E-14	2.444614E-14
2.000000E-2	1.530000E-12	1.530000E-12	3.896104E-14	3.896104E-14
3.000000E-2	7.000000E-13	7.000000E-13	1.782531E-14	1.782531E-14
4.000000E-2	1.600000E-13	1.600000E-13	4.074357E-15	4.074357E-15
5.000000E-2	-1.200000E-13	1.200000E-13	-3.055768E-15	3.055768E-15
6.000000E-2	-1.900000E-13	1.900000E-13	-4.838299E-15	4.838299E-15
7.000000E-2	-2.100000E-13	2.100000E-13	-5.347594E-15	5.347594E-15
8.000000E-2	1.400000E-12	1.400000E-12	3.565062E-14	3.565062E-14
9.000000E-2	8.800000E-13	8.800000E-13	2.240896E-14	2.240896E-14
1.000000E-1	3.100000E-13	3.100000E-13	7.894067E-15	7.894067E-15
1.100000E-1	7.700000E-13	7.700000E-13	1.960784E-14	1.960784E-14
1.200000E-1	1.050000E-12	1.050000E-12	2.673797E-14	2.673797E-14
1.300000E-1	3.200000E-13	3.200000E-13	8.148714E-15	8.148714E-15
1.400000E-1	9.700000E-13	9.700000E-13	2.470079E-14	2.470079E-14
1.500000E-1	6.500000E-13	6.500000E-13	1.655208E-14	1.655208E-14
1.600000E-1	1.500000E-13	1.500000E-13	3.819710E-15	3.819710E-15
1.700000E-1	0.000000E+0	0.000000E+0	0.000000E+0	0.000000E+0
1.800000E-1	-2.000000E-14	2.000000E-14	-5.092946E-16	5.092946E-16
1.900000E-1	-3.000000E-14	3.000000E-14	-7.639419E-16	7.639419E-16
2.000000E-1	-2.500000E-13	2.500000E-13	-6.366183E-15	6.366183E-15
2.100000E-1	2.000000E-13	2.000000E-13	5.092946E-15	5.092946E-15
2.200000E-1	9.000000E-14	9.000000E-14	2.291826E-15	2.291826E-15
2.300000E-1	-3.000000E-14	3.000000E-14	-7.639419E-16	7.639419E-16
2.400000E-1	4.400000E-13	4.400000E-13	1.120448E-14	1.120448E-14
2.500000E-1	-1.600000E-13	1.600000E-13	-4.074357E-15	4.074357E-15
2.600000E-1	4.400000E-13	4.400000E-13	1.120448E-14	1.120448E-14
2.700000E-1	-2.000000E-14	2.000000E-14	-5.092946E-16	5.092946E-16
2.800000E-1	-4.700000E-13	4.700000E-13	-1.196842E-14	1.196842E-14
2.900000E-1	-2.500000E-13	2.500000E-13	-6.366183E-15	6.366183E-15
3.000000E-1	4.100000E-13	4.100000E-13	1.044054E-14	1.044054E-14
3.100000E-1	6.900000E-13	6.900000E-13	1.757066E-14	1.757066E-14
3.200000E-1	5.100000E-13	5.100000E-13	1.298701E-14	1.298701E-14
3.300000E-1	7.100000E-13	7.100000E-13	1.807996E-14	1.807996E-14
3.400000E-1	4.700000E-13	4.700000E-13	1.196842E-14	1.196842E-14
3.500000E-1	3.200000E-13	3.200000E-13	8.148714E-15	8.148714E-15
3.600000E-1	2.400000E-13	2.400000E-13	6.111535E-15	6.111535E-15
3.700000E-1	2.300000E-13	2.300000E-13	5.856888E-15	5.856888E-15
3.800000E-1	3.400000E-13	3.400000E-13	8.658009E-15	8.658009E-15
3.900000E-1	1.400000E-13	1.400000E-13	3.565062E-15	3.565062E-15
4.000000E-1	8.500000E-13	8.500000E-13	2.164502E-14	2.164502E-14
4.100000E-1	1.280000E-12	1.280000E-12	3.259486E-14	3.259486E-14
4.200000E-1	1.760000E-12	1.760000E-12	4.481793E-14	4.481793E-14
4.300000E-1	1.000000E-14	1.000000E-14	2.546473E-16	2.546473E-16
4.400000E-1	-4.800000E-13	4.800000E-13	-1.222307E-14	1.222307E-14
4.500000E-1	-1.100000E-13	1.100000E-13	-2.801120E-15	2.801120E-15
4.600000E-1	-7.000000E-14	7.000000E-14	-1.782531E-15	1.782531E-15
4.700000E-1	1.100000E-13	1.100000E-13	2.801120E-15	2.801120E-15
4.800000E-1	-1.000000E-13	1.000000E-13	-2.546473E-15	2.546473E-15
4.900000E-1	9.000000E-14	9.000000E-14	2.291826E-15	2.291826E-15
5.000000E-1	9.000000E-14	9.000000E-14	2.291826E-15	2.291826E-15
