

11:42:48	08/03/21


Ell Cont: 5,0x10,0

SMU1	V name:		V1
	I name:		I1
	Mode:		V
	Function:	VAR1
SMU2	V name:		V2
	I name:		I2
	Mode:		common
	Function:	const.
SMU3	off
SMU4	off
VMUs	off

Primary Source (VAR1):	single
	Sweep Spacing:	linear
	Start:		-0.500000
	Stop:		0.500000
	Step:		0.010000
	Compliance:	0.050000
Power Compliance OFF

Timing:		Integration Time:	medium
	Delay Time (sec):	0.000000
	Hold Time (sec):	0.000000
	Wait Time (sec):	1.000000

Secondary Source (VAR2):	OFF


   V1	   I1	Abs(I)	J (A\µm²)	Abs(J)
-5.000000E-1	-1.508620E-5	1.508620E-5	-3.841660E-7	3.841660E-7
-4.900000E-1	-1.650570E-5	1.650570E-5	-4.203132E-7	4.203132E-7
-4.800000E-1	-1.540320E-5	1.540320E-5	-3.922383E-7	3.922383E-7
-4.700000E-1	-1.446500E-5	1.446500E-5	-3.683473E-7	3.683473E-7
-4.600000E-1	-1.407360E-5	1.407360E-5	-3.583804E-7	3.583804E-7
-4.500000E-1	-1.207930E-5	1.207930E-5	-3.075961E-7	3.075961E-7
-4.400000E-1	-1.135740E-5	1.135740E-5	-2.892131E-7	2.892131E-7
-4.300000E-1	-1.063170E-5	1.063170E-5	-2.707334E-7	2.707334E-7
-4.200000E-1	-1.023330E-5	1.023330E-5	-2.605882E-7	2.605882E-7
-4.100000E-1	-9.892730E-6	9.892730E-6	-2.519157E-7	2.519157E-7
-4.000000E-1	-9.438870E-6	9.438870E-6	-2.403583E-7	2.403583E-7
-3.900000E-1	-8.970290E-6	8.970290E-6	-2.284260E-7	2.284260E-7
-3.800000E-1	-8.483030E-6	8.483030E-6	-2.160181E-7	2.160181E-7
-3.700000E-1	-8.050790E-6	8.050790E-6	-2.050112E-7	2.050112E-7
-3.600000E-1	-7.711500E-6	7.711500E-6	-1.963713E-7	1.963713E-7
-3.500000E-1	-7.335560E-6	7.335560E-6	-1.867981E-7	1.867981E-7
-3.400000E-1	-6.605680E-6	6.605680E-6	-1.682119E-7	1.682119E-7
-3.300000E-1	-6.407900E-6	6.407900E-6	-1.631755E-7	1.631755E-7
-3.200000E-1	-6.149620E-6	6.149620E-6	-1.565984E-7	1.565984E-7
-3.100000E-1	-5.860430E-6	5.860430E-6	-1.492343E-7	1.492343E-7
-3.000000E-1	-5.650390E-6	5.650390E-6	-1.438857E-7	1.438857E-7
-2.900000E-1	-5.303610E-6	5.303610E-6	-1.350550E-7	1.350550E-7
-2.800000E-1	-4.936510E-6	4.936510E-6	-1.257069E-7	1.257069E-7
-2.700000E-1	-4.658920E-6	4.658920E-6	-1.186381E-7	1.186381E-7
-2.600000E-1	-4.349300E-6	4.349300E-6	-1.107538E-7	1.107538E-7
-2.500000E-1	-3.977760E-6	3.977760E-6	-1.012926E-7	1.012926E-7
-2.400000E-1	-3.872470E-6	3.872470E-6	-9.861141E-8	9.861141E-8
-2.300000E-1	-3.660740E-6	3.660740E-6	-9.321976E-8	9.321976E-8
-2.200000E-1	-3.380480E-6	3.380480E-6	-8.608301E-8	8.608301E-8
-2.100000E-1	-3.227780E-6	3.227780E-6	-8.219455E-8	8.219455E-8
-2.000000E-1	-3.016290E-6	3.016290E-6	-7.680901E-8	7.680901E-8
-1.900000E-1	-2.762260E-6	2.762260E-6	-7.034021E-8	7.034021E-8
-1.800000E-1	-2.593020E-6	2.593020E-6	-6.603056E-8	6.603056E-8
-1.700000E-1	-2.375810E-6	2.375810E-6	-6.049936E-8	6.049936E-8
-1.600000E-1	-2.227520E-6	2.227520E-6	-5.672320E-8	5.672320E-8
-1.500000E-1	-2.016650E-6	2.016650E-6	-5.135345E-8	5.135345E-8
-1.400000E-1	-1.858580E-6	1.858580E-6	-4.732824E-8	4.732824E-8
-1.300000E-1	-1.745900E-6	1.745900E-6	-4.445887E-8	4.445887E-8
-1.200000E-1	-1.573960E-6	1.573960E-6	-4.008047E-8	4.008047E-8
-1.100000E-1	-1.402010E-6	1.402010E-6	-3.570181E-8	3.570181E-8
-1.000000E-1	-1.291380E-6	1.291380E-6	-3.288464E-8	3.288464E-8
-9.000000E-2	-1.168410E-6	1.168410E-6	-2.975325E-8	2.975325E-8
-8.000000E-2	-1.004362E-6	1.004362E-6	-2.557581E-8	2.557581E-8
-7.000000E-2	-8.718270E-7	8.718270E-7	-2.220084E-8	2.220084E-8
-6.000000E-2	-7.339410E-7	7.339410E-7	-1.868961E-8	1.868961E-8
-5.000000E-2	-6.121060E-7	6.121060E-7	-1.558711E-8	1.558711E-8
-4.000000E-2	-4.928350E-7	4.928350E-7	-1.254991E-8	1.254991E-8
-3.000000E-2	-3.699070E-7	3.699070E-7	-9.419582E-9	9.419582E-9
-2.000000E-2	-2.462370E-7	2.462370E-7	-6.270359E-9	6.270359E-9
-1.000000E-2	-1.253880E-7	1.253880E-7	-3.192972E-9	3.192972E-9
0.000000E+0	-8.713600E-10	8.713600E-10	-2.218895E-11	2.218895E-11
1.000000E-2	1.199400E-7	1.199400E-7	3.054240E-9	3.054240E-9
2.000000E-2	2.464860E-7	2.464860E-7	6.276700E-9	6.276700E-9
3.000000E-2	3.691030E-7	3.691030E-7	9.399109E-9	9.399109E-9
4.000000E-2	4.927730E-7	4.927730E-7	1.254833E-8	1.254833E-8
5.000000E-2	6.195330E-7	6.195330E-7	1.577624E-8	1.577624E-8
6.000000E-2	7.565870E-7	7.565870E-7	1.926628E-8	1.926628E-8
7.000000E-2	8.921690E-7	8.921690E-7	2.271884E-8	2.271884E-8
8.000000E-2	1.020610E-6	1.020610E-6	2.598956E-8	2.598956E-8
9.000000E-2	1.173520E-6	1.173520E-6	2.988337E-8	2.988337E-8
1.000000E-1	1.298560E-6	1.298560E-6	3.306748E-8	3.306748E-8
1.100000E-1	1.450440E-6	1.450440E-6	3.693506E-8	3.693506E-8
1.200000E-1	1.571870E-6	1.571870E-6	4.002725E-8	4.002725E-8
1.300000E-1	1.686740E-6	1.686740E-6	4.295238E-8	4.295238E-8
1.400000E-1	1.861170E-6	1.861170E-6	4.739419E-8	4.739419E-8
1.500000E-1	2.027870E-6	2.027870E-6	5.163916E-8	5.163916E-8
1.600000E-1	2.312100E-6	2.312100E-6	5.887700E-8	5.887700E-8
1.700000E-1	2.390760E-6	2.390760E-6	6.088006E-8	6.088006E-8
1.800000E-1	2.571640E-6	2.571640E-6	6.548612E-8	6.548612E-8
1.900000E-1	2.818050E-6	2.818050E-6	7.176089E-8	7.176089E-8
2.000000E-1	3.065720E-6	3.065720E-6	7.806774E-8	7.806774E-8
2.100000E-1	3.281980E-6	3.281980E-6	8.357474E-8	8.357474E-8
2.200000E-1	3.519780E-6	3.519780E-6	8.963025E-8	8.963025E-8
2.300000E-1	3.722360E-6	3.722360E-6	9.478890E-8	9.478890E-8
2.400000E-1	3.954800E-6	3.954800E-6	1.007079E-7	1.007079E-7
2.500000E-1	4.306300E-6	4.306300E-6	1.096588E-7	1.096588E-7
2.600000E-1	4.461320E-6	4.461320E-6	1.136063E-7	1.136063E-7
2.700000E-1	4.614370E-6	4.614370E-6	1.175037E-7	1.175037E-7
2.800000E-1	4.888290E-6	4.888290E-6	1.244790E-7	1.244790E-7
2.900000E-1	5.278400E-6	5.278400E-6	1.344130E-7	1.344130E-7
3.000000E-1	5.519720E-6	5.519720E-6	1.405582E-7	1.405582E-7
3.100000E-1	5.782810E-6	5.782810E-6	1.472577E-7	1.472577E-7
3.200000E-1	6.163350E-6	6.163350E-6	1.569481E-7	1.569481E-7
3.300000E-1	6.500180E-6	6.500180E-6	1.655253E-7	1.655253E-7
3.400000E-1	6.840250E-6	6.840250E-6	1.741851E-7	1.741851E-7
3.500000E-1	7.351050E-6	7.351050E-6	1.871925E-7	1.871925E-7
3.600000E-1	7.810310E-6	7.810310E-6	1.988874E-7	1.988874E-7
3.700000E-1	8.040460E-6	8.040460E-6	2.047482E-7	2.047482E-7
3.800000E-1	8.184380E-6	8.184380E-6	2.084130E-7	2.084130E-7
3.900000E-1	8.361210E-6	8.361210E-6	2.129160E-7	2.129160E-7
4.000000E-1	8.854810E-6	8.854810E-6	2.254854E-7	2.254854E-7
4.100000E-1	9.247020E-6	9.247020E-6	2.354729E-7	2.354729E-7
4.200000E-1	9.301850E-6	9.301850E-6	2.368691E-7	2.368691E-7
4.300000E-1	1.013912E-5	1.013912E-5	2.581900E-7	2.581900E-7
4.400000E-1	1.106789E-5	1.106789E-5	2.818408E-7	2.818408E-7
4.500000E-1	1.081415E-5	1.081415E-5	2.753794E-7	2.753794E-7
4.600000E-1	1.143709E-5	1.143709E-5	2.912424E-7	2.912424E-7
4.700000E-1	1.128800E-5	1.128800E-5	2.874459E-7	2.874459E-7
4.800000E-1	1.143810E-5	1.143810E-5	2.912681E-7	2.912681E-7
4.900000E-1	1.016580E-5	1.016580E-5	2.588694E-7	2.588694E-7
5.000000E-1	1.077750E-5	1.077750E-5	2.744461E-7	2.744461E-7
