

11:43:27	08/03/21


Ell Cont: 5,0x10,0

SMU1	V name:		V1
	I name:		I1
	Mode:		V
	Function:	VAR1
SMU2	V name:		V2
	I name:		I2
	Mode:		common
	Function:	const.
SMU3	off
SMU4	off
VMUs	off

Primary Source (VAR1):	single
	Sweep Spacing:	linear
	Start:		-0.500000
	Stop:		0.500000
	Step:		0.010000
	Compliance:	0.050000
Power Compliance OFF

Timing:		Integration Time:	medium
	Delay Time (sec):	0.000000
	Hold Time (sec):	0.000000
	Wait Time (sec):	1.000000

Secondary Source (VAR2):	OFF


   V1	   I1	Abs(I)	J (A\µm²)	Abs(J)
-5.000000E-1	-3.494970E-9	3.494970E-9	-8.899847E-11	8.899847E-11
-4.900000E-1	-3.413050E-9	3.413050E-9	-8.691240E-11	8.691240E-11
-4.800000E-1	-3.268940E-9	3.268940E-9	-8.324268E-11	8.324268E-11
-4.700000E-1	-3.055760E-9	3.055760E-9	-7.781411E-11	7.781411E-11
-4.600000E-1	-3.081390E-9	3.081390E-9	-7.846677E-11	7.846677E-11
-4.500000E-1	-2.998850E-9	2.998850E-9	-7.636491E-11	7.636491E-11
-4.400000E-1	-2.937200E-9	2.937200E-9	-7.479501E-11	7.479501E-11
-4.300000E-1	-2.686650E-9	2.686650E-9	-6.841482E-11	6.841482E-11
-4.200000E-1	-2.650040E-9	2.650040E-9	-6.748256E-11	6.748256E-11
-4.100000E-1	-2.562840E-9	2.562840E-9	-6.526203E-11	6.526203E-11
-4.000000E-1	-2.445880E-9	2.445880E-9	-6.228368E-11	6.228368E-11
-3.900000E-1	-2.397750E-9	2.397750E-9	-6.105806E-11	6.105806E-11
-3.800000E-1	-2.331850E-9	2.331850E-9	-5.937993E-11	5.937993E-11
-3.700000E-1	-2.262920E-9	2.262920E-9	-5.762465E-11	5.762465E-11
-3.600000E-1	-2.190810E-9	2.190810E-9	-5.578839E-11	5.578839E-11
-3.500000E-1	-2.066650E-9	2.066650E-9	-5.262669E-11	5.262669E-11
-3.400000E-1	-2.029580E-9	2.029580E-9	-5.168271E-11	5.168271E-11
-3.300000E-1	-1.988340E-9	1.988340E-9	-5.063254E-11	5.063254E-11
-3.200000E-1	-1.845050E-9	1.845050E-9	-4.698370E-11	4.698370E-11
-3.100000E-1	-1.784460E-9	1.784460E-9	-4.544079E-11	4.544079E-11
-3.000000E-1	-1.740670E-9	1.740670E-9	-4.432569E-11	4.432569E-11
-2.900000E-1	-1.677640E-9	1.677640E-9	-4.272065E-11	4.272065E-11
-2.800000E-1	-1.607010E-9	1.607010E-9	-4.092208E-11	4.092208E-11
-2.700000E-1	-1.549400E-9	1.549400E-9	-3.945505E-11	3.945505E-11
-2.600000E-1	-1.465420E-9	1.465420E-9	-3.731653E-11	3.731653E-11
-2.500000E-1	-1.381720E-9	1.381720E-9	-3.518513E-11	3.518513E-11
-2.400000E-1	-1.332210E-9	1.332210E-9	-3.392437E-11	3.392437E-11
-2.300000E-1	-1.248480E-9	1.248480E-9	-3.179221E-11	3.179221E-11
-2.200000E-1	-1.210200E-9	1.210200E-9	-3.081742E-11	3.081742E-11
-2.100000E-1	-1.117700E-9	1.117700E-9	-2.846193E-11	2.846193E-11
-2.000000E-1	-1.078570E-9	1.078570E-9	-2.746549E-11	2.746549E-11
-1.900000E-1	-9.799100E-10	9.799100E-10	-2.495314E-11	2.495314E-11
-1.800000E-1	-9.314000E-10	9.314000E-10	-2.371785E-11	2.371785E-11
-1.700000E-1	-8.791200E-10	8.791200E-10	-2.238655E-11	2.238655E-11
-1.600000E-1	-8.894000E-10	8.894000E-10	-2.264833E-11	2.264833E-11
-1.500000E-1	-7.706500E-10	7.706500E-10	-1.962439E-11	1.962439E-11
-1.400000E-1	-6.759900E-10	6.759900E-10	-1.721390E-11	1.721390E-11
-1.300000E-1	-6.367300E-10	6.367300E-10	-1.621416E-11	1.621416E-11
-1.200000E-1	-6.123300E-10	6.123300E-10	-1.559282E-11	1.559282E-11
-1.100000E-1	-5.500400E-10	5.500400E-10	-1.400662E-11	1.400662E-11
-1.000000E-1	-4.974300E-10	4.974300E-10	-1.266692E-11	1.266692E-11
-9.000000E-2	-4.419300E-10	4.419300E-10	-1.125363E-11	1.125363E-11
-8.000000E-2	-3.952800E-10	3.952800E-10	-1.006570E-11	1.006570E-11
-7.000000E-2	-3.436300E-10	3.436300E-10	-8.750446E-12	8.750446E-12
-6.000000E-2	-2.944200E-10	2.944200E-10	-7.497326E-12	7.497326E-12
-5.000000E-2	-2.473500E-10	2.473500E-10	-6.298701E-12	6.298701E-12
-4.000000E-2	-1.963100E-10	1.963100E-10	-4.998981E-12	4.998981E-12
-3.000000E-2	-1.464800E-10	1.464800E-10	-3.730074E-12	3.730074E-12
-2.000000E-2	-9.825000E-11	9.825000E-11	-2.501910E-12	2.501910E-12
-1.000000E-2	-4.978000E-11	4.978000E-11	-1.267634E-12	1.267634E-12
0.000000E+0	2.600000E-13	2.600000E-13	6.620830E-15	6.620830E-15
1.000000E-2	4.976000E-11	4.976000E-11	1.267125E-12	1.267125E-12
2.000000E-2	1.006200E-10	1.006200E-10	2.562261E-12	2.562261E-12
3.000000E-2	1.525900E-10	1.525900E-10	3.885663E-12	3.885663E-12
4.000000E-2	2.031900E-10	2.031900E-10	5.174179E-12	5.174179E-12
5.000000E-2	2.559600E-10	2.559600E-10	6.517953E-12	6.517953E-12
6.000000E-2	3.064600E-10	3.064600E-10	7.803921E-12	7.803921E-12
7.000000E-2	3.597900E-10	3.597900E-10	9.161956E-12	9.161956E-12
8.000000E-2	4.095100E-10	4.095100E-10	1.042806E-11	1.042806E-11
9.000000E-2	4.624900E-10	4.624900E-10	1.177718E-11	1.177718E-11
1.000000E-1	4.997500E-10	4.997500E-10	1.272600E-11	1.272600E-11
1.100000E-1	5.533100E-10	5.533100E-10	1.408989E-11	1.408989E-11
1.200000E-1	6.110500E-10	6.110500E-10	1.556022E-11	1.556022E-11
1.300000E-1	6.672000E-10	6.672000E-10	1.699007E-11	1.699007E-11
1.400000E-1	7.198300E-10	7.198300E-10	1.833028E-11	1.833028E-11
1.500000E-1	7.668800E-10	7.668800E-10	1.952839E-11	1.952839E-11
1.600000E-1	8.334200E-10	8.334200E-10	2.122282E-11	2.122282E-11
1.700000E-1	8.882900E-10	8.882900E-10	2.262007E-11	2.262007E-11
1.800000E-1	9.450000E-10	9.450000E-10	2.406417E-11	2.406417E-11
1.900000E-1	1.008090E-9	1.008090E-9	2.567074E-11	2.567074E-11
2.000000E-1	1.068620E-9	1.068620E-9	2.721212E-11	2.721212E-11
2.100000E-1	1.129420E-9	1.129420E-9	2.876038E-11	2.876038E-11
2.200000E-1	1.188770E-9	1.188770E-9	3.027171E-11	3.027171E-11
2.300000E-1	1.262330E-9	1.262330E-9	3.214489E-11	3.214489E-11
2.400000E-1	1.325010E-9	1.325010E-9	3.374102E-11	3.374102E-11
2.500000E-1	1.371200E-9	1.371200E-9	3.491724E-11	3.491724E-11
2.600000E-1	1.439050E-9	1.439050E-9	3.664502E-11	3.664502E-11
2.700000E-1	1.526610E-9	1.526610E-9	3.887471E-11	3.887471E-11
2.800000E-1	1.582440E-9	1.582440E-9	4.029641E-11	4.029641E-11
2.900000E-1	1.641080E-9	1.641080E-9	4.178966E-11	4.178966E-11
3.000000E-1	1.701350E-9	1.701350E-9	4.332442E-11	4.332442E-11
3.100000E-1	1.763100E-9	1.763100E-9	4.489687E-11	4.489687E-11
3.200000E-1	1.818680E-9	1.818680E-9	4.631220E-11	4.631220E-11
3.300000E-1	1.851160E-9	1.851160E-9	4.713929E-11	4.713929E-11
3.400000E-1	1.972810E-9	1.972810E-9	5.023708E-11	5.023708E-11
3.500000E-1	1.944120E-9	1.944120E-9	4.950649E-11	4.950649E-11
3.600000E-1	2.110060E-9	2.110060E-9	5.373211E-11	5.373211E-11
3.700000E-1	2.073630E-9	2.073630E-9	5.280443E-11	5.280443E-11
3.800000E-1	2.091750E-9	2.091750E-9	5.326585E-11	5.326585E-11
3.900000E-1	2.292790E-9	2.292790E-9	5.838528E-11	5.838528E-11
4.000000E-1	2.359900E-9	2.359900E-9	6.009422E-11	6.009422E-11
4.100000E-1	2.424390E-9	2.424390E-9	6.173644E-11	6.173644E-11
4.200000E-1	2.473020E-9	2.473020E-9	6.297479E-11	6.297479E-11
4.300000E-1	2.536720E-9	2.536720E-9	6.459689E-11	6.459689E-11
4.400000E-1	2.609370E-9	2.609370E-9	6.644691E-11	6.644691E-11
4.500000E-1	2.680810E-9	2.680810E-9	6.826611E-11	6.826611E-11
4.600000E-1	2.763260E-9	2.763260E-9	7.036567E-11	7.036567E-11
4.700000E-1	2.855470E-9	2.855470E-9	7.271378E-11	7.271378E-11
4.800000E-1	2.929290E-9	2.929290E-9	7.459358E-11	7.459358E-11
4.900000E-1	2.994830E-9	2.994830E-9	7.626254E-11	7.626254E-11
5.000000E-1	3.070950E-9	3.070950E-9	7.820092E-11	7.820092E-11
