

11:32:01	08/03/21


Ell Cont: 5,0x10,0

SMU1	V name:		V1
	I name:		I1
	Mode:		V
	Function:	VAR1
SMU2	V name:		V2
	I name:		I2
	Mode:		common
	Function:	const.
SMU3	off
SMU4	off
VMUs	off

Primary Source (VAR1):	single
	Sweep Spacing:	linear
	Start:		-0.500000
	Stop:		0.500000
	Step:		0.010000
	Compliance:	0.050000
Power Compliance OFF

Timing:		Integration Time:	medium
	Delay Time (sec):	0.000000
	Hold Time (sec):	0.000000
	Wait Time (sec):	1.000000

Secondary Source (VAR2):	OFF


   V1	   I1	Abs(I)	J (A\µm²)	Abs(J)
-5.000000E-1	-8.149190E-5	8.149190E-5	-2.075169E-6	2.075169E-6
-4.900000E-1	-7.901100E-5	7.901100E-5	-2.011994E-6	2.011994E-6
-4.800000E-1	-7.403090E-5	7.403090E-5	-1.885177E-6	1.885177E-6
-4.700000E-1	-6.907070E-5	6.907070E-5	-1.758867E-6	1.758867E-6
-4.600000E-1	-6.460830E-5	6.460830E-5	-1.645233E-6	1.645233E-6
-4.500000E-1	-6.029350E-5	6.029350E-5	-1.535358E-6	1.535358E-6
-4.400000E-1	-5.555490E-5	5.555490E-5	-1.414691E-6	1.414691E-6
-4.300000E-1	-5.476770E-5	5.476770E-5	-1.394645E-6	1.394645E-6
-4.200000E-1	-5.057030E-5	5.057030E-5	-1.287759E-6	1.287759E-6
-4.100000E-1	-4.836780E-5	4.836780E-5	-1.231673E-6	1.231673E-6
-4.000000E-1	-4.516660E-5	4.516660E-5	-1.150155E-6	1.150155E-6
-3.900000E-1	-4.529900E-5	4.529900E-5	-1.153527E-6	1.153527E-6
-3.800000E-1	-4.448380E-5	4.448380E-5	-1.132768E-6	1.132768E-6
-3.700000E-1	-4.061080E-5	4.061080E-5	-1.034143E-6	1.034143E-6
-3.600000E-1	-4.043900E-5	4.043900E-5	-1.029768E-6	1.029768E-6
-3.500000E-1	-3.445170E-5	3.445170E-5	-8.773033E-7	8.773033E-7
-3.400000E-1	-3.415400E-5	3.415400E-5	-8.697224E-7	8.697224E-7
-3.300000E-1	-3.118240E-5	3.118240E-5	-7.940514E-7	7.940514E-7
-3.200000E-1	-2.942060E-5	2.942060E-5	-7.491877E-7	7.491877E-7
-3.100000E-1	-2.711000E-5	2.711000E-5	-6.903489E-7	6.903489E-7
-3.000000E-1	-2.770050E-5	2.770050E-5	-7.053858E-7	7.053858E-7
-2.900000E-1	-2.467500E-5	2.467500E-5	-6.283422E-7	6.283422E-7
-2.800000E-1	-2.159030E-5	2.159030E-5	-5.497912E-7	5.497912E-7
-2.700000E-1	-2.016620E-5	2.016620E-5	-5.135269E-7	5.135269E-7
-2.600000E-1	-1.942450E-5	1.942450E-5	-4.946397E-7	4.946397E-7
-2.500000E-1	-1.738780E-5	1.738780E-5	-4.427757E-7	4.427757E-7
-2.400000E-1	-1.551180E-5	1.551180E-5	-3.950038E-7	3.950038E-7
-2.300000E-1	-1.601700E-5	1.601700E-5	-4.078686E-7	4.078686E-7
-2.200000E-1	-1.287600E-5	1.287600E-5	-3.278839E-7	3.278839E-7
-2.100000E-1	-1.187680E-5	1.187680E-5	-3.024395E-7	3.024395E-7
-2.000000E-1	-1.164380E-5	1.164380E-5	-2.965062E-7	2.965062E-7
-1.900000E-1	-9.866800E-6	9.866800E-6	-2.512554E-7	2.512554E-7
-1.800000E-1	-9.181410E-6	9.181410E-6	-2.338021E-7	2.338021E-7
-1.700000E-1	-8.442040E-6	8.442040E-6	-2.149743E-7	2.149743E-7
-1.600000E-1	-7.610160E-6	7.610160E-6	-1.937907E-7	1.937907E-7
-1.500000E-1	-6.947820E-6	6.947820E-6	-1.769244E-7	1.769244E-7
-1.400000E-1	-6.098620E-6	6.098620E-6	-1.552997E-7	1.552997E-7
-1.300000E-1	-6.139650E-6	6.139650E-6	-1.563445E-7	1.563445E-7
-1.200000E-1	-5.136900E-6	5.136900E-6	-1.308098E-7	1.308098E-7
-1.100000E-1	-4.764650E-6	4.764650E-6	-1.213305E-7	1.213305E-7
-1.000000E-1	-4.409280E-6	4.409280E-6	-1.122811E-7	1.122811E-7
-9.000000E-2	-3.769570E-6	3.769570E-6	-9.599109E-8	9.599109E-8
-8.000000E-2	-3.415920E-6	3.415920E-6	-8.698548E-8	8.698548E-8
-7.000000E-2	-2.652100E-6	2.652100E-6	-6.753501E-8	6.753501E-8
-6.000000E-2	-2.194510E-6	2.194510E-6	-5.588261E-8	5.588261E-8
-5.000000E-2	-1.765570E-6	1.765570E-6	-4.495977E-8	4.495977E-8
-4.000000E-2	-1.388360E-6	1.388360E-6	-3.535421E-8	3.535421E-8
-3.000000E-2	-1.116030E-6	1.116030E-6	-2.841940E-8	2.841940E-8
-2.000000E-2	-7.316150E-7	7.316150E-7	-1.863038E-8	1.863038E-8
-1.000000E-2	-3.479510E-7	3.479510E-7	-8.860479E-9	8.860479E-9
0.000000E+0	-1.752660E-9	1.752660E-9	-4.463102E-11	4.463102E-11
1.000000E-2	3.313850E-7	3.313850E-7	8.438630E-9	8.438630E-9
2.000000E-2	6.273660E-7	6.273660E-7	1.597571E-8	1.597571E-8
3.000000E-2	9.959110E-7	9.959110E-7	2.536061E-8	2.536061E-8
4.000000E-2	1.397120E-6	1.397120E-6	3.557729E-8	3.557729E-8
5.000000E-2	1.762170E-6	1.762170E-6	4.487319E-8	4.487319E-8
6.000000E-2	2.114410E-6	2.114410E-6	5.384288E-8	5.384288E-8
7.000000E-2	2.305080E-6	2.305080E-6	5.869824E-8	5.869824E-8
8.000000E-2	2.852080E-6	2.852080E-6	7.262745E-8	7.262745E-8
9.000000E-2	3.469740E-6	3.469740E-6	8.835600E-8	8.835600E-8
1.000000E-1	3.962900E-6	3.962900E-6	1.009142E-7	1.009142E-7
1.100000E-1	4.937640E-6	4.937640E-6	1.257357E-7	1.257357E-7
1.200000E-1	5.378530E-6	5.378530E-6	1.369628E-7	1.369628E-7
1.300000E-1	5.627040E-6	5.627040E-6	1.432911E-7	1.432911E-7
1.400000E-1	5.857480E-6	5.857480E-6	1.491592E-7	1.491592E-7
1.500000E-1	6.741310E-6	6.741310E-6	1.716656E-7	1.716656E-7
1.600000E-1	7.251360E-6	7.251360E-6	1.846539E-7	1.846539E-7
1.700000E-1	9.427710E-6	9.427710E-6	2.400741E-7	2.400741E-7
1.800000E-1	9.879100E-6	9.879100E-6	2.515686E-7	2.515686E-7
1.900000E-1	1.096720E-5	1.096720E-5	2.792768E-7	2.792768E-7
2.000000E-1	1.237590E-5	1.237590E-5	3.151490E-7	3.151490E-7
2.100000E-1	1.284030E-5	1.284030E-5	3.269748E-7	3.269748E-7
2.200000E-1	1.403220E-5	1.403220E-5	3.573262E-7	3.573262E-7
2.300000E-1	1.566630E-5	1.566630E-5	3.989381E-7	3.989381E-7
2.400000E-1	1.721990E-5	1.721990E-5	4.385001E-7	4.385001E-7
2.500000E-1	1.710730E-5	1.710730E-5	4.356328E-7	4.356328E-7
2.600000E-1	1.996760E-5	1.996760E-5	5.084696E-7	5.084696E-7
2.700000E-1	2.220170E-5	2.220170E-5	5.653603E-7	5.653603E-7
2.800000E-1	2.216710E-5	2.216710E-5	5.644792E-7	5.644792E-7
2.900000E-1	2.712040E-5	2.712040E-5	6.906137E-7	6.906137E-7
3.000000E-1	2.908440E-5	2.908440E-5	7.406264E-7	7.406264E-7
3.100000E-1	3.178840E-5	3.178840E-5	8.094831E-7	8.094831E-7
3.200000E-1	3.458920E-5	3.458920E-5	8.808047E-7	8.808047E-7
3.300000E-1	3.839320E-5	3.839320E-5	9.776725E-7	9.776725E-7
3.400000E-1	4.187400E-5	4.187400E-5	1.066310E-6	1.066310E-6
3.500000E-1	4.576100E-5	4.576100E-5	1.165292E-6	1.165292E-6
3.600000E-1	4.971820E-5	4.971820E-5	1.266061E-6	1.266061E-6
3.700000E-1	5.125030E-5	5.125030E-5	1.305075E-6	1.305075E-6
3.800000E-1	5.694840E-5	5.694840E-5	1.450176E-6	1.450176E-6
3.900000E-1	6.182450E-5	6.182450E-5	1.574344E-6	1.574344E-6
4.000000E-1	6.690570E-5	6.690570E-5	1.703736E-6	1.703736E-6
4.100000E-1	7.278120E-5	7.278120E-5	1.853354E-6	1.853354E-6
4.200000E-1	7.768970E-5	7.768970E-5	1.978347E-6	1.978347E-6
4.300000E-1	8.304190E-5	8.304190E-5	2.114640E-6	2.114640E-6
4.400000E-1	8.545920E-5	8.545920E-5	2.176196E-6	2.176196E-6
4.500000E-1	8.817530E-5	8.817530E-5	2.245360E-6	2.245360E-6
4.600000E-1	8.971500E-5	8.971500E-5	2.284568E-6	2.284568E-6
4.700000E-1	8.821410E-5	8.821410E-5	2.246348E-6	2.246348E-6
4.800000E-1	9.033190E-5	9.033190E-5	2.300278E-6	2.300278E-6
4.900000E-1	9.255470E-5	9.255470E-5	2.356881E-6	2.356881E-6
5.000000E-1	9.859470E-5	9.859470E-5	2.510688E-6	2.510688E-6
