

11:41:40	08/03/21


Ell Cont: 5,0x10,0

SMU1	V name:		V1
	I name:		I1
	Mode:		V
	Function:	VAR1
SMU2	V name:		V2
	I name:		I2
	Mode:		common
	Function:	const.
SMU3	off
SMU4	off
VMUs	off

Primary Source (VAR1):	single
	Sweep Spacing:	linear
	Start:		-0.500000
	Stop:		0.500000
	Step:		0.010000
	Compliance:	0.050000
Power Compliance OFF

Timing:		Integration Time:	medium
	Delay Time (sec):	0.000000
	Hold Time (sec):	0.000000
	Wait Time (sec):	1.000000

Secondary Source (VAR2):	OFF


   V1	   I1	Abs(I)	J (A\um²)	Abs(J)
-5.000000E-1	-2.472810E-4	2.472810E-4	-6.296944E-6	6.296944E-6
-4.900000E-1	-2.772570E-4	2.772570E-4	-7.060275E-6	7.060275E-6
-4.800000E-1	-2.477500E-4	2.477500E-4	-6.308887E-6	6.308887E-6
-4.700000E-1	-2.292090E-4	2.292090E-4	-5.836746E-6	5.836746E-6
-4.600000E-1	-2.099020E-4	2.099020E-4	-5.345098E-6	5.345098E-6
-4.500000E-1	-2.088190E-4	2.088190E-4	-5.317520E-6	5.317520E-6
-4.400000E-1	-2.061900E-4	2.061900E-4	-5.250573E-6	5.250573E-6
-4.300000E-1	-1.907470E-4	1.907470E-4	-4.857321E-6	4.857321E-6
-4.200000E-1	-1.796830E-4	1.796830E-4	-4.575579E-6	4.575579E-6
-4.100000E-1	-1.752390E-4	1.752390E-4	-4.462414E-6	4.462414E-6
-4.000000E-1	-1.747180E-4	1.747180E-4	-4.449147E-6	4.449147E-6
-3.900000E-1	-1.712990E-4	1.712990E-4	-4.362083E-6	4.362083E-6
-3.800000E-1	-1.670670E-4	1.670670E-4	-4.254316E-6	4.254316E-6
-3.700000E-1	-1.646340E-4	1.646340E-4	-4.192361E-6	4.192361E-6
-3.600000E-1	-1.574940E-4	1.574940E-4	-4.010542E-6	4.010542E-6
-3.500000E-1	-1.547870E-4	1.547870E-4	-3.941609E-6	3.941609E-6
-3.400000E-1	-1.519020E-4	1.519020E-4	-3.868144E-6	3.868144E-6
-3.300000E-1	-1.476200E-4	1.476200E-4	-3.759104E-6	3.759104E-6
-3.200000E-1	-1.445700E-4	1.445700E-4	-3.681436E-6	3.681436E-6
-3.100000E-1	-1.372460E-4	1.372460E-4	-3.494932E-6	3.494932E-6
-3.000000E-1	-1.337290E-4	1.337290E-4	-3.405373E-6	3.405373E-6
-2.900000E-1	-1.299370E-4	1.299370E-4	-3.308811E-6	3.308811E-6
-2.800000E-1	-1.257880E-4	1.257880E-4	-3.203158E-6	3.203158E-6
-2.700000E-1	-1.218790E-4	1.218790E-4	-3.103616E-6	3.103616E-6
-2.600000E-1	-1.153300E-4	1.153300E-4	-2.936847E-6	2.936847E-6
-2.500000E-1	-1.126310E-4	1.126310E-4	-2.868118E-6	2.868118E-6
-2.400000E-1	-1.070290E-4	1.070290E-4	-2.725465E-6	2.725465E-6
-2.300000E-1	-1.017090E-4	1.017090E-4	-2.589992E-6	2.589992E-6
-2.200000E-1	-9.982250E-5	9.982250E-5	-2.541953E-6	2.541953E-6
-2.100000E-1	-9.509730E-5	9.509730E-5	-2.421627E-6	2.421627E-6
-2.000000E-1	-9.100690E-5	9.100690E-5	-2.317466E-6	2.317466E-6
-1.900000E-1	-8.651790E-5	8.651790E-5	-2.203155E-6	2.203155E-6
-1.800000E-1	-8.172460E-5	8.172460E-5	-2.081095E-6	2.081095E-6
-1.700000E-1	-7.704070E-5	7.704070E-5	-1.961821E-6	1.961821E-6
-1.600000E-1	-7.272910E-5	7.272910E-5	-1.852027E-6	1.852027E-6
-1.500000E-1	-6.823870E-5	6.823870E-5	-1.737680E-6	1.737680E-6
-1.400000E-1	-6.372600E-5	6.372600E-5	-1.622765E-6	1.622765E-6
-1.300000E-1	-5.927920E-5	5.927920E-5	-1.509529E-6	1.509529E-6
-1.200000E-1	-5.448540E-5	5.448540E-5	-1.387456E-6	1.387456E-6
-1.100000E-1	-4.993460E-5	4.993460E-5	-1.271571E-6	1.271571E-6
-1.000000E-1	-4.545520E-5	4.545520E-5	-1.157504E-6	1.157504E-6
-9.000000E-2	-4.097350E-5	4.097350E-5	-1.043379E-6	1.043379E-6
-8.000000E-2	-3.644930E-5	3.644930E-5	-9.281716E-7	9.281716E-7
-7.000000E-2	-3.183960E-5	3.183960E-5	-8.107869E-7	8.107869E-7
-6.000000E-2	-2.724450E-5	2.724450E-5	-6.937739E-7	6.937739E-7
-5.000000E-2	-2.273810E-5	2.273810E-5	-5.790196E-7	5.790196E-7
-4.000000E-2	-1.800850E-5	1.800850E-5	-4.585816E-7	4.585816E-7
-3.000000E-2	-1.366850E-5	1.366850E-5	-3.480647E-7	3.480647E-7
-2.000000E-2	-8.949640E-6	8.949640E-6	-2.279002E-7	2.279002E-7
-1.000000E-2	-4.558510E-6	4.558510E-6	-1.160812E-7	1.160812E-7
0.000000E+0	-3.344000E-8	3.344000E-8	-8.515406E-10	8.515406E-10
1.000000E-2	4.494850E-6	4.494850E-6	1.144601E-7	1.144601E-7
2.000000E-2	8.962690E-6	8.962690E-6	2.282325E-7	2.282325E-7
3.000000E-2	1.325040E-5	1.325040E-5	3.374179E-7	3.374179E-7
4.000000E-2	1.773520E-5	1.773520E-5	4.516221E-7	4.516221E-7
5.000000E-2	2.232740E-5	2.232740E-5	5.685612E-7	5.685612E-7
6.000000E-2	2.662590E-5	2.662590E-5	6.780214E-7	6.780214E-7
7.000000E-2	3.141090E-5	3.141090E-5	7.998701E-7	7.998701E-7
8.000000E-2	3.564670E-5	3.564670E-5	9.077336E-7	9.077336E-7
9.000000E-2	3.889720E-5	3.889720E-5	9.905067E-7	9.905067E-7
1.000000E-1	4.335090E-5	4.335090E-5	1.103919E-6	1.103919E-6
1.100000E-1	4.773970E-5	4.773970E-5	1.215679E-6	1.215679E-6
1.200000E-1	5.203090E-5	5.203090E-5	1.324953E-6	1.324953E-6
1.300000E-1	5.600200E-5	5.600200E-5	1.426076E-6	1.426076E-6
1.400000E-1	6.184050E-5	6.184050E-5	1.574752E-6	1.574752E-6
1.500000E-1	6.470710E-5	6.470710E-5	1.647749E-6	1.647749E-6
1.600000E-1	6.767710E-5	6.767710E-5	1.723379E-6	1.723379E-6
1.700000E-1	7.530310E-5	7.530310E-5	1.917573E-6	1.917573E-6
1.800000E-1	7.957490E-5	7.957490E-5	2.026353E-6	2.026353E-6
1.900000E-1	8.448000E-5	8.448000E-5	2.151260E-6	2.151260E-6
2.000000E-1	8.790400E-5	8.790400E-5	2.238452E-6	2.238452E-6
2.100000E-1	9.120950E-5	9.120950E-5	2.322625E-6	2.322625E-6
2.200000E-1	9.707490E-5	9.707490E-5	2.471986E-6	2.471986E-6
2.300000E-1	1.007492E-4	1.007492E-4	2.565551E-6	2.565551E-6
2.400000E-1	1.024167E-4	1.024167E-4	2.608014E-6	2.608014E-6
2.500000E-1	1.071889E-4	1.071889E-4	2.729537E-6	2.729537E-6
2.600000E-1	1.116519E-4	1.116519E-4	2.843186E-6	2.843186E-6
2.700000E-1	1.077207E-4	1.077207E-4	2.743079E-6	2.743079E-6
2.800000E-1	1.078680E-4	1.078680E-4	2.746830E-6	2.746830E-6
2.900000E-1	1.138160E-4	1.138160E-4	2.898294E-6	2.898294E-6
3.000000E-1	1.270560E-4	1.270560E-4	3.235447E-6	3.235447E-6
3.100000E-1	1.389380E-4	1.389380E-4	3.538019E-6	3.538019E-6
3.200000E-1	1.477480E-4	1.477480E-4	3.762363E-6	3.762363E-6
3.300000E-1	1.523850E-4	1.523850E-4	3.880443E-6	3.880443E-6
3.400000E-1	1.585530E-4	1.585530E-4	4.037510E-6	4.037510E-6
3.500000E-1	1.686400E-4	1.686400E-4	4.294372E-6	4.294372E-6
3.600000E-1	1.748970E-4	1.748970E-4	4.453705E-6	4.453705E-6
3.700000E-1	1.897180E-4	1.897180E-4	4.831118E-6	4.831118E-6
3.800000E-1	2.018710E-4	2.018710E-4	5.140591E-6	5.140591E-6
3.900000E-1	2.040210E-4	2.040210E-4	5.195340E-6	5.195340E-6
4.000000E-1	2.070530E-4	2.070530E-4	5.272549E-6	5.272549E-6
4.100000E-1	2.116800E-4	2.116800E-4	5.390374E-6	5.390374E-6
4.200000E-1	2.233070E-4	2.233070E-4	5.686453E-6	5.686453E-6
4.300000E-1	2.238770E-4	2.238770E-4	5.700968E-6	5.700968E-6
4.400000E-1	2.169310E-4	2.169310E-4	5.524090E-6	5.524090E-6
4.500000E-1	2.209900E-4	2.209900E-4	5.627451E-6	5.627451E-6
4.600000E-1	2.180600E-4	2.180600E-4	5.552839E-6	5.552839E-6
4.700000E-1	2.273650E-4	2.273650E-4	5.789789E-6	5.789789E-6
4.800000E-1	2.213960E-4	2.213960E-4	5.637790E-6	5.637790E-6
4.900000E-1	2.251530E-4	2.251530E-4	5.733461E-6	5.733461E-6
5.000000E-1	2.089650E-4	2.089650E-4	5.321238E-6	5.321238E-6
