#
#
#16:21:15	20/01/21
#
#
#Ell Cont: 5,0x10,0
#
#SMU1	V name:		V1
#	I name:		I1
#	Mode:		V
#	Function:	VAR1
#SMU2	V name:		V2
#	I name:		I2
#	Mode:		common
#	Function:	const.
#SMU3	off
#SMU4	off
#VMUs	off
#
#Primary Source (VAR1):	single
#	Sweep Spacing:	linear
#	Start:		-0.500000
#	Stop:		0.500000
#	Step:		0.010000
#	Compliance:	0.050000
#Power Compliance OFF
#
#Timing:		Integration Time:	medium
#	Delay Time (sec):	0.000000
#	Hold Time (sec):	0.000000
#	Wait Time (sec):	1.000000
#
#Secondary Source (VAR2):	OFF
#
#
#   V1	   I1	Abs(I)	J (A\µm²)	Abs(J)
-5.000000E-1	-1.428720E-4	1.428720E-4	-3.638197E-6	3.638197E-6
-4.900000E-1	-1.423270E-4	1.423270E-4	-3.624319E-6	3.624319E-6
-4.800000E-1	-1.401670E-4	1.401670E-4	-3.569315E-6	3.569315E-6
-4.700000E-1	-1.369760E-4	1.369760E-4	-3.488057E-6	3.488057E-6
-4.600000E-1	-1.340320E-4	1.340320E-4	-3.413089E-6	3.413089E-6
-4.500000E-1	-1.323970E-4	1.323970E-4	-3.371454E-6	3.371454E-6
-4.400000E-1	-1.283320E-4	1.283320E-4	-3.267940E-6	3.267940E-6
-4.300000E-1	-1.242730E-4	1.242730E-4	-3.164579E-6	3.164579E-6
-4.200000E-1	-1.217170E-4	1.217170E-4	-3.099491E-6	3.099491E-6
-4.100000E-1	-1.188450E-4	1.188450E-4	-3.026356E-6	3.026356E-6
-4.000000E-1	-1.148580E-4	1.148580E-4	-2.924828E-6	2.924828E-6
-3.900000E-1	-1.116050E-4	1.116050E-4	-2.841991E-6	2.841991E-6
-3.800000E-1	-1.075770E-4	1.075770E-4	-2.739419E-6	2.739419E-6
-3.700000E-1	-1.039800E-4	1.039800E-4	-2.647823E-6	2.647823E-6
-3.600000E-1	-1.008740E-4	1.008740E-4	-2.568729E-6	2.568729E-6
-3.500000E-1	-9.793120E-5	9.793120E-5	-2.493792E-6	2.493792E-6
-3.400000E-1	-9.398110E-5	9.398110E-5	-2.393203E-6	2.393203E-6
-3.300000E-1	-9.138700E-5	9.138700E-5	-2.327145E-6	2.327145E-6
-3.200000E-1	-8.760230E-5	8.760230E-5	-2.230769E-6	2.230769E-6
-3.100000E-1	-8.416120E-5	8.416120E-5	-2.143142E-6	2.143142E-6
-3.000000E-1	-8.078160E-5	8.078160E-5	-2.057082E-6	2.057082E-6
-2.900000E-1	-7.740460E-5	7.740460E-5	-1.971087E-6	1.971087E-6
-2.800000E-1	-7.409060E-5	7.409060E-5	-1.886697E-6	1.886697E-6
-2.700000E-1	-7.094760E-5	7.094760E-5	-1.806662E-6	1.806662E-6
-2.600000E-1	-6.800380E-5	6.800380E-5	-1.731698E-6	1.731698E-6
-2.500000E-1	-6.500270E-5	6.500270E-5	-1.655276E-6	1.655276E-6
-2.400000E-1	-6.188020E-5	6.188020E-5	-1.575763E-6	1.575763E-6
-2.300000E-1	-5.925210E-5	5.925210E-5	-1.508839E-6	1.508839E-6
-2.200000E-1	-5.616420E-5	5.616420E-5	-1.430206E-6	1.430206E-6
-2.100000E-1	-5.347870E-5	5.347870E-5	-1.361821E-6	1.361821E-6
-2.000000E-1	-5.058230E-5	5.058230E-5	-1.288065E-6	1.288065E-6
-1.900000E-1	-4.782130E-5	4.782130E-5	-1.217757E-6	1.217757E-6
-1.800000E-1	-4.517740E-5	4.517740E-5	-1.150430E-6	1.150430E-6
-1.700000E-1	-4.249730E-5	4.249730E-5	-1.082182E-6	1.082182E-6
-1.600000E-1	-3.993670E-5	3.993670E-5	-1.016977E-6	1.016977E-6
-1.500000E-1	-3.744630E-5	3.744630E-5	-9.535600E-7	9.535600E-7
-1.400000E-1	-3.471900E-5	3.471900E-5	-8.841100E-7	8.841100E-7
-1.300000E-1	-3.208020E-5	3.208020E-5	-8.169137E-7	8.169137E-7
-1.200000E-1	-2.941500E-5	2.941500E-5	-7.490451E-7	7.490451E-7
-1.100000E-1	-2.676200E-5	2.676200E-5	-6.814871E-7	6.814871E-7
-1.000000E-1	-2.416590E-5	2.416590E-5	-6.153781E-7	6.153781E-7
-9.000000E-2	-2.181610E-5	2.181610E-5	-5.555411E-7	5.555411E-7
-8.000000E-2	-1.923530E-5	1.923530E-5	-4.898217E-7	4.898217E-7
-7.000000E-2	-1.682600E-5	1.682600E-5	-4.284696E-7	4.284696E-7
-6.000000E-2	-1.441230E-5	1.441230E-5	-3.670053E-7	3.670053E-7
-5.000000E-2	-1.202290E-5	1.202290E-5	-3.061599E-7	3.061599E-7
-4.000000E-2	-9.668120E-6	9.668120E-6	-2.461961E-7	2.461961E-7
-3.000000E-2	-7.259710E-6	7.259710E-6	-1.848666E-7	1.848666E-7
-2.000000E-2	-4.840280E-6	4.840280E-6	-1.232564E-7	1.232564E-7
-1.000000E-2	-2.429270E-6	2.429270E-6	-6.186071E-8	6.186071E-8
0.000000E+0	-1.634130E-8	1.634130E-8	-4.161268E-10	4.161268E-10
1.000000E-2	2.354990E-6	2.354990E-6	5.996919E-8	5.996919E-8
2.000000E-2	4.739960E-6	4.739960E-6	1.207018E-7	1.207018E-7
3.000000E-2	7.111210E-6	7.111210E-6	1.810851E-7	1.810851E-7
4.000000E-2	9.538090E-6	9.538090E-6	2.428849E-7	2.428849E-7
5.000000E-2	1.187970E-5	1.187970E-5	3.025134E-7	3.025134E-7
6.000000E-2	1.436920E-5	1.436920E-5	3.659078E-7	3.659078E-7
7.000000E-2	1.690780E-5	1.690780E-5	4.305526E-7	4.305526E-7
8.000000E-2	1.931530E-5	1.931530E-5	4.918589E-7	4.918589E-7
9.000000E-2	2.189300E-5	2.189300E-5	5.574994E-7	5.574994E-7
1.000000E-1	2.446600E-5	2.446600E-5	6.230201E-7	6.230201E-7
1.100000E-1	2.698740E-5	2.698740E-5	6.872269E-7	6.872269E-7
1.200000E-1	2.946330E-5	2.946330E-5	7.502750E-7	7.502750E-7
1.300000E-1	3.210750E-5	3.210750E-5	8.176089E-7	8.176089E-7
1.400000E-1	3.483090E-5	3.483090E-5	8.869595E-7	8.869595E-7
1.500000E-1	3.761580E-5	3.761580E-5	9.578762E-7	9.578762E-7
1.600000E-1	4.026420E-5	4.026420E-5	1.025317E-6	1.025317E-6
1.700000E-1	4.312930E-5	4.312930E-5	1.098276E-6	1.098276E-6
1.800000E-1	4.587470E-5	4.587470E-5	1.168187E-6	1.168187E-6
1.900000E-1	4.904220E-5	4.904220E-5	1.248846E-6	1.248846E-6
2.000000E-1	5.209470E-5	5.209470E-5	1.326578E-6	1.326578E-6
2.100000E-1	5.522410E-5	5.522410E-5	1.406267E-6	1.406267E-6
2.200000E-1	5.846790E-5	5.846790E-5	1.488869E-6	1.488869E-6
2.300000E-1	6.132210E-5	6.132210E-5	1.561551E-6	1.561551E-6
2.400000E-1	6.482500E-5	6.482500E-5	1.650751E-6	1.650751E-6
2.500000E-1	6.765260E-5	6.765260E-5	1.722755E-6	1.722755E-6
2.600000E-1	6.938330E-5	6.938330E-5	1.766827E-6	1.766827E-6
2.700000E-1	7.304140E-5	7.304140E-5	1.859980E-6	1.859980E-6
2.800000E-1	7.622710E-5	7.622710E-5	1.941103E-6	1.941103E-6
2.900000E-1	7.944580E-5	7.944580E-5	2.023066E-6	2.023066E-6
3.000000E-1	8.270520E-5	8.270520E-5	2.106066E-6	2.106066E-6
3.100000E-1	8.610130E-5	8.610130E-5	2.192546E-6	2.192546E-6
3.200000E-1	8.971490E-5	8.971490E-5	2.284566E-6	2.284566E-6
3.300000E-1	9.458480E-5	9.458480E-5	2.408576E-6	2.408576E-6
3.400000E-1	9.819390E-5	9.819390E-5	2.500481E-6	2.500481E-6
3.500000E-1	1.022787E-4	1.022787E-4	2.604500E-6	2.604500E-6
3.600000E-1	1.060597E-4	1.060597E-4	2.700782E-6	2.700782E-6
3.700000E-1	1.106379E-4	1.106379E-4	2.817364E-6	2.817364E-6
3.800000E-1	1.147070E-4	1.147070E-4	2.920983E-6	2.920983E-6
3.900000E-1	1.189580E-4	1.189580E-4	3.029233E-6	3.029233E-6
4.000000E-1	1.238670E-4	1.238670E-4	3.154240E-6	3.154240E-6
4.100000E-1	1.286680E-4	1.286680E-4	3.276496E-6	3.276496E-6
4.200000E-1	1.336820E-4	1.336820E-4	3.404176E-6	3.404176E-6
4.300000E-1	1.384940E-4	1.384940E-4	3.526712E-6	3.526712E-6
4.400000E-1	1.424360E-4	1.424360E-4	3.627094E-6	3.627094E-6
4.500000E-1	1.481420E-4	1.481420E-4	3.772396E-6	3.772396E-6
4.600000E-1	1.545440E-4	1.545440E-4	3.935421E-6	3.935421E-6
4.700000E-1	1.601070E-4	1.601070E-4	4.077082E-6	4.077082E-6
4.800000E-1	1.655340E-4	1.655340E-4	4.215279E-6	4.215279E-6
4.900000E-1	1.718430E-4	1.718430E-4	4.375936E-6	4.375936E-6
5.000000E-1	1.765960E-4	1.765960E-4	4.496970E-6	4.496970E-6
