#
#
#16:32:25	20/01/21
#
#
#Ell Cont: 5,0x10,0
#
#SMU1	V name:		V1
#	I name:		I1
#	Mode:		V
#	Function:	VAR1
#SMU2	V name:		V2
#	I name:		I2
#	Mode:		common
#	Function:	const.
#SMU3	off
#SMU4	off
#VMUs	off
#
#Primary Source (VAR1):	single
#	Sweep Spacing:	linear
#	Start:		-0.500000
#	Stop:		0.500000
#	Step:		0.010000
#	Compliance:	0.050000
#Power Compliance OFF
#
#Timing:		Integration Time:	medium
#	Delay Time (sec):	0.000000
#	Hold Time (sec):	0.000000
#	Wait Time (sec):	1.000000
#
#Secondary Source (VAR2):	OFF
#
#
#   V1	   I1	Abs(I)	J (A\µm²)	Abs(J)
-5.000000E-1	-6.544190E-4	6.544190E-4	-1.666460E-5	1.666460E-5
-4.900000E-1	-6.356510E-4	6.356510E-4	-1.618668E-5	1.618668E-5
-4.800000E-1	-6.191780E-4	6.191780E-4	-1.576720E-5	1.576720E-5
-4.700000E-1	-6.002030E-4	6.002030E-4	-1.528401E-5	1.528401E-5
-4.600000E-1	-5.816750E-4	5.816750E-4	-1.481220E-5	1.481220E-5
-4.500000E-1	-5.667390E-4	5.667390E-4	-1.443186E-5	1.443186E-5
-4.400000E-1	-5.485280E-4	5.485280E-4	-1.396812E-5	1.396812E-5
-4.300000E-1	-5.336390E-4	5.336390E-4	-1.358897E-5	1.358897E-5
-4.200000E-1	-5.210830E-4	5.210830E-4	-1.326924E-5	1.326924E-5
-4.100000E-1	-5.065200E-4	5.065200E-4	-1.289840E-5	1.289840E-5
-4.000000E-1	-4.911050E-4	4.911050E-4	-1.250586E-5	1.250586E-5
-3.900000E-1	-4.747370E-4	4.747370E-4	-1.208905E-5	1.208905E-5
-3.800000E-1	-4.583450E-4	4.583450E-4	-1.167163E-5	1.167163E-5
-3.700000E-1	-4.448650E-4	4.448650E-4	-1.132837E-5	1.132837E-5
-3.600000E-1	-4.318020E-4	4.318020E-4	-1.099572E-5	1.099572E-5
-3.500000E-1	-4.156550E-4	4.156550E-4	-1.058454E-5	1.058454E-5
-3.400000E-1	-4.001510E-4	4.001510E-4	-1.018974E-5	1.018974E-5
-3.300000E-1	-3.827120E-4	3.827120E-4	-9.745658E-6	9.745658E-6
-3.200000E-1	-3.679040E-4	3.679040E-4	-9.368576E-6	9.368576E-6
-3.100000E-1	-3.549210E-4	3.549210E-4	-9.037968E-6	9.037968E-6
-3.000000E-1	-3.424100E-4	3.424100E-4	-8.719379E-6	8.719379E-6
-2.900000E-1	-3.291630E-4	3.291630E-4	-8.382047E-6	8.382047E-6
-2.800000E-1	-3.162990E-4	3.162990E-4	-8.054469E-6	8.054469E-6
-2.700000E-1	-3.029280E-4	3.029280E-4	-7.713980E-6	7.713980E-6
-2.600000E-1	-2.908350E-4	2.908350E-4	-7.406035E-6	7.406035E-6
-2.500000E-1	-2.798400E-4	2.798400E-4	-7.126050E-6	7.126050E-6
-2.400000E-1	-2.660930E-4	2.660930E-4	-6.775987E-6	6.775987E-6
-2.300000E-1	-2.541400E-4	2.541400E-4	-6.471607E-6	6.471607E-6
-2.200000E-1	-2.429020E-4	2.429020E-4	-6.185434E-6	6.185434E-6
-2.100000E-1	-2.322420E-4	2.322420E-4	-5.913980E-6	5.913980E-6
-2.000000E-1	-2.216110E-4	2.216110E-4	-5.643265E-6	5.643265E-6
-1.900000E-1	-2.098810E-4	2.098810E-4	-5.344563E-6	5.344563E-6
-1.800000E-1	-1.986550E-4	1.986550E-4	-5.058696E-6	5.058696E-6
-1.700000E-1	-1.876500E-4	1.876500E-4	-4.778457E-6	4.778457E-6
-1.600000E-1	-1.759070E-4	1.759070E-4	-4.479424E-6	4.479424E-6
-1.500000E-1	-1.643860E-4	1.643860E-4	-4.186045E-6	4.186045E-6
-1.400000E-1	-1.533660E-4	1.533660E-4	-3.905424E-6	3.905424E-6
-1.300000E-1	-1.411400E-4	1.411400E-4	-3.594092E-6	3.594092E-6
-1.200000E-1	-1.301800E-4	1.301800E-4	-3.314999E-6	3.314999E-6
-1.100000E-1	-1.187790E-4	1.187790E-4	-3.024675E-6	3.024675E-6
-1.000000E-1	-1.082440E-4	1.082440E-4	-2.756404E-6	2.756404E-6
-9.000000E-2	-9.762890E-5	9.762890E-5	-2.486094E-6	2.486094E-6
-8.000000E-2	-8.716070E-5	8.716070E-5	-2.219524E-6	2.219524E-6
-7.000000E-2	-7.574820E-5	7.574820E-5	-1.928908E-6	1.928908E-6
-6.000000E-2	-6.511720E-5	6.511720E-5	-1.658192E-6	1.658192E-6
-5.000000E-2	-5.449050E-5	5.449050E-5	-1.387586E-6	1.387586E-6
-4.000000E-2	-4.369630E-5	4.369630E-5	-1.112715E-6	1.112715E-6
-3.000000E-2	-3.275380E-5	3.275380E-5	-8.340667E-7	8.340667E-7
-2.000000E-2	-2.188550E-5	2.188550E-5	-5.573084E-7	5.573084E-7
-1.000000E-2	-1.106570E-5	1.106570E-5	-2.817851E-7	2.817851E-7
0.000000E+0	-7.216720E-8	7.216720E-8	-1.837718E-9	1.837718E-9
1.000000E-2	1.102540E-5	1.102540E-5	2.807588E-7	2.807588E-7
2.000000E-2	2.227470E-5	2.227470E-5	5.672192E-7	5.672192E-7
3.000000E-2	3.368370E-5	3.368370E-5	8.577464E-7	8.577464E-7
4.000000E-2	4.510570E-5	4.510570E-5	1.148605E-6	1.148605E-6
5.000000E-2	5.673750E-5	5.673750E-5	1.444805E-6	1.444805E-6
6.000000E-2	6.872910E-5	6.872910E-5	1.750168E-6	1.750168E-6
7.000000E-2	8.094640E-5	8.094640E-5	2.061278E-6	2.061278E-6
8.000000E-2	9.314500E-5	9.314500E-5	2.371912E-6	2.371912E-6
9.000000E-2	1.067565E-4	1.067565E-4	2.718526E-6	2.718526E-6
1.000000E-1	1.189550E-4	1.189550E-4	3.029157E-6	3.029157E-6
1.100000E-1	1.330060E-4	1.330060E-4	3.386962E-6	3.386962E-6
1.200000E-1	1.474680E-4	1.474680E-4	3.755233E-6	3.755233E-6
1.300000E-1	1.608690E-4	1.608690E-4	4.096486E-6	4.096486E-6
1.400000E-1	1.752690E-4	1.752690E-4	4.463178E-6	4.463178E-6
1.500000E-1	1.902360E-4	1.902360E-4	4.844309E-6	4.844309E-6
1.600000E-1	2.048250E-4	2.048250E-4	5.215814E-6	5.215814E-6
1.700000E-1	2.193900E-4	2.193900E-4	5.586707E-6	5.586707E-6
1.800000E-1	2.356270E-4	2.356270E-4	6.000178E-6	6.000178E-6
1.900000E-1	2.532390E-4	2.532390E-4	6.448663E-6	6.448663E-6
2.000000E-1	2.701760E-4	2.701760E-4	6.879959E-6	6.879959E-6
2.100000E-1	2.858230E-4	2.858230E-4	7.278406E-6	7.278406E-6
2.200000E-1	3.046080E-4	3.046080E-4	7.756761E-6	7.756761E-6
2.300000E-1	3.235030E-4	3.235030E-4	8.237917E-6	8.237917E-6
2.400000E-1	3.418770E-4	3.418770E-4	8.705806E-6	8.705806E-6
2.500000E-1	3.626430E-4	3.626430E-4	9.234606E-6	9.234606E-6
2.600000E-1	3.832290E-4	3.832290E-4	9.758823E-6	9.758823E-6
2.700000E-1	4.056700E-4	4.056700E-4	1.033028E-5	1.033028E-5
2.800000E-1	4.271540E-4	4.271540E-4	1.087736E-5	1.087736E-5
2.900000E-1	4.505820E-4	4.505820E-4	1.147395E-5	1.147395E-5
3.000000E-1	4.764460E-4	4.764460E-4	1.213257E-5	1.213257E-5
3.100000E-1	5.080460E-4	5.080460E-4	1.293725E-5	1.293725E-5
3.200000E-1	5.330420E-4	5.330420E-4	1.357377E-5	1.357377E-5
3.300000E-1	5.580480E-4	5.580480E-4	1.421054E-5	1.421054E-5
3.400000E-1	5.850630E-4	5.850630E-4	1.489847E-5	1.489847E-5
3.500000E-1	6.087220E-4	6.087220E-4	1.550094E-5	1.550094E-5
3.600000E-1	6.387610E-4	6.387610E-4	1.626588E-5	1.626588E-5
3.700000E-1	6.676310E-4	6.676310E-4	1.700104E-5	1.700104E-5
3.800000E-1	6.974240E-4	6.974240E-4	1.775971E-5	1.775971E-5
3.900000E-1	7.343310E-4	7.343310E-4	1.869954E-5	1.869954E-5
4.000000E-1	7.699580E-4	7.699580E-4	1.960677E-5	1.960677E-5
4.100000E-1	8.038450E-4	8.038450E-4	2.046970E-5	2.046970E-5
4.200000E-1	8.408970E-4	8.408970E-4	2.141322E-5	2.141322E-5
4.300000E-1	8.787960E-4	8.787960E-4	2.237830E-5	2.237830E-5
4.400000E-1	9.186620E-4	9.186620E-4	2.339348E-5	2.339348E-5
4.500000E-1	9.601400E-4	9.601400E-4	2.444971E-5	2.444971E-5
4.600000E-1	9.944090E-4	9.944090E-4	2.532236E-5	2.532236E-5
4.700000E-1	1.038606E-3	1.038606E-3	2.644782E-5	2.644782E-5
4.800000E-1	1.086871E-3	1.086871E-3	2.767688E-5	2.767688E-5
4.900000E-1	1.136617E-3	1.136617E-3	2.894365E-5	2.894365E-5
5.000000E-1	1.188910E-3	1.188910E-3	3.027527E-5	3.027527E-5
