#
#
#16:39:32	20/01/21
#
#
#Ell Cont: 5,0x10,0
#
#SMU1	V name:		V1
#	I name:		I1
#	Mode:		V
#	Function:	VAR1
#SMU2	V name:		V2
#	I name:		I2
#	Mode:		common
#	Function:	const.
#SMU3	off
#SMU4	off
#VMUs	off
#
#Primary Source (VAR1):	single
#	Sweep Spacing:	linear
#	Start:		-1.500000
#	Stop:		1.500000
#	Step:		0.010000
#	Compliance:	0.050000
#Power Compliance OFF
#
#Timing:		Integration Time:	medium
#	Delay Time (sec):	0.000000
#	Hold Time (sec):	0.000000
#	Wait Time (sec):	1.000000
#
#Secondary Source (VAR2):	OFF
#
#
#   V1	   I1	Abs(I)	J (A\µm²)	Abs(J)
-1.500000E+0	-3.455430E-3	3.455430E-3	-8.799160E-5	8.799160E-5
-1.490000E+0	-2.961200E-3	2.961200E-3	-7.540616E-5	7.540616E-5
-1.480000E+0	-3.006260E-3	3.006260E-3	-7.655360E-5	7.655360E-5
-1.470000E+0	-2.993080E-3	2.993080E-3	-7.621798E-5	7.621798E-5
-1.460000E+0	-2.988010E-3	2.988010E-3	-7.608887E-5	7.608887E-5
-1.450000E+0	-2.973600E-3	2.973600E-3	-7.572192E-5	7.572192E-5
-1.440000E+0	-2.952570E-3	2.952570E-3	-7.518640E-5	7.518640E-5
-1.430000E+0	-2.924190E-3	2.924190E-3	-7.446371E-5	7.446371E-5
-1.420000E+0	-2.908460E-3	2.908460E-3	-7.406315E-5	7.406315E-5
-1.410000E+0	-2.879900E-3	2.879900E-3	-7.333588E-5	7.333588E-5
-1.400000E+0	-2.852410E-3	2.852410E-3	-7.263585E-5	7.263585E-5
-1.390000E+0	-2.815460E-3	2.815460E-3	-7.169493E-5	7.169493E-5
-1.380000E+0	-2.797090E-3	2.797090E-3	-7.122714E-5	7.122714E-5
-1.370000E+0	-2.741560E-3	2.741560E-3	-6.981309E-5	6.981309E-5
-1.360000E+0	-2.706460E-3	2.706460E-3	-6.891928E-5	6.891928E-5
-1.350000E+0	-2.653410E-3	2.653410E-3	-6.756837E-5	6.756837E-5
-1.340000E+0	-2.610260E-3	2.610260E-3	-6.646957E-5	6.646957E-5
-1.330000E+0	-2.563390E-3	2.563390E-3	-6.527604E-5	6.527604E-5
-1.320000E+0	-2.525940E-3	2.525940E-3	-6.432238E-5	6.432238E-5
-1.310000E+0	-2.497590E-3	2.497590E-3	-6.360046E-5	6.360046E-5
-1.300000E+0	-2.448980E-3	2.448980E-3	-6.236262E-5	6.236262E-5
-1.290000E+0	-2.411640E-3	2.411640E-3	-6.141176E-5	6.141176E-5
-1.280000E+0	-2.362660E-3	2.362660E-3	-6.016450E-5	6.016450E-5
-1.270000E+0	-2.319380E-3	2.319380E-3	-5.906239E-5	5.906239E-5
-1.260000E+0	-2.279390E-3	2.279390E-3	-5.804405E-5	5.804405E-5
-1.250000E+0	-2.234610E-3	2.234610E-3	-5.690374E-5	5.690374E-5
-1.240000E+0	-2.198490E-3	2.198490E-3	-5.598396E-5	5.598396E-5
-1.230000E+0	-2.161530E-3	2.161530E-3	-5.504278E-5	5.504278E-5
-1.220000E+0	-2.124670E-3	2.124670E-3	-5.410415E-5	5.410415E-5
-1.210000E+0	-2.087250E-3	2.087250E-3	-5.315126E-5	5.315126E-5
-1.200000E+0	-2.047270E-3	2.047270E-3	-5.213318E-5	5.213318E-5
-1.190000E+0	-2.011310E-3	2.011310E-3	-5.121747E-5	5.121747E-5
-1.180000E+0	-1.967430E-3	1.967430E-3	-5.010008E-5	5.010008E-5
-1.170000E+0	-1.938250E-3	1.938250E-3	-4.935701E-5	4.935701E-5
-1.160000E+0	-1.894430E-3	1.894430E-3	-4.824115E-5	4.824115E-5
-1.150000E+0	-1.862160E-3	1.862160E-3	-4.741940E-5	4.741940E-5
-1.140000E+0	-1.820280E-3	1.820280E-3	-4.635294E-5	4.635294E-5
-1.130000E+0	-1.786300E-3	1.786300E-3	-4.548765E-5	4.548765E-5
-1.120000E+0	-1.754330E-3	1.754330E-3	-4.467354E-5	4.467354E-5
-1.110000E+0	-1.721990E-3	1.721990E-3	-4.385001E-5	4.385001E-5
-1.100000E+0	-1.687330E-3	1.687330E-3	-4.296740E-5	4.296740E-5
-1.090000E+0	-1.649270E-3	1.649270E-3	-4.199822E-5	4.199822E-5
-1.080000E+0	-1.618900E-3	1.618900E-3	-4.122485E-5	4.122485E-5
-1.070000E+0	-1.590790E-3	1.590790E-3	-4.050904E-5	4.050904E-5
-1.060000E+0	-1.558410E-3	1.558410E-3	-3.968449E-5	3.968449E-5
-1.050000E+0	-1.523870E-3	1.523870E-3	-3.880494E-5	3.880494E-5
-1.040000E+0	-1.495830E-3	1.495830E-3	-3.809091E-5	3.809091E-5
-1.030000E+0	-1.467770E-3	1.467770E-3	-3.737637E-5	3.737637E-5
-1.020000E+0	-1.438690E-3	1.438690E-3	-3.663585E-5	3.663585E-5
-1.010000E+0	-1.413160E-3	1.413160E-3	-3.598574E-5	3.598574E-5
-1.000000E+0	-1.380420E-3	1.380420E-3	-3.515202E-5	3.515202E-5
-9.900000E-1	-1.349720E-3	1.349720E-3	-3.437026E-5	3.437026E-5
-9.800000E-1	-1.324980E-3	1.324980E-3	-3.374026E-5	3.374026E-5
-9.700000E-1	-1.295730E-3	1.295730E-3	-3.299542E-5	3.299542E-5
-9.600000E-1	-1.266790E-3	1.266790E-3	-3.225847E-5	3.225847E-5
-9.500000E-1	-1.240090E-3	1.240090E-3	-3.157856E-5	3.157856E-5
-9.400000E-1	-1.214340E-3	1.214340E-3	-3.092284E-5	3.092284E-5
-9.300000E-1	-1.188110E-3	1.188110E-3	-3.025490E-5	3.025490E-5
-9.200000E-1	-1.162530E-3	1.162530E-3	-2.960351E-5	2.960351E-5
-9.100000E-1	-1.138080E-3	1.138080E-3	-2.898090E-5	2.898090E-5
-9.000000E-1	-1.114210E-3	1.114210E-3	-2.837306E-5	2.837306E-5
-8.900000E-1	-1.094900E-3	1.094900E-3	-2.788133E-5	2.788133E-5
-8.800000E-1	-1.072050E-3	1.072050E-3	-2.729946E-5	2.729946E-5
-8.700000E-1	-1.045630E-3	1.045630E-3	-2.662669E-5	2.662669E-5
-8.600000E-1	-1.028670E-3	1.028670E-3	-2.619480E-5	2.619480E-5
-8.500000E-1	-1.006140E-3	1.006140E-3	-2.562108E-5	2.562108E-5
-8.400000E-1	-9.839840E-4	9.839840E-4	-2.505689E-5	2.505689E-5
-8.300000E-1	-9.619560E-4	9.619560E-4	-2.449595E-5	2.449595E-5
-8.200000E-1	-9.396050E-4	9.396050E-4	-2.392679E-5	2.392679E-5
-8.100000E-1	-9.211300E-4	9.211300E-4	-2.345633E-5	2.345633E-5
-8.000000E-1	-8.997210E-4	8.997210E-4	-2.291115E-5	2.291115E-5
-7.900000E-1	-8.823230E-4	8.823230E-4	-2.246812E-5	2.246812E-5
-7.800000E-1	-8.609140E-4	8.609140E-4	-2.192294E-5	2.192294E-5
-7.700000E-1	-8.429580E-4	8.429580E-4	-2.146570E-5	2.146570E-5
-7.600000E-1	-8.253510E-4	8.253510E-4	-2.101734E-5	2.101734E-5
-7.500000E-1	-8.062660E-4	8.062660E-4	-2.053135E-5	2.053135E-5
-7.400000E-1	-7.843690E-4	7.843690E-4	-1.997375E-5	1.997375E-5
-7.300000E-1	-7.698710E-4	7.698710E-4	-1.960456E-5	1.960456E-5
-7.200000E-1	-7.505660E-4	7.505660E-4	-1.911296E-5	1.911296E-5
-7.100000E-1	-7.316080E-4	7.316080E-4	-1.863020E-5	1.863020E-5
-7.000000E-1	-7.158690E-4	7.158690E-4	-1.822941E-5	1.822941E-5
-6.900000E-1	-6.999690E-4	6.999690E-4	-1.782452E-5	1.782452E-5
-6.800000E-1	-6.848590E-4	6.848590E-4	-1.743975E-5	1.743975E-5
-6.700000E-1	-6.654440E-4	6.654440E-4	-1.694535E-5	1.694535E-5
-6.600000E-1	-6.465470E-4	6.465470E-4	-1.646415E-5	1.646415E-5
-6.500000E-1	-6.325500E-4	6.325500E-4	-1.610772E-5	1.610772E-5
-6.400000E-1	-6.188480E-4	6.188480E-4	-1.575880E-5	1.575880E-5
-6.300000E-1	-6.020590E-4	6.020590E-4	-1.533127E-5	1.533127E-5
-6.200000E-1	-5.860920E-4	5.860920E-4	-1.492468E-5	1.492468E-5
-6.100000E-1	-5.707740E-4	5.707740E-4	-1.453461E-5	1.453461E-5
-6.000000E-1	-5.568100E-4	5.568100E-4	-1.417902E-5	1.417902E-5
-5.900000E-1	-5.423950E-4	5.423950E-4	-1.381194E-5	1.381194E-5
-5.800000E-1	-5.270010E-4	5.270010E-4	-1.341994E-5	1.341994E-5
-5.700000E-1	-5.135780E-4	5.135780E-4	-1.307813E-5	1.307813E-5
-5.600000E-1	-4.994520E-4	4.994520E-4	-1.271841E-5	1.271841E-5
-5.500000E-1	-4.850910E-4	4.850910E-4	-1.235271E-5	1.235271E-5
-5.400000E-1	-4.728650E-4	4.728650E-4	-1.204138E-5	1.204138E-5
-5.300000E-1	-4.600350E-4	4.600350E-4	-1.171467E-5	1.171467E-5
-5.200000E-1	-4.463050E-4	4.463050E-4	-1.136504E-5	1.136504E-5
-5.100000E-1	-4.339430E-4	4.339430E-4	-1.105024E-5	1.105024E-5
-5.000000E-1	-4.207620E-4	4.207620E-4	-1.071459E-5	1.071459E-5
-4.900000E-1	-4.077550E-4	4.077550E-4	-1.038337E-5	1.038337E-5
-4.800000E-1	-3.958870E-4	3.958870E-4	-1.008116E-5	1.008116E-5
-4.700000E-1	-3.856900E-4	3.856900E-4	-9.821492E-6	9.821492E-6
-4.600000E-1	-3.732200E-4	3.732200E-4	-9.503947E-6	9.503947E-6
-4.500000E-1	-3.614500E-4	3.614500E-4	-9.204227E-6	9.204227E-6
-4.400000E-1	-3.497150E-4	3.497150E-4	-8.905398E-6	8.905398E-6
-4.300000E-1	-3.392840E-4	3.392840E-4	-8.639776E-6	8.639776E-6
-4.200000E-1	-3.277440E-4	3.277440E-4	-8.345913E-6	8.345913E-6
-4.100000E-1	-3.172790E-4	3.172790E-4	-8.079424E-6	8.079424E-6
-4.000000E-1	-3.080100E-4	3.080100E-4	-7.843392E-6	7.843392E-6
-3.900000E-1	-2.978200E-4	2.978200E-4	-7.583906E-6	7.583906E-6
-3.800000E-1	-2.885560E-4	2.885560E-4	-7.348001E-6	7.348001E-6
-3.700000E-1	-2.774100E-4	2.774100E-4	-7.064171E-6	7.064171E-6
-3.600000E-1	-2.672490E-4	2.672490E-4	-6.805424E-6	6.805424E-6
-3.500000E-1	-2.575550E-4	2.575550E-4	-6.558569E-6	6.558569E-6
-3.400000E-1	-2.485700E-4	2.485700E-4	-6.329768E-6	6.329768E-6
-3.300000E-1	-2.386780E-4	2.386780E-4	-6.077871E-6	6.077871E-6
-3.200000E-1	-2.293580E-4	2.293580E-4	-5.840540E-6	5.840540E-6
-3.100000E-1	-2.201490E-4	2.201490E-4	-5.606035E-6	5.606035E-6
-3.000000E-1	-2.119010E-4	2.119010E-4	-5.396002E-6	5.396002E-6
-2.900000E-1	-2.031060E-4	2.031060E-4	-5.172040E-6	5.172040E-6
-2.800000E-1	-1.952090E-4	1.952090E-4	-4.970945E-6	4.970945E-6
-2.700000E-1	-1.878970E-4	1.878970E-4	-4.784747E-6	4.784747E-6
-2.600000E-1	-1.796630E-4	1.796630E-4	-4.575070E-6	4.575070E-6
-2.500000E-1	-1.717870E-4	1.717870E-4	-4.374510E-6	4.374510E-6
-2.400000E-1	-1.632490E-4	1.632490E-4	-4.157092E-6	4.157092E-6
-2.300000E-1	-1.557360E-4	1.557360E-4	-3.965775E-6	3.965775E-6
-2.200000E-1	-1.480520E-4	1.480520E-4	-3.770104E-6	3.770104E-6
-2.100000E-1	-1.415390E-4	1.415390E-4	-3.604253E-6	3.604253E-6
-2.000000E-1	-1.339150E-4	1.339150E-4	-3.410109E-6	3.410109E-6
-1.900000E-1	-1.267140E-4	1.267140E-4	-3.226738E-6	3.226738E-6
-1.800000E-1	-1.194480E-4	1.194480E-4	-3.041711E-6	3.041711E-6
-1.700000E-1	-1.127990E-4	1.127990E-4	-2.872396E-6	2.872396E-6
-1.600000E-1	-1.056750E-4	1.056750E-4	-2.690985E-6	2.690985E-6
-1.500000E-1	-9.890990E-5	9.890990E-5	-2.518714E-6	2.518714E-6
-1.400000E-1	-9.230560E-5	9.230560E-5	-2.350537E-6	2.350537E-6
-1.300000E-1	-8.527270E-5	8.527270E-5	-2.171446E-6	2.171446E-6
-1.200000E-1	-7.859210E-5	7.859210E-5	-2.001327E-6	2.001327E-6
-1.100000E-1	-7.198260E-5	7.198260E-5	-1.833018E-6	1.833018E-6
-1.000000E-1	-6.534350E-5	6.534350E-5	-1.663955E-6	1.663955E-6
-9.000000E-2	-5.879340E-5	5.879340E-5	-1.497158E-6	1.497158E-6
-8.000000E-2	-5.214260E-5	5.214260E-5	-1.327797E-6	1.327797E-6
-7.000000E-2	-4.554490E-5	4.554490E-5	-1.159789E-6	1.159789E-6
-6.000000E-2	-3.906310E-5	3.906310E-5	-9.947313E-7	9.947313E-7
-5.000000E-2	-3.250990E-5	3.250990E-5	-8.278559E-7	8.278559E-7
-4.000000E-2	-2.601540E-5	2.601540E-5	-6.624752E-7	6.624752E-7
-3.000000E-2	-1.946850E-5	1.946850E-5	-4.957601E-7	4.957601E-7
-2.000000E-2	-1.298760E-5	1.298760E-5	-3.307257E-7	3.307257E-7
-1.000000E-2	-6.562140E-6	6.562140E-6	-1.671031E-7	1.671031E-7
0.000000E+0	-4.841110E-8	4.841110E-8	-1.232776E-9	1.232776E-9
1.000000E-2	6.453730E-6	6.453730E-6	1.643425E-7	1.643425E-7
2.000000E-2	1.302200E-5	1.302200E-5	3.316017E-7	3.316017E-7
3.000000E-2	1.955100E-5	1.955100E-5	4.978610E-7	4.978610E-7
4.000000E-2	2.630670E-5	2.630670E-5	6.698930E-7	6.698930E-7
5.000000E-2	3.305880E-5	3.305880E-5	8.418335E-7	8.418335E-7
6.000000E-2	3.977470E-5	3.977470E-5	1.012852E-6	1.012852E-6
7.000000E-2	4.670320E-5	4.670320E-5	1.189284E-6	1.189284E-6
8.000000E-2	5.376230E-5	5.376230E-5	1.369043E-6	1.369043E-6
9.000000E-2	6.114730E-5	6.114730E-5	1.557100E-6	1.557100E-6
1.000000E-1	6.842030E-5	6.842030E-5	1.742305E-6	1.742305E-6
1.100000E-1	7.600590E-5	7.600590E-5	1.935470E-6	1.935470E-6
1.200000E-1	8.387330E-5	8.387330E-5	2.135811E-6	2.135811E-6
1.300000E-1	9.146710E-5	9.146710E-5	2.329185E-6	2.329185E-6
1.400000E-1	9.895350E-5	9.895350E-5	2.519824E-6	2.519824E-6
1.500000E-1	1.069691E-4	1.069691E-4	2.723939E-6	2.723939E-6
1.600000E-1	1.164100E-4	1.164100E-4	2.964349E-6	2.964349E-6
1.700000E-1	1.250370E-4	1.250370E-4	3.184034E-6	3.184034E-6
1.800000E-1	1.343050E-4	1.343050E-4	3.420041E-6	3.420041E-6
1.900000E-1	1.443620E-4	1.443620E-4	3.676140E-6	3.676140E-6
2.000000E-1	1.551660E-4	1.551660E-4	3.951260E-6	3.951260E-6
2.100000E-1	1.646750E-4	1.646750E-4	4.193405E-6	4.193405E-6
2.200000E-1	1.750230E-4	1.750230E-4	4.456914E-6	4.456914E-6
2.300000E-1	1.858470E-4	1.858470E-4	4.732544E-6	4.732544E-6
2.400000E-1	1.969490E-4	1.969490E-4	5.015253E-6	5.015253E-6
2.500000E-1	2.087720E-4	2.087720E-4	5.316323E-6	5.316323E-6
2.600000E-1	2.200830E-4	2.200830E-4	5.604354E-6	5.604354E-6
2.700000E-1	2.328890E-4	2.328890E-4	5.930456E-6	5.930456E-6
2.800000E-1	2.459120E-4	2.459120E-4	6.262083E-6	6.262083E-6
2.900000E-1	2.629060E-4	2.629060E-4	6.694831E-6	6.694831E-6
3.000000E-1	2.749900E-4	2.749900E-4	7.002546E-6	7.002546E-6
3.100000E-1	2.908350E-4	2.908350E-4	7.406035E-6	7.406035E-6
3.200000E-1	3.055180E-4	3.055180E-4	7.779934E-6	7.779934E-6
3.300000E-1	3.239990E-4	3.239990E-4	8.250547E-6	8.250547E-6
3.400000E-1	3.387260E-4	3.387260E-4	8.625566E-6	8.625566E-6
3.500000E-1	3.536360E-4	3.536360E-4	9.005246E-6	9.005246E-6
3.600000E-1	3.695230E-4	3.695230E-4	9.409804E-6	9.409804E-6
3.700000E-1	3.883590E-4	3.883590E-4	9.889457E-6	9.889457E-6
3.800000E-1	4.082060E-4	4.082060E-4	1.039486E-5	1.039486E-5
3.900000E-1	4.287560E-4	4.287560E-4	1.091816E-5	1.091816E-5
4.000000E-1	4.480850E-4	4.480850E-4	1.141036E-5	1.141036E-5
4.100000E-1	4.683320E-4	4.683320E-4	1.192595E-5	1.192595E-5
4.200000E-1	4.904600E-4	4.904600E-4	1.248943E-5	1.248943E-5
4.300000E-1	5.138890E-4	5.138890E-4	1.308605E-5	1.308605E-5
4.400000E-1	5.364140E-4	5.364140E-4	1.365964E-5	1.365964E-5
4.500000E-1	5.629040E-4	5.629040E-4	1.433420E-5	1.433420E-5
4.600000E-1	5.838530E-4	5.838530E-4	1.486766E-5	1.486766E-5
4.700000E-1	6.109510E-4	6.109510E-4	1.555770E-5	1.555770E-5
4.800000E-1	6.323540E-4	6.323540E-4	1.610272E-5	1.610272E-5
4.900000E-1	6.596650E-4	6.596650E-4	1.679819E-5	1.679819E-5
5.000000E-1	6.927110E-4	6.927110E-4	1.763970E-5	1.763970E-5
