#
#
#16:46:03	20/01/21
#
#
#Ell Cont: 5,0x10,0
#
#SMU1	V name:		V1
#	I name:		I1
#	Mode:		V
#	Function:	VAR1
#SMU2	V name:		V2
#	I name:		I2
#	Mode:		common
#	Function:	const.
#SMU3	off
#SMU4	off
#VMUs	off
#
#Primary Source (VAR1):	single
#	Sweep Spacing:	linear
#	Start:		-0.500000
#	Stop:		0.500000
#	Step:		0.010000
#	Compliance:	0.050000
#Power Compliance OFF
#
#Timing:		Integration Time:	medium
#	Delay Time (sec):	0.000000
#	Hold Time (sec):	0.000000
#	Wait Time (sec):	1.000000
#
#Secondary Source (VAR2):	OFF
#
#
#   V1	   I1	Abs(I)	J (A\um²)	Abs(J)
-5.000000E-1	-2.071950E-5	2.071950E-5	-5.276165E-7	5.276165E-7
-4.900000E-1	-1.990340E-5	1.990340E-5	-5.068347E-7	5.068347E-7
-4.800000E-1	-1.909630E-5	1.909630E-5	-4.862821E-7	4.862821E-7
-4.700000E-1	-1.849740E-5	1.849740E-5	-4.710313E-7	4.710313E-7
-4.600000E-1	-1.830880E-5	1.830880E-5	-4.662287E-7	4.662287E-7
-4.500000E-1	-1.746700E-5	1.746700E-5	-4.447925E-7	4.447925E-7
-4.400000E-1	-1.704240E-5	1.704240E-5	-4.339801E-7	4.339801E-7
-4.300000E-1	-1.658530E-5	1.658530E-5	-4.223402E-7	4.223402E-7
-4.200000E-1	-1.603580E-5	1.603580E-5	-4.083473E-7	4.083473E-7
-4.100000E-1	-1.557550E-5	1.557550E-5	-3.966259E-7	3.966259E-7
-4.000000E-1	-1.508370E-5	1.508370E-5	-3.841024E-7	3.841024E-7
-3.900000E-1	-1.470620E-5	1.470620E-5	-3.744894E-7	3.744894E-7
-3.800000E-1	-1.437790E-5	1.437790E-5	-3.661294E-7	3.661294E-7
-3.700000E-1	-1.350580E-5	1.350580E-5	-3.439216E-7	3.439216E-7
-3.600000E-1	-1.317310E-5	1.317310E-5	-3.354494E-7	3.354494E-7
-3.500000E-1	-1.276980E-5	1.276980E-5	-3.251795E-7	3.251795E-7
-3.400000E-1	-1.220260E-5	1.220260E-5	-3.107359E-7	3.107359E-7
-3.300000E-1	-1.158780E-5	1.158780E-5	-2.950802E-7	2.950802E-7
-3.200000E-1	-1.097820E-5	1.097820E-5	-2.795569E-7	2.795569E-7
-3.100000E-1	-1.046840E-5	1.046840E-5	-2.665750E-7	2.665750E-7
-3.000000E-1	-1.001284E-5	1.001284E-5	-2.549743E-7	2.549743E-7
-2.900000E-1	-9.490750E-6	9.490750E-6	-2.416794E-7	2.416794E-7
-2.800000E-1	-9.162190E-6	9.162190E-6	-2.333127E-7	2.333127E-7
-2.700000E-1	-8.728150E-6	8.728150E-6	-2.222600E-7	2.222600E-7
-2.600000E-1	-8.394130E-6	8.394130E-6	-2.137543E-7	2.137543E-7
-2.500000E-1	-8.073600E-6	8.073600E-6	-2.055921E-7	2.055921E-7
-2.400000E-1	-7.638350E-6	7.638350E-6	-1.945085E-7	1.945085E-7
-2.300000E-1	-7.258520E-6	7.258520E-6	-1.848363E-7	1.848363E-7
-2.200000E-1	-6.871130E-6	6.871130E-6	-1.749715E-7	1.749715E-7
-2.100000E-1	-6.458440E-6	6.458440E-6	-1.644624E-7	1.644624E-7
-2.000000E-1	-6.164340E-6	6.164340E-6	-1.569733E-7	1.569733E-7
-1.900000E-1	-5.806530E-6	5.806530E-6	-1.478617E-7	1.478617E-7
-1.800000E-1	-5.457870E-6	5.457870E-6	-1.389832E-7	1.389832E-7
-1.700000E-1	-5.173750E-6	5.173750E-6	-1.317482E-7	1.317482E-7
-1.600000E-1	-4.936730E-6	4.936730E-6	-1.257125E-7	1.257125E-7
-1.500000E-1	-4.549300E-6	4.549300E-6	-1.158467E-7	1.158467E-7
-1.400000E-1	-4.270400E-6	4.270400E-6	-1.087446E-7	1.087446E-7
-1.300000E-1	-3.952260E-6	3.952260E-6	-1.006432E-7	1.006432E-7
-1.200000E-1	-3.645150E-6	3.645150E-6	-9.282276E-8	9.282276E-8
-1.100000E-1	-3.344080E-6	3.344080E-6	-8.515610E-8	8.515610E-8
-1.000000E-1	-3.034660E-6	3.034660E-6	-7.727680E-8	7.727680E-8
-9.000000E-2	-2.761060E-6	2.761060E-6	-7.030965E-8	7.030965E-8
-8.000000E-2	-2.450490E-6	2.450490E-6	-6.240107E-8	6.240107E-8
-7.000000E-2	-2.150590E-6	2.150590E-6	-5.476420E-8	5.476420E-8
-6.000000E-2	-1.839270E-6	1.839270E-6	-4.683652E-8	4.683652E-8
-5.000000E-2	-1.539070E-6	1.539070E-6	-3.919200E-8	3.919200E-8
-4.000000E-2	-1.235610E-6	1.235610E-6	-3.146448E-8	3.146448E-8
-3.000000E-2	-9.333150E-7	9.333150E-7	-2.376662E-8	2.376662E-8
-2.000000E-2	-6.333260E-7	6.333260E-7	-1.612748E-8	1.612748E-8
-1.000000E-2	-3.150020E-7	3.150020E-7	-8.021441E-9	8.021441E-9
0.000000E+0	-1.468040E-9	1.468040E-9	-3.738324E-11	3.738324E-11
1.000000E-2	3.157260E-7	3.157260E-7	8.039878E-9	8.039878E-9
2.000000E-2	6.377320E-7	6.377320E-7	1.623967E-8	1.623967E-8
3.000000E-2	9.620820E-7	9.620820E-7	2.449916E-8	2.449916E-8
4.000000E-2	1.311970E-6	1.311970E-6	3.340896E-8	3.340896E-8
5.000000E-2	1.681800E-6	1.681800E-6	4.282658E-8	4.282658E-8
6.000000E-2	2.035740E-6	2.035740E-6	5.183957E-8	5.183957E-8
7.000000E-2	2.421330E-6	2.421330E-6	6.165852E-8	6.165852E-8
8.000000E-2	2.819730E-6	2.819730E-6	7.180367E-8	7.180367E-8
9.000000E-2	3.298260E-6	3.298260E-6	8.398930E-8	8.398930E-8
1.000000E-1	3.706320E-6	3.706320E-6	9.438044E-8	9.438044E-8
1.100000E-1	4.172760E-6	4.172760E-6	1.062582E-7	1.062582E-7
1.200000E-1	4.624120E-6	4.624120E-6	1.177520E-7	1.177520E-7
1.300000E-1	5.147500E-6	5.147500E-6	1.310797E-7	1.310797E-7
1.400000E-1	5.661260E-6	5.661260E-6	1.441625E-7	1.441625E-7
1.500000E-1	6.140020E-6	6.140020E-6	1.563540E-7	1.563540E-7
1.600000E-1	6.814410E-6	6.814410E-6	1.735271E-7	1.735271E-7
1.700000E-1	7.166390E-6	7.166390E-6	1.824902E-7	1.824902E-7
1.800000E-1	7.795270E-6	7.795270E-6	1.985045E-7	1.985045E-7
1.900000E-1	8.458910E-6	8.458910E-6	2.154039E-7	2.154039E-7
2.000000E-1	9.227290E-6	9.227290E-6	2.349705E-7	2.349705E-7
2.100000E-1	9.876400E-6	9.876400E-6	2.514999E-7	2.514999E-7
2.200000E-1	1.056539E-5	1.056539E-5	2.690448E-7	2.690448E-7
2.300000E-1	1.152630E-5	1.152630E-5	2.935141E-7	2.935141E-7
2.400000E-1	1.212770E-5	1.212770E-5	3.088286E-7	3.088286E-7
2.500000E-1	1.332500E-5	1.332500E-5	3.393175E-7	3.393175E-7
2.600000E-1	1.390800E-5	1.390800E-5	3.541635E-7	3.541635E-7
2.700000E-1	1.492950E-5	1.492950E-5	3.801757E-7	3.801757E-7
2.800000E-1	1.583140E-5	1.583140E-5	4.031423E-7	4.031423E-7
2.900000E-1	1.894180E-5	1.894180E-5	4.823478E-7	4.823478E-7
3.000000E-1	2.048210E-5	2.048210E-5	5.215712E-7	5.215712E-7
3.100000E-1	2.188680E-5	2.188680E-5	5.573415E-7	5.573415E-7
3.200000E-1	2.345010E-5	2.345010E-5	5.971505E-7	5.971505E-7
3.300000E-1	2.473530E-5	2.473530E-5	6.298778E-7	6.298778E-7
3.400000E-1	2.643470E-5	2.643470E-5	6.731525E-7	6.731525E-7
3.500000E-1	2.735160E-5	2.735160E-5	6.965011E-7	6.965011E-7
3.600000E-1	2.962010E-5	2.962010E-5	7.542679E-7	7.542679E-7
3.700000E-1	3.024920E-5	3.024920E-5	7.702877E-7	7.702877E-7
3.800000E-1	3.250080E-5	3.250080E-5	8.276241E-7	8.276241E-7
3.900000E-1	3.443480E-5	3.443480E-5	8.768729E-7	8.768729E-7
4.000000E-1	3.422220E-5	3.422220E-5	8.714591E-7	8.714591E-7
4.100000E-1	3.674940E-5	3.674940E-5	9.358136E-7	9.358136E-7
4.200000E-1	3.925110E-5	3.925110E-5	9.995187E-7	9.995187E-7
4.300000E-1	4.179790E-5	4.179790E-5	1.064372E-6	1.064372E-6
4.400000E-1	4.554020E-5	4.554020E-5	1.159669E-6	1.159669E-6
4.500000E-1	4.715940E-5	4.715940E-5	1.200901E-6	1.200901E-6
4.600000E-1	4.799880E-5	4.799880E-5	1.222277E-6	1.222277E-6
4.700000E-1	4.996720E-5	4.996720E-5	1.272401E-6	1.272401E-6
4.800000E-1	5.293330E-5	5.293330E-5	1.347932E-6	1.347932E-6
4.900000E-1	6.028820E-5	6.028820E-5	1.535223E-6	1.535223E-6
5.000000E-1	6.387700E-5	6.387700E-5	1.626611E-6	1.626611E-6
