#
#
#16:28:06	20/01/21
#
#
#Ell Cont: 5,0x10,0
#
#SMU1	V name:		V1
#	I name:		I1
#	Mode:		V
#	Function:	VAR1
#SMU2	V name:		V2
#	I name:		I2
#	Mode:		common
#	Function:	const.
#SMU3	off
#SMU4	off
#VMUs	off
#
#Primary Source (VAR1):	single
#	Sweep Spacing:	linear
#	Start:		-0.500000
#	Stop:		0.500000
#	Step:		0.010000
#	Compliance:	0.050000
#Power Compliance OFF
#
#Timing:		Integration Time:	medium
#	Delay Time (sec):	0.000000
#	Hold Time (sec):	0.000000
#	Wait Time (sec):	1.000000
#
#Secondary Source (VAR2):	OFF
#
#
#   V1	   I1	Abs(I)	J (A\µm²)	Abs(J)
-5.000000E-1	-3.290470E-5	3.290470E-5	-8.379093E-7	8.379093E-7
-4.900000E-1	-3.090940E-5	3.090940E-5	-7.870996E-7	7.870996E-7
-4.800000E-1	-2.957780E-5	2.957780E-5	-7.531907E-7	7.531907E-7
-4.700000E-1	-2.840770E-5	2.840770E-5	-7.233944E-7	7.233944E-7
-4.600000E-1	-2.736800E-5	2.736800E-5	-6.969188E-7	6.969188E-7
-4.500000E-1	-2.655290E-5	2.655290E-5	-6.761625E-7	6.761625E-7
-4.400000E-1	-2.593350E-5	2.593350E-5	-6.603896E-7	6.603896E-7
-4.300000E-1	-2.480820E-5	2.480820E-5	-6.317341E-7	6.317341E-7
-4.200000E-1	-2.400430E-5	2.400430E-5	-6.112630E-7	6.112630E-7
-4.100000E-1	-2.313450E-5	2.313450E-5	-5.891138E-7	5.891138E-7
-4.000000E-1	-2.234920E-5	2.234920E-5	-5.691164E-7	5.691164E-7
-3.900000E-1	-2.183000E-5	2.183000E-5	-5.558951E-7	5.558951E-7
-3.800000E-1	-2.083760E-5	2.083760E-5	-5.306239E-7	5.306239E-7
-3.700000E-1	-2.006330E-5	2.006330E-5	-5.109065E-7	5.109065E-7
-3.600000E-1	-1.940550E-5	1.940550E-5	-4.941558E-7	4.941558E-7
-3.500000E-1	-1.823910E-5	1.823910E-5	-4.644538E-7	4.644538E-7
-3.400000E-1	-1.765420E-5	1.765420E-5	-4.495595E-7	4.495595E-7
-3.300000E-1	-1.693360E-5	1.693360E-5	-4.312096E-7	4.312096E-7
-3.200000E-1	-1.647970E-5	1.647970E-5	-4.196511E-7	4.196511E-7
-3.100000E-1	-1.569090E-5	1.569090E-5	-3.995645E-7	3.995645E-7
-3.000000E-1	-1.529940E-5	1.529940E-5	-3.895951E-7	3.895951E-7
-2.900000E-1	-1.439220E-5	1.439220E-5	-3.664935E-7	3.664935E-7
-2.800000E-1	-1.388910E-5	1.388910E-5	-3.536822E-7	3.536822E-7
-2.700000E-1	-1.418620E-5	1.418620E-5	-3.612478E-7	3.612478E-7
-2.600000E-1	-1.346640E-5	1.346640E-5	-3.429183E-7	3.429183E-7
-2.500000E-1	-1.278130E-5	1.278130E-5	-3.254724E-7	3.254724E-7
-2.400000E-1	-1.232970E-5	1.232970E-5	-3.139725E-7	3.139725E-7
-2.300000E-1	-1.196830E-5	1.196830E-5	-3.047695E-7	3.047695E-7
-2.200000E-1	-1.122530E-5	1.122530E-5	-2.858492E-7	2.858492E-7
-2.100000E-1	-1.058660E-5	1.058660E-5	-2.695849E-7	2.695849E-7
-2.000000E-1	-1.022490E-5	1.022490E-5	-2.603743E-7	2.603743E-7
-1.900000E-1	-9.796410E-6	9.796410E-6	-2.494629E-7	2.494629E-7
-1.800000E-1	-9.145840E-6	9.145840E-6	-2.328964E-7	2.328964E-7
-1.700000E-1	-8.653870E-6	8.653870E-6	-2.203685E-7	2.203685E-7
-1.600000E-1	-8.272180E-6	8.272180E-6	-2.106488E-7	2.106488E-7
-1.500000E-1	-7.785140E-6	7.785140E-6	-1.982465E-7	1.982465E-7
-1.400000E-1	-7.147020E-6	7.147020E-6	-1.819969E-7	1.819969E-7
-1.300000E-1	-6.671250E-6	6.671250E-6	-1.698816E-7	1.698816E-7
-1.200000E-1	-6.254410E-6	6.254410E-6	-1.592669E-7	1.592669E-7
-1.100000E-1	-5.669390E-6	5.669390E-6	-1.443695E-7	1.443695E-7
-1.000000E-1	-5.314980E-6	5.314980E-6	-1.353445E-7	1.353445E-7
-9.000000E-2	-4.848150E-6	4.848150E-6	-1.234568E-7	1.234568E-7
-8.000000E-2	-4.323830E-6	4.323830E-6	-1.101052E-7	1.101052E-7
-7.000000E-2	-3.758370E-6	3.758370E-6	-9.570588E-8	9.570588E-8
-6.000000E-2	-3.216380E-6	3.216380E-6	-8.190425E-8	8.190425E-8
-5.000000E-2	-2.777630E-6	2.777630E-6	-7.073160E-8	7.073160E-8
-4.000000E-2	-2.243920E-6	2.243920E-6	-5.714082E-8	5.714082E-8
-3.000000E-2	-1.689950E-6	1.689950E-6	-4.303412E-8	4.303412E-8
-2.000000E-2	-1.111630E-6	1.111630E-6	-2.830736E-8	2.830736E-8
-1.000000E-2	-5.788690E-7	5.788690E-7	-1.474074E-8	1.474074E-8
0.000000E+0	-1.970860E-9	1.970860E-9	-5.018742E-11	5.018742E-11
1.000000E-2	5.643240E-7	5.643240E-7	1.437036E-8	1.437036E-8
2.000000E-2	1.138900E-6	1.138900E-6	2.900178E-8	2.900178E-8
3.000000E-2	1.772100E-6	1.772100E-6	4.512605E-8	4.512605E-8
4.000000E-2	2.386570E-6	2.386570E-6	6.077336E-8	6.077336E-8
5.000000E-2	3.097600E-6	3.097600E-6	7.887955E-8	7.887955E-8
6.000000E-2	3.851930E-6	3.851930E-6	9.808836E-8	9.808836E-8
7.000000E-2	4.579950E-6	4.579950E-6	1.166272E-7	1.166272E-7
8.000000E-2	5.356240E-6	5.356240E-6	1.363952E-7	1.363952E-7
9.000000E-2	6.088290E-6	6.088290E-6	1.550367E-7	1.550367E-7
1.000000E-1	6.914050E-6	6.914050E-6	1.760644E-7	1.760644E-7
1.100000E-1	7.759710E-6	7.759710E-6	1.975989E-7	1.975989E-7
1.200000E-1	8.629910E-6	8.629910E-6	2.197583E-7	2.197583E-7
1.300000E-1	9.483070E-6	9.483070E-6	2.414838E-7	2.414838E-7
1.400000E-1	1.055310E-5	1.055310E-5	2.687319E-7	2.687319E-7
1.500000E-1	1.204540E-5	1.204540E-5	3.067329E-7	3.067329E-7
1.600000E-1	1.300630E-5	1.300630E-5	3.312019E-7	3.312019E-7
1.700000E-1	1.404920E-5	1.404920E-5	3.577591E-7	3.577591E-7
1.800000E-1	1.538740E-5	1.538740E-5	3.918360E-7	3.918360E-7
1.900000E-1	1.671980E-5	1.671980E-5	4.257652E-7	4.257652E-7
2.000000E-1	1.792570E-5	1.792570E-5	4.564731E-7	4.564731E-7
2.100000E-1	2.017350E-5	2.017350E-5	5.137128E-7	5.137128E-7
2.200000E-1	2.160500E-5	2.160500E-5	5.501655E-7	5.501655E-7
2.300000E-1	2.253090E-5	2.253090E-5	5.737433E-7	5.737433E-7
2.400000E-1	2.413990E-5	2.413990E-5	6.147161E-7	6.147161E-7
2.500000E-1	2.474940E-5	2.474940E-5	6.302368E-7	6.302368E-7
2.600000E-1	2.625490E-5	2.625490E-5	6.685740E-7	6.685740E-7
2.700000E-1	2.805040E-5	2.805040E-5	7.142959E-7	7.142959E-7
2.800000E-1	3.062480E-5	3.062480E-5	7.798523E-7	7.798523E-7
2.900000E-1	3.248790E-5	3.248790E-5	8.272956E-7	8.272956E-7
3.000000E-1	3.487830E-5	3.487830E-5	8.881665E-7	8.881665E-7
3.100000E-1	3.763890E-5	3.763890E-5	9.584645E-7	9.584645E-7
3.200000E-1	3.970900E-5	3.970900E-5	1.011179E-6	1.011179E-6
3.300000E-1	4.249830E-5	4.249830E-5	1.082208E-6	1.082208E-6
3.400000E-1	4.469450E-5	4.469450E-5	1.138133E-6	1.138133E-6
3.500000E-1	4.767320E-5	4.767320E-5	1.213985E-6	1.213985E-6
3.600000E-1	4.985450E-5	4.985450E-5	1.269531E-6	1.269531E-6
3.700000E-1	5.392970E-5	5.392970E-5	1.373305E-6	1.373305E-6
3.800000E-1	5.490790E-5	5.490790E-5	1.398215E-6	1.398215E-6
3.900000E-1	5.748630E-5	5.748630E-5	1.463873E-6	1.463873E-6
4.000000E-1	6.138100E-5	6.138100E-5	1.563051E-6	1.563051E-6
4.100000E-1	6.376180E-5	6.376180E-5	1.623677E-6	1.623677E-6
4.200000E-1	6.840410E-5	6.840410E-5	1.741892E-6	1.741892E-6
4.300000E-1	7.212940E-5	7.212940E-5	1.836756E-6	1.836756E-6
4.400000E-1	7.495140E-5	7.495140E-5	1.908617E-6	1.908617E-6
4.500000E-1	8.019810E-5	8.019810E-5	2.042223E-6	2.042223E-6
4.600000E-1	8.284960E-5	8.284960E-5	2.109743E-6	2.109743E-6
4.700000E-1	8.801150E-5	8.801150E-5	2.241189E-6	2.241189E-6
4.800000E-1	9.285700E-5	9.285700E-5	2.364579E-6	2.364579E-6
4.900000E-1	9.800360E-5	9.800360E-5	2.495635E-6	2.495635E-6
5.000000E-1	9.900830E-5	9.900830E-5	2.521220E-6	2.521220E-6
