#
#
#16:44:29	20/01/21
#
#
#Ell Cont: 5,0x10,0
#
#SMU1	V name:		V1
#	I name:		I1
#	Mode:		V
#	Function:	VAR1
#SMU2	V name:		V2
#	I name:		I2
#	Mode:		common
#	Function:	const.
#SMU3	off
#SMU4	off
#VMUs	off
#
#Primary Source (VAR1):	single
#	Sweep Spacing:	linear
#	Start:		-0.500000
#	Stop:		0.500000
#	Step:		0.010000
#	Compliance:	0.050000
#Power Compliance OFF
#
#Timing:		Integration Time:	medium
#	Delay Time (sec):	0.000000
#	Hold Time (sec):	0.000000
#	Wait Time (sec):	1.000000
#
#Secondary Source (VAR2):	OFF
#
#
#   V1	   I1	Abs(I)	J (A\um²)	Abs(J)
-5.000000E-1	-1.157880E-3	1.157880E-3	-2.948510E-5	2.948510E-5
-4.900000E-1	-1.117410E-3	1.117410E-3	-2.845455E-5	2.845455E-5
-4.800000E-1	-1.077330E-3	1.077330E-3	-2.743392E-5	2.743392E-5
-4.700000E-1	-1.043980E-3	1.043980E-3	-2.658467E-5	2.658467E-5
-4.600000E-1	-1.015520E-3	1.015520E-3	-2.585994E-5	2.585994E-5
-4.500000E-1	-9.891100E-4	9.891100E-4	-2.518742E-5	2.518742E-5
-4.400000E-1	-9.581590E-4	9.581590E-4	-2.439926E-5	2.439926E-5
-4.300000E-1	-9.403750E-4	9.403750E-4	-2.394640E-5	2.394640E-5
-4.200000E-1	-9.115410E-4	9.115410E-4	-2.321215E-5	2.321215E-5
-4.100000E-1	-8.855210E-4	8.855210E-4	-2.254955E-5	2.254955E-5
-4.000000E-1	-8.609730E-4	8.609730E-4	-2.192445E-5	2.192445E-5
-3.900000E-1	-8.363130E-4	8.363130E-4	-2.129649E-5	2.129649E-5
-3.800000E-1	-8.094090E-4	8.094090E-4	-2.061138E-5	2.061138E-5
-3.700000E-1	-7.835690E-4	7.835690E-4	-1.995337E-5	1.995337E-5
-3.600000E-1	-7.607200E-4	7.607200E-4	-1.937153E-5	1.937153E-5
-3.500000E-1	-7.366970E-4	7.366970E-4	-1.875979E-5	1.875979E-5
-3.400000E-1	-7.148460E-4	7.148460E-4	-1.820336E-5	1.820336E-5
-3.300000E-1	-6.931610E-4	6.931610E-4	-1.765116E-5	1.765116E-5
-3.200000E-1	-6.681100E-4	6.681100E-4	-1.701324E-5	1.701324E-5
-3.100000E-1	-6.464650E-4	6.464650E-4	-1.646206E-5	1.646206E-5
-3.000000E-1	-6.224190E-4	6.224190E-4	-1.584973E-5	1.584973E-5
-2.900000E-1	-5.979280E-4	5.979280E-4	-1.522608E-5	1.522608E-5
-2.800000E-1	-5.775230E-4	5.775230E-4	-1.470647E-5	1.470647E-5
-2.700000E-1	-5.549770E-4	5.549770E-4	-1.413234E-5	1.413234E-5
-2.600000E-1	-5.351130E-4	5.351130E-4	-1.362651E-5	1.362651E-5
-2.500000E-1	-5.121140E-4	5.121140E-4	-1.304085E-5	1.304085E-5
-2.400000E-1	-4.914450E-4	4.914450E-4	-1.251451E-5	1.251451E-5
-2.300000E-1	-4.700890E-4	4.700890E-4	-1.197069E-5	1.197069E-5
-2.200000E-1	-4.507400E-4	4.507400E-4	-1.147797E-5	1.147797E-5
-2.100000E-1	-4.292590E-4	4.292590E-4	-1.093096E-5	1.093096E-5
-2.000000E-1	-4.081890E-4	4.081890E-4	-1.039442E-5	1.039442E-5
-1.900000E-1	-3.875110E-4	3.875110E-4	-9.867863E-6	9.867863E-6
-1.800000E-1	-3.675460E-4	3.675460E-4	-9.359460E-6	9.359460E-6
-1.700000E-1	-3.469790E-4	3.469790E-4	-8.835727E-6	8.835727E-6
-1.600000E-1	-3.263240E-4	3.263240E-4	-8.309753E-6	8.309753E-6
-1.500000E-1	-3.063950E-4	3.063950E-4	-7.802266E-6	7.802266E-6
-1.400000E-1	-2.861370E-4	2.861370E-4	-7.286402E-6	7.286402E-6
-1.300000E-1	-2.654020E-4	2.654020E-4	-6.758391E-6	6.758391E-6
-1.200000E-1	-2.459530E-4	2.459530E-4	-6.263127E-6	6.263127E-6
-1.100000E-1	-2.251990E-4	2.251990E-4	-5.734632E-6	5.734632E-6
-1.000000E-1	-2.053420E-4	2.053420E-4	-5.228979E-6	5.228979E-6
-9.000000E-2	-1.845270E-4	1.845270E-4	-4.698930E-6	4.698930E-6
-8.000000E-2	-1.645250E-4	1.645250E-4	-4.189585E-6	4.189585E-6
-7.000000E-2	-1.442440E-4	1.442440E-4	-3.673135E-6	3.673135E-6
-6.000000E-2	-1.243390E-4	1.243390E-4	-3.166259E-6	3.166259E-6
-5.000000E-2	-1.036490E-4	1.036490E-4	-2.639394E-6	2.639394E-6
-4.000000E-2	-8.314450E-5	8.314450E-5	-2.117252E-6	2.117252E-6
-3.000000E-2	-6.273050E-5	6.273050E-5	-1.597415E-6	1.597415E-6
-2.000000E-2	-4.182430E-5	4.182430E-5	-1.065045E-6	1.065045E-6
-1.000000E-2	-2.111260E-5	2.111260E-5	-5.376267E-7	5.376267E-7
0.000000E+0	-1.144563E-7	1.144563E-7	-2.914599E-9	2.914599E-9
1.000000E-2	2.071390E-5	2.071390E-5	5.274739E-7	5.274739E-7
2.000000E-2	4.197350E-5	4.197350E-5	1.068844E-6	1.068844E-6
3.000000E-2	6.304420E-5	6.304420E-5	1.605404E-6	1.605404E-6
4.000000E-2	8.446520E-5	8.446520E-5	2.150884E-6	2.150884E-6
5.000000E-2	1.059518E-4	1.059518E-4	2.698034E-6	2.698034E-6
6.000000E-2	1.273990E-4	1.273990E-4	3.244181E-6	3.244181E-6
7.000000E-2	1.493160E-4	1.493160E-4	3.802292E-6	3.802292E-6
8.000000E-2	1.712020E-4	1.712020E-4	4.359613E-6	4.359613E-6
9.000000E-2	1.939690E-4	1.939690E-4	4.939368E-6	4.939368E-6
1.000000E-1	2.160550E-4	2.160550E-4	5.501782E-6	5.501782E-6
1.100000E-1	2.393740E-4	2.393740E-4	6.095595E-6	6.095595E-6
1.200000E-1	2.627350E-4	2.627350E-4	6.690476E-6	6.690476E-6
1.300000E-1	2.858010E-4	2.858010E-4	7.277846E-6	7.277846E-6
1.400000E-1	3.097900E-4	3.097900E-4	7.888719E-6	7.888719E-6
1.500000E-1	3.338050E-4	3.338050E-4	8.500255E-6	8.500255E-6
1.600000E-1	3.583520E-4	3.583520E-4	9.125337E-6	9.125337E-6
1.700000E-1	3.843070E-4	3.843070E-4	9.786274E-6	9.786274E-6
1.800000E-1	4.102060E-4	4.102060E-4	1.044579E-5	1.044579E-5
1.900000E-1	4.366440E-4	4.366440E-4	1.111902E-5	1.111902E-5
2.000000E-1	4.624920E-4	4.624920E-4	1.177723E-5	1.177723E-5
2.100000E-1	4.901010E-4	4.901010E-4	1.248029E-5	1.248029E-5
2.200000E-1	5.190050E-4	5.190050E-4	1.321632E-5	1.321632E-5
2.300000E-1	5.476220E-4	5.476220E-4	1.394505E-5	1.394505E-5
2.400000E-1	5.755810E-4	5.755810E-4	1.465702E-5	1.465702E-5
2.500000E-1	6.047150E-4	6.047150E-4	1.539890E-5	1.539890E-5
2.600000E-1	6.348580E-4	6.348580E-4	1.616649E-5	1.616649E-5
2.700000E-1	6.650710E-4	6.650710E-4	1.693585E-5	1.693585E-5
2.800000E-1	6.964190E-4	6.964190E-4	1.773412E-5	1.773412E-5
2.900000E-1	7.281600E-4	7.281600E-4	1.854240E-5	1.854240E-5
3.000000E-1	7.652560E-4	7.652560E-4	1.948704E-5	1.948704E-5
3.100000E-1	7.983730E-4	7.983730E-4	2.033035E-5	2.033035E-5
3.200000E-1	8.322390E-4	8.322390E-4	2.119274E-5	2.119274E-5
3.300000E-1	8.647790E-4	8.647790E-4	2.202136E-5	2.202136E-5
3.400000E-1	9.047250E-4	9.047250E-4	2.303858E-5	2.303858E-5
3.500000E-1	9.453840E-4	9.453840E-4	2.407395E-5	2.407395E-5
3.600000E-1	9.834160E-4	9.834160E-4	2.504242E-5	2.504242E-5
3.700000E-1	1.029258E-3	1.029258E-3	2.620978E-5	2.620978E-5
3.800000E-1	1.081883E-3	1.081883E-3	2.754986E-5	2.754986E-5
3.900000E-1	1.134546E-3	1.134546E-3	2.889091E-5	2.889091E-5
4.000000E-1	1.192170E-3	1.192170E-3	3.035829E-5	3.035829E-5
4.100000E-1	1.239620E-3	1.239620E-3	3.156659E-5	3.156659E-5
4.200000E-1	1.291630E-3	1.291630E-3	3.289101E-5	3.289101E-5
4.300000E-1	1.337500E-3	1.337500E-3	3.405908E-5	3.405908E-5
4.400000E-1	1.380530E-3	1.380530E-3	3.515483E-5	3.515483E-5
4.500000E-1	1.430130E-3	1.430130E-3	3.641788E-5	3.641788E-5
4.600000E-1	1.475840E-3	1.475840E-3	3.758187E-5	3.758187E-5
4.700000E-1	1.515980E-3	1.515980E-3	3.860402E-5	3.860402E-5
4.800000E-1	1.569370E-3	1.569370E-3	3.996358E-5	3.996358E-5
4.900000E-1	1.635490E-3	1.635490E-3	4.164731E-5	4.164731E-5
5.000000E-1	1.691790E-3	1.691790E-3	4.308098E-5	4.308098E-5
