#
#
#16:27:37	20/01/21
#
#
#Ell Cont: 5,0x10,0
#
#SMU1	V name:		V1
#	I name:		I1
#	Mode:		V
#	Function:	VAR1
#SMU2	V name:		V2
#	I name:		I2
#	Mode:		common
#	Function:	const.
#SMU3	off
#SMU4	off
#VMUs	off
#
#Primary Source (VAR1):	single
#	Sweep Spacing:	linear
#	Start:		-0.500000
#	Stop:		0.500000
#	Step:		0.010000
#	Compliance:	0.050000
#Power Compliance OFF
#
#Timing:		Integration Time:	medium
#	Delay Time (sec):	0.000000
#	Hold Time (sec):	0.000000
#	Wait Time (sec):	1.000000
#
#Secondary Source (VAR2):	OFF
#
#
#   V1	   I1	Abs(I)	J (A\um²)	Abs(J)
-5.000000E-1	-2.980370E-5	2.980370E-5	-7.589432E-7	7.589432E-7
-4.900000E-1	-2.843300E-5	2.843300E-5	-7.240387E-7	7.240387E-7
-4.800000E-1	-2.684040E-5	2.684040E-5	-6.834836E-7	6.834836E-7
-4.700000E-1	-2.600290E-5	2.600290E-5	-6.621569E-7	6.621569E-7
-4.600000E-1	-2.518220E-5	2.518220E-5	-6.412580E-7	6.412580E-7
-4.500000E-1	-2.407210E-5	2.407210E-5	-6.129896E-7	6.129896E-7
-4.400000E-1	-2.256040E-5	2.256040E-5	-5.744945E-7	5.744945E-7
-4.300000E-1	-2.230540E-5	2.230540E-5	-5.680010E-7	5.680010E-7
-4.200000E-1	-2.074160E-5	2.074160E-5	-5.281793E-7	5.281793E-7
-4.100000E-1	-2.049250E-5	2.049250E-5	-5.218360E-7	5.218360E-7
-4.000000E-1	-1.981960E-5	1.981960E-5	-5.047008E-7	5.047008E-7
-3.900000E-1	-1.855370E-5	1.855370E-5	-4.724650E-7	4.724650E-7
-3.800000E-1	-1.787720E-5	1.787720E-5	-4.552381E-7	4.552381E-7
-3.700000E-1	-1.721010E-5	1.721010E-5	-4.382506E-7	4.382506E-7
-3.600000E-1	-1.687650E-5	1.687650E-5	-4.297555E-7	4.297555E-7
-3.500000E-1	-1.654950E-5	1.654950E-5	-4.214286E-7	4.214286E-7
-3.400000E-1	-1.606470E-5	1.606470E-5	-4.090833E-7	4.090833E-7
-3.300000E-1	-1.562990E-5	1.562990E-5	-3.980112E-7	3.980112E-7
-3.200000E-1	-1.496020E-5	1.496020E-5	-3.809575E-7	3.809575E-7
-3.100000E-1	-1.443000E-5	1.443000E-5	-3.674561E-7	3.674561E-7
-3.000000E-1	-1.405650E-5	1.405650E-5	-3.579450E-7	3.579450E-7
-2.900000E-1	-1.329460E-5	1.329460E-5	-3.385434E-7	3.385434E-7
-2.800000E-1	-1.274290E-5	1.274290E-5	-3.244945E-7	3.244945E-7
-2.700000E-1	-1.243980E-5	1.243980E-5	-3.167762E-7	3.167762E-7
-2.600000E-1	-1.182150E-5	1.182150E-5	-3.010313E-7	3.010313E-7
-2.500000E-1	-1.132500E-5	1.132500E-5	-2.883881E-7	2.883881E-7
-2.400000E-1	-1.092620E-5	1.092620E-5	-2.782327E-7	2.782327E-7
-2.300000E-1	-1.037590E-5	1.037590E-5	-2.642195E-7	2.642195E-7
-2.200000E-1	-9.991850E-6	9.991850E-6	-2.544398E-7	2.544398E-7
-2.100000E-1	-9.443180E-6	9.443180E-6	-2.404680E-7	2.404680E-7
-2.000000E-1	-8.774130E-6	8.774130E-6	-2.234309E-7	2.234309E-7
-1.900000E-1	-8.244720E-6	8.244720E-6	-2.099496E-7	2.099496E-7
-1.800000E-1	-7.827380E-6	7.827380E-6	-1.993221E-7	1.993221E-7
-1.700000E-1	-7.166440E-6	7.166440E-6	-1.824915E-7	1.824915E-7
-1.600000E-1	-6.762160E-6	6.762160E-6	-1.721966E-7	1.721966E-7
-1.500000E-1	-6.290120E-6	6.290120E-6	-1.601762E-7	1.601762E-7
-1.400000E-1	-6.001310E-6	6.001310E-6	-1.528217E-7	1.528217E-7
-1.300000E-1	-5.674490E-6	5.674490E-6	-1.444994E-7	1.444994E-7
-1.200000E-1	-5.094370E-6	5.094370E-6	-1.297268E-7	1.297268E-7
-1.100000E-1	-4.707510E-6	4.707510E-6	-1.198755E-7	1.198755E-7
-1.000000E-1	-4.266620E-6	4.266620E-6	-1.086483E-7	1.086483E-7
-9.000000E-2	-3.812130E-6	3.812130E-6	-9.707487E-8	9.707487E-8
-8.000000E-2	-3.411150E-6	3.411150E-6	-8.686402E-8	8.686402E-8
-7.000000E-2	-3.036510E-6	3.036510E-6	-7.732391E-8	7.732391E-8
-6.000000E-2	-2.553420E-6	2.553420E-6	-6.502215E-8	6.502215E-8
-5.000000E-2	-2.175660E-6	2.175660E-6	-5.540260E-8	5.540260E-8
-4.000000E-2	-1.734280E-6	1.734280E-6	-4.416297E-8	4.416297E-8
-3.000000E-2	-1.314420E-6	1.314420E-6	-3.347135E-8	3.347135E-8
-2.000000E-2	-8.845860E-7	8.845860E-7	-2.252574E-8	2.252574E-8
-1.000000E-2	-4.456060E-7	4.456060E-7	-1.134724E-8	1.134724E-8
0.000000E+0	-1.592870E-9	1.592870E-9	-4.056201E-11	4.056201E-11
1.000000E-2	4.458150E-7	4.458150E-7	1.135256E-8	1.135256E-8
2.000000E-2	9.099810E-7	9.099810E-7	2.317242E-8	2.317242E-8
3.000000E-2	1.382930E-6	1.382930E-6	3.521594E-8	3.521594E-8
4.000000E-2	1.893070E-6	1.893070E-6	4.820652E-8	4.820652E-8
5.000000E-2	2.427790E-6	2.427790E-6	6.182302E-8	6.182302E-8
6.000000E-2	3.063130E-6	3.063130E-6	7.800178E-8	7.800178E-8
7.000000E-2	3.666150E-6	3.666150E-6	9.335752E-8	9.335752E-8
8.000000E-2	4.122000E-6	4.122000E-6	1.049656E-7	1.049656E-7
9.000000E-2	4.815920E-6	4.815920E-6	1.226361E-7	1.226361E-7
1.000000E-1	5.492110E-6	5.492110E-6	1.398551E-7	1.398551E-7
1.100000E-1	6.258280E-6	6.258280E-6	1.593654E-7	1.593654E-7
1.200000E-1	7.024860E-6	7.024860E-6	1.788862E-7	1.788862E-7
1.300000E-1	7.550970E-6	7.550970E-6	1.922834E-7	1.922834E-7
1.400000E-1	8.288210E-6	8.288210E-6	2.110570E-7	2.110570E-7
1.500000E-1	8.779540E-6	8.779540E-6	2.235686E-7	2.235686E-7
1.600000E-1	9.563790E-6	9.563790E-6	2.435393E-7	2.435393E-7
1.700000E-1	1.049598E-5	1.049598E-5	2.672773E-7	2.672773E-7
1.800000E-1	1.251800E-5	1.251800E-5	3.187675E-7	3.187675E-7
1.900000E-1	1.322030E-5	1.322030E-5	3.366514E-7	3.366514E-7
2.000000E-1	1.435330E-5	1.435330E-5	3.655029E-7	3.655029E-7
2.100000E-1	1.580380E-5	1.580380E-5	4.024395E-7	4.024395E-7
2.200000E-1	1.687340E-5	1.687340E-5	4.296766E-7	4.296766E-7
2.300000E-1	1.847640E-5	1.847640E-5	4.704966E-7	4.704966E-7
2.400000E-1	2.044890E-5	2.044890E-5	5.207257E-7	5.207257E-7
2.500000E-1	2.232870E-5	2.232870E-5	5.685943E-7	5.685943E-7
2.600000E-1	2.439140E-5	2.439140E-5	6.211204E-7	6.211204E-7
2.700000E-1	2.722250E-5	2.722250E-5	6.932136E-7	6.932136E-7
2.800000E-1	2.752770E-5	2.752770E-5	7.009855E-7	7.009855E-7
2.900000E-1	3.009250E-5	3.009250E-5	7.662974E-7	7.662974E-7
3.000000E-1	3.132910E-5	3.132910E-5	7.977871E-7	7.977871E-7
3.100000E-1	3.366340E-5	3.366340E-5	8.572294E-7	8.572294E-7
3.200000E-1	3.542080E-5	3.542080E-5	9.019811E-7	9.019811E-7
3.300000E-1	3.679560E-5	3.679560E-5	9.369901E-7	9.369901E-7
3.400000E-1	4.041450E-5	4.041450E-5	1.029144E-6	1.029144E-6
3.500000E-1	4.320860E-5	4.320860E-5	1.100295E-6	1.100295E-6
3.600000E-1	4.690300E-5	4.690300E-5	1.194372E-6	1.194372E-6
3.700000E-1	5.051790E-5	5.051790E-5	1.286425E-6	1.286425E-6
3.800000E-1	5.480750E-5	5.480750E-5	1.395658E-6	1.395658E-6
3.900000E-1	5.592690E-5	5.592690E-5	1.424163E-6	1.424163E-6
4.000000E-1	5.904090E-5	5.904090E-5	1.503461E-6	1.503461E-6
4.100000E-1	6.231300E-5	6.231300E-5	1.586784E-6	1.586784E-6
4.200000E-1	6.695460E-5	6.695460E-5	1.704981E-6	1.704981E-6
4.300000E-1	7.227120E-5	7.227120E-5	1.840367E-6	1.840367E-6
4.400000E-1	7.557730E-5	7.557730E-5	1.924556E-6	1.924556E-6
4.500000E-1	7.875960E-5	7.875960E-5	2.005592E-6	2.005592E-6
4.600000E-1	8.138050E-5	8.138050E-5	2.072333E-6	2.072333E-6
4.700000E-1	8.587160E-5	8.587160E-5	2.186697E-6	2.186697E-6
4.800000E-1	9.554470E-5	9.554470E-5	2.433020E-6	2.433020E-6
4.900000E-1	9.666090E-5	9.666090E-5	2.461444E-6	2.461444E-6
5.000000E-1	1.042535E-4	1.042535E-4	2.654787E-6	2.654787E-6
