#
#
#16:22:01	20/01/21
#
#
#Ell Cont: 5,0x10,0
#
#SMU1	V name:		V1
#	I name:		I1
#	Mode:		V
#	Function:	VAR1
#SMU2	V name:		V2
#	I name:		I2
#	Mode:		common
#	Function:	const.
#SMU3	off
#SMU4	off
#VMUs	off
#
#Primary Source (VAR1):	single
#	Sweep Spacing:	linear
#	Start:		-0.500000
#	Stop:		0.500000
#	Step:		0.010000
#	Compliance:	0.050000
#Power Compliance OFF
#
#Timing:		Integration Time:	medium
#	Delay Time (sec):	0.000000
#	Hold Time (sec):	0.000000
#	Wait Time (sec):	1.000000
#
#Secondary Source (VAR2):	OFF
#
#
#   V1	   I1	Abs(I)	J (A\um²)	Abs(J)
-5.000000E-1	-7.389250E-6	7.389250E-6	-1.881653E-7	1.881653E-7
-4.900000E-1	-7.155180E-6	7.155180E-6	-1.822047E-7	1.822047E-7
-4.800000E-1	-6.950780E-6	6.950780E-6	-1.769997E-7	1.769997E-7
-4.700000E-1	-6.741990E-6	6.741990E-6	-1.716830E-7	1.716830E-7
-4.600000E-1	-6.542030E-6	6.542030E-6	-1.665910E-7	1.665910E-7
-4.500000E-1	-6.322560E-6	6.322560E-6	-1.610023E-7	1.610023E-7
-4.400000E-1	-6.105020E-6	6.105020E-6	-1.554627E-7	1.554627E-7
-4.300000E-1	-5.896970E-6	5.896970E-6	-1.501648E-7	1.501648E-7
-4.200000E-1	-5.697960E-6	5.697960E-6	-1.450970E-7	1.450970E-7
-4.100000E-1	-5.498300E-6	5.498300E-6	-1.400127E-7	1.400127E-7
-4.000000E-1	-5.303220E-6	5.303220E-6	-1.350451E-7	1.350451E-7
-3.900000E-1	-5.119030E-6	5.119030E-6	-1.303547E-7	1.303547E-7
-3.800000E-1	-4.927860E-6	4.927860E-6	-1.254866E-7	1.254866E-7
-3.700000E-1	-4.777170E-6	4.777170E-6	-1.216493E-7	1.216493E-7
-3.600000E-1	-4.577830E-6	4.577830E-6	-1.165732E-7	1.165732E-7
-3.500000E-1	-4.427170E-6	4.427170E-6	-1.127367E-7	1.127367E-7
-3.400000E-1	-4.242540E-6	4.242540E-6	-1.080351E-7	1.080351E-7
-3.300000E-1	-4.072800E-6	4.072800E-6	-1.037128E-7	1.037128E-7
-3.200000E-1	-3.917930E-6	3.917930E-6	-9.976903E-8	9.976903E-8
-3.100000E-1	-3.749960E-6	3.749960E-6	-9.549172E-8	9.549172E-8
-3.000000E-1	-3.585130E-6	3.585130E-6	-9.129437E-8	9.129437E-8
-2.900000E-1	-3.441790E-6	3.441790E-6	-8.764426E-8	8.764426E-8
-2.800000E-1	-3.289480E-6	3.289480E-6	-8.376572E-8	8.376572E-8
-2.700000E-1	-3.138770E-6	3.138770E-6	-7.992793E-8	7.992793E-8
-2.600000E-1	-3.000620E-6	3.000620E-6	-7.640998E-8	7.640998E-8
-2.500000E-1	-2.858330E-6	2.858330E-6	-7.278660E-8	7.278660E-8
-2.400000E-1	-2.717270E-6	2.717270E-6	-6.919455E-8	6.919455E-8
-2.300000E-1	-2.580280E-6	2.580280E-6	-6.570614E-8	6.570614E-8
-2.200000E-1	-2.442920E-6	2.442920E-6	-6.220830E-8	6.220830E-8
-2.100000E-1	-2.310050E-6	2.310050E-6	-5.882480E-8	5.882480E-8
-2.000000E-1	-2.174700E-6	2.174700E-6	-5.537815E-8	5.537815E-8
-1.900000E-1	-2.046430E-6	2.046430E-6	-5.211179E-8	5.211179E-8
-1.800000E-1	-1.921400E-6	1.921400E-6	-4.892793E-8	4.892793E-8
-1.700000E-1	-1.811630E-6	1.811630E-6	-4.613267E-8	4.613267E-8
-1.600000E-1	-1.690440E-6	1.690440E-6	-4.304660E-8	4.304660E-8
-1.500000E-1	-1.579390E-6	1.579390E-6	-4.021874E-8	4.021874E-8
-1.400000E-1	-1.460250E-6	1.460250E-6	-3.718487E-8	3.718487E-8
-1.300000E-1	-1.345720E-6	1.345720E-6	-3.426840E-8	3.426840E-8
-1.200000E-1	-1.234290E-6	1.234290E-6	-3.143086E-8	3.143086E-8
-1.100000E-1	-1.120510E-6	1.120510E-6	-2.853349E-8	2.853349E-8
-1.000000E-1	-1.014160E-6	1.014160E-6	-2.582531E-8	2.582531E-8
-9.000000E-2	-9.082390E-7	9.082390E-7	-2.312806E-8	2.312806E-8
-8.000000E-2	-8.084490E-7	8.084490E-7	-2.058694E-8	2.058694E-8
-7.000000E-2	-7.042310E-7	7.042310E-7	-1.793305E-8	1.793305E-8
-6.000000E-2	-6.000520E-7	6.000520E-7	-1.528016E-8	1.528016E-8
-5.000000E-2	-4.968950E-7	4.968950E-7	-1.265330E-8	1.265330E-8
-4.000000E-2	-3.960000E-7	3.960000E-7	-1.008403E-8	1.008403E-8
-3.000000E-2	-2.943180E-7	2.943180E-7	-7.494729E-9	7.494729E-9
-2.000000E-2	-1.950020E-7	1.950020E-7	-4.965673E-9	4.965673E-9
-1.000000E-2	-9.770010E-8	9.770010E-8	-2.487907E-9	2.487907E-9
0.000000E+0	-9.563000E-11	9.563000E-11	-2.435192E-12	2.435192E-12
1.000000E-2	9.686760E-8	9.686760E-8	2.466707E-9	2.466707E-9
2.000000E-2	1.945690E-7	1.945690E-7	4.954647E-9	4.954647E-9
3.000000E-2	2.925040E-7	2.925040E-7	7.448536E-9	7.448536E-9
4.000000E-2	3.922590E-7	3.922590E-7	9.988770E-9	9.988770E-9
5.000000E-2	4.886480E-7	4.886480E-7	1.244329E-8	1.244329E-8
6.000000E-2	5.871700E-7	5.871700E-7	1.495213E-8	1.495213E-8
7.000000E-2	6.854290E-7	6.854290E-7	1.745427E-8	1.745427E-8
8.000000E-2	7.875750E-7	7.875750E-7	2.005539E-8	2.005539E-8
9.000000E-2	8.865800E-7	8.865800E-7	2.257652E-8	2.257652E-8
1.000000E-1	9.887380E-7	9.887380E-7	2.517795E-8	2.517795E-8
1.100000E-1	1.093671E-6	1.093671E-6	2.785004E-8	2.785004E-8
1.200000E-1	1.191880E-6	1.191880E-6	3.035090E-8	3.035090E-8
1.300000E-1	1.301810E-6	1.301810E-6	3.315024E-8	3.315024E-8
1.400000E-1	1.405770E-6	1.405770E-6	3.579755E-8	3.579755E-8
1.500000E-1	1.517100E-6	1.517100E-6	3.863254E-8	3.863254E-8
1.600000E-1	1.626110E-6	1.626110E-6	4.140845E-8	4.140845E-8
1.700000E-1	1.748420E-6	1.748420E-6	4.452305E-8	4.452305E-8
1.800000E-1	1.855460E-6	1.855460E-6	4.724879E-8	4.724879E-8
1.900000E-1	1.980670E-6	1.980670E-6	5.043723E-8	5.043723E-8
2.000000E-1	2.096960E-6	2.096960E-6	5.339852E-8	5.339852E-8
2.100000E-1	2.218130E-6	2.218130E-6	5.648408E-8	5.648408E-8
2.200000E-1	2.345800E-6	2.345800E-6	5.973517E-8	5.973517E-8
2.300000E-1	2.497150E-6	2.497150E-6	6.358925E-8	6.358925E-8
2.400000E-1	2.630070E-6	2.630070E-6	6.697403E-8	6.697403E-8
2.500000E-1	2.764620E-6	2.764620E-6	7.040030E-8	7.040030E-8
2.600000E-1	2.903840E-6	2.903840E-6	7.394550E-8	7.394550E-8
2.700000E-1	3.058910E-6	3.058910E-6	7.789432E-8	7.789432E-8
2.800000E-1	3.229600E-6	3.229600E-6	8.224090E-8	8.224090E-8
2.900000E-1	3.360730E-6	3.360730E-6	8.558009E-8	8.558009E-8
3.000000E-1	3.513940E-6	3.513940E-6	8.948154E-8	8.948154E-8
3.100000E-1	3.679390E-6	3.679390E-6	9.369468E-8	9.369468E-8
3.200000E-1	3.874970E-6	3.874970E-6	9.867507E-8	9.867507E-8
3.300000E-1	4.073140E-6	4.073140E-6	1.037214E-7	1.037214E-7
3.400000E-1	4.222770E-6	4.222770E-6	1.075317E-7	1.075317E-7
3.500000E-1	4.449120E-6	4.449120E-6	1.132956E-7	1.132956E-7
3.600000E-1	4.645330E-6	4.645330E-6	1.182921E-7	1.182921E-7
3.700000E-1	4.842740E-6	4.842740E-6	1.233191E-7	1.233191E-7
3.800000E-1	5.062630E-6	5.062630E-6	1.289185E-7	1.289185E-7
3.900000E-1	5.256630E-6	5.256630E-6	1.338587E-7	1.338587E-7
4.000000E-1	5.511980E-6	5.511980E-6	1.403611E-7	1.403611E-7
4.100000E-1	5.692310E-6	5.692310E-6	1.449531E-7	1.449531E-7
4.200000E-1	5.957730E-6	5.957730E-6	1.517120E-7	1.517120E-7
4.300000E-1	6.151240E-6	6.151240E-6	1.566397E-7	1.566397E-7
4.400000E-1	6.421910E-6	6.421910E-6	1.635322E-7	1.635322E-7
4.500000E-1	6.646730E-6	6.646730E-6	1.692572E-7	1.692572E-7
4.600000E-1	6.944180E-6	6.944180E-6	1.768317E-7	1.768317E-7
4.700000E-1	7.244550E-6	7.244550E-6	1.844805E-7	1.844805E-7
4.800000E-1	7.549080E-6	7.549080E-6	1.922353E-7	1.922353E-7
4.900000E-1	7.808110E-6	7.808110E-6	1.988314E-7	1.988314E-7
5.000000E-1	8.151090E-6	8.151090E-6	2.075653E-7	2.075653E-7
