

10:25:51	16/03/21


Ell Cont: 5,0x10,0

SMU1	V name:		V1
	I name:		I1
	Mode:		V
	Function:	VAR1
SMU2	V name:		V2
	I name:		I2
	Mode:		common
	Function:	const.
SMU3	off
SMU4	off
VMUs	off

Primary Source (VAR1):	single
	Sweep Spacing:	linear
	Start:		-0.500000
	Stop:		0.500000
	Step:		0.010000
	Compliance:	0.050000
Power Compliance OFF

Timing:		Integration Time:	medium
	Delay Time (sec):	0.000000
	Hold Time (sec):	0.000000
	Wait Time (sec):	1.000000

Secondary Source (VAR2):	OFF


   V1	   I1	Abs(I)	J (A\µm²)	Abs(J)
-5.000000E-1	-3.389770E-8	3.389770E-8	-8.631958E-10	8.631958E-10
-4.900000E-1	-3.044650E-8	3.044650E-8	-7.753119E-10	7.753119E-10
-4.800000E-1	-2.873230E-8	2.873230E-8	-7.316603E-10	7.316603E-10
-4.700000E-1	-2.699870E-8	2.699870E-8	-6.875146E-10	6.875146E-10
-4.600000E-1	-2.575040E-8	2.575040E-8	-6.557270E-10	6.557270E-10
-4.500000E-1	-2.469260E-8	2.469260E-8	-6.287904E-10	6.287904E-10
-4.400000E-1	-2.376210E-8	2.376210E-8	-6.050955E-10	6.050955E-10
-4.300000E-1	-2.283980E-8	2.283980E-8	-5.816094E-10	5.816094E-10
-4.200000E-1	-2.203960E-8	2.203960E-8	-5.612325E-10	5.612325E-10
-4.100000E-1	-2.132370E-8	2.132370E-8	-5.430023E-10	5.430023E-10
-4.000000E-1	-2.051580E-8	2.051580E-8	-5.224293E-10	5.224293E-10
-3.900000E-1	-1.994600E-8	1.994600E-8	-5.079195E-10	5.079195E-10
-3.800000E-1	-1.902820E-8	1.902820E-8	-4.845480E-10	4.845480E-10
-3.700000E-1	-1.836580E-8	1.836580E-8	-4.676802E-10	4.676802E-10
-3.600000E-1	-1.777190E-8	1.777190E-8	-4.525567E-10	4.525567E-10
-3.500000E-1	-1.731480E-8	1.731480E-8	-4.409167E-10	4.409167E-10
-3.400000E-1	-1.654790E-8	1.654790E-8	-4.213878E-10	4.213878E-10
-3.300000E-1	-1.591550E-8	1.591550E-8	-4.052839E-10	4.052839E-10
-3.200000E-1	-1.521340E-8	1.521340E-8	-3.874051E-10	3.874051E-10
-3.100000E-1	-1.449680E-8	1.449680E-8	-3.691571E-10	3.691571E-10
-3.000000E-1	-1.392330E-8	1.392330E-8	-3.545531E-10	3.545531E-10
-2.900000E-1	-1.334590E-8	1.334590E-8	-3.398498E-10	3.398498E-10
-2.800000E-1	-1.273350E-8	1.273350E-8	-3.242552E-10	3.242552E-10
-2.700000E-1	-1.210270E-8	1.210270E-8	-3.081920E-10	3.081920E-10
-2.600000E-1	-1.158620E-8	1.158620E-8	-2.950395E-10	2.950395E-10
-2.500000E-1	-1.108760E-8	1.108760E-8	-2.823428E-10	2.823428E-10
-2.400000E-1	-1.054810E-8	1.054810E-8	-2.686045E-10	2.686045E-10
-2.300000E-1	-1.023020E-8	1.023020E-8	-2.605093E-10	2.605093E-10
-2.200000E-1	-9.901430E-9	9.901430E-9	-2.521373E-10	2.521373E-10
-2.100000E-1	-9.347190E-9	9.347190E-9	-2.380237E-10	2.380237E-10
-2.000000E-1	-8.842020E-9	8.842020E-9	-2.251597E-10	2.251597E-10
-1.900000E-1	-8.328810E-9	8.328810E-9	-2.120909E-10	2.120909E-10
-1.800000E-1	-7.799050E-9	7.799050E-9	-1.986007E-10	1.986007E-10
-1.700000E-1	-7.312380E-9	7.312380E-9	-1.862078E-10	1.862078E-10
-1.600000E-1	-6.814810E-9	6.814810E-9	-1.735373E-10	1.735373E-10
-1.500000E-1	-6.293710E-9	6.293710E-9	-1.602676E-10	1.602676E-10
-1.400000E-1	-5.810420E-9	5.810420E-9	-1.479608E-10	1.479608E-10
-1.300000E-1	-5.307090E-9	5.307090E-9	-1.351436E-10	1.351436E-10
-1.200000E-1	-4.818260E-9	4.818260E-9	-1.226957E-10	1.226957E-10
-1.100000E-1	-4.318460E-9	4.318460E-9	-1.099684E-10	1.099684E-10
-1.000000E-1	-3.862280E-9	3.862280E-9	-9.835192E-11	9.835192E-11
-9.000000E-2	-3.380980E-9	3.380980E-9	-8.609575E-11	8.609575E-11
-8.000000E-2	-2.897350E-9	2.897350E-9	-7.378024E-11	7.378024E-11
-7.000000E-2	-2.458140E-9	2.458140E-9	-6.259587E-11	6.259587E-11
-6.000000E-2	-1.998350E-9	1.998350E-9	-5.088745E-11	5.088745E-11
-5.000000E-2	-1.554500E-9	1.554500E-9	-3.958492E-11	3.958492E-11
-4.000000E-2	-1.093050E-9	1.093050E-9	-2.783422E-11	2.783422E-11
-3.000000E-2	-9.653100E-10	9.653100E-10	-2.458136E-11	2.458136E-11
-2.000000E-2	-6.803200E-10	6.803200E-10	-1.732417E-11	1.732417E-11
-1.000000E-2	-2.894600E-10	2.894600E-10	-7.371021E-12	7.371021E-12
0.000000E+0	1.445400E-10	1.445400E-10	3.680672E-12	3.680672E-12
1.000000E-2	5.897300E-10	5.897300E-10	1.501732E-11	1.501732E-11
2.000000E-2	1.110650E-9	1.110650E-9	2.828240E-11	2.828240E-11
3.000000E-2	1.829290E-9	1.829290E-9	4.658238E-11	4.658238E-11
4.000000E-2	2.386240E-9	2.386240E-9	6.076496E-11	6.076496E-11
5.000000E-2	2.895890E-9	2.895890E-9	7.374306E-11	7.374306E-11
6.000000E-2	3.385560E-9	3.385560E-9	8.621237E-11	8.621237E-11
7.000000E-2	3.899020E-9	3.899020E-9	9.928750E-11	9.928750E-11
8.000000E-2	4.391180E-9	4.391180E-9	1.118202E-10	1.118202E-10
9.000000E-2	4.885930E-9	4.885930E-9	1.244189E-10	1.244189E-10
1.000000E-1	5.404940E-9	5.404940E-9	1.376353E-10	1.376353E-10
1.100000E-1	5.901430E-9	5.901430E-9	1.502783E-10	1.502783E-10
1.200000E-1	6.479240E-9	6.479240E-9	1.649921E-10	1.649921E-10
1.300000E-1	6.967010E-9	6.967010E-9	1.774130E-10	1.774130E-10
1.400000E-1	7.488780E-9	7.488780E-9	1.906998E-10	1.906998E-10
1.500000E-1	7.622310E-9	7.622310E-9	1.941001E-10	1.941001E-10
1.600000E-1	8.095130E-9	8.095130E-9	2.061403E-10	2.061403E-10
1.700000E-1	8.661290E-9	8.661290E-9	2.205574E-10	2.205574E-10
1.800000E-1	9.226160E-9	9.226160E-9	2.349417E-10	2.349417E-10
1.900000E-1	9.814400E-9	9.814400E-9	2.499211E-10	2.499211E-10
2.000000E-1	1.104150E-8	1.104150E-8	2.811688E-10	2.811688E-10
2.100000E-1	1.180330E-8	1.180330E-8	3.005679E-10	3.005679E-10
2.200000E-1	1.253970E-8	1.253970E-8	3.193201E-10	3.193201E-10
2.300000E-1	1.319100E-8	1.319100E-8	3.359053E-10	3.359053E-10
2.400000E-1	1.387820E-8	1.387820E-8	3.534046E-10	3.534046E-10
2.500000E-1	1.452100E-8	1.452100E-8	3.697734E-10	3.697734E-10
2.600000E-1	1.521850E-8	1.521850E-8	3.875350E-10	3.875350E-10
2.700000E-1	1.587050E-8	1.587050E-8	4.041380E-10	4.041380E-10
2.800000E-1	1.652050E-8	1.652050E-8	4.206901E-10	4.206901E-10
2.900000E-1	1.726080E-8	1.726080E-8	4.395416E-10	4.395416E-10
3.000000E-1	1.788620E-8	1.788620E-8	4.554673E-10	4.554673E-10
3.100000E-1	1.859790E-8	1.859790E-8	4.735905E-10	4.735905E-10
3.200000E-1	1.932370E-8	1.932370E-8	4.920728E-10	4.920728E-10
3.300000E-1	2.004350E-8	2.004350E-8	5.104023E-10	5.104023E-10
3.400000E-1	2.083380E-8	2.083380E-8	5.305271E-10	5.305271E-10
3.500000E-1	2.149550E-8	2.149550E-8	5.473771E-10	5.473771E-10
3.600000E-1	2.209800E-8	2.209800E-8	5.627196E-10	5.627196E-10
3.700000E-1	2.293760E-8	2.293760E-8	5.840998E-10	5.840998E-10
3.800000E-1	2.370830E-8	2.370830E-8	6.037255E-10	6.037255E-10
3.900000E-1	2.446620E-8	2.446620E-8	6.230252E-10	6.230252E-10
4.000000E-1	2.522250E-8	2.522250E-8	6.422842E-10	6.422842E-10
4.100000E-1	2.608210E-8	2.608210E-8	6.641737E-10	6.641737E-10
4.200000E-1	2.680530E-8	2.680530E-8	6.825898E-10	6.825898E-10
4.300000E-1	2.762690E-8	2.762690E-8	7.035116E-10	7.035116E-10
4.400000E-1	2.838050E-8	2.838050E-8	7.227018E-10	7.227018E-10
4.500000E-1	2.928270E-8	2.928270E-8	7.456761E-10	7.456761E-10
4.600000E-1	3.008100E-8	3.008100E-8	7.660046E-10	7.660046E-10
4.700000E-1	3.091840E-8	3.091840E-8	7.873287E-10	7.873287E-10
4.800000E-1	3.167570E-8	3.167570E-8	8.066132E-10	8.066132E-10
4.900000E-1	3.254750E-8	3.254750E-8	8.288133E-10	8.288133E-10
5.000000E-1	3.338600E-8	3.338600E-8	8.501655E-10	8.501655E-10
