

10:13:34	16/03/21


Ell Cont: 5,0x10,0

SMU1	V name:		V1
	I name:		I1
	Mode:		V
	Function:	VAR1
SMU2	V name:		V2
	I name:		I2
	Mode:		common
	Function:	const.
SMU3	off
SMU4	off
VMUs	off

Primary Source (VAR1):	single
	Sweep Spacing:	linear
	Start:		-0.500000
	Stop:		0.500000
	Step:		0.010000
	Compliance:	0.050000
Power Compliance OFF

Timing:		Integration Time:	medium
	Delay Time (sec):	0.000000
	Hold Time (sec):	0.000000
	Wait Time (sec):	1.000000

Secondary Source (VAR2):	OFF


   V1	   I1	Abs(I)	J (A\µm²)	Abs(J)
-5.000000E-1	-4.735420E-8	4.735420E-8	-1.205862E-9	1.205862E-9
-4.900000E-1	-4.475170E-8	4.475170E-8	-1.139590E-9	1.139590E-9
-4.800000E-1	-4.268750E-8	4.268750E-8	-1.087026E-9	1.087026E-9
-4.700000E-1	-4.084910E-8	4.084910E-8	-1.040211E-9	1.040211E-9
-4.600000E-1	-3.949890E-8	3.949890E-8	-1.005829E-9	1.005829E-9
-4.500000E-1	-3.839120E-8	3.839120E-8	-9.776216E-10	9.776216E-10
-4.400000E-1	-3.699250E-8	3.699250E-8	-9.420041E-10	9.420041E-10
-4.300000E-1	-3.582540E-8	3.582540E-8	-9.122842E-10	9.122842E-10
-4.200000E-1	-3.463920E-8	3.463920E-8	-8.820779E-10	8.820779E-10
-4.100000E-1	-3.376590E-8	3.376590E-8	-8.598396E-10	8.598396E-10
-4.000000E-1	-3.270090E-8	3.270090E-8	-8.327196E-10	8.327196E-10
-3.900000E-1	-3.171330E-8	3.171330E-8	-8.075707E-10	8.075707E-10
-3.800000E-1	-3.079450E-8	3.079450E-8	-7.841737E-10	7.841737E-10
-3.700000E-1	-2.973100E-8	2.973100E-8	-7.570919E-10	7.570919E-10
-3.600000E-1	-2.865930E-8	2.865930E-8	-7.298014E-10	7.298014E-10
-3.500000E-1	-2.771600E-8	2.771600E-8	-7.057805E-10	7.057805E-10
-3.400000E-1	-2.675500E-8	2.675500E-8	-6.813089E-10	6.813089E-10
-3.300000E-1	-2.582160E-8	2.582160E-8	-6.575401E-10	6.575401E-10
-3.200000E-1	-2.486030E-8	2.486030E-8	-6.330609E-10	6.330609E-10
-3.100000E-1	-2.398440E-8	2.398440E-8	-6.107563E-10	6.107563E-10
-3.000000E-1	-2.319930E-8	2.319930E-8	-5.907639E-10	5.907639E-10
-2.900000E-1	-2.217800E-8	2.217800E-8	-5.647568E-10	5.647568E-10
-2.800000E-1	-2.120690E-8	2.120690E-8	-5.400280E-10	5.400280E-10
-2.700000E-1	-2.041470E-8	2.041470E-8	-5.198548E-10	5.198548E-10
-2.600000E-1	-1.944650E-8	1.944650E-8	-4.951999E-10	4.951999E-10
-2.500000E-1	-1.867070E-8	1.867070E-8	-4.754444E-10	4.754444E-10
-2.400000E-1	-1.777690E-8	1.777690E-8	-4.526840E-10	4.526840E-10
-2.300000E-1	-1.682220E-8	1.682220E-8	-4.283728E-10	4.283728E-10
-2.200000E-1	-1.596920E-8	1.596920E-8	-4.066514E-10	4.066514E-10
-2.100000E-1	-1.516690E-8	1.516690E-8	-3.862210E-10	3.862210E-10
-2.000000E-1	-1.429590E-8	1.429590E-8	-3.640412E-10	3.640412E-10
-1.900000E-1	-1.357580E-8	1.357580E-8	-3.457041E-10	3.457041E-10
-1.800000E-1	-1.273550E-8	1.273550E-8	-3.243061E-10	3.243061E-10
-1.700000E-1	-1.191760E-8	1.191760E-8	-3.034785E-10	3.034785E-10
-1.600000E-1	-1.106180E-8	1.106180E-8	-2.816858E-10	2.816858E-10
-1.500000E-1	-1.031040E-8	1.031040E-8	-2.625516E-10	2.625516E-10
-1.400000E-1	-9.811200E-9	9.811200E-9	-2.498396E-10	2.498396E-10
-1.300000E-1	-9.218050E-9	9.218050E-9	-2.347352E-10	2.347352E-10
-1.200000E-1	-8.344100E-9	8.344100E-9	-2.124803E-10	2.124803E-10
-1.100000E-1	-7.637360E-9	7.637360E-9	-1.944833E-10	1.944833E-10
-1.000000E-1	-6.832220E-9	6.832220E-9	-1.739806E-10	1.739806E-10
-9.000000E-2	-6.088490E-9	6.088490E-9	-1.550418E-10	1.550418E-10
-8.000000E-2	-5.324880E-9	5.324880E-9	-1.355966E-10	1.355966E-10
-7.000000E-2	-4.578050E-9	4.578050E-9	-1.165788E-10	1.165788E-10
-6.000000E-2	-3.845740E-9	3.845740E-9	-9.793073E-11	9.793073E-11
-5.000000E-2	-3.119190E-9	3.119190E-9	-7.942933E-11	7.942933E-11
-4.000000E-2	-2.394830E-9	2.394830E-9	-6.098370E-11	6.098370E-11
-3.000000E-2	-1.667160E-9	1.667160E-9	-4.245378E-11	4.245378E-11
-2.000000E-2	-9.958300E-10	9.958300E-10	-2.535854E-11	2.535854E-11
-1.000000E-2	-4.682400E-10	4.682400E-10	-1.192361E-11	1.192361E-11
0.000000E+0	1.285300E-10	1.285300E-10	3.272982E-12	3.272982E-12
1.000000E-2	8.651600E-10	8.651600E-10	2.203107E-11	2.203107E-11
2.000000E-2	1.787200E-9	1.787200E-9	4.551057E-11	4.551057E-11
3.000000E-2	2.579610E-9	2.579610E-9	6.568907E-11	6.568907E-11
4.000000E-2	3.325410E-9	3.325410E-9	8.468067E-11	8.468067E-11
5.000000E-2	4.073700E-9	4.073700E-9	1.037357E-10	1.037357E-10
6.000000E-2	4.805720E-9	4.805720E-9	1.223764E-10	1.223764E-10
7.000000E-2	5.583400E-9	5.583400E-9	1.421798E-10	1.421798E-10
8.000000E-2	6.329900E-9	6.329900E-9	1.611892E-10	1.611892E-10
9.000000E-2	7.099740E-9	7.099740E-9	1.807930E-10	1.807930E-10
1.000000E-1	7.854920E-9	7.854920E-9	2.000234E-10	2.000234E-10
1.100000E-1	8.625780E-9	8.625780E-9	2.196532E-10	2.196532E-10
1.200000E-1	9.421490E-9	9.421490E-9	2.399157E-10	2.399157E-10
1.300000E-1	9.952300E-9	9.952300E-9	2.534326E-10	2.534326E-10
1.400000E-1	1.119150E-8	1.119150E-8	2.849885E-10	2.849885E-10
1.500000E-1	1.208840E-8	1.208840E-8	3.078279E-10	3.078279E-10
1.600000E-1	1.299930E-8	1.299930E-8	3.310237E-10	3.310237E-10
1.700000E-1	1.382930E-8	1.382930E-8	3.521594E-10	3.521594E-10
1.800000E-1	1.471280E-8	1.471280E-8	3.746575E-10	3.746575E-10
1.900000E-1	1.548940E-8	1.548940E-8	3.944334E-10	3.944334E-10
2.000000E-1	1.645860E-8	1.645860E-8	4.191138E-10	4.191138E-10
2.100000E-1	1.738790E-8	1.738790E-8	4.427782E-10	4.427782E-10
2.200000E-1	1.817140E-8	1.817140E-8	4.627298E-10	4.627298E-10
2.300000E-1	1.906760E-8	1.906760E-8	4.855513E-10	4.855513E-10
2.400000E-1	1.989920E-8	1.989920E-8	5.067278E-10	5.067278E-10
2.500000E-1	2.082630E-8	2.082630E-8	5.303361E-10	5.303361E-10
2.600000E-1	2.173100E-8	2.173100E-8	5.533741E-10	5.533741E-10
2.700000E-1	2.265010E-8	2.265010E-8	5.767787E-10	5.767787E-10
2.800000E-1	2.348520E-8	2.348520E-8	5.980443E-10	5.980443E-10
2.900000E-1	2.453990E-8	2.453990E-8	6.249020E-10	6.249020E-10
3.000000E-1	2.535430E-8	2.535430E-8	6.456404E-10	6.456404E-10
3.100000E-1	2.631890E-8	2.631890E-8	6.702037E-10	6.702037E-10
3.200000E-1	2.727400E-8	2.727400E-8	6.945251E-10	6.945251E-10
3.300000E-1	2.827140E-8	2.827140E-8	7.199236E-10	7.199236E-10
3.400000E-1	2.920090E-8	2.920090E-8	7.435931E-10	7.435931E-10
3.500000E-1	3.026320E-8	3.026320E-8	7.706442E-10	7.706442E-10
3.600000E-1	3.116400E-8	3.116400E-8	7.935829E-10	7.935829E-10
3.700000E-1	3.213370E-8	3.213370E-8	8.182760E-10	8.182760E-10
3.800000E-1	3.330940E-8	3.330940E-8	8.482149E-10	8.482149E-10
3.900000E-1	3.419800E-8	3.419800E-8	8.708429E-10	8.708429E-10
4.000000E-1	3.525870E-8	3.525870E-8	8.978533E-10	8.978533E-10
4.100000E-1	3.632760E-8	3.632760E-8	9.250726E-10	9.250726E-10
4.200000E-1	3.745060E-8	3.745060E-8	9.536695E-10	9.536695E-10
4.300000E-1	3.814170E-8	3.814170E-8	9.712681E-10	9.712681E-10
4.400000E-1	3.927690E-8	3.927690E-8	1.000176E-9	1.000176E-9
4.500000E-1	4.026900E-8	4.026900E-8	1.025439E-9	1.025439E-9
4.600000E-1	4.140240E-8	4.140240E-8	1.054301E-9	1.054301E-9
4.700000E-1	4.260450E-8	4.260450E-8	1.084912E-9	1.084912E-9
4.800000E-1	4.347010E-8	4.347010E-8	1.106954E-9	1.106954E-9
4.900000E-1	4.456930E-8	4.456930E-8	1.134945E-9	1.134945E-9
5.000000E-1	4.571490E-8	4.571490E-8	1.164118E-9	1.164118E-9
