

10:41:32	16/03/21


Ell Cont: 5,0x10,0

SMU1	V name:		V1
	I name:		I1
	Mode:		V
	Function:	VAR1
SMU2	V name:		V2
	I name:		I2
	Mode:		common
	Function:	const.
SMU3	off
SMU4	off
VMUs	off

Primary Source (VAR1):	single
	Sweep Spacing:	linear
	Start:		-0.500000
	Stop:		0.500000
	Step:		0.010000
	Compliance:	0.050000
Power Compliance OFF

Timing:		Integration Time:	medium
	Delay Time (sec):	0.000000
	Hold Time (sec):	0.000000
	Wait Time (sec):	1.000000

Secondary Source (VAR2):	OFF


   V1	   I1	Abs(I)	J (A\µm²)	Abs(J)
-5.000000E-1	-3.042210E-9	3.042210E-9	-7.746906E-11	7.746906E-11
-4.900000E-1	-2.628510E-9	2.628510E-9	-6.693430E-11	6.693430E-11
-4.800000E-1	-2.344580E-9	2.344580E-9	-5.970410E-11	5.970410E-11
-4.700000E-1	-2.050150E-9	2.050150E-9	-5.220652E-11	5.220652E-11
-4.600000E-1	-1.846410E-9	1.846410E-9	-4.701833E-11	4.701833E-11
-4.500000E-1	-1.636920E-9	1.636920E-9	-4.168373E-11	4.168373E-11
-4.400000E-1	-1.492820E-9	1.492820E-9	-3.801426E-11	3.801426E-11
-4.300000E-1	-1.347640E-9	1.347640E-9	-3.431729E-11	3.431729E-11
-4.200000E-1	-1.216040E-9	1.216040E-9	-3.096613E-11	3.096613E-11
-4.100000E-1	-1.107480E-9	1.107480E-9	-2.820168E-11	2.820168E-11
-4.000000E-1	-1.001950E-9	1.001950E-9	-2.551439E-11	2.551439E-11
-3.900000E-1	-9.126200E-10	9.126200E-10	-2.323962E-11	2.323962E-11
-3.800000E-1	-8.264300E-10	8.264300E-10	-2.104482E-11	2.104482E-11
-3.700000E-1	-7.460800E-10	7.460800E-10	-1.899873E-11	1.899873E-11
-3.600000E-1	-6.867900E-10	6.867900E-10	-1.748892E-11	1.748892E-11
-3.500000E-1	-6.195100E-10	6.195100E-10	-1.577566E-11	1.577566E-11
-3.400000E-1	-5.656500E-10	5.656500E-10	-1.440413E-11	1.440413E-11
-3.300000E-1	-5.113300E-10	5.113300E-10	-1.302088E-11	1.302088E-11
-3.200000E-1	-4.653000E-10	4.653000E-10	-1.184874E-11	1.184874E-11
-3.100000E-1	-4.236500E-10	4.236500E-10	-1.078813E-11	1.078813E-11
-3.000000E-1	-3.843700E-10	3.843700E-10	-9.787879E-12	9.787879E-12
-2.900000E-1	-3.525000E-10	3.525000E-10	-8.976318E-12	8.976318E-12
-2.800000E-1	-3.160000E-10	3.160000E-10	-8.046855E-12	8.046855E-12
-2.700000E-1	-2.818300E-10	2.818300E-10	-7.176725E-12	7.176725E-12
-2.600000E-1	-2.521600E-10	2.521600E-10	-6.421187E-12	6.421187E-12
-2.500000E-1	-2.234900E-10	2.234900E-10	-5.691113E-12	5.691113E-12
-2.400000E-1	-1.968700E-10	1.968700E-10	-5.013242E-12	5.013242E-12
-2.300000E-1	-1.701400E-10	1.701400E-10	-4.332569E-12	4.332569E-12
-2.200000E-1	-1.438300E-10	1.438300E-10	-3.662592E-12	3.662592E-12
-2.100000E-1	-1.189800E-10	1.189800E-10	-3.029794E-12	3.029794E-12
-2.000000E-1	-9.523000E-11	9.523000E-11	-2.425006E-12	2.425006E-12
-1.900000E-1	-7.190000E-11	7.190000E-11	-1.830914E-12	1.830914E-12
-1.800000E-1	-4.813000E-11	4.813000E-11	-1.225618E-12	1.225618E-12
-1.700000E-1	-2.612000E-11	2.612000E-11	-6.651388E-13	6.651388E-13
-1.600000E-1	-4.060000E-12	4.060000E-12	-1.033868E-13	1.033868E-13
-1.500000E-1	1.729000E-11	1.729000E-11	4.402852E-13	4.402852E-13
-1.400000E-1	3.817000E-11	3.817000E-11	9.719888E-13	9.719888E-13
-1.300000E-1	5.909000E-11	5.909000E-11	1.504711E-12	1.504711E-12
-1.200000E-1	7.972000E-11	7.972000E-11	2.030048E-12	2.030048E-12
-1.100000E-1	1.001300E-10	1.001300E-10	2.549784E-12	2.549784E-12
-1.000000E-1	1.184400E-10	1.184400E-10	3.016043E-12	3.016043E-12
-9.000000E-2	1.373900E-10	1.373900E-10	3.498599E-12	3.498599E-12
-8.000000E-2	1.560800E-10	1.560800E-10	3.974535E-12	3.974535E-12
-7.000000E-2	1.766600E-10	1.766600E-10	4.498599E-12	4.498599E-12
-6.000000E-2	1.928300E-10	1.928300E-10	4.910364E-12	4.910364E-12
-5.000000E-2	2.122700E-10	2.122700E-10	5.405398E-12	5.405398E-12
-4.000000E-2	2.294000E-10	2.294000E-10	5.841609E-12	5.841609E-12
-3.000000E-2	2.483100E-10	2.483100E-10	6.323147E-12	6.323147E-12
-2.000000E-2	2.645100E-10	2.645100E-10	6.735676E-12	6.735676E-12
-1.000000E-2	2.821700E-10	2.821700E-10	7.185383E-12	7.185383E-12
0.000000E+0	2.978000E-10	2.978000E-10	7.583397E-12	7.583397E-12
1.000000E-2	3.147700E-10	3.147700E-10	8.015533E-12	8.015533E-12
2.000000E-2	3.315800E-10	3.315800E-10	8.443596E-12	8.443596E-12
3.000000E-2	3.489100E-10	3.489100E-10	8.884899E-12	8.884899E-12
4.000000E-2	3.239500E-10	3.239500E-10	8.249300E-12	8.249300E-12
5.000000E-2	3.379700E-10	3.379700E-10	8.606315E-12	8.606315E-12
6.000000E-2	3.267100E-10	3.267100E-10	8.319582E-12	8.319582E-12
7.000000E-2	3.213700E-10	3.213700E-10	8.183601E-12	8.183601E-12
8.000000E-2	3.535500E-10	3.535500E-10	9.003056E-12	9.003056E-12
9.000000E-2	3.795100E-10	3.795100E-10	9.664120E-12	9.664120E-12
1.000000E-1	4.052200E-10	4.052200E-10	1.031882E-11	1.031882E-11
1.100000E-1	4.027100E-10	4.027100E-10	1.025490E-11	1.025490E-11
1.200000E-1	4.034100E-10	4.034100E-10	1.027273E-11	1.027273E-11
1.300000E-1	4.086400E-10	4.086400E-10	1.040591E-11	1.040591E-11
1.400000E-1	4.152800E-10	4.152800E-10	1.057499E-11	1.057499E-11
1.500000E-1	4.235200E-10	4.235200E-10	1.078482E-11	1.078482E-11
1.600000E-1	4.306200E-10	4.306200E-10	1.096562E-11	1.096562E-11
1.700000E-1	4.425600E-10	4.425600E-10	1.126967E-11	1.126967E-11
1.800000E-1	4.580900E-10	4.580900E-10	1.166514E-11	1.166514E-11
1.900000E-1	4.927000E-10	4.927000E-10	1.254647E-11	1.254647E-11
2.000000E-1	5.274900E-10	5.274900E-10	1.343239E-11	1.343239E-11
2.100000E-1	5.353300E-10	5.353300E-10	1.363203E-11	1.363203E-11
2.200000E-1	5.422400E-10	5.422400E-10	1.380800E-11	1.380800E-11
2.300000E-1	5.543900E-10	5.543900E-10	1.411739E-11	1.411739E-11
2.400000E-1	5.682600E-10	5.682600E-10	1.447059E-11	1.447059E-11
2.500000E-1	5.821400E-10	5.821400E-10	1.482404E-11	1.482404E-11
2.600000E-1	6.202800E-10	6.202800E-10	1.579526E-11	1.579526E-11
2.700000E-1	6.588400E-10	6.588400E-10	1.677718E-11	1.677718E-11
2.800000E-1	6.651900E-10	6.651900E-10	1.693888E-11	1.693888E-11
2.900000E-1	6.766200E-10	6.766200E-10	1.722995E-11	1.722995E-11
3.000000E-1	6.881600E-10	6.881600E-10	1.752381E-11	1.752381E-11
3.100000E-1	7.053700E-10	7.053700E-10	1.796206E-11	1.796206E-11
3.200000E-1	7.499800E-10	7.499800E-10	1.909804E-11	1.909804E-11
3.300000E-1	7.871600E-10	7.871600E-10	2.004482E-11	2.004482E-11
3.400000E-1	7.995300E-10	7.995300E-10	2.035982E-11	2.035982E-11
3.500000E-1	8.557600E-10	8.557600E-10	2.179170E-11	2.179170E-11
3.600000E-1	8.942300E-10	8.942300E-10	2.277133E-11	2.277133E-11
3.700000E-1	9.420700E-10	9.420700E-10	2.398956E-11	2.398956E-11
3.800000E-1	9.883700E-10	9.883700E-10	2.516858E-11	2.516858E-11
3.900000E-1	1.031920E-9	1.031920E-9	2.627757E-11	2.627757E-11
4.000000E-1	1.068320E-9	1.068320E-9	2.720448E-11	2.720448E-11
4.100000E-1	1.117440E-9	1.117440E-9	2.845531E-11	2.845531E-11
4.200000E-1	1.143760E-9	1.143760E-9	2.912554E-11	2.912554E-11
4.300000E-1	1.165290E-9	1.165290E-9	2.967380E-11	2.967380E-11
4.400000E-1	1.204360E-9	1.204360E-9	3.066870E-11	3.066870E-11
4.500000E-1	1.242200E-9	1.242200E-9	3.163229E-11	3.163229E-11
4.600000E-1	1.289750E-9	1.289750E-9	3.284314E-11	3.284314E-11
4.700000E-1	1.322950E-9	1.322950E-9	3.368857E-11	3.368857E-11
4.800000E-1	1.354720E-9	1.354720E-9	3.449758E-11	3.449758E-11
4.900000E-1	1.379460E-9	1.379460E-9	3.512758E-11	3.512758E-11
5.000000E-1	1.412640E-9	1.412640E-9	3.597250E-11	3.597250E-11
