

10:51:29	16/03/21


Ell Cont: 5,0x10,0

SMU1	V name:		V1
	I name:		I1
	Mode:		V
	Function:	VAR1
SMU2	V name:		V2
	I name:		I2
	Mode:		common
	Function:	const.
SMU3	off
SMU4	off
VMUs	off

Primary Source (VAR1):	single
	Sweep Spacing:	linear
	Start:		-0.500000
	Stop:		0.500000
	Step:		0.010000
	Compliance:	0.050000
Power Compliance OFF

Timing:		Integration Time:	medium
	Delay Time (sec):	0.000000
	Hold Time (sec):	0.000000
	Wait Time (sec):	1.000000

Secondary Source (VAR2):	OFF


   V1	   I1	Abs(I)	J (A\um²)	Abs(J)
-5.000000E-1	-4.544410E-9	4.544410E-9	-1.157222E-10	1.157222E-10
-4.900000E-1	-4.852420E-9	4.852420E-9	-1.235656E-10	1.235656E-10
-4.800000E-1	-4.996150E-9	4.996150E-9	-1.272256E-10	1.272256E-10
-4.700000E-1	-4.900940E-9	4.900940E-9	-1.248011E-10	1.248011E-10
-4.600000E-1	-3.757900E-9	3.757900E-9	-9.569391E-11	9.569391E-11
-4.500000E-1	-3.607460E-9	3.607460E-9	-9.186300E-11	9.186300E-11
-4.400000E-1	-3.788710E-9	3.788710E-9	-9.647848E-11	9.647848E-11
-4.300000E-1	-3.539180E-9	3.539180E-9	-9.012427E-11	9.012427E-11
-4.200000E-1	-3.446230E-9	3.446230E-9	-8.775732E-11	8.775732E-11
-4.100000E-1	-3.074450E-9	3.074450E-9	-7.829004E-11	7.829004E-11
-4.000000E-1	-3.310920E-9	3.310920E-9	-8.431169E-11	8.431169E-11
-3.900000E-1	-2.941060E-9	2.941060E-9	-7.489330E-11	7.489330E-11
-3.800000E-1	-2.770110E-9	2.770110E-9	-7.054011E-11	7.054011E-11
-3.700000E-1	-2.673200E-9	2.673200E-9	-6.807232E-11	6.807232E-11
-3.600000E-1	-2.785630E-9	2.785630E-9	-7.093532E-11	7.093532E-11
-3.500000E-1	-2.903960E-9	2.903960E-9	-7.394856E-11	7.394856E-11
-3.400000E-1	-2.839670E-9	2.839670E-9	-7.231143E-11	7.231143E-11
-3.300000E-1	-2.855240E-9	2.855240E-9	-7.270792E-11	7.270792E-11
-3.200000E-1	-2.482980E-9	2.482980E-9	-6.322842E-11	6.322842E-11
-3.100000E-1	-2.040340E-9	2.040340E-9	-5.195671E-11	5.195671E-11
-3.000000E-1	-1.890100E-9	1.890100E-9	-4.813089E-11	4.813089E-11
-2.900000E-1	-1.757610E-9	1.757610E-9	-4.475707E-11	4.475707E-11
-2.800000E-1	-1.916780E-9	1.916780E-9	-4.881029E-11	4.881029E-11
-2.700000E-1	-1.833190E-9	1.833190E-9	-4.668169E-11	4.668169E-11
-2.600000E-1	-1.691090E-9	1.691090E-9	-4.306315E-11	4.306315E-11
-2.500000E-1	-1.664090E-9	1.664090E-9	-4.237560E-11	4.237560E-11
-2.400000E-1	-1.519840E-9	1.519840E-9	-3.870232E-11	3.870232E-11
-2.300000E-1	-1.518200E-9	1.518200E-9	-3.866055E-11	3.866055E-11
-2.200000E-1	-1.395580E-9	1.395580E-9	-3.553807E-11	3.553807E-11
-2.100000E-1	-1.421730E-9	1.421730E-9	-3.620397E-11	3.620397E-11
-2.000000E-1	-1.308760E-9	1.308760E-9	-3.332722E-11	3.332722E-11
-1.900000E-1	-1.249800E-9	1.249800E-9	-3.182582E-11	3.182582E-11
-1.800000E-1	-1.067960E-9	1.067960E-9	-2.719531E-11	2.719531E-11
-1.700000E-1	-9.920000E-10	9.920000E-10	-2.526101E-11	2.526101E-11
-1.600000E-1	-1.016740E-9	1.016740E-9	-2.589101E-11	2.589101E-11
-1.500000E-1	-8.676800E-10	8.676800E-10	-2.209524E-11	2.209524E-11
-1.400000E-1	-8.161600E-10	8.161600E-10	-2.078329E-11	2.078329E-11
-1.300000E-1	-7.445800E-10	7.445800E-10	-1.896053E-11	1.896053E-11
-1.200000E-1	-6.955300E-10	6.955300E-10	-1.771148E-11	1.771148E-11
-1.100000E-1	-6.310200E-10	6.310200E-10	-1.606875E-11	1.606875E-11
-1.000000E-1	-5.419900E-10	5.419900E-10	-1.380163E-11	1.380163E-11
-9.000000E-2	-4.024600E-10	4.024600E-10	-1.024854E-11	1.024854E-11
-8.000000E-2	-3.102900E-10	3.102900E-10	-7.901451E-12	7.901451E-12
-7.000000E-2	-2.784400E-10	2.784400E-10	-7.090400E-12	7.090400E-12
-6.000000E-2	-2.887700E-10	2.887700E-10	-7.353450E-12	7.353450E-12
-5.000000E-2	-2.023700E-10	2.023700E-10	-5.153298E-12	5.153298E-12
-4.000000E-2	-1.615100E-10	1.615100E-10	-4.112809E-12	4.112809E-12
-3.000000E-2	-1.249600E-10	1.249600E-10	-3.182073E-12	3.182073E-12
-2.000000E-2	-6.868000E-11	6.868000E-11	-1.748918E-12	1.748918E-12
-1.000000E-2	-3.358000E-11	3.358000E-11	-8.551057E-13	8.551057E-13
0.000000E+0	3.600000E-13	3.600000E-13	9.167303E-15	9.167303E-15
1.000000E-2	3.645000E-11	3.645000E-11	9.281894E-13	9.281894E-13
2.000000E-2	6.695000E-11	6.695000E-11	1.704864E-12	1.704864E-12
3.000000E-2	1.094700E-10	1.094700E-10	2.787624E-12	2.787624E-12
4.000000E-2	1.601100E-10	1.601100E-10	4.077158E-12	4.077158E-12
5.000000E-2	1.871000E-10	1.871000E-10	4.764451E-12	4.764451E-12
6.000000E-2	2.361800E-10	2.361800E-10	6.014260E-12	6.014260E-12
7.000000E-2	2.326200E-10	2.326200E-10	5.923606E-12	5.923606E-12
8.000000E-2	2.685200E-10	2.685200E-10	6.837790E-12	6.837790E-12
9.000000E-2	2.992100E-10	2.992100E-10	7.619302E-12	7.619302E-12
1.000000E-1	3.968800E-10	3.968800E-10	1.010644E-11	1.010644E-11
1.100000E-1	4.298700E-10	4.298700E-10	1.094652E-11	1.094652E-11
1.200000E-1	4.531200E-10	4.531200E-10	1.153858E-11	1.153858E-11
1.300000E-1	5.153000E-10	5.153000E-10	1.312198E-11	1.312198E-11
1.400000E-1	5.682600E-10	5.682600E-10	1.447059E-11	1.447059E-11
1.500000E-1	6.703700E-10	6.703700E-10	1.707079E-11	1.707079E-11
1.600000E-1	7.105200E-10	7.105200E-10	1.809320E-11	1.809320E-11
1.700000E-1	7.781700E-10	7.781700E-10	1.981589E-11	1.981589E-11
1.800000E-1	8.413900E-10	8.413900E-10	2.142577E-11	2.142577E-11
1.900000E-1	9.254700E-10	9.254700E-10	2.356684E-11	2.356684E-11
2.000000E-1	9.549600E-10	9.549600E-10	2.431780E-11	2.431780E-11
2.100000E-1	1.043910E-9	1.043910E-9	2.658289E-11	2.658289E-11
2.200000E-1	1.090830E-9	1.090830E-9	2.777769E-11	2.777769E-11
2.300000E-1	1.168130E-9	1.168130E-9	2.974612E-11	2.974612E-11
2.400000E-1	1.216860E-9	1.216860E-9	3.098701E-11	3.098701E-11
2.500000E-1	1.323480E-9	1.323480E-9	3.370206E-11	3.370206E-11
2.600000E-1	1.333660E-9	1.333660E-9	3.396129E-11	3.396129E-11
2.700000E-1	1.471620E-9	1.471620E-9	3.747441E-11	3.747441E-11
2.800000E-1	1.446070E-9	1.446070E-9	3.682378E-11	3.682378E-11
2.900000E-1	1.521940E-9	1.521940E-9	3.875579E-11	3.875579E-11
3.000000E-1	1.726720E-9	1.726720E-9	4.397046E-11	4.397046E-11
3.100000E-1	1.721990E-9	1.721990E-9	4.385001E-11	4.385001E-11
3.200000E-1	1.806040E-9	1.806040E-9	4.599032E-11	4.599032E-11
3.300000E-1	1.786970E-9	1.786970E-9	4.550471E-11	4.550471E-11
3.400000E-1	1.909760E-9	1.909760E-9	4.863152E-11	4.863152E-11
3.500000E-1	2.173930E-9	2.173930E-9	5.535854E-11	5.535854E-11
3.600000E-1	2.130040E-9	2.130040E-9	5.424090E-11	5.424090E-11
3.700000E-1	2.195420E-9	2.195420E-9	5.590578E-11	5.590578E-11
3.800000E-1	2.219030E-9	2.219030E-9	5.650700E-11	5.650700E-11
3.900000E-1	2.272980E-9	2.272980E-9	5.788082E-11	5.788082E-11
4.000000E-1	2.501620E-9	2.501620E-9	6.370308E-11	6.370308E-11
4.100000E-1	2.537910E-9	2.537910E-9	6.462720E-11	6.462720E-11
4.200000E-1	2.627910E-9	2.627910E-9	6.691902E-11	6.691902E-11
4.300000E-1	2.879420E-9	2.879420E-9	7.332366E-11	7.332366E-11
4.400000E-1	3.077800E-9	3.077800E-9	7.837535E-11	7.837535E-11
4.500000E-1	2.901920E-9	2.901920E-9	7.389661E-11	7.389661E-11
4.600000E-1	2.929350E-9	2.929350E-9	7.459511E-11	7.459511E-11
4.700000E-1	3.009130E-9	3.009130E-9	7.662669E-11	7.662669E-11
4.800000E-1	3.218970E-9	3.218970E-9	8.197021E-11	8.197021E-11
4.900000E-1	3.323640E-9	3.323640E-9	8.463560E-11	8.463560E-11
5.000000E-1	3.642550E-9	3.642550E-9	9.275656E-11	9.275656E-11
