

10:27:33	16/03/21


Ell Cont: 5,0x10,0

SMU1	V name:		V1
	I name:		I1
	Mode:		V
	Function:	VAR1
SMU2	V name:		V2
	I name:		I2
	Mode:		common
	Function:	const.
SMU3	off
SMU4	off
VMUs	off

Primary Source (VAR1):	single
	Sweep Spacing:	linear
	Start:		-0.500000
	Stop:		0.500000
	Step:		0.010000
	Compliance:	0.050000
Power Compliance OFF

Timing:		Integration Time:	medium
	Delay Time (sec):	0.000000
	Hold Time (sec):	0.000000
	Wait Time (sec):	1.000000

Secondary Source (VAR2):	OFF


   V1	   I1	Abs(I)	J (A\µm²)	Abs(J)
-5.000000E-1	-8.739210E-7	8.739210E-7	-2.225416E-8	2.225416E-8
-4.900000E-1	-8.483780E-7	8.483780E-7	-2.160372E-8	2.160372E-8
-4.800000E-1	-8.243870E-7	8.243870E-7	-2.099279E-8	2.099279E-8
-4.700000E-1	-8.002090E-7	8.002090E-7	-2.037711E-8	2.037711E-8
-4.600000E-1	-7.774110E-7	7.774110E-7	-1.979656E-8	1.979656E-8
-4.500000E-1	-7.543270E-7	7.543270E-7	-1.920873E-8	1.920873E-8
-4.400000E-1	-7.321170E-7	7.321170E-7	-1.864316E-8	1.864316E-8
-4.300000E-1	-7.102740E-7	7.102740E-7	-1.808694E-8	1.808694E-8
-4.200000E-1	-6.885180E-7	6.885180E-7	-1.753293E-8	1.753293E-8
-4.100000E-1	-6.671350E-7	6.671350E-7	-1.698841E-8	1.698841E-8
-4.000000E-1	-6.459930E-7	6.459930E-7	-1.645004E-8	1.645004E-8
-3.900000E-1	-6.251450E-7	6.251450E-7	-1.591915E-8	1.591915E-8
-3.800000E-1	-6.050160E-7	6.050160E-7	-1.540657E-8	1.540657E-8
-3.700000E-1	-5.842020E-7	5.842020E-7	-1.487655E-8	1.487655E-8
-3.600000E-1	-5.644380E-7	5.644380E-7	-1.437326E-8	1.437326E-8
-3.500000E-1	-5.449690E-7	5.449690E-7	-1.387749E-8	1.387749E-8
-3.400000E-1	-5.260150E-7	5.260150E-7	-1.339483E-8	1.339483E-8
-3.300000E-1	-5.067370E-7	5.067370E-7	-1.290392E-8	1.290392E-8
-3.200000E-1	-4.874950E-7	4.874950E-7	-1.241393E-8	1.241393E-8
-3.100000E-1	-4.688570E-7	4.688570E-7	-1.193932E-8	1.193932E-8
-3.000000E-1	-4.509080E-7	4.509080E-7	-1.148225E-8	1.148225E-8
-2.900000E-1	-4.325560E-7	4.325560E-7	-1.101492E-8	1.101492E-8
-2.800000E-1	-4.142680E-7	4.142680E-7	-1.054922E-8	1.054922E-8
-2.700000E-1	-3.968990E-7	3.968990E-7	-1.010693E-8	1.010693E-8
-2.600000E-1	-3.797250E-7	3.797250E-7	-9.669595E-9	9.669595E-9
-2.500000E-1	-3.628350E-7	3.628350E-7	-9.239496E-9	9.239496E-9
-2.400000E-1	-3.460090E-7	3.460090E-7	-8.811026E-9	8.811026E-9
-2.300000E-1	-3.291890E-7	3.291890E-7	-8.382709E-9	8.382709E-9
-2.200000E-1	-3.125620E-7	3.125620E-7	-7.959307E-9	7.959307E-9
-2.100000E-1	-2.965710E-7	2.965710E-7	-7.552101E-9	7.552101E-9
-2.000000E-1	-2.802680E-7	2.802680E-7	-7.136949E-9	7.136949E-9
-1.900000E-1	-2.645220E-7	2.645220E-7	-6.735982E-9	6.735982E-9
-1.800000E-1	-2.488920E-7	2.488920E-7	-6.337968E-9	6.337968E-9
-1.700000E-1	-2.336330E-7	2.336330E-7	-5.949402E-9	5.949402E-9
-1.600000E-1	-2.183170E-7	2.183170E-7	-5.559384E-9	5.559384E-9
-1.500000E-1	-2.036580E-7	2.036580E-7	-5.186096E-9	5.186096E-9
-1.400000E-1	-1.891110E-7	1.891110E-7	-4.815661E-9	4.815661E-9
-1.300000E-1	-1.746130E-7	1.746130E-7	-4.446473E-9	4.446473E-9
-1.200000E-1	-1.602490E-7	1.602490E-7	-4.080698E-9	4.080698E-9
-1.100000E-1	-1.461120E-7	1.461120E-7	-3.720703E-9	3.720703E-9
-1.000000E-1	-1.322600E-7	1.322600E-7	-3.367965E-9	3.367965E-9
-9.000000E-2	-1.182750E-7	1.182750E-7	-3.011841E-9	3.011841E-9
-8.000000E-2	-1.045760E-7	1.045760E-7	-2.663000E-9	2.663000E-9
-7.000000E-2	-9.126310E-8	9.126310E-8	-2.323990E-9	2.323990E-9
-6.000000E-2	-7.780280E-8	7.780280E-8	-1.981227E-9	1.981227E-9
-5.000000E-2	-6.444030E-8	6.444030E-8	-1.640955E-9	1.640955E-9
-4.000000E-2	-5.130650E-8	5.130650E-8	-1.306506E-9	1.306506E-9
-3.000000E-2	-3.820620E-8	3.820620E-8	-9.729106E-10	9.729106E-10
-2.000000E-2	-2.509100E-8	2.509100E-8	-6.389356E-10	6.389356E-10
-1.000000E-2	-1.211730E-8	1.211730E-8	-3.085638E-10	3.085638E-10
0.000000E+0	2.474600E-10	2.474600E-10	6.301502E-12	6.301502E-12
1.000000E-2	1.313310E-8	1.313310E-8	3.344309E-10	3.344309E-10
2.000000E-2	2.657730E-8	2.657730E-8	6.767838E-10	6.767838E-10
3.000000E-2	3.964080E-8	3.964080E-8	1.009442E-9	1.009442E-9
4.000000E-2	5.279270E-8	5.279270E-8	1.344352E-9	1.344352E-9
5.000000E-2	6.594160E-8	6.594160E-8	1.679185E-9	1.679185E-9
6.000000E-2	7.926150E-8	7.926150E-8	2.018373E-9	2.018373E-9
7.000000E-2	9.258670E-8	9.258670E-8	2.357695E-9	2.357695E-9
8.000000E-2	1.061058E-7	1.061058E-7	2.701956E-9	2.701956E-9
9.000000E-2	1.191010E-7	1.191010E-7	3.032875E-9	3.032875E-9
1.000000E-1	1.332310E-7	1.332310E-7	3.392692E-9	3.392692E-9
1.100000E-1	1.470900E-7	1.470900E-7	3.745607E-9	3.745607E-9
1.200000E-1	1.610070E-7	1.610070E-7	4.100000E-9	4.100000E-9
1.300000E-1	1.753630E-7	1.753630E-7	4.465572E-9	4.465572E-9
1.400000E-1	1.895490E-7	1.895490E-7	4.826814E-9	4.826814E-9
1.500000E-1	2.044210E-7	2.044210E-7	5.205526E-9	5.205526E-9
1.600000E-1	2.189990E-7	2.189990E-7	5.576751E-9	5.576751E-9
1.700000E-1	2.336860E-7	2.336860E-7	5.950751E-9	5.950751E-9
1.800000E-1	2.491790E-7	2.491790E-7	6.345276E-9	6.345276E-9
1.900000E-1	2.645290E-7	2.645290E-7	6.736160E-9	6.736160E-9
2.000000E-1	2.796370E-7	2.796370E-7	7.120881E-9	7.120881E-9
2.100000E-1	2.954470E-7	2.954470E-7	7.523478E-9	7.523478E-9
2.200000E-1	3.113730E-7	3.113730E-7	7.929030E-9	7.929030E-9
2.300000E-1	3.274930E-7	3.274930E-7	8.339521E-9	8.339521E-9
2.400000E-1	3.441540E-7	3.441540E-7	8.763789E-9	8.763789E-9
2.500000E-1	3.606280E-7	3.606280E-7	9.183295E-9	9.183295E-9
2.600000E-1	3.774260E-7	3.774260E-7	9.611052E-9	9.611052E-9
2.700000E-1	3.945160E-7	3.945160E-7	1.004624E-8	1.004624E-8
2.800000E-1	4.118390E-7	4.118390E-7	1.048737E-8	1.048737E-8
2.900000E-1	4.293780E-7	4.293780E-7	1.093400E-8	1.093400E-8
3.000000E-1	4.471350E-7	4.471350E-7	1.138617E-8	1.138617E-8
3.100000E-1	4.652930E-7	4.652930E-7	1.184856E-8	1.184856E-8
3.200000E-1	4.832720E-7	4.832720E-7	1.230639E-8	1.230639E-8
3.300000E-1	5.014180E-7	5.014180E-7	1.276847E-8	1.276847E-8
3.400000E-1	5.208770E-7	5.208770E-7	1.326399E-8	1.326399E-8
3.500000E-1	5.393640E-7	5.393640E-7	1.373476E-8	1.373476E-8
3.600000E-1	5.585180E-7	5.585180E-7	1.422251E-8	1.422251E-8
3.700000E-1	5.781500E-7	5.781500E-7	1.472243E-8	1.472243E-8
3.800000E-1	5.984510E-7	5.984510E-7	1.523939E-8	1.523939E-8
3.900000E-1	6.188780E-7	6.188780E-7	1.575956E-8	1.575956E-8
4.000000E-1	6.389270E-7	6.389270E-7	1.627010E-8	1.627010E-8
4.100000E-1	6.597790E-7	6.597790E-7	1.680109E-8	1.680109E-8
4.200000E-1	6.806850E-7	6.806850E-7	1.733346E-8	1.733346E-8
4.300000E-1	7.017190E-7	7.017190E-7	1.786909E-8	1.786909E-8
4.400000E-1	7.231270E-7	7.231270E-7	1.841423E-8	1.841423E-8
4.500000E-1	7.444200E-7	7.444200E-7	1.895646E-8	1.895646E-8
4.600000E-1	7.668600E-7	7.668600E-7	1.952788E-8	1.952788E-8
4.700000E-1	7.882260E-7	7.882260E-7	2.007196E-8	2.007196E-8
4.800000E-1	8.107960E-7	8.107960E-7	2.064670E-8	2.064670E-8
4.900000E-1	8.335360E-7	8.335360E-7	2.122577E-8	2.122577E-8
5.000000E-1	8.569840E-7	8.569840E-7	2.182287E-8	2.182287E-8
