

09:38:25	16/03/21


Ell Cont: 5,0x10,0

SMU1	V name:		V1
	I name:		I1
	Mode:		V
	Function:	VAR1
SMU2	V name:		V2
	I name:		I2
	Mode:		common
	Function:	const.
SMU3	off
SMU4	off
VMUs	off

Primary Source (VAR1):	single
	Sweep Spacing:	linear
	Start:		-1.500000
	Stop:		1.500000
	Step:		0.010000
	Compliance:	0.050000
Power Compliance OFF

Timing:		Integration Time:	medium
	Delay Time (sec):	0.000000
	Hold Time (sec):	0.000000
	Wait Time (sec):	1.000000

Secondary Source (VAR2):	OFF


   V1	   I1	Abs(I)	J (A\µm²)	Abs(J)
-1.500000E+0	-1.029069E-5	1.029069E-5	-2.620497E-7	2.620497E-7
-1.490000E+0	-1.035437E-5	1.035437E-5	-2.636712E-7	2.636712E-7
-1.480000E+0	-1.034100E-5	1.034100E-5	-2.633308E-7	2.633308E-7
-1.470000E+0	-1.025460E-5	1.025460E-5	-2.611306E-7	2.611306E-7
-1.460000E+0	-9.544310E-6	9.544310E-6	-2.430433E-7	2.430433E-7
-1.450000E+0	-9.086530E-6	9.086530E-6	-2.313860E-7	2.313860E-7
-1.440000E+0	-7.355260E-6	7.355260E-6	-1.872997E-7	1.872997E-7
-1.430000E+0	-1.036088E-5	1.036088E-5	-2.638370E-7	2.638370E-7
-1.420000E+0	-8.397380E-6	8.397380E-6	-2.138370E-7	2.138370E-7
-1.410000E+0	-6.856490E-6	6.856490E-6	-1.745987E-7	1.745987E-7
-1.400000E+0	-8.490740E-6	8.490740E-6	-2.162144E-7	2.162144E-7
-1.390000E+0	-2.480700E-3	2.480700E-3	-6.317036E-5	6.317036E-5
-1.380000E+0	-1.858630E-3	1.858630E-3	-4.732951E-5	4.732951E-5
-1.370000E+0	-1.917330E-3	1.917330E-3	-4.882429E-5	4.882429E-5
-1.360000E+0	-2.279210E-3	2.279210E-3	-5.803947E-5	5.803947E-5
-1.350000E+0	-2.287070E-3	2.287070E-3	-5.823962E-5	5.823962E-5
-1.340000E+0	-2.188330E-3	2.188330E-3	-5.572523E-5	5.572523E-5
-1.330000E+0	-2.118150E-3	2.118150E-3	-5.393812E-5	5.393812E-5
-1.320000E+0	-2.027210E-3	2.027210E-3	-5.162236E-5	5.162236E-5
-1.310000E+0	-1.900360E-3	1.900360E-3	-4.839216E-5	4.839216E-5
-1.300000E+0	-1.834630E-3	1.834630E-3	-4.671836E-5	4.671836E-5
-1.290000E+0	-1.742580E-3	1.742580E-3	-4.437433E-5	4.437433E-5
-1.280000E+0	-1.644970E-3	1.644970E-3	-4.188872E-5	4.188872E-5
-1.270000E+0	-1.582250E-3	1.582250E-3	-4.029157E-5	4.029157E-5
-1.260000E+0	-1.578880E-3	1.578880E-3	-4.020575E-5	4.020575E-5
-1.250000E+0	-1.505810E-3	1.505810E-3	-3.834505E-5	3.834505E-5
-1.240000E+0	-1.453380E-3	1.453380E-3	-3.700993E-5	3.700993E-5
-1.230000E+0	-1.435440E-3	1.435440E-3	-3.655309E-5	3.655309E-5
-1.220000E+0	-1.404560E-3	1.404560E-3	-3.576674E-5	3.576674E-5
-1.210000E+0	-1.384330E-3	1.384330E-3	-3.525159E-5	3.525159E-5
-1.200000E+0	-1.354370E-3	1.354370E-3	-3.448867E-5	3.448867E-5
-1.190000E+0	-1.343210E-3	1.343210E-3	-3.420448E-5	3.420448E-5
-1.180000E+0	-1.299990E-3	1.299990E-3	-3.310390E-5	3.310390E-5
-1.170000E+0	-1.258500E-3	1.258500E-3	-3.204736E-5	3.204736E-5
-1.160000E+0	-1.227100E-3	1.227100E-3	-3.124777E-5	3.124777E-5
-1.150000E+0	-1.180810E-3	1.180810E-3	-3.006901E-5	3.006901E-5
-1.140000E+0	-1.162230E-3	1.162230E-3	-2.959587E-5	2.959587E-5
-1.130000E+0	-1.160280E-3	1.160280E-3	-2.954622E-5	2.954622E-5
-1.120000E+0	-1.133620E-3	1.133620E-3	-2.886733E-5	2.886733E-5
-1.110000E+0	-1.118320E-3	1.118320E-3	-2.847772E-5	2.847772E-5
-1.100000E+0	-1.106470E-3	1.106470E-3	-2.817596E-5	2.817596E-5
-1.090000E+0	-1.056990E-3	1.056990E-3	-2.691597E-5	2.691597E-5
-1.080000E+0	-1.047290E-3	1.047290E-3	-2.666896E-5	2.666896E-5
-1.070000E+0	-1.010660E-3	1.010660E-3	-2.573619E-5	2.573619E-5
-1.060000E+0	-9.816840E-4	9.816840E-4	-2.499832E-5	2.499832E-5
-1.050000E+0	-9.537930E-4	9.537930E-4	-2.428808E-5	2.428808E-5
-1.040000E+0	-9.330950E-4	9.330950E-4	-2.376101E-5	2.376101E-5
-1.030000E+0	-9.140340E-4	9.140340E-4	-2.327563E-5	2.327563E-5
-1.020000E+0	-8.996560E-4	8.996560E-4	-2.290950E-5	2.290950E-5
-1.010000E+0	-8.765170E-4	8.765170E-4	-2.232027E-5	2.232027E-5
-1.000000E+0	-8.565160E-4	8.565160E-4	-2.181095E-5	2.181095E-5
-9.900000E-1	-8.460220E-4	8.460220E-4	-2.154372E-5	2.154372E-5
-9.800000E-1	-8.260290E-4	8.260290E-4	-2.103461E-5	2.103461E-5
-9.700000E-1	-8.137990E-4	8.137990E-4	-2.072317E-5	2.072317E-5
-9.600000E-1	-8.035720E-4	8.035720E-4	-2.046274E-5	2.046274E-5
-9.500000E-1	-7.923980E-4	7.923980E-4	-2.017820E-5	2.017820E-5
-9.400000E-1	-7.772380E-4	7.772380E-4	-1.979216E-5	1.979216E-5
-9.300000E-1	-7.491110E-4	7.491110E-4	-1.907591E-5	1.907591E-5
-9.200000E-1	-7.224120E-4	7.224120E-4	-1.839603E-5	1.839603E-5
-9.100000E-1	-6.959210E-4	6.959210E-4	-1.772144E-5	1.772144E-5
-9.000000E-1	-6.869450E-4	6.869450E-4	-1.749287E-5	1.749287E-5
-8.900000E-1	-6.797500E-4	6.797500E-4	-1.730965E-5	1.730965E-5
-8.800000E-1	-6.620850E-4	6.620850E-4	-1.685982E-5	1.685982E-5
-8.700000E-1	-6.457240E-4	6.457240E-4	-1.644319E-5	1.644319E-5
-8.600000E-1	-6.299410E-4	6.299410E-4	-1.604128E-5	1.604128E-5
-8.500000E-1	-6.082300E-4	6.082300E-4	-1.548841E-5	1.548841E-5
-8.400000E-1	-5.972430E-4	5.972430E-4	-1.520863E-5	1.520863E-5
-8.300000E-1	-5.816250E-4	5.816250E-4	-1.481092E-5	1.481092E-5
-8.200000E-1	-5.715470E-4	5.715470E-4	-1.455429E-5	1.455429E-5
-8.100000E-1	-5.486810E-4	5.486810E-4	-1.397201E-5	1.397201E-5
-8.000000E-1	-5.340350E-4	5.340350E-4	-1.359906E-5	1.359906E-5
-7.900000E-1	-5.341310E-4	5.341310E-4	-1.360150E-5	1.360150E-5
-7.800000E-1	-5.214320E-4	5.214320E-4	-1.327813E-5	1.327813E-5
-7.700000E-1	-5.068800E-4	5.068800E-4	-1.290756E-5	1.290756E-5
-7.600000E-1	-4.936300E-4	4.936300E-4	-1.257016E-5	1.257016E-5
-7.500000E-1	-4.882690E-4	4.882690E-4	-1.243364E-5	1.243364E-5
-7.400000E-1	-4.744790E-4	4.744790E-4	-1.208248E-5	1.208248E-5
-7.300000E-1	-4.648910E-4	4.648910E-4	-1.183832E-5	1.183832E-5
-7.200000E-1	-4.596150E-4	4.596150E-4	-1.170397E-5	1.170397E-5
-7.100000E-1	-4.514760E-4	4.514760E-4	-1.149671E-5	1.149671E-5
-7.000000E-1	-4.379500E-4	4.379500E-4	-1.115228E-5	1.115228E-5
-6.900000E-1	-4.293540E-4	4.293540E-4	-1.093338E-5	1.093338E-5
-6.800000E-1	-4.193060E-4	4.193060E-4	-1.067751E-5	1.067751E-5
-6.700000E-1	-4.089450E-4	4.089450E-4	-1.041367E-5	1.041367E-5
-6.600000E-1	-4.001040E-4	4.001040E-4	-1.018854E-5	1.018854E-5
-6.500000E-1	-3.821690E-4	3.821690E-4	-9.731831E-6	9.731831E-6
-6.400000E-1	-3.710350E-4	3.710350E-4	-9.448306E-6	9.448306E-6
-6.300000E-1	-3.615740E-4	3.615740E-4	-9.207385E-6	9.207385E-6
-6.200000E-1	-3.503030E-4	3.503030E-4	-8.920372E-6	8.920372E-6
-6.100000E-1	-3.371140E-4	3.371140E-4	-8.584517E-6	8.584517E-6
-6.000000E-1	-3.328580E-4	3.328580E-4	-8.476139E-6	8.476139E-6
-5.900000E-1	-3.207820E-4	3.207820E-4	-8.168627E-6	8.168627E-6
-5.800000E-1	-3.166900E-4	3.166900E-4	-8.064426E-6	8.064426E-6
-5.700000E-1	-3.050780E-4	3.050780E-4	-7.768729E-6	7.768729E-6
-5.600000E-1	-2.993840E-4	2.993840E-4	-7.623733E-6	7.623733E-6
-5.500000E-1	-2.919380E-4	2.919380E-4	-7.434123E-6	7.434123E-6
-5.400000E-1	-2.830720E-4	2.830720E-4	-7.208352E-6	7.208352E-6
-5.300000E-1	-2.796020E-4	2.796020E-4	-7.119990E-6	7.119990E-6
-5.200000E-1	-2.741890E-4	2.741890E-4	-6.982149E-6	6.982149E-6
-5.100000E-1	-2.669760E-4	2.669760E-4	-6.798472E-6	6.798472E-6
-5.000000E-1	-2.563090E-4	2.563090E-4	-6.526840E-6	6.526840E-6
-4.900000E-1	-2.509460E-4	2.509460E-4	-6.390272E-6	6.390272E-6
-4.800000E-1	-2.429420E-4	2.429420E-4	-6.186453E-6	6.186453E-6
-4.700000E-1	-2.360680E-4	2.360680E-4	-6.011408E-6	6.011408E-6
-4.600000E-1	-2.276770E-4	2.276770E-4	-5.797734E-6	5.797734E-6
-4.500000E-1	-2.190530E-4	2.190530E-4	-5.578126E-6	5.578126E-6
-4.400000E-1	-2.125440E-4	2.125440E-4	-5.412376E-6	5.412376E-6
-4.300000E-1	-2.111830E-4	2.111830E-4	-5.377718E-6	5.377718E-6
-4.200000E-1	-2.030250E-4	2.030250E-4	-5.169977E-6	5.169977E-6
-4.100000E-1	-1.942760E-4	1.942760E-4	-4.947186E-6	4.947186E-6
-4.000000E-1	-1.843240E-4	1.843240E-4	-4.693761E-6	4.693761E-6
-3.900000E-1	-1.797940E-4	1.797940E-4	-4.578406E-6	4.578406E-6
-3.800000E-1	-1.728860E-4	1.728860E-4	-4.402495E-6	4.402495E-6
-3.700000E-1	-1.677390E-4	1.677390E-4	-4.271429E-6	4.271429E-6
-3.600000E-1	-1.634650E-4	1.634650E-4	-4.162592E-6	4.162592E-6
-3.500000E-1	-1.585220E-4	1.585220E-4	-4.036720E-6	4.036720E-6
-3.400000E-1	-1.517470E-4	1.517470E-4	-3.864197E-6	3.864197E-6
-3.300000E-1	-1.447010E-4	1.447010E-4	-3.684772E-6	3.684772E-6
-3.200000E-1	-1.415530E-4	1.415530E-4	-3.604609E-6	3.604609E-6
-3.100000E-1	-1.360610E-4	1.360610E-4	-3.464757E-6	3.464757E-6
-3.000000E-1	-1.321330E-4	1.321330E-4	-3.364731E-6	3.364731E-6
-2.900000E-1	-1.262800E-4	1.262800E-4	-3.215686E-6	3.215686E-6
-2.800000E-1	-1.202700E-4	1.202700E-4	-3.062643E-6	3.062643E-6
-2.700000E-1	-1.147990E-4	1.147990E-4	-2.923326E-6	2.923326E-6
-2.600000E-1	-1.090210E-4	1.090210E-4	-2.776190E-6	2.776190E-6
-2.500000E-1	-1.042250E-4	1.042250E-4	-2.654062E-6	2.654062E-6
-2.400000E-1	-9.900400E-5	9.900400E-5	-2.521110E-6	2.521110E-6
-2.300000E-1	-9.407530E-5	9.407530E-5	-2.395602E-6	2.395602E-6
-2.200000E-1	-8.828780E-5	8.828780E-5	-2.248225E-6	2.248225E-6
-2.100000E-1	-8.365460E-5	8.365460E-5	-2.130242E-6	2.130242E-6
-2.000000E-1	-7.848840E-5	7.848840E-5	-1.998686E-6	1.998686E-6
-1.900000E-1	-7.329950E-5	7.329950E-5	-1.866552E-6	1.866552E-6
-1.800000E-1	-6.728350E-5	6.728350E-5	-1.713356E-6	1.713356E-6
-1.700000E-1	-5.803960E-5	5.803960E-5	-1.477963E-6	1.477963E-6
-1.600000E-1	-5.430010E-5	5.430010E-5	-1.382737E-6	1.382737E-6
-1.500000E-1	-4.868910E-5	4.868910E-5	-1.239855E-6	1.239855E-6
-1.400000E-1	-4.537260E-5	4.537260E-5	-1.155401E-6	1.155401E-6
-1.300000E-1	-4.187400E-5	4.187400E-5	-1.066310E-6	1.066310E-6
-1.200000E-1	-3.850590E-5	3.850590E-5	-9.805424E-7	9.805424E-7
-1.100000E-1	-3.533940E-5	3.533940E-5	-8.999083E-7	8.999083E-7
-1.000000E-1	-3.188100E-5	3.188100E-5	-8.118411E-7	8.118411E-7
-9.000000E-2	-2.857430E-5	2.857430E-5	-7.276369E-7	7.276369E-7
-8.000000E-2	-2.535440E-5	2.535440E-5	-6.456430E-7	6.456430E-7
-7.000000E-2	-2.215650E-5	2.215650E-5	-5.642093E-7	5.642093E-7
-6.000000E-2	-1.905370E-5	1.905370E-5	-4.851973E-7	4.851973E-7
-5.000000E-2	-1.579730E-5	1.579730E-5	-4.022740E-7	4.022740E-7
-4.000000E-2	-1.270400E-5	1.270400E-5	-3.235039E-7	3.235039E-7
-3.000000E-2	-9.570900E-6	9.570900E-6	-2.437204E-7	2.437204E-7
-2.000000E-2	-6.358180E-6	6.358180E-6	-1.619093E-7	1.619093E-7
-1.000000E-2	-3.194790E-6	3.194790E-6	-8.135447E-8	8.135447E-8
0.000000E+0	-1.991370E-8	1.991370E-8	-5.070970E-10	5.070970E-10
1.000000E-2	3.121190E-6	3.121190E-6	7.948026E-8	7.948026E-8
2.000000E-2	6.330510E-6	6.330510E-6	1.612047E-7	1.612047E-7
3.000000E-2	9.484070E-6	9.484070E-6	2.415093E-7	2.415093E-7
4.000000E-2	1.263490E-5	1.263490E-5	3.217443E-7	3.217443E-7
5.000000E-2	1.583380E-5	1.583380E-5	4.032035E-7	4.032035E-7
6.000000E-2	1.908380E-5	1.908380E-5	4.859638E-7	4.859638E-7
7.000000E-2	2.237550E-5	2.237550E-5	5.697861E-7	5.697861E-7
8.000000E-2	2.550880E-5	2.550880E-5	6.495747E-7	6.495747E-7
9.000000E-2	2.869240E-5	2.869240E-5	7.306442E-7	7.306442E-7
1.000000E-1	3.194670E-5	3.194670E-5	8.135141E-7	8.135141E-7
1.100000E-1	3.533750E-5	3.533750E-5	8.998599E-7	8.998599E-7
1.200000E-1	3.855580E-5	3.855580E-5	9.818131E-7	9.818131E-7
1.300000E-1	4.196210E-5	4.196210E-5	1.068554E-6	1.068554E-6
1.400000E-1	4.531570E-5	4.531570E-5	1.153952E-6	1.153952E-6
1.500000E-1	4.873550E-5	4.873550E-5	1.241036E-6	1.241036E-6
1.600000E-1	5.321130E-5	5.321130E-5	1.355011E-6	1.355011E-6
1.700000E-1	5.694050E-5	5.694050E-5	1.449975E-6	1.449975E-6
1.800000E-1	6.042230E-5	6.042230E-5	1.538638E-6	1.538638E-6
1.900000E-1	6.406660E-5	6.406660E-5	1.631439E-6	1.631439E-6
2.000000E-1	6.785360E-5	6.785360E-5	1.727874E-6	1.727874E-6
2.100000E-1	7.130330E-5	7.130330E-5	1.815719E-6	1.815719E-6
2.200000E-1	7.548170E-5	7.548170E-5	1.922121E-6	1.922121E-6
2.300000E-1	7.960440E-5	7.960440E-5	2.027105E-6	2.027105E-6
2.400000E-1	8.323110E-5	8.323110E-5	2.119458E-6	2.119458E-6
2.500000E-1	8.692630E-5	8.692630E-5	2.213555E-6	2.213555E-6
2.600000E-1	9.061030E-5	9.061030E-5	2.307367E-6	2.307367E-6
2.700000E-1	9.429690E-5	9.429690E-5	2.401245E-6	2.401245E-6
2.800000E-1	9.849230E-5	9.849230E-5	2.508080E-6	2.508080E-6
2.900000E-1	1.028443E-4	1.028443E-4	2.618902E-6	2.618902E-6
3.000000E-1	1.070933E-4	1.070933E-4	2.727102E-6	2.727102E-6
3.100000E-1	1.108274E-4	1.108274E-4	2.822190E-6	2.822190E-6
3.200000E-1	1.155880E-4	1.155880E-4	2.943417E-6	2.943417E-6
3.300000E-1	1.196040E-4	1.196040E-4	3.045684E-6	3.045684E-6
3.400000E-1	1.235080E-4	1.235080E-4	3.145098E-6	3.145098E-6
3.500000E-1	1.269520E-4	1.269520E-4	3.232799E-6	3.232799E-6
3.600000E-1	1.316810E-4	1.316810E-4	3.353221E-6	3.353221E-6
3.700000E-1	1.355690E-4	1.355690E-4	3.452228E-6	3.452228E-6
3.800000E-1	1.413510E-4	1.413510E-4	3.599465E-6	3.599465E-6
3.900000E-1	1.454860E-4	1.454860E-4	3.704762E-6	3.704762E-6
4.000000E-1	1.499950E-4	1.499950E-4	3.819582E-6	3.819582E-6
4.100000E-1	1.548270E-4	1.548270E-4	3.942628E-6	3.942628E-6
4.200000E-1	1.600010E-4	1.600010E-4	4.074382E-6	4.074382E-6
4.300000E-1	1.658200E-4	1.658200E-4	4.222562E-6	4.222562E-6
4.400000E-1	1.697240E-4	1.697240E-4	4.321976E-6	4.321976E-6
4.500000E-1	1.732820E-4	1.732820E-4	4.412580E-6	4.412580E-6
4.600000E-1	1.782060E-4	1.782060E-4	4.537968E-6	4.537968E-6
4.700000E-1	1.842260E-4	1.842260E-4	4.691266E-6	4.691266E-6
4.800000E-1	1.897430E-4	1.897430E-4	4.831754E-6	4.831754E-6
4.900000E-1	1.950360E-4	1.950360E-4	4.966539E-6	4.966539E-6
5.000000E-1	2.004070E-4	2.004070E-4	5.103310E-6	5.103310E-6
5.100000E-1	2.066550E-4	2.066550E-4	5.262414E-6	5.262414E-6
5.200000E-1	2.123860E-4	2.123860E-4	5.408352E-6	5.408352E-6
5.300000E-1	2.185020E-4	2.185020E-4	5.564095E-6	5.564095E-6
5.400000E-1	2.235460E-4	2.235460E-4	5.692539E-6	5.692539E-6
5.500000E-1	2.306480E-4	2.306480E-4	5.873389E-6	5.873389E-6
5.600000E-1	2.347810E-4	2.347810E-4	5.978635E-6	5.978635E-6
5.700000E-1	2.407640E-4	2.407640E-4	6.130991E-6	6.130991E-6
5.800000E-1	2.470960E-4	2.470960E-4	6.292233E-6	6.292233E-6
5.900000E-1	2.538800E-4	2.538800E-4	6.464986E-6	6.464986E-6
6.000000E-1	2.603420E-4	2.603420E-4	6.629539E-6	6.629539E-6
6.100000E-1	2.661990E-4	2.661990E-4	6.778686E-6	6.778686E-6
6.200000E-1	2.711470E-4	2.711470E-4	6.904685E-6	6.904685E-6
6.300000E-1	2.759340E-4	2.759340E-4	7.026585E-6	7.026585E-6
6.400000E-1	2.832220E-4	2.832220E-4	7.212172E-6	7.212172E-6
6.500000E-1	2.896720E-4	2.896720E-4	7.376420E-6	7.376420E-6
6.600000E-1	2.962440E-4	2.962440E-4	7.543774E-6	7.543774E-6
6.700000E-1	3.027090E-4	3.027090E-4	7.708403E-6	7.708403E-6
6.800000E-1	3.081350E-4	3.081350E-4	7.846575E-6	7.846575E-6
6.900000E-1	3.141690E-4	3.141690E-4	8.000229E-6	8.000229E-6
7.000000E-1	3.215870E-4	3.215870E-4	8.189126E-6	8.189126E-6
7.100000E-1	3.287830E-4	3.287830E-4	8.372371E-6	8.372371E-6
7.200000E-1	3.359790E-4	3.359790E-4	8.555615E-6	8.555615E-6
7.300000E-1	3.430310E-4	3.430310E-4	8.735192E-6	8.735192E-6
7.400000E-1	3.474390E-4	3.474390E-4	8.847441E-6	8.847441E-6
7.500000E-1	3.536250E-4	3.536250E-4	9.004966E-6	9.004966E-6
7.600000E-1	3.607280E-4	3.607280E-4	9.185842E-6	9.185842E-6
7.700000E-1	3.670230E-4	3.670230E-4	9.346142E-6	9.346142E-6
7.800000E-1	3.748210E-4	3.748210E-4	9.544716E-6	9.544716E-6
7.900000E-1	3.820030E-4	3.820030E-4	9.727604E-6	9.727604E-6
8.000000E-1	3.911730E-4	3.911730E-4	9.961115E-6	9.961115E-6
8.100000E-1	3.977750E-4	3.977750E-4	1.012923E-5	1.012923E-5
8.200000E-1	4.055510E-4	4.055510E-4	1.032725E-5	1.032725E-5
8.300000E-1	4.142810E-4	4.142810E-4	1.054955E-5	1.054955E-5
8.400000E-1	4.207880E-4	4.207880E-4	1.071525E-5	1.071525E-5
8.500000E-1	4.318270E-4	4.318270E-4	1.099636E-5	1.099636E-5
8.600000E-1	4.382080E-4	4.382080E-4	1.115885E-5	1.115885E-5
8.700000E-1	4.450890E-4	4.450890E-4	1.133407E-5	1.133407E-5
8.800000E-1	4.540210E-4	4.540210E-4	1.156152E-5	1.156152E-5
8.900000E-1	4.580120E-4	4.580120E-4	1.166315E-5	1.166315E-5
9.000000E-1	4.671710E-4	4.671710E-4	1.189638E-5	1.189638E-5
9.100000E-1	4.753320E-4	4.753320E-4	1.210420E-5	1.210420E-5
9.200000E-1	4.825030E-4	4.825030E-4	1.228681E-5	1.228681E-5
9.300000E-1	4.891580E-4	4.891580E-4	1.245628E-5	1.245628E-5
9.400000E-1	4.991880E-4	4.991880E-4	1.271169E-5	1.271169E-5
9.500000E-1	5.042160E-4	5.042160E-4	1.283972E-5	1.283972E-5
9.600000E-1	5.164730E-4	5.164730E-4	1.315185E-5	1.315185E-5
9.700000E-1	5.221600E-4	5.221600E-4	1.329666E-5	1.329666E-5
9.800000E-1	5.329970E-4	5.329970E-4	1.357263E-5	1.357263E-5
9.900000E-1	5.431750E-4	5.431750E-4	1.383181E-5	1.383181E-5
1.000000E+0	5.466560E-4	5.466560E-4	1.392045E-5	1.392045E-5
1.010000E+0	5.565360E-4	5.565360E-4	1.417204E-5	1.417204E-5
1.020000E+0	5.671100E-4	5.671100E-4	1.444130E-5	1.444130E-5
1.030000E+0	5.783590E-4	5.783590E-4	1.472776E-5	1.472776E-5
1.040000E+0	5.861250E-4	5.861250E-4	1.492552E-5	1.492552E-5
1.050000E+0	5.959060E-4	5.959060E-4	1.517459E-5	1.517459E-5
1.060000E+0	6.026300E-4	6.026300E-4	1.534581E-5	1.534581E-5
1.070000E+0	6.079620E-4	6.079620E-4	1.548159E-5	1.548159E-5
1.080000E+0	6.392950E-4	6.392950E-4	1.627948E-5	1.627948E-5
1.090000E+0	6.501840E-4	6.501840E-4	1.655676E-5	1.655676E-5
1.100000E+0	6.533610E-4	6.533610E-4	1.663766E-5	1.663766E-5
1.110000E+0	6.545850E-4	6.545850E-4	1.666883E-5	1.666883E-5
1.120000E+0	6.642830E-4	6.642830E-4	1.691579E-5	1.691579E-5
1.130000E+0	6.765610E-4	6.765610E-4	1.722844E-5	1.722844E-5
1.140000E+0	6.976590E-4	6.976590E-4	1.776570E-5	1.776570E-5
1.150000E+0	7.219320E-4	7.219320E-4	1.838380E-5	1.838380E-5
1.160000E+0	7.407430E-4	7.407430E-4	1.886282E-5	1.886282E-5
1.170000E+0	7.636030E-4	7.636030E-4	1.944495E-5	1.944495E-5
1.180000E+0	8.079750E-4	8.079750E-4	2.057487E-5	2.057487E-5
1.190000E+0	8.207840E-4	8.207840E-4	2.090104E-5	2.090104E-5
1.200000E+0	8.311940E-4	8.311940E-4	2.116613E-5	2.116613E-5
1.210000E+0	8.431390E-4	8.431390E-4	2.147031E-5	2.147031E-5
1.220000E+0	8.319830E-4	8.319830E-4	2.118622E-5	2.118622E-5
1.230000E+0	8.993580E-4	8.993580E-4	2.290191E-5	2.290191E-5
1.240000E+0	9.649120E-4	9.649120E-4	2.457122E-5	2.457122E-5
1.250000E+0	2.142570E-3	2.142570E-3	5.455997E-5	5.455997E-5
1.260000E+0	2.393610E-3	2.393610E-3	6.095263E-5	6.095263E-5
1.270000E+0	2.443340E-3	2.443340E-3	6.221900E-5	6.221900E-5
1.280000E+0	1.585840E-3	1.585840E-3	4.038299E-5	4.038299E-5
1.290000E+0	1.746850E-3	1.746850E-3	4.448307E-5	4.448307E-5
1.300000E+0	1.729920E-3	1.729920E-3	4.405195E-5	4.405195E-5
1.310000E+0	1.717100E-3	1.717100E-3	4.372549E-5	4.372549E-5
1.320000E+0	1.688280E-3	1.688280E-3	4.299160E-5	4.299160E-5
1.330000E+0	1.659260E-3	1.659260E-3	4.225261E-5	4.225261E-5
1.340000E+0	1.581760E-3	1.581760E-3	4.027909E-5	4.027909E-5
1.350000E+0	1.638440E-3	1.638440E-3	4.172243E-5	4.172243E-5
1.360000E+0	1.607310E-3	1.607310E-3	4.092972E-5	4.092972E-5
1.370000E+0	1.715140E-3	1.715140E-3	4.367558E-5	4.367558E-5
1.380000E+0	1.721660E-3	1.721660E-3	4.384161E-5	4.384161E-5
1.390000E+0	1.712340E-3	1.712340E-3	4.360428E-5	4.360428E-5
1.400000E+0	1.676350E-3	1.676350E-3	4.268780E-5	4.268780E-5
1.410000E+0	1.813370E-3	1.813370E-3	4.617698E-5	4.617698E-5
1.420000E+0	1.714710E-3	1.714710E-3	4.366463E-5	4.366463E-5
1.430000E+0	1.688220E-3	1.688220E-3	4.299007E-5	4.299007E-5
1.440000E+0	1.924830E-3	1.924830E-3	4.901528E-5	4.901528E-5
1.450000E+0	1.911330E-3	1.911330E-3	4.867150E-5	4.867150E-5
1.460000E+0	2.216750E-3	2.216750E-3	5.644894E-5	5.644894E-5
1.470000E+0	2.370750E-3	2.370750E-3	6.037051E-5	6.037051E-5
1.480000E+0	8.008130E-3	8.008130E-3	2.039249E-4	2.039249E-4
1.490000E+0	1.896450E-2	1.896450E-2	4.829259E-4	4.829259E-4
1.500000E+0	1.798210E-2	1.798210E-2	4.579093E-4	4.579093E-4
