

10:49:09	16/03/21


Ell Cont: 5,0x10,0

SMU1	V name:		V1
	I name:		I1
	Mode:		V
	Function:	VAR1
SMU2	V name:		V2
	I name:		I2
	Mode:		common
	Function:	const.
SMU3	off
SMU4	off
VMUs	off

Primary Source (VAR1):	single
	Sweep Spacing:	linear
	Start:		-0.500000
	Stop:		0.500000
	Step:		0.010000
	Compliance:	0.050000
Power Compliance OFF

Timing:		Integration Time:	medium
	Delay Time (sec):	0.000000
	Hold Time (sec):	0.000000
	Wait Time (sec):	1.000000

Secondary Source (VAR2):	OFF


   V1	   I1	Abs(I)	J (A\um²)	Abs(J)
-5.000000E-1	-2.385860E-9	2.385860E-9	-6.075528E-11	6.075528E-11
-4.900000E-1	-2.180940E-9	2.180940E-9	-5.553705E-11	5.553705E-11
-4.800000E-1	-1.952930E-9	1.952930E-9	-4.973084E-11	4.973084E-11
-4.700000E-1	-1.627260E-9	1.627260E-9	-4.143774E-11	4.143774E-11
-4.600000E-1	-1.490640E-9	1.490640E-9	-3.795875E-11	3.795875E-11
-4.500000E-1	-1.305110E-9	1.305110E-9	-3.323428E-11	3.323428E-11
-4.400000E-1	-1.214180E-9	1.214180E-9	-3.091877E-11	3.091877E-11
-4.300000E-1	-1.047370E-9	1.047370E-9	-2.667100E-11	2.667100E-11
-4.200000E-1	-9.337600E-10	9.337600E-10	-2.377795E-11	2.377795E-11
-4.100000E-1	-7.661900E-10	7.661900E-10	-1.951082E-11	1.951082E-11
-4.000000E-1	-6.537000E-10	6.537000E-10	-1.664629E-11	1.664629E-11
-3.900000E-1	-5.351800E-10	5.351800E-10	-1.362821E-11	1.362821E-11
-3.800000E-1	-4.701800E-10	4.701800E-10	-1.197301E-11	1.197301E-11
-3.700000E-1	-4.078200E-10	4.078200E-10	-1.038503E-11	1.038503E-11
-3.600000E-1	-2.477700E-10	2.477700E-10	-6.309396E-12	6.309396E-12
-3.500000E-1	-1.938100E-10	1.938100E-10	-4.935320E-12	4.935320E-12
-3.400000E-1	-1.758800E-10	1.758800E-10	-4.478737E-12	4.478737E-12
-3.300000E-1	-1.586600E-10	1.586600E-10	-4.040234E-12	4.040234E-12
-3.200000E-1	-1.532300E-10	1.532300E-10	-3.901961E-12	3.901961E-12
-3.100000E-1	-1.399300E-10	1.399300E-10	-3.563280E-12	3.563280E-12
-3.000000E-1	-1.169000E-10	1.169000E-10	-2.976827E-12	2.976827E-12
-2.900000E-1	-1.025000E-10	1.025000E-10	-2.610135E-12	2.610135E-12
-2.800000E-1	-9.000000E-11	9.000000E-11	-2.291826E-12	2.291826E-12
-2.700000E-1	-8.082000E-11	8.082000E-11	-2.058060E-12	2.058060E-12
-2.600000E-1	-6.515000E-11	6.515000E-11	-1.659027E-12	1.659027E-12
-2.500000E-1	-5.600000E-11	5.600000E-11	-1.426025E-12	1.426025E-12
-2.400000E-1	-4.448000E-11	4.448000E-11	-1.132671E-12	1.132671E-12
-2.300000E-1	-3.168000E-11	3.168000E-11	-8.067227E-13	8.067227E-13
-2.200000E-1	-2.151000E-11	2.151000E-11	-5.477464E-13	5.477464E-13
-2.100000E-1	-1.034000E-11	1.034000E-11	-2.633053E-13	2.633053E-13
-2.000000E-1	1.060000E-12	1.060000E-12	2.699261E-14	2.699261E-14
-1.900000E-1	1.089000E-11	1.089000E-11	2.773109E-13	2.773109E-13
-1.800000E-1	2.091000E-11	2.091000E-11	5.324675E-13	5.324675E-13
-1.700000E-1	2.992000E-11	2.992000E-11	7.619048E-13	7.619048E-13
-1.600000E-1	4.035000E-11	4.035000E-11	1.027502E-12	1.027502E-12
-1.500000E-1	4.652000E-11	4.652000E-11	1.184619E-12	1.184619E-12
-1.400000E-1	5.611000E-11	5.611000E-11	1.428826E-12	1.428826E-12
-1.300000E-1	6.589000E-11	6.589000E-11	1.677871E-12	1.677871E-12
-1.200000E-1	7.112000E-11	7.112000E-11	1.811052E-12	1.811052E-12
-1.100000E-1	8.109000E-11	8.109000E-11	2.064935E-12	2.064935E-12
-1.000000E-1	8.695000E-11	8.695000E-11	2.214158E-12	2.214158E-12
-9.000000E-2	1.009300E-10	1.009300E-10	2.570155E-12	2.570155E-12
-8.000000E-2	1.103800E-10	1.103800E-10	2.810797E-12	2.810797E-12
-7.000000E-2	1.233200E-10	1.233200E-10	3.140311E-12	3.140311E-12
-6.000000E-2	1.301500E-10	1.301500E-10	3.314235E-12	3.314235E-12
-5.000000E-2	1.338500E-10	1.338500E-10	3.408454E-12	3.408454E-12
-4.000000E-2	1.393900E-10	1.393900E-10	3.549529E-12	3.549529E-12
-3.000000E-2	1.492500E-10	1.492500E-10	3.800611E-12	3.800611E-12
-2.000000E-2	1.536200E-10	1.536200E-10	3.911892E-12	3.911892E-12
-1.000000E-2	1.605000E-10	1.605000E-10	4.087089E-12	4.087089E-12
0.000000E+0	1.794000E-10	1.794000E-10	4.568373E-12	4.568373E-12
1.000000E-2	1.818700E-10	1.818700E-10	4.631271E-12	4.631271E-12
2.000000E-2	2.030600E-10	2.030600E-10	5.170868E-12	5.170868E-12
3.000000E-2	2.043300E-10	2.043300E-10	5.203208E-12	5.203208E-12
4.000000E-2	2.236900E-10	2.236900E-10	5.696206E-12	5.696206E-12
5.000000E-2	2.366100E-10	2.366100E-10	6.025210E-12	6.025210E-12
6.000000E-2	2.369300E-10	2.369300E-10	6.033359E-12	6.033359E-12
7.000000E-2	2.455800E-10	2.455800E-10	6.253629E-12	6.253629E-12
8.000000E-2	2.646200E-10	2.646200E-10	6.738477E-12	6.738477E-12
9.000000E-2	2.460800E-10	2.460800E-10	6.266361E-12	6.266361E-12
1.000000E-1	2.657500E-10	2.657500E-10	6.767252E-12	6.767252E-12
1.100000E-1	2.696700E-10	2.696700E-10	6.867074E-12	6.867074E-12
1.200000E-1	2.775400E-10	2.775400E-10	7.067481E-12	7.067481E-12
1.300000E-1	2.658800E-10	2.658800E-10	6.770563E-12	6.770563E-12
1.400000E-1	2.649500E-10	2.649500E-10	6.746880E-12	6.746880E-12
1.500000E-1	2.646000E-10	2.646000E-10	6.737968E-12	6.737968E-12
1.600000E-1	2.734500E-10	2.734500E-10	6.963331E-12	6.963331E-12
1.700000E-1	2.934600E-10	2.934600E-10	7.472880E-12	7.472880E-12
1.800000E-1	2.892000E-10	2.892000E-10	7.364400E-12	7.364400E-12
1.900000E-1	3.259000E-10	3.259000E-10	8.298956E-12	8.298956E-12
2.000000E-1	3.447800E-10	3.447800E-10	8.779730E-12	8.779730E-12
2.100000E-1	3.438900E-10	3.438900E-10	8.757066E-12	8.757066E-12
2.200000E-1	3.404700E-10	3.404700E-10	8.669977E-12	8.669977E-12
2.300000E-1	3.534000E-10	3.534000E-10	8.999236E-12	8.999236E-12
2.400000E-1	3.567100E-10	3.567100E-10	9.083524E-12	9.083524E-12
2.500000E-1	3.441400E-10	3.441400E-10	8.763433E-12	8.763433E-12
2.600000E-1	3.429800E-10	3.429800E-10	8.733893E-12	8.733893E-12
2.700000E-1	3.654700E-10	3.654700E-10	9.306595E-12	9.306595E-12
2.800000E-1	3.594500E-10	3.594500E-10	9.153298E-12	9.153298E-12
2.900000E-1	3.781600E-10	3.781600E-10	9.629743E-12	9.629743E-12
3.000000E-1	3.791900E-10	3.791900E-10	9.655971E-12	9.655971E-12
3.100000E-1	4.333500E-10	4.333500E-10	1.103514E-11	1.103514E-11
3.200000E-1	4.290400E-10	4.290400E-10	1.092539E-11	1.092539E-11
3.300000E-1	4.251500E-10	4.251500E-10	1.082633E-11	1.082633E-11
3.400000E-1	4.228500E-10	4.228500E-10	1.076776E-11	1.076776E-11
3.500000E-1	4.399300E-10	4.399300E-10	1.120270E-11	1.120270E-11
3.600000E-1	4.512100E-10	4.512100E-10	1.148994E-11	1.148994E-11
3.700000E-1	4.601900E-10	4.601900E-10	1.171861E-11	1.171861E-11
3.800000E-1	4.834400E-10	4.834400E-10	1.231067E-11	1.231067E-11
3.900000E-1	4.929400E-10	4.929400E-10	1.255258E-11	1.255258E-11
4.000000E-1	5.099500E-10	5.099500E-10	1.298574E-11	1.298574E-11
4.100000E-1	5.534700E-10	5.534700E-10	1.409396E-11	1.409396E-11
4.200000E-1	5.336100E-10	5.336100E-10	1.358824E-11	1.358824E-11
4.300000E-1	5.577500E-10	5.577500E-10	1.420295E-11	1.420295E-11
4.400000E-1	5.452500E-10	5.452500E-10	1.388464E-11	1.388464E-11
4.500000E-1	5.709000E-10	5.709000E-10	1.453781E-11	1.453781E-11
4.600000E-1	5.726000E-10	5.726000E-10	1.458110E-11	1.458110E-11
4.700000E-1	5.855700E-10	5.855700E-10	1.491138E-11	1.491138E-11
4.800000E-1	5.737400E-10	5.737400E-10	1.461013E-11	1.461013E-11
4.900000E-1	6.074400E-10	6.074400E-10	1.546830E-11	1.546830E-11
5.000000E-1	6.168400E-10	6.168400E-10	1.570766E-11	1.570766E-11
