

10:44:40	16/03/21


Ell Cont: 5,0x10,0

SMU1	V name:		V1
	I name:		I1
	Mode:		V
	Function:	VAR1
SMU2	V name:		V2
	I name:		I2
	Mode:		common
	Function:	const.
SMU3	off
SMU4	off
VMUs	off

Primary Source (VAR1):	single
	Sweep Spacing:	linear
	Start:		-0.500000
	Stop:		0.500000
	Step:		0.010000
	Compliance:	0.050000
Power Compliance OFF

Timing:		Integration Time:	medium
	Delay Time (sec):	0.000000
	Hold Time (sec):	0.000000
	Wait Time (sec):	1.000000

Secondary Source (VAR2):	OFF


   V1	   I1	Abs(I)	J (A\um²)	Abs(J)
-5.000000E-1	-1.066020E-7	1.066020E-7	-2.714591E-9	2.714591E-9
-4.900000E-1	-1.008120E-7	1.008120E-7	-2.567150E-9	2.567150E-9
-4.800000E-1	-9.696130E-8	9.696130E-8	-2.469093E-9	2.469093E-9
-4.700000E-1	-9.337370E-8	9.337370E-8	-2.377736E-9	2.377736E-9
-4.600000E-1	-9.021390E-8	9.021390E-8	-2.297273E-9	2.297273E-9
-4.500000E-1	-8.725600E-8	8.725600E-8	-2.221951E-9	2.221951E-9
-4.400000E-1	-8.459000E-8	8.459000E-8	-2.154062E-9	2.154062E-9
-4.300000E-1	-8.179030E-8	8.179030E-8	-2.082768E-9	2.082768E-9
-4.200000E-1	-7.882420E-8	7.882420E-8	-2.007237E-9	2.007237E-9
-4.100000E-1	-7.632530E-8	7.632530E-8	-1.943603E-9	1.943603E-9
-4.000000E-1	-7.380040E-8	7.380040E-8	-1.879307E-9	1.879307E-9
-3.900000E-1	-7.138160E-8	7.138160E-8	-1.817713E-9	1.817713E-9
-3.800000E-1	-6.884420E-8	6.884420E-8	-1.753099E-9	1.753099E-9
-3.700000E-1	-6.656270E-8	6.656270E-8	-1.695001E-9	1.695001E-9
-3.600000E-1	-6.423550E-8	6.423550E-8	-1.635740E-9	1.635740E-9
-3.500000E-1	-6.186320E-8	6.186320E-8	-1.575330E-9	1.575330E-9
-3.400000E-1	-5.958330E-8	5.958330E-8	-1.517273E-9	1.517273E-9
-3.300000E-1	-5.723060E-8	5.723060E-8	-1.457362E-9	1.457362E-9
-3.200000E-1	-5.498910E-8	5.498910E-8	-1.400283E-9	1.400283E-9
-3.100000E-1	-5.276220E-8	5.276220E-8	-1.343575E-9	1.343575E-9
-3.000000E-1	-5.064270E-8	5.064270E-8	-1.289603E-9	1.289603E-9
-2.900000E-1	-4.854410E-8	4.854410E-8	-1.236162E-9	1.236162E-9
-2.800000E-1	-4.647990E-8	4.647990E-8	-1.183598E-9	1.183598E-9
-2.700000E-1	-4.443930E-8	4.443930E-8	-1.131635E-9	1.131635E-9
-2.600000E-1	-4.240000E-8	4.240000E-8	-1.079705E-9	1.079705E-9
-2.500000E-1	-4.041960E-8	4.041960E-8	-1.029274E-9	1.029274E-9
-2.400000E-1	-3.843910E-8	3.843910E-8	-9.788413E-10	9.788413E-10
-2.300000E-1	-3.648470E-8	3.648470E-8	-9.290731E-10	9.290731E-10
-2.200000E-1	-3.455810E-8	3.455810E-8	-8.800127E-10	8.800127E-10
-2.100000E-1	-3.265000E-8	3.265000E-8	-8.314235E-10	8.314235E-10
-2.000000E-1	-3.084210E-8	3.084210E-8	-7.853858E-10	7.853858E-10
-1.900000E-1	-2.900120E-8	2.900120E-8	-7.385078E-10	7.385078E-10
-1.800000E-1	-2.719110E-8	2.719110E-8	-6.924140E-10	6.924140E-10
-1.700000E-1	-2.542100E-8	2.542100E-8	-6.473389E-10	6.473389E-10
-1.600000E-1	-2.364750E-8	2.364750E-8	-6.021772E-10	6.021772E-10
-1.500000E-1	-2.192830E-8	2.192830E-8	-5.583983E-10	5.583983E-10
-1.400000E-1	-2.020450E-8	2.020450E-8	-5.145022E-10	5.145022E-10
-1.300000E-1	-1.862980E-8	1.862980E-8	-4.744028E-10	4.744028E-10
-1.200000E-1	-1.700720E-8	1.700720E-8	-4.330838E-10	4.330838E-10
-1.100000E-1	-1.534130E-8	1.534130E-8	-3.906621E-10	3.906621E-10
-1.000000E-1	-1.381710E-8	1.381710E-8	-3.518487E-10	3.518487E-10
-9.000000E-2	-1.224260E-8	1.224260E-8	-3.117545E-10	3.117545E-10
-8.000000E-2	-1.073300E-8	1.073300E-8	-2.733130E-10	2.733130E-10
-7.000000E-2	-9.728120E-9	9.728120E-9	-2.477240E-10	2.477240E-10
-6.000000E-2	-8.165360E-9	8.165360E-9	-2.079287E-10	2.079287E-10
-5.000000E-2	-6.661470E-9	6.661470E-9	-1.696325E-10	1.696325E-10
-4.000000E-2	-5.217890E-9	5.217890E-9	-1.328722E-10	1.328722E-10
-3.000000E-2	-3.735950E-9	3.735950E-9	-9.513496E-11	9.513496E-11
-2.000000E-2	-2.268530E-9	2.268530E-9	-5.776751E-11	5.776751E-11
-1.000000E-2	-9.283400E-10	9.283400E-10	-2.363993E-11	2.363993E-11
0.000000E+0	3.003400E-10	3.003400E-10	7.648077E-12	7.648077E-12
1.000000E-2	1.677960E-9	1.677960E-9	4.272880E-11	4.272880E-11
2.000000E-2	3.386220E-9	3.386220E-9	8.622918E-11	8.622918E-11
3.000000E-2	4.914710E-9	4.914710E-9	1.251518E-10	1.251518E-10
4.000000E-2	6.410680E-9	6.410680E-9	1.632462E-10	1.632462E-10
5.000000E-2	7.918770E-9	7.918770E-9	2.016493E-10	2.016493E-10
6.000000E-2	9.432000E-9	9.432000E-9	2.401833E-10	2.401833E-10
7.000000E-2	1.060000E-8	1.060000E-8	2.699261E-10	2.699261E-10
8.000000E-2	1.268310E-8	1.268310E-8	3.229717E-10	3.229717E-10
9.000000E-2	1.446470E-8	1.446470E-8	3.683397E-10	3.683397E-10
1.000000E-1	1.607350E-8	1.607350E-8	4.093074E-10	4.093074E-10
1.100000E-1	1.771420E-8	1.771420E-8	4.510873E-10	4.510873E-10
1.200000E-1	1.941460E-8	1.941460E-8	4.943876E-10	4.943876E-10
1.300000E-1	2.097040E-8	2.097040E-8	5.340056E-10	5.340056E-10
1.400000E-1	2.261450E-8	2.261450E-8	5.758722E-10	5.758722E-10
1.500000E-1	2.425580E-8	2.425580E-8	6.176674E-10	6.176674E-10
1.600000E-1	2.602980E-8	2.602980E-8	6.628419E-10	6.628419E-10
1.700000E-1	2.780420E-8	2.780420E-8	7.080265E-10	7.080265E-10
1.800000E-1	2.957790E-8	2.957790E-8	7.531933E-10	7.531933E-10
1.900000E-1	3.142230E-8	3.142230E-8	8.001604E-10	8.001604E-10
2.000000E-1	3.328520E-8	3.328520E-8	8.475987E-10	8.475987E-10
2.100000E-1	3.500970E-8	3.500970E-8	8.915126E-10	8.915126E-10
2.200000E-1	3.695180E-8	3.695180E-8	9.409676E-10	9.409676E-10
2.300000E-1	3.899450E-8	3.899450E-8	9.929845E-10	9.929845E-10
2.400000E-1	4.089060E-8	4.089060E-8	1.041268E-9	1.041268E-9
2.500000E-1	4.272940E-8	4.272940E-8	1.088093E-9	1.088093E-9
2.600000E-1	4.476340E-8	4.476340E-8	1.139888E-9	1.139888E-9
2.700000E-1	4.685270E-8	4.685270E-8	1.193091E-9	1.193091E-9
2.800000E-1	4.895120E-8	4.895120E-8	1.246529E-9	1.246529E-9
2.900000E-1	5.126450E-8	5.126450E-8	1.305437E-9	1.305437E-9
3.000000E-1	5.322770E-8	5.322770E-8	1.355429E-9	1.355429E-9
3.100000E-1	5.554540E-8	5.554540E-8	1.414449E-9	1.414449E-9
3.200000E-1	5.788260E-8	5.788260E-8	1.473965E-9	1.473965E-9
3.300000E-1	6.022220E-8	6.022220E-8	1.533542E-9	1.533542E-9
3.400000E-1	6.234560E-8	6.234560E-8	1.587614E-9	1.587614E-9
3.500000E-1	6.489540E-8	6.489540E-8	1.652544E-9	1.652544E-9
3.600000E-1	6.725660E-8	6.725660E-8	1.712671E-9	1.712671E-9
3.700000E-1	6.951360E-8	6.951360E-8	1.770145E-9	1.770145E-9
3.800000E-1	7.203140E-8	7.203140E-8	1.834260E-9	1.834260E-9
3.900000E-1	7.438300E-8	7.438300E-8	1.894143E-9	1.894143E-9
4.000000E-1	7.697350E-8	7.697350E-8	1.960109E-9	1.960109E-9
4.100000E-1	7.970340E-8	7.970340E-8	2.029626E-9	2.029626E-9
4.200000E-1	8.202810E-8	8.202810E-8	2.088824E-9	2.088824E-9
4.300000E-1	8.466910E-8	8.466910E-8	2.156076E-9	2.156076E-9
4.400000E-1	8.756220E-8	8.756220E-8	2.229748E-9	2.229748E-9
4.500000E-1	9.018430E-8	9.018430E-8	2.296519E-9	2.296519E-9
4.600000E-1	9.311390E-8	9.311390E-8	2.371120E-9	2.371120E-9
4.700000E-1	9.582050E-8	9.582050E-8	2.440043E-9	2.440043E-9
4.800000E-1	9.869350E-8	9.869350E-8	2.513203E-9	2.513203E-9
4.900000E-1	1.015594E-7	1.015594E-7	2.586183E-9	2.586183E-9
5.000000E-1	1.045057E-7	1.045057E-7	2.661210E-9	2.661210E-9
