

10:40:34	16/03/21


Ell Cont: 5,0x10,0

SMU1	V name:		V1
	I name:		I1
	Mode:		V
	Function:	VAR1
SMU2	V name:		V2
	I name:		I2
	Mode:		common
	Function:	const.
SMU3	off
SMU4	off
VMUs	off

Primary Source (VAR1):	single
	Sweep Spacing:	linear
	Start:		-0.500000
	Stop:		0.500000
	Step:		0.010000
	Compliance:	0.050000
Power Compliance OFF

Timing:		Integration Time:	medium
	Delay Time (sec):	0.000000
	Hold Time (sec):	0.000000
	Wait Time (sec):	1.000000

Secondary Source (VAR2):	OFF


   V1	   I1	Abs(I)	J (A\um²)	Abs(J)
-5.000000E-1	-2.175460E-9	2.175460E-9	-5.539750E-11	5.539750E-11
-4.900000E-1	-2.177850E-9	2.177850E-9	-5.545836E-11	5.545836E-11
-4.800000E-1	-2.051170E-9	2.051170E-9	-5.223249E-11	5.223249E-11
-4.700000E-1	-1.986970E-9	1.986970E-9	-5.059766E-11	5.059766E-11
-4.600000E-1	-1.953790E-9	1.953790E-9	-4.975274E-11	4.975274E-11
-4.500000E-1	-1.866120E-9	1.866120E-9	-4.752024E-11	4.752024E-11
-4.400000E-1	-1.800130E-9	1.800130E-9	-4.583983E-11	4.583983E-11
-4.300000E-1	-1.718100E-9	1.718100E-9	-4.375095E-11	4.375095E-11
-4.200000E-1	-1.701280E-9	1.701280E-9	-4.332264E-11	4.332264E-11
-4.100000E-1	-1.650600E-9	1.650600E-9	-4.203209E-11	4.203209E-11
-4.000000E-1	-1.604080E-9	1.604080E-9	-4.084747E-11	4.084747E-11
-3.900000E-1	-1.558280E-9	1.558280E-9	-3.968118E-11	3.968118E-11
-3.800000E-1	-1.510640E-9	1.510640E-9	-3.846804E-11	3.846804E-11
-3.700000E-1	-1.456980E-9	1.456980E-9	-3.710160E-11	3.710160E-11
-3.600000E-1	-1.404880E-9	1.404880E-9	-3.577489E-11	3.577489E-11
-3.500000E-1	-1.358800E-9	1.358800E-9	-3.460148E-11	3.460148E-11
-3.400000E-1	-1.320940E-9	1.320940E-9	-3.363738E-11	3.363738E-11
-3.300000E-1	-1.283670E-9	1.283670E-9	-3.268831E-11	3.268831E-11
-3.200000E-1	-1.238580E-9	1.238580E-9	-3.154011E-11	3.154011E-11
-3.100000E-1	-1.199880E-9	1.199880E-9	-3.055462E-11	3.055462E-11
-3.000000E-1	-1.142360E-9	1.142360E-9	-2.908989E-11	2.908989E-11
-2.900000E-1	-1.098580E-9	1.098580E-9	-2.797504E-11	2.797504E-11
-2.800000E-1	-1.066490E-9	1.066490E-9	-2.715788E-11	2.715788E-11
-2.700000E-1	-1.032130E-9	1.032130E-9	-2.628291E-11	2.628291E-11
-2.600000E-1	-9.526200E-10	9.526200E-10	-2.425821E-11	2.425821E-11
-2.500000E-1	-9.219900E-10	9.219900E-10	-2.347823E-11	2.347823E-11
-2.400000E-1	-8.915900E-10	8.915900E-10	-2.270410E-11	2.270410E-11
-2.300000E-1	-8.620400E-10	8.620400E-10	-2.195162E-11	2.195162E-11
-2.200000E-1	-8.208800E-10	8.208800E-10	-2.090349E-11	2.090349E-11
-2.100000E-1	-7.895000E-10	7.895000E-10	-2.010441E-11	2.010441E-11
-2.000000E-1	-7.493000E-10	7.493000E-10	-1.908072E-11	1.908072E-11
-1.900000E-1	-7.058700E-10	7.058700E-10	-1.797479E-11	1.797479E-11
-1.800000E-1	-6.688200E-10	6.688200E-10	-1.703132E-11	1.703132E-11
-1.700000E-1	-6.280400E-10	6.280400E-10	-1.599287E-11	1.599287E-11
-1.600000E-1	-5.875500E-10	5.875500E-10	-1.496180E-11	1.496180E-11
-1.500000E-1	-5.468300E-10	5.468300E-10	-1.392488E-11	1.392488E-11
-1.400000E-1	-5.093600E-10	5.093600E-10	-1.297072E-11	1.297072E-11
-1.300000E-1	-4.697400E-10	4.697400E-10	-1.196180E-11	1.196180E-11
-1.200000E-1	-4.269200E-10	4.269200E-10	-1.087140E-11	1.087140E-11
-1.100000E-1	-3.947800E-10	3.947800E-10	-1.005297E-11	1.005297E-11
-1.000000E-1	-3.567600E-10	3.567600E-10	-9.084797E-12	9.084797E-12
-9.000000E-2	-3.235900E-10	3.235900E-10	-8.240132E-12	8.240132E-12
-8.000000E-2	-2.886300E-10	2.886300E-10	-7.349885E-12	7.349885E-12
-7.000000E-2	-2.481900E-10	2.481900E-10	-6.320092E-12	6.320092E-12
-6.000000E-2	-2.108600E-10	2.108600E-10	-5.369493E-12	5.369493E-12
-5.000000E-2	-1.752500E-10	1.752500E-10	-4.462694E-12	4.462694E-12
-4.000000E-2	-1.390100E-10	1.390100E-10	-3.539852E-12	3.539852E-12
-3.000000E-2	-1.035100E-10	1.035100E-10	-2.635854E-12	2.635854E-12
-2.000000E-2	-6.860000E-11	6.860000E-11	-1.746881E-12	1.746881E-12
-1.000000E-2	-3.180000E-11	3.180000E-11	-8.097784E-13	8.097784E-13
0.000000E+0	4.300000E-12	4.300000E-12	1.094983E-13	1.094983E-13
1.000000E-2	3.982000E-11	3.982000E-11	1.014006E-12	1.014006E-12
2.000000E-2	7.634000E-11	7.634000E-11	1.943978E-12	1.943978E-12
3.000000E-2	1.115400E-10	1.115400E-10	2.840336E-12	2.840336E-12
4.000000E-2	1.478000E-10	1.478000E-10	3.763687E-12	3.763687E-12
5.000000E-2	1.858500E-10	1.858500E-10	4.732620E-12	4.732620E-12
6.000000E-2	2.239800E-10	2.239800E-10	5.703590E-12	5.703590E-12
7.000000E-2	2.616500E-10	2.616500E-10	6.662847E-12	6.662847E-12
8.000000E-2	2.984800E-10	2.984800E-10	7.600713E-12	7.600713E-12
9.000000E-2	3.343000E-10	3.343000E-10	8.512860E-12	8.512860E-12
1.000000E-1	3.732700E-10	3.732700E-10	9.505220E-12	9.505220E-12
1.100000E-1	4.109400E-10	4.109400E-10	1.046448E-11	1.046448E-11
1.200000E-1	4.526600E-10	4.526600E-10	1.152687E-11	1.152687E-11
1.300000E-1	4.904900E-10	4.904900E-10	1.249020E-11	1.249020E-11
1.400000E-1	5.265900E-10	5.265900E-10	1.340947E-11	1.340947E-11
1.500000E-1	5.636200E-10	5.636200E-10	1.435243E-11	1.435243E-11
1.600000E-1	6.004200E-10	6.004200E-10	1.528953E-11	1.528953E-11
1.700000E-1	6.397900E-10	6.397900E-10	1.629208E-11	1.629208E-11
1.800000E-1	6.747700E-10	6.747700E-10	1.718284E-11	1.718284E-11
1.900000E-1	7.162000E-10	7.162000E-10	1.823784E-11	1.823784E-11
2.000000E-1	7.564100E-10	7.564100E-10	1.926178E-11	1.926178E-11
2.100000E-1	7.983400E-10	7.983400E-10	2.032951E-11	2.032951E-11
2.200000E-1	8.404300E-10	8.404300E-10	2.140132E-11	2.140132E-11
2.300000E-1	8.856800E-10	8.856800E-10	2.255360E-11	2.255360E-11
2.400000E-1	9.235800E-10	9.235800E-10	2.351872E-11	2.351872E-11
2.500000E-1	9.564700E-10	9.564700E-10	2.435625E-11	2.435625E-11
2.600000E-1	1.008060E-9	1.008060E-9	2.566998E-11	2.566998E-11
2.700000E-1	1.047600E-9	1.047600E-9	2.667685E-11	2.667685E-11
2.800000E-1	1.090460E-9	1.090460E-9	2.776827E-11	2.776827E-11
2.900000E-1	1.123000E-9	1.123000E-9	2.859689E-11	2.859689E-11
3.000000E-1	1.169070E-9	1.169070E-9	2.977005E-11	2.977005E-11
3.100000E-1	1.216890E-9	1.216890E-9	3.098778E-11	3.098778E-11
3.200000E-1	1.256520E-9	1.256520E-9	3.199694E-11	3.199694E-11
3.300000E-1	1.302070E-9	1.302070E-9	3.315686E-11	3.315686E-11
3.400000E-1	1.336860E-9	1.336860E-9	3.404278E-11	3.404278E-11
3.500000E-1	1.388890E-9	1.388890E-9	3.536771E-11	3.536771E-11
3.600000E-1	1.425690E-9	1.425690E-9	3.630481E-11	3.630481E-11
3.700000E-1	1.463880E-9	1.463880E-9	3.727731E-11	3.727731E-11
3.800000E-1	1.525220E-9	1.525220E-9	3.883932E-11	3.883932E-11
3.900000E-1	1.558100E-9	1.558100E-9	3.967660E-11	3.967660E-11
4.000000E-1	1.595840E-9	1.595840E-9	4.063764E-11	4.063764E-11
4.100000E-1	1.644480E-9	1.644480E-9	4.187624E-11	4.187624E-11
4.200000E-1	1.684120E-9	1.684120E-9	4.288566E-11	4.288566E-11
4.300000E-1	1.731440E-9	1.731440E-9	4.409065E-11	4.409065E-11
4.400000E-1	1.768490E-9	1.768490E-9	4.503412E-11	4.503412E-11
4.500000E-1	1.819290E-9	1.819290E-9	4.632773E-11	4.632773E-11
4.600000E-1	1.873940E-9	1.873940E-9	4.771938E-11	4.771938E-11
4.700000E-1	1.918060E-9	1.918060E-9	4.884288E-11	4.884288E-11
4.800000E-1	1.970640E-9	1.970640E-9	5.018182E-11	5.018182E-11
4.900000E-1	2.006650E-9	2.006650E-9	5.109880E-11	5.109880E-11
5.000000E-1	2.056860E-9	2.056860E-9	5.237739E-11	5.237739E-11
