

09:52:54	16/03/21


Ell Cont: 5,0x10,0

SMU1	V name:		V1
	I name:		I1
	Mode:		V
	Function:	VAR1
SMU2	V name:		V2
	I name:		I2
	Mode:		common
	Function:	const.
SMU3	off
SMU4	off
VMUs	off

Primary Source (VAR1):	single
	Sweep Spacing:	linear
	Start:		-0.500000
	Stop:		0.500000
	Step:		0.010000
	Compliance:	0.050000
Power Compliance OFF

Timing:		Integration Time:	medium
	Delay Time (sec):	0.000000
	Hold Time (sec):	0.000000
	Wait Time (sec):	1.000000

Secondary Source (VAR2):	OFF


   V1	   I1	Abs(I)	J (A\um²)	Abs(J)
-5.000000E-1	-1.003000E-10	1.003000E-10	-2.554113E-12	2.554113E-12
-4.900000E-1	-9.969000E-11	9.969000E-11	-2.538579E-12	2.538579E-12
-4.800000E-1	-1.018000E-10	1.018000E-10	-2.592310E-12	2.592310E-12
-4.700000E-1	-7.358000E-11	7.358000E-11	-1.873695E-12	1.873695E-12
-4.600000E-1	-7.362000E-11	7.362000E-11	-1.874713E-12	1.874713E-12
-4.500000E-1	-7.515000E-11	7.515000E-11	-1.913675E-12	1.913675E-12
-4.400000E-1	-7.894000E-11	7.894000E-11	-2.010186E-12	2.010186E-12
-4.300000E-1	-8.958000E-11	8.958000E-11	-2.281131E-12	2.281131E-12
-4.200000E-1	-9.065000E-11	9.065000E-11	-2.308378E-12	2.308378E-12
-4.100000E-1	-8.223000E-11	8.223000E-11	-2.093965E-12	2.093965E-12
-4.000000E-1	-7.797000E-11	7.797000E-11	-1.985485E-12	1.985485E-12
-3.900000E-1	-7.771000E-11	7.771000E-11	-1.978864E-12	1.978864E-12
-3.800000E-1	-7.020000E-11	7.020000E-11	-1.787624E-12	1.787624E-12
-3.700000E-1	-6.934000E-11	6.934000E-11	-1.765724E-12	1.765724E-12
-3.600000E-1	-6.820000E-11	6.820000E-11	-1.736695E-12	1.736695E-12
-3.500000E-1	-6.675000E-11	6.675000E-11	-1.699771E-12	1.699771E-12
-3.400000E-1	-5.795000E-11	5.795000E-11	-1.475681E-12	1.475681E-12
-3.300000E-1	-5.546000E-11	5.546000E-11	-1.412274E-12	1.412274E-12
-3.200000E-1	-5.391000E-11	5.391000E-11	-1.372804E-12	1.372804E-12
-3.100000E-1	-5.229000E-11	5.229000E-11	-1.331551E-12	1.331551E-12
-3.000000E-1	-4.696000E-11	4.696000E-11	-1.195824E-12	1.195824E-12
-2.900000E-1	-4.656000E-11	4.656000E-11	-1.185638E-12	1.185638E-12
-2.800000E-1	-4.698000E-11	4.698000E-11	-1.196333E-12	1.196333E-12
-2.700000E-1	-4.027000E-11	4.027000E-11	-1.025465E-12	1.025465E-12
-2.600000E-1	-3.581000E-11	3.581000E-11	-9.118920E-13	9.118920E-13
-2.500000E-1	-3.367000E-11	3.367000E-11	-8.573975E-13	8.573975E-13
-2.400000E-1	-2.773000E-11	2.773000E-11	-7.061370E-13	7.061370E-13
-2.300000E-1	-2.643000E-11	2.643000E-11	-6.730328E-13	6.730328E-13
-2.200000E-1	-2.596000E-11	2.596000E-11	-6.610644E-13	6.610644E-13
-2.100000E-1	-2.394000E-11	2.394000E-11	-6.096257E-13	6.096257E-13
-2.000000E-1	-2.512000E-11	2.512000E-11	-6.396740E-13	6.396740E-13
-1.900000E-1	-2.680000E-11	2.680000E-11	-6.824548E-13	6.824548E-13
-1.800000E-1	-2.220000E-11	2.220000E-11	-5.653170E-13	5.653170E-13
-1.700000E-1	-2.068000E-11	2.068000E-11	-5.266106E-13	5.266106E-13
-1.600000E-1	-1.834000E-11	1.834000E-11	-4.670232E-13	4.670232E-13
-1.500000E-1	-1.696000E-11	1.696000E-11	-4.318818E-13	4.318818E-13
-1.400000E-1	-1.609000E-11	1.609000E-11	-4.097275E-13	4.097275E-13
-1.300000E-1	-1.503000E-11	1.503000E-11	-3.827349E-13	3.827349E-13
-1.200000E-1	-1.300000E-11	1.300000E-11	-3.310415E-13	3.310415E-13
-1.100000E-1	-1.238000E-11	1.238000E-11	-3.152534E-13	3.152534E-13
-1.000000E-1	-1.057000E-11	1.057000E-11	-2.691622E-13	2.691622E-13
-9.000000E-2	-7.930000E-12	7.930000E-12	-2.019353E-13	2.019353E-13
-8.000000E-2	-7.810000E-12	7.810000E-12	-1.988795E-13	1.988795E-13
-7.000000E-2	-5.990000E-12	5.990000E-12	-1.525337E-13	1.525337E-13
-6.000000E-2	-5.080000E-12	5.080000E-12	-1.293608E-13	1.293608E-13
-5.000000E-2	-4.120000E-12	4.120000E-12	-1.049147E-13	1.049147E-13
-4.000000E-2	-3.630000E-12	3.630000E-12	-9.243697E-14	9.243697E-14
-3.000000E-2	-2.250000E-12	2.250000E-12	-5.729564E-14	5.729564E-14
-2.000000E-2	-1.070000E-12	1.070000E-12	-2.724726E-14	2.724726E-14
-1.000000E-2	-3.400000E-13	3.400000E-13	-8.658009E-15	8.658009E-15
0.000000E+0	4.300000E-13	4.300000E-13	1.094983E-14	1.094983E-14
1.000000E-2	7.100000E-13	7.100000E-13	1.807996E-14	1.807996E-14
2.000000E-2	7.400000E-13	7.400000E-13	1.884390E-14	1.884390E-14
3.000000E-2	1.870000E-12	1.870000E-12	4.761905E-14	4.761905E-14
4.000000E-2	3.170000E-12	3.170000E-12	8.072320E-14	8.072320E-14
5.000000E-2	2.990000E-12	2.990000E-12	7.613955E-14	7.613955E-14
6.000000E-2	3.910000E-12	3.910000E-12	9.956710E-14	9.956710E-14
7.000000E-2	4.100000E-12	4.100000E-12	1.044054E-13	1.044054E-13
8.000000E-2	4.850000E-12	4.850000E-12	1.235039E-13	1.235039E-13
9.000000E-2	5.520000E-12	5.520000E-12	1.405653E-13	1.405653E-13
1.000000E-1	6.500000E-12	6.500000E-12	1.655208E-13	1.655208E-13
1.100000E-1	6.610000E-12	6.610000E-12	1.683219E-13	1.683219E-13
1.200000E-1	7.030000E-12	7.030000E-12	1.790171E-13	1.790171E-13
1.300000E-1	6.950000E-12	6.950000E-12	1.769799E-13	1.769799E-13
1.400000E-1	7.840000E-12	7.840000E-12	1.996435E-13	1.996435E-13
1.500000E-1	8.390000E-12	8.390000E-12	2.136491E-13	2.136491E-13
1.600000E-1	1.029000E-11	1.029000E-11	2.620321E-13	2.620321E-13
1.700000E-1	1.044000E-11	1.044000E-11	2.658518E-13	2.658518E-13
1.800000E-1	1.166000E-11	1.166000E-11	2.969188E-13	2.969188E-13
1.900000E-1	1.200000E-11	1.200000E-11	3.055768E-13	3.055768E-13
2.000000E-1	1.343000E-11	1.343000E-11	3.419913E-13	3.419913E-13
2.100000E-1	1.414000E-11	1.414000E-11	3.600713E-13	3.600713E-13
2.200000E-1	1.455000E-11	1.455000E-11	3.705118E-13	3.705118E-13
2.300000E-1	1.481000E-11	1.481000E-11	3.771327E-13	3.771327E-13
2.400000E-1	1.737000E-11	1.737000E-11	4.423224E-13	4.423224E-13
2.500000E-1	1.770000E-11	1.770000E-11	4.507257E-13	4.507257E-13
2.600000E-1	1.793000E-11	1.793000E-11	4.565826E-13	4.565826E-13
2.700000E-1	1.993000E-11	1.993000E-11	5.075121E-13	5.075121E-13
2.800000E-1	2.098000E-11	2.098000E-11	5.342501E-13	5.342501E-13
2.900000E-1	2.180000E-11	2.180000E-11	5.551311E-13	5.551311E-13
3.000000E-1	2.268000E-11	2.268000E-11	5.775401E-13	5.775401E-13
3.100000E-1	2.383000E-11	2.383000E-11	6.068245E-13	6.068245E-13
3.200000E-1	2.613000E-11	2.613000E-11	6.653934E-13	6.653934E-13
3.300000E-1	3.053000E-11	3.053000E-11	7.774382E-13	7.774382E-13
3.400000E-1	3.085000E-11	3.085000E-11	7.855870E-13	7.855870E-13
3.500000E-1	3.374000E-11	3.374000E-11	8.591800E-13	8.591800E-13
3.600000E-1	3.514000E-11	3.514000E-11	8.948306E-13	8.948306E-13
3.700000E-1	3.544000E-11	3.544000E-11	9.024701E-13	9.024701E-13
3.800000E-1	3.710000E-11	3.710000E-11	9.447415E-13	9.447415E-13
3.900000E-1	3.799000E-11	3.799000E-11	9.674051E-13	9.674051E-13
4.000000E-1	4.114000E-11	4.114000E-11	1.047619E-12	1.047619E-12
4.100000E-1	4.122000E-11	4.122000E-11	1.049656E-12	1.049656E-12
4.200000E-1	4.519000E-11	4.519000E-11	1.150751E-12	1.150751E-12
4.300000E-1	4.489000E-11	4.489000E-11	1.143112E-12	1.143112E-12
4.400000E-1	4.643000E-11	4.643000E-11	1.182327E-12	1.182327E-12
4.500000E-1	4.972000E-11	4.972000E-11	1.266106E-12	1.266106E-12
4.600000E-1	5.219000E-11	5.219000E-11	1.329004E-12	1.329004E-12
4.700000E-1	5.140000E-11	5.140000E-11	1.308887E-12	1.308887E-12
4.800000E-1	5.944000E-11	5.944000E-11	1.513624E-12	1.513624E-12
4.900000E-1	6.034000E-11	6.034000E-11	1.536542E-12	1.536542E-12
5.000000E-1	6.904000E-11	6.904000E-11	1.758085E-12	1.758085E-12
