

10:45:58	16/03/21


Ell Cont: 5,0x10,0

SMU1	V name:		V1
	I name:		I1
	Mode:		V
	Function:	VAR1
SMU2	V name:		V2
	I name:		I2
	Mode:		common
	Function:	const.
SMU3	off
SMU4	off
VMUs	off

Primary Source (VAR1):	single
	Sweep Spacing:	linear
	Start:		-0.500000
	Stop:		0.500000
	Step:		0.010000
	Compliance:	0.050000
Power Compliance OFF

Timing:		Integration Time:	medium
	Delay Time (sec):	0.000000
	Hold Time (sec):	0.000000
	Wait Time (sec):	1.000000

Secondary Source (VAR2):	OFF


   V1	   I1	Abs(I)	J (A\µm²)	Abs(J)
-5.000000E-1	-5.548670E-9	5.548670E-9	-1.412954E-10	1.412954E-10
-4.900000E-1	-3.405310E-9	3.405310E-9	-8.671530E-11	8.671530E-11
-4.800000E-1	-2.405500E-9	2.405500E-9	-6.125541E-11	6.125541E-11
-4.700000E-1	-1.831220E-9	1.831220E-9	-4.663152E-11	4.663152E-11
-4.600000E-1	-1.536040E-9	1.536040E-9	-3.911485E-11	3.911485E-11
-4.500000E-1	-1.316740E-9	1.316740E-9	-3.353043E-11	3.353043E-11
-4.400000E-1	-1.191120E-9	1.191120E-9	-3.033155E-11	3.033155E-11
-4.300000E-1	-1.051620E-9	1.051620E-9	-2.677922E-11	2.677922E-11
-4.200000E-1	-9.880500E-10	9.880500E-10	-2.516043E-11	2.516043E-11
-4.100000E-1	-9.443800E-10	9.443800E-10	-2.404838E-11	2.404838E-11
-4.000000E-1	-8.819400E-10	8.819400E-10	-2.245836E-11	2.245836E-11
-3.900000E-1	-8.185300E-10	8.185300E-10	-2.084365E-11	2.084365E-11
-3.800000E-1	-8.048500E-10	8.048500E-10	-2.049529E-11	2.049529E-11
-3.700000E-1	-8.886600E-10	8.886600E-10	-2.262949E-11	2.262949E-11
-3.600000E-1	-9.010300E-10	9.010300E-10	-2.294449E-11	2.294449E-11
-3.500000E-1	-9.195000E-10	9.195000E-10	-2.341482E-11	2.341482E-11
-3.400000E-1	-8.374600E-10	8.374600E-10	-2.132569E-11	2.132569E-11
-3.300000E-1	-8.521300E-10	8.521300E-10	-2.169926E-11	2.169926E-11
-3.200000E-1	-7.112100E-10	7.112100E-10	-1.811077E-11	1.811077E-11
-3.100000E-1	-7.547800E-10	7.547800E-10	-1.922027E-11	1.922027E-11
-3.000000E-1	-7.113600E-10	7.113600E-10	-1.811459E-11	1.811459E-11
-2.900000E-1	-6.848000E-10	6.848000E-10	-1.743825E-11	1.743825E-11
-2.800000E-1	-6.523400E-10	6.523400E-10	-1.661166E-11	1.661166E-11
-2.700000E-1	-5.982800E-10	5.982800E-10	-1.523504E-11	1.523504E-11
-2.600000E-1	-5.631200E-10	5.631200E-10	-1.433970E-11	1.433970E-11
-2.500000E-1	-5.231700E-10	5.231700E-10	-1.332238E-11	1.332238E-11
-2.400000E-1	-4.829700E-10	4.829700E-10	-1.229870E-11	1.229870E-11
-2.300000E-1	-4.611300E-10	4.611300E-10	-1.174255E-11	1.174255E-11
-2.200000E-1	-4.568700E-10	4.568700E-10	-1.163407E-11	1.163407E-11
-2.100000E-1	-4.182000E-10	4.182000E-10	-1.064935E-11	1.064935E-11
-2.000000E-1	-3.821100E-10	3.821100E-10	-9.730328E-12	9.730328E-12
-1.900000E-1	-3.587700E-10	3.587700E-10	-9.135982E-12	9.135982E-12
-1.800000E-1	-3.184100E-10	3.184100E-10	-8.108225E-12	8.108225E-12
-1.700000E-1	-2.929000E-10	2.929000E-10	-7.458620E-12	7.458620E-12
-1.600000E-1	-2.615600E-10	2.615600E-10	-6.660555E-12	6.660555E-12
-1.500000E-1	-2.419600E-10	2.419600E-10	-6.161446E-12	6.161446E-12
-1.400000E-1	-2.075900E-10	2.075900E-10	-5.286224E-12	5.286224E-12
-1.300000E-1	-1.867400E-10	1.867400E-10	-4.755284E-12	4.755284E-12
-1.200000E-1	-1.612700E-10	1.612700E-10	-4.106697E-12	4.106697E-12
-1.100000E-1	-1.341200E-10	1.341200E-10	-3.415330E-12	3.415330E-12
-1.000000E-1	-1.096300E-10	1.096300E-10	-2.791698E-12	2.791698E-12
-9.000000E-2	-8.864000E-11	8.864000E-11	-2.257194E-12	2.257194E-12
-8.000000E-2	-6.564000E-11	6.564000E-11	-1.671505E-12	1.671505E-12
-7.000000E-2	-3.770000E-11	3.770000E-11	-9.600204E-13	9.600204E-13
-6.000000E-2	-1.585000E-11	1.585000E-11	-4.036160E-13	4.036160E-13
-5.000000E-2	4.000000E-12	4.000000E-12	1.018589E-13	1.018589E-13
-4.000000E-2	2.451000E-11	2.451000E-11	6.241406E-13	6.241406E-13
-3.000000E-2	4.753000E-11	4.753000E-11	1.210339E-12	1.210339E-12
-2.000000E-2	6.445000E-11	6.445000E-11	1.641202E-12	1.641202E-12
-1.000000E-2	8.233000E-11	8.233000E-11	2.096511E-12	2.096511E-12
0.000000E+0	1.000300E-10	1.000300E-10	2.547237E-12	2.547237E-12
1.000000E-2	1.194700E-10	1.194700E-10	3.042271E-12	3.042271E-12
2.000000E-2	1.398800E-10	1.398800E-10	3.562007E-12	3.562007E-12
3.000000E-2	1.585200E-10	1.585200E-10	4.036669E-12	4.036669E-12
4.000000E-2	1.781100E-10	1.781100E-10	4.535523E-12	4.535523E-12
5.000000E-2	1.959300E-10	1.959300E-10	4.989305E-12	4.989305E-12
6.000000E-2	2.184500E-10	2.184500E-10	5.562770E-12	5.562770E-12
7.000000E-2	2.354400E-10	2.354400E-10	5.995416E-12	5.995416E-12
8.000000E-2	2.574300E-10	2.574300E-10	6.555386E-12	6.555386E-12
9.000000E-2	2.768200E-10	2.768200E-10	7.049147E-12	7.049147E-12
1.000000E-1	3.003600E-10	3.003600E-10	7.648587E-12	7.648587E-12
1.100000E-1	3.287600E-10	3.287600E-10	8.371785E-12	8.371785E-12
1.200000E-1	3.464900E-10	3.464900E-10	8.823275E-12	8.823275E-12
1.300000E-1	3.737700E-10	3.737700E-10	9.517953E-12	9.517953E-12
1.400000E-1	4.012400E-10	4.012400E-10	1.021747E-11	1.021747E-11
1.500000E-1	4.266200E-10	4.266200E-10	1.086376E-11	1.086376E-11
1.600000E-1	4.543800E-10	4.543800E-10	1.157066E-11	1.157066E-11
1.700000E-1	4.780300E-10	4.780300E-10	1.217291E-11	1.217291E-11
1.800000E-1	5.065300E-10	5.065300E-10	1.289865E-11	1.289865E-11
1.900000E-1	5.410400E-10	5.410400E-10	1.377744E-11	1.377744E-11
2.000000E-1	5.707900E-10	5.707900E-10	1.453501E-11	1.453501E-11
2.100000E-1	6.059900E-10	6.059900E-10	1.543137E-11	1.543137E-11
2.200000E-1	6.482700E-10	6.482700E-10	1.650802E-11	1.650802E-11
2.300000E-1	6.681400E-10	6.681400E-10	1.701401E-11	1.701401E-11
2.400000E-1	7.477300E-10	7.477300E-10	1.904074E-11	1.904074E-11
2.500000E-1	1.051790E-9	1.051790E-9	2.678355E-11	2.678355E-11
2.600000E-1	1.186420E-9	1.186420E-9	3.021187E-11	3.021187E-11
2.700000E-1	1.277230E-9	1.277230E-9	3.252432E-11	3.252432E-11
2.800000E-1	1.342710E-9	1.342710E-9	3.419175E-11	3.419175E-11
2.900000E-1	1.411400E-9	1.411400E-9	3.594092E-11	3.594092E-11
3.000000E-1	1.453500E-9	1.453500E-9	3.701299E-11	3.701299E-11
3.100000E-1	1.500230E-9	1.500230E-9	3.820295E-11	3.820295E-11
3.200000E-1	1.537150E-9	1.537150E-9	3.914311E-11	3.914311E-11
3.300000E-1	1.591940E-9	1.591940E-9	4.053832E-11	4.053832E-11
3.400000E-1	1.640910E-9	1.640910E-9	4.178533E-11	4.178533E-11
3.500000E-1	1.687110E-9	1.687110E-9	4.296180E-11	4.296180E-11
3.600000E-1	1.734420E-9	1.734420E-9	4.416654E-11	4.416654E-11
3.700000E-1	1.789980E-9	1.789980E-9	4.558136E-11	4.558136E-11
3.800000E-1	1.816740E-9	1.816740E-9	4.626280E-11	4.626280E-11
3.900000E-1	1.865690E-9	1.865690E-9	4.750929E-11	4.750929E-11
4.000000E-1	1.929450E-9	1.929450E-9	4.913293E-11	4.913293E-11
4.100000E-1	1.975770E-9	1.975770E-9	5.031245E-11	5.031245E-11
4.200000E-1	2.036760E-9	2.036760E-9	5.186555E-11	5.186555E-11
4.300000E-1	2.093630E-9	2.093630E-9	5.331372E-11	5.331372E-11
4.400000E-1	2.130410E-9	2.130410E-9	5.425032E-11	5.425032E-11
4.500000E-1	2.204810E-9	2.204810E-9	5.614489E-11	5.614489E-11
4.600000E-1	2.245690E-9	2.245690E-9	5.718589E-11	5.718589E-11
4.700000E-1	2.302090E-9	2.302090E-9	5.862210E-11	5.862210E-11
4.800000E-1	2.381240E-9	2.381240E-9	6.063764E-11	6.063764E-11
4.900000E-1	2.427780E-9	2.427780E-9	6.182276E-11	6.182276E-11
5.000000E-1	2.495610E-9	2.495610E-9	6.355004E-11	6.355004E-11
