

09:48:45	16/03/21


Ell Cont: 5,0x10,0

SMU1	V name:		V1
	I name:		I1
	Mode:		V
	Function:	VAR1
SMU2	V name:		V2
	I name:		I2
	Mode:		common
	Function:	const.
SMU3	off
SMU4	off
VMUs	off

Primary Source (VAR1):	single
	Sweep Spacing:	linear
	Start:		-0.500000
	Stop:		0.500000
	Step:		0.010000
	Compliance:	0.050000
Power Compliance OFF

Timing:		Integration Time:	medium
	Delay Time (sec):	0.000000
	Hold Time (sec):	0.000000
	Wait Time (sec):	1.000000

Secondary Source (VAR2):	OFF


   V1	   I1	Abs(I)	J (A\µm²)	Abs(J)
-5.000000E-1	-1.304910E-7	1.304910E-7	-3.322918E-9	3.322918E-9
-4.900000E-1	-1.252820E-7	1.252820E-7	-3.190272E-9	3.190272E-9
-4.800000E-1	-1.211200E-7	1.211200E-7	-3.084288E-9	3.084288E-9
-4.700000E-1	-1.171660E-7	1.171660E-7	-2.983601E-9	2.983601E-9
-4.600000E-1	-1.133950E-7	1.133950E-7	-2.887573E-9	2.887573E-9
-4.500000E-1	-1.100790E-7	1.100790E-7	-2.803132E-9	2.803132E-9
-4.400000E-1	-1.066350E-7	1.066350E-7	-2.715432E-9	2.715432E-9
-4.300000E-1	-1.033520E-7	1.033520E-7	-2.631831E-9	2.631831E-9
-4.200000E-1	-1.005384E-7	1.005384E-7	-2.560183E-9	2.560183E-9
-4.100000E-1	-9.710290E-8	9.710290E-8	-2.472699E-9	2.472699E-9
-4.000000E-1	-9.397250E-8	9.397250E-8	-2.392984E-9	2.392984E-9
-3.900000E-1	-9.099990E-8	9.099990E-8	-2.317288E-9	2.317288E-9
-3.800000E-1	-8.812150E-8	8.812150E-8	-2.243990E-9	2.243990E-9
-3.700000E-1	-8.505110E-8	8.505110E-8	-2.165803E-9	2.165803E-9
-3.600000E-1	-8.200840E-8	8.200840E-8	-2.088322E-9	2.088322E-9
-3.500000E-1	-7.921910E-8	7.921910E-8	-2.017293E-9	2.017293E-9
-3.400000E-1	-7.625670E-8	7.625670E-8	-1.941856E-9	1.941856E-9
-3.300000E-1	-7.329030E-8	7.329030E-8	-1.866318E-9	1.866318E-9
-3.200000E-1	-7.059390E-8	7.059390E-8	-1.797655E-9	1.797655E-9
-3.100000E-1	-6.789770E-8	6.789770E-8	-1.728997E-9	1.728997E-9
-3.000000E-1	-6.516360E-8	6.516360E-8	-1.659374E-9	1.659374E-9
-2.900000E-1	-6.257090E-8	6.257090E-8	-1.593351E-9	1.593351E-9
-2.800000E-1	-5.984500E-8	5.984500E-8	-1.523937E-9	1.523937E-9
-2.700000E-1	-5.731090E-8	5.731090E-8	-1.459407E-9	1.459407E-9
-2.600000E-1	-5.464480E-8	5.464480E-8	-1.391515E-9	1.391515E-9
-2.500000E-1	-5.210100E-8	5.210100E-8	-1.326738E-9	1.326738E-9
-2.400000E-1	-4.967450E-8	4.967450E-8	-1.264948E-9	1.264948E-9
-2.300000E-1	-4.718830E-8	4.718830E-8	-1.201637E-9	1.201637E-9
-2.200000E-1	-4.468150E-8	4.468150E-8	-1.137802E-9	1.137802E-9
-2.100000E-1	-4.236590E-8	4.236590E-8	-1.078836E-9	1.078836E-9
-2.000000E-1	-4.001610E-8	4.001610E-8	-1.018999E-9	1.018999E-9
-1.900000E-1	-3.772010E-8	3.772010E-8	-9.605322E-10	9.605322E-10
-1.800000E-1	-3.545000E-8	3.545000E-8	-9.027247E-10	9.027247E-10
-1.700000E-1	-3.320450E-8	3.320450E-8	-8.455437E-10	8.455437E-10
-1.600000E-1	-3.085000E-8	3.085000E-8	-7.855870E-10	7.855870E-10
-1.500000E-1	-2.867850E-8	2.867850E-8	-7.302903E-10	7.302903E-10
-1.400000E-1	-2.646460E-8	2.646460E-8	-6.739139E-10	6.739139E-10
-1.300000E-1	-2.432670E-8	2.432670E-8	-6.194729E-10	6.194729E-10
-1.200000E-1	-2.224290E-8	2.224290E-8	-5.664095E-10	5.664095E-10
-1.100000E-1	-2.028710E-8	2.028710E-8	-5.166055E-10	5.166055E-10
-1.000000E-1	-1.821880E-8	1.821880E-8	-4.639368E-10	4.639368E-10
-9.000000E-2	-1.619830E-8	1.619830E-8	-4.124854E-10	4.124854E-10
-8.000000E-2	-1.420710E-8	1.420710E-8	-3.617800E-10	3.617800E-10
-7.000000E-2	-1.224590E-8	1.224590E-8	-3.118385E-10	3.118385E-10
-6.000000E-2	-1.038130E-8	1.038130E-8	-2.643570E-10	2.643570E-10
-5.000000E-2	-8.773840E-9	8.773840E-9	-2.234235E-10	2.234235E-10
-4.000000E-2	-6.917260E-9	6.917260E-9	-1.761462E-10	1.761462E-10
-3.000000E-2	-5.042450E-9	5.042450E-9	-1.284046E-10	1.284046E-10
-2.000000E-2	-3.186950E-9	3.186950E-9	-8.115482E-11	8.115482E-11
-1.000000E-2	-1.350910E-9	1.350910E-9	-3.440056E-11	3.440056E-11
0.000000E+0	2.775600E-10	2.775600E-10	7.067991E-12	7.067991E-12
1.000000E-2	2.046210E-9	2.046210E-9	5.210619E-11	5.210619E-11
2.000000E-2	4.058680E-9	4.058680E-9	1.033532E-10	1.033532E-10
3.000000E-2	5.955610E-9	5.955610E-9	1.516580E-10	1.516580E-10
4.000000E-2	7.858250E-9	7.858250E-9	2.001082E-10	2.001082E-10
5.000000E-2	9.474980E-9	9.474980E-9	2.412778E-10	2.412778E-10
6.000000E-2	1.138310E-8	1.138310E-8	2.898676E-10	2.898676E-10
7.000000E-2	1.375370E-8	1.375370E-8	3.502343E-10	3.502343E-10
8.000000E-2	1.581510E-8	1.581510E-8	4.027273E-10	4.027273E-10
9.000000E-2	1.781990E-8	1.781990E-8	4.537790E-10	4.537790E-10
1.000000E-1	1.987650E-8	1.987650E-8	5.061497E-10	5.061497E-10
1.100000E-1	2.197480E-8	2.197480E-8	5.595824E-10	5.595824E-10
1.200000E-1	2.403550E-8	2.403550E-8	6.120575E-10	6.120575E-10
1.300000E-1	2.616120E-8	2.616120E-8	6.661879E-10	6.661879E-10
1.400000E-1	2.833720E-8	2.833720E-8	7.215992E-10	7.215992E-10
1.500000E-1	3.056980E-8	3.056980E-8	7.784517E-10	7.784517E-10
1.600000E-1	3.276980E-8	3.276980E-8	8.344741E-10	8.344741E-10
1.700000E-1	3.508170E-8	3.508170E-8	8.933461E-10	8.933461E-10
1.800000E-1	3.738190E-8	3.738190E-8	9.519200E-10	9.519200E-10
1.900000E-1	3.961840E-8	3.961840E-8	1.008872E-9	1.008872E-9
2.000000E-1	4.193260E-8	4.193260E-8	1.067802E-9	1.067802E-9
2.100000E-1	4.434300E-8	4.434300E-8	1.129183E-9	1.129183E-9
2.200000E-1	4.689700E-8	4.689700E-8	1.194219E-9	1.194219E-9
2.300000E-1	4.934140E-8	4.934140E-8	1.256465E-9	1.256465E-9
2.400000E-1	5.177530E-8	5.177530E-8	1.318444E-9	1.318444E-9
2.500000E-1	5.422580E-8	5.422580E-8	1.380845E-9	1.380845E-9
2.600000E-1	5.683060E-8	5.683060E-8	1.447176E-9	1.447176E-9
2.700000E-1	5.936330E-8	5.936330E-8	1.511670E-9	1.511670E-9
2.800000E-1	6.195860E-8	6.195860E-8	1.577759E-9	1.577759E-9
2.900000E-1	6.488180E-8	6.488180E-8	1.652198E-9	1.652198E-9
3.000000E-1	6.740050E-8	6.740050E-8	1.716336E-9	1.716336E-9
3.100000E-1	7.017880E-8	7.017880E-8	1.787084E-9	1.787084E-9
3.200000E-1	7.308510E-8	7.308510E-8	1.861092E-9	1.861092E-9
3.300000E-1	7.588820E-8	7.588820E-8	1.932473E-9	1.932473E-9
3.400000E-1	7.873080E-8	7.873080E-8	2.004859E-9	2.004859E-9
3.500000E-1	8.158900E-8	8.158900E-8	2.077642E-9	2.077642E-9
3.600000E-1	8.448490E-8	8.448490E-8	2.151385E-9	2.151385E-9
3.700000E-1	8.755150E-8	8.755150E-8	2.229475E-9	2.229475E-9
3.800000E-1	9.064960E-8	9.064960E-8	2.308368E-9	2.308368E-9
3.900000E-1	9.373660E-8	9.373660E-8	2.386977E-9	2.386977E-9
4.000000E-1	9.659950E-8	9.659950E-8	2.459880E-9	2.459880E-9
4.100000E-1	9.995810E-8	9.995810E-8	2.545406E-9	2.545406E-9
4.200000E-1	1.029375E-7	1.029375E-7	2.621276E-9	2.621276E-9
4.300000E-1	1.059360E-7	1.059360E-7	2.697632E-9	2.697632E-9
4.400000E-1	1.089650E-7	1.089650E-7	2.774764E-9	2.774764E-9
4.500000E-1	1.121940E-7	1.121940E-7	2.856990E-9	2.856990E-9
4.600000E-1	1.154380E-7	1.154380E-7	2.939598E-9	2.939598E-9
4.700000E-1	1.190050E-7	1.190050E-7	3.030430E-9	3.030430E-9
4.800000E-1	1.222970E-7	1.222970E-7	3.114260E-9	3.114260E-9
4.900000E-1	1.256510E-7	1.256510E-7	3.199669E-9	3.199669E-9
5.000000E-1	1.291530E-7	1.291530E-7	3.288846E-9	3.288846E-9
