

09:47:22	16/03/21


Ell Cont: 5,0x10,0

SMU1	V name:		V1
	I name:		I1
	Mode:		V
	Function:	VAR1
SMU2	V name:		V2
	I name:		I2
	Mode:		common
	Function:	const.
SMU3	off
SMU4	off
VMUs	off

Primary Source (VAR1):	single
	Sweep Spacing:	linear
	Start:		-0.500000
	Stop:		0.500000
	Step:		0.010000
	Compliance:	0.050000
Power Compliance OFF

Timing:		Integration Time:	medium
	Delay Time (sec):	0.000000
	Hold Time (sec):	0.000000
	Wait Time (sec):	1.000000

Secondary Source (VAR2):	OFF


   V1	   I1	Abs(I)	J (A\um²)	Abs(J)
-5.000000E-1	-4.493000E-11	4.493000E-11	-1.144130E-12	1.144130E-12
-4.900000E-1	-4.239000E-11	4.239000E-11	-1.079450E-12	1.079450E-12
-4.800000E-1	-4.025000E-11	4.025000E-11	-1.024955E-12	1.024955E-12
-4.700000E-1	-3.815000E-11	3.815000E-11	-9.714795E-13	9.714795E-13
-4.600000E-1	-3.604000E-11	3.604000E-11	-9.177489E-13	9.177489E-13
-4.500000E-1	-3.176000E-11	3.176000E-11	-8.087599E-13	8.087599E-13
-4.400000E-1	-3.240000E-11	3.240000E-11	-8.250573E-13	8.250573E-13
-4.300000E-1	-3.308000E-11	3.308000E-11	-8.423733E-13	8.423733E-13
-4.200000E-1	-2.969000E-11	2.969000E-11	-7.560479E-13	7.560479E-13
-4.100000E-1	-3.022000E-11	3.022000E-11	-7.695442E-13	7.695442E-13
-4.000000E-1	-3.346000E-11	3.346000E-11	-8.520499E-13	8.520499E-13
-3.900000E-1	-3.088000E-11	3.088000E-11	-7.863509E-13	7.863509E-13
-3.800000E-1	-3.052000E-11	3.052000E-11	-7.771836E-13	7.771836E-13
-3.700000E-1	-2.840000E-11	2.840000E-11	-7.231984E-13	7.231984E-13
-3.600000E-1	-2.751000E-11	2.751000E-11	-7.005348E-13	7.005348E-13
-3.500000E-1	-2.609000E-11	2.609000E-11	-6.643748E-13	6.643748E-13
-3.400000E-1	-2.512000E-11	2.512000E-11	-6.396740E-13	6.396740E-13
-3.300000E-1	-2.295000E-11	2.295000E-11	-5.844156E-13	5.844156E-13
-3.200000E-1	-2.277000E-11	2.277000E-11	-5.798319E-13	5.798319E-13
-3.100000E-1	-2.145000E-11	2.145000E-11	-5.462185E-13	5.462185E-13
-3.000000E-1	-2.105000E-11	2.105000E-11	-5.360326E-13	5.360326E-13
-2.900000E-1	-2.020000E-11	2.020000E-11	-5.143876E-13	5.143876E-13
-2.800000E-1	-1.512000E-11	1.512000E-11	-3.850267E-13	3.850267E-13
-2.700000E-1	-1.433000E-11	1.433000E-11	-3.649096E-13	3.649096E-13
-2.600000E-1	-1.446000E-11	1.446000E-11	-3.682200E-13	3.682200E-13
-2.500000E-1	-1.492000E-11	1.492000E-11	-3.799338E-13	3.799338E-13
-2.400000E-1	-1.342000E-11	1.342000E-11	-3.417367E-13	3.417367E-13
-2.300000E-1	-1.283000E-11	1.283000E-11	-3.267125E-13	3.267125E-13
-2.200000E-1	-1.162000E-11	1.162000E-11	-2.959002E-13	2.959002E-13
-2.100000E-1	-1.093000E-11	1.093000E-11	-2.783295E-13	2.783295E-13
-2.000000E-1	-1.033000E-11	1.033000E-11	-2.630507E-13	2.630507E-13
-1.900000E-1	-8.720000E-12	8.720000E-12	-2.220525E-13	2.220525E-13
-1.800000E-1	-8.000000E-12	8.000000E-12	-2.037178E-13	2.037178E-13
-1.700000E-1	-6.800000E-12	6.800000E-12	-1.731602E-13	1.731602E-13
-1.600000E-1	-6.260000E-12	6.260000E-12	-1.594092E-13	1.594092E-13
-1.500000E-1	-5.580000E-12	5.580000E-12	-1.420932E-13	1.420932E-13
-1.400000E-1	-5.150000E-12	5.150000E-12	-1.311434E-13	1.311434E-13
-1.300000E-1	-4.660000E-12	4.660000E-12	-1.186656E-13	1.186656E-13
-1.200000E-1	-4.030000E-12	4.030000E-12	-1.026229E-13	1.026229E-13
-1.100000E-1	-4.110000E-12	4.110000E-12	-1.046600E-13	1.046600E-13
-1.000000E-1	-2.900000E-12	2.900000E-12	-7.384772E-14	7.384772E-14
-9.000000E-2	-2.900000E-12	2.900000E-12	-7.384772E-14	7.384772E-14
-8.000000E-2	-2.310000E-12	2.310000E-12	-5.882353E-14	5.882353E-14
-7.000000E-2	-2.030000E-12	2.030000E-12	-5.169340E-14	5.169340E-14
-6.000000E-2	-1.280000E-12	1.280000E-12	-3.259486E-14	3.259486E-14
-5.000000E-2	-1.080000E-12	1.080000E-12	-2.750191E-14	2.750191E-14
-4.000000E-2	-1.250000E-12	1.250000E-12	-3.183091E-14	3.183091E-14
-3.000000E-2	-6.400000E-13	6.400000E-13	-1.629743E-14	1.629743E-14
-2.000000E-2	-5.700000E-13	5.700000E-13	-1.451490E-14	1.451490E-14
-1.000000E-2	4.000000E-14	4.000000E-14	1.018589E-15	1.018589E-15
0.000000E+0	7.000000E-13	7.000000E-13	1.782531E-14	1.782531E-14
1.000000E-2	7.500000E-13	7.500000E-13	1.909855E-14	1.909855E-14
2.000000E-2	7.300000E-13	7.300000E-13	1.858925E-14	1.858925E-14
3.000000E-2	1.190000E-12	1.190000E-12	3.030303E-14	3.030303E-14
4.000000E-2	1.040000E-12	1.040000E-12	2.648332E-14	2.648332E-14
5.000000E-2	1.380000E-12	1.380000E-12	3.514133E-14	3.514133E-14
6.000000E-2	2.330000E-12	2.330000E-12	5.933282E-14	5.933282E-14
7.000000E-2	2.370000E-12	2.370000E-12	6.035141E-14	6.035141E-14
8.000000E-2	2.860000E-12	2.860000E-12	7.282913E-14	7.282913E-14
9.000000E-2	3.660000E-12	3.660000E-12	9.320092E-14	9.320092E-14
1.000000E-1	4.030000E-12	4.030000E-12	1.026229E-13	1.026229E-13
1.100000E-1	4.400000E-12	4.400000E-12	1.120448E-13	1.120448E-13
1.200000E-1	4.760000E-12	4.760000E-12	1.212121E-13	1.212121E-13
1.300000E-1	5.120000E-12	5.120000E-12	1.303794E-13	1.303794E-13
1.400000E-1	5.310000E-12	5.310000E-12	1.352177E-13	1.352177E-13
1.500000E-1	5.950000E-12	5.950000E-12	1.515151E-13	1.515151E-13
1.600000E-1	6.980000E-12	6.980000E-12	1.777438E-13	1.777438E-13
1.700000E-1	7.170000E-12	7.170000E-12	1.825821E-13	1.825821E-13
1.800000E-1	7.950000E-12	7.950000E-12	2.024446E-13	2.024446E-13
1.900000E-1	8.160000E-12	8.160000E-12	2.077922E-13	2.077922E-13
2.000000E-1	1.024000E-11	1.024000E-11	2.607588E-13	2.607588E-13
2.100000E-1	1.022000E-11	1.022000E-11	2.602496E-13	2.602496E-13
2.200000E-1	1.105000E-11	1.105000E-11	2.813853E-13	2.813853E-13
2.300000E-1	1.209000E-11	1.209000E-11	3.078686E-13	3.078686E-13
2.400000E-1	1.276000E-11	1.276000E-11	3.249300E-13	3.249300E-13
2.500000E-1	1.315000E-11	1.315000E-11	3.348612E-13	3.348612E-13
2.600000E-1	1.421000E-11	1.421000E-11	3.618538E-13	3.618538E-13
2.700000E-1	1.533000E-11	1.533000E-11	3.903743E-13	3.903743E-13
2.800000E-1	1.714000E-11	1.714000E-11	4.364655E-13	4.364655E-13
2.900000E-1	1.789000E-11	1.789000E-11	4.555640E-13	4.555640E-13
3.000000E-1	1.982000E-11	1.982000E-11	5.047110E-13	5.047110E-13
3.100000E-1	2.109000E-11	2.109000E-11	5.370512E-13	5.370512E-13
3.200000E-1	2.344000E-11	2.344000E-11	5.968933E-13	5.968933E-13
3.300000E-1	2.523000E-11	2.523000E-11	6.424752E-13	6.424752E-13
3.400000E-1	2.520000E-11	2.520000E-11	6.417112E-13	6.417112E-13
3.500000E-1	2.678000E-11	2.678000E-11	6.819455E-13	6.819455E-13
3.600000E-1	2.827000E-11	2.827000E-11	7.198879E-13	7.198879E-13
3.700000E-1	2.838000E-11	2.838000E-11	7.226891E-13	7.226891E-13
3.800000E-1	2.968000E-11	2.968000E-11	7.557932E-13	7.557932E-13
3.900000E-1	3.073000E-11	3.073000E-11	7.825312E-13	7.825312E-13
4.000000E-1	3.224000E-11	3.224000E-11	8.209829E-13	8.209829E-13
4.100000E-1	3.384000E-11	3.384000E-11	8.617265E-13	8.617265E-13
4.200000E-1	3.480000E-11	3.480000E-11	8.861726E-13	8.861726E-13
4.300000E-1	3.617000E-11	3.617000E-11	9.210593E-13	9.210593E-13
4.400000E-1	3.810000E-11	3.810000E-11	9.702063E-13	9.702063E-13
4.500000E-1	3.953000E-11	3.953000E-11	1.006621E-12	1.006621E-12
4.600000E-1	4.225000E-11	4.225000E-11	1.075885E-12	1.075885E-12
4.700000E-1	4.270000E-11	4.270000E-11	1.087344E-12	1.087344E-12
4.800000E-1	4.139000E-11	4.139000E-11	1.053985E-12	1.053985E-12
4.900000E-1	4.330000E-11	4.330000E-11	1.102623E-12	1.102623E-12
5.000000E-1	4.205000E-11	4.205000E-11	1.070792E-12	1.070792E-12
