

10:12:49	16/03/21


Ell Cont: 5,0x10,0

SMU1	V name:		V1
	I name:		I1
	Mode:		V
	Function:	VAR1
SMU2	V name:		V2
	I name:		I2
	Mode:		common
	Function:	const.
SMU3	off
SMU4	off
VMUs	off

Primary Source (VAR1):	single
	Sweep Spacing:	linear
	Start:		-0.500000
	Stop:		0.500000
	Step:		0.010000
	Compliance:	0.050000
Power Compliance OFF

Timing:		Integration Time:	medium
	Delay Time (sec):	0.000000
	Hold Time (sec):	0.000000
	Wait Time (sec):	1.000000

Secondary Source (VAR2):	OFF


   V1	   I1	Abs(I)	J (A\um²)	Abs(J)
-5.000000E-1	-9.863700E-8	9.863700E-8	-2.511765E-9	2.511765E-9
-4.900000E-1	-9.415740E-8	9.415740E-8	-2.397693E-9	2.397693E-9
-4.800000E-1	-9.059530E-8	9.059530E-8	-2.306985E-9	2.306985E-9
-4.700000E-1	-8.761850E-8	8.761850E-8	-2.231182E-9	2.231182E-9
-4.600000E-1	-8.503660E-8	8.503660E-8	-2.165434E-9	2.165434E-9
-4.500000E-1	-8.248000E-8	8.248000E-8	-2.100331E-9	2.100331E-9
-4.400000E-1	-7.975010E-8	7.975010E-8	-2.030815E-9	2.030815E-9
-4.300000E-1	-7.804460E-8	7.804460E-8	-1.987385E-9	1.987385E-9
-4.200000E-1	-7.606110E-8	7.606110E-8	-1.936875E-9	1.936875E-9
-4.100000E-1	-7.340350E-8	7.340350E-8	-1.869200E-9	1.869200E-9
-4.000000E-1	-7.099660E-8	7.099660E-8	-1.807909E-9	1.807909E-9
-3.900000E-1	-6.895990E-8	6.895990E-8	-1.756045E-9	1.756045E-9
-3.800000E-1	-6.678710E-8	6.678710E-8	-1.700716E-9	1.700716E-9
-3.700000E-1	-6.442840E-8	6.442840E-8	-1.640652E-9	1.640652E-9
-3.600000E-1	-6.234760E-8	6.234760E-8	-1.587665E-9	1.587665E-9
-3.500000E-1	-6.033260E-8	6.033260E-8	-1.536353E-9	1.536353E-9
-3.400000E-1	-5.806710E-8	5.806710E-8	-1.478663E-9	1.478663E-9
-3.300000E-1	-5.620910E-8	5.620910E-8	-1.431350E-9	1.431350E-9
-3.200000E-1	-5.429140E-8	5.429140E-8	-1.382516E-9	1.382516E-9
-3.100000E-1	-5.221100E-8	5.221100E-8	-1.329539E-9	1.329539E-9
-3.000000E-1	-5.024040E-8	5.024040E-8	-1.279358E-9	1.279358E-9
-2.900000E-1	-4.832270E-8	4.832270E-8	-1.230525E-9	1.230525E-9
-2.800000E-1	-4.634720E-8	4.634720E-8	-1.180219E-9	1.180219E-9
-2.700000E-1	-4.437460E-8	4.437460E-8	-1.129987E-9	1.129987E-9
-2.600000E-1	-4.254640E-8	4.254640E-8	-1.083433E-9	1.083433E-9
-2.500000E-1	-4.065100E-8	4.065100E-8	-1.035167E-9	1.035167E-9
-2.400000E-1	-3.865300E-8	3.865300E-8	-9.842882E-10	9.842882E-10
-2.300000E-1	-3.687590E-8	3.687590E-8	-9.390349E-10	9.390349E-10
-2.200000E-1	-3.505010E-8	3.505010E-8	-8.925414E-10	8.925414E-10
-2.100000E-1	-3.326720E-8	3.326720E-8	-8.471403E-10	8.471403E-10
-2.000000E-1	-3.151680E-8	3.151680E-8	-8.025668E-10	8.025668E-10
-1.900000E-1	-2.970420E-8	2.970420E-8	-7.564095E-10	7.564095E-10
-1.800000E-1	-2.796960E-8	2.796960E-8	-7.122383E-10	7.122383E-10
-1.700000E-1	-2.624990E-8	2.624990E-8	-6.684466E-10	6.684466E-10
-1.600000E-1	-2.445960E-8	2.445960E-8	-6.228571E-10	6.228571E-10
-1.500000E-1	-2.271010E-8	2.271010E-8	-5.783066E-10	5.783066E-10
-1.400000E-1	-2.106740E-8	2.106740E-8	-5.364757E-10	5.364757E-10
-1.300000E-1	-1.937600E-8	1.937600E-8	-4.934046E-10	4.934046E-10
-1.200000E-1	-1.778180E-8	1.778180E-8	-4.528088E-10	4.528088E-10
-1.100000E-1	-1.617260E-8	1.617260E-8	-4.118309E-10	4.118309E-10
-1.000000E-1	-1.446750E-8	1.446750E-8	-3.684110E-10	3.684110E-10
-9.000000E-2	-1.291290E-8	1.291290E-8	-3.288235E-10	3.288235E-10
-8.000000E-2	-1.130280E-8	1.130280E-8	-2.878228E-10	2.878228E-10
-7.000000E-2	-9.985900E-9	9.985900E-9	-2.542883E-10	2.542883E-10
-6.000000E-2	-8.666690E-9	8.666690E-9	-2.206949E-10	2.206949E-10
-5.000000E-2	-7.075050E-9	7.075050E-9	-1.801642E-10	1.801642E-10
-4.000000E-2	-5.549840E-9	5.549840E-9	-1.413252E-10	1.413252E-10
-3.000000E-2	-4.037340E-9	4.037340E-9	-1.028098E-10	1.028098E-10
-2.000000E-2	-2.473250E-9	2.473250E-9	-6.298065E-11	6.298065E-11
-1.000000E-2	-9.659200E-10	9.659200E-10	-2.459689E-11	2.459689E-11
0.000000E+0	3.177700E-10	3.177700E-10	8.091928E-12	8.091928E-12
1.000000E-2	1.776790E-9	1.776790E-9	4.524548E-11	4.524548E-11
2.000000E-2	3.528820E-9	3.528820E-9	8.986045E-11	8.986045E-11
3.000000E-2	5.166500E-9	5.166500E-9	1.315635E-10	1.315635E-10
4.000000E-2	6.746340E-9	6.746340E-9	1.717937E-10	1.717937E-10
5.000000E-2	8.360210E-9	8.360210E-9	2.128905E-10	2.128905E-10
6.000000E-2	9.674200E-9	9.674200E-9	2.463509E-10	2.463509E-10
7.000000E-2	1.175680E-8	1.175680E-8	2.993838E-10	2.993838E-10
8.000000E-2	1.349620E-8	1.349620E-8	3.436771E-10	3.436771E-10
9.000000E-2	1.527150E-8	1.527150E-8	3.888846E-10	3.888846E-10
1.000000E-1	1.702210E-8	1.702210E-8	4.334632E-10	4.334632E-10
1.100000E-1	1.877820E-8	1.877820E-8	4.781818E-10	4.781818E-10
1.200000E-1	2.045600E-8	2.045600E-8	5.209065E-10	5.209065E-10
1.300000E-1	2.233360E-8	2.233360E-8	5.687191E-10	5.687191E-10
1.400000E-1	2.400840E-8	2.400840E-8	6.113674E-10	6.113674E-10
1.500000E-1	2.578560E-8	2.578560E-8	6.566234E-10	6.566234E-10
1.600000E-1	2.766000E-8	2.766000E-8	7.043545E-10	7.043545E-10
1.700000E-1	2.945450E-8	2.945450E-8	7.500509E-10	7.500509E-10
1.800000E-1	3.151110E-8	3.151110E-8	8.024217E-10	8.024217E-10
1.900000E-1	3.339090E-8	3.339090E-8	8.502903E-10	8.502903E-10
2.000000E-1	3.517470E-8	3.517470E-8	8.957143E-10	8.957143E-10
2.100000E-1	3.715740E-8	3.715740E-8	9.462032E-10	9.462032E-10
2.200000E-1	3.920070E-8	3.920070E-8	9.982353E-10	9.982353E-10
2.300000E-1	4.116200E-8	4.116200E-8	1.048179E-9	1.048179E-9
2.400000E-1	4.325290E-8	4.325290E-8	1.101423E-9	1.101423E-9
2.500000E-1	4.538040E-8	4.538040E-8	1.155600E-9	1.155600E-9
2.600000E-1	4.747720E-8	4.747720E-8	1.208994E-9	1.208994E-9
2.700000E-1	4.959450E-8	4.959450E-8	1.262911E-9	1.262911E-9
2.800000E-1	5.159680E-8	5.159680E-8	1.313899E-9	1.313899E-9
2.900000E-1	5.395390E-8	5.395390E-8	1.373922E-9	1.373922E-9
3.000000E-1	5.609970E-8	5.609970E-8	1.428564E-9	1.428564E-9
3.100000E-1	5.815030E-8	5.815030E-8	1.480782E-9	1.480782E-9
3.200000E-1	6.039760E-8	6.039760E-8	1.538009E-9	1.538009E-9
3.300000E-1	6.262520E-8	6.262520E-8	1.594734E-9	1.594734E-9
3.400000E-1	6.493710E-8	6.493710E-8	1.653606E-9	1.653606E-9
3.500000E-1	6.712510E-8	6.712510E-8	1.709323E-9	1.709323E-9
3.600000E-1	6.945340E-8	6.945340E-8	1.768612E-9	1.768612E-9
3.700000E-1	7.187190E-8	7.187190E-8	1.830199E-9	1.830199E-9
3.800000E-1	7.422320E-8	7.422320E-8	1.890074E-9	1.890074E-9
3.900000E-1	7.679500E-8	7.679500E-8	1.955564E-9	1.955564E-9
4.000000E-1	7.914720E-8	7.914720E-8	2.015462E-9	2.015462E-9
4.100000E-1	8.158670E-8	8.158670E-8	2.077583E-9	2.077583E-9
4.200000E-1	8.398570E-8	8.398570E-8	2.138673E-9	2.138673E-9
4.300000E-1	8.650890E-8	8.650890E-8	2.202926E-9	2.202926E-9
4.400000E-1	8.913050E-8	8.913050E-8	2.269684E-9	2.269684E-9
4.500000E-1	9.148660E-8	9.148660E-8	2.329682E-9	2.329682E-9
4.600000E-1	9.430880E-8	9.430880E-8	2.401548E-9	2.401548E-9
4.700000E-1	9.679420E-8	9.679420E-8	2.464838E-9	2.464838E-9
4.800000E-1	9.900900E-8	9.900900E-8	2.521238E-9	2.521238E-9
4.900000E-1	1.019805E-7	1.019805E-7	2.596906E-9	2.596906E-9
5.000000E-1	1.045791E-7	1.045791E-7	2.663079E-9	2.663079E-9
