   V1	   I1	Abs(I)	J (A\um²)	Abs(J)
-5.000000E-1	-3.135840E-9	3.135840E-9	-7.985332E-11	7.985332E-11
-4.900000E-1	-2.697230E-9	2.697230E-9	-6.868424E-11	6.868424E-11
-4.800000E-1	-2.375890E-9	2.375890E-9	-6.050140E-11	6.050140E-11
-4.700000E-1	-2.098040E-9	2.098040E-9	-5.342602E-11	5.342602E-11
-4.600000E-1	-1.873460E-9	1.873460E-9	-4.770716E-11	4.770716E-11
-4.500000E-1	-1.694320E-9	1.694320E-9	-4.314540E-11	4.314540E-11
-4.400000E-1	-1.519040E-9	1.519040E-9	-3.868195E-11	3.868195E-11
-4.300000E-1	-1.364620E-9	1.364620E-9	-3.474968E-11	3.474968E-11
-4.200000E-1	-1.237810E-9	1.237810E-9	-3.152050E-11	3.152050E-11
-4.100000E-1	-1.121150E-9	1.121150E-9	-2.854978E-11	2.854978E-11
-4.000000E-1	-1.013660E-9	1.013660E-9	-2.581258E-11	2.581258E-11
-3.900000E-1	-9.225900E-10	9.225900E-10	-2.349351E-11	2.349351E-11
-3.800000E-1	-8.392800E-10	8.392800E-10	-2.137204E-11	2.137204E-11
-3.700000E-1	-7.569600E-10	7.569600E-10	-1.927578E-11	1.927578E-11
-3.600000E-1	-6.892400E-10	6.892400E-10	-1.755131E-11	1.755131E-11
-3.500000E-1	-6.189600E-10	6.189600E-10	-1.576165E-11	1.576165E-11
-3.400000E-1	-5.625100E-10	5.625100E-10	-1.432417E-11	1.432417E-11
-3.300000E-1	-5.095900E-10	5.095900E-10	-1.297657E-11	1.297657E-11
-3.200000E-1	-4.658100E-10	4.658100E-10	-1.186173E-11	1.186173E-11
-3.100000E-1	-4.229600E-10	4.229600E-10	-1.077056E-11	1.077056E-11
-3.000000E-1	-3.877400E-10	3.877400E-10	-9.873695E-12	9.873695E-12
-2.900000E-1	-3.489600E-10	3.489600E-10	-8.886173E-12	8.886173E-12
-2.800000E-1	-3.141900E-10	3.141900E-10	-8.000764E-12	8.000764E-12
-2.700000E-1	-2.860400E-10	2.860400E-10	-7.283932E-12	7.283932E-12
-2.600000E-1	-2.519100E-10	2.519100E-10	-6.414820E-12	6.414820E-12
-2.500000E-1	-2.234400E-10	2.234400E-10	-5.689840E-12	5.689840E-12
-2.400000E-1	-1.976900E-10	1.976900E-10	-5.034123E-12	5.034123E-12
-2.300000E-1	-1.721400E-10	1.721400E-10	-4.383499E-12	4.383499E-12
-2.200000E-1	-1.454900E-10	1.454900E-10	-3.704864E-12	3.704864E-12
-2.100000E-1	-1.225500E-10	1.225500E-10	-3.120703E-12	3.120703E-12
-2.000000E-1	-9.826000E-11	9.826000E-11	-2.502164E-12	2.502164E-12
-1.900000E-1	-7.432000E-11	7.432000E-11	-1.892539E-12	1.892539E-12
-1.800000E-1	-5.100000E-11	5.100000E-11	-1.298701E-12	1.298701E-12
-1.700000E-1	-2.700000E-11	2.700000E-11	-6.875477E-13	6.875477E-13
-1.600000E-1	-4.240000E-12	4.240000E-12	-1.079705E-13	1.079705E-13
-1.500000E-1	1.636000E-11	1.636000E-11	4.166030E-13	4.166030E-13
-1.400000E-1	3.860000E-11	3.860000E-11	9.829386E-13	9.829386E-13
-1.300000E-1	5.994000E-11	5.994000E-11	1.526356E-12	1.526356E-12
-1.200000E-1	8.029000E-11	8.029000E-11	2.044563E-12	2.044563E-12
-1.100000E-1	1.004800E-10	1.004800E-10	2.558696E-12	2.558696E-12
-1.000000E-1	1.183800E-10	1.183800E-10	3.014515E-12	3.014515E-12
-9.000000E-2	1.393900E-10	1.393900E-10	3.549529E-12	3.549529E-12
-8.000000E-2	1.585400E-10	1.585400E-10	4.037178E-12	4.037178E-12
-7.000000E-2	1.789300E-10	1.789300E-10	4.556404E-12	4.556404E-12
-6.000000E-2	1.938900E-10	1.938900E-10	4.937357E-12	4.937357E-12
-5.000000E-2	2.139300E-10	2.139300E-10	5.447670E-12	5.447670E-12
-4.000000E-2	2.301800E-10	2.301800E-10	5.861472E-12	5.861472E-12
-3.000000E-2	2.507100E-10	2.507100E-10	6.384263E-12	6.384263E-12
-2.000000E-2	2.661700E-10	2.661700E-10	6.777947E-12	6.777947E-12
-1.000000E-2	2.825800E-10	2.825800E-10	7.195824E-12	7.195824E-12
0.000000E+0	2.994000E-10	2.994000E-10	7.624140E-12	7.624140E-12
1.000000E-2	3.138000E-10	3.138000E-10	7.990833E-12	7.990833E-12
2.000000E-2	3.312600E-10	3.312600E-10	8.435447E-12	8.435447E-12
3.000000E-2	3.478800E-10	3.478800E-10	8.858671E-12	8.858671E-12
4.000000E-2	3.237600E-10	3.237600E-10	8.244461E-12	8.244461E-12
5.000000E-2	3.111900E-10	3.111900E-10	7.924370E-12	7.924370E-12
6.000000E-2	3.414900E-10	3.414900E-10	8.695951E-12	8.695951E-12
7.000000E-2	3.669300E-10	3.669300E-10	9.343774E-12	9.343774E-12
8.000000E-2	3.905200E-10	3.905200E-10	9.944487E-12	9.944487E-12
9.000000E-2	4.132000E-10	4.132000E-10	1.052203E-11	1.052203E-11
1.000000E-1	3.950400E-10	3.950400E-10	1.005959E-11	1.005959E-11
1.100000E-1	3.881900E-10	3.881900E-10	9.885154E-12	9.885154E-12
1.200000E-1	4.182000E-10	4.182000E-10	1.064935E-11	1.064935E-11
1.300000E-1	4.480700E-10	4.480700E-10	1.140998E-11	1.140998E-11
1.400000E-1	4.752800E-10	4.752800E-10	1.210288E-11	1.210288E-11
1.500000E-1	4.644800E-10	4.644800E-10	1.182786E-11	1.182786E-11
1.600000E-1	4.631300E-10	4.631300E-10	1.179348E-11	1.179348E-11
1.700000E-1	4.654300E-10	4.654300E-10	1.185205E-11	1.185205E-11
1.800000E-1	4.752400E-10	4.752400E-10	1.210186E-11	1.210186E-11
1.900000E-1	5.114500E-10	5.114500E-10	1.302394E-11	1.302394E-11
2.000000E-1	5.450500E-10	5.450500E-10	1.387955E-11	1.387955E-11
2.100000E-1	5.776300E-10	5.776300E-10	1.470919E-11	1.470919E-11
2.200000E-1	5.710700E-10	5.710700E-10	1.454214E-11	1.454214E-11
2.300000E-1	5.725800E-10	5.725800E-10	1.458060E-11	1.458060E-11
2.400000E-1	5.869800E-10	5.869800E-10	1.494729E-11	1.494729E-11
2.500000E-1	6.310900E-10	6.310900E-10	1.607054E-11	1.607054E-11
2.600000E-1	6.614000E-10	6.614000E-10	1.684237E-11	1.684237E-11
2.700000E-1	6.527300E-10	6.527300E-10	1.662159E-11	1.662159E-11
2.800000E-1	6.574300E-10	6.574300E-10	1.674128E-11	1.674128E-11
2.900000E-1	6.755700E-10	6.755700E-10	1.720321E-11	1.720321E-11
3.000000E-1	7.050400E-10	7.050400E-10	1.795365E-11	1.795365E-11
3.100000E-1	7.490400E-10	7.490400E-10	1.907410E-11	1.907410E-11
3.200000E-1	7.726600E-10	7.726600E-10	1.967558E-11	1.967558E-11
3.300000E-1	8.300000E-10	8.300000E-10	2.113573E-11	2.113573E-11
3.400000E-1	8.767900E-10	8.767900E-10	2.232722E-11	2.232722E-11
3.500000E-1	9.203700E-10	9.203700E-10	2.343697E-11	2.343697E-11
3.600000E-1	9.681100E-10	9.681100E-10	2.465266E-11	2.465266E-11
3.700000E-1	1.004270E-9	1.004270E-9	2.557347E-11	2.557347E-11
3.800000E-1	1.049560E-9	1.049560E-9	2.672676E-11	2.672676E-11
3.900000E-1	1.086390E-9	1.086390E-9	2.766463E-11	2.766463E-11
4.000000E-1	1.113470E-9	1.113470E-9	2.835421E-11	2.835421E-11
4.100000E-1	1.145100E-9	1.145100E-9	2.915966E-11	2.915966E-11
4.200000E-1	1.176270E-9	1.176270E-9	2.995340E-11	2.995340E-11
4.300000E-1	1.224310E-9	1.224310E-9	3.117672E-11	3.117672E-11
4.400000E-1	1.259650E-9	1.259650E-9	3.207665E-11	3.207665E-11
4.500000E-1	1.289670E-9	1.289670E-9	3.284110E-11	3.284110E-11
4.600000E-1	1.328500E-9	1.328500E-9	3.382990E-11	3.382990E-11
4.700000E-1	1.372800E-9	1.372800E-9	3.495798E-11	3.495798E-11
4.800000E-1	1.400300E-9	1.400300E-9	3.565826E-11	3.565826E-11
4.900000E-1	1.444370E-9	1.444370E-9	3.678049E-11	3.678049E-11
5.000000E-1	1.459850E-9	1.459850E-9	3.717469E-11	3.717469E-11
