

10:43:56	16/03/21


Ell Cont: 5,0x10,0

SMU1	V name:		V1
	I name:		I1
	Mode:		V
	Function:	VAR1
SMU2	V name:		V2
	I name:		I2
	Mode:		common
	Function:	const.
SMU3	off
SMU4	off
VMUs	off

Primary Source (VAR1):	single
	Sweep Spacing:	linear
	Start:		-0.500000
	Stop:		0.500000
	Step:		0.010000
	Compliance:	0.050000
Power Compliance OFF

Timing:		Integration Time:	medium
	Delay Time (sec):	0.000000
	Hold Time (sec):	0.000000
	Wait Time (sec):	1.000000

Secondary Source (VAR2):	OFF


   V1	   I1	Abs(I)	J (A\um²)	Abs(J)
-5.000000E-1	-4.198450E-8	4.198450E-8	-1.069124E-9	1.069124E-9
-4.900000E-1	-3.943590E-8	3.943590E-8	-1.004225E-9	1.004225E-9
-4.800000E-1	-3.513760E-8	3.513760E-8	-8.947695E-10	8.947695E-10
-4.700000E-1	-3.433650E-8	3.433650E-8	-8.743697E-10	8.743697E-10
-4.600000E-1	-3.312960E-8	3.312960E-8	-8.436364E-10	8.436364E-10
-4.500000E-1	-3.191710E-8	3.191710E-8	-8.127604E-10	8.127604E-10
-4.400000E-1	-3.080160E-8	3.080160E-8	-7.843545E-10	7.843545E-10
-4.300000E-1	-2.949950E-8	2.949950E-8	-7.511968E-10	7.511968E-10
-4.200000E-1	-2.902440E-8	2.902440E-8	-7.390985E-10	7.390985E-10
-4.100000E-1	-2.804830E-8	2.804830E-8	-7.142424E-10	7.142424E-10
-4.000000E-1	-2.714680E-8	2.714680E-8	-6.912860E-10	6.912860E-10
-3.900000E-1	-2.645430E-8	2.645430E-8	-6.736516E-10	6.736516E-10
-3.800000E-1	-2.602710E-8	2.602710E-8	-6.627731E-10	6.627731E-10
-3.700000E-1	-2.486240E-8	2.486240E-8	-6.331143E-10	6.331143E-10
-3.600000E-1	-2.419640E-8	2.419640E-8	-6.161548E-10	6.161548E-10
-3.500000E-1	-2.318270E-8	2.318270E-8	-5.903412E-10	5.903412E-10
-3.400000E-1	-2.267250E-8	2.267250E-8	-5.773491E-10	5.773491E-10
-3.300000E-1	-2.109840E-8	2.109840E-8	-5.372651E-10	5.372651E-10
-3.200000E-1	-2.041380E-8	2.041380E-8	-5.198319E-10	5.198319E-10
-3.100000E-1	-2.014610E-8	2.014610E-8	-5.130150E-10	5.130150E-10
-3.000000E-1	-1.907950E-8	1.907950E-8	-4.858543E-10	4.858543E-10
-2.900000E-1	-1.859120E-8	1.859120E-8	-4.734199E-10	4.734199E-10
-2.800000E-1	-1.790370E-8	1.790370E-8	-4.559129E-10	4.559129E-10
-2.700000E-1	-1.733370E-8	1.733370E-8	-4.413980E-10	4.413980E-10
-2.600000E-1	-1.676870E-8	1.676870E-8	-4.270104E-10	4.270104E-10
-2.500000E-1	-1.566850E-8	1.566850E-8	-3.989941E-10	3.989941E-10
-2.400000E-1	-1.485230E-8	1.485230E-8	-3.782098E-10	3.782098E-10
-2.300000E-1	-1.330650E-8	1.330650E-8	-3.388464E-10	3.388464E-10
-2.200000E-1	-1.372960E-8	1.372960E-8	-3.496206E-10	3.496206E-10
-2.100000E-1	-1.295340E-8	1.295340E-8	-3.298548E-10	3.298548E-10
-2.000000E-1	-1.214970E-8	1.214970E-8	-3.093888E-10	3.093888E-10
-1.900000E-1	-1.151340E-8	1.151340E-8	-2.931856E-10	2.931856E-10
-1.800000E-1	-1.049200E-8	1.049200E-8	-2.671760E-10	2.671760E-10
-1.700000E-1	-1.018160E-8	1.018160E-8	-2.592717E-10	2.592717E-10
-1.600000E-1	-9.644760E-9	9.644760E-9	-2.456012E-10	2.456012E-10
-1.500000E-1	-8.944150E-9	8.944150E-9	-2.277604E-10	2.277604E-10
-1.400000E-1	-8.014150E-9	8.014150E-9	-2.040782E-10	2.040782E-10
-1.300000E-1	-7.942490E-9	7.942490E-9	-2.022534E-10	2.022534E-10
-1.200000E-1	-6.694650E-9	6.694650E-9	-1.704775E-10	1.704775E-10
-1.100000E-1	-6.109770E-9	6.109770E-9	-1.555836E-10	1.555836E-10
-1.000000E-1	-5.741540E-9	5.741540E-9	-1.462068E-10	1.462068E-10
-9.000000E-2	-5.255940E-9	5.255940E-9	-1.338411E-10	1.338411E-10
-8.000000E-2	-4.626000E-9	4.626000E-9	-1.177998E-10	1.177998E-10
-7.000000E-2	-3.769790E-9	3.769790E-9	-9.599669E-11	9.599669E-11
-6.000000E-2	-3.382180E-9	3.382180E-9	-8.612630E-11	8.612630E-11
-5.000000E-2	-2.562840E-9	2.562840E-9	-6.526203E-11	6.526203E-11
-4.000000E-2	-2.147290E-9	2.147290E-9	-5.468016E-11	5.468016E-11
-3.000000E-2	-1.486240E-9	1.486240E-9	-3.784670E-11	3.784670E-11
-2.000000E-2	-8.956700E-10	8.956700E-10	-2.280800E-11	2.280800E-11
-1.000000E-2	-4.184300E-10	4.184300E-10	-1.065521E-11	1.065521E-11
0.000000E+0	1.587400E-10	1.587400E-10	4.042271E-12	4.042271E-12
1.000000E-2	6.814100E-10	6.814100E-10	1.735192E-11	1.735192E-11
2.000000E-2	1.320900E-9	1.320900E-9	3.363636E-11	3.363636E-11
3.000000E-2	2.060330E-9	2.060330E-9	5.246575E-11	5.246575E-11
4.000000E-2	2.752980E-9	2.752980E-9	7.010390E-11	7.010390E-11
5.000000E-2	3.399420E-9	3.399420E-9	8.656532E-11	8.656532E-11
6.000000E-2	4.153510E-9	4.153510E-9	1.057680E-10	1.057680E-10
7.000000E-2	4.518390E-9	4.518390E-9	1.150596E-10	1.150596E-10
8.000000E-2	5.269000E-9	5.269000E-9	1.341737E-10	1.341737E-10
9.000000E-2	5.905080E-9	5.905080E-9	1.503713E-10	1.503713E-10
1.000000E-1	6.361650E-9	6.361650E-9	1.619977E-10	1.619977E-10
1.100000E-1	7.075130E-9	7.075130E-9	1.801663E-10	1.801663E-10
1.200000E-1	7.613190E-9	7.613190E-9	1.938678E-10	1.938678E-10
1.300000E-1	8.552790E-9	8.552790E-9	2.177945E-10	2.177945E-10
1.400000E-1	8.907460E-9	8.907460E-9	2.268261E-10	2.268261E-10
1.500000E-1	9.612730E-9	9.612730E-9	2.447856E-10	2.447856E-10
1.600000E-1	1.046510E-8	1.046510E-8	2.664910E-10	2.664910E-10
1.700000E-1	1.118570E-8	1.118570E-8	2.848408E-10	2.848408E-10
1.800000E-1	1.217570E-8	1.217570E-8	3.100509E-10	3.100509E-10
1.900000E-1	1.278190E-8	1.278190E-8	3.254876E-10	3.254876E-10
2.000000E-1	1.350430E-8	1.350430E-8	3.438834E-10	3.438834E-10
2.100000E-1	1.421220E-8	1.421220E-8	3.619099E-10	3.619099E-10
2.200000E-1	1.457590E-8	1.457590E-8	3.711714E-10	3.711714E-10
2.300000E-1	1.529840E-8	1.529840E-8	3.895696E-10	3.895696E-10
2.400000E-1	1.613900E-8	1.613900E-8	4.109753E-10	4.109753E-10
2.500000E-1	1.681200E-8	1.681200E-8	4.281131E-10	4.281131E-10
2.600000E-1	1.780300E-8	1.780300E-8	4.533486E-10	4.533486E-10
2.700000E-1	1.792020E-8	1.792020E-8	4.563331E-10	4.563331E-10
2.800000E-1	1.892950E-8	1.892950E-8	4.820346E-10	4.820346E-10
2.900000E-1	1.966880E-8	1.966880E-8	5.008607E-10	5.008607E-10
3.000000E-1	2.020420E-8	2.020420E-8	5.144945E-10	5.144945E-10
3.100000E-1	2.160910E-8	2.160910E-8	5.502699E-10	5.502699E-10
3.200000E-1	2.194750E-8	2.194750E-8	5.588872E-10	5.588872E-10
3.300000E-1	2.231260E-8	2.231260E-8	5.681844E-10	5.681844E-10
3.400000E-1	2.290410E-8	2.290410E-8	5.832467E-10	5.832467E-10
3.500000E-1	2.340420E-8	2.340420E-8	5.959817E-10	5.959817E-10
3.600000E-1	2.416290E-8	2.416290E-8	6.153017E-10	6.153017E-10
3.700000E-1	2.591840E-8	2.591840E-8	6.600051E-10	6.600051E-10
3.800000E-1	2.662210E-8	2.662210E-8	6.779246E-10	6.779246E-10
3.900000E-1	2.693180E-8	2.693180E-8	6.858110E-10	6.858110E-10
4.000000E-1	2.777150E-8	2.777150E-8	7.071938E-10	7.071938E-10
4.100000E-1	2.904760E-8	2.904760E-8	7.396893E-10	7.396893E-10
4.200000E-1	3.033270E-8	3.033270E-8	7.724140E-10	7.724140E-10
4.300000E-1	3.049520E-8	3.049520E-8	7.765521E-10	7.765521E-10
4.400000E-1	3.117900E-8	3.117900E-8	7.939648E-10	7.939648E-10
4.500000E-1	3.172330E-8	3.172330E-8	8.078253E-10	8.078253E-10
4.600000E-1	3.281940E-8	3.281940E-8	8.357372E-10	8.357372E-10
4.700000E-1	3.315090E-8	3.315090E-8	8.441788E-10	8.441788E-10
4.800000E-1	3.525370E-8	3.525370E-8	8.977260E-10	8.977260E-10
4.900000E-1	3.565710E-8	3.565710E-8	9.079985E-10	9.079985E-10
5.000000E-1	3.583960E-8	3.583960E-8	9.126458E-10	9.126458E-10
