

10:38:03	16/03/21


Ell Cont: 5,0x10,0

SMU1	V name:		V1
	I name:		I1
	Mode:		V
	Function:	VAR1
SMU2	V name:		V2
	I name:		I2
	Mode:		common
	Function:	const.
SMU3	off
SMU4	off
VMUs	off

Primary Source (VAR1):	single
	Sweep Spacing:	linear
	Start:		-0.500000
	Stop:		0.500000
	Step:		0.010000
	Compliance:	0.050000
Power Compliance OFF

Timing:		Integration Time:	medium
	Delay Time (sec):	0.000000
	Hold Time (sec):	0.000000
	Wait Time (sec):	1.000000

Secondary Source (VAR2):	OFF


   V1	   I1	Abs(I)	J (A\um²)	Abs(J)
-5.000000E-1	-4.448980E-8	4.448980E-8	-1.132921E-9	1.132921E-9
-4.900000E-1	-4.005530E-8	4.005530E-8	-1.019997E-9	1.019997E-9
-4.800000E-1	-3.728290E-8	3.728290E-8	-9.493990E-10	9.493990E-10
-4.700000E-1	-3.531840E-8	3.531840E-8	-8.993736E-10	8.993736E-10
-4.600000E-1	-3.386410E-8	3.386410E-8	-8.623402E-10	8.623402E-10
-4.500000E-1	-3.253260E-8	3.253260E-8	-8.284339E-10	8.284339E-10
-4.400000E-1	-3.163550E-8	3.163550E-8	-8.055895E-10	8.055895E-10
-4.300000E-1	-3.043770E-8	3.043770E-8	-7.750878E-10	7.750878E-10
-4.200000E-1	-2.923360E-8	2.923360E-8	-7.444258E-10	7.444258E-10
-4.100000E-1	-2.864230E-8	2.864230E-8	-7.293685E-10	7.293685E-10
-4.000000E-1	-2.758850E-8	2.758850E-8	-7.025337E-10	7.025337E-10
-3.900000E-1	-2.659870E-8	2.659870E-8	-6.773287E-10	6.773287E-10
-3.800000E-1	-2.561540E-8	2.561540E-8	-6.522893E-10	6.522893E-10
-3.700000E-1	-2.478330E-8	2.478330E-8	-6.311001E-10	6.311001E-10
-3.600000E-1	-2.383540E-8	2.383540E-8	-6.069621E-10	6.069621E-10
-3.500000E-1	-2.284160E-8	2.284160E-8	-5.816552E-10	5.816552E-10
-3.400000E-1	-2.203940E-8	2.203940E-8	-5.612274E-10	5.612274E-10
-3.300000E-1	-2.121950E-8	2.121950E-8	-5.403489E-10	5.403489E-10
-3.200000E-1	-2.031490E-8	2.031490E-8	-5.173135E-10	5.173135E-10
-3.100000E-1	-1.959700E-8	1.959700E-8	-4.990323E-10	4.990323E-10
-3.000000E-1	-1.882010E-8	1.882010E-8	-4.792488E-10	4.792488E-10
-2.900000E-1	-1.794750E-8	1.794750E-8	-4.570283E-10	4.570283E-10
-2.800000E-1	-1.669560E-8	1.669560E-8	-4.251490E-10	4.251490E-10
-2.700000E-1	-1.619800E-8	1.619800E-8	-4.124777E-10	4.124777E-10
-2.600000E-1	-1.562600E-8	1.562600E-8	-3.979119E-10	3.979119E-10
-2.500000E-1	-1.489150E-8	1.489150E-8	-3.792080E-10	3.792080E-10
-2.400000E-1	-1.408110E-8	1.408110E-8	-3.585714E-10	3.585714E-10
-2.300000E-1	-1.346140E-8	1.346140E-8	-3.427909E-10	3.427909E-10
-2.200000E-1	-1.269170E-8	1.269170E-8	-3.231907E-10	3.231907E-10
-2.100000E-1	-1.168840E-8	1.168840E-8	-2.976420E-10	2.976420E-10
-2.000000E-1	-1.113140E-8	1.113140E-8	-2.834581E-10	2.834581E-10
-1.900000E-1	-1.078560E-8	1.078560E-8	-2.746524E-10	2.746524E-10
-1.800000E-1	-1.031690E-8	1.031690E-8	-2.627171E-10	2.627171E-10
-1.700000E-1	-9.786500E-9	9.786500E-9	-2.492106E-10	2.492106E-10
-1.600000E-1	-9.269010E-9	9.269010E-9	-2.360328E-10	2.360328E-10
-1.500000E-1	-8.461430E-9	8.461430E-9	-2.154680E-10	2.154680E-10
-1.400000E-1	-7.673980E-9	7.673980E-9	-1.954158E-10	1.954158E-10
-1.300000E-1	-7.083040E-9	7.083040E-9	-1.803677E-10	1.803677E-10
-1.200000E-1	-6.376750E-9	6.376750E-9	-1.623822E-10	1.623822E-10
-1.100000E-1	-5.734210E-9	5.734210E-9	-1.460201E-10	1.460201E-10
-1.000000E-1	-5.135150E-9	5.135150E-9	-1.307652E-10	1.307652E-10
-9.000000E-2	-4.477900E-9	4.477900E-9	-1.140285E-10	1.140285E-10
-8.000000E-2	-3.844870E-9	3.844870E-9	-9.790858E-11	9.790858E-11
-7.000000E-2	-3.226280E-9	3.226280E-9	-8.215635E-11	8.215635E-11
-6.000000E-2	-2.627260E-9	2.627260E-9	-6.690247E-11	6.690247E-11
-5.000000E-2	-2.044640E-9	2.044640E-9	-5.206621E-11	5.206621E-11
-4.000000E-2	-1.451610E-9	1.451610E-9	-3.696486E-11	3.696486E-11
-3.000000E-2	-1.038800E-9	1.038800E-9	-2.645276E-11	2.645276E-11
-2.000000E-2	-7.390200E-10	7.390200E-10	-1.881895E-11	1.881895E-11
-1.000000E-2	-3.764700E-10	3.764700E-10	-9.586707E-12	9.586707E-12
0.000000E+0	1.651900E-10	1.651900E-10	4.206519E-12	4.206519E-12
1.000000E-2	8.123000E-10	8.123000E-10	2.068500E-11	2.068500E-11
2.000000E-2	1.804450E-9	1.804450E-9	4.594983E-11	4.594983E-11
3.000000E-2	2.519390E-9	2.519390E-9	6.415559E-11	6.415559E-11
4.000000E-2	3.148920E-9	3.148920E-9	8.018640E-11	8.018640E-11
5.000000E-2	3.796140E-9	3.796140E-9	9.666768E-11	9.666768E-11
6.000000E-2	4.435150E-9	4.435150E-9	1.129399E-10	1.129399E-10
7.000000E-2	5.074750E-9	5.074750E-9	1.292271E-10	1.292271E-10
8.000000E-2	5.668510E-9	5.668510E-9	1.443471E-10	1.443471E-10
9.000000E-2	6.321420E-9	6.321420E-9	1.609733E-10	1.609733E-10
1.000000E-1	6.975290E-9	6.975290E-9	1.776239E-10	1.776239E-10
1.100000E-1	7.666350E-9	7.666350E-9	1.952215E-10	1.952215E-10
1.200000E-1	7.709680E-9	7.709680E-9	1.963249E-10	1.963249E-10
1.300000E-1	8.376290E-9	8.376290E-9	2.133000E-10	2.133000E-10
1.400000E-1	9.024740E-9	9.024740E-9	2.298126E-10	2.298126E-10
1.500000E-1	9.784400E-9	9.784400E-9	2.491571E-10	2.491571E-10
1.600000E-1	1.145970E-8	1.145970E-8	2.918182E-10	2.918182E-10
1.700000E-1	1.247950E-8	1.247950E-8	3.177871E-10	3.177871E-10
1.800000E-1	1.327510E-8	1.327510E-8	3.380469E-10	3.380469E-10
1.900000E-1	1.408610E-8	1.408610E-8	3.586987E-10	3.586987E-10
2.000000E-1	1.481310E-8	1.481310E-8	3.772116E-10	3.772116E-10
2.100000E-1	1.568890E-8	1.568890E-8	3.995136E-10	3.995136E-10
2.200000E-1	1.637660E-8	1.637660E-8	4.170257E-10	4.170257E-10
2.300000E-1	1.725070E-8	1.725070E-8	4.392844E-10	4.392844E-10
2.400000E-1	1.803470E-8	1.803470E-8	4.592488E-10	4.592488E-10
2.500000E-1	1.886530E-8	1.886530E-8	4.803998E-10	4.803998E-10
2.600000E-1	1.967290E-8	1.967290E-8	5.009651E-10	5.009651E-10
2.700000E-1	2.057990E-8	2.057990E-8	5.240616E-10	5.240616E-10
2.800000E-1	2.146580E-8	2.146580E-8	5.466208E-10	5.466208E-10
2.900000E-1	2.211130E-8	2.211130E-8	5.630583E-10	5.630583E-10
3.000000E-1	2.305530E-8	2.305530E-8	5.870970E-10	5.870970E-10
3.100000E-1	2.394690E-8	2.394690E-8	6.098014E-10	6.098014E-10
3.200000E-1	2.471290E-8	2.471290E-8	6.293074E-10	6.293074E-10
3.300000E-1	2.598120E-8	2.598120E-8	6.616043E-10	6.616043E-10
3.400000E-1	2.650670E-8	2.650670E-8	6.749860E-10	6.749860E-10
3.500000E-1	2.725530E-8	2.725530E-8	6.940489E-10	6.940489E-10
3.600000E-1	2.825840E-8	2.825840E-8	7.195926E-10	7.195926E-10
3.700000E-1	2.916000E-8	2.916000E-8	7.425516E-10	7.425516E-10
3.800000E-1	3.017020E-8	3.017020E-8	7.682760E-10	7.682760E-10
3.900000E-1	3.107430E-8	3.107430E-8	7.912987E-10	7.912987E-10
4.000000E-1	3.171850E-8	3.171850E-8	8.077031E-10	8.077031E-10
4.100000E-1	3.294370E-8	3.294370E-8	8.389025E-10	8.389025E-10
4.200000E-1	3.375590E-8	3.375590E-8	8.595849E-10	8.595849E-10
4.300000E-1	3.473070E-8	3.473070E-8	8.844079E-10	8.844079E-10
4.400000E-1	3.589570E-8	3.589570E-8	9.140743E-10	9.140743E-10
4.500000E-1	3.670340E-8	3.670340E-8	9.346422E-10	9.346422E-10
4.600000E-1	3.753770E-8	3.753770E-8	9.558874E-10	9.558874E-10
4.700000E-1	3.864400E-8	3.864400E-8	9.840591E-10	9.840591E-10
4.800000E-1	3.971550E-8	3.971550E-8	1.011345E-9	1.011345E-9
4.900000E-1	4.075710E-8	4.075710E-8	1.037869E-9	1.037869E-9
5.000000E-1	4.121330E-8	4.121330E-8	1.049486E-9	1.049486E-9
