

10:07:51	16/03/21


Ell Cont: 5,0x10,0

SMU1	V name:		V1
	I name:		I1
	Mode:		V
	Function:	VAR1
SMU2	V name:		V2
	I name:		I2
	Mode:		common
	Function:	const.
SMU3	off
SMU4	off
VMUs	off

Primary Source (VAR1):	single
	Sweep Spacing:	linear
	Start:		-0.500000
	Stop:		0.500000
	Step:		0.010000
	Compliance:	0.050000
Power Compliance OFF

Timing:		Integration Time:	medium
	Delay Time (sec):	0.000000
	Hold Time (sec):	0.000000
	Wait Time (sec):	1.000000

Secondary Source (VAR2):	OFF


   V1	   I1	Abs(I)	J (A\µm²)	Abs(J)
-5.000000E-1	-6.460000E-12	6.460000E-12	-1.645022E-13	1.645022E-13
-4.900000E-1	-1.554000E-11	1.554000E-11	-3.957219E-13	3.957219E-13
-4.800000E-1	-8.340000E-12	8.340000E-12	-2.123759E-13	2.123759E-13
-4.700000E-1	-9.510000E-12	9.510000E-12	-2.421696E-13	2.421696E-13
-4.600000E-1	-8.470000E-12	8.470000E-12	-2.156863E-13	2.156863E-13
-4.500000E-1	-4.610000E-12	4.610000E-12	-1.173924E-13	1.173924E-13
-4.400000E-1	-9.850000E-12	9.850000E-12	-2.508276E-13	2.508276E-13
-4.300000E-1	-1.054000E-11	1.054000E-11	-2.683983E-13	2.683983E-13
-4.200000E-1	-8.570000E-12	8.570000E-12	-2.182327E-13	2.182327E-13
-4.100000E-1	-8.540000E-12	8.540000E-12	-2.174688E-13	2.174688E-13
-4.000000E-1	-9.200000E-12	9.200000E-12	-2.342755E-13	2.342755E-13
-3.900000E-1	-5.390000E-12	5.390000E-12	-1.372549E-13	1.372549E-13
-3.800000E-1	-4.320000E-12	4.320000E-12	-1.100076E-13	1.100076E-13
-3.700000E-1	-3.590000E-12	3.590000E-12	-9.141838E-14	9.141838E-14
-3.600000E-1	-7.210000E-12	7.210000E-12	-1.836007E-13	1.836007E-13
-3.500000E-1	-4.730000E-12	4.730000E-12	-1.204482E-13	1.204482E-13
-3.400000E-1	-4.750000E-12	4.750000E-12	-1.209575E-13	1.209575E-13
-3.300000E-1	-6.760000E-12	6.760000E-12	-1.721416E-13	1.721416E-13
-3.200000E-1	-4.620000E-12	4.620000E-12	-1.176471E-13	1.176471E-13
-3.100000E-1	-6.480000E-12	6.480000E-12	-1.650115E-13	1.650115E-13
-3.000000E-1	-6.050000E-12	6.050000E-12	-1.540616E-13	1.540616E-13
-2.900000E-1	-5.290000E-12	5.290000E-12	-1.347084E-13	1.347084E-13
-2.800000E-1	-4.560000E-12	4.560000E-12	-1.161192E-13	1.161192E-13
-2.700000E-1	-4.710000E-12	4.710000E-12	-1.199389E-13	1.199389E-13
-2.600000E-1	-4.900000E-12	4.900000E-12	-1.247772E-13	1.247772E-13
-2.500000E-1	-4.670000E-12	4.670000E-12	-1.189203E-13	1.189203E-13
-2.400000E-1	-1.750000E-12	1.750000E-12	-4.456328E-14	4.456328E-14
-2.300000E-1	-2.170000E-12	2.170000E-12	-5.525847E-14	5.525847E-14
-2.200000E-1	-3.020000E-12	3.020000E-12	-7.690349E-14	7.690349E-14
-2.100000E-1	-3.540000E-12	3.540000E-12	-9.014515E-14	9.014515E-14
-2.000000E-1	-2.730000E-12	2.730000E-12	-6.951872E-14	6.951872E-14
-1.900000E-1	-3.420000E-12	3.420000E-12	-8.708938E-14	8.708938E-14
-1.800000E-1	-2.510000E-12	2.510000E-12	-6.391647E-14	6.391647E-14
-1.700000E-1	-2.690000E-12	2.690000E-12	-6.850013E-14	6.850013E-14
-1.600000E-1	-2.010000E-12	2.010000E-12	-5.118411E-14	5.118411E-14
-1.500000E-1	-2.270000E-12	2.270000E-12	-5.780494E-14	5.780494E-14
-1.400000E-1	-1.850000E-12	1.850000E-12	-4.710975E-14	4.710975E-14
-1.300000E-1	-1.750000E-12	1.750000E-12	-4.456328E-14	4.456328E-14
-1.200000E-1	-1.420000E-12	1.420000E-12	-3.615992E-14	3.615992E-14
-1.100000E-1	-1.100000E-12	1.100000E-12	-2.801120E-14	2.801120E-14
-1.000000E-1	-2.220000E-12	2.220000E-12	-5.653170E-14	5.653170E-14
-9.000000E-2	-1.660000E-12	1.660000E-12	-4.227145E-14	4.227145E-14
-8.000000E-2	-4.800000E-13	4.800000E-13	-1.222307E-14	1.222307E-14
-7.000000E-2	-1.650000E-12	1.650000E-12	-4.201681E-14	4.201681E-14
-6.000000E-2	-1.340000E-12	1.340000E-12	-3.412274E-14	3.412274E-14
-5.000000E-2	1.700000E-13	1.700000E-13	4.329004E-15	4.329004E-15
-4.000000E-2	-1.110000E-12	1.110000E-12	-2.826585E-14	2.826585E-14
-3.000000E-2	-4.600000E-13	4.600000E-13	-1.171378E-14	1.171378E-14
-2.000000E-2	-9.200000E-13	9.200000E-13	-2.342755E-14	2.342755E-14
-1.000000E-2	1.500000E-13	1.500000E-13	3.819710E-15	3.819710E-15
0.000000E+0	-5.500000E-13	5.500000E-13	-1.400560E-14	1.400560E-14
1.000000E-2	-1.800000E-13	1.800000E-13	-4.583652E-15	4.583652E-15
2.000000E-2	-1.000000E-13	1.000000E-13	-2.546473E-15	2.546473E-15
3.000000E-2	4.500000E-13	4.500000E-13	1.145913E-14	1.145913E-14
4.000000E-2	2.000000E-14	2.000000E-14	5.092946E-16	5.092946E-16
5.000000E-2	5.300000E-13	5.300000E-13	1.349631E-14	1.349631E-14
6.000000E-2	7.000000E-13	7.000000E-13	1.782531E-14	1.782531E-14
7.000000E-2	6.700000E-13	6.700000E-13	1.706137E-14	1.706137E-14
8.000000E-2	1.160000E-12	1.160000E-12	2.953909E-14	2.953909E-14
9.000000E-2	1.160000E-12	1.160000E-12	2.953909E-14	2.953909E-14
1.000000E-1	1.060000E-12	1.060000E-12	2.699261E-14	2.699261E-14
1.100000E-1	1.660000E-12	1.660000E-12	4.227145E-14	4.227145E-14
1.200000E-1	1.620000E-12	1.620000E-12	4.125286E-14	4.125286E-14
1.300000E-1	1.340000E-12	1.340000E-12	3.412274E-14	3.412274E-14
1.400000E-1	1.830000E-12	1.830000E-12	4.660046E-14	4.660046E-14
1.500000E-1	1.530000E-12	1.530000E-12	3.896104E-14	3.896104E-14
1.600000E-1	2.050000E-12	2.050000E-12	5.220270E-14	5.220270E-14
1.700000E-1	2.030000E-12	2.030000E-12	5.169340E-14	5.169340E-14
1.800000E-1	2.030000E-12	2.030000E-12	5.169340E-14	5.169340E-14
1.900000E-1	2.390000E-12	2.390000E-12	6.086071E-14	6.086071E-14
2.000000E-1	2.470000E-12	2.470000E-12	6.289789E-14	6.289789E-14
2.100000E-1	2.860000E-12	2.860000E-12	7.282913E-14	7.282913E-14
2.200000E-1	3.620000E-12	3.620000E-12	9.218233E-14	9.218233E-14
2.300000E-1	2.840000E-12	2.840000E-12	7.231984E-14	7.231984E-14
2.400000E-1	2.990000E-12	2.990000E-12	7.613955E-14	7.613955E-14
2.500000E-1	3.890000E-12	3.890000E-12	9.905780E-14	9.905780E-14
2.600000E-1	3.400000E-12	3.400000E-12	8.658009E-14	8.658009E-14
2.700000E-1	3.610000E-12	3.610000E-12	9.192768E-14	9.192768E-14
2.800000E-1	3.400000E-12	3.400000E-12	8.658009E-14	8.658009E-14
2.900000E-1	3.930000E-12	3.930000E-12	1.000764E-13	1.000764E-13
3.000000E-1	3.430000E-12	3.430000E-12	8.734403E-14	8.734403E-14
3.100000E-1	3.840000E-12	3.840000E-12	9.778457E-14	9.778457E-14
3.200000E-1	3.950000E-12	3.950000E-12	1.005857E-13	1.005857E-13
3.300000E-1	4.320000E-12	4.320000E-12	1.100076E-13	1.100076E-13
3.400000E-1	4.030000E-12	4.030000E-12	1.026229E-13	1.026229E-13
3.500000E-1	5.060000E-12	5.060000E-12	1.288515E-13	1.288515E-13
3.600000E-1	5.120000E-12	5.120000E-12	1.303794E-13	1.303794E-13
3.700000E-1	6.150000E-12	6.150000E-12	1.566081E-13	1.566081E-13
3.800000E-1	5.730000E-12	5.730000E-12	1.459129E-13	1.459129E-13
3.900000E-1	5.820000E-12	5.820000E-12	1.482047E-13	1.482047E-13
4.000000E-1	5.440000E-12	5.440000E-12	1.385281E-13	1.385281E-13
4.100000E-1	5.490000E-12	5.490000E-12	1.398014E-13	1.398014E-13
4.200000E-1	5.940000E-12	5.940000E-12	1.512605E-13	1.512605E-13
4.300000E-1	6.540000E-12	6.540000E-12	1.665393E-13	1.665393E-13
4.400000E-1	6.380000E-12	6.380000E-12	1.624650E-13	1.624650E-13
4.500000E-1	6.230000E-12	6.230000E-12	1.586453E-13	1.586453E-13
4.600000E-1	6.870000E-12	6.870000E-12	1.749427E-13	1.749427E-13
4.700000E-1	7.080000E-12	7.080000E-12	1.802903E-13	1.802903E-13
4.800000E-1	7.270000E-12	7.270000E-12	1.851286E-13	1.851286E-13
4.900000E-1	7.160000E-12	7.160000E-12	1.823275E-13	1.823275E-13
5.000000E-1	6.980000E-12	6.980000E-12	1.777438E-13	1.777438E-13
