

10:29:56	16/03/21


Ell Cont: 5,0x10,0

SMU1	V name:		V1
	I name:		I1
	Mode:		V
	Function:	VAR1
SMU2	V name:		V2
	I name:		I2
	Mode:		common
	Function:	const.
SMU3	off
SMU4	off
VMUs	off

Primary Source (VAR1):	single
	Sweep Spacing:	linear
	Start:		-0.500000
	Stop:		0.500000
	Step:		0.010000
	Compliance:	0.050000
Power Compliance OFF

Timing:		Integration Time:	medium
	Delay Time (sec):	0.000000
	Hold Time (sec):	0.000000
	Wait Time (sec):	1.000000

Secondary Source (VAR2):	OFF


   V1	   I1	Abs(I)	J (A\µm²)	Abs(J)
-5.000000E-1	-2.854460E-8	2.854460E-8	-7.268806E-10	7.268806E-10
-4.900000E-1	-2.498450E-8	2.498450E-8	-6.362236E-10	6.362236E-10
-4.800000E-1	-2.296920E-8	2.296920E-8	-5.849045E-10	5.849045E-10
-4.700000E-1	-2.158830E-8	2.158830E-8	-5.497403E-10	5.497403E-10
-4.600000E-1	-2.051720E-8	2.051720E-8	-5.224650E-10	5.224650E-10
-4.500000E-1	-1.954990E-8	1.954990E-8	-4.978329E-10	4.978329E-10
-4.400000E-1	-1.879910E-8	1.879910E-8	-4.787140E-10	4.787140E-10
-4.300000E-1	-1.814430E-8	1.814430E-8	-4.620397E-10	4.620397E-10
-4.200000E-1	-1.746680E-8	1.746680E-8	-4.447874E-10	4.447874E-10
-4.100000E-1	-1.694260E-8	1.694260E-8	-4.314388E-10	4.314388E-10
-4.000000E-1	-1.633850E-8	1.633850E-8	-4.160555E-10	4.160555E-10
-3.900000E-1	-1.577390E-8	1.577390E-8	-4.016781E-10	4.016781E-10
-3.800000E-1	-1.515190E-8	1.515190E-8	-3.858391E-10	3.858391E-10
-3.700000E-1	-1.465200E-8	1.465200E-8	-3.731092E-10	3.731092E-10
-3.600000E-1	-1.417090E-8	1.417090E-8	-3.608582E-10	3.608582E-10
-3.500000E-1	-1.365500E-8	1.365500E-8	-3.477209E-10	3.477209E-10
-3.400000E-1	-1.308730E-8	1.308730E-8	-3.332646E-10	3.332646E-10
-3.300000E-1	-1.258980E-8	1.258980E-8	-3.205959E-10	3.205959E-10
-3.200000E-1	-1.210680E-8	1.210680E-8	-3.082964E-10	3.082964E-10
-3.100000E-1	-1.165580E-8	1.165580E-8	-2.968118E-10	2.968118E-10
-3.000000E-1	-1.109490E-8	1.109490E-8	-2.825286E-10	2.825286E-10
-2.900000E-1	-1.075910E-8	1.075910E-8	-2.739776E-10	2.739776E-10
-2.800000E-1	-1.028600E-8	1.028600E-8	-2.619302E-10	2.619302E-10
-2.700000E-1	-1.009720E-8	1.009720E-8	-2.571225E-10	2.571225E-10
-2.600000E-1	-9.729700E-9	9.729700E-9	-2.477642E-10	2.477642E-10
-2.500000E-1	-9.554100E-9	9.554100E-9	-2.432926E-10	2.432926E-10
-2.400000E-1	-8.986580E-9	8.986580E-9	-2.288408E-10	2.288408E-10
-2.300000E-1	-8.521030E-9	8.521030E-9	-2.169857E-10	2.169857E-10
-2.200000E-1	-8.058610E-9	8.058610E-9	-2.052103E-10	2.052103E-10
-2.100000E-1	-7.661820E-9	7.661820E-9	-1.951062E-10	1.951062E-10
-2.000000E-1	-7.213990E-9	7.213990E-9	-1.837023E-10	1.837023E-10
-1.900000E-1	-6.758960E-9	6.758960E-9	-1.721151E-10	1.721151E-10
-1.800000E-1	-6.342240E-9	6.342240E-9	-1.615034E-10	1.615034E-10
-1.700000E-1	-5.923830E-9	5.923830E-9	-1.508487E-10	1.508487E-10
-1.600000E-1	-5.508080E-9	5.508080E-9	-1.402618E-10	1.402618E-10
-1.500000E-1	-5.096130E-9	5.096130E-9	-1.297716E-10	1.297716E-10
-1.400000E-1	-4.681190E-9	4.681190E-9	-1.192052E-10	1.192052E-10
-1.300000E-1	-4.271220E-9	4.271220E-9	-1.087655E-10	1.087655E-10
-1.200000E-1	-3.896700E-9	3.896700E-9	-9.922842E-11	9.922842E-11
-1.100000E-1	-3.484890E-9	3.484890E-9	-8.874179E-11	8.874179E-11
-1.000000E-1	-3.094590E-9	3.094590E-9	-7.880290E-11	7.880290E-11
-9.000000E-2	-2.704530E-9	2.704530E-9	-6.887013E-11	6.887013E-11
-8.000000E-2	-2.329720E-9	2.329720E-9	-5.932569E-11	5.932569E-11
-7.000000E-2	-1.931710E-9	1.931710E-9	-4.919048E-11	4.919048E-11
-6.000000E-2	-1.546480E-9	1.546480E-9	-3.938070E-11	3.938070E-11
-5.000000E-2	-1.192780E-9	1.192780E-9	-3.037382E-11	3.037382E-11
-4.000000E-2	-9.315200E-10	9.315200E-10	-2.372091E-11	2.372091E-11
-3.000000E-2	-7.886400E-10	7.886400E-10	-2.008251E-11	2.008251E-11
-2.000000E-2	-5.823500E-10	5.823500E-10	-1.482939E-11	1.482939E-11
-1.000000E-2	-2.350200E-10	2.350200E-10	-5.984721E-12	5.984721E-12
0.000000E+0	1.412200E-10	1.412200E-10	3.596129E-12	3.596129E-12
1.000000E-2	5.256300E-10	5.256300E-10	1.338503E-11	1.338503E-11
2.000000E-2	9.798900E-10	9.798900E-10	2.495264E-11	2.495264E-11
3.000000E-2	1.672530E-9	1.672530E-9	4.259053E-11	4.259053E-11
4.000000E-2	2.169410E-9	2.169410E-9	5.524344E-11	5.524344E-11
5.000000E-2	2.614920E-9	2.614920E-9	6.658823E-11	6.658823E-11
6.000000E-2	3.045860E-9	3.045860E-9	7.756201E-11	7.756201E-11
7.000000E-2	3.473710E-9	3.473710E-9	8.845709E-11	8.845709E-11
8.000000E-2	3.894490E-9	3.894490E-9	9.917214E-11	9.917214E-11
9.000000E-2	4.335350E-9	4.335350E-9	1.103985E-10	1.103985E-10
1.000000E-1	4.776710E-9	4.776710E-9	1.216376E-10	1.216376E-10
1.100000E-1	5.229970E-9	5.229970E-9	1.331798E-10	1.331798E-10
1.200000E-1	5.653910E-9	5.653910E-9	1.439753E-10	1.439753E-10
1.300000E-1	6.115160E-9	6.115160E-9	1.557209E-10	1.557209E-10
1.400000E-1	6.593680E-9	6.593680E-9	1.679063E-10	1.679063E-10
1.500000E-1	7.086260E-9	7.086260E-9	1.804497E-10	1.804497E-10
1.600000E-1	7.532650E-9	7.532650E-9	1.918169E-10	1.918169E-10
1.700000E-1	8.034790E-9	8.034790E-9	2.046038E-10	2.046038E-10
1.800000E-1	8.049430E-9	8.049430E-9	2.049766E-10	2.049766E-10
1.900000E-1	8.513790E-9	8.513790E-9	2.168014E-10	2.168014E-10
2.000000E-1	8.971880E-9	8.971880E-9	2.284665E-10	2.284665E-10
2.100000E-1	9.485060E-9	9.485060E-9	2.415345E-10	2.415345E-10
2.200000E-1	1.005610E-8	1.005610E-8	2.560759E-10	2.560759E-10
2.300000E-1	1.126770E-8	1.126770E-8	2.869290E-10	2.869290E-10
2.400000E-1	1.200210E-8	1.200210E-8	3.056302E-10	3.056302E-10
2.500000E-1	1.266660E-8	1.266660E-8	3.225516E-10	3.225516E-10
2.600000E-1	1.330670E-8	1.330670E-8	3.388515E-10	3.388515E-10
2.700000E-1	1.386450E-8	1.386450E-8	3.530558E-10	3.530558E-10
2.800000E-1	1.449440E-8	1.449440E-8	3.690960E-10	3.690960E-10
2.900000E-1	1.510960E-8	1.510960E-8	3.847619E-10	3.847619E-10
3.000000E-1	1.574210E-8	1.574210E-8	4.008683E-10	4.008683E-10
3.100000E-1	1.634880E-8	1.634880E-8	4.163178E-10	4.163178E-10
3.200000E-1	1.699230E-8	1.699230E-8	4.327043E-10	4.327043E-10
3.300000E-1	1.760120E-8	1.760120E-8	4.482098E-10	4.482098E-10
3.400000E-1	1.821000E-8	1.821000E-8	4.637128E-10	4.637128E-10
3.500000E-1	1.891500E-8	1.891500E-8	4.816654E-10	4.816654E-10
3.600000E-1	1.955200E-8	1.955200E-8	4.978864E-10	4.978864E-10
3.700000E-1	2.027310E-8	2.027310E-8	5.162490E-10	5.162490E-10
3.800000E-1	2.089660E-8	2.089660E-8	5.321263E-10	5.321263E-10
3.900000E-1	2.151190E-8	2.151190E-8	5.477947E-10	5.477947E-10
4.000000E-1	2.214250E-8	2.214250E-8	5.638528E-10	5.638528E-10
4.100000E-1	2.288430E-8	2.288430E-8	5.827425E-10	5.827425E-10
4.200000E-1	2.354210E-8	2.354210E-8	5.994932E-10	5.994932E-10
4.300000E-1	2.420360E-8	2.420360E-8	6.163382E-10	6.163382E-10
4.400000E-1	2.501680E-8	2.501680E-8	6.370461E-10	6.370461E-10
4.500000E-1	2.567060E-8	2.567060E-8	6.536949E-10	6.536949E-10
4.600000E-1	2.641000E-8	2.641000E-8	6.725235E-10	6.725235E-10
4.700000E-1	2.712120E-8	2.712120E-8	6.906341E-10	6.906341E-10
4.800000E-1	2.795690E-8	2.795690E-8	7.119149E-10	7.119149E-10
4.900000E-1	2.869670E-8	2.869670E-8	7.307537E-10	7.307537E-10
5.000000E-1	2.947810E-8	2.947810E-8	7.506519E-10	7.506519E-10
