

15:03:16	26/02/21


Ell Cont: 5,0x10,0

SMU1	V name:		V1
	I name:		I1
	Mode:		V
	Function:	VAR1
SMU2	V name:		V2
	I name:		I2
	Mode:		common
	Function:	const.
SMU3	off
SMU4	off
VMUs	off

Primary Source (VAR1):	single
	Sweep Spacing:	linear
	Start:		-0.500000
	Stop:		0.500000
	Step:		0.010000
	Compliance:	0.050000
Power Compliance OFF

Timing:		Integration Time:	medium
	Delay Time (sec):	0.000000
	Hold Time (sec):	0.000000
	Wait Time (sec):	1.000000

Secondary Source (VAR2):	OFF


   V1	   I1	Abs(I)	J (A\um²)	Abs(J)
-5.000000E-1	-1.520300E-6	1.520300E-6	-3.871403E-8	3.871403E-8
-4.900000E-1	-1.463090E-6	1.463090E-6	-3.725719E-8	3.725719E-8
-4.800000E-1	-1.407360E-6	1.407360E-6	-3.583804E-8	3.583804E-8
-4.700000E-1	-1.354220E-6	1.354220E-6	-3.448485E-8	3.448485E-8
-4.600000E-1	-1.303710E-6	1.303710E-6	-3.319862E-8	3.319862E-8
-4.500000E-1	-1.253770E-6	1.253770E-6	-3.192692E-8	3.192692E-8
-4.400000E-1	-1.204030E-6	1.204030E-6	-3.066030E-8	3.066030E-8
-4.300000E-1	-1.157510E-6	1.157510E-6	-2.947568E-8	2.947568E-8
-4.200000E-1	-1.112610E-6	1.112610E-6	-2.833231E-8	2.833231E-8
-4.100000E-1	-1.065650E-6	1.065650E-6	-2.713649E-8	2.713649E-8
-4.000000E-1	-1.022970E-6	1.022970E-6	-2.604966E-8	2.604966E-8
-3.900000E-1	-9.807060E-7	9.807060E-7	-2.497341E-8	2.497341E-8
-3.800000E-1	-9.354850E-7	9.354850E-7	-2.382187E-8	2.382187E-8
-3.700000E-1	-8.930050E-7	8.930050E-7	-2.274013E-8	2.274013E-8
-3.600000E-1	-8.528210E-7	8.528210E-7	-2.171686E-8	2.171686E-8
-3.500000E-1	-8.139980E-7	8.139980E-7	-2.072824E-8	2.072824E-8
-3.400000E-1	-7.776390E-7	7.776390E-7	-1.980237E-8	1.980237E-8
-3.300000E-1	-7.403460E-7	7.403460E-7	-1.885271E-8	1.885271E-8
-3.200000E-1	-7.049150E-7	7.049150E-7	-1.795047E-8	1.795047E-8
-3.100000E-1	-6.687040E-7	6.687040E-7	-1.702837E-8	1.702837E-8
-3.000000E-1	-6.337770E-7	6.337770E-7	-1.613896E-8	1.613896E-8
-2.900000E-1	-5.998940E-7	5.998940E-7	-1.527614E-8	1.527614E-8
-2.800000E-1	-5.681160E-7	5.681160E-7	-1.446692E-8	1.446692E-8
-2.700000E-1	-5.356020E-7	5.356020E-7	-1.363896E-8	1.363896E-8
-2.600000E-1	-5.043090E-7	5.043090E-7	-1.284209E-8	1.284209E-8
-2.500000E-1	-4.748370E-7	4.748370E-7	-1.209160E-8	1.209160E-8
-2.400000E-1	-4.451920E-7	4.451920E-7	-1.133669E-8	1.133669E-8
-2.300000E-1	-4.174740E-7	4.174740E-7	-1.063086E-8	1.063086E-8
-2.200000E-1	-3.901070E-7	3.901070E-7	-9.933970E-9	9.933970E-9
-2.100000E-1	-3.635730E-7	3.635730E-7	-9.258289E-9	9.258289E-9
-2.000000E-1	-3.378290E-7	3.378290E-7	-8.602725E-9	8.602725E-9
-1.900000E-1	-3.135550E-7	3.135550E-7	-7.984594E-9	7.984594E-9
-1.800000E-1	-2.897180E-7	2.897180E-7	-7.377591E-9	7.377591E-9
-1.700000E-1	-2.678040E-7	2.678040E-7	-6.819557E-9	6.819557E-9
-1.600000E-1	-2.457450E-7	2.457450E-7	-6.257830E-9	6.257830E-9
-1.500000E-1	-2.251780E-7	2.251780E-7	-5.734097E-9	5.734097E-9
-1.400000E-1	-2.052000E-7	2.052000E-7	-5.225363E-9	5.225363E-9
-1.300000E-1	-1.860070E-7	1.860070E-7	-4.736618E-9	4.736618E-9
-1.200000E-1	-1.676830E-7	1.676830E-7	-4.270002E-9	4.270002E-9
-1.100000E-1	-1.499020E-7	1.499020E-7	-3.817214E-9	3.817214E-9
-1.000000E-1	-1.336380E-7	1.336380E-7	-3.403056E-9	3.403056E-9
-9.000000E-2	-1.176830E-7	1.176830E-7	-2.996766E-9	2.996766E-9
-8.000000E-2	-1.030618E-7	1.030618E-7	-2.624441E-9	2.624441E-9
-7.000000E-2	-8.769420E-8	8.769420E-8	-2.233109E-9	2.233109E-9
-6.000000E-2	-7.372140E-8	7.372140E-8	-1.877296E-9	1.877296E-9
-5.000000E-2	-6.016830E-8	6.016830E-8	-1.532170E-9	1.532170E-9
-4.000000E-2	-4.713320E-8	4.713320E-8	-1.200234E-9	1.200234E-9
-3.000000E-2	-3.444310E-8	3.444310E-8	-8.770843E-10	8.770843E-10
-2.000000E-2	-2.203560E-8	2.203560E-8	-5.611306E-10	5.611306E-10
-1.000000E-2	-1.078540E-8	1.078540E-8	-2.746473E-10	2.746473E-10
0.000000E+0	7.331900E-10	7.331900E-10	1.867049E-11	1.867049E-11
1.000000E-2	1.247760E-8	1.247760E-8	3.177387E-10	3.177387E-10
2.000000E-2	2.608900E-8	2.608900E-8	6.643494E-10	6.643494E-10
3.000000E-2	3.849930E-8	3.849930E-8	9.803743E-10	9.803743E-10
4.000000E-2	5.124180E-8	5.124180E-8	1.304859E-9	1.304859E-9
5.000000E-2	6.262970E-8	6.262970E-8	1.594848E-9	1.594848E-9
6.000000E-2	7.600290E-8	7.600290E-8	1.935393E-9	1.935393E-9
7.000000E-2	8.999860E-8	8.999860E-8	2.291790E-9	2.291790E-9
8.000000E-2	1.046580E-7	1.046580E-7	2.665088E-9	2.665088E-9
9.000000E-2	1.213790E-7	1.213790E-7	3.090884E-9	3.090884E-9
1.000000E-1	1.373430E-7	1.373430E-7	3.497403E-9	3.497403E-9
1.100000E-1	1.542290E-7	1.542290E-7	3.927400E-9	3.927400E-9
1.200000E-1	1.715610E-7	1.715610E-7	4.368755E-9	4.368755E-9
1.300000E-1	1.898920E-7	1.898920E-7	4.835549E-9	4.835549E-9
1.400000E-1	2.084790E-7	2.084790E-7	5.308862E-9	5.308862E-9
1.500000E-1	2.288280E-7	2.288280E-7	5.827043E-9	5.827043E-9
1.600000E-1	2.494270E-7	2.494270E-7	6.351591E-9	6.351591E-9
1.700000E-1	2.711500E-7	2.711500E-7	6.904762E-9	6.904762E-9
1.800000E-1	2.935060E-7	2.935060E-7	7.474051E-9	7.474051E-9
1.900000E-1	3.163710E-7	3.163710E-7	8.056302E-9	8.056302E-9
2.000000E-1	3.411460E-7	3.411460E-7	8.687191E-9	8.687191E-9
2.100000E-1	3.658090E-7	3.658090E-7	9.315228E-9	9.315228E-9
2.200000E-1	3.922790E-7	3.922790E-7	9.989279E-9	9.989279E-9
2.300000E-1	4.185100E-7	4.185100E-7	1.065724E-8	1.065724E-8
2.400000E-1	4.468060E-7	4.468060E-7	1.137779E-8	1.137779E-8
2.500000E-1	4.743140E-7	4.743140E-7	1.207828E-8	1.207828E-8
2.600000E-1	5.046710E-7	5.046710E-7	1.285131E-8	1.285131E-8
2.700000E-1	5.350870E-7	5.350870E-7	1.362585E-8	1.362585E-8
2.800000E-1	5.668860E-7	5.668860E-7	1.443560E-8	1.443560E-8
2.900000E-1	5.997950E-7	5.997950E-7	1.527362E-8	1.527362E-8
3.000000E-1	6.337680E-7	6.337680E-7	1.613873E-8	1.613873E-8
3.100000E-1	6.681360E-7	6.681360E-7	1.701390E-8	1.701390E-8
3.200000E-1	7.039860E-7	7.039860E-7	1.792681E-8	1.792681E-8
3.300000E-1	7.393410E-7	7.393410E-7	1.882712E-8	1.882712E-8
3.400000E-1	7.756960E-7	7.756960E-7	1.975289E-8	1.975289E-8
3.500000E-1	8.145140E-7	8.145140E-7	2.074138E-8	2.074138E-8
3.600000E-1	8.533930E-7	8.533930E-7	2.173142E-8	2.173142E-8
3.700000E-1	8.923660E-7	8.923660E-7	2.272386E-8	2.272386E-8
3.800000E-1	9.323490E-7	9.323490E-7	2.374202E-8	2.374202E-8
3.900000E-1	9.740700E-7	9.740700E-7	2.480443E-8	2.480443E-8
4.000000E-1	1.016030E-6	1.016030E-6	2.587293E-8	2.587293E-8
4.100000E-1	1.059254E-6	1.059254E-6	2.697362E-8	2.697362E-8
4.200000E-1	1.103560E-6	1.103560E-6	2.810186E-8	2.810186E-8
4.300000E-1	1.150080E-6	1.150080E-6	2.928648E-8	2.928648E-8
4.400000E-1	1.197710E-6	1.197710E-6	3.049936E-8	3.049936E-8
4.500000E-1	1.244880E-6	1.244880E-6	3.170053E-8	3.170053E-8
4.600000E-1	1.293720E-6	1.293720E-6	3.294423E-8	3.294423E-8
4.700000E-1	1.343820E-6	1.343820E-6	3.422001E-8	3.422001E-8
4.800000E-1	1.395570E-6	1.395570E-6	3.553781E-8	3.553781E-8
4.900000E-1	1.445900E-6	1.445900E-6	3.681945E-8	3.681945E-8
5.000000E-1	1.497950E-6	1.497950E-6	3.814489E-8	3.814489E-8
