

15:09:58	26/02/21


Ell Cont: 5,0x10,0

SMU1	V name:		V1
	I name:		I1
	Mode:		V
	Function:	VAR1
SMU2	V name:		V2
	I name:		I2
	Mode:		common
	Function:	const.
SMU3	off
SMU4	off
VMUs	off

Primary Source (VAR1):	single
	Sweep Spacing:	linear
	Start:		-0.500000
	Stop:		0.500000
	Step:		0.010000
	Compliance:	0.050000
Power Compliance OFF

Timing:		Integration Time:	medium
	Delay Time (sec):	0.000000
	Hold Time (sec):	0.000000
	Wait Time (sec):	1.000000

Secondary Source (VAR2):	OFF


   V1	   I1	Abs(I)	J (A\um²)	Abs(J)
-5.000000E-1	-2.564860E-6	2.564860E-6	-6.531347E-8	6.531347E-8
-4.900000E-1	-2.463150E-6	2.463150E-6	-6.272345E-8	6.272345E-8
-4.800000E-1	-2.379130E-6	2.379130E-6	-6.058391E-8	6.058391E-8
-4.700000E-1	-2.292620E-6	2.292620E-6	-5.838095E-8	5.838095E-8
-4.600000E-1	-2.211070E-6	2.211070E-6	-5.630430E-8	5.630430E-8
-4.500000E-1	-2.141720E-6	2.141720E-6	-5.453832E-8	5.453832E-8
-4.400000E-1	-2.047450E-6	2.047450E-6	-5.213776E-8	5.213776E-8
-4.300000E-1	-1.972450E-6	1.972450E-6	-5.022791E-8	5.022791E-8
-4.200000E-1	-1.900150E-6	1.900150E-6	-4.838681E-8	4.838681E-8
-4.100000E-1	-1.829450E-6	1.829450E-6	-4.658645E-8	4.658645E-8
-4.000000E-1	-1.752910E-6	1.752910E-6	-4.463738E-8	4.463738E-8
-3.900000E-1	-1.678740E-6	1.678740E-6	-4.274866E-8	4.274866E-8
-3.800000E-1	-1.607270E-6	1.607270E-6	-4.092870E-8	4.092870E-8
-3.700000E-1	-1.540820E-6	1.540820E-6	-3.923657E-8	3.923657E-8
-3.600000E-1	-1.476320E-6	1.476320E-6	-3.759409E-8	3.759409E-8
-3.500000E-1	-1.412000E-6	1.412000E-6	-3.595620E-8	3.595620E-8
-3.400000E-1	-1.356600E-6	1.356600E-6	-3.454545E-8	3.454545E-8
-3.300000E-1	-1.294220E-6	1.294220E-6	-3.295696E-8	3.295696E-8
-3.200000E-1	-1.233280E-6	1.233280E-6	-3.140514E-8	3.140514E-8
-3.100000E-1	-1.176330E-6	1.176330E-6	-2.995493E-8	2.995493E-8
-3.000000E-1	-1.116970E-6	1.116970E-6	-2.844334E-8	2.844334E-8
-2.900000E-1	-1.059780E-6	1.059780E-6	-2.698701E-8	2.698701E-8
-2.800000E-1	-1.005040E-6	1.005040E-6	-2.559307E-8	2.559307E-8
-2.700000E-1	-9.517850E-7	9.517850E-7	-2.423695E-8	2.423695E-8
-2.600000E-1	-8.993780E-7	8.993780E-7	-2.290242E-8	2.290242E-8
-2.500000E-1	-8.490380E-7	8.490380E-7	-2.162052E-8	2.162052E-8
-2.400000E-1	-7.984550E-7	7.984550E-7	-2.033244E-8	2.033244E-8
-2.300000E-1	-7.514830E-7	7.514830E-7	-1.913631E-8	1.913631E-8
-2.200000E-1	-7.039190E-7	7.039190E-7	-1.792511E-8	1.792511E-8
-2.100000E-1	-6.594530E-7	6.594530E-7	-1.679279E-8	1.679279E-8
-2.000000E-1	-6.156060E-7	6.156060E-7	-1.567624E-8	1.567624E-8
-1.900000E-1	-5.736120E-7	5.736120E-7	-1.460688E-8	1.460688E-8
-1.800000E-1	-5.320170E-7	5.320170E-7	-1.354767E-8	1.354767E-8
-1.700000E-1	-4.927160E-7	4.927160E-7	-1.254688E-8	1.254688E-8
-1.600000E-1	-4.546240E-7	4.546240E-7	-1.157688E-8	1.157688E-8
-1.500000E-1	-4.172200E-7	4.172200E-7	-1.062440E-8	1.062440E-8
-1.400000E-1	-3.818400E-7	3.818400E-7	-9.723453E-9	9.723453E-9
-1.300000E-1	-3.476370E-7	3.476370E-7	-8.852483E-9	8.852483E-9
-1.200000E-1	-3.144060E-7	3.144060E-7	-8.006264E-9	8.006264E-9
-1.100000E-1	-2.842380E-7	2.842380E-7	-7.238044E-9	7.238044E-9
-1.000000E-1	-2.517450E-7	2.517450E-7	-6.410619E-9	6.410619E-9
-9.000000E-2	-2.224580E-7	2.224580E-7	-5.664833E-9	5.664833E-9
-8.000000E-2	-1.944110E-7	1.944110E-7	-4.950624E-9	4.950624E-9
-7.000000E-2	-1.670680E-7	1.670680E-7	-4.254342E-9	4.254342E-9
-6.000000E-2	-1.408450E-7	1.408450E-7	-3.586580E-9	3.586580E-9
-5.000000E-2	-1.155930E-7	1.155930E-7	-2.943545E-9	2.943545E-9
-4.000000E-2	-9.177530E-8	9.177530E-8	-2.337033E-9	2.337033E-9
-3.000000E-2	-6.731440E-8	6.731440E-8	-1.714143E-9	1.714143E-9
-2.000000E-2	-4.388780E-8	4.388780E-8	-1.117591E-9	1.117591E-9
-1.000000E-2	-2.088360E-8	2.088360E-8	-5.317953E-10	5.317953E-10
0.000000E+0	8.925100E-10	8.925100E-10	2.272753E-11	2.272753E-11
1.000000E-2	2.351060E-8	2.351060E-8	5.986911E-10	5.986911E-10
2.000000E-2	4.803170E-8	4.803170E-8	1.223114E-9	1.223114E-9
3.000000E-2	7.146200E-8	7.146200E-8	1.819761E-9	1.819761E-9
4.000000E-2	9.581290E-8	9.581290E-8	2.439850E-9	2.439850E-9
5.000000E-2	1.213960E-7	1.213960E-7	3.091316E-9	3.091316E-9
6.000000E-2	1.486000E-7	1.486000E-7	3.784059E-9	3.784059E-9
7.000000E-2	1.753350E-7	1.753350E-7	4.464859E-9	4.464859E-9
8.000000E-2	2.025490E-7	2.025490E-7	5.157856E-9	5.157856E-9
9.000000E-2	2.307360E-7	2.307360E-7	5.875630E-9	5.875630E-9
1.000000E-1	2.612960E-7	2.612960E-7	6.653832E-9	6.653832E-9
1.100000E-1	2.918720E-7	2.918720E-7	7.432442E-9	7.432442E-9
1.200000E-1	3.238370E-7	3.238370E-7	8.246422E-9	8.246422E-9
1.300000E-1	3.572330E-7	3.572330E-7	9.096842E-9	9.096842E-9
1.400000E-1	3.914730E-7	3.914730E-7	9.968755E-9	9.968755E-9
1.500000E-1	4.283290E-7	4.283290E-7	1.090728E-8	1.090728E-8
1.600000E-1	4.655320E-7	4.655320E-7	1.185465E-8	1.185465E-8
1.700000E-1	5.035990E-7	5.035990E-7	1.282401E-8	1.282401E-8
1.800000E-1	5.434970E-7	5.434970E-7	1.384000E-8	1.384000E-8
1.900000E-1	5.844220E-7	5.844220E-7	1.488215E-8	1.488215E-8
2.000000E-1	6.272810E-7	6.272810E-7	1.597354E-8	1.597354E-8
2.100000E-1	6.709360E-7	6.709360E-7	1.708520E-8	1.708520E-8
2.200000E-1	7.173300E-7	7.173300E-7	1.826662E-8	1.826662E-8
2.300000E-1	7.631430E-7	7.631430E-7	1.943323E-8	1.943323E-8
2.400000E-1	8.108390E-7	8.108390E-7	2.064780E-8	2.064780E-8
2.500000E-1	8.606190E-7	8.606190E-7	2.191543E-8	2.191543E-8
2.600000E-1	9.096510E-7	9.096510E-7	2.316402E-8	2.316402E-8
2.700000E-1	9.594100E-7	9.594100E-7	2.443112E-8	2.443112E-8
2.800000E-1	1.013341E-6	1.013341E-6	2.580446E-8	2.580446E-8
2.900000E-1	1.067314E-6	1.067314E-6	2.717886E-8	2.717886E-8
3.000000E-1	1.122110E-6	1.122110E-6	2.857423E-8	2.857423E-8
3.100000E-1	1.178180E-6	1.178180E-6	3.000204E-8	3.000204E-8
3.200000E-1	1.236250E-6	1.236250E-6	3.148077E-8	3.148077E-8
3.300000E-1	1.296450E-6	1.296450E-6	3.301375E-8	3.301375E-8
3.400000E-1	1.359570E-6	1.359570E-6	3.462108E-8	3.462108E-8
3.500000E-1	1.421330E-6	1.421330E-6	3.619379E-8	3.619379E-8
3.600000E-1	1.477530E-6	1.477530E-6	3.762490E-8	3.762490E-8
3.700000E-1	1.550930E-6	1.550930E-6	3.949402E-8	3.949402E-8
3.800000E-1	1.615940E-6	1.615940E-6	4.114948E-8	4.114948E-8
3.900000E-1	1.683720E-6	1.683720E-6	4.287548E-8	4.287548E-8
4.000000E-1	1.757030E-6	1.757030E-6	4.474230E-8	4.474230E-8
4.100000E-1	1.832390E-6	1.832390E-6	4.666132E-8	4.666132E-8
4.200000E-1	1.902240E-6	1.902240E-6	4.844003E-8	4.844003E-8
4.300000E-1	1.979450E-6	1.979450E-6	5.040616E-8	5.040616E-8
4.400000E-1	2.053450E-6	2.053450E-6	5.229055E-8	5.229055E-8
4.500000E-1	2.131490E-6	2.131490E-6	5.427782E-8	5.427782E-8
4.600000E-1	2.219610E-6	2.219610E-6	5.652177E-8	5.652177E-8
4.700000E-1	2.294510E-6	2.294510E-6	5.842908E-8	5.842908E-8
4.800000E-1	2.378900E-6	2.378900E-6	6.057805E-8	6.057805E-8
4.900000E-1	2.451060E-6	2.451060E-6	6.241558E-8	6.241558E-8
5.000000E-1	2.534780E-6	2.534780E-6	6.454749E-8	6.454749E-8
