

15:00:46	26/02/21


Ell Cont: 5,0x10,0

SMU1	V name:		V1
	I name:		I1
	Mode:		V
	Function:	VAR1
SMU2	V name:		V2
	I name:		I2
	Mode:		common
	Function:	const.
SMU3	off
SMU4	off
VMUs	off

Primary Source (VAR1):	single
	Sweep Spacing:	linear
	Start:		-0.500000
	Stop:		0.500000
	Step:		0.010000
	Compliance:	0.050000
Power Compliance OFF

Timing:		Integration Time:	medium
	Delay Time (sec):	0.000000
	Hold Time (sec):	0.000000
	Wait Time (sec):	1.000000

Secondary Source (VAR2):	OFF


   V1	   I1	Abs(I)	J (A\µm²)	Abs(J)
-5.000000E-1	-1.210990E-7	1.210990E-7	-3.083753E-9	3.083753E-9
-4.900000E-1	-1.137620E-7	1.137620E-7	-2.896919E-9	2.896919E-9
-4.800000E-1	-1.084110E-7	1.084110E-7	-2.760657E-9	2.760657E-9
-4.700000E-1	-1.045049E-7	1.045049E-7	-2.661189E-9	2.661189E-9
-4.600000E-1	-9.930170E-8	9.930170E-8	-2.528691E-9	2.528691E-9
-4.500000E-1	-9.528510E-8	9.528510E-8	-2.426409E-9	2.426409E-9
-4.400000E-1	-9.107360E-8	9.107360E-8	-2.319165E-9	2.319165E-9
-4.300000E-1	-8.674940E-8	8.674940E-8	-2.209050E-9	2.209050E-9
-4.200000E-1	-8.375830E-8	8.375830E-8	-2.132883E-9	2.132883E-9
-4.100000E-1	-8.014020E-8	8.014020E-8	-2.040749E-9	2.040749E-9
-4.000000E-1	-7.626060E-8	7.626060E-8	-1.941956E-9	1.941956E-9
-3.900000E-1	-7.297780E-8	7.297780E-8	-1.858360E-9	1.858360E-9
-3.800000E-1	-6.955670E-8	6.955670E-8	-1.771243E-9	1.771243E-9
-3.700000E-1	-6.628730E-8	6.628730E-8	-1.687988E-9	1.687988E-9
-3.600000E-1	-6.330590E-8	6.330590E-8	-1.612068E-9	1.612068E-9
-3.500000E-1	-6.043110E-8	6.043110E-8	-1.538862E-9	1.538862E-9
-3.400000E-1	-5.772640E-8	5.772640E-8	-1.469987E-9	1.469987E-9
-3.300000E-1	-5.462480E-8	5.462480E-8	-1.391006E-9	1.391006E-9
-3.200000E-1	-5.188190E-8	5.188190E-8	-1.321159E-9	1.321159E-9
-3.100000E-1	-4.898000E-8	4.898000E-8	-1.247263E-9	1.247263E-9
-3.000000E-1	-4.635940E-8	4.635940E-8	-1.180530E-9	1.180530E-9
-2.900000E-1	-4.392480E-8	4.392480E-8	-1.118533E-9	1.118533E-9
-2.800000E-1	-4.131370E-8	4.131370E-8	-1.052042E-9	1.052042E-9
-2.700000E-1	-3.907190E-8	3.907190E-8	-9.949554E-10	9.949554E-10
-2.600000E-1	-3.664100E-8	3.664100E-8	-9.330532E-10	9.330532E-10
-2.500000E-1	-3.449670E-8	3.449670E-8	-8.784492E-10	8.784492E-10
-2.400000E-1	-3.230100E-8	3.230100E-8	-8.225363E-10	8.225363E-10
-2.300000E-1	-3.017230E-8	3.017230E-8	-7.683295E-10	7.683295E-10
-2.200000E-1	-2.814520E-8	2.814520E-8	-7.167099E-10	7.167099E-10
-2.100000E-1	-2.614050E-8	2.614050E-8	-6.656608E-10	6.656608E-10
-2.000000E-1	-2.422650E-8	2.422650E-8	-6.169213E-10	6.169213E-10
-1.900000E-1	-2.244320E-8	2.244320E-8	-5.715101E-10	5.715101E-10
-1.800000E-1	-2.063710E-8	2.063710E-8	-5.255182E-10	5.255182E-10
-1.700000E-1	-1.885110E-8	1.885110E-8	-4.800382E-10	4.800382E-10
-1.600000E-1	-1.734960E-8	1.734960E-8	-4.418029E-10	4.418029E-10
-1.500000E-1	-1.570630E-8	1.570630E-8	-3.999567E-10	3.999567E-10
-1.400000E-1	-1.416860E-8	1.416860E-8	-3.607996E-10	3.607996E-10
-1.300000E-1	-1.294470E-8	1.294470E-8	-3.296333E-10	3.296333E-10
-1.200000E-1	-1.163050E-8	1.163050E-8	-2.961676E-10	2.961676E-10
-1.100000E-1	-1.062490E-8	1.062490E-8	-2.705602E-10	2.705602E-10
-1.000000E-1	-9.892780E-9	9.892780E-9	-2.519170E-10	2.519170E-10
-9.000000E-2	-8.612870E-9	8.612870E-9	-2.193244E-10	2.193244E-10
-8.000000E-2	-7.374980E-9	7.374980E-9	-1.878019E-10	1.878019E-10
-7.000000E-2	-6.249360E-9	6.249360E-9	-1.591383E-10	1.591383E-10
-6.000000E-2	-5.181770E-9	5.181770E-9	-1.319524E-10	1.319524E-10
-5.000000E-2	-4.137810E-9	4.137810E-9	-1.053682E-10	1.053682E-10
-4.000000E-2	-3.150360E-9	3.150360E-9	-8.022307E-11	8.022307E-11
-3.000000E-2	-2.148020E-9	2.148020E-9	-5.469875E-11	5.469875E-11
-2.000000E-2	-1.565830E-9	1.565830E-9	-3.987344E-11	3.987344E-11
-1.000000E-2	-7.122100E-10	7.122100E-10	-1.813624E-11	1.813624E-11
0.000000E+0	1.947600E-10	1.947600E-10	4.959511E-12	4.959511E-12
1.000000E-2	1.163010E-9	1.163010E-9	2.961574E-11	2.961574E-11
2.000000E-2	2.068200E-9	2.068200E-9	5.266616E-11	5.266616E-11
3.000000E-2	3.023740E-9	3.023740E-9	7.699873E-11	7.699873E-11
4.000000E-2	4.005750E-9	4.005750E-9	1.020053E-10	1.020053E-10
5.000000E-2	4.968910E-9	4.968910E-9	1.265320E-10	1.265320E-10
6.000000E-2	6.030010E-9	6.030010E-9	1.535526E-10	1.535526E-10
7.000000E-2	7.115440E-9	7.115440E-9	1.811928E-10	1.811928E-10
8.000000E-2	8.224850E-9	8.224850E-9	2.094436E-10	2.094436E-10
9.000000E-2	9.428790E-9	9.428790E-9	2.401016E-10	2.401016E-10
1.000000E-1	1.068200E-8	1.068200E-8	2.720143E-10	2.720143E-10
1.100000E-1	1.314860E-8	1.314860E-8	3.348256E-10	3.348256E-10
1.200000E-1	1.456910E-8	1.456910E-8	3.709982E-10	3.709982E-10
1.300000E-1	1.600570E-8	1.600570E-8	4.075808E-10	4.075808E-10
1.400000E-1	1.746190E-8	1.746190E-8	4.446626E-10	4.446626E-10
1.500000E-1	1.903990E-8	1.903990E-8	4.848459E-10	4.848459E-10
1.600000E-1	2.062480E-8	2.062480E-8	5.252050E-10	5.252050E-10
1.700000E-1	2.231760E-8	2.231760E-8	5.683117E-10	5.683117E-10
1.800000E-1	2.417510E-8	2.417510E-8	6.156124E-10	6.156124E-10
1.900000E-1	2.585990E-8	2.585990E-8	6.585154E-10	6.585154E-10
2.000000E-1	2.770010E-8	2.770010E-8	7.053756E-10	7.053756E-10
2.100000E-1	2.959900E-8	2.959900E-8	7.537306E-10	7.537306E-10
2.200000E-1	3.155750E-8	3.155750E-8	8.036033E-10	8.036033E-10
2.300000E-1	3.358740E-8	3.358740E-8	8.552941E-10	8.552941E-10
2.400000E-1	3.571240E-8	3.571240E-8	9.094067E-10	9.094067E-10
2.500000E-1	3.784490E-8	3.784490E-8	9.637102E-10	9.637102E-10
2.600000E-1	4.021500E-8	4.021500E-8	1.024064E-9	1.024064E-9
2.700000E-1	4.245780E-8	4.245780E-8	1.081176E-9	1.081176E-9
2.800000E-1	4.493870E-8	4.493870E-8	1.144352E-9	1.144352E-9
2.900000E-1	4.743970E-8	4.743970E-8	1.208039E-9	1.208039E-9
3.000000E-1	4.975550E-8	4.975550E-8	1.267010E-9	1.267010E-9
3.100000E-1	5.233100E-8	5.233100E-8	1.332595E-9	1.332595E-9
3.200000E-1	5.514370E-8	5.514370E-8	1.404219E-9	1.404219E-9
3.300000E-1	5.773300E-8	5.773300E-8	1.470155E-9	1.470155E-9
3.400000E-1	6.043710E-8	6.043710E-8	1.539014E-9	1.539014E-9
3.500000E-1	6.334250E-8	6.334250E-8	1.613000E-9	1.613000E-9
3.600000E-1	6.627560E-8	6.627560E-8	1.687690E-9	1.687690E-9
3.700000E-1	6.938330E-8	6.938330E-8	1.766827E-9	1.766827E-9
3.800000E-1	7.252560E-8	7.252560E-8	1.846845E-9	1.846845E-9
3.900000E-1	7.429800E-8	7.429800E-8	1.891979E-9	1.891979E-9
4.000000E-1	7.732410E-8	7.732410E-8	1.969037E-9	1.969037E-9
4.100000E-1	8.082830E-8	8.082830E-8	2.058271E-9	2.058271E-9
4.200000E-1	8.371900E-8	8.371900E-8	2.131882E-9	2.131882E-9
4.300000E-1	8.748490E-8	8.748490E-8	2.227779E-9	2.227779E-9
4.400000E-1	9.090300E-8	9.090300E-8	2.314820E-9	2.314820E-9
4.500000E-1	9.441460E-8	9.441460E-8	2.404242E-9	2.404242E-9
4.600000E-1	9.816110E-8	9.816110E-8	2.499646E-9	2.499646E-9
4.700000E-1	1.022940E-7	1.022940E-7	2.604889E-9	2.604889E-9
4.800000E-1	1.075440E-7	1.075440E-7	2.738579E-9	2.738579E-9
4.900000E-1	1.111830E-7	1.111830E-7	2.831245E-9	2.831245E-9
5.000000E-1	1.158560E-7	1.158560E-7	2.950242E-9	2.950242E-9
