

14:52:10	26/02/21


Ell Cont: 5,0x10,0

SMU1	V name:		V1
	I name:		I1
	Mode:		V
	Function:	VAR1
SMU2	V name:		V2
	I name:		I2
	Mode:		common
	Function:	const.
SMU3	off
SMU4	off
VMUs	off

Primary Source (VAR1):	single
	Sweep Spacing:	linear
	Start:		-0.500000
	Stop:		0.500000
	Step:		0.010000
	Compliance:	0.050000
Power Compliance OFF

Timing:		Integration Time:	medium
	Delay Time (sec):	0.000000
	Hold Time (sec):	0.000000
	Wait Time (sec):	1.000000

Secondary Source (VAR2):	OFF


   V1	   I1	Abs(I)	J (A\um²)	Abs(J)
-5.000000E-1	-9.136000E-10	9.136000E-10	-2.326458E-11	2.326458E-11
-4.900000E-1	-3.864500E-10	3.864500E-10	-9.840845E-12	9.840845E-12
-4.800000E-1	-2.281700E-10	2.281700E-10	-5.810288E-12	5.810288E-12
-4.700000E-1	-1.451200E-10	1.451200E-10	-3.695442E-12	3.695442E-12
-4.600000E-1	-9.354000E-11	9.354000E-11	-2.381971E-12	2.381971E-12
-4.500000E-1	-7.040000E-11	7.040000E-11	-1.792717E-12	1.792717E-12
-4.400000E-1	-5.019000E-11	5.019000E-11	-1.278075E-12	1.278075E-12
-4.300000E-1	-3.322000E-11	3.322000E-11	-8.459384E-13	8.459384E-13
-4.200000E-1	-1.315000E-11	1.315000E-11	-3.348612E-13	3.348612E-13
-4.100000E-1	9.870000E-12	9.870000E-12	2.513369E-13	2.513369E-13
-4.000000E-1	-4.536000E-11	4.536000E-11	-1.155080E-12	1.155080E-12
-3.900000E-1	5.301000E-11	5.301000E-11	1.349885E-12	1.349885E-12
-3.800000E-1	4.144000E-11	4.144000E-11	1.055258E-12	1.055258E-12
-3.700000E-1	3.628000E-11	3.628000E-11	9.238604E-13	9.238604E-13
-3.600000E-1	4.354000E-11	4.354000E-11	1.108734E-12	1.108734E-12
-3.500000E-1	4.385000E-11	4.385000E-11	1.116628E-12	1.116628E-12
-3.400000E-1	5.125000E-11	5.125000E-11	1.305067E-12	1.305067E-12
-3.300000E-1	5.640000E-11	5.640000E-11	1.436211E-12	1.436211E-12
-3.200000E-1	5.823000E-11	5.823000E-11	1.482811E-12	1.482811E-12
-3.100000E-1	5.865000E-11	5.865000E-11	1.493506E-12	1.493506E-12
-3.000000E-1	6.462000E-11	6.462000E-11	1.645531E-12	1.645531E-12
-2.900000E-1	7.108000E-11	7.108000E-11	1.810033E-12	1.810033E-12
-2.800000E-1	7.023000E-11	7.023000E-11	1.788388E-12	1.788388E-12
-2.700000E-1	6.979000E-11	6.979000E-11	1.777184E-12	1.777184E-12
-2.600000E-1	7.456000E-11	7.456000E-11	1.898650E-12	1.898650E-12
-2.500000E-1	7.729000E-11	7.729000E-11	1.968169E-12	1.968169E-12
-2.400000E-1	7.965000E-11	7.965000E-11	2.028266E-12	2.028266E-12
-2.300000E-1	8.042000E-11	8.042000E-11	2.047874E-12	2.047874E-12
-2.200000E-1	7.917000E-11	7.917000E-11	2.016043E-12	2.016043E-12
-2.100000E-1	8.588000E-11	8.588000E-11	2.186911E-12	2.186911E-12
-2.000000E-1	8.728000E-11	8.728000E-11	2.222562E-12	2.222562E-12
-1.900000E-1	8.784000E-11	8.784000E-11	2.236822E-12	2.236822E-12
-1.800000E-1	9.030000E-11	9.030000E-11	2.299465E-12	2.299465E-12
-1.700000E-1	8.967000E-11	8.967000E-11	2.283422E-12	2.283422E-12
-1.600000E-1	9.306000E-11	9.306000E-11	2.369748E-12	2.369748E-12
-1.500000E-1	9.145000E-11	9.145000E-11	2.328750E-12	2.328750E-12
-1.400000E-1	9.490000E-11	9.490000E-11	2.416603E-12	2.416603E-12
-1.300000E-1	9.742000E-11	9.742000E-11	2.480774E-12	2.480774E-12
-1.200000E-1	9.907000E-11	9.907000E-11	2.522791E-12	2.522791E-12
-1.100000E-1	1.001300E-10	1.001300E-10	2.549784E-12	2.549784E-12
-1.000000E-1	1.020600E-10	1.020600E-10	2.598930E-12	2.598930E-12
-9.000000E-2	1.041400E-10	1.041400E-10	2.651897E-12	2.651897E-12
-8.000000E-2	1.041500E-10	1.041500E-10	2.652152E-12	2.652152E-12
-7.000000E-2	1.065400E-10	1.065400E-10	2.713012E-12	2.713012E-12
-6.000000E-2	1.067500E-10	1.067500E-10	2.718360E-12	2.718360E-12
-5.000000E-2	1.079600E-10	1.079600E-10	2.749172E-12	2.749172E-12
-4.000000E-2	1.103300E-10	1.103300E-10	2.809524E-12	2.809524E-12
-3.000000E-2	1.102500E-10	1.102500E-10	2.807487E-12	2.807487E-12
-2.000000E-2	1.122800E-10	1.122800E-10	2.859180E-12	2.859180E-12
-1.000000E-2	1.136800E-10	1.136800E-10	2.894831E-12	2.894831E-12
0.000000E+0	1.139600E-10	1.139600E-10	2.901961E-12	2.901961E-12
1.000000E-2	1.155300E-10	1.155300E-10	2.941940E-12	2.941940E-12
2.000000E-2	1.178500E-10	1.178500E-10	3.001019E-12	3.001019E-12
3.000000E-2	1.188400E-10	1.188400E-10	3.026229E-12	3.026229E-12
4.000000E-2	1.197100E-10	1.197100E-10	3.048383E-12	3.048383E-12
5.000000E-2	1.209300E-10	1.209300E-10	3.079450E-12	3.079450E-12
6.000000E-2	1.219400E-10	1.219400E-10	3.105169E-12	3.105169E-12
7.000000E-2	1.239300E-10	1.239300E-10	3.155844E-12	3.155844E-12
8.000000E-2	1.249000E-10	1.249000E-10	3.180545E-12	3.180545E-12
9.000000E-2	1.264600E-10	1.264600E-10	3.220270E-12	3.220270E-12
1.000000E-1	1.273400E-10	1.273400E-10	3.242679E-12	3.242679E-12
1.100000E-1	1.293000E-10	1.293000E-10	3.292590E-12	3.292590E-12
1.200000E-1	1.301600E-10	1.301600E-10	3.314489E-12	3.314489E-12
1.300000E-1	1.320500E-10	1.320500E-10	3.362618E-12	3.362618E-12
1.400000E-1	1.328500E-10	1.328500E-10	3.382990E-12	3.382990E-12
1.500000E-1	1.355700E-10	1.355700E-10	3.452254E-12	3.452254E-12
1.600000E-1	1.364700E-10	1.364700E-10	3.475172E-12	3.475172E-12
1.700000E-1	1.389200E-10	1.389200E-10	3.537560E-12	3.537560E-12
1.800000E-1	1.409000E-10	1.409000E-10	3.587981E-12	3.587981E-12
1.900000E-1	1.416000E-10	1.416000E-10	3.605806E-12	3.605806E-12
2.000000E-1	1.434500E-10	1.434500E-10	3.652916E-12	3.652916E-12
2.100000E-1	1.440300E-10	1.440300E-10	3.667685E-12	3.667685E-12
2.200000E-1	1.457800E-10	1.457800E-10	3.712248E-12	3.712248E-12
2.300000E-1	1.467200E-10	1.467200E-10	3.736185E-12	3.736185E-12
2.400000E-1	1.480000E-10	1.480000E-10	3.768780E-12	3.768780E-12
2.500000E-1	1.479400E-10	1.479400E-10	3.767252E-12	3.767252E-12
2.600000E-1	1.492200E-10	1.492200E-10	3.799847E-12	3.799847E-12
2.700000E-1	1.518900E-10	1.518900E-10	3.867838E-12	3.867838E-12
2.800000E-1	1.541900E-10	1.541900E-10	3.926407E-12	3.926407E-12
2.900000E-1	1.565700E-10	1.565700E-10	3.987013E-12	3.987013E-12
3.000000E-1	1.591300E-10	1.591300E-10	4.052203E-12	4.052203E-12
3.100000E-1	1.612800E-10	1.612800E-10	4.106952E-12	4.106952E-12
3.200000E-1	1.624700E-10	1.624700E-10	4.137255E-12	4.137255E-12
3.300000E-1	1.637800E-10	1.637800E-10	4.170614E-12	4.170614E-12
3.400000E-1	1.645700E-10	1.645700E-10	4.190731E-12	4.190731E-12
3.500000E-1	1.666700E-10	1.666700E-10	4.244207E-12	4.244207E-12
3.600000E-1	1.679800E-10	1.679800E-10	4.277566E-12	4.277566E-12
3.700000E-1	1.698800E-10	1.698800E-10	4.325949E-12	4.325949E-12
3.800000E-1	1.727400E-10	1.727400E-10	4.398778E-12	4.398778E-12
3.900000E-1	1.744900E-10	1.744900E-10	4.443341E-12	4.443341E-12
4.000000E-1	1.766500E-10	1.766500E-10	4.498345E-12	4.498345E-12
4.100000E-1	1.786800E-10	1.786800E-10	4.550038E-12	4.550038E-12
4.200000E-1	1.808400E-10	1.808400E-10	4.605042E-12	4.605042E-12
4.300000E-1	1.828300E-10	1.828300E-10	4.655717E-12	4.655717E-12
4.400000E-1	1.847700E-10	1.847700E-10	4.705118E-12	4.705118E-12
4.500000E-1	1.865800E-10	1.865800E-10	4.751210E-12	4.751210E-12
4.600000E-1	1.898400E-10	1.898400E-10	4.834225E-12	4.834225E-12
4.700000E-1	1.911600E-10	1.911600E-10	4.867838E-12	4.867838E-12
4.800000E-1	1.939700E-10	1.939700E-10	4.939394E-12	4.939394E-12
4.900000E-1	1.967900E-10	1.967900E-10	5.011204E-12	5.011204E-12
5.000000E-1	1.991700E-10	1.991700E-10	5.071810E-12	5.071810E-12
