

15:01:19	26/02/21


Ell Cont: 5,0x10,0

SMU1	V name:		V1
	I name:		I1
	Mode:		V
	Function:	VAR1
SMU2	V name:		V2
	I name:		I2
	Mode:		common
	Function:	const.
SMU3	off
SMU4	off
VMUs	off

Primary Source (VAR1):	single
	Sweep Spacing:	linear
	Start:		-0.500000
	Stop:		0.500000
	Step:		0.010000
	Compliance:	0.050000
Power Compliance OFF

Timing:		Integration Time:	medium
	Delay Time (sec):	0.000000
	Hold Time (sec):	0.000000
	Wait Time (sec):	1.000000

Secondary Source (VAR2):	OFF


   V1	   I1	Abs(I)	J (A\um²)	Abs(J)
-5.000000E-1	-2.832650E-7	2.832650E-7	-7.213267E-9	7.213267E-9
-4.900000E-1	-2.715610E-7	2.715610E-7	-6.915228E-9	6.915228E-9
-4.800000E-1	-2.613390E-7	2.613390E-7	-6.654927E-9	6.654927E-9
-4.700000E-1	-2.525170E-7	2.525170E-7	-6.430277E-9	6.430277E-9
-4.600000E-1	-2.437750E-7	2.437750E-7	-6.207665E-9	6.207665E-9
-4.500000E-1	-2.351600E-7	2.351600E-7	-5.988286E-9	5.988286E-9
-4.400000E-1	-2.266410E-7	2.266410E-7	-5.771352E-9	5.771352E-9
-4.300000E-1	-2.186900E-7	2.186900E-7	-5.568882E-9	5.568882E-9
-4.200000E-1	-2.106420E-7	2.106420E-7	-5.363942E-9	5.363942E-9
-4.100000E-1	-2.025410E-7	2.025410E-7	-5.157652E-9	5.157652E-9
-4.000000E-1	-1.946950E-7	1.946950E-7	-4.957856E-9	4.957856E-9
-3.900000E-1	-1.873050E-7	1.873050E-7	-4.769671E-9	4.769671E-9
-3.800000E-1	-1.794570E-7	1.794570E-7	-4.569824E-9	4.569824E-9
-3.700000E-1	-1.727890E-7	1.727890E-7	-4.400025E-9	4.400025E-9
-3.600000E-1	-1.659200E-7	1.659200E-7	-4.225108E-9	4.225108E-9
-3.500000E-1	-1.592510E-7	1.592510E-7	-4.055284E-9	4.055284E-9
-3.400000E-1	-1.520950E-7	1.520950E-7	-3.873058E-9	3.873058E-9
-3.300000E-1	-1.452560E-7	1.452560E-7	-3.698905E-9	3.698905E-9
-3.200000E-1	-1.386280E-7	1.386280E-7	-3.530125E-9	3.530125E-9
-3.100000E-1	-1.323760E-7	1.323760E-7	-3.370919E-9	3.370919E-9
-3.000000E-1	-1.259480E-7	1.259480E-7	-3.207232E-9	3.207232E-9
-2.900000E-1	-1.200400E-7	1.200400E-7	-3.056786E-9	3.056786E-9
-2.800000E-1	-1.141840E-7	1.141840E-7	-2.907665E-9	2.907665E-9
-2.700000E-1	-1.082660E-7	1.082660E-7	-2.756965E-9	2.756965E-9
-2.600000E-1	-1.031275E-7	1.031275E-7	-2.626114E-9	2.626114E-9
-2.500000E-1	-9.709020E-8	9.709020E-8	-2.472376E-9	2.472376E-9
-2.400000E-1	-9.144700E-8	9.144700E-8	-2.328673E-9	2.328673E-9
-2.300000E-1	-8.641850E-8	8.641850E-8	-2.200624E-9	2.200624E-9
-2.200000E-1	-8.117670E-8	8.117670E-8	-2.067143E-9	2.067143E-9
-2.100000E-1	-7.608530E-8	7.608530E-8	-1.937492E-9	1.937492E-9
-2.000000E-1	-7.099260E-8	7.099260E-8	-1.807807E-9	1.807807E-9
-1.900000E-1	-6.633690E-8	6.633690E-8	-1.689251E-9	1.689251E-9
-1.800000E-1	-6.157390E-8	6.157390E-8	-1.567963E-9	1.567963E-9
-1.700000E-1	-5.702510E-8	5.702510E-8	-1.452129E-9	1.452129E-9
-1.600000E-1	-5.250070E-8	5.250070E-8	-1.336916E-9	1.336916E-9
-1.500000E-1	-4.818020E-8	4.818020E-8	-1.226896E-9	1.226896E-9
-1.400000E-1	-4.418000E-8	4.418000E-8	-1.125032E-9	1.125032E-9
-1.300000E-1	-4.015050E-8	4.015050E-8	-1.022422E-9	1.022422E-9
-1.200000E-1	-3.624690E-8	3.624690E-8	-9.230176E-10	9.230176E-10
-1.100000E-1	-3.233680E-8	3.233680E-8	-8.234479E-10	8.234479E-10
-1.000000E-1	-2.895410E-8	2.895410E-8	-7.373084E-10	7.373084E-10
-9.000000E-2	-2.547060E-8	2.547060E-8	-6.486020E-10	6.486020E-10
-8.000000E-2	-2.203230E-8	2.203230E-8	-5.610466E-10	5.610466E-10
-7.000000E-2	-1.884340E-8	1.884340E-8	-4.798421E-10	4.798421E-10
-6.000000E-2	-1.572380E-8	1.572380E-8	-4.004023E-10	4.004023E-10
-5.000000E-2	-1.282480E-8	1.282480E-8	-3.265801E-10	3.265801E-10
-4.000000E-2	-1.043290E-8	1.043290E-8	-2.656710E-10	2.656710E-10
-3.000000E-2	-7.884560E-9	7.884560E-9	-2.007782E-10	2.007782E-10
-2.000000E-2	-4.938130E-9	4.938130E-9	-1.257482E-10	1.257482E-10
-1.000000E-2	-2.130320E-9	2.130320E-9	-5.424803E-11	5.424803E-11
0.000000E+0	3.509900E-10	3.509900E-10	8.937866E-12	8.937866E-12
1.000000E-2	3.055640E-9	3.055640E-9	7.781105E-11	7.781105E-11
2.000000E-2	5.817680E-9	5.817680E-9	1.481457E-10	1.481457E-10
3.000000E-2	8.583950E-9	8.583950E-9	2.185880E-10	2.185880E-10
4.000000E-2	1.154190E-8	1.154190E-8	2.939114E-10	2.939114E-10
5.000000E-2	1.549040E-8	1.549040E-8	3.944589E-10	3.944589E-10
6.000000E-2	1.869090E-8	1.869090E-8	4.759587E-10	4.759587E-10
7.000000E-2	2.192770E-8	2.192770E-8	5.583830E-10	5.583830E-10
8.000000E-2	2.515580E-8	2.515580E-8	6.405857E-10	6.405857E-10
9.000000E-2	2.849690E-8	2.849690E-8	7.256659E-10	7.256659E-10
1.000000E-1	3.189080E-8	3.189080E-8	8.120906E-10	8.120906E-10
1.100000E-1	3.547010E-8	3.547010E-8	9.032366E-10	9.032366E-10
1.200000E-1	3.923180E-8	3.923180E-8	9.990272E-10	9.990272E-10
1.300000E-1	4.311860E-8	4.311860E-8	1.098004E-9	1.098004E-9
1.400000E-1	4.677850E-8	4.677850E-8	1.191202E-9	1.191202E-9
1.500000E-1	5.110260E-8	5.110260E-8	1.301314E-9	1.301314E-9
1.600000E-1	5.522090E-8	5.522090E-8	1.406185E-9	1.406185E-9
1.700000E-1	5.961300E-8	5.961300E-8	1.518029E-9	1.518029E-9
1.800000E-1	6.412030E-8	6.412030E-8	1.632806E-9	1.632806E-9
1.900000E-1	6.860970E-8	6.860970E-8	1.747128E-9	1.747128E-9
2.000000E-1	7.327410E-8	7.327410E-8	1.865905E-9	1.865905E-9
2.100000E-1	7.825640E-8	7.825640E-8	1.992778E-9	1.992778E-9
2.200000E-1	8.191630E-8	8.191630E-8	2.085977E-9	2.085977E-9
2.300000E-1	8.708530E-8	8.708530E-8	2.217604E-9	2.217604E-9
2.400000E-1	9.213410E-8	9.213410E-8	2.346170E-9	2.346170E-9
2.500000E-1	9.738850E-8	9.738850E-8	2.479972E-9	2.479972E-9
2.600000E-1	1.034070E-7	1.034070E-7	2.633231E-9	2.633231E-9
2.700000E-1	1.093830E-7	1.093830E-7	2.785409E-9	2.785409E-9
2.800000E-1	1.151810E-7	1.151810E-7	2.933053E-9	2.933053E-9
2.900000E-1	1.213780E-7	1.213780E-7	3.090858E-9	3.090858E-9
3.000000E-1	1.272630E-7	1.272630E-7	3.240718E-9	3.240718E-9
3.100000E-1	1.337930E-7	1.337930E-7	3.407003E-9	3.407003E-9
3.200000E-1	1.393830E-7	1.393830E-7	3.549351E-9	3.549351E-9
3.300000E-1	1.453330E-7	1.453330E-7	3.700866E-9	3.700866E-9
3.400000E-1	1.521270E-7	1.521270E-7	3.873873E-9	3.873873E-9
3.500000E-1	1.590000E-7	1.590000E-7	4.048892E-9	4.048892E-9
3.600000E-1	1.657160E-7	1.657160E-7	4.219913E-9	4.219913E-9
3.700000E-1	1.712230E-7	1.712230E-7	4.360148E-9	4.360148E-9
3.800000E-1	1.789610E-7	1.789610E-7	4.557194E-9	4.557194E-9
3.900000E-1	1.863090E-7	1.863090E-7	4.744309E-9	4.744309E-9
4.000000E-1	1.936070E-7	1.936070E-7	4.930150E-9	4.930150E-9
4.100000E-1	2.006870E-7	2.006870E-7	5.110440E-9	5.110440E-9
4.200000E-1	2.078770E-7	2.078770E-7	5.293532E-9	5.293532E-9
4.300000E-1	2.159420E-7	2.159420E-7	5.498905E-9	5.498905E-9
4.400000E-1	2.237570E-7	2.237570E-7	5.697912E-9	5.697912E-9
4.500000E-1	2.309880E-7	2.309880E-7	5.882047E-9	5.882047E-9
4.600000E-1	2.388020E-7	2.388020E-7	6.081029E-9	6.081029E-9
4.700000E-1	2.465970E-7	2.465970E-7	6.279526E-9	6.279526E-9
4.800000E-1	2.549060E-7	2.549060E-7	6.491113E-9	6.491113E-9
4.900000E-1	2.634970E-7	2.634970E-7	6.709880E-9	6.709880E-9
5.000000E-1	2.717180E-7	2.717180E-7	6.919226E-9	6.919226E-9
