

15:08:41	26/02/21


Ell Cont: 5,0x10,0

SMU1	V name:		V1
	I name:		I1
	Mode:		V
	Function:	VAR1
SMU2	V name:		V2
	I name:		I2
	Mode:		common
	Function:	const.
SMU3	off
SMU4	off
VMUs	off

Primary Source (VAR1):	single
	Sweep Spacing:	linear
	Start:		-0.500000
	Stop:		0.500000
	Step:		0.010000
	Compliance:	0.050000
Power Compliance OFF

Timing:		Integration Time:	medium
	Delay Time (sec):	0.000000
	Hold Time (sec):	0.000000
	Wait Time (sec):	1.000000

Secondary Source (VAR2):	OFF


   V1	   I1	Abs(I)	J (A\um²)	Abs(J)
-5.000000E-1	-2.040150E-8	2.040150E-8	-5.195187E-10	5.195187E-10
-4.900000E-1	-1.723420E-8	1.723420E-8	-4.388643E-10	4.388643E-10
-4.800000E-1	-1.576860E-8	1.576860E-8	-4.015432E-10	4.015432E-10
-4.700000E-1	-1.451470E-8	1.451470E-8	-3.696129E-10	3.696129E-10
-4.600000E-1	-1.367300E-8	1.367300E-8	-3.481793E-10	3.481793E-10
-4.500000E-1	-1.307230E-8	1.307230E-8	-3.328826E-10	3.328826E-10
-4.400000E-1	-1.241460E-8	1.241460E-8	-3.161345E-10	3.161345E-10
-4.300000E-1	-1.183920E-8	1.183920E-8	-3.014820E-10	3.014820E-10
-4.200000E-1	-1.136680E-8	1.136680E-8	-2.894525E-10	2.894525E-10
-4.100000E-1	-1.081110E-8	1.081110E-8	-2.753018E-10	2.753018E-10
-4.000000E-1	-1.044970E-8	1.044970E-8	-2.660988E-10	2.660988E-10
-3.900000E-1	-1.010140E-8	1.010140E-8	-2.572294E-10	2.572294E-10
-3.800000E-1	-9.755880E-9	9.755880E-9	-2.484309E-10	2.484309E-10
-3.700000E-1	-9.097390E-9	9.097390E-9	-2.316626E-10	2.316626E-10
-3.600000E-1	-8.715380E-9	8.715380E-9	-2.219348E-10	2.219348E-10
-3.500000E-1	-8.073280E-9	8.073280E-9	-2.055839E-10	2.055839E-10
-3.400000E-1	-7.765990E-9	7.765990E-9	-1.977588E-10	1.977588E-10
-3.300000E-1	-7.315510E-9	7.315510E-9	-1.862875E-10	1.862875E-10
-3.200000E-1	-6.960210E-9	6.960210E-9	-1.772399E-10	1.772399E-10
-3.100000E-1	-6.555590E-9	6.555590E-9	-1.669363E-10	1.669363E-10
-3.000000E-1	-6.129490E-9	6.129490E-9	-1.560858E-10	1.560858E-10
-2.900000E-1	-5.853140E-9	5.853140E-9	-1.490486E-10	1.490486E-10
-2.800000E-1	-5.518420E-9	5.518420E-9	-1.405251E-10	1.405251E-10
-2.700000E-1	-5.129240E-9	5.129240E-9	-1.306147E-10	1.306147E-10
-2.600000E-1	-4.813670E-9	4.813670E-9	-1.225788E-10	1.225788E-10
-2.500000E-1	-4.484120E-9	4.484120E-9	-1.141869E-10	1.141869E-10
-2.400000E-1	-4.139780E-9	4.139780E-9	-1.054184E-10	1.054184E-10
-2.300000E-1	-3.811930E-9	3.811930E-9	-9.706977E-11	9.706977E-11
-2.200000E-1	-3.519450E-9	3.519450E-9	-8.962185E-11	8.962185E-11
-2.100000E-1	-3.247350E-9	3.247350E-9	-8.269289E-11	8.269289E-11
-2.000000E-1	-2.993410E-9	2.993410E-9	-7.622638E-11	7.622638E-11
-1.900000E-1	-2.760300E-9	2.760300E-9	-7.029030E-11	7.029030E-11
-1.800000E-1	-2.504600E-9	2.504600E-9	-6.377897E-11	6.377897E-11
-1.700000E-1	-2.275850E-9	2.275850E-9	-5.795391E-11	5.795391E-11
-1.600000E-1	-2.027500E-9	2.027500E-9	-5.162974E-11	5.162974E-11
-1.500000E-1	-1.799930E-9	1.799930E-9	-4.583473E-11	4.583473E-11
-1.400000E-1	-1.599290E-9	1.599290E-9	-4.072549E-11	4.072549E-11
-1.300000E-1	-1.385750E-9	1.385750E-9	-3.528775E-11	3.528775E-11
-1.200000E-1	-1.196040E-9	1.196040E-9	-3.045684E-11	3.045684E-11
-1.100000E-1	-1.083340E-9	1.083340E-9	-2.758696E-11	2.758696E-11
-1.000000E-1	-1.113590E-9	1.113590E-9	-2.835727E-11	2.835727E-11
-9.000000E-2	-1.008340E-9	1.008340E-9	-2.567711E-11	2.567711E-11
-8.000000E-2	-8.597000E-10	8.597000E-10	-2.189203E-11	2.189203E-11
-7.000000E-2	-7.756300E-10	7.756300E-10	-1.975121E-11	1.975121E-11
-6.000000E-2	-6.537500E-10	6.537500E-10	-1.664757E-11	1.664757E-11
-5.000000E-2	-5.099200E-10	5.099200E-10	-1.298498E-11	1.298498E-11
-4.000000E-2	-3.840400E-10	3.840400E-10	-9.779475E-12	9.779475E-12
-3.000000E-2	-2.537400E-10	2.537400E-10	-6.461421E-12	6.461421E-12
-2.000000E-2	-1.199800E-10	1.199800E-10	-3.055258E-12	3.055258E-12
-1.000000E-2	2.820000E-12	2.820000E-12	7.181054E-14	7.181054E-14
0.000000E+0	1.354200E-10	1.354200E-10	3.448434E-12	3.448434E-12
1.000000E-2	2.657800E-10	2.657800E-10	6.768016E-12	6.768016E-12
2.000000E-2	3.952800E-10	3.952800E-10	1.006570E-11	1.006570E-11
3.000000E-2	5.283300E-10	5.283300E-10	1.345378E-11	1.345378E-11
4.000000E-2	6.640700E-10	6.640700E-10	1.691036E-11	1.691036E-11
5.000000E-2	8.051000E-10	8.051000E-10	2.050165E-11	2.050165E-11
6.000000E-2	9.762500E-10	9.762500E-10	2.485994E-11	2.485994E-11
7.000000E-2	1.117070E-9	1.117070E-9	2.844589E-11	2.844589E-11
8.000000E-2	1.281350E-9	1.281350E-9	3.262923E-11	3.262923E-11
9.000000E-2	1.436850E-9	1.436850E-9	3.658900E-11	3.658900E-11
1.000000E-1	1.565780E-9	1.565780E-9	3.987217E-11	3.987217E-11
1.100000E-1	1.764670E-9	1.764670E-9	4.493685E-11	4.493685E-11
1.200000E-1	1.938500E-9	1.938500E-9	4.936338E-11	4.936338E-11
1.300000E-1	2.151470E-9	2.151470E-9	5.478660E-11	5.478660E-11
1.400000E-1	2.357190E-9	2.357190E-9	6.002521E-11	6.002521E-11
1.500000E-1	2.575990E-9	2.575990E-9	6.559689E-11	6.559689E-11
1.600000E-1	2.742980E-9	2.742980E-9	6.984925E-11	6.984925E-11
1.700000E-1	2.991970E-9	2.991970E-9	7.618971E-11	7.618971E-11
1.800000E-1	3.228960E-9	3.228960E-9	8.222460E-11	8.222460E-11
1.900000E-1	3.450410E-9	3.450410E-9	8.786376E-11	8.786376E-11
2.000000E-1	3.730030E-9	3.730030E-9	9.498421E-11	9.498421E-11
2.100000E-1	3.981650E-9	3.981650E-9	1.013916E-10	1.013916E-10
2.200000E-1	4.228040E-9	4.228040E-9	1.076659E-10	1.076659E-10
2.300000E-1	4.519770E-9	4.519770E-9	1.150947E-10	1.150947E-10
2.400000E-1	4.809530E-9	4.809530E-9	1.224734E-10	1.224734E-10
2.500000E-1	5.111900E-9	5.111900E-9	1.301732E-10	1.301732E-10
2.600000E-1	5.424670E-9	5.424670E-9	1.381378E-10	1.381378E-10
2.700000E-1	5.758770E-9	5.758770E-9	1.466455E-10	1.466455E-10
2.800000E-1	6.060510E-9	6.060510E-9	1.543293E-10	1.543293E-10
2.900000E-1	6.360600E-9	6.360600E-9	1.619710E-10	1.619710E-10
3.000000E-1	6.730770E-9	6.730770E-9	1.713972E-10	1.713972E-10
3.100000E-1	7.025130E-9	7.025130E-9	1.788930E-10	1.788930E-10
3.200000E-1	7.440700E-9	7.440700E-9	1.894754E-10	1.894754E-10
3.300000E-1	7.680020E-9	7.680020E-9	1.955696E-10	1.955696E-10
3.400000E-1	8.196110E-9	8.196110E-9	2.087117E-10	2.087117E-10
3.500000E-1	8.557460E-9	8.557460E-9	2.179134E-10	2.179134E-10
3.600000E-1	9.020230E-9	9.020230E-9	2.296977E-10	2.296977E-10
3.700000E-1	9.369250E-9	9.369250E-9	2.385854E-10	2.385854E-10
3.800000E-1	9.804390E-9	9.804390E-9	2.496662E-10	2.496662E-10
3.900000E-1	1.026870E-8	1.026870E-8	2.614897E-10	2.614897E-10
4.000000E-1	1.177240E-8	1.177240E-8	2.997810E-10	2.997810E-10
4.100000E-1	1.237930E-8	1.237930E-8	3.152355E-10	3.152355E-10
4.200000E-1	1.301170E-8	1.301170E-8	3.313394E-10	3.313394E-10
4.300000E-1	1.328710E-8	1.328710E-8	3.383524E-10	3.383524E-10
4.400000E-1	1.403890E-8	1.403890E-8	3.574968E-10	3.574968E-10
4.500000E-1	1.460770E-8	1.460770E-8	3.719812E-10	3.719812E-10
4.600000E-1	1.521880E-8	1.521880E-8	3.875426E-10	3.875426E-10
4.700000E-1	1.565880E-8	1.565880E-8	3.987471E-10	3.987471E-10
4.800000E-1	1.629950E-8	1.629950E-8	4.150624E-10	4.150624E-10
4.900000E-1	1.686740E-8	1.686740E-8	4.295238E-10	4.295238E-10
5.000000E-1	1.751150E-8	1.751150E-8	4.459256E-10	4.459256E-10
