

15:03:45	26/02/21


Ell Cont: 5,0x10,0

SMU1	V name:		V1
	I name:		I1
	Mode:		V
	Function:	VAR1
SMU2	V name:		V2
	I name:		I2
	Mode:		common
	Function:	const.
SMU3	off
SMU4	off
VMUs	off

Primary Source (VAR1):	single
	Sweep Spacing:	linear
	Start:		-0.500000
	Stop:		0.500000
	Step:		0.010000
	Compliance:	0.050000
Power Compliance OFF

Timing:		Integration Time:	medium
	Delay Time (sec):	0.000000
	Hold Time (sec):	0.000000
	Wait Time (sec):	1.000000

Secondary Source (VAR2):	OFF


   V1	   I1	Abs(I)	J (A\um²)	Abs(J)
-5.000000E-1	-7.579710E-7	7.579710E-7	-1.930153E-8	1.930153E-8
-4.900000E-1	-7.275870E-7	7.275870E-7	-1.852781E-8	1.852781E-8
-4.800000E-1	-7.014440E-7	7.014440E-7	-1.786208E-8	1.786208E-8
-4.700000E-1	-6.753860E-7	6.753860E-7	-1.719852E-8	1.719852E-8
-4.600000E-1	-6.510940E-7	6.510940E-7	-1.657993E-8	1.657993E-8
-4.500000E-1	-6.271210E-7	6.271210E-7	-1.596947E-8	1.596947E-8
-4.400000E-1	-6.042500E-7	6.042500E-7	-1.538706E-8	1.538706E-8
-4.300000E-1	-5.814170E-7	5.814170E-7	-1.480563E-8	1.480563E-8
-4.200000E-1	-5.580950E-7	5.580950E-7	-1.421174E-8	1.421174E-8
-4.100000E-1	-5.362730E-7	5.362730E-7	-1.365605E-8	1.365605E-8
-4.000000E-1	-5.146850E-7	5.146850E-7	-1.310632E-8	1.310632E-8
-3.900000E-1	-4.936740E-7	4.936740E-7	-1.257128E-8	1.257128E-8
-3.800000E-1	-4.740420E-7	4.740420E-7	-1.207135E-8	1.207135E-8
-3.700000E-1	-4.534470E-7	4.534470E-7	-1.154691E-8	1.154691E-8
-3.600000E-1	-4.331520E-7	4.331520E-7	-1.103010E-8	1.103010E-8
-3.500000E-1	-4.142270E-7	4.142270E-7	-1.054818E-8	1.054818E-8
-3.400000E-1	-3.955390E-7	3.955390E-7	-1.007229E-8	1.007229E-8
-3.300000E-1	-3.779630E-7	3.779630E-7	-9.624726E-9	9.624726E-9
-3.200000E-1	-3.601220E-7	3.601220E-7	-9.170410E-9	9.170410E-9
-3.100000E-1	-3.422390E-7	3.422390E-7	-8.715024E-9	8.715024E-9
-3.000000E-1	-3.253380E-7	3.253380E-7	-8.284645E-9	8.284645E-9
-2.900000E-1	-3.088200E-7	3.088200E-7	-7.864018E-9	7.864018E-9
-2.800000E-1	-2.923370E-7	2.923370E-7	-7.444283E-9	7.444283E-9
-2.700000E-1	-2.766570E-7	2.766570E-7	-7.044996E-9	7.044996E-9
-2.600000E-1	-2.613130E-7	2.613130E-7	-6.654265E-9	6.654265E-9
-2.500000E-1	-2.464950E-7	2.464950E-7	-6.276929E-9	6.276929E-9
-2.400000E-1	-2.318600E-7	2.318600E-7	-5.904253E-9	5.904253E-9
-2.300000E-1	-2.180800E-7	2.180800E-7	-5.553349E-9	5.553349E-9
-2.200000E-1	-2.041280E-7	2.041280E-7	-5.198065E-9	5.198065E-9
-2.100000E-1	-1.915360E-7	1.915360E-7	-4.877413E-9	4.877413E-9
-2.000000E-1	-1.787920E-7	1.787920E-7	-4.552890E-9	4.552890E-9
-1.900000E-1	-1.660060E-7	1.660060E-7	-4.227298E-9	4.227298E-9
-1.800000E-1	-1.542920E-7	1.542920E-7	-3.929004E-9	3.929004E-9
-1.700000E-1	-1.427350E-7	1.427350E-7	-3.634708E-9	3.634708E-9
-1.600000E-1	-1.310910E-7	1.310910E-7	-3.338197E-9	3.338197E-9
-1.500000E-1	-1.205970E-7	1.205970E-7	-3.070970E-9	3.070970E-9
-1.400000E-1	-1.102030E-7	1.102030E-7	-2.806290E-9	2.806290E-9
-1.300000E-1	-1.007698E-7	1.007698E-7	-2.566076E-9	2.566076E-9
-1.200000E-1	-9.064980E-8	9.064980E-8	-2.308373E-9	2.308373E-9
-1.100000E-1	-8.121550E-8	8.121550E-8	-2.068131E-9	2.068131E-9
-1.000000E-1	-7.211850E-8	7.211850E-8	-1.836478E-9	1.836478E-9
-9.000000E-2	-6.361780E-8	6.361780E-8	-1.620010E-9	1.620010E-9
-8.000000E-2	-5.536800E-8	5.536800E-8	-1.409931E-9	1.409931E-9
-7.000000E-2	-4.733730E-8	4.733730E-8	-1.205432E-9	1.205432E-9
-6.000000E-2	-3.973550E-8	3.973550E-8	-1.011854E-9	1.011854E-9
-5.000000E-2	-3.226550E-8	3.226550E-8	-8.216323E-10	8.216323E-10
-4.000000E-2	-2.526380E-8	2.526380E-8	-6.433359E-10	6.433359E-10
-3.000000E-2	-1.820060E-8	1.820060E-8	-4.634734E-10	4.634734E-10
-2.000000E-2	-1.165250E-8	1.165250E-8	-2.967278E-10	2.967278E-10
-1.000000E-2	-5.876640E-9	5.876640E-9	-1.496471E-10	1.496471E-10
0.000000E+0	9.707900E-10	9.707900E-10	2.472091E-11	2.472091E-11
1.000000E-2	7.134840E-9	7.134840E-9	1.816868E-10	1.816868E-10
2.000000E-2	1.388850E-8	1.388850E-8	3.536669E-10	3.536669E-10
3.000000E-2	2.199640E-8	2.199640E-8	5.601324E-10	5.601324E-10
4.000000E-2	2.924150E-8	2.924150E-8	7.446269E-10	7.446269E-10
5.000000E-2	3.643010E-8	3.643010E-8	9.276827E-10	9.276827E-10
6.000000E-2	4.387680E-8	4.387680E-8	1.117311E-9	1.117311E-9
7.000000E-2	5.161120E-8	5.161120E-8	1.314265E-9	1.314265E-9
8.000000E-2	5.936530E-8	5.936530E-8	1.511721E-9	1.511721E-9
9.000000E-2	6.766930E-8	6.766930E-8	1.723181E-9	1.723181E-9
1.000000E-1	7.498630E-8	7.498630E-8	1.909506E-9	1.909506E-9
1.100000E-1	8.342750E-8	8.342750E-8	2.124459E-9	2.124459E-9
1.200000E-1	9.268600E-8	9.268600E-8	2.360224E-9	2.360224E-9
1.300000E-1	1.023880E-7	1.023880E-7	2.607283E-9	2.607283E-9
1.400000E-1	1.136270E-7	1.136270E-7	2.893481E-9	2.893481E-9
1.500000E-1	1.238940E-7	1.238940E-7	3.154927E-9	3.154927E-9
1.600000E-1	1.346360E-7	1.346360E-7	3.428470E-9	3.428470E-9
1.700000E-1	1.456810E-7	1.456810E-7	3.709727E-9	3.709727E-9
1.800000E-1	1.570100E-7	1.570100E-7	3.998217E-9	3.998217E-9
1.900000E-1	1.685860E-7	1.685860E-7	4.292997E-9	4.292997E-9
2.000000E-1	1.806140E-7	1.806140E-7	4.599287E-9	4.599287E-9
2.100000E-1	1.935150E-7	1.935150E-7	4.927807E-9	4.927807E-9
2.200000E-1	2.064480E-7	2.064480E-7	5.257143E-9	5.257143E-9
2.300000E-1	2.196480E-7	2.196480E-7	5.593277E-9	5.593277E-9
2.400000E-1	2.335330E-7	2.335330E-7	5.946855E-9	5.946855E-9
2.500000E-1	2.476890E-7	2.476890E-7	6.307334E-9	6.307334E-9
2.600000E-1	2.619770E-7	2.619770E-7	6.671174E-9	6.671174E-9
2.700000E-1	2.768480E-7	2.768480E-7	7.049860E-9	7.049860E-9
2.800000E-1	2.926940E-7	2.926940E-7	7.453374E-9	7.453374E-9
2.900000E-1	3.080150E-7	3.080150E-7	7.843519E-9	7.843519E-9
3.000000E-1	3.236520E-7	3.236520E-7	8.241711E-9	8.241711E-9
3.100000E-1	3.399680E-7	3.399680E-7	8.657194E-9	8.657194E-9
3.200000E-1	3.568480E-7	3.568480E-7	9.087038E-9	9.087038E-9
3.300000E-1	3.739300E-7	3.739300E-7	9.522027E-9	9.522027E-9
3.400000E-1	3.913140E-7	3.913140E-7	9.964706E-9	9.964706E-9
3.500000E-1	4.092740E-7	4.092740E-7	1.042205E-8	1.042205E-8
3.600000E-1	4.282820E-7	4.282820E-7	1.090609E-8	1.090609E-8
3.700000E-1	4.470830E-7	4.470830E-7	1.138485E-8	1.138485E-8
3.800000E-1	4.661220E-7	4.661220E-7	1.186967E-8	1.186967E-8
3.900000E-1	4.858610E-7	4.858610E-7	1.237232E-8	1.237232E-8
4.000000E-1	5.073070E-7	5.073070E-7	1.291844E-8	1.291844E-8
4.100000E-1	5.279170E-7	5.279170E-7	1.344326E-8	1.344326E-8
4.200000E-1	5.489810E-7	5.489810E-7	1.397965E-8	1.397965E-8
4.300000E-1	5.705570E-7	5.705570E-7	1.452908E-8	1.452908E-8
4.400000E-1	5.922570E-7	5.922570E-7	1.508167E-8	1.508167E-8
4.500000E-1	6.147010E-7	6.147010E-7	1.565320E-8	1.565320E-8
4.600000E-1	6.371620E-7	6.371620E-7	1.622516E-8	1.622516E-8
4.700000E-1	6.592470E-7	6.592470E-7	1.678755E-8	1.678755E-8
4.800000E-1	6.844080E-7	6.844080E-7	1.742827E-8	1.742827E-8
4.900000E-1	7.091450E-7	7.091450E-7	1.805819E-8	1.805819E-8
5.000000E-1	7.344620E-7	7.344620E-7	1.870288E-8	1.870288E-8
