#
#
#14:14:52	05/02/21
#
#
#Ell Cont: 5,0x10,0
#
#SMU1	V name:		V1
#	I name:		I1
#	Mode:		V
#	Function:	VAR1
#SMU2	V name:		V2
#	I name:		I2
#	Mode:		common
#	Function:	const.
#SMU3	off
#SMU4	off
#VMUs	off
#
#Primary Source (VAR1):	single
#	Sweep Spacing:	linear
#	Start:		-0.500000
#	Stop:		0.500000
#	Step:		0.010000
#	Compliance:	0.050000
#Power Compliance OFF
#
#Timing:		Integration Time:	medium
#	Delay Time (sec):	0.000000
#	Hold Time (sec):	0.000000
#	Wait Time (sec):	1.000000
#
#Secondary Source (VAR2):	OFF
#
#
#   V1	   I1	Abs(I)	J (A\µm²)	Abs(J)
-5.000000E-1	-2.322600E-8	2.322600E-8	-5.914438E-10	5.914438E-10
-4.900000E-1	-2.212420E-8	2.212420E-8	-5.633868E-10	5.633868E-10
-4.800000E-1	-2.117220E-8	2.117220E-8	-5.391444E-10	5.391444E-10
-4.700000E-1	-2.055030E-8	2.055030E-8	-5.233079E-10	5.233079E-10
-4.600000E-1	-1.994240E-8	1.994240E-8	-5.078279E-10	5.078279E-10
-4.500000E-1	-1.917360E-8	1.917360E-8	-4.882506E-10	4.882506E-10
-4.400000E-1	-1.868580E-8	1.868580E-8	-4.758289E-10	4.758289E-10
-4.300000E-1	-1.818320E-8	1.818320E-8	-4.630303E-10	4.630303E-10
-4.200000E-1	-1.755980E-8	1.755980E-8	-4.471556E-10	4.471556E-10
-4.100000E-1	-1.697630E-8	1.697630E-8	-4.322969E-10	4.322969E-10
-4.000000E-1	-1.650870E-8	1.650870E-8	-4.203896E-10	4.203896E-10
-3.900000E-1	-1.604880E-8	1.604880E-8	-4.086784E-10	4.086784E-10
-3.800000E-1	-1.542100E-8	1.542100E-8	-3.926916E-10	3.926916E-10
-3.700000E-1	-1.485470E-8	1.485470E-8	-3.782709E-10	3.782709E-10
-3.600000E-1	-1.440360E-8	1.440360E-8	-3.667838E-10	3.667838E-10
-3.500000E-1	-1.396840E-8	1.396840E-8	-3.557015E-10	3.557015E-10
-3.400000E-1	-1.322560E-8	1.322560E-8	-3.367863E-10	3.367863E-10
-3.300000E-1	-1.278460E-8	1.278460E-8	-3.255564E-10	3.255564E-10
-3.200000E-1	-1.229650E-8	1.229650E-8	-3.131271E-10	3.131271E-10
-3.100000E-1	-1.185270E-8	1.185270E-8	-3.018258E-10	3.018258E-10
-3.000000E-1	-1.133330E-8	1.133330E-8	-2.885994E-10	2.885994E-10
-2.900000E-1	-1.082530E-8	1.082530E-8	-2.756634E-10	2.756634E-10
-2.800000E-1	-1.033550E-8	1.033550E-8	-2.631907E-10	2.631907E-10
-2.700000E-1	-9.841600E-9	9.841600E-9	-2.506137E-10	2.506137E-10
-2.600000E-1	-9.372040E-9	9.372040E-9	-2.386565E-10	2.386565E-10
-2.500000E-1	-8.784850E-9	8.784850E-9	-2.237038E-10	2.237038E-10
-2.400000E-1	-8.208040E-9	8.208040E-9	-2.090155E-10	2.090155E-10
-2.300000E-1	-7.841080E-9	7.841080E-9	-1.996710E-10	1.996710E-10
-2.200000E-1	-7.740340E-9	7.740340E-9	-1.971057E-10	1.971057E-10
-2.100000E-1	-8.978960E-9	8.978960E-9	-2.286468E-10	2.286468E-10
-2.000000E-1	-8.516640E-9	8.516640E-9	-2.168739E-10	2.168739E-10
-1.900000E-1	-8.093460E-9	8.093460E-9	-2.060978E-10	2.060978E-10
-1.800000E-1	-7.538040E-9	7.538040E-9	-1.919542E-10	1.919542E-10
-1.700000E-1	-6.941140E-9	6.941140E-9	-1.767543E-10	1.767543E-10
-1.600000E-1	-5.970840E-9	5.970840E-9	-1.520458E-10	1.520458E-10
-1.500000E-1	-5.353830E-9	5.353830E-9	-1.363338E-10	1.363338E-10
-1.400000E-1	-4.260400E-9	4.260400E-9	-1.084899E-10	1.084899E-10
-1.300000E-1	-3.799930E-9	3.799930E-9	-9.676420E-11	9.676420E-11
-1.200000E-1	-3.472690E-9	3.472690E-9	-8.843112E-11	8.843112E-11
-1.100000E-1	-3.161020E-9	3.161020E-9	-8.049452E-11	8.049452E-11
-1.000000E-1	-2.270120E-9	2.270120E-9	-5.780800E-11	5.780800E-11
-9.000000E-2	-2.301660E-9	2.301660E-9	-5.861115E-11	5.861115E-11
-8.000000E-2	-1.638560E-9	1.638560E-9	-4.172549E-11	4.172549E-11
-7.000000E-2	-1.717390E-9	1.717390E-9	-4.373287E-11	4.373287E-11
-6.000000E-2	-1.212070E-9	1.212070E-9	-3.086504E-11	3.086504E-11
-5.000000E-2	-9.556500E-10	9.556500E-10	-2.433537E-11	2.433537E-11
-4.000000E-2	-8.374000E-10	8.374000E-10	-2.132417E-11	2.132417E-11
-3.000000E-2	-7.072000E-10	7.072000E-10	-1.800866E-11	1.800866E-11
-2.000000E-2	-4.145000E-10	4.145000E-10	-1.055513E-11	1.055513E-11
-1.000000E-2	-1.854900E-10	1.854900E-10	-4.723453E-12	4.723453E-12
0.000000E+0	4.462000E-11	4.462000E-11	1.136236E-12	1.136236E-12
1.000000E-2	2.628000E-10	2.628000E-10	6.692131E-12	6.692131E-12
2.000000E-2	4.705700E-10	4.705700E-10	1.198294E-11	1.198294E-11
3.000000E-2	6.865800E-10	6.865800E-10	1.748358E-11	1.748358E-11
4.000000E-2	9.242600E-10	9.242600E-10	2.353603E-11	2.353603E-11
5.000000E-2	1.186440E-9	1.186440E-9	3.021238E-11	3.021238E-11
6.000000E-2	1.355960E-9	1.355960E-9	3.452916E-11	3.452916E-11
7.000000E-2	1.604050E-9	1.604050E-9	4.084670E-11	4.084670E-11
8.000000E-2	1.892510E-9	1.892510E-9	4.819226E-11	4.819226E-11
9.000000E-2	2.090440E-9	2.090440E-9	5.323249E-11	5.323249E-11
1.000000E-1	2.597530E-9	2.597530E-9	6.614540E-11	6.614540E-11
1.100000E-1	2.770360E-9	2.770360E-9	7.054647E-11	7.054647E-11
1.200000E-1	3.049870E-9	3.049870E-9	7.766412E-11	7.766412E-11
1.300000E-1	3.114550E-9	3.114550E-9	7.931118E-11	7.931118E-11
1.400000E-1	3.671230E-9	3.671230E-9	9.348688E-11	9.348688E-11
1.500000E-1	3.629580E-9	3.629580E-9	9.242628E-11	9.242628E-11
1.600000E-1	4.057740E-9	4.057740E-9	1.033293E-10	1.033293E-10
1.700000E-1	4.342210E-9	4.342210E-9	1.105732E-10	1.105732E-10
1.800000E-1	4.850830E-9	4.850830E-9	1.235251E-10	1.235251E-10
1.900000E-1	4.860590E-9	4.860590E-9	1.237736E-10	1.237736E-10
2.000000E-1	5.489500E-9	5.489500E-9	1.397886E-10	1.397886E-10
2.100000E-1	5.796860E-9	5.796860E-9	1.476155E-10	1.476155E-10
2.200000E-1	5.972240E-9	5.972240E-9	1.520815E-10	1.520815E-10
2.300000E-1	6.157030E-9	6.157030E-9	1.567871E-10	1.567871E-10
2.400000E-1	6.522930E-9	6.522930E-9	1.661047E-10	1.661047E-10
2.500000E-1	6.929050E-9	6.929050E-9	1.764464E-10	1.764464E-10
2.600000E-1	7.736650E-9	7.736650E-9	1.970117E-10	1.970117E-10
2.700000E-1	7.461230E-9	7.461230E-9	1.899982E-10	1.899982E-10
2.800000E-1	7.725650E-9	7.725650E-9	1.967316E-10	1.967316E-10
2.900000E-1	8.310770E-9	8.310770E-9	2.116315E-10	2.116315E-10
3.000000E-1	8.849200E-9	8.849200E-9	2.253425E-10	2.253425E-10
3.100000E-1	8.969340E-9	8.969340E-9	2.284018E-10	2.284018E-10
3.200000E-1	9.215000E-9	9.215000E-9	2.346575E-10	2.346575E-10
3.300000E-1	9.567400E-9	9.567400E-9	2.436313E-10	2.436313E-10
3.400000E-1	1.012150E-8	1.012150E-8	2.577413E-10	2.577413E-10
3.500000E-1	9.404500E-9	9.404500E-9	2.394831E-10	2.394831E-10
3.600000E-1	1.047260E-8	1.047260E-8	2.666819E-10	2.666819E-10
3.700000E-1	1.044220E-8	1.044220E-8	2.659078E-10	2.659078E-10
3.800000E-1	1.131650E-8	1.131650E-8	2.881716E-10	2.881716E-10
3.900000E-1	1.245340E-8	1.245340E-8	3.171225E-10	3.171225E-10
4.000000E-1	1.214730E-8	1.214730E-8	3.093277E-10	3.093277E-10
4.100000E-1	1.274530E-8	1.274530E-8	3.245556E-10	3.245556E-10
4.200000E-1	1.336650E-8	1.336650E-8	3.403743E-10	3.403743E-10
4.300000E-1	1.380130E-8	1.380130E-8	3.514464E-10	3.514464E-10
4.400000E-1	1.433350E-8	1.433350E-8	3.649987E-10	3.649987E-10
4.500000E-1	1.477020E-8	1.477020E-8	3.761192E-10	3.761192E-10
4.600000E-1	1.510330E-8	1.510330E-8	3.846015E-10	3.846015E-10
4.700000E-1	1.552540E-8	1.552540E-8	3.953501E-10	3.953501E-10
4.800000E-1	1.577090E-8	1.577090E-8	4.016017E-10	4.016017E-10
4.900000E-1	1.629190E-8	1.629190E-8	4.148689E-10	4.148689E-10
5.000000E-1	1.640480E-8	1.640480E-8	4.177438E-10	4.177438E-10
