#
#
#14:18:47	05/02/21
#
#
#Ell Cont: 5,0x10,0
#
#SMU1	V name:		V1
#	I name:		I1
#	Mode:		V
#	Function:	VAR1
#SMU2	V name:		V2
#	I name:		I2
#	Mode:		common
#	Function:	const.
#SMU3	off
#SMU4	off
#VMUs	off
#
#Primary Source (VAR1):	single
#	Sweep Spacing:	linear
#	Start:		-0.500000
#	Stop:		0.500000
#	Step:		0.010000
#	Compliance:	0.050000
#Power Compliance OFF
#
#Timing:		Integration Time:	medium
#	Delay Time (sec):	0.000000
#	Hold Time (sec):	0.000000
#	Wait Time (sec):	1.000000
#
#Secondary Source (VAR2):	OFF
#
#
#   V1	   I1	Abs(I)	J (A\µm²)	Abs(J)
-5.000000E-1	-1.075730E-9	1.075730E-9	-2.739318E-11	2.739318E-11
-4.900000E-1	-1.818570E-9	1.818570E-9	-4.630940E-11	4.630940E-11
-4.800000E-1	-3.232560E-9	3.232560E-9	-8.231627E-11	8.231627E-11
-4.700000E-1	-1.563830E-9	1.563830E-9	-3.982251E-11	3.982251E-11
-4.600000E-1	-1.333310E-9	1.333310E-9	-3.395238E-11	3.395238E-11
-4.500000E-1	-1.183210E-9	1.183210E-9	-3.013012E-11	3.013012E-11
-4.400000E-1	-1.558450E-9	1.558450E-9	-3.968551E-11	3.968551E-11
-4.300000E-1	-8.288600E-10	8.288600E-10	-2.110670E-11	2.110670E-11
-4.200000E-1	-7.597500E-10	7.597500E-10	-1.934683E-11	1.934683E-11
-4.100000E-1	-1.067140E-9	1.067140E-9	-2.717443E-11	2.717443E-11
-4.000000E-1	-9.524000E-10	9.524000E-10	-2.425261E-11	2.425261E-11
-3.900000E-1	-9.143300E-10	9.143300E-10	-2.328317E-11	2.328317E-11
-3.800000E-1	-9.260800E-10	9.260800E-10	-2.358238E-11	2.358238E-11
-3.700000E-1	-8.866400E-10	8.866400E-10	-2.257805E-11	2.257805E-11
-3.600000E-1	-6.141800E-10	6.141800E-10	-1.563993E-11	1.563993E-11
-3.500000E-1	-8.664500E-10	8.664500E-10	-2.206392E-11	2.206392E-11
-3.400000E-1	-1.040420E-9	1.040420E-9	-2.649402E-11	2.649402E-11
-3.300000E-1	-1.136370E-9	1.136370E-9	-2.893736E-11	2.893736E-11
-3.200000E-1	-1.212660E-9	1.212660E-9	-3.088006E-11	3.088006E-11
-3.100000E-1	-1.025010E-9	1.025010E-9	-2.610160E-11	2.610160E-11
-3.000000E-1	-9.462300E-10	9.462300E-10	-2.409549E-11	2.409549E-11
-2.900000E-1	-8.933000E-10	8.933000E-10	-2.274764E-11	2.274764E-11
-2.800000E-1	-1.026130E-9	1.026130E-9	-2.613012E-11	2.613012E-11
-2.700000E-1	-7.512500E-10	7.512500E-10	-1.913038E-11	1.913038E-11
-2.600000E-1	-7.518400E-10	7.518400E-10	-1.914540E-11	1.914540E-11
-2.500000E-1	-7.627200E-10	7.627200E-10	-1.942246E-11	1.942246E-11
-2.400000E-1	-7.475600E-10	7.475600E-10	-1.903641E-11	1.903641E-11
-2.300000E-1	-4.155200E-10	4.155200E-10	-1.058111E-11	1.058111E-11
-2.200000E-1	-5.679800E-10	5.679800E-10	-1.446346E-11	1.446346E-11
-2.100000E-1	-6.339200E-10	6.339200E-10	-1.614260E-11	1.614260E-11
-2.000000E-1	-4.984900E-10	4.984900E-10	-1.269391E-11	1.269391E-11
-1.900000E-1	-3.942900E-10	3.942900E-10	-1.004049E-11	1.004049E-11
-1.800000E-1	-1.714800E-10	1.714800E-10	-4.366692E-12	4.366692E-12
-1.700000E-1	-1.622600E-10	1.622600E-10	-4.131907E-12	4.131907E-12
-1.600000E-1	-1.320000E-10	1.320000E-10	-3.361344E-12	3.361344E-12
-1.500000E-1	-1.142400E-10	1.142400E-10	-2.909091E-12	2.909091E-12
-1.400000E-1	-1.042900E-10	1.042900E-10	-2.655717E-12	2.655717E-12
-1.300000E-1	-8.620000E-11	8.620000E-11	-2.195060E-12	2.195060E-12
-1.200000E-1	-6.694000E-11	6.694000E-11	-1.704609E-12	1.704609E-12
-1.100000E-1	-5.836000E-11	5.836000E-11	-1.486122E-12	1.486122E-12
-1.000000E-1	-5.340000E-11	5.340000E-11	-1.359817E-12	1.359817E-12
-9.000000E-2	-4.477000E-11	4.477000E-11	-1.140056E-12	1.140056E-12
-8.000000E-2	-3.969000E-11	3.969000E-11	-1.010695E-12	1.010695E-12
-7.000000E-2	-3.401000E-11	3.401000E-11	-8.660555E-13	8.660555E-13
-6.000000E-2	-2.929000E-11	2.929000E-11	-7.458620E-13	7.458620E-13
-5.000000E-2	-2.431000E-11	2.431000E-11	-6.190476E-13	6.190476E-13
-4.000000E-2	-2.031000E-11	2.031000E-11	-5.171887E-13	5.171887E-13
-3.000000E-2	-1.423000E-11	1.423000E-11	-3.623631E-13	3.623631E-13
-2.000000E-2	-1.049000E-11	1.049000E-11	-2.671250E-13	2.671250E-13
-1.000000E-2	-3.460000E-12	3.460000E-12	-8.810797E-14	8.810797E-14
0.000000E+0	-8.100000E-13	8.100000E-13	-2.062643E-14	2.062643E-14
1.000000E-2	8.830000E-12	8.830000E-12	2.248536E-13	2.248536E-13
2.000000E-2	2.600000E-11	2.600000E-11	6.620830E-13	6.620830E-13
3.000000E-2	5.274000E-11	5.274000E-11	1.343010E-12	1.343010E-12
4.000000E-2	1.118400E-10	1.118400E-10	2.847976E-12	2.847976E-12
5.000000E-2	1.514100E-10	1.514100E-10	3.855615E-12	3.855615E-12
6.000000E-2	1.802700E-10	1.802700E-10	4.590527E-12	4.590527E-12
7.000000E-2	2.101400E-10	2.101400E-10	5.351159E-12	5.351159E-12
8.000000E-2	2.546500E-10	2.546500E-10	6.484594E-12	6.484594E-12
9.000000E-2	1.497400E-10	1.497400E-10	3.813089E-12	3.813089E-12
1.000000E-1	1.358300E-10	1.358300E-10	3.458874E-12	3.458874E-12
1.100000E-1	1.102100E-10	1.102100E-10	2.806468E-12	2.806468E-12
1.200000E-1	7.875000E-11	7.875000E-11	2.005348E-12	2.005348E-12
1.300000E-1	8.038000E-11	8.038000E-11	2.046855E-12	2.046855E-12
1.400000E-1	8.625000E-11	8.625000E-11	2.196333E-12	2.196333E-12
1.500000E-1	9.321000E-11	9.321000E-11	2.373568E-12	2.373568E-12
1.600000E-1	6.225900E-10	6.225900E-10	1.585409E-11	1.585409E-11
1.700000E-1	1.192300E-10	1.192300E-10	3.036160E-12	3.036160E-12
1.800000E-1	1.408800E-10	1.408800E-10	3.587471E-12	3.587471E-12
1.900000E-1	2.116000E-10	2.116000E-10	5.388337E-12	5.388337E-12
2.000000E-1	2.690300E-10	2.690300E-10	6.850777E-12	6.850777E-12
2.100000E-1	2.544700E-10	2.544700E-10	6.480010E-12	6.480010E-12
2.200000E-1	2.752800E-10	2.752800E-10	7.009931E-12	7.009931E-12
2.300000E-1	6.783000E-10	6.783000E-10	1.727273E-11	1.727273E-11
2.400000E-1	3.736200E-10	3.736200E-10	9.514133E-12	9.514133E-12
2.500000E-1	3.846100E-10	3.846100E-10	9.793990E-12	9.793990E-12
2.600000E-1	2.794500E-10	2.794500E-10	7.116119E-12	7.116119E-12
2.700000E-1	3.451400E-10	3.451400E-10	8.788897E-12	8.788897E-12
2.800000E-1	7.950300E-10	7.950300E-10	2.024523E-11	2.024523E-11
2.900000E-1	3.220900E-10	3.220900E-10	8.201935E-12	8.201935E-12
3.000000E-1	5.285600E-10	5.285600E-10	1.345964E-11	1.345964E-11
3.100000E-1	4.756700E-10	4.756700E-10	1.211281E-11	1.211281E-11
3.200000E-1	4.713800E-10	4.713800E-10	1.200356E-11	1.200356E-11
3.300000E-1	6.245100E-10	6.245100E-10	1.590298E-11	1.590298E-11
3.400000E-1	7.543800E-10	7.543800E-10	1.921008E-11	1.921008E-11
3.500000E-1	5.955800E-10	5.955800E-10	1.516628E-11	1.516628E-11
3.600000E-1	7.004500E-10	7.004500E-10	1.783677E-11	1.783677E-11
3.700000E-1	6.894800E-10	6.894800E-10	1.755742E-11	1.755742E-11
3.800000E-1	2.012090E-9	2.012090E-9	5.123733E-11	5.123733E-11
3.900000E-1	9.173600E-10	9.173600E-10	2.336033E-11	2.336033E-11
4.000000E-1	1.114780E-9	1.114780E-9	2.838757E-11	2.838757E-11
4.100000E-1	2.636130E-9	2.636130E-9	6.712834E-11	6.712834E-11
4.200000E-1	1.103510E-9	1.103510E-9	2.810059E-11	2.810059E-11
4.300000E-1	2.553460E-9	2.553460E-9	6.502317E-11	6.502317E-11
4.400000E-1	2.314770E-9	2.314770E-9	5.894500E-11	5.894500E-11
4.500000E-1	2.823900E-9	2.823900E-9	7.190985E-11	7.190985E-11
4.600000E-1	1.605860E-9	1.605860E-9	4.089279E-11	4.089279E-11
4.700000E-1	1.459010E-9	1.459010E-9	3.715330E-11	3.715330E-11
4.800000E-1	1.688210E-9	1.688210E-9	4.298981E-11	4.298981E-11
4.900000E-1	2.202750E-9	2.202750E-9	5.609244E-11	5.609244E-11
5.000000E-1	2.444420E-9	2.444420E-9	6.224650E-11	6.224650E-11
