

16:37:31	26/03/21


Ell Cont: 5,0x10,0

SMU1	V name:		V1
	I name:		I1
	Mode:		V
	Function:	VAR1
SMU2	V name:		V2
	I name:		I2
	Mode:		common
	Function:	const.
SMU3	off
SMU4	off
VMUs	off

Primary Source (VAR1):	single
	Sweep Spacing:	linear
	Start:		-0.500000
	Stop:		0.500000
	Step:		0.010000
	Compliance:	0.050000
Power Compliance OFF

Timing:		Integration Time:	medium
	Delay Time (sec):	0.000000
	Hold Time (sec):	0.000000
	Wait Time (sec):	1.000000

Secondary Source (VAR2):	OFF


   V1	   I1	Abs(I)	J (A\um²)	Abs(J)
-5.000000E-1	-4.371520E-9	4.371520E-9	-1.113196E-10	1.113196E-10
-4.900000E-1	-2.695500E-10	2.695500E-10	-6.864018E-12	6.864018E-12
-4.800000E-1	9.610100E-10	9.610100E-10	2.447186E-11	2.447186E-11
-4.700000E-1	1.599660E-9	1.599660E-9	4.073491E-11	4.073491E-11
-4.600000E-1	1.963110E-9	1.963110E-9	4.999007E-11	4.999007E-11
-4.500000E-1	2.272940E-9	2.272940E-9	5.787981E-11	5.787981E-11
-4.400000E-1	2.523820E-9	2.523820E-9	6.426840E-11	6.426840E-11
-4.300000E-1	2.692360E-9	2.692360E-9	6.856022E-11	6.856022E-11
-4.200000E-1	2.894660E-9	2.894660E-9	7.371174E-11	7.371174E-11
-4.100000E-1	3.033160E-9	3.033160E-9	7.723860E-11	7.723860E-11
-4.000000E-1	3.224930E-9	3.224930E-9	8.212198E-11	8.212198E-11
-3.900000E-1	3.394500E-9	3.394500E-9	8.644003E-11	8.644003E-11
-3.800000E-1	3.581740E-9	3.581740E-9	9.120805E-11	9.120805E-11
-3.700000E-1	3.760420E-9	3.760420E-9	9.575808E-11	9.575808E-11
-3.600000E-1	3.956840E-9	3.956840E-9	1.007599E-10	1.007599E-10
-3.500000E-1	4.158790E-9	4.158790E-9	1.059025E-10	1.059025E-10
-3.400000E-1	4.328230E-9	4.328230E-9	1.102172E-10	1.102172E-10
-3.300000E-1	4.548000E-9	4.548000E-9	1.158136E-10	1.158136E-10
-3.200000E-1	4.777180E-9	4.777180E-9	1.216496E-10	1.216496E-10
-3.100000E-1	4.983420E-9	4.983420E-9	1.269015E-10	1.269015E-10
-3.000000E-1	5.244790E-9	5.244790E-9	1.335572E-10	1.335572E-10
-2.900000E-1	5.512920E-9	5.512920E-9	1.403850E-10	1.403850E-10
-2.800000E-1	5.775980E-9	5.775980E-9	1.470838E-10	1.470838E-10
-2.700000E-1	6.056530E-9	6.056530E-9	1.542279E-10	1.542279E-10
-2.600000E-1	6.372590E-9	6.372590E-9	1.622763E-10	1.622763E-10
-2.500000E-1	6.725220E-9	6.725220E-9	1.712559E-10	1.712559E-10
-2.400000E-1	7.065640E-9	7.065640E-9	1.799246E-10	1.799246E-10
-2.300000E-1	7.421920E-9	7.421920E-9	1.889972E-10	1.889972E-10
-2.200000E-1	7.833050E-9	7.833050E-9	1.994665E-10	1.994665E-10
-2.100000E-1	8.261590E-9	8.261590E-9	2.103792E-10	2.103792E-10
-2.000000E-1	8.691680E-9	8.691680E-9	2.213313E-10	2.213313E-10
-1.900000E-1	9.448100E-9	9.448100E-9	2.405933E-10	2.405933E-10
-1.800000E-1	1.006730E-8	1.006730E-8	2.563611E-10	2.563611E-10
-1.700000E-1	1.072360E-8	1.072360E-8	2.730736E-10	2.730736E-10
-1.600000E-1	1.143610E-8	1.143610E-8	2.912172E-10	2.912172E-10
-1.500000E-1	1.217820E-8	1.217820E-8	3.101146E-10	3.101146E-10
-1.400000E-1	1.296890E-8	1.296890E-8	3.302496E-10	3.302496E-10
-1.300000E-1	1.380440E-8	1.380440E-8	3.515253E-10	3.515253E-10
-1.200000E-1	1.469800E-8	1.469800E-8	3.742806E-10	3.742806E-10
-1.100000E-1	1.569590E-8	1.569590E-8	3.996919E-10	3.996919E-10
-1.000000E-1	1.672340E-8	1.672340E-8	4.258569E-10	4.258569E-10
-9.000000E-2	1.783560E-8	1.783560E-8	4.541788E-10	4.541788E-10
-8.000000E-2	1.901040E-8	1.901040E-8	4.840947E-10	4.840947E-10
-7.000000E-2	2.029730E-8	2.029730E-8	5.168653E-10	5.168653E-10
-6.000000E-2	2.165200E-8	2.165200E-8	5.513624E-10	5.513624E-10
-5.000000E-2	2.310580E-8	2.310580E-8	5.883830E-10	5.883830E-10
-4.000000E-2	2.467070E-8	2.467070E-8	6.282327E-10	6.282327E-10
-3.000000E-2	2.633090E-8	2.633090E-8	6.705093E-10	6.705093E-10
-2.000000E-2	2.812630E-8	2.812630E-8	7.162287E-10	7.162287E-10
-1.000000E-2	3.000680E-8	3.000680E-8	7.641151E-10	7.641151E-10
0.000000E+0	3.205040E-8	3.205040E-8	8.161548E-10	8.161548E-10
1.000000E-2	3.417580E-8	3.417580E-8	8.702776E-10	8.702776E-10
2.000000E-2	3.647710E-8	3.647710E-8	9.288795E-10	9.288795E-10
3.000000E-2	3.888340E-8	3.888340E-8	9.901553E-10	9.901553E-10
4.000000E-2	4.146110E-8	4.146110E-8	1.055796E-9	1.055796E-9
5.000000E-2	4.419270E-8	4.419270E-8	1.125355E-9	1.125355E-9
6.000000E-2	4.707320E-8	4.707320E-8	1.198706E-9	1.198706E-9
7.000000E-2	5.012310E-8	5.012310E-8	1.276371E-9	1.276371E-9
8.000000E-2	5.331810E-8	5.331810E-8	1.357731E-9	1.357731E-9
9.000000E-2	5.672080E-8	5.672080E-8	1.444380E-9	1.444380E-9
1.000000E-1	6.026120E-8	6.026120E-8	1.534535E-9	1.534535E-9
1.100000E-1	6.402000E-8	6.402000E-8	1.630252E-9	1.630252E-9
1.200000E-1	6.792750E-8	6.792750E-8	1.729756E-9	1.729756E-9
1.300000E-1	7.202930E-8	7.202930E-8	1.834207E-9	1.834207E-9
1.400000E-1	7.628920E-8	7.628920E-8	1.942684E-9	1.942684E-9
1.500000E-1	8.076430E-8	8.076430E-8	2.056641E-9	2.056641E-9
1.600000E-1	8.544390E-8	8.544390E-8	2.175806E-9	2.175806E-9
1.700000E-1	9.022580E-8	9.022580E-8	2.297576E-9	2.297576E-9
1.800000E-1	9.525080E-8	9.525080E-8	2.425536E-9	2.425536E-9
1.900000E-1	1.003988E-7	1.003988E-7	2.556628E-9	2.556628E-9
2.000000E-1	1.058570E-7	1.058570E-7	2.695620E-9	2.695620E-9
2.100000E-1	1.137830E-7	1.137830E-7	2.897453E-9	2.897453E-9
2.200000E-1	1.210310E-7	1.210310E-7	3.082022E-9	3.082022E-9
2.300000E-1	1.287200E-7	1.287200E-7	3.277820E-9	3.277820E-9
2.400000E-1	1.369880E-7	1.369880E-7	3.488363E-9	3.488363E-9
2.500000E-1	1.456590E-7	1.456590E-7	3.709167E-9	3.709167E-9
2.600000E-1	1.548940E-7	1.548940E-7	3.944334E-9	3.944334E-9
2.700000E-1	1.646080E-7	1.646080E-7	4.191698E-9	4.191698E-9
2.800000E-1	1.746920E-7	1.746920E-7	4.448485E-9	4.448485E-9
2.900000E-1	1.853310E-7	1.853310E-7	4.719404E-9	4.719404E-9
3.000000E-1	1.962940E-7	1.962940E-7	4.998574E-9	4.998574E-9
3.100000E-1	2.078360E-7	2.078360E-7	5.292488E-9	5.292488E-9
3.200000E-1	2.196500E-7	2.196500E-7	5.593328E-9	5.593328E-9
3.300000E-1	2.319710E-7	2.319710E-7	5.907079E-9	5.907079E-9
3.400000E-1	2.445320E-7	2.445320E-7	6.226942E-9	6.226942E-9
3.500000E-1	2.575750E-7	2.575750E-7	6.559078E-9	6.559078E-9
3.600000E-1	2.707950E-7	2.707950E-7	6.895722E-9	6.895722E-9
3.700000E-1	2.844320E-7	2.844320E-7	7.242984E-9	7.242984E-9
3.800000E-1	2.983050E-7	2.983050E-7	7.596257E-9	7.596257E-9
3.900000E-1	3.122420E-7	3.122420E-7	7.951159E-9	7.951159E-9
4.000000E-1	3.264960E-7	3.264960E-7	8.314133E-9	8.314133E-9
4.100000E-1	3.407220E-7	3.407220E-7	8.676394E-9	8.676394E-9
4.200000E-1	3.551820E-7	3.551820E-7	9.044614E-9	9.044614E-9
4.300000E-1	3.695120E-7	3.695120E-7	9.409524E-9	9.409524E-9
4.400000E-1	3.840120E-7	3.840120E-7	9.778762E-9	9.778762E-9
4.500000E-1	3.982860E-7	3.982860E-7	1.014225E-8	1.014225E-8
4.600000E-1	4.126730E-7	4.126730E-7	1.050861E-8	1.050861E-8
4.700000E-1	4.267560E-7	4.267560E-7	1.086723E-8	1.086723E-8
4.800000E-1	4.409110E-7	4.409110E-7	1.122768E-8	1.122768E-8
4.900000E-1	4.548340E-7	4.548340E-7	1.158223E-8	1.158223E-8
5.000000E-1	4.683590E-7	4.683590E-7	1.192664E-8	1.192664E-8
