

16:30:30	26/03/21


Ell Cont: 5,0x10,0

SMU1	V name:		V1
	I name:		I1
	Mode:		V
	Function:	VAR1
SMU2	V name:		V2
	I name:		I2
	Mode:		common
	Function:	const.
SMU3	off
SMU4	off
VMUs	off

Primary Source (VAR1):	single
	Sweep Spacing:	linear
	Start:		-1.500000
	Stop:		1.500000
	Step:		0.010000
	Compliance:	0.050000
Power Compliance OFF

Timing:		Integration Time:	medium
	Delay Time (sec):	0.000000
	Hold Time (sec):	0.000000
	Wait Time (sec):	1.000000

Secondary Source (VAR2):	OFF


   V1	   I1	Abs(I)	J (A\µm²)	Abs(J)
-1.500000E+0	-4.999680E-2	4.999680E-2	-1.273155E-3	1.273155E-3
-1.490000E+0	-4.999910E-2	4.999910E-2	-1.273214E-3	1.273214E-3
-1.480000E+0	-4.999910E-2	4.999910E-2	-1.273214E-3	1.273214E-3
-1.470000E+0	-4.999920E-2	4.999920E-2	-1.273216E-3	1.273216E-3
-1.460000E+0	-4.999930E-2	4.999930E-2	-1.273219E-3	1.273219E-3
-1.450000E+0	-4.999910E-2	4.999910E-2	-1.273214E-3	1.273214E-3
-1.440000E+0	-4.999920E-2	4.999920E-2	-1.273216E-3	1.273216E-3
-1.430000E+0	-4.999900E-2	4.999900E-2	-1.273211E-3	1.273211E-3
-1.420000E+0	-4.999900E-2	4.999900E-2	-1.273211E-3	1.273211E-3
-1.410000E+0	-4.999870E-2	4.999870E-2	-1.273203E-3	1.273203E-3
-1.400000E+0	-4.999920E-2	4.999920E-2	-1.273216E-3	1.273216E-3
-1.390000E+0	-4.999930E-2	4.999930E-2	-1.273219E-3	1.273219E-3
-1.380000E+0	-4.999900E-2	4.999900E-2	-1.273211E-3	1.273211E-3
-1.370000E+0	-4.999890E-2	4.999890E-2	-1.273209E-3	1.273209E-3
-1.360000E+0	-4.999910E-2	4.999910E-2	-1.273214E-3	1.273214E-3
-1.350000E+0	-4.976950E-2	4.976950E-2	-1.267367E-3	1.267367E-3
-1.340000E+0	-4.982030E-2	4.982030E-2	-1.268661E-3	1.268661E-3
-1.330000E+0	-4.999810E-2	4.999810E-2	-1.273188E-3	1.273188E-3
-1.320000E+0	-4.995270E-2	4.995270E-2	-1.272032E-3	1.272032E-3
-1.310000E+0	-4.999940E-2	4.999940E-2	-1.273221E-3	1.273221E-3
-1.300000E+0	-4.999940E-2	4.999940E-2	-1.273221E-3	1.273221E-3
-1.290000E+0	-4.999900E-2	4.999900E-2	-1.273211E-3	1.273211E-3
-1.280000E+0	-4.976730E-2	4.976730E-2	-1.267311E-3	1.267311E-3
-1.270000E+0	-4.908250E-2	4.908250E-2	-1.249873E-3	1.249873E-3
-1.260000E+0	-4.943760E-2	4.943760E-2	-1.258915E-3	1.258915E-3
-1.250000E+0	-4.791380E-2	4.791380E-2	-1.220112E-3	1.220112E-3
-1.240000E+0	-4.599960E-2	4.599960E-2	-1.171367E-3	1.171367E-3
-1.230000E+0	-4.885440E-2	4.885440E-2	-1.244064E-3	1.244064E-3
-1.220000E+0	-4.915690E-2	4.915690E-2	-1.251767E-3	1.251767E-3
-1.210000E+0	-4.418630E-2	4.418630E-2	-1.125192E-3	1.125192E-3
-1.200000E+0	-4.674220E-2	4.674220E-2	-1.190278E-3	1.190278E-3
-1.190000E+0	-4.915930E-2	4.915930E-2	-1.251828E-3	1.251828E-3
-1.180000E+0	-4.999900E-2	4.999900E-2	-1.273211E-3	1.273211E-3
-1.170000E+0	-4.999900E-2	4.999900E-2	-1.273211E-3	1.273211E-3
-1.160000E+0	-4.999870E-2	4.999870E-2	-1.273203E-3	1.273203E-3
-1.150000E+0	-4.999900E-2	4.999900E-2	-1.273211E-3	1.273211E-3
-1.140000E+0	-4.999910E-2	4.999910E-2	-1.273214E-3	1.273214E-3
-1.130000E+0	-4.999910E-2	4.999910E-2	-1.273214E-3	1.273214E-3
-1.120000E+0	-4.999900E-2	4.999900E-2	-1.273211E-3	1.273211E-3
-1.110000E+0	-4.999910E-2	4.999910E-2	-1.273214E-3	1.273214E-3
-1.100000E+0	-4.999910E-2	4.999910E-2	-1.273214E-3	1.273214E-3
-1.090000E+0	-4.999910E-2	4.999910E-2	-1.273214E-3	1.273214E-3
-1.080000E+0	-4.999900E-2	4.999900E-2	-1.273211E-3	1.273211E-3
-1.070000E+0	-4.996160E-2	4.996160E-2	-1.272259E-3	1.272259E-3
-1.060000E+0	-4.915990E-2	4.915990E-2	-1.251844E-3	1.251844E-3
-1.050000E+0	-4.887340E-2	4.887340E-2	-1.244548E-3	1.244548E-3
-1.040000E+0	-4.864530E-2	4.864530E-2	-1.238739E-3	1.238739E-3
-1.030000E+0	-4.784390E-2	4.784390E-2	-1.218332E-3	1.218332E-3
-1.020000E+0	-4.766850E-2	4.766850E-2	-1.213866E-3	1.213866E-3
-1.010000E+0	-4.691930E-2	4.691930E-2	-1.194787E-3	1.194787E-3
-1.000000E+0	-4.615440E-2	4.615440E-2	-1.175309E-3	1.175309E-3
-9.900000E-1	-4.543550E-2	4.543550E-2	-1.157003E-3	1.157003E-3
-9.800000E-1	-4.499870E-2	4.499870E-2	-1.145880E-3	1.145880E-3
-9.700000E-1	-4.470200E-2	4.470200E-2	-1.138324E-3	1.138324E-3
-9.600000E-1	-4.431310E-2	4.431310E-2	-1.128421E-3	1.128421E-3
-9.500000E-1	-4.349260E-2	4.349260E-2	-1.107527E-3	1.107527E-3
-9.400000E-1	-4.293930E-2	4.293930E-2	-1.093438E-3	1.093438E-3
-9.300000E-1	-4.232370E-2	4.232370E-2	-1.077762E-3	1.077762E-3
-9.200000E-1	-4.198670E-2	4.198670E-2	-1.069180E-3	1.069180E-3
-9.100000E-1	-4.087150E-2	4.087150E-2	-1.040782E-3	1.040782E-3
-9.000000E-1	-4.002840E-2	4.002840E-2	-1.019312E-3	1.019312E-3
-8.900000E-1	-3.945860E-2	3.945860E-2	-1.004803E-3	1.004803E-3
-8.800000E-1	-3.880180E-2	3.880180E-2	-9.880774E-4	9.880774E-4
-8.700000E-1	-3.818330E-2	3.818330E-2	-9.723275E-4	9.723275E-4
-8.600000E-1	-3.752260E-2	3.752260E-2	-9.555029E-4	9.555029E-4
-8.500000E-1	-3.699810E-2	3.699810E-2	-9.421467E-4	9.421467E-4
-8.400000E-1	-3.651290E-2	3.651290E-2	-9.297912E-4	9.297912E-4
-8.300000E-1	-3.592170E-2	3.592170E-2	-9.147364E-4	9.147364E-4
-8.200000E-1	-3.541360E-2	3.541360E-2	-9.017978E-4	9.017978E-4
-8.100000E-1	-3.471600E-2	3.471600E-2	-8.840336E-4	8.840336E-4
-8.000000E-1	-3.425380E-2	3.425380E-2	-8.722638E-4	8.722638E-4
-7.900000E-1	-3.393410E-2	3.393410E-2	-8.641227E-4	8.641227E-4
-7.800000E-1	-3.310010E-2	3.310010E-2	-8.428851E-4	8.428851E-4
-7.700000E-1	-3.256130E-2	3.256130E-2	-8.291647E-4	8.291647E-4
-7.600000E-1	-3.190190E-2	3.190190E-2	-8.123733E-4	8.123733E-4
-7.500000E-1	-3.151280E-2	3.151280E-2	-8.024650E-4	8.024650E-4
-7.400000E-1	-3.100370E-2	3.100370E-2	-7.895009E-4	7.895009E-4
-7.300000E-1	-3.090210E-2	3.090210E-2	-7.869137E-4	7.869137E-4
-7.200000E-1	-3.040330E-2	3.040330E-2	-7.742119E-4	7.742119E-4
-7.100000E-1	-2.995910E-2	2.995910E-2	-7.629004E-4	7.629004E-4
-7.000000E-1	-2.919200E-2	2.919200E-2	-7.433664E-4	7.433664E-4
-6.900000E-1	-2.857380E-2	2.857380E-2	-7.276241E-4	7.276241E-4
-6.800000E-1	-2.826930E-2	2.826930E-2	-7.198701E-4	7.198701E-4
-6.700000E-1	-2.765580E-2	2.765580E-2	-7.042475E-4	7.042475E-4
-6.600000E-1	-2.718580E-2	2.718580E-2	-6.922791E-4	6.922791E-4
-6.500000E-1	-2.664830E-2	2.664830E-2	-6.785918E-4	6.785918E-4
-6.400000E-1	-2.611000E-2	2.611000E-2	-6.648841E-4	6.648841E-4
-6.300000E-1	-2.561150E-2	2.561150E-2	-6.521900E-4	6.521900E-4
-6.200000E-1	-2.512540E-2	2.512540E-2	-6.398116E-4	6.398116E-4
-6.100000E-1	-2.531850E-2	2.531850E-2	-6.447288E-4	6.447288E-4
-6.000000E-1	-2.434230E-2	2.434230E-2	-6.198701E-4	6.198701E-4
-5.900000E-1	-2.382630E-2	2.382630E-2	-6.067303E-4	6.067303E-4
-5.800000E-1	-2.333330E-2	2.333330E-2	-5.941762E-4	5.941762E-4
-5.700000E-1	-2.281280E-2	2.281280E-2	-5.809218E-4	5.809218E-4
-5.600000E-1	-2.233660E-2	2.233660E-2	-5.687955E-4	5.687955E-4
-5.500000E-1	-2.178680E-2	2.178680E-2	-5.547950E-4	5.547950E-4
-5.400000E-1	-2.135090E-2	2.135090E-2	-5.436949E-4	5.436949E-4
-5.300000E-1	-2.086940E-2	2.086940E-2	-5.314337E-4	5.314337E-4
-5.200000E-1	-2.034090E-2	2.034090E-2	-5.179755E-4	5.179755E-4
-5.100000E-1	-1.986410E-2	1.986410E-2	-5.058340E-4	5.058340E-4
-5.000000E-1	-1.936550E-2	1.936550E-2	-4.931372E-4	4.931372E-4
-4.900000E-1	-1.890990E-2	1.890990E-2	-4.815355E-4	4.815355E-4
-4.800000E-1	-1.838340E-2	1.838340E-2	-4.681283E-4	4.681283E-4
-4.700000E-1	-1.789020E-2	1.789020E-2	-4.555691E-4	4.555691E-4
-4.600000E-1	-1.748230E-2	1.748230E-2	-4.451821E-4	4.451821E-4
-4.500000E-1	-1.707960E-2	1.707960E-2	-4.349274E-4	4.349274E-4
-4.400000E-1	-1.663640E-2	1.663640E-2	-4.236415E-4	4.236415E-4
-4.300000E-1	-1.614650E-2	1.614650E-2	-4.111663E-4	4.111663E-4
-4.200000E-1	-1.568290E-2	1.568290E-2	-3.993608E-4	3.993608E-4
-4.100000E-1	-1.525300E-2	1.525300E-2	-3.884135E-4	3.884135E-4
-4.000000E-1	-1.472280E-2	1.472280E-2	-3.749121E-4	3.749121E-4
-3.900000E-1	-1.428550E-2	1.428550E-2	-3.637764E-4	3.637764E-4
-3.800000E-1	-1.379510E-2	1.379510E-2	-3.512885E-4	3.512885E-4
-3.700000E-1	-1.334980E-2	1.334980E-2	-3.399491E-4	3.399491E-4
-3.600000E-1	-1.294710E-2	1.294710E-2	-3.296944E-4	3.296944E-4
-3.500000E-1	-1.253070E-2	1.253070E-2	-3.190909E-4	3.190909E-4
-3.400000E-1	-1.206290E-2	1.206290E-2	-3.071785E-4	3.071785E-4
-3.300000E-1	-1.168470E-2	1.168470E-2	-2.975477E-4	2.975477E-4
-3.200000E-1	-1.125560E-2	1.125560E-2	-2.866208E-4	2.866208E-4
-3.100000E-1	-1.084690E-2	1.084690E-2	-2.762134E-4	2.762134E-4
-3.000000E-1	-1.045080E-2	1.045080E-2	-2.661268E-4	2.661268E-4
-2.900000E-1	-1.004610E-2	1.004610E-2	-2.558212E-4	2.558212E-4
-2.800000E-1	-9.638090E-3	9.638090E-3	-2.454314E-4	2.454314E-4
-2.700000E-1	-9.270830E-3	9.270830E-3	-2.360792E-4	2.360792E-4
-2.600000E-1	-8.869400E-3	8.869400E-3	-2.258569E-4	2.258569E-4
-2.500000E-1	-8.495800E-3	8.495800E-3	-2.163433E-4	2.163433E-4
-2.400000E-1	-8.125340E-3	8.125340E-3	-2.069096E-4	2.069096E-4
-2.300000E-1	-7.761320E-3	7.761320E-3	-1.976399E-4	1.976399E-4
-2.200000E-1	-7.401490E-3	7.401490E-3	-1.884770E-4	1.884770E-4
-2.100000E-1	-7.013250E-3	7.013250E-3	-1.785905E-4	1.785905E-4
-2.000000E-1	-6.654050E-3	6.654050E-3	-1.694436E-4	1.694436E-4
-1.900000E-1	-6.286770E-3	6.286770E-3	-1.600909E-4	1.600909E-4
-1.800000E-1	-5.917120E-3	5.917120E-3	-1.506779E-4	1.506779E-4
-1.700000E-1	-5.557630E-3	5.557630E-3	-1.415236E-4	1.415236E-4
-1.600000E-1	-5.196910E-3	5.196910E-3	-1.323379E-4	1.323379E-4
-1.500000E-1	-4.808440E-3	4.808440E-3	-1.224456E-4	1.224456E-4
-1.400000E-1	-4.447260E-3	4.447260E-3	-1.132483E-4	1.132483E-4
-1.300000E-1	-4.093000E-3	4.093000E-3	-1.042271E-4	1.042271E-4
-1.200000E-1	-3.755830E-3	3.755830E-3	-9.564120E-5	9.564120E-5
-1.100000E-1	-3.427720E-3	3.427720E-3	-8.728597E-5	8.728597E-5
-1.000000E-1	-3.108410E-3	3.108410E-3	-7.915482E-5	7.915482E-5
-9.000000E-2	-2.783810E-3	2.783810E-3	-7.088897E-5	7.088897E-5
-8.000000E-2	-2.465210E-3	2.465210E-3	-6.277591E-5	6.277591E-5
-7.000000E-2	-2.150030E-3	2.150030E-3	-5.474994E-5	5.474994E-5
-6.000000E-2	-1.836280E-3	1.836280E-3	-4.676038E-5	4.676038E-5
-5.000000E-2	-1.524840E-3	1.524840E-3	-3.882964E-5	3.882964E-5
-4.000000E-2	-1.214410E-3	1.214410E-3	-3.092462E-5	3.092462E-5
-3.000000E-2	-8.997320E-4	8.997320E-4	-2.291143E-5	2.291143E-5
-2.000000E-2	-5.984610E-4	5.984610E-4	-1.523965E-5	1.523965E-5
-1.000000E-2	-2.994130E-4	2.994130E-4	-7.624472E-6	7.624472E-6
0.000000E+0	-1.651830E-6	1.651830E-6	-4.206341E-8	4.206341E-8
1.000000E-2	2.899330E-4	2.899330E-4	7.383066E-6	7.383066E-6
2.000000E-2	5.830520E-4	5.830520E-4	1.484726E-5	1.484726E-5
3.000000E-2	8.697790E-4	8.697790E-4	2.214869E-5	2.214869E-5
4.000000E-2	1.153050E-3	1.153050E-3	2.936211E-5	2.936211E-5
5.000000E-2	1.440420E-3	1.440420E-3	3.667991E-5	3.667991E-5
6.000000E-2	1.720240E-3	1.720240E-3	4.380545E-5	4.380545E-5
7.000000E-2	1.996080E-3	1.996080E-3	5.082964E-5	5.082964E-5
8.000000E-2	2.266860E-3	2.266860E-3	5.772498E-5	5.772498E-5
9.000000E-2	2.533890E-3	2.533890E-3	6.452483E-5	6.452483E-5
1.000000E-1	2.809730E-3	2.809730E-3	7.154902E-5	7.154902E-5
1.100000E-1	3.082450E-3	3.082450E-3	7.849376E-5	7.849376E-5
1.200000E-1	3.354020E-3	3.354020E-3	8.540922E-5	8.540922E-5
1.300000E-1	3.620350E-3	3.620350E-3	9.219124E-5	9.219124E-5
1.400000E-1	3.872740E-3	3.872740E-3	9.861828E-5	9.861828E-5
1.500000E-1	4.130280E-3	4.130280E-3	1.051765E-4	1.051765E-4
1.600000E-1	4.361470E-3	4.361470E-3	1.110637E-4	1.110637E-4
1.700000E-1	4.602840E-3	4.602840E-3	1.172101E-4	1.172101E-4
1.800000E-1	4.810810E-3	4.810810E-3	1.225060E-4	1.225060E-4
1.900000E-1	4.982100E-3	4.982100E-3	1.268678E-4	1.268678E-4
2.000000E-1	5.164550E-3	5.164550E-3	1.315139E-4	1.315139E-4
2.100000E-1	5.388730E-3	5.388730E-3	1.372226E-4	1.372226E-4
2.200000E-1	5.593070E-3	5.593070E-3	1.424260E-4	1.424260E-4
2.300000E-1	5.751930E-3	5.751930E-3	1.464714E-4	1.464714E-4
2.400000E-1	5.889470E-3	5.889470E-3	1.499738E-4	1.499738E-4
2.500000E-1	6.054390E-3	6.054390E-3	1.541734E-4	1.541734E-4
2.600000E-1	6.215490E-3	6.215490E-3	1.582758E-4	1.582758E-4
2.700000E-1	6.318440E-3	6.318440E-3	1.608974E-4	1.608974E-4
2.800000E-1	6.449150E-3	6.449150E-3	1.642259E-4	1.642259E-4
2.900000E-1	6.538690E-3	6.538690E-3	1.665060E-4	1.665060E-4
3.000000E-1	6.578400E-3	6.578400E-3	1.675172E-4	1.675172E-4
3.100000E-1	6.582200E-3	6.582200E-3	1.676140E-4	1.676140E-4
3.200000E-1	6.665480E-3	6.665480E-3	1.697347E-4	1.697347E-4
3.300000E-1	7.507850E-3	7.507850E-3	1.911854E-4	1.911854E-4
3.400000E-1	7.780930E-3	7.780930E-3	1.981393E-4	1.981393E-4
3.500000E-1	7.794820E-3	7.794820E-3	1.984930E-4	1.984930E-4
3.600000E-1	7.741320E-3	7.741320E-3	1.971306E-4	1.971306E-4
3.700000E-1	7.794790E-3	7.794790E-3	1.984922E-4	1.984922E-4
3.800000E-1	7.852020E-3	7.852020E-3	1.999496E-4	1.999496E-4
3.900000E-1	7.988880E-3	7.988880E-3	2.034347E-4	2.034347E-4
4.000000E-1	8.070680E-3	8.070680E-3	2.055177E-4	2.055177E-4
4.100000E-1	8.056510E-3	8.056510E-3	2.051569E-4	2.051569E-4
4.200000E-1	7.721690E-3	7.721690E-3	1.966308E-4	1.966308E-4
4.300000E-1	6.977110E-3	6.977110E-3	1.776702E-4	1.776702E-4
4.400000E-1	6.687800E-3	6.687800E-3	1.703030E-4	1.703030E-4
4.500000E-1	6.410650E-3	6.410650E-3	1.632455E-4	1.632455E-4
4.600000E-1	6.316800E-3	6.316800E-3	1.608556E-4	1.608556E-4
4.700000E-1	6.223140E-3	6.223140E-3	1.584706E-4	1.584706E-4
4.800000E-1	6.166660E-3	6.166660E-3	1.570323E-4	1.570323E-4
4.900000E-1	5.977620E-3	5.977620E-3	1.522185E-4	1.522185E-4
5.000000E-1	5.957850E-3	5.957850E-3	1.517150E-4	1.517150E-4
5.100000E-1	5.852840E-3	5.852840E-3	1.490410E-4	1.490410E-4
5.200000E-1	5.619050E-3	5.619050E-3	1.430876E-4	1.430876E-4
5.300000E-1	5.500430E-3	5.500430E-3	1.400670E-4	1.400670E-4
5.400000E-1	5.382810E-3	5.382810E-3	1.370718E-4	1.370718E-4
5.500000E-1	5.365780E-3	5.365780E-3	1.366381E-4	1.366381E-4
5.600000E-1	4.971110E-3	4.971110E-3	1.265880E-4	1.265880E-4
5.700000E-1	4.905190E-3	4.905190E-3	1.249093E-4	1.249093E-4
5.800000E-1	4.886360E-3	4.886360E-3	1.244298E-4	1.244298E-4
5.900000E-1	4.639490E-3	4.639490E-3	1.181434E-4	1.181434E-4
6.000000E-1	4.635530E-3	4.635530E-3	1.180425E-4	1.180425E-4
6.100000E-1	4.794000E-3	4.794000E-3	1.220779E-4	1.220779E-4
6.200000E-1	4.595410E-3	4.595410E-3	1.170209E-4	1.170209E-4
6.300000E-1	6.026680E-3	6.026680E-3	1.534678E-4	1.534678E-4
6.400000E-1	6.266550E-3	6.266550E-3	1.595760E-4	1.595760E-4
6.500000E-1	6.556150E-3	6.556150E-3	1.669506E-4	1.669506E-4
6.600000E-1	6.398020E-3	6.398020E-3	1.629239E-4	1.629239E-4
6.700000E-1	6.268780E-3	6.268780E-3	1.596328E-4	1.596328E-4
6.800000E-1	6.193810E-3	6.193810E-3	1.577237E-4	1.577237E-4
6.900000E-1	6.285820E-3	6.285820E-3	1.600667E-4	1.600667E-4
7.000000E-1	6.103910E-3	6.103910E-3	1.554344E-4	1.554344E-4
7.100000E-1	5.894400E-3	5.894400E-3	1.500993E-4	1.500993E-4
7.200000E-1	6.556310E-3	6.556310E-3	1.669547E-4	1.669547E-4
7.300000E-1	7.744380E-3	7.744380E-3	1.972086E-4	1.972086E-4
7.400000E-1	1.340460E-2	1.340460E-2	3.413445E-4	3.413445E-4
7.500000E-1	1.483720E-2	1.483720E-2	3.778253E-4	3.778253E-4
7.600000E-1	1.572080E-2	1.572080E-2	4.003259E-4	4.003259E-4
7.700000E-1	1.583740E-2	1.583740E-2	4.032951E-4	4.032951E-4
7.800000E-1	1.668520E-2	1.668520E-2	4.248841E-4	4.248841E-4
7.900000E-1	1.685560E-2	1.685560E-2	4.292233E-4	4.292233E-4
8.000000E-1	1.723520E-2	1.723520E-2	4.388897E-4	4.388897E-4
8.100000E-1	1.746240E-2	1.746240E-2	4.446753E-4	4.446753E-4
8.200000E-1	1.753340E-2	1.753340E-2	4.464833E-4	4.464833E-4
8.300000E-1	1.777300E-2	1.777300E-2	4.525847E-4	4.525847E-4
8.400000E-1	1.836600E-2	1.836600E-2	4.676853E-4	4.676853E-4
8.500000E-1	1.894380E-2	1.894380E-2	4.823988E-4	4.823988E-4
8.600000E-1	1.949940E-2	1.949940E-2	4.965470E-4	4.965470E-4
8.700000E-1	2.019830E-2	2.019830E-2	5.143443E-4	5.143443E-4
8.800000E-1	2.126170E-2	2.126170E-2	5.414235E-4	5.414235E-4
8.900000E-1	2.154980E-2	2.154980E-2	5.487599E-4	5.487599E-4
9.000000E-1	2.191250E-2	2.191250E-2	5.579959E-4	5.579959E-4
9.100000E-1	2.193200E-2	2.193200E-2	5.584925E-4	5.584925E-4
9.200000E-1	2.164080E-2	2.164080E-2	5.510772E-4	5.510772E-4
9.300000E-1	2.143620E-2	2.143620E-2	5.458671E-4	5.458671E-4
9.400000E-1	2.212430E-2	2.212430E-2	5.633893E-4	5.633893E-4
9.500000E-1	2.333340E-2	2.333340E-2	5.941788E-4	5.941788E-4
9.600000E-1	2.439140E-2	2.439140E-2	6.211204E-4	6.211204E-4
9.700000E-1	3.037700E-2	3.037700E-2	7.735421E-4	7.735421E-4
9.800000E-1	2.420380E-2	2.420380E-2	6.163433E-4	6.163433E-4
9.900000E-1	2.571480E-2	2.571480E-2	6.548205E-4	6.548205E-4
1.000000E+0	2.379290E-2	2.379290E-2	6.058798E-4	6.058798E-4
1.010000E+0	2.253940E-2	2.253940E-2	5.739598E-4	5.739598E-4
1.020000E+0	2.542720E-2	2.542720E-2	6.474968E-4	6.474968E-4
1.030000E+0	2.534680E-2	2.534680E-2	6.454494E-4	6.454494E-4
1.040000E+0	2.438850E-2	2.438850E-2	6.210466E-4	6.210466E-4
1.050000E+0	1.782550E-2	1.782550E-2	4.539216E-4	4.539216E-4
1.060000E+0	2.153110E-2	2.153110E-2	5.482837E-4	5.482837E-4
1.070000E+0	2.572540E-2	2.572540E-2	6.550904E-4	6.550904E-4
1.080000E+0	1.901050E-2	1.901050E-2	4.840973E-4	4.840973E-4
1.090000E+0	1.689540E-2	1.689540E-2	4.302368E-4	4.302368E-4
1.100000E+0	2.041270E-2	2.041270E-2	5.198039E-4	5.198039E-4
1.110000E+0	1.582810E-2	1.582810E-2	4.030583E-4	4.030583E-4
1.120000E+0	1.669550E-2	1.669550E-2	4.251464E-4	4.251464E-4
1.130000E+0	1.467820E-2	1.467820E-2	3.737764E-4	3.737764E-4
1.140000E+0	4.202670E-2	4.202670E-2	1.070199E-3	1.070199E-3
1.150000E+0	3.439710E-2	3.439710E-2	8.759129E-4	8.759129E-4
1.160000E+0	3.566220E-2	3.566220E-2	9.081283E-4	9.081283E-4
1.170000E+0	3.758060E-2	3.758060E-2	9.569799E-4	9.569799E-4
1.180000E+0	4.859070E-2	4.859070E-2	1.237349E-3	1.237349E-3
1.190000E+0	4.037960E-2	4.037960E-2	1.028256E-3	1.028256E-3
1.200000E+0	4.157700E-2	4.157700E-2	1.058747E-3	1.058747E-3
1.210000E+0	4.386330E-2	4.386330E-2	1.116967E-3	1.116967E-3
1.220000E+0	3.850280E-2	3.850280E-2	9.804634E-4	9.804634E-4
1.230000E+0	3.946650E-2	3.946650E-2	1.005004E-3	1.005004E-3
1.240000E+0	3.496950E-2	3.496950E-2	8.904889E-4	8.904889E-4
1.250000E+0	3.943150E-2	3.943150E-2	1.004113E-3	1.004113E-3
1.260000E+0	3.609350E-2	3.609350E-2	9.191113E-4	9.191113E-4
1.270000E+0	3.622490E-2	3.622490E-2	9.224573E-4	9.224573E-4
1.280000E+0	3.812320E-2	3.812320E-2	9.707970E-4	9.707970E-4
1.290000E+0	3.720790E-2	3.720790E-2	9.474892E-4	9.474892E-4
1.300000E+0	3.574950E-2	3.574950E-2	9.103514E-4	9.103514E-4
1.310000E+0	3.620550E-2	3.620550E-2	9.219633E-4	9.219633E-4
1.320000E+0	3.787590E-2	3.787590E-2	9.644996E-4	9.644996E-4
1.330000E+0	4.245330E-2	4.245330E-2	1.081062E-3	1.081062E-3
1.340000E+0	3.870180E-2	3.870180E-2	9.855309E-4	9.855309E-4
1.350000E+0	3.879660E-2	3.879660E-2	9.879450E-4	9.879450E-4
1.360000E+0	4.186820E-2	4.186820E-2	1.066162E-3	1.066162E-3
1.370000E+0	4.495950E-2	4.495950E-2	1.144882E-3	1.144882E-3
1.380000E+0	4.703280E-2	4.703280E-2	1.197678E-3	1.197678E-3
1.390000E+0	5.000030E-2	5.000030E-2	1.273244E-3	1.273244E-3
1.400000E+0	4.576250E-2	4.576250E-2	1.165330E-3	1.165330E-3
1.410000E+0	4.500880E-2	4.500880E-2	1.146137E-3	1.146137E-3
1.420000E+0	5.000100E-2	5.000100E-2	1.273262E-3	1.273262E-3
1.430000E+0	4.997840E-2	4.997840E-2	1.272687E-3	1.272687E-3
1.440000E+0	4.999970E-2	4.999970E-2	1.273229E-3	1.273229E-3
1.450000E+0	5.000010E-2	5.000010E-2	1.273239E-3	1.273239E-3
1.460000E+0	5.000000E-2	5.000000E-2	1.273237E-3	1.273237E-3
1.470000E+0	4.999800E-2	4.999800E-2	1.273186E-3	1.273186E-3
1.480000E+0	4.999580E-2	4.999580E-2	1.273130E-3	1.273130E-3
1.490000E+0	4.997870E-2	4.997870E-2	1.272694E-3	1.272694E-3
1.500000E+0	5.000010E-2	5.000010E-2	1.273239E-3	1.273239E-3
