

16:47:07	26/03/21


Ell Cont: 5,0x10,0

SMU1	V name:		V1
	I name:		I1
	Mode:		V
	Function:	VAR1
SMU2	V name:		V2
	I name:		I2
	Mode:		common
	Function:	const.
SMU3	off
SMU4	off
VMUs	off

Primary Source (VAR1):	single
	Sweep Spacing:	linear
	Start:		-0.500000
	Stop:		0.500000
	Step:		0.010000
	Compliance:	0.050000
Power Compliance OFF

Timing:		Integration Time:	medium
	Delay Time (sec):	0.000000
	Hold Time (sec):	0.000000
	Wait Time (sec):	1.000000

Secondary Source (VAR2):	OFF


   V1	   I1	Abs(I)	J (A\um²)	Abs(J)
-5.000000E-1	-7.278160E-9	7.278160E-9	-1.853364E-10	1.853364E-10
-4.900000E-1	-6.425910E-9	6.425910E-9	-1.636341E-10	1.636341E-10
-4.800000E-1	-4.867750E-9	4.867750E-9	-1.239559E-10	1.239559E-10
-4.700000E-1	-3.396800E-9	3.396800E-9	-8.649860E-11	8.649860E-11
-4.600000E-1	-4.281740E-9	4.281740E-9	-1.090334E-10	1.090334E-10
-4.500000E-1	-3.827580E-9	3.827580E-9	-9.746830E-11	9.746830E-11
-4.400000E-1	-3.553440E-9	3.553440E-9	-9.048739E-11	9.048739E-11
-4.300000E-1	-4.066610E-9	4.066610E-9	-1.035551E-10	1.035551E-10
-4.200000E-1	-3.763120E-9	3.763120E-9	-9.582684E-11	9.582684E-11
-4.100000E-1	-3.638130E-9	3.638130E-9	-9.264400E-11	9.264400E-11
-4.000000E-1	-3.494950E-9	3.494950E-9	-8.899796E-11	8.899796E-11
-3.900000E-1	-1.930540E-9	1.930540E-9	-4.916068E-11	4.916068E-11
-3.800000E-1	-2.336550E-9	2.336550E-9	-5.949962E-11	5.949962E-11
-3.700000E-1	-2.357300E-9	2.357300E-9	-6.002801E-11	6.002801E-11
-3.600000E-1	-2.219430E-9	2.219430E-9	-5.651719E-11	5.651719E-11
-3.500000E-1	-1.690910E-9	1.690910E-9	-4.305857E-11	4.305857E-11
-3.400000E-1	-1.399960E-9	1.399960E-9	-3.564960E-11	3.564960E-11
-3.300000E-1	-1.446400E-9	1.446400E-9	-3.683219E-11	3.683219E-11
-3.200000E-1	-1.235670E-9	1.235670E-9	-3.146600E-11	3.146600E-11
-3.100000E-1	-1.262520E-9	1.262520E-9	-3.214973E-11	3.214973E-11
-3.000000E-1	-1.331700E-9	1.331700E-9	-3.391138E-11	3.391138E-11
-2.900000E-1	-1.652410E-9	1.652410E-9	-4.207818E-11	4.207818E-11
-2.800000E-1	-9.972200E-10	9.972200E-10	-2.539394E-11	2.539394E-11
-2.700000E-1	-9.122300E-10	9.122300E-10	-2.322969E-11	2.322969E-11
-2.600000E-1	-7.747900E-10	7.747900E-10	-1.972982E-11	1.972982E-11
-2.500000E-1	-6.195400E-10	6.195400E-10	-1.577642E-11	1.577642E-11
-2.400000E-1	-1.014810E-9	1.014810E-9	-2.584186E-11	2.584186E-11
-2.300000E-1	-4.856100E-10	4.856100E-10	-1.236593E-11	1.236593E-11
-2.200000E-1	-9.483100E-10	9.483100E-10	-2.414846E-11	2.414846E-11
-2.100000E-1	-6.919900E-10	6.919900E-10	-1.762134E-11	1.762134E-11
-2.000000E-1	-5.442000E-10	5.442000E-10	-1.385791E-11	1.385791E-11
-1.900000E-1	-5.934100E-10	5.934100E-10	-1.511103E-11	1.511103E-11
-1.800000E-1	-2.947200E-10	2.947200E-10	-7.504966E-12	7.504966E-12
-1.700000E-1	-1.630100E-10	1.630100E-10	-4.151006E-12	4.151006E-12
-1.600000E-1	-1.911600E-10	1.911600E-10	-4.867838E-12	4.867838E-12
-1.500000E-1	-8.976000E-11	8.976000E-11	-2.285714E-12	2.285714E-12
-1.400000E-1	-4.245000E-11	4.245000E-11	-1.080978E-12	1.080978E-12
-1.300000E-1	1.742000E-11	1.742000E-11	4.435956E-13	4.435956E-13
-1.200000E-1	4.244000E-11	4.244000E-11	1.080723E-12	1.080723E-12
-1.100000E-1	7.165000E-11	7.165000E-11	1.824548E-12	1.824548E-12
-1.000000E-1	8.636000E-11	8.636000E-11	2.199134E-12	2.199134E-12
-9.000000E-2	1.681700E-10	1.681700E-10	4.282404E-12	4.282404E-12
-8.000000E-2	1.984600E-10	1.984600E-10	5.053731E-12	5.053731E-12
-7.000000E-2	2.316900E-10	2.316900E-10	5.899924E-12	5.899924E-12
-6.000000E-2	2.602100E-10	2.602100E-10	6.626178E-12	6.626178E-12
-5.000000E-2	2.949300E-10	2.949300E-10	7.510313E-12	7.510313E-12
-4.000000E-2	3.507700E-10	3.507700E-10	8.932264E-12	8.932264E-12
-3.000000E-2	3.901300E-10	3.901300E-10	9.934556E-12	9.934556E-12
-2.000000E-2	4.421600E-10	4.421600E-10	1.125949E-11	1.125949E-11
-1.000000E-2	4.761500E-10	4.761500E-10	1.212503E-11	1.212503E-11
0.000000E+0	5.117600E-10	5.117600E-10	1.303183E-11	1.303183E-11
1.000000E-2	5.548200E-10	5.548200E-10	1.412834E-11	1.412834E-11
2.000000E-2	6.045100E-10	6.045100E-10	1.539368E-11	1.539368E-11
3.000000E-2	6.556300E-10	6.556300E-10	1.669544E-11	1.669544E-11
4.000000E-2	7.283300E-10	7.283300E-10	1.854673E-11	1.854673E-11
5.000000E-2	7.769500E-10	7.769500E-10	1.978482E-11	1.978482E-11
6.000000E-2	8.433400E-10	8.433400E-10	2.147543E-11	2.147543E-11
7.000000E-2	9.195400E-10	9.195400E-10	2.341584E-11	2.341584E-11
8.000000E-2	9.946900E-10	9.946900E-10	2.532951E-11	2.532951E-11
9.000000E-2	1.075940E-9	1.075940E-9	2.739852E-11	2.739852E-11
1.000000E-1	1.165740E-9	1.165740E-9	2.968526E-11	2.968526E-11
1.100000E-1	1.257580E-9	1.257580E-9	3.202394E-11	3.202394E-11
1.200000E-1	1.432000E-9	1.432000E-9	3.646549E-11	3.646549E-11
1.300000E-1	1.489320E-9	1.489320E-9	3.792513E-11	3.792513E-11
1.400000E-1	1.691200E-9	1.691200E-9	4.306595E-11	4.306595E-11
1.500000E-1	1.781870E-9	1.781870E-9	4.537484E-11	4.537484E-11
1.600000E-1	1.972490E-9	1.972490E-9	5.022893E-11	5.022893E-11
1.700000E-1	2.040200E-9	2.040200E-9	5.195314E-11	5.195314E-11
1.800000E-1	2.409280E-9	2.409280E-9	6.135167E-11	6.135167E-11
1.900000E-1	2.510980E-9	2.510980E-9	6.394143E-11	6.394143E-11
2.000000E-1	2.788610E-9	2.788610E-9	7.101120E-11	7.101120E-11
2.100000E-1	3.022510E-9	3.022510E-9	7.696740E-11	7.696740E-11
2.200000E-1	3.289730E-9	3.289730E-9	8.377209E-11	8.377209E-11
2.300000E-1	3.234010E-9	3.234010E-9	8.235319E-11	8.235319E-11
2.400000E-1	3.884220E-9	3.884220E-9	9.891062E-11	9.891062E-11
2.500000E-1	3.833560E-9	3.833560E-9	9.762057E-11	9.762057E-11
2.600000E-1	4.609650E-9	4.609650E-9	1.173835E-10	1.173835E-10
2.700000E-1	4.877390E-9	4.877390E-9	1.242014E-10	1.242014E-10
2.800000E-1	5.373730E-9	5.373730E-9	1.368406E-10	1.368406E-10
2.900000E-1	5.927400E-9	5.927400E-9	1.509396E-10	1.509396E-10
3.000000E-1	6.314970E-9	6.314970E-9	1.608090E-10	1.608090E-10
3.100000E-1	6.926360E-9	6.926360E-9	1.763779E-10	1.763779E-10
3.200000E-1	7.591790E-9	7.591790E-9	1.933229E-10	1.933229E-10
3.300000E-1	8.463060E-9	8.463060E-9	2.155095E-10	2.155095E-10
3.400000E-1	9.110600E-9	9.110600E-9	2.319990E-10	2.319990E-10
3.500000E-1	9.672200E-9	9.672200E-9	2.463000E-10	2.463000E-10
3.600000E-1	1.066960E-8	1.066960E-8	2.716985E-10	2.716985E-10
3.700000E-1	1.110240E-8	1.110240E-8	2.827196E-10	2.827196E-10
3.800000E-1	1.208230E-8	1.208230E-8	3.076725E-10	3.076725E-10
3.900000E-1	1.317240E-8	1.317240E-8	3.354316E-10	3.354316E-10
4.000000E-1	1.401270E-8	1.401270E-8	3.568296E-10	3.568296E-10
4.100000E-1	1.534140E-8	1.534140E-8	3.906646E-10	3.906646E-10
4.200000E-1	1.626900E-8	1.626900E-8	4.142857E-10	4.142857E-10
4.300000E-1	1.714700E-8	1.714700E-8	4.366437E-10	4.366437E-10
4.400000E-1	1.918040E-8	1.918040E-8	4.884237E-10	4.884237E-10
4.500000E-1	1.966170E-8	1.966170E-8	5.006799E-10	5.006799E-10
4.600000E-1	2.231620E-8	2.231620E-8	5.682760E-10	5.682760E-10
4.700000E-1	2.376410E-8	2.376410E-8	6.051464E-10	6.051464E-10
4.800000E-1	2.545260E-8	2.545260E-8	6.481436E-10	6.481436E-10
4.900000E-1	2.717700E-8	2.717700E-8	6.920550E-10	6.920550E-10
5.000000E-1	2.898010E-8	2.898010E-8	7.379705E-10	7.379705E-10
