

16:40:54	26/03/21


Ell Cont: 5,0x10,0

SMU1	V name:		V1
	I name:		I1
	Mode:		V
	Function:	VAR1
SMU2	V name:		V2
	I name:		I2
	Mode:		common
	Function:	const.
SMU3	off
SMU4	off
VMUs	off

Primary Source (VAR1):	single
	Sweep Spacing:	linear
	Start:		-0.500000
	Stop:		0.500000
	Step:		0.010000
	Compliance:	0.050000
Power Compliance OFF

Timing:		Integration Time:	medium
	Delay Time (sec):	0.000000
	Hold Time (sec):	0.000000
	Wait Time (sec):	1.000000

Secondary Source (VAR2):	OFF


   V1	   I1	Abs(I)	J (A\um²)	Abs(J)
-5.000000E-1	-3.020390E-9	3.020390E-9	-7.691342E-11	7.691342E-11
-4.900000E-1	1.696640E-9	1.696640E-9	4.320448E-11	4.320448E-11
-4.800000E-1	3.144240E-9	3.144240E-9	8.006723E-11	8.006723E-11
-4.700000E-1	3.912690E-9	3.912690E-9	9.963560E-11	9.963560E-11
-4.600000E-1	4.431680E-9	4.431680E-9	1.128515E-10	1.128515E-10
-4.500000E-1	4.826180E-9	4.826180E-9	1.228974E-10	1.228974E-10
-4.400000E-1	5.148310E-9	5.148310E-9	1.311003E-10	1.311003E-10
-4.300000E-1	5.450990E-9	5.450990E-9	1.388080E-10	1.388080E-10
-4.200000E-1	5.700590E-9	5.700590E-9	1.451640E-10	1.451640E-10
-4.100000E-1	5.978120E-9	5.978120E-9	1.522312E-10	1.522312E-10
-4.000000E-1	6.274700E-9	6.274700E-9	1.597835E-10	1.597835E-10
-3.900000E-1	6.541270E-9	6.541270E-9	1.665717E-10	1.665717E-10
-3.800000E-1	6.791050E-9	6.791050E-9	1.729323E-10	1.729323E-10
-3.700000E-1	7.102380E-9	7.102380E-9	1.808602E-10	1.808602E-10
-3.600000E-1	7.440100E-9	7.440100E-9	1.894601E-10	1.894601E-10
-3.500000E-1	7.745140E-9	7.745140E-9	1.972279E-10	1.972279E-10
-3.400000E-1	8.042790E-9	8.042790E-9	2.048075E-10	2.048075E-10
-3.300000E-1	8.390000E-9	8.390000E-9	2.136491E-10	2.136491E-10
-3.200000E-1	8.865400E-9	8.865400E-9	2.257550E-10	2.257550E-10
-3.100000E-1	9.459400E-9	9.459400E-9	2.408811E-10	2.408811E-10
-3.000000E-1	1.001420E-8	1.001420E-8	2.550089E-10	2.550089E-10
-2.900000E-1	1.058320E-8	1.058320E-8	2.694983E-10	2.694983E-10
-2.800000E-1	1.116530E-8	1.116530E-8	2.843214E-10	2.843214E-10
-2.700000E-1	1.173200E-8	1.173200E-8	2.987522E-10	2.987522E-10
-2.600000E-1	1.236610E-8	1.236610E-8	3.148994E-10	3.148994E-10
-2.500000E-1	1.300740E-8	1.300740E-8	3.312299E-10	3.312299E-10
-2.400000E-1	1.368560E-8	1.368560E-8	3.485001E-10	3.485001E-10
-2.300000E-1	1.440660E-8	1.440660E-8	3.668602E-10	3.668602E-10
-2.200000E-1	1.521540E-8	1.521540E-8	3.874561E-10	3.874561E-10
-2.100000E-1	1.600250E-8	1.600250E-8	4.074994E-10	4.074994E-10
-2.000000E-1	1.685860E-8	1.685860E-8	4.292997E-10	4.292997E-10
-1.900000E-1	1.776270E-8	1.776270E-8	4.523224E-10	4.523224E-10
-1.800000E-1	1.873410E-8	1.873410E-8	4.770588E-10	4.770588E-10
-1.700000E-1	1.976820E-8	1.976820E-8	5.033919E-10	5.033919E-10
-1.600000E-1	2.087020E-8	2.087020E-8	5.314540E-10	5.314540E-10
-1.500000E-1	2.204410E-8	2.204410E-8	5.613471E-10	5.613471E-10
-1.400000E-1	2.327800E-8	2.327800E-8	5.927680E-10	5.927680E-10
-1.300000E-1	2.460410E-8	2.460410E-8	6.265368E-10	6.265368E-10
-1.200000E-1	2.598760E-8	2.598760E-8	6.617672E-10	6.617672E-10
-1.100000E-1	2.748190E-8	2.748190E-8	6.998192E-10	6.998192E-10
-1.000000E-1	2.905450E-8	2.905450E-8	7.398650E-10	7.398650E-10
-9.000000E-2	3.073440E-8	3.073440E-8	7.826432E-10	7.826432E-10
-8.000000E-2	3.251190E-8	3.251190E-8	8.279068E-10	8.279068E-10
-7.000000E-2	3.437220E-8	3.437220E-8	8.752788E-10	8.752788E-10
-6.000000E-2	3.637640E-8	3.637640E-8	9.263152E-10	9.263152E-10
-5.000000E-2	3.849620E-8	3.849620E-8	9.802954E-10	9.802954E-10
-4.000000E-2	4.071550E-8	4.071550E-8	1.036809E-9	1.036809E-9
-3.000000E-2	4.309400E-8	4.309400E-8	1.097377E-9	1.097377E-9
-2.000000E-2	4.558090E-8	4.558090E-8	1.160705E-9	1.160705E-9
-1.000000E-2	4.820410E-8	4.820410E-8	1.227504E-9	1.227504E-9
0.000000E+0	5.096300E-8	5.096300E-8	1.297759E-9	1.297759E-9
1.000000E-2	5.384890E-8	5.384890E-8	1.371248E-9	1.371248E-9
2.000000E-2	5.693830E-8	5.693830E-8	1.449918E-9	1.449918E-9
3.000000E-2	6.012820E-8	6.012820E-8	1.531148E-9	1.531148E-9
4.000000E-2	6.351880E-8	6.351880E-8	1.617489E-9	1.617489E-9
5.000000E-2	6.704240E-8	6.704240E-8	1.707217E-9	1.707217E-9
6.000000E-2	7.068130E-8	7.068130E-8	1.799880E-9	1.799880E-9
7.000000E-2	7.457180E-8	7.457180E-8	1.898951E-9	1.898951E-9
8.000000E-2	7.854460E-8	7.854460E-8	2.000117E-9	2.000117E-9
9.000000E-2	8.276870E-8	8.276870E-8	2.107683E-9	2.107683E-9
1.000000E-1	8.712100E-8	8.712100E-8	2.218513E-9	2.218513E-9
1.100000E-1	9.169410E-8	9.169410E-8	2.334966E-9	2.334966E-9
1.200000E-1	9.639210E-8	9.639210E-8	2.454599E-9	2.454599E-9
1.300000E-1	1.014380E-7	1.014380E-7	2.583091E-9	2.583091E-9
1.400000E-1	1.091370E-7	1.091370E-7	2.779144E-9	2.779144E-9
1.500000E-1	1.158270E-7	1.158270E-7	2.949503E-9	2.949503E-9
1.600000E-1	1.229570E-7	1.229570E-7	3.131067E-9	3.131067E-9
1.700000E-1	1.304450E-7	1.304450E-7	3.321747E-9	3.321747E-9
1.800000E-1	1.384780E-7	1.384780E-7	3.526305E-9	3.526305E-9
1.900000E-1	1.468600E-7	1.468600E-7	3.739750E-9	3.739750E-9
2.000000E-1	1.557720E-7	1.557720E-7	3.966692E-9	3.966692E-9
2.100000E-1	1.650430E-7	1.650430E-7	4.202776E-9	4.202776E-9
2.200000E-1	1.748720E-7	1.748720E-7	4.453068E-9	4.453068E-9
2.300000E-1	1.850470E-7	1.850470E-7	4.712172E-9	4.712172E-9
2.400000E-1	1.957560E-7	1.957560E-7	4.984874E-9	4.984874E-9
2.500000E-1	2.067980E-7	2.067980E-7	5.266055E-9	5.266055E-9
2.600000E-1	2.183800E-7	2.183800E-7	5.560988E-9	5.560988E-9
2.700000E-1	2.303990E-7	2.303990E-7	5.867049E-9	5.867049E-9
2.800000E-1	2.426900E-7	2.426900E-7	6.180036E-9	6.180036E-9
2.900000E-1	2.554770E-7	2.554770E-7	6.505653E-9	6.505653E-9
3.000000E-1	2.685140E-7	2.685140E-7	6.837637E-9	6.837637E-9
3.100000E-1	2.820420E-7	2.820420E-7	7.182124E-9	7.182124E-9
3.200000E-1	2.957260E-7	2.957260E-7	7.530583E-9	7.530583E-9
3.300000E-1	3.098600E-7	3.098600E-7	7.890502E-9	7.890502E-9
3.400000E-1	3.240770E-7	3.240770E-7	8.252534E-9	8.252534E-9
3.500000E-1	3.386180E-7	3.386180E-7	8.622816E-9	8.622816E-9
3.600000E-1	3.531970E-7	3.531970E-7	8.994067E-9	8.994067E-9
3.700000E-1	3.680930E-7	3.680930E-7	9.373389E-9	9.373389E-9
3.800000E-1	3.830850E-7	3.830850E-7	9.755156E-9	9.755156E-9
3.900000E-1	3.979320E-7	3.979320E-7	1.013323E-8	1.013323E-8
4.000000E-1	4.129810E-7	4.129810E-7	1.051645E-8	1.051645E-8
4.100000E-1	4.277890E-7	4.277890E-7	1.089353E-8	1.089353E-8
4.200000E-1	4.427420E-7	4.427420E-7	1.127431E-8	1.127431E-8
4.300000E-1	4.574000E-7	4.574000E-7	1.164757E-8	1.164757E-8
4.400000E-1	4.721140E-7	4.721140E-7	1.202226E-8	1.202226E-8
4.500000E-1	4.864360E-7	4.864360E-7	1.238696E-8	1.238696E-8
4.600000E-1	5.007790E-7	5.007790E-7	1.275220E-8	1.275220E-8
4.700000E-1	5.146530E-7	5.146530E-7	1.310550E-8	1.310550E-8
4.800000E-1	5.285380E-7	5.285380E-7	1.345908E-8	1.345908E-8
4.900000E-1	5.421390E-7	5.421390E-7	1.380542E-8	1.380542E-8
5.000000E-1	5.551870E-7	5.551870E-7	1.413769E-8	1.413769E-8
