

16:36:00	26/03/21


Ell Cont: 5,0x10,0

SMU1	V name:		V1
	I name:		I1
	Mode:		V
	Function:	VAR1
SMU2	V name:		V2
	I name:		I2
	Mode:		common
	Function:	const.
SMU3	off
SMU4	off
VMUs	off

Primary Source (VAR1):	single
	Sweep Spacing:	linear
	Start:		-0.500000
	Stop:		0.500000
	Step:		0.010000
	Compliance:	0.050000
Power Compliance OFF

Timing:		Integration Time:	medium
	Delay Time (sec):	0.000000
	Hold Time (sec):	0.000000
	Wait Time (sec):	1.000000

Secondary Source (VAR2):	OFF


   V1	   I1	Abs(I)	J (A\um²)	Abs(J)
-5.000000E-1	-1.888900E-9	1.888900E-9	-4.810033E-11	4.810033E-11
-4.900000E-1	1.434680E-9	1.434680E-9	3.653374E-11	3.653374E-11
-4.800000E-1	2.406100E-9	2.406100E-9	6.127069E-11	6.127069E-11
-4.700000E-1	2.918020E-9	2.918020E-9	7.430659E-11	7.430659E-11
-4.600000E-1	3.225570E-9	3.225570E-9	8.213827E-11	8.213827E-11
-4.500000E-1	3.505670E-9	3.505670E-9	8.927094E-11	8.927094E-11
-4.400000E-1	3.698540E-9	3.698540E-9	9.418233E-11	9.418233E-11
-4.300000E-1	3.908510E-9	3.908510E-9	9.952916E-11	9.952916E-11
-4.200000E-1	4.066070E-9	4.066070E-9	1.035414E-10	1.035414E-10
-4.100000E-1	4.265620E-9	4.265620E-9	1.086229E-10	1.086229E-10
-4.000000E-1	4.435880E-9	4.435880E-9	1.129585E-10	1.129585E-10
-3.900000E-1	4.623820E-9	4.623820E-9	1.177443E-10	1.177443E-10
-3.800000E-1	4.823230E-9	4.823230E-9	1.228223E-10	1.228223E-10
-3.700000E-1	5.018640E-9	5.018640E-9	1.277983E-10	1.277983E-10
-3.600000E-1	5.227280E-9	5.227280E-9	1.331113E-10	1.331113E-10
-3.500000E-1	5.447130E-9	5.447130E-9	1.387097E-10	1.387097E-10
-3.400000E-1	5.687050E-9	5.687050E-9	1.448192E-10	1.448192E-10
-3.300000E-1	5.942650E-9	5.942650E-9	1.513280E-10	1.513280E-10
-3.200000E-1	6.195950E-9	6.195950E-9	1.577782E-10	1.577782E-10
-3.100000E-1	6.483780E-9	6.483780E-9	1.651077E-10	1.651077E-10
-3.000000E-1	6.787810E-9	6.787810E-9	1.728498E-10	1.728498E-10
-2.900000E-1	7.089610E-9	7.089610E-9	1.805350E-10	1.805350E-10
-2.800000E-1	7.422810E-9	7.422810E-9	1.890199E-10	1.890199E-10
-2.700000E-1	7.758570E-9	7.758570E-9	1.975699E-10	1.975699E-10
-2.600000E-1	8.136140E-9	8.136140E-9	2.071846E-10	2.071846E-10
-2.500000E-1	8.530430E-9	8.530430E-9	2.172251E-10	2.172251E-10
-2.400000E-1	8.945040E-9	8.945040E-9	2.277830E-10	2.277830E-10
-2.300000E-1	9.566100E-9	9.566100E-9	2.435982E-10	2.435982E-10
-2.200000E-1	1.009680E-8	1.009680E-8	2.571123E-10	2.571123E-10
-2.100000E-1	1.068230E-8	1.068230E-8	2.720219E-10	2.720219E-10
-2.000000E-1	1.129840E-8	1.129840E-8	2.877107E-10	2.877107E-10
-1.900000E-1	1.194340E-8	1.194340E-8	3.041355E-10	3.041355E-10
-1.800000E-1	1.263670E-8	1.263670E-8	3.217902E-10	3.217902E-10
-1.700000E-1	1.335680E-8	1.335680E-8	3.401273E-10	3.401273E-10
-1.600000E-1	1.413690E-8	1.413690E-8	3.599924E-10	3.599924E-10
-1.500000E-1	1.496250E-8	1.496250E-8	3.810160E-10	3.810160E-10
-1.400000E-1	1.583410E-8	1.583410E-8	4.032111E-10	4.032111E-10
-1.300000E-1	1.676660E-8	1.676660E-8	4.269570E-10	4.269570E-10
-1.200000E-1	1.773010E-8	1.773010E-8	4.514922E-10	4.514922E-10
-1.100000E-1	1.880350E-8	1.880350E-8	4.788261E-10	4.788261E-10
-1.000000E-1	1.989280E-8	1.989280E-8	5.065648E-10	5.065648E-10
-9.000000E-2	2.108190E-8	2.108190E-8	5.368449E-10	5.368449E-10
-8.000000E-2	2.232480E-8	2.232480E-8	5.684950E-10	5.684950E-10
-7.000000E-2	2.365610E-8	2.365610E-8	6.023962E-10	6.023962E-10
-6.000000E-2	2.504530E-8	2.504530E-8	6.377718E-10	6.377718E-10
-5.000000E-2	2.653040E-8	2.653040E-8	6.755895E-10	6.755895E-10
-4.000000E-2	2.807470E-8	2.807470E-8	7.149147E-10	7.149147E-10
-3.000000E-2	2.972790E-8	2.972790E-8	7.570130E-10	7.570130E-10
-2.000000E-2	3.146250E-8	3.146250E-8	8.011841E-10	8.011841E-10
-1.000000E-2	3.328510E-8	3.328510E-8	8.475961E-10	8.475961E-10
0.000000E+0	3.520500E-8	3.520500E-8	8.964859E-10	8.964859E-10
1.000000E-2	3.721250E-8	3.721250E-8	9.476063E-10	9.476063E-10
2.000000E-2	3.935440E-8	3.935440E-8	1.002149E-9	1.002149E-9
3.000000E-2	4.155890E-8	4.155890E-8	1.058286E-9	1.058286E-9
4.000000E-2	4.389360E-8	4.389360E-8	1.117739E-9	1.117739E-9
5.000000E-2	4.635550E-8	4.635550E-8	1.180430E-9	1.180430E-9
6.000000E-2	4.889080E-8	4.889080E-8	1.244991E-9	1.244991E-9
7.000000E-2	5.157250E-8	5.157250E-8	1.313280E-9	1.313280E-9
8.000000E-2	5.432750E-8	5.432750E-8	1.383435E-9	1.383435E-9
9.000000E-2	5.722790E-8	5.722790E-8	1.457293E-9	1.457293E-9
1.000000E-1	6.024530E-8	6.024530E-8	1.534130E-9	1.534130E-9
1.100000E-1	6.340740E-8	6.340740E-8	1.614652E-9	1.614652E-9
1.200000E-1	6.662800E-8	6.662800E-8	1.696664E-9	1.696664E-9
1.300000E-1	7.003200E-8	7.003200E-8	1.783346E-9	1.783346E-9
1.400000E-1	7.348880E-8	7.348880E-8	1.871373E-9	1.871373E-9
1.500000E-1	7.712170E-8	7.712170E-8	1.963883E-9	1.963883E-9
1.600000E-1	8.081550E-8	8.081550E-8	2.057945E-9	2.057945E-9
1.700000E-1	8.457110E-8	8.457110E-8	2.153580E-9	2.153580E-9
1.800000E-1	8.844490E-8	8.844490E-8	2.252226E-9	2.252226E-9
1.900000E-1	9.236930E-8	9.236930E-8	2.352159E-9	2.352159E-9
2.000000E-1	9.641040E-8	9.641040E-8	2.455065E-9	2.455065E-9
2.100000E-1	1.006020E-7	1.006020E-7	2.561803E-9	2.561803E-9
2.200000E-1	1.071340E-7	1.071340E-7	2.728138E-9	2.728138E-9
2.300000E-1	1.131540E-7	1.131540E-7	2.881436E-9	2.881436E-9
2.400000E-1	1.195980E-7	1.195980E-7	3.045531E-9	3.045531E-9
2.500000E-1	1.263390E-7	1.263390E-7	3.217189E-9	3.217189E-9
2.600000E-1	1.334680E-7	1.334680E-7	3.398727E-9	3.398727E-9
2.700000E-1	1.409240E-7	1.409240E-7	3.588592E-9	3.588592E-9
2.800000E-1	1.486270E-7	1.486270E-7	3.784747E-9	3.784747E-9
2.900000E-1	1.566930E-7	1.566930E-7	3.990145E-9	3.990145E-9
3.000000E-1	1.649970E-7	1.649970E-7	4.201604E-9	4.201604E-9
3.100000E-1	1.736660E-7	1.736660E-7	4.422358E-9	4.422358E-9
3.200000E-1	1.825200E-7	1.825200E-7	4.647823E-9	4.647823E-9
3.300000E-1	1.916830E-7	1.916830E-7	4.881156E-9	4.881156E-9
3.400000E-1	2.010080E-7	2.010080E-7	5.118615E-9	5.118615E-9
3.500000E-1	2.106270E-7	2.106270E-7	5.363560E-9	5.363560E-9
3.600000E-1	2.203440E-7	2.203440E-7	5.611001E-9	5.611001E-9
3.700000E-1	2.303290E-7	2.303290E-7	5.865266E-9	5.865266E-9
3.800000E-1	2.404600E-7	2.404600E-7	6.123249E-9	6.123249E-9
3.900000E-1	2.505920E-7	2.505920E-7	6.381258E-9	6.381258E-9
4.000000E-1	2.608990E-7	2.608990E-7	6.643723E-9	6.643723E-9
4.100000E-1	2.711600E-7	2.711600E-7	6.905016E-9	6.905016E-9
4.200000E-1	2.815600E-7	2.815600E-7	7.169850E-9	7.169850E-9
4.300000E-1	2.917880E-7	2.917880E-7	7.430303E-9	7.430303E-9
4.400000E-1	3.021770E-7	3.021770E-7	7.694856E-9	7.694856E-9
4.500000E-1	3.123290E-7	3.123290E-7	7.953374E-9	7.953374E-9
4.600000E-1	3.225500E-7	3.225500E-7	8.213649E-9	8.213649E-9
4.700000E-1	3.325100E-7	3.325100E-7	8.467278E-9	8.467278E-9
4.800000E-1	3.425030E-7	3.425030E-7	8.721747E-9	8.721747E-9
4.900000E-1	3.522950E-7	3.522950E-7	8.971097E-9	8.971097E-9
5.000000E-1	3.617690E-7	3.617690E-7	9.212350E-9	9.212350E-9
