

16:36:45	26/03/21


Ell Cont: 5,0x10,0

SMU1	V name:		V1
	I name:		I1
	Mode:		V
	Function:	VAR1
SMU2	V name:		V2
	I name:		I2
	Mode:		common
	Function:	const.
SMU3	off
SMU4	off
VMUs	off

Primary Source (VAR1):	single
	Sweep Spacing:	linear
	Start:		-0.500000
	Stop:		0.500000
	Step:		0.010000
	Compliance:	0.050000
Power Compliance OFF

Timing:		Integration Time:	medium
	Delay Time (sec):	0.000000
	Hold Time (sec):	0.000000
	Wait Time (sec):	1.000000

Secondary Source (VAR2):	OFF


   V1	   I1	Abs(I)	J (A\um²)	Abs(J)
-5.000000E-1	-2.178490E-9	2.178490E-9	-5.547466E-11	5.547466E-11
-4.900000E-1	1.925920E-9	1.925920E-9	4.904303E-11	4.904303E-11
-4.800000E-1	3.202490E-9	3.202490E-9	8.155055E-11	8.155055E-11
-4.700000E-1	3.814750E-9	3.814750E-9	9.714158E-11	9.714158E-11
-4.600000E-1	4.226730E-9	4.226730E-9	1.076325E-10	1.076325E-10
-4.500000E-1	4.579190E-9	4.579190E-9	1.166078E-10	1.166078E-10
-4.400000E-1	4.853370E-9	4.853370E-9	1.235898E-10	1.235898E-10
-4.300000E-1	5.101270E-9	5.101270E-9	1.299025E-10	1.299025E-10
-4.200000E-1	5.322610E-9	5.322610E-9	1.355388E-10	1.355388E-10
-4.100000E-1	5.570090E-9	5.570090E-9	1.418408E-10	1.418408E-10
-4.000000E-1	5.827910E-9	5.827910E-9	1.484062E-10	1.484062E-10
-3.900000E-1	6.045500E-9	6.045500E-9	1.539470E-10	1.539470E-10
-3.800000E-1	6.287430E-9	6.287430E-9	1.601077E-10	1.601077E-10
-3.700000E-1	6.573950E-9	6.573950E-9	1.674039E-10	1.674039E-10
-3.600000E-1	6.843040E-9	6.843040E-9	1.742562E-10	1.742562E-10
-3.500000E-1	7.136580E-9	7.136580E-9	1.817311E-10	1.817311E-10
-3.400000E-1	7.448750E-9	7.448750E-9	1.896804E-10	1.896804E-10
-3.300000E-1	7.752360E-9	7.752360E-9	1.974118E-10	1.974118E-10
-3.200000E-1	8.080420E-9	8.080420E-9	2.057657E-10	2.057657E-10
-3.100000E-1	8.435500E-9	8.435500E-9	2.148077E-10	2.148077E-10
-3.000000E-1	8.816100E-9	8.816100E-9	2.244996E-10	2.244996E-10
-2.900000E-1	9.388800E-9	9.388800E-9	2.390833E-10	2.390833E-10
-2.800000E-1	9.910400E-9	9.910400E-9	2.523657E-10	2.523657E-10
-2.700000E-1	1.047160E-8	1.047160E-8	2.666565E-10	2.666565E-10
-2.600000E-1	1.102650E-8	1.102650E-8	2.807869E-10	2.807869E-10
-2.500000E-1	1.162200E-8	1.162200E-8	2.959511E-10	2.959511E-10
-2.400000E-1	1.223140E-8	1.223140E-8	3.114693E-10	3.114693E-10
-2.300000E-1	1.288440E-8	1.288440E-8	3.280978E-10	3.280978E-10
-2.200000E-1	1.354030E-8	1.354030E-8	3.448001E-10	3.448001E-10
-2.100000E-1	1.427290E-8	1.427290E-8	3.634556E-10	3.634556E-10
-2.000000E-1	1.502680E-8	1.502680E-8	3.826534E-10	3.826534E-10
-1.900000E-1	1.585000E-8	1.585000E-8	4.036160E-10	4.036160E-10
-1.800000E-1	1.671370E-8	1.671370E-8	4.256099E-10	4.256099E-10
-1.700000E-1	1.760500E-8	1.760500E-8	4.483066E-10	4.483066E-10
-1.600000E-1	1.856900E-8	1.856900E-8	4.728546E-10	4.728546E-10
-1.500000E-1	1.964300E-8	1.964300E-8	5.002037E-10	5.002037E-10
-1.400000E-1	2.069940E-8	2.069940E-8	5.271047E-10	5.271047E-10
-1.300000E-1	2.187100E-8	2.187100E-8	5.569391E-10	5.569391E-10
-1.200000E-1	2.309710E-8	2.309710E-8	5.881614E-10	5.881614E-10
-1.100000E-1	2.439810E-8	2.439810E-8	6.212911E-10	6.212911E-10
-1.000000E-1	2.577000E-8	2.577000E-8	6.562261E-10	6.562261E-10
-9.000000E-2	2.724150E-8	2.724150E-8	6.936975E-10	6.936975E-10
-8.000000E-2	2.877570E-8	2.877570E-8	7.327655E-10	7.327655E-10
-7.000000E-2	3.041730E-8	3.041730E-8	7.745684E-10	7.745684E-10
-6.000000E-2	3.213790E-8	3.213790E-8	8.183830E-10	8.183830E-10
-5.000000E-2	3.395760E-8	3.395760E-8	8.647212E-10	8.647212E-10
-4.000000E-2	3.588160E-8	3.588160E-8	9.137153E-10	9.137153E-10
-3.000000E-2	3.790460E-8	3.790460E-8	9.652304E-10	9.652304E-10
-2.000000E-2	4.005290E-8	4.005290E-8	1.019936E-9	1.019936E-9
-1.000000E-2	4.228260E-8	4.228260E-8	1.076715E-9	1.076715E-9
0.000000E+0	4.464930E-8	4.464930E-8	1.136982E-9	1.136982E-9
1.000000E-2	4.711690E-8	4.711690E-8	1.199819E-9	1.199819E-9
2.000000E-2	4.972470E-8	4.972470E-8	1.266226E-9	1.266226E-9
3.000000E-2	5.243480E-8	5.243480E-8	1.335238E-9	1.335238E-9
4.000000E-2	5.530980E-8	5.530980E-8	1.408449E-9	1.408449E-9
5.000000E-2	5.829320E-8	5.829320E-8	1.484421E-9	1.484421E-9
6.000000E-2	6.140190E-8	6.140190E-8	1.563583E-9	1.563583E-9
7.000000E-2	6.470620E-8	6.470620E-8	1.647726E-9	1.647726E-9
8.000000E-2	6.808530E-8	6.808530E-8	1.733774E-9	1.733774E-9
9.000000E-2	7.163130E-8	7.163130E-8	1.824072E-9	1.824072E-9
1.000000E-1	7.529020E-8	7.529020E-8	1.917245E-9	1.917245E-9
1.100000E-1	7.912050E-8	7.912050E-8	2.014782E-9	2.014782E-9
1.200000E-1	8.303670E-8	8.303670E-8	2.114507E-9	2.114507E-9
1.300000E-1	8.713590E-8	8.713590E-8	2.218892E-9	2.218892E-9
1.400000E-1	9.134410E-8	9.134410E-8	2.326053E-9	2.326053E-9
1.500000E-1	9.573460E-8	9.573460E-8	2.437856E-9	2.437856E-9
1.600000E-1	1.003560E-7	1.003560E-7	2.555539E-9	2.555539E-9
1.700000E-1	1.074430E-7	1.074430E-7	2.736007E-9	2.736007E-9
1.800000E-1	1.137600E-7	1.137600E-7	2.896868E-9	2.896868E-9
1.900000E-1	1.203850E-7	1.203850E-7	3.065572E-9	3.065572E-9
2.000000E-1	1.274990E-7	1.274990E-7	3.246728E-9	3.246728E-9
2.100000E-1	1.349170E-7	1.349170E-7	3.435625E-9	3.435625E-9
2.200000E-1	1.427740E-7	1.427740E-7	3.635702E-9	3.635702E-9
2.300000E-1	1.509340E-7	1.509340E-7	3.843494E-9	3.843494E-9
2.400000E-1	1.595520E-7	1.595520E-7	4.062949E-9	4.062949E-9
2.500000E-1	1.684780E-7	1.684780E-7	4.290247E-9	4.290247E-9
2.600000E-1	1.778490E-7	1.778490E-7	4.528877E-9	4.528877E-9
2.700000E-1	1.875630E-7	1.875630E-7	4.776241E-9	4.776241E-9
2.800000E-1	1.975430E-7	1.975430E-7	5.030379E-9	5.030379E-9
2.900000E-1	2.079690E-7	2.079690E-7	5.295875E-9	5.295875E-9
3.000000E-1	2.185790E-7	2.185790E-7	5.566055E-9	5.566055E-9
3.100000E-1	2.295850E-7	2.295850E-7	5.846320E-9	5.846320E-9
3.200000E-1	2.407910E-7	2.407910E-7	6.131678E-9	6.131678E-9
3.300000E-1	2.523610E-7	2.523610E-7	6.426305E-9	6.426305E-9
3.400000E-1	2.640540E-7	2.640540E-7	6.724064E-9	6.724064E-9
3.500000E-1	2.760800E-7	2.760800E-7	7.030303E-9	7.030303E-9
3.600000E-1	2.881510E-7	2.881510E-7	7.337688E-9	7.337688E-9
3.700000E-1	3.004810E-7	3.004810E-7	7.651668E-9	7.651668E-9
3.800000E-1	3.129480E-7	3.129480E-7	7.969137E-9	7.969137E-9
3.900000E-1	3.253580E-7	3.253580E-7	8.285154E-9	8.285154E-9
4.000000E-1	3.379050E-7	3.379050E-7	8.604660E-9	8.604660E-9
4.100000E-1	3.503540E-7	3.503540E-7	8.921670E-9	8.921670E-9
4.200000E-1	3.629200E-7	3.629200E-7	9.241660E-9	9.241660E-9
4.300000E-1	3.752970E-7	3.752970E-7	9.556837E-9	9.556837E-9
4.400000E-1	3.877320E-7	3.877320E-7	9.873491E-9	9.873491E-9
4.500000E-1	3.998940E-7	3.998940E-7	1.018319E-8	1.018319E-8
4.600000E-1	4.121000E-7	4.121000E-7	1.049402E-8	1.049402E-8
4.700000E-1	4.239400E-7	4.239400E-7	1.079552E-8	1.079552E-8
4.800000E-1	4.357920E-7	4.357920E-7	1.109733E-8	1.109733E-8
4.900000E-1	4.474130E-7	4.474130E-7	1.139325E-8	1.139325E-8
5.000000E-1	4.586330E-7	4.586330E-7	1.167897E-8	1.167897E-8
