

16:45:09	26/03/21


Ell Cont: 5,0x10,0

SMU1	V name:		V1
	I name:		I1
	Mode:		V
	Function:	VAR1
SMU2	V name:		V2
	I name:		I2
	Mode:		common
	Function:	const.
SMU3	off
SMU4	off
VMUs	off

Primary Source (VAR1):	single
	Sweep Spacing:	linear
	Start:		-0.500000
	Stop:		0.500000
	Step:		0.010000
	Compliance:	0.050000
Power Compliance OFF

Timing:		Integration Time:	medium
	Delay Time (sec):	0.000000
	Hold Time (sec):	0.000000
	Wait Time (sec):	1.000000

Secondary Source (VAR2):	OFF


   V1	   I1	Abs(I)	J (A\um²)	Abs(J)
-5.000000E-1	-3.157670E-9	3.157670E-9	-8.040922E-11	8.040922E-11
-4.900000E-1	7.625300E-10	7.625300E-10	1.941762E-11	1.941762E-11
-4.800000E-1	1.798910E-9	1.798910E-9	4.580876E-11	4.580876E-11
-4.700000E-1	2.227150E-9	2.227150E-9	5.671378E-11	5.671378E-11
-4.600000E-1	2.526660E-9	2.526660E-9	6.434072E-11	6.434072E-11
-4.500000E-1	2.788210E-9	2.788210E-9	7.100102E-11	7.100102E-11
-4.400000E-1	3.019180E-9	3.019180E-9	7.688261E-11	7.688261E-11
-4.300000E-1	3.214150E-9	3.214150E-9	8.184747E-11	8.184747E-11
-4.200000E-1	3.394360E-9	3.394360E-9	8.643646E-11	8.643646E-11
-4.100000E-1	3.566030E-9	3.566030E-9	9.080799E-11	9.080799E-11
-4.000000E-1	3.764320E-9	3.764320E-9	9.585740E-11	9.585740E-11
-3.900000E-1	3.925490E-9	3.925490E-9	9.996155E-11	9.996155E-11
-3.800000E-1	4.111120E-9	4.111120E-9	1.046886E-10	1.046886E-10
-3.700000E-1	4.290440E-9	4.290440E-9	1.092549E-10	1.092549E-10
-3.600000E-1	4.486700E-9	4.486700E-9	1.142526E-10	1.142526E-10
-3.500000E-1	4.700400E-9	4.700400E-9	1.196944E-10	1.196944E-10
-3.400000E-1	4.898730E-9	4.898730E-9	1.247448E-10	1.247448E-10
-3.300000E-1	5.112990E-9	5.112990E-9	1.302009E-10	1.302009E-10
-3.200000E-1	5.331960E-9	5.331960E-9	1.357769E-10	1.357769E-10
-3.100000E-1	5.580940E-9	5.580940E-9	1.421171E-10	1.421171E-10
-3.000000E-1	5.822690E-9	5.822690E-9	1.482732E-10	1.482732E-10
-2.900000E-1	6.086970E-9	6.086970E-9	1.550031E-10	1.550031E-10
-2.800000E-1	6.382630E-9	6.382630E-9	1.625320E-10	1.625320E-10
-2.700000E-1	6.665960E-9	6.665960E-9	1.697469E-10	1.697469E-10
-2.600000E-1	6.983960E-9	6.983960E-9	1.778447E-10	1.778447E-10
-2.500000E-1	7.317240E-9	7.317240E-9	1.863315E-10	1.863315E-10
-2.400000E-1	7.673840E-9	7.673840E-9	1.954123E-10	1.954123E-10
-2.300000E-1	8.081300E-9	8.081300E-9	2.057881E-10	2.057881E-10
-2.200000E-1	8.445380E-9	8.445380E-9	2.150593E-10	2.150593E-10
-2.100000E-1	8.792200E-9	8.792200E-9	2.238910E-10	2.238910E-10
-2.000000E-1	9.363700E-9	9.363700E-9	2.384441E-10	2.384441E-10
-1.900000E-1	9.934300E-9	9.934300E-9	2.529743E-10	2.529743E-10
-1.800000E-1	1.053320E-8	1.053320E-8	2.682251E-10	2.682251E-10
-1.700000E-1	1.115490E-8	1.115490E-8	2.840565E-10	2.840565E-10
-1.600000E-1	1.179180E-8	1.179180E-8	3.002750E-10	3.002750E-10
-1.500000E-1	1.248180E-8	1.248180E-8	3.178457E-10	3.178457E-10
-1.400000E-1	1.320100E-8	1.320100E-8	3.361599E-10	3.361599E-10
-1.300000E-1	1.394980E-8	1.394980E-8	3.552279E-10	3.552279E-10
-1.200000E-1	1.476720E-8	1.476720E-8	3.760428E-10	3.760428E-10
-1.100000E-1	1.562310E-8	1.562310E-8	3.978380E-10	3.978380E-10
-1.000000E-1	1.652300E-8	1.652300E-8	4.207538E-10	4.207538E-10
-9.000000E-2	1.749740E-8	1.749740E-8	4.455666E-10	4.455666E-10
-8.000000E-2	1.853750E-8	1.853750E-8	4.720525E-10	4.720525E-10
-7.000000E-2	1.958960E-8	1.958960E-8	4.988439E-10	4.988439E-10
-6.000000E-2	2.073850E-8	2.073850E-8	5.281003E-10	5.281003E-10
-5.000000E-2	2.196890E-8	2.196890E-8	5.594321E-10	5.594321E-10
-4.000000E-2	2.326530E-8	2.326530E-8	5.924446E-10	5.924446E-10
-3.000000E-2	2.462830E-8	2.462830E-8	6.271530E-10	6.271530E-10
-2.000000E-2	2.609920E-8	2.609920E-8	6.646091E-10	6.646091E-10
-1.000000E-2	2.758590E-8	2.758590E-8	7.024675E-10	7.024675E-10
0.000000E+0	2.918820E-8	2.918820E-8	7.432697E-10	7.432697E-10
1.000000E-2	3.084280E-8	3.084280E-8	7.854036E-10	7.854036E-10
2.000000E-2	3.265770E-8	3.265770E-8	8.316195E-10	8.316195E-10
3.000000E-2	3.452590E-8	3.452590E-8	8.791928E-10	8.791928E-10
4.000000E-2	3.649850E-8	3.649850E-8	9.294245E-10	9.294245E-10
5.000000E-2	3.857510E-8	3.857510E-8	9.823045E-10	9.823045E-10
6.000000E-2	4.072690E-8	4.072690E-8	1.037100E-9	1.037100E-9
7.000000E-2	4.301120E-8	4.301120E-8	1.095269E-9	1.095269E-9
8.000000E-2	4.537020E-8	4.537020E-8	1.155340E-9	1.155340E-9
9.000000E-2	4.787240E-8	4.787240E-8	1.219058E-9	1.219058E-9
1.000000E-1	5.046510E-8	5.046510E-8	1.285080E-9	1.285080E-9
1.100000E-1	5.319220E-8	5.319220E-8	1.354525E-9	1.354525E-9
1.200000E-1	5.601020E-8	5.601020E-8	1.426285E-9	1.426285E-9
1.300000E-1	5.898710E-8	5.898710E-8	1.502091E-9	1.502091E-9
1.400000E-1	6.204950E-8	6.204950E-8	1.580074E-9	1.580074E-9
1.500000E-1	6.526420E-8	6.526420E-8	1.661935E-9	1.661935E-9
1.600000E-1	6.861070E-8	6.861070E-8	1.747153E-9	1.747153E-9
1.700000E-1	7.202820E-8	7.202820E-8	1.834179E-9	1.834179E-9
1.800000E-1	7.561100E-8	7.561100E-8	1.925414E-9	1.925414E-9
1.900000E-1	7.925550E-8	7.925550E-8	2.018220E-9	2.018220E-9
2.000000E-1	8.302800E-8	8.302800E-8	2.114286E-9	2.114286E-9
2.100000E-1	8.684730E-8	8.684730E-8	2.211543E-9	2.211543E-9
2.200000E-1	9.079750E-8	9.079750E-8	2.312134E-9	2.312134E-9
2.300000E-1	9.479780E-8	9.479780E-8	2.414000E-9	2.414000E-9
2.400000E-1	9.890990E-8	9.890990E-8	2.518714E-9	2.518714E-9
2.500000E-1	1.031810E-7	1.031810E-7	2.627476E-9	2.627476E-9
2.600000E-1	1.098310E-7	1.098310E-7	2.796817E-9	2.796817E-9
2.700000E-1	1.159400E-7	1.159400E-7	2.952381E-9	2.952381E-9
2.800000E-1	1.223030E-7	1.223030E-7	3.114413E-9	3.114413E-9
2.900000E-1	1.291170E-7	1.291170E-7	3.287930E-9	3.287930E-9
3.000000E-1	1.361700E-7	1.361700E-7	3.467532E-9	3.467532E-9
3.100000E-1	1.436070E-7	1.436070E-7	3.656914E-9	3.656914E-9
3.200000E-1	1.512870E-7	1.512870E-7	3.852483E-9	3.852483E-9
3.300000E-1	1.593240E-7	1.593240E-7	4.057143E-9	4.057143E-9
3.400000E-1	1.675690E-7	1.675690E-7	4.267100E-9	4.267100E-9
3.500000E-1	1.761690E-7	1.761690E-7	4.486096E-9	4.486096E-9
3.600000E-1	1.849480E-7	1.849480E-7	4.709651E-9	4.709651E-9
3.700000E-1	1.940490E-7	1.940490E-7	4.941406E-9	4.941406E-9
3.800000E-1	2.033890E-7	2.033890E-7	5.179246E-9	5.179246E-9
3.900000E-1	2.128240E-7	2.128240E-7	5.419506E-9	5.419506E-9
4.000000E-1	2.225280E-7	2.225280E-7	5.666616E-9	5.666616E-9
4.100000E-1	2.322790E-7	2.322790E-7	5.914922E-9	5.914922E-9
4.200000E-1	2.423080E-7	2.423080E-7	6.170308E-9	6.170308E-9
4.300000E-1	2.522840E-7	2.522840E-7	6.424344E-9	6.424344E-9
4.400000E-1	2.624860E-7	2.624860E-7	6.684135E-9	6.684135E-9
4.500000E-1	2.726100E-7	2.726100E-7	6.941940E-9	6.941940E-9
4.600000E-1	2.828770E-7	2.828770E-7	7.203387E-9	7.203387E-9
4.700000E-1	2.929960E-7	2.929960E-7	7.461064E-9	7.461064E-9
4.800000E-1	3.032350E-7	3.032350E-7	7.721798E-9	7.721798E-9
4.900000E-1	3.134080E-7	3.134080E-7	7.980850E-9	7.980850E-9
5.000000E-1	3.233580E-7	3.233580E-7	8.234225E-9	8.234225E-9
