

16:29:47	26/03/21


Ell Cont: 5,0x10,0

SMU1	V name:		V1
	I name:		I1
	Mode:		V
	Function:	VAR1
SMU2	V name:		V2
	I name:		I2
	Mode:		common
	Function:	const.
SMU3	off
SMU4	off
VMUs	off

Primary Source (VAR1):	single
	Sweep Spacing:	linear
	Start:		-1.500000
	Stop:		1.500000
	Step:		0.010000
	Compliance:	0.050000
Power Compliance OFF

Timing:		Integration Time:	medium
	Delay Time (sec):	0.000000
	Hold Time (sec):	0.000000
	Wait Time (sec):	1.000000

Secondary Source (VAR2):	OFF


   V1	   I1	Abs(I)	J (A\µm²)	Abs(J)
-5.000000E-1	-1.550390E-3	1.550390E-3	-3.948026E-5	3.948026E-5
-4.900000E-1	-1.817230E-3	1.817230E-3	-4.627527E-5	4.627527E-5
-4.800000E-1	-1.730310E-3	1.730310E-3	-4.406188E-5	4.406188E-5
-4.700000E-1	-1.990190E-3	1.990190E-3	-5.067965E-5	5.067965E-5
-4.600000E-1	-2.265710E-3	2.265710E-3	-5.769570E-5	5.769570E-5
-4.500000E-1	-2.096550E-3	2.096550E-3	-5.338808E-5	5.338808E-5
-4.400000E-1	-1.821580E-3	1.821580E-3	-4.638604E-5	4.638604E-5
-4.300000E-1	-1.806510E-3	1.806510E-3	-4.600229E-5	4.600229E-5
-4.200000E-1	-1.781940E-3	1.781940E-3	-4.537662E-5	4.537662E-5
-4.100000E-1	-1.671760E-3	1.671760E-3	-4.257092E-5	4.257092E-5
-4.000000E-1	-1.627990E-3	1.627990E-3	-4.145633E-5	4.145633E-5
-3.900000E-1	-1.591970E-3	1.591970E-3	-4.053909E-5	4.053909E-5
-3.800000E-1	-1.463890E-3	1.463890E-3	-3.727757E-5	3.727757E-5
-3.700000E-1	-1.435720E-3	1.435720E-3	-3.656022E-5	3.656022E-5
-3.600000E-1	-1.379890E-3	1.379890E-3	-3.513853E-5	3.513853E-5
-3.500000E-1	-1.267940E-3	1.267940E-3	-3.228775E-5	3.228775E-5
-3.400000E-1	-1.185810E-3	1.185810E-3	-3.019633E-5	3.019633E-5
-3.300000E-1	-1.098600E-3	1.098600E-3	-2.797555E-5	2.797555E-5
-3.200000E-1	-9.974960E-4	9.974960E-4	-2.540097E-5	2.540097E-5
-3.100000E-1	-8.483990E-4	8.483990E-4	-2.160425E-5	2.160425E-5
-3.000000E-1	-8.529680E-4	8.529680E-4	-2.172060E-5	2.172060E-5
-2.900000E-1	-7.678200E-4	7.678200E-4	-1.955233E-5	1.955233E-5
-2.800000E-1	-6.430520E-4	6.430520E-4	-1.637515E-5	1.637515E-5
-2.700000E-1	-5.768980E-4	5.768980E-4	-1.469055E-5	1.469055E-5
-2.600000E-1	-5.904200E-4	5.904200E-4	-1.503489E-5	1.503489E-5
-2.500000E-1	-5.838960E-4	5.838960E-4	-1.486875E-5	1.486875E-5
-2.400000E-1	-5.345770E-4	5.345770E-4	-1.361286E-5	1.361286E-5
-2.300000E-1	-4.851370E-4	4.851370E-4	-1.235388E-5	1.235388E-5
-2.200000E-1	-3.499020E-4	3.499020E-4	-8.910160E-6	8.910160E-6
-2.100000E-1	-2.953740E-4	2.953740E-4	-7.521619E-6	7.521619E-6
-2.000000E-1	-2.611300E-4	2.611300E-4	-6.649605E-6	6.649605E-6
-1.900000E-1	-2.252900E-4	2.252900E-4	-5.736949E-6	5.736949E-6
-1.800000E-1	-1.853730E-4	1.853730E-4	-4.720474E-6	4.720474E-6
-1.700000E-1	-1.452140E-4	1.452140E-4	-3.697835E-6	3.697835E-6
-1.600000E-1	-1.252450E-4	1.252450E-4	-3.189330E-6	3.189330E-6
-1.500000E-1	-1.107890E-4	1.107890E-4	-2.821212E-6	2.821212E-6
-1.400000E-1	-9.699800E-5	9.699800E-5	-2.470028E-6	2.470028E-6
-1.300000E-1	-9.521160E-5	9.521160E-5	-2.424538E-6	2.424538E-6
-1.200000E-1	-7.548120E-5	7.548120E-5	-1.922108E-6	1.922108E-6
-1.100000E-1	-4.700060E-5	4.700060E-5	-1.196858E-6	1.196858E-6
-1.000000E-1	-3.955420E-5	3.955420E-5	-1.007237E-6	1.007237E-6
-9.000000E-2	-3.437110E-5	3.437110E-5	-8.752508E-7	8.752508E-7
-8.000000E-2	-3.027630E-5	3.027630E-5	-7.709778E-7	7.709778E-7
-7.000000E-2	-2.136690E-5	2.136690E-5	-5.441024E-7	5.441024E-7
-6.000000E-2	-1.522420E-5	1.522420E-5	-3.876802E-7	3.876802E-7
-5.000000E-2	-1.137040E-5	1.137040E-5	-2.895442E-7	2.895442E-7
-4.000000E-2	-8.308570E-6	8.308570E-6	-2.115755E-7	2.115755E-7
-3.000000E-2	-6.042200E-6	6.042200E-6	-1.538630E-7	1.538630E-7
-2.000000E-2	-4.046690E-6	4.046690E-6	-1.030479E-7	1.030479E-7
-1.000000E-2	-1.850010E-6	1.850010E-6	-4.711001E-8	4.711001E-8
0.000000E+0	-2.186500E-9	2.186500E-9	-5.567863E-11	5.567863E-11
1.000000E-2	1.619190E-6	1.619190E-6	4.123224E-8	4.123224E-8
2.000000E-2	3.294170E-6	3.294170E-6	8.388515E-8	8.388515E-8
3.000000E-2	4.901660E-6	4.901660E-6	1.248195E-7	1.248195E-7
4.000000E-2	6.363680E-6	6.363680E-6	1.620494E-7	1.620494E-7
5.000000E-2	8.336510E-6	8.336510E-6	2.122870E-7	2.122870E-7
6.000000E-2	9.301220E-6	9.301220E-6	2.368531E-7	2.368531E-7
7.000000E-2	1.084850E-5	1.084850E-5	2.762541E-7	2.762541E-7
8.000000E-2	1.313540E-5	1.313540E-5	3.344894E-7	3.344894E-7
9.000000E-2	1.481560E-5	1.481560E-5	3.772753E-7	3.772753E-7
1.000000E-1	1.553110E-5	1.553110E-5	3.954953E-7	3.954953E-7
1.100000E-1	1.721420E-5	1.721420E-5	4.383550E-7	4.383550E-7
1.200000E-1	1.872610E-5	1.872610E-5	4.768551E-7	4.768551E-7
1.300000E-1	2.064140E-5	2.064140E-5	5.256277E-7	5.256277E-7
1.400000E-1	2.092150E-5	2.092150E-5	5.327604E-7	5.327604E-7
1.500000E-1	2.115650E-5	2.115650E-5	5.387446E-7	5.387446E-7
1.600000E-1	2.302980E-5	2.302980E-5	5.864477E-7	5.864477E-7
1.700000E-1	2.440830E-5	2.440830E-5	6.215508E-7	6.215508E-7
1.800000E-1	2.682140E-5	2.682140E-5	6.829997E-7	6.829997E-7
1.900000E-1	2.701360E-5	2.701360E-5	6.878941E-7	6.878941E-7
2.000000E-1	2.974420E-5	2.974420E-5	7.574281E-7	7.574281E-7
2.100000E-1	3.004860E-5	3.004860E-5	7.651795E-7	7.651795E-7
2.200000E-1	3.186850E-5	3.186850E-5	8.115228E-7	8.115228E-7
2.300000E-1	3.278380E-5	3.278380E-5	8.348306E-7	8.348306E-7
2.400000E-1	3.333450E-5	3.333450E-5	8.488541E-7	8.488541E-7
2.500000E-1	3.320100E-5	3.320100E-5	8.454545E-7	8.454545E-7
2.600000E-1	3.200020E-5	3.200020E-5	8.148765E-7	8.148765E-7
2.700000E-1	3.296790E-5	3.296790E-5	8.395187E-7	8.395187E-7
2.800000E-1	3.166780E-5	3.166780E-5	8.064120E-7	8.064120E-7
2.900000E-1	3.267750E-5	3.267750E-5	8.321237E-7	8.321237E-7
3.000000E-1	3.266870E-5	3.266870E-5	8.318997E-7	8.318997E-7
3.100000E-1	3.723930E-5	3.723930E-5	9.482888E-7	9.482888E-7
3.200000E-1	3.929030E-5	3.929030E-5	1.000517E-6	1.000517E-6
3.300000E-1	4.066690E-5	4.066690E-5	1.035572E-6	1.035572E-6
3.400000E-1	4.150620E-5	4.150620E-5	1.056944E-6	1.056944E-6
3.500000E-1	4.287540E-5	4.287540E-5	1.091811E-6	1.091811E-6
3.600000E-1	4.126530E-5	4.126530E-5	1.050810E-6	1.050810E-6
3.700000E-1	3.951510E-5	3.951510E-5	1.006241E-6	1.006241E-6
3.800000E-1	3.606760E-5	3.606760E-5	9.184517E-7	9.184517E-7
3.900000E-1	3.994540E-5	3.994540E-5	1.017199E-6	1.017199E-6
4.000000E-1	3.995910E-5	3.995910E-5	1.017548E-6	1.017548E-6
4.100000E-1	4.044410E-5	4.044410E-5	1.029898E-6	1.029898E-6
4.200000E-1	3.839730E-5	3.839730E-5	9.777769E-7	9.777769E-7
4.300000E-1	3.950560E-5	3.950560E-5	1.005999E-6	1.005999E-6
4.400000E-1	4.099800E-5	4.099800E-5	1.044003E-6	1.044003E-6
4.500000E-1	3.762390E-5	3.762390E-5	9.580825E-7	9.580825E-7
4.600000E-1	2.800260E-5	2.800260E-5	7.130787E-7	7.130787E-7
4.700000E-1	2.915760E-5	2.915760E-5	7.424904E-7	7.424904E-7
4.800000E-1	2.947810E-5	2.947810E-5	7.506519E-7	7.506519E-7
4.900000E-1	2.469770E-3	2.469770E-3	6.289203E-5	6.289203E-5
5.000000E-1	2.670840E-3	2.670840E-3	6.801222E-5	6.801222E-5
