

16:40:18	26/03/21


Ell Cont: 5,0x10,0

SMU1	V name:		V1
	I name:		I1
	Mode:		V
	Function:	VAR1
SMU2	V name:		V2
	I name:		I2
	Mode:		common
	Function:	const.
SMU3	off
SMU4	off
VMUs	off

Primary Source (VAR1):	single
	Sweep Spacing:	linear
	Start:		-0.500000
	Stop:		0.500000
	Step:		0.010000
	Compliance:	0.050000
Power Compliance OFF

Timing:		Integration Time:	medium
	Delay Time (sec):	0.000000
	Hold Time (sec):	0.000000
	Wait Time (sec):	1.000000

Secondary Source (VAR2):	OFF


   V1	   I1	Abs(I)	J (A\um²)	Abs(J)
-5.000000E-1	-2.197740E-9	2.197740E-9	-5.596486E-11	5.596486E-11
-4.900000E-1	3.351130E-9	3.351130E-9	8.533562E-11	8.533562E-11
-4.800000E-1	5.052590E-9	5.052590E-9	1.286628E-10	1.286628E-10
-4.700000E-1	5.903460E-9	5.903460E-9	1.503300E-10	1.503300E-10
-4.600000E-1	6.443160E-9	6.443160E-9	1.640733E-10	1.640733E-10
-4.500000E-1	6.868940E-9	6.868940E-9	1.749157E-10	1.749157E-10
-4.400000E-1	7.227270E-9	7.227270E-9	1.840405E-10	1.840405E-10
-4.300000E-1	7.576550E-9	7.576550E-9	1.929348E-10	1.929348E-10
-4.200000E-1	7.900760E-9	7.900760E-9	2.011907E-10	2.011907E-10
-4.100000E-1	8.259410E-9	8.259410E-9	2.103237E-10	2.103237E-10
-4.000000E-1	8.549630E-9	8.549630E-9	2.177140E-10	2.177140E-10
-3.900000E-1	9.394400E-9	9.394400E-9	2.392259E-10	2.392259E-10
-3.800000E-1	9.873100E-9	9.873100E-9	2.514158E-10	2.514158E-10
-3.700000E-1	1.039320E-8	1.039320E-8	2.646600E-10	2.646600E-10
-3.600000E-1	1.089250E-8	1.089250E-8	2.773746E-10	2.773746E-10
-3.500000E-1	1.141280E-8	1.141280E-8	2.906239E-10	2.906239E-10
-3.400000E-1	1.194790E-8	1.194790E-8	3.042501E-10	3.042501E-10
-3.300000E-1	1.249290E-8	1.249290E-8	3.181283E-10	3.181283E-10
-3.200000E-1	1.306440E-8	1.306440E-8	3.326814E-10	3.326814E-10
-3.100000E-1	1.366040E-8	1.366040E-8	3.478584E-10	3.478584E-10
-3.000000E-1	1.431100E-8	1.431100E-8	3.644258E-10	3.644258E-10
-2.900000E-1	1.497400E-8	1.497400E-8	3.813089E-10	3.813089E-10
-2.800000E-1	1.570100E-8	1.570100E-8	3.998217E-10	3.998217E-10
-2.700000E-1	1.642440E-8	1.642440E-8	4.182429E-10	4.182429E-10
-2.600000E-1	1.719310E-8	1.719310E-8	4.378177E-10	4.378177E-10
-2.500000E-1	1.804230E-8	1.804230E-8	4.594423E-10	4.594423E-10
-2.400000E-1	1.892640E-8	1.892640E-8	4.819557E-10	4.819557E-10
-2.300000E-1	1.985580E-8	1.985580E-8	5.056226E-10	5.056226E-10
-2.200000E-1	2.084830E-8	2.084830E-8	5.308964E-10	5.308964E-10
-2.100000E-1	2.189190E-8	2.189190E-8	5.574713E-10	5.574713E-10
-2.000000E-1	2.301560E-8	2.301560E-8	5.860861E-10	5.860861E-10
-1.900000E-1	2.418890E-8	2.418890E-8	6.159638E-10	6.159638E-10
-1.800000E-1	2.545290E-8	2.545290E-8	6.481513E-10	6.481513E-10
-1.700000E-1	2.677740E-8	2.677740E-8	6.818793E-10	6.818793E-10
-1.600000E-1	2.820160E-8	2.820160E-8	7.181462E-10	7.181462E-10
-1.500000E-1	2.970740E-8	2.970740E-8	7.564910E-10	7.564910E-10
-1.400000E-1	3.129400E-8	3.129400E-8	7.968933E-10	7.968933E-10
-1.300000E-1	3.298870E-8	3.298870E-8	8.400484E-10	8.400484E-10
-1.200000E-1	3.476960E-8	3.476960E-8	8.853985E-10	8.853985E-10
-1.100000E-1	3.666750E-8	3.666750E-8	9.337280E-10	9.337280E-10
-1.000000E-1	3.867090E-8	3.867090E-8	9.847441E-10	9.847441E-10
-9.000000E-2	4.079760E-8	4.079760E-8	1.038900E-9	1.038900E-9
-8.000000E-2	4.306180E-8	4.306180E-8	1.096557E-9	1.096557E-9
-7.000000E-2	4.544350E-8	4.544350E-8	1.157207E-9	1.157207E-9
-6.000000E-2	4.795490E-8	4.795490E-8	1.221159E-9	1.221159E-9
-5.000000E-2	5.061160E-8	5.061160E-8	1.288811E-9	1.288811E-9
-4.000000E-2	5.339500E-8	5.339500E-8	1.359689E-9	1.359689E-9
-3.000000E-2	5.635610E-8	5.635610E-8	1.435093E-9	1.435093E-9
-2.000000E-2	5.946670E-8	5.946670E-8	1.514304E-9	1.514304E-9
-1.000000E-2	6.270000E-8	6.270000E-8	1.596639E-9	1.596639E-9
0.000000E+0	6.613410E-8	6.613410E-8	1.684087E-9	1.684087E-9
1.000000E-2	6.968690E-8	6.968690E-8	1.774558E-9	1.774558E-9
2.000000E-2	7.346190E-8	7.346190E-8	1.870688E-9	1.870688E-9
3.000000E-2	7.737670E-8	7.737670E-8	1.970377E-9	1.970377E-9
4.000000E-2	8.151490E-8	8.151490E-8	2.075755E-9	2.075755E-9
5.000000E-2	8.585140E-8	8.585140E-8	2.186183E-9	2.186183E-9
6.000000E-2	9.033740E-8	9.033740E-8	2.300418E-9	2.300418E-9
7.000000E-2	9.508070E-8	9.508070E-8	2.421204E-9	2.421204E-9
8.000000E-2	1.000640E-7	1.000640E-7	2.548103E-9	2.548103E-9
9.000000E-2	1.081870E-7	1.081870E-7	2.754953E-9	2.754953E-9
1.000000E-1	1.147550E-7	1.147550E-7	2.922205E-9	2.922205E-9
1.100000E-1	1.218330E-7	1.218330E-7	3.102445E-9	3.102445E-9
1.200000E-1	1.292600E-7	1.292600E-7	3.291571E-9	3.291571E-9
1.300000E-1	1.372310E-7	1.372310E-7	3.494551E-9	3.494551E-9
1.400000E-1	1.455570E-7	1.455570E-7	3.706570E-9	3.706570E-9
1.500000E-1	1.544950E-7	1.544950E-7	3.934174E-9	3.934174E-9
1.600000E-1	1.638510E-7	1.638510E-7	4.172422E-9	4.172422E-9
1.700000E-1	1.736410E-7	1.736410E-7	4.421721E-9	4.421721E-9
1.800000E-1	1.840280E-7	1.840280E-7	4.686224E-9	4.686224E-9
1.900000E-1	1.947660E-7	1.947660E-7	4.959664E-9	4.959664E-9
2.000000E-1	2.061460E-7	2.061460E-7	5.249452E-9	5.249452E-9
2.100000E-1	2.179010E-7	2.179010E-7	5.548790E-9	5.548790E-9
2.200000E-1	2.302850E-7	2.302850E-7	5.864146E-9	5.864146E-9
2.300000E-1	2.430370E-7	2.430370E-7	6.188872E-9	6.188872E-9
2.400000E-1	2.563910E-7	2.563910E-7	6.528928E-9	6.528928E-9
2.500000E-1	2.701030E-7	2.701030E-7	6.878100E-9	6.878100E-9
2.600000E-1	2.844290E-7	2.844290E-7	7.242908E-9	7.242908E-9
2.700000E-1	2.991970E-7	2.991970E-7	7.618971E-9	7.618971E-9
2.800000E-1	3.142430E-7	3.142430E-7	8.002113E-9	8.002113E-9
2.900000E-1	3.298580E-7	3.298580E-7	8.399745E-9	8.399745E-9
3.000000E-1	3.456800E-7	3.456800E-7	8.802648E-9	8.802648E-9
3.100000E-1	3.619950E-7	3.619950E-7	9.218105E-9	9.218105E-9
3.200000E-1	3.784130E-7	3.784130E-7	9.636185E-9	9.636185E-9
3.300000E-1	3.952780E-7	3.952780E-7	1.006565E-8	1.006565E-8
3.400000E-1	4.121830E-7	4.121830E-7	1.049613E-8	1.049613E-8
3.500000E-1	4.294280E-7	4.294280E-7	1.093527E-8	1.093527E-8
3.600000E-1	4.466220E-7	4.466220E-7	1.137311E-8	1.137311E-8
3.700000E-1	4.640770E-7	4.640770E-7	1.181760E-8	1.181760E-8
3.800000E-1	4.815810E-7	4.815810E-7	1.226333E-8	1.226333E-8
3.900000E-1	4.988350E-7	4.988350E-7	1.270270E-8	1.270270E-8
4.000000E-1	5.162580E-7	5.162580E-7	1.314637E-8	1.314637E-8
4.100000E-1	5.333530E-7	5.333530E-7	1.358169E-8	1.358169E-8
4.200000E-1	5.505260E-7	5.505260E-7	1.401900E-8	1.401900E-8
4.300000E-1	5.673000E-7	5.673000E-7	1.444614E-8	1.444614E-8
4.400000E-1	5.840640E-7	5.840640E-7	1.487303E-8	1.487303E-8
4.500000E-1	6.003620E-7	6.003620E-7	1.528806E-8	1.528806E-8
4.600000E-1	6.166160E-7	6.166160E-7	1.570196E-8	1.570196E-8
4.700000E-1	6.323100E-7	6.323100E-7	1.610160E-8	1.610160E-8
4.800000E-1	6.479860E-7	6.479860E-7	1.650079E-8	1.650079E-8
4.900000E-1	6.633040E-7	6.633040E-7	1.689086E-8	1.689086E-8
5.000000E-1	6.779430E-7	6.779430E-7	1.726364E-8	1.726364E-8
