

16:43:51	26/03/21


Ell Cont: 5,0x10,0

SMU1	V name:		V1
	I name:		I1
	Mode:		V
	Function:	VAR1
SMU2	V name:		V2
	I name:		I2
	Mode:		common
	Function:	const.
SMU3	off
SMU4	off
VMUs	off

Primary Source (VAR1):	single
	Sweep Spacing:	linear
	Start:		-0.500000
	Stop:		0.500000
	Step:		0.010000
	Compliance:	0.050000
Power Compliance OFF

Timing:		Integration Time:	medium
	Delay Time (sec):	0.000000
	Hold Time (sec):	0.000000
	Wait Time (sec):	1.000000

Secondary Source (VAR2):	OFF


   V1	   I1	Abs(I)	J (A\µm²)	Abs(J)
-5.000000E-1	-1.136880E-8	1.136880E-8	-2.895034E-10	2.895034E-10
-4.900000E-1	-7.473840E-9	7.473840E-9	-1.903193E-10	1.903193E-10
-4.800000E-1	-6.253370E-9	6.253370E-9	-1.592404E-10	1.592404E-10
-4.700000E-1	-5.605610E-9	5.605610E-9	-1.427454E-10	1.427454E-10
-4.600000E-1	-5.299670E-9	5.299670E-9	-1.349547E-10	1.349547E-10
-4.500000E-1	-4.945810E-9	4.945810E-9	-1.259437E-10	1.259437E-10
-4.400000E-1	-4.697780E-9	4.697780E-9	-1.196277E-10	1.196277E-10
-4.300000E-1	-4.434240E-9	4.434240E-9	-1.129167E-10	1.129167E-10
-4.200000E-1	-4.084080E-9	4.084080E-9	-1.040000E-10	1.040000E-10
-4.100000E-1	-3.861060E-9	3.861060E-9	-9.832085E-11	9.832085E-11
-4.000000E-1	-3.785630E-9	3.785630E-9	-9.640005E-11	9.640005E-11
-3.900000E-1	-3.532480E-9	3.532480E-9	-8.995365E-11	8.995365E-11
-3.800000E-1	-3.366040E-9	3.366040E-9	-8.571530E-11	8.571530E-11
-3.700000E-1	-3.222790E-9	3.222790E-9	-8.206748E-11	8.206748E-11
-3.600000E-1	-3.103470E-9	3.103470E-9	-7.902903E-11	7.902903E-11
-3.500000E-1	-2.888600E-9	2.888600E-9	-7.355742E-11	7.355742E-11
-3.400000E-1	-2.778370E-9	2.778370E-9	-7.075044E-11	7.075044E-11
-3.300000E-1	-2.593950E-9	2.593950E-9	-6.605424E-11	6.605424E-11
-3.200000E-1	-2.507480E-9	2.507480E-9	-6.385230E-11	6.385230E-11
-3.100000E-1	-2.366890E-9	2.366890E-9	-6.027222E-11	6.027222E-11
-3.000000E-1	-2.259470E-9	2.259470E-9	-5.753680E-11	5.753680E-11
-2.900000E-1	-2.124970E-9	2.124970E-9	-5.411179E-11	5.411179E-11
-2.800000E-1	-1.966090E-9	1.966090E-9	-5.006595E-11	5.006595E-11
-2.700000E-1	-1.882430E-9	1.882430E-9	-4.793557E-11	4.793557E-11
-2.600000E-1	-1.753270E-9	1.753270E-9	-4.464655E-11	4.464655E-11
-2.500000E-1	-1.646910E-9	1.646910E-9	-4.193812E-11	4.193812E-11
-2.400000E-1	-1.520150E-9	1.520150E-9	-3.871021E-11	3.871021E-11
-2.300000E-1	-1.447850E-9	1.447850E-9	-3.686911E-11	3.686911E-11
-2.200000E-1	-1.334600E-9	1.334600E-9	-3.398523E-11	3.398523E-11
-2.100000E-1	-1.209360E-9	1.209360E-9	-3.079603E-11	3.079603E-11
-2.000000E-1	-1.115160E-9	1.115160E-9	-2.839725E-11	2.839725E-11
-1.900000E-1	-1.014150E-9	1.014150E-9	-2.582506E-11	2.582506E-11
-1.800000E-1	-9.269200E-10	9.269200E-10	-2.360377E-11	2.360377E-11
-1.700000E-1	-8.104000E-10	8.104000E-10	-2.063662E-11	2.063662E-11
-1.600000E-1	-7.447400E-10	7.447400E-10	-1.896460E-11	1.896460E-11
-1.500000E-1	-6.062000E-10	6.062000E-10	-1.543672E-11	1.543672E-11
-1.400000E-1	-5.616500E-10	5.616500E-10	-1.430227E-11	1.430227E-11
-1.300000E-1	-4.593800E-10	4.593800E-10	-1.169799E-11	1.169799E-11
-1.200000E-1	-3.860800E-10	3.860800E-10	-9.831423E-12	9.831423E-12
-1.100000E-1	-3.240500E-10	3.240500E-10	-8.251846E-12	8.251846E-12
-1.000000E-1	-2.275000E-10	2.275000E-10	-5.793226E-12	5.793226E-12
-9.000000E-2	-1.376100E-10	1.376100E-10	-3.504202E-12	3.504202E-12
-8.000000E-2	-5.395000E-11	5.395000E-11	-1.373822E-12	1.373822E-12
-7.000000E-2	2.409000E-11	2.409000E-11	6.134454E-13	6.134454E-13
-6.000000E-2	1.097900E-10	1.097900E-10	2.795773E-12	2.795773E-12
-5.000000E-2	2.084500E-10	2.084500E-10	5.308123E-12	5.308123E-12
-4.000000E-2	2.888500E-10	2.888500E-10	7.355488E-12	7.355488E-12
-3.000000E-2	3.814500E-10	3.814500E-10	9.713522E-12	9.713522E-12
-2.000000E-2	5.128900E-10	5.128900E-10	1.306061E-11	1.306061E-11
-1.000000E-2	5.867900E-10	5.867900E-10	1.494245E-11	1.494245E-11
0.000000E+0	7.078400E-10	7.078400E-10	1.802496E-11	1.802496E-11
1.000000E-2	8.011600E-10	8.011600E-10	2.040132E-11	2.040132E-11
2.000000E-2	9.226100E-10	9.226100E-10	2.349402E-11	2.349402E-11
3.000000E-2	1.015040E-9	1.015040E-9	2.584772E-11	2.584772E-11
4.000000E-2	1.119530E-9	1.119530E-9	2.850853E-11	2.850853E-11
5.000000E-2	1.241460E-9	1.241460E-9	3.161345E-11	3.161345E-11
6.000000E-2	1.346180E-9	1.346180E-9	3.428011E-11	3.428011E-11
7.000000E-2	1.472700E-9	1.472700E-9	3.750191E-11	3.750191E-11
8.000000E-2	1.592030E-9	1.592030E-9	4.054062E-11	4.054062E-11
9.000000E-2	1.745900E-9	1.745900E-9	4.445887E-11	4.445887E-11
1.000000E-1	1.867490E-9	1.867490E-9	4.755513E-11	4.755513E-11
1.100000E-1	2.048370E-9	2.048370E-9	5.216119E-11	5.216119E-11
1.200000E-1	2.200300E-9	2.200300E-9	5.603005E-11	5.603005E-11
1.300000E-1	2.376330E-9	2.376330E-9	6.051260E-11	6.051260E-11
1.400000E-1	2.545440E-9	2.545440E-9	6.481895E-11	6.481895E-11
1.500000E-1	2.706460E-9	2.706460E-9	6.891928E-11	6.891928E-11
1.600000E-1	2.933780E-9	2.933780E-9	7.470792E-11	7.470792E-11
1.700000E-1	3.138670E-9	3.138670E-9	7.992539E-11	7.992539E-11
1.800000E-1	3.395740E-9	3.395740E-9	8.647161E-11	8.647161E-11
1.900000E-1	3.616300E-9	3.616300E-9	9.208811E-11	9.208811E-11
2.000000E-1	3.898220E-9	3.898220E-9	9.926712E-11	9.926712E-11
2.100000E-1	4.206330E-9	4.206330E-9	1.071131E-10	1.071131E-10
2.200000E-1	4.523850E-9	4.523850E-9	1.151986E-10	1.151986E-10
2.300000E-1	4.868500E-9	4.868500E-9	1.239750E-10	1.239750E-10
2.400000E-1	5.203770E-9	5.203770E-9	1.325126E-10	1.325126E-10
2.500000E-1	5.594440E-9	5.594440E-9	1.424609E-10	1.424609E-10
2.600000E-1	6.065530E-9	6.065530E-9	1.544571E-10	1.544571E-10
2.700000E-1	6.509410E-9	6.509410E-9	1.657604E-10	1.657604E-10
2.800000E-1	6.982140E-9	6.982140E-9	1.777983E-10	1.777983E-10
2.900000E-1	7.558270E-9	7.558270E-9	1.924693E-10	1.924693E-10
3.000000E-1	8.111540E-9	8.111540E-9	2.065582E-10	2.065582E-10
3.100000E-1	8.737610E-9	8.737610E-9	2.225009E-10	2.225009E-10
3.200000E-1	9.711500E-9	9.711500E-9	2.473007E-10	2.473007E-10
3.300000E-1	1.041260E-8	1.041260E-8	2.651541E-10	2.651541E-10
3.400000E-1	1.118940E-8	1.118940E-8	2.849351E-10	2.849351E-10
3.500000E-1	1.217390E-8	1.217390E-8	3.100051E-10	3.100051E-10
3.600000E-1	1.309150E-8	1.309150E-8	3.333715E-10	3.333715E-10
3.700000E-1	1.414750E-8	1.414750E-8	3.602623E-10	3.602623E-10
3.800000E-1	1.512150E-8	1.512150E-8	3.850649E-10	3.850649E-10
3.900000E-1	1.629440E-8	1.629440E-8	4.149325E-10	4.149325E-10
4.000000E-1	1.765890E-8	1.765890E-8	4.496791E-10	4.496791E-10
4.100000E-1	1.904300E-8	1.904300E-8	4.849249E-10	4.849249E-10
4.200000E-1	2.059880E-8	2.059880E-8	5.245429E-10	5.245429E-10
4.300000E-1	2.227650E-8	2.227650E-8	5.672651E-10	5.672651E-10
4.400000E-1	2.399090E-8	2.399090E-8	6.109218E-10	6.109218E-10
4.500000E-1	2.583620E-8	2.583620E-8	6.579119E-10	6.579119E-10
4.600000E-1	2.785390E-8	2.785390E-8	7.092921E-10	7.092921E-10
4.700000E-1	2.994720E-8	2.994720E-8	7.625974E-10	7.625974E-10
4.800000E-1	3.218660E-8	3.218660E-8	8.196231E-10	8.196231E-10
4.900000E-1	3.456040E-8	3.456040E-8	8.800713E-10	8.800713E-10
5.000000E-1	3.716030E-8	3.716030E-8	9.462770E-10	9.462770E-10
