

11:51:17	17/03/21


Ell Cont: 5,0x10,0

SMU1	V name:		V1
	I name:		I1
	Mode:		V
	Function:	VAR1
SMU2	V name:		V2
	I name:		I2
	Mode:		common
	Function:	const.
SMU3	off
SMU4	off
VMUs	off

Primary Source (VAR1):	single
	Sweep Spacing:	linear
	Start:		-0.500000
	Stop:		0.500000
	Step:		0.010000
	Compliance:	0.050000
Power Compliance OFF

Timing:		Integration Time:	medium
	Delay Time (sec):	0.000000
	Hold Time (sec):	0.000000
	Wait Time (sec):	1.000000

Secondary Source (VAR2):	OFF


   V1	   I1	Abs(I)	J (A\um²)	Abs(J)
-5.000000E-1	-1.879940E-4	1.879940E-4	-4.787217E-6	4.787217E-6
-4.900000E-1	-1.833940E-4	1.833940E-4	-4.670079E-6	4.670079E-6
-4.800000E-1	-1.788140E-4	1.788140E-4	-4.553450E-6	4.553450E-6
-4.700000E-1	-1.742950E-4	1.742950E-4	-4.438375E-6	4.438375E-6
-4.600000E-1	-1.697900E-4	1.697900E-4	-4.323657E-6	4.323657E-6
-4.500000E-1	-1.653400E-4	1.653400E-4	-4.210339E-6	4.210339E-6
-4.400000E-1	-1.608990E-4	1.608990E-4	-4.097250E-6	4.097250E-6
-4.300000E-1	-1.564910E-4	1.564910E-4	-3.985001E-6	3.985001E-6
-4.200000E-1	-1.521570E-4	1.521570E-4	-3.874637E-6	3.874637E-6
-4.100000E-1	-1.478370E-4	1.478370E-4	-3.764629E-6	3.764629E-6
-4.000000E-1	-1.435690E-4	1.435690E-4	-3.655946E-6	3.655946E-6
-3.900000E-1	-1.393030E-4	1.393030E-4	-3.547313E-6	3.547313E-6
-3.800000E-1	-1.351110E-4	1.351110E-4	-3.440565E-6	3.440565E-6
-3.700000E-1	-1.309220E-4	1.309220E-4	-3.333894E-6	3.333894E-6
-3.600000E-1	-1.267990E-4	1.267990E-4	-3.228902E-6	3.228902E-6
-3.500000E-1	-1.226790E-4	1.226790E-4	-3.123988E-6	3.123988E-6
-3.400000E-1	-1.186260E-4	1.186260E-4	-3.020779E-6	3.020779E-6
-3.300000E-1	-1.145700E-4	1.145700E-4	-2.917494E-6	2.917494E-6
-3.200000E-1	-1.105800E-4	1.105800E-4	-2.815890E-6	2.815890E-6
-3.100000E-1	-1.065990E-4	1.065990E-4	-2.714515E-6	2.714515E-6
-3.000000E-1	-1.026550E-4	1.026550E-4	-2.614082E-6	2.614082E-6
-2.900000E-1	-9.877950E-5	9.877950E-5	-2.515393E-6	2.515393E-6
-2.800000E-1	-9.490580E-5	9.490580E-5	-2.416751E-6	2.416751E-6
-2.700000E-1	-9.109700E-5	9.109700E-5	-2.319761E-6	2.319761E-6
-2.600000E-1	-8.729190E-5	8.729190E-5	-2.222865E-6	2.222865E-6
-2.500000E-1	-8.355420E-5	8.355420E-5	-2.127685E-6	2.127685E-6
-2.400000E-1	-7.982430E-5	7.982430E-5	-2.032704E-6	2.032704E-6
-2.300000E-1	-7.616090E-5	7.616090E-5	-1.939417E-6	1.939417E-6
-2.200000E-1	-7.249540E-5	7.249540E-5	-1.846076E-6	1.846076E-6
-2.100000E-1	-6.889920E-5	6.889920E-5	-1.754500E-6	1.754500E-6
-2.000000E-1	-6.531100E-5	6.531100E-5	-1.663127E-6	1.663127E-6
-1.900000E-1	-6.177570E-5	6.177570E-5	-1.573102E-6	1.573102E-6
-1.800000E-1	-5.825060E-5	5.825060E-5	-1.483336E-6	1.483336E-6
-1.700000E-1	-5.479310E-5	5.479310E-5	-1.395292E-6	1.395292E-6
-1.600000E-1	-5.133890E-5	5.133890E-5	-1.307331E-6	1.307331E-6
-1.500000E-1	-4.791710E-5	4.791710E-5	-1.220196E-6	1.220196E-6
-1.400000E-1	-4.455450E-5	4.455450E-5	-1.134568E-6	1.134568E-6
-1.300000E-1	-4.120070E-5	4.120070E-5	-1.049165E-6	1.049165E-6
-1.200000E-1	-3.790340E-5	3.790340E-5	-9.651999E-7	9.651999E-7
-1.100000E-1	-3.461330E-5	3.461330E-5	-8.814184E-7	8.814184E-7
-1.000000E-1	-3.137710E-5	3.137710E-5	-7.990094E-7	7.990094E-7
-9.000000E-2	-2.813980E-5	2.813980E-5	-7.165724E-7	7.165724E-7
-8.000000E-2	-2.495420E-5	2.495420E-5	-6.354520E-7	6.354520E-7
-7.000000E-2	-2.177440E-5	2.177440E-5	-5.544792E-7	5.544792E-7
-6.000000E-2	-1.863750E-5	1.863750E-5	-4.745989E-7	4.745989E-7
-5.000000E-2	-1.549740E-5	1.549740E-5	-3.946371E-7	3.946371E-7
-4.000000E-2	-1.239490E-5	1.239490E-5	-3.156328E-7	3.156328E-7
-3.000000E-2	-9.284960E-6	9.284960E-6	-2.364390E-7	2.364390E-7
-2.000000E-2	-6.182760E-6	6.182760E-6	-1.574423E-7	1.574423E-7
-1.000000E-2	-3.110550E-6	3.110550E-6	-7.920932E-8	7.920932E-8
0.000000E+0	-1.884580E-8	1.884580E-8	-4.799032E-10	4.799032E-10
1.000000E-2	3.049170E-6	3.049170E-6	7.764629E-8	7.764629E-8
2.000000E-2	6.147580E-6	6.147580E-6	1.565465E-7	1.565465E-7
3.000000E-2	9.229490E-6	9.229490E-6	2.350265E-7	2.350265E-7
4.000000E-2	1.234580E-5	1.234580E-5	3.143825E-7	3.143825E-7
5.000000E-2	1.547950E-5	1.547950E-5	3.941813E-7	3.941813E-7
6.000000E-2	1.860870E-5	1.860870E-5	4.738655E-7	4.738655E-7
7.000000E-2	2.178230E-5	2.178230E-5	5.546804E-7	5.546804E-7
8.000000E-2	2.495510E-5	2.495510E-5	6.354749E-7	6.354749E-7
9.000000E-2	2.817840E-5	2.817840E-5	7.175554E-7	7.175554E-7
1.000000E-1	3.140560E-5	3.140560E-5	7.997352E-7	7.997352E-7
1.100000E-1	3.469040E-5	3.469040E-5	8.833817E-7	8.833817E-7
1.200000E-1	3.797880E-5	3.797880E-5	9.671199E-7	9.671199E-7
1.300000E-1	4.132580E-5	4.132580E-5	1.052350E-6	1.052350E-6
1.400000E-1	4.468430E-5	4.468430E-5	1.137874E-6	1.137874E-6
1.500000E-1	4.809920E-5	4.809920E-5	1.224833E-6	1.224833E-6
1.600000E-1	5.155230E-5	5.155230E-5	1.312765E-6	1.312765E-6
1.700000E-1	5.500790E-5	5.500790E-5	1.400761E-6	1.400761E-6
1.800000E-1	5.853360E-5	5.853360E-5	1.490542E-6	1.490542E-6
1.900000E-1	6.206100E-5	6.206100E-5	1.580367E-6	1.580367E-6
2.000000E-1	6.566130E-5	6.566130E-5	1.672047E-6	1.672047E-6
2.100000E-1	6.926240E-5	6.926240E-5	1.763748E-6	1.763748E-6
2.200000E-1	7.293590E-5	7.293590E-5	1.857293E-6	1.857293E-6
2.300000E-1	7.661470E-5	7.661470E-5	1.950973E-6	1.950973E-6
2.400000E-1	8.035350E-5	8.035350E-5	2.046180E-6	2.046180E-6
2.500000E-1	8.410580E-5	8.410580E-5	2.141732E-6	2.141732E-6
2.600000E-1	8.792280E-5	8.792280E-5	2.238930E-6	2.238930E-6
2.700000E-1	9.178020E-5	9.178020E-5	2.337158E-6	2.337158E-6
2.800000E-1	9.564670E-5	9.564670E-5	2.435617E-6	2.435617E-6
2.900000E-1	9.957910E-5	9.957910E-5	2.535755E-6	2.535755E-6
3.000000E-1	1.035214E-4	1.035214E-4	2.636145E-6	2.636145E-6
3.100000E-1	1.075310E-4	1.075310E-4	2.738248E-6	2.738248E-6
3.200000E-1	1.115413E-4	1.115413E-4	2.840369E-6	2.840369E-6
3.300000E-1	1.156430E-4	1.156430E-4	2.944818E-6	2.944818E-6
3.400000E-1	1.197230E-4	1.197230E-4	3.048714E-6	3.048714E-6
3.500000E-1	1.238800E-4	1.238800E-4	3.154571E-6	3.154571E-6
3.600000E-1	1.280360E-4	1.280360E-4	3.260402E-6	3.260402E-6
3.700000E-1	1.322650E-4	1.322650E-4	3.368093E-6	3.368093E-6
3.800000E-1	1.365330E-4	1.365330E-4	3.476776E-6	3.476776E-6
3.900000E-1	1.408100E-4	1.408100E-4	3.585689E-6	3.585689E-6
4.000000E-1	1.451540E-4	1.451540E-4	3.696308E-6	3.696308E-6
4.100000E-1	1.494960E-4	1.494960E-4	3.806875E-6	3.806875E-6
4.200000E-1	1.539160E-4	1.539160E-4	3.919430E-6	3.919430E-6
4.300000E-1	1.583320E-4	1.583320E-4	4.031882E-6	4.031882E-6
4.400000E-1	1.628220E-4	1.628220E-4	4.146218E-6	4.146218E-6
4.500000E-1	1.672970E-4	1.672970E-4	4.260173E-6	4.260173E-6
4.600000E-1	1.718730E-4	1.718730E-4	4.376700E-6	4.376700E-6
4.700000E-1	1.764300E-4	1.764300E-4	4.492742E-6	4.492742E-6
4.800000E-1	1.810750E-4	1.810750E-4	4.611026E-6	4.611026E-6
4.900000E-1	1.857670E-4	1.857670E-4	4.730507E-6	4.730507E-6
5.000000E-1	1.904410E-4	1.904410E-4	4.849529E-6	4.849529E-6
