

11:46:46	17/03/21


Ell Cont: 5,0x10,0

SMU1	V name:		V1
	I name:		I1
	Mode:		V
	Function:	VAR1
SMU2	V name:		V2
	I name:		I2
	Mode:		common
	Function:	const.
SMU3	off
SMU4	off
VMUs	off

Primary Source (VAR1):	single
	Sweep Spacing:	linear
	Start:		-0.500000
	Stop:		0.500000
	Step:		0.010000
	Compliance:	0.050000
Power Compliance OFF

Timing:		Integration Time:	medium
	Delay Time (sec):	0.000000
	Hold Time (sec):	0.000000
	Wait Time (sec):	1.000000

Secondary Source (VAR2):	OFF


   V1	   I1	Abs(I)	J (A\µm²)	Abs(J)
-5.000000E-1	-2.919260E-4	2.919260E-4	-7.433817E-6	7.433817E-6
-4.900000E-1	-2.844350E-4	2.844350E-4	-7.243061E-6	7.243061E-6
-4.800000E-1	-2.769710E-4	2.769710E-4	-7.052992E-6	7.052992E-6
-4.700000E-1	-2.696450E-4	2.696450E-4	-6.866437E-6	6.866437E-6
-4.600000E-1	-2.623340E-4	2.623340E-4	-6.680265E-6	6.680265E-6
-4.500000E-1	-2.551330E-4	2.551330E-4	-6.496893E-6	6.496893E-6
-4.400000E-1	-2.479640E-4	2.479640E-4	-6.314337E-6	6.314337E-6
-4.300000E-1	-2.408620E-4	2.408620E-4	-6.133486E-6	6.133486E-6
-4.200000E-1	-2.338920E-4	2.338920E-4	-5.955997E-6	5.955997E-6
-4.100000E-1	-2.269400E-4	2.269400E-4	-5.778966E-6	5.778966E-6
-4.000000E-1	-2.201110E-4	2.201110E-4	-5.605067E-6	5.605067E-6
-3.900000E-1	-2.133100E-4	2.133100E-4	-5.431882E-6	5.431882E-6
-3.800000E-1	-2.066160E-4	2.066160E-4	-5.261421E-6	5.261421E-6
-3.700000E-1	-1.999430E-4	1.999430E-4	-5.091495E-6	5.091495E-6
-3.600000E-1	-1.933860E-4	1.933860E-4	-4.924522E-6	4.924522E-6
-3.500000E-1	-1.868520E-4	1.868520E-4	-4.758136E-6	4.758136E-6
-3.400000E-1	-1.804540E-4	1.804540E-4	-4.595213E-6	4.595213E-6
-3.300000E-1	-1.740580E-4	1.740580E-4	-4.432340E-6	4.432340E-6
-3.200000E-1	-1.677770E-4	1.677770E-4	-4.272396E-6	4.272396E-6
-3.100000E-1	-1.615340E-4	1.615340E-4	-4.113420E-6	4.113420E-6
-3.000000E-1	-1.553620E-4	1.553620E-4	-3.956252E-6	3.956252E-6
-2.900000E-1	-1.492930E-4	1.492930E-4	-3.801706E-6	3.801706E-6
-2.800000E-1	-1.432500E-4	1.432500E-4	-3.647823E-6	3.647823E-6
-2.700000E-1	-1.373250E-4	1.373250E-4	-3.496944E-6	3.496944E-6
-2.600000E-1	-1.314220E-4	1.314220E-4	-3.346626E-6	3.346626E-6
-2.500000E-1	-1.256350E-4	1.256350E-4	-3.199261E-6	3.199261E-6
-2.400000E-1	-1.198630E-4	1.198630E-4	-3.052279E-6	3.052279E-6
-2.300000E-1	-1.142180E-4	1.142180E-4	-2.908531E-6	2.908531E-6
-2.200000E-1	-1.085890E-4	1.085890E-4	-2.765190E-6	2.765190E-6
-2.100000E-1	-1.030720E-4	1.030720E-4	-2.624701E-6	2.624701E-6
-2.000000E-1	-9.757520E-5	9.757520E-5	-2.484726E-6	2.484726E-6
-1.900000E-1	-9.219550E-5	9.219550E-5	-2.347734E-6	2.347734E-6
-1.800000E-1	-8.682610E-5	8.682610E-5	-2.211003E-6	2.211003E-6
-1.700000E-1	-8.158100E-5	8.158100E-5	-2.077438E-6	2.077438E-6
-1.600000E-1	-7.634680E-5	7.634680E-5	-1.944151E-6	1.944151E-6
-1.500000E-1	-7.118020E-5	7.118020E-5	-1.812585E-6	1.812585E-6
-1.400000E-1	-6.611710E-5	6.611710E-5	-1.683654E-6	1.683654E-6
-1.300000E-1	-6.107230E-5	6.107230E-5	-1.555190E-6	1.555190E-6
-1.200000E-1	-5.613050E-5	5.613050E-5	-1.429348E-6	1.429348E-6
-1.100000E-1	-5.120830E-5	5.120830E-5	-1.304006E-6	1.304006E-6
-1.000000E-1	-4.637470E-5	4.637470E-5	-1.180919E-6	1.180919E-6
-9.000000E-2	-4.155930E-5	4.155930E-5	-1.058296E-6	1.058296E-6
-8.000000E-2	-3.682460E-5	3.682460E-5	-9.377285E-7	9.377285E-7
-7.000000E-2	-3.210940E-5	3.210940E-5	-8.176572E-7	8.176572E-7
-6.000000E-2	-2.746550E-5	2.746550E-5	-6.994016E-7	6.994016E-7
-5.000000E-2	-2.282240E-5	2.282240E-5	-5.811663E-7	5.811663E-7
-4.000000E-2	-1.824410E-5	1.824410E-5	-4.645811E-7	4.645811E-7
-3.000000E-2	-1.366110E-5	1.366110E-5	-3.478762E-7	3.478762E-7
-2.000000E-2	-9.093600E-6	9.093600E-6	-2.315661E-7	2.315661E-7
-1.000000E-2	-4.574080E-6	4.574080E-6	-1.164777E-7	1.164777E-7
0.000000E+0	-2.717030E-8	2.717030E-8	-6.918844E-10	6.918844E-10
1.000000E-2	4.483590E-6	4.483590E-6	1.141734E-7	1.141734E-7
2.000000E-2	9.039150E-6	9.039150E-6	2.301795E-7	2.301795E-7
3.000000E-2	1.357030E-5	1.357030E-5	3.455640E-7	3.455640E-7
4.000000E-2	1.816200E-5	1.816200E-5	4.624904E-7	4.624904E-7
5.000000E-2	2.277640E-5	2.277640E-5	5.799949E-7	5.799949E-7
6.000000E-2	2.739010E-5	2.739010E-5	6.974815E-7	6.974815E-7
7.000000E-2	3.207670E-5	3.207670E-5	8.168245E-7	8.168245E-7
8.000000E-2	3.676740E-5	3.676740E-5	9.362720E-7	9.362720E-7
9.000000E-2	4.154250E-5	4.154250E-5	1.057869E-6	1.057869E-6
1.000000E-1	4.633230E-5	4.633230E-5	1.179840E-6	1.179840E-6
1.100000E-1	5.121150E-5	5.121150E-5	1.304087E-6	1.304087E-6
1.200000E-1	5.611070E-5	5.611070E-5	1.428844E-6	1.428844E-6
1.300000E-1	6.110810E-5	6.110810E-5	1.556101E-6	1.556101E-6
1.400000E-1	6.612980E-5	6.612980E-5	1.683978E-6	1.683978E-6
1.500000E-1	7.124690E-5	7.124690E-5	1.814283E-6	1.814283E-6
1.600000E-1	7.643090E-5	7.643090E-5	1.946292E-6	1.946292E-6
1.700000E-1	8.163610E-5	8.163610E-5	2.078841E-6	2.078841E-6
1.800000E-1	8.695380E-5	8.695380E-5	2.214255E-6	2.214255E-6
1.900000E-1	9.229230E-5	9.229230E-5	2.350199E-6	2.350199E-6
2.000000E-1	9.774510E-5	9.774510E-5	2.489053E-6	2.489053E-6
2.100000E-1	1.032144E-4	1.032144E-4	2.628327E-6	2.628327E-6
2.200000E-1	1.088024E-4	1.088024E-4	2.770624E-6	2.770624E-6
2.300000E-1	1.144180E-4	1.144180E-4	2.913624E-6	2.913624E-6
2.400000E-1	1.201450E-4	1.201450E-4	3.059460E-6	3.059460E-6
2.500000E-1	1.258920E-4	1.258920E-4	3.205806E-6	3.205806E-6
2.600000E-1	1.317600E-4	1.317600E-4	3.355233E-6	3.355233E-6
2.700000E-1	1.376980E-4	1.376980E-4	3.506443E-6	3.506443E-6
2.800000E-1	1.436560E-4	1.436560E-4	3.658161E-6	3.658161E-6
2.900000E-1	1.497330E-4	1.497330E-4	3.812911E-6	3.812911E-6
3.000000E-1	1.558390E-4	1.558390E-4	3.968398E-6	3.968398E-6
3.100000E-1	1.620540E-4	1.620540E-4	4.126662E-6	4.126662E-6
3.200000E-1	1.682860E-4	1.682860E-4	4.285358E-6	4.285358E-6
3.300000E-1	1.746560E-4	1.746560E-4	4.447568E-6	4.447568E-6
3.400000E-1	1.810340E-4	1.810340E-4	4.609982E-6	4.609982E-6
3.500000E-1	1.875380E-4	1.875380E-4	4.775605E-6	4.775605E-6
3.600000E-1	1.940630E-4	1.940630E-4	4.941762E-6	4.941762E-6
3.700000E-1	2.007110E-4	2.007110E-4	5.111052E-6	5.111052E-6
3.800000E-1	2.074330E-4	2.074330E-4	5.282226E-6	5.282226E-6
3.900000E-1	2.141710E-4	2.141710E-4	5.453807E-6	5.453807E-6
4.000000E-1	2.210500E-4	2.210500E-4	5.628979E-6	5.628979E-6
4.100000E-1	2.279210E-4	2.279210E-4	5.803947E-6	5.803947E-6
4.200000E-1	2.349290E-4	2.349290E-4	5.982404E-6	5.982404E-6
4.300000E-1	2.419570E-4	2.419570E-4	6.161370E-6	6.161370E-6
4.400000E-1	2.491140E-4	2.491140E-4	6.343621E-6	6.343621E-6
4.500000E-1	2.562920E-4	2.562920E-4	6.526407E-6	6.526407E-6
4.600000E-1	2.635760E-4	2.635760E-4	6.711892E-6	6.711892E-6
4.700000E-1	2.709160E-4	2.709160E-4	6.898803E-6	6.898803E-6
4.800000E-1	2.783570E-4	2.783570E-4	7.088286E-6	7.088286E-6
4.900000E-1	2.858860E-4	2.858860E-4	7.280010E-6	7.280010E-6
5.000000E-1	2.934400E-4	2.934400E-4	7.472371E-6	7.472371E-6
