

11:40:35	17/03/21


Ell Cont: 5,0x10,0

SMU1	V name:		V1
	I name:		I1
	Mode:		V
	Function:	VAR1
SMU2	V name:		V2
	I name:		I2
	Mode:		common
	Function:	const.
SMU3	off
SMU4	off
VMUs	off

Primary Source (VAR1):	single
	Sweep Spacing:	linear
	Start:		-0.500000
	Stop:		0.500000
	Step:		0.010000
	Compliance:	0.050000
Power Compliance OFF

Timing:		Integration Time:	medium
	Delay Time (sec):	0.000000
	Hold Time (sec):	0.000000
	Wait Time (sec):	1.000000

Secondary Source (VAR2):	OFF


   V1	   I1	Abs(I)	J (A\µm²)	Abs(J)
-5.000000E-1	-2.345340E-4	2.345340E-4	-5.972345E-6	5.972345E-6
-4.900000E-1	-2.288050E-4	2.288050E-4	-5.826458E-6	5.826458E-6
-4.800000E-1	-2.230820E-4	2.230820E-4	-5.680723E-6	5.680723E-6
-4.700000E-1	-2.174610E-4	2.174610E-4	-5.537586E-6	5.537586E-6
-4.600000E-1	-2.118400E-4	2.118400E-4	-5.394449E-6	5.394449E-6
-4.500000E-1	-2.063140E-4	2.063140E-4	-5.253731E-6	5.253731E-6
-4.400000E-1	-2.007760E-4	2.007760E-4	-5.112707E-6	5.112707E-6
-4.300000E-1	-1.952950E-4	1.952950E-4	-4.973135E-6	4.973135E-6
-4.200000E-1	-1.899140E-4	1.899140E-4	-4.836109E-6	4.836109E-6
-4.100000E-1	-1.845110E-4	1.845110E-4	-4.698523E-6	4.698523E-6
-4.000000E-1	-1.791940E-4	1.791940E-4	-4.563127E-6	4.563127E-6
-3.900000E-1	-1.738900E-4	1.738900E-4	-4.428062E-6	4.428062E-6
-3.800000E-1	-1.686690E-4	1.686690E-4	-4.295111E-6	4.295111E-6
-3.700000E-1	-1.634450E-4	1.634450E-4	-4.162083E-6	4.162083E-6
-3.600000E-1	-1.583070E-4	1.583070E-4	-4.031245E-6	4.031245E-6
-3.500000E-1	-1.531700E-4	1.531700E-4	-3.900433E-6	3.900433E-6
-3.400000E-1	-1.481160E-4	1.481160E-4	-3.771734E-6	3.771734E-6
-3.300000E-1	-1.430630E-4	1.430630E-4	-3.643061E-6	3.643061E-6
-3.200000E-1	-1.380920E-4	1.380920E-4	-3.516476E-6	3.516476E-6
-3.100000E-1	-1.331400E-4	1.331400E-4	-3.390374E-6	3.390374E-6
-3.000000E-1	-1.282240E-4	1.282240E-4	-3.265190E-6	3.265190E-6
-2.900000E-1	-1.233830E-4	1.233830E-4	-3.141915E-6	3.141915E-6
-2.800000E-1	-1.185410E-4	1.185410E-4	-3.018615E-6	3.018615E-6
-2.700000E-1	-1.137880E-4	1.137880E-4	-2.897581E-6	2.897581E-6
-2.600000E-1	-1.090450E-4	1.090450E-4	-2.776802E-6	2.776802E-6
-2.500000E-1	-1.043760E-4	1.043760E-4	-2.657907E-6	2.657907E-6
-2.400000E-1	-9.971800E-5	9.971800E-5	-2.539292E-6	2.539292E-6
-2.300000E-1	-9.513950E-5	9.513950E-5	-2.422702E-6	2.422702E-6
-2.200000E-1	-9.056640E-5	9.056640E-5	-2.306249E-6	2.306249E-6
-2.100000E-1	-8.607920E-5	8.607920E-5	-2.191984E-6	2.191984E-6
-2.000000E-1	-8.159340E-5	8.159340E-5	-2.077754E-6	2.077754E-6
-1.900000E-1	-7.718410E-5	7.718410E-5	-1.965472E-6	1.965472E-6
-1.800000E-1	-7.278370E-5	7.278370E-5	-1.853417E-6	1.853417E-6
-1.700000E-1	-6.846400E-5	6.846400E-5	-1.743417E-6	1.743417E-6
-1.600000E-1	-6.414230E-5	6.414230E-5	-1.633366E-6	1.633366E-6
-1.500000E-1	-5.987070E-5	5.987070E-5	-1.524591E-6	1.524591E-6
-1.400000E-1	-5.567410E-5	5.567410E-5	-1.417726E-6	1.417726E-6
-1.300000E-1	-5.148400E-5	5.148400E-5	-1.311026E-6	1.311026E-6
-1.200000E-1	-4.736540E-5	4.736540E-5	-1.206147E-6	1.206147E-6
-1.100000E-1	-4.325700E-5	4.325700E-5	-1.101528E-6	1.101528E-6
-1.000000E-1	-3.920940E-5	3.920940E-5	-9.984568E-7	9.984568E-7
-9.000000E-2	-3.516830E-5	3.516830E-5	-8.955513E-7	8.955513E-7
-8.000000E-2	-3.118960E-5	3.118960E-5	-7.942348E-7	7.942348E-7
-7.000000E-2	-2.721700E-5	2.721700E-5	-6.930736E-7	6.930736E-7
-6.000000E-2	-2.329620E-5	2.329620E-5	-5.932315E-7	5.932315E-7
-5.000000E-2	-1.936970E-5	1.936970E-5	-4.932442E-7	4.932442E-7
-4.000000E-2	-1.549320E-5	1.549320E-5	-3.945302E-7	3.945302E-7
-3.000000E-2	-1.160650E-5	1.160650E-5	-2.955564E-7	2.955564E-7
-2.000000E-2	-7.729110E-6	7.729110E-6	-1.968197E-7	1.968197E-7
-1.000000E-2	-3.888130E-6	3.888130E-6	-9.901018E-8	9.901018E-8
0.000000E+0	-2.250530E-8	2.250530E-8	-5.730914E-10	5.730914E-10
1.000000E-2	3.813570E-6	3.813570E-6	9.711153E-8	9.711153E-8
2.000000E-2	7.688700E-6	7.688700E-6	1.957907E-7	1.957907E-7
3.000000E-2	1.154230E-5	1.154230E-5	2.939216E-7	2.939216E-7
4.000000E-2	1.544480E-5	1.544480E-5	3.932977E-7	3.932977E-7
5.000000E-2	1.936580E-5	1.936580E-5	4.931449E-7	4.931449E-7
6.000000E-2	2.328200E-5	2.328200E-5	5.928699E-7	5.928699E-7
7.000000E-2	2.725870E-5	2.725870E-5	6.941355E-7	6.941355E-7
8.000000E-2	3.123050E-5	3.123050E-5	7.952763E-7	7.952763E-7
9.000000E-2	3.527080E-5	3.527080E-5	8.981614E-7	8.981614E-7
1.000000E-1	3.931650E-5	3.931650E-5	1.001184E-6	1.001184E-6
1.100000E-1	4.343260E-5	4.343260E-5	1.105999E-6	1.105999E-6
1.200000E-1	4.755720E-5	4.755720E-5	1.211031E-6	1.211031E-6
1.300000E-1	5.175440E-5	5.175440E-5	1.317912E-6	1.317912E-6
1.400000E-1	5.596440E-5	5.596440E-5	1.425118E-6	1.425118E-6
1.500000E-1	6.024730E-5	6.024730E-5	1.534181E-6	1.534181E-6
1.600000E-1	6.458450E-5	6.458450E-5	1.644627E-6	1.644627E-6
1.700000E-1	6.892200E-5	6.892200E-5	1.755080E-6	1.755080E-6
1.800000E-1	7.334400E-5	7.334400E-5	1.867685E-6	1.867685E-6
1.900000E-1	7.777270E-5	7.777270E-5	1.980461E-6	1.980461E-6
2.000000E-1	8.229080E-5	8.229080E-5	2.095513E-6	2.095513E-6
2.100000E-1	8.681450E-5	8.681450E-5	2.210708E-6	2.210708E-6
2.200000E-1	9.142660E-5	9.142660E-5	2.328154E-6	2.328154E-6
2.300000E-1	9.604480E-5	9.604480E-5	2.445755E-6	2.445755E-6
2.400000E-1	1.007426E-4	1.007426E-4	2.565383E-6	2.565383E-6
2.500000E-1	1.054498E-4	1.054498E-4	2.685251E-6	2.685251E-6
2.600000E-1	1.102509E-4	1.102509E-4	2.807510E-6	2.807510E-6
2.700000E-1	1.150970E-4	1.150970E-4	2.930914E-6	2.930914E-6
2.800000E-1	1.199490E-4	1.199490E-4	3.054469E-6	3.054469E-6
2.900000E-1	1.248790E-4	1.248790E-4	3.180010E-6	3.180010E-6
3.000000E-1	1.298250E-4	1.298250E-4	3.305959E-6	3.305959E-6
3.100000E-1	1.348560E-4	1.348560E-4	3.434072E-6	3.434072E-6
3.200000E-1	1.398970E-4	1.398970E-4	3.562439E-6	3.562439E-6
3.300000E-1	1.450220E-4	1.450220E-4	3.692946E-6	3.692946E-6
3.400000E-1	1.501600E-4	1.501600E-4	3.823784E-6	3.823784E-6
3.500000E-1	1.553750E-4	1.553750E-4	3.956583E-6	3.956583E-6
3.600000E-1	1.606030E-4	1.606030E-4	4.089712E-6	4.089712E-6
3.700000E-1	1.659270E-4	1.659270E-4	4.225286E-6	4.225286E-6
3.800000E-1	1.712850E-4	1.712850E-4	4.361726E-6	4.361726E-6
3.900000E-1	1.766530E-4	1.766530E-4	4.498421E-6	4.498421E-6
4.000000E-1	1.820940E-4	1.820940E-4	4.636975E-6	4.636975E-6
4.100000E-1	1.875500E-4	1.875500E-4	4.775910E-6	4.775910E-6
4.200000E-1	1.930940E-4	1.930940E-4	4.917087E-6	4.917087E-6
4.300000E-1	1.986480E-4	1.986480E-4	5.058518E-6	5.058518E-6
4.400000E-1	2.042810E-4	2.042810E-4	5.201961E-6	5.201961E-6
4.500000E-1	2.099130E-4	2.099130E-4	5.345378E-6	5.345378E-6
4.600000E-1	2.156440E-4	2.156440E-4	5.491316E-6	5.491316E-6
4.700000E-1	2.213730E-4	2.213730E-4	5.637204E-6	5.637204E-6
4.800000E-1	2.272110E-4	2.272110E-4	5.785867E-6	5.785867E-6
4.900000E-1	2.330610E-4	2.330610E-4	5.934836E-6	5.934836E-6
5.000000E-1	2.389470E-4	2.389470E-4	6.084721E-6	6.084721E-6
