

11:49:27	17/03/21


Ell Cont: 5,0x10,0

SMU1	V name:		V1
	I name:		I1
	Mode:		V
	Function:	VAR1
SMU2	V name:		V2
	I name:		I2
	Mode:		common
	Function:	const.
SMU3	off
SMU4	off
VMUs	off

Primary Source (VAR1):	single
	Sweep Spacing:	linear
	Start:		-0.500000
	Stop:		0.500000
	Step:		0.010000
	Compliance:	0.050000
Power Compliance OFF

Timing:		Integration Time:	medium
	Delay Time (sec):	0.000000
	Hold Time (sec):	0.000000
	Wait Time (sec):	1.000000

Secondary Source (VAR2):	OFF


   V1	   I1	Abs(I)	J (A\um²)	Abs(J)
-5.000000E-1	-1.566450E-4	1.566450E-4	-3.988923E-6	3.988923E-6
-4.900000E-1	-1.528540E-4	1.528540E-4	-3.892386E-6	3.892386E-6
-4.800000E-1	-1.490650E-4	1.490650E-4	-3.795900E-6	3.795900E-6
-4.700000E-1	-1.453120E-4	1.453120E-4	-3.700331E-6	3.700331E-6
-4.600000E-1	-1.415840E-4	1.415840E-4	-3.605398E-6	3.605398E-6
-4.500000E-1	-1.379580E-4	1.379580E-4	-3.513063E-6	3.513063E-6
-4.400000E-1	-1.343060E-4	1.343060E-4	-3.420066E-6	3.420066E-6
-4.300000E-1	-1.306790E-4	1.306790E-4	-3.327706E-6	3.327706E-6
-4.200000E-1	-1.270850E-4	1.270850E-4	-3.236185E-6	3.236185E-6
-4.100000E-1	-1.234910E-4	1.234910E-4	-3.144665E-6	3.144665E-6
-4.000000E-1	-1.199920E-4	1.199920E-4	-3.055564E-6	3.055564E-6
-3.900000E-1	-1.164460E-4	1.164460E-4	-2.965266E-6	2.965266E-6
-3.800000E-1	-1.129750E-4	1.129750E-4	-2.876878E-6	2.876878E-6
-3.700000E-1	-1.095000E-4	1.095000E-4	-2.788388E-6	2.788388E-6
-3.600000E-1	-1.060630E-4	1.060630E-4	-2.700866E-6	2.700866E-6
-3.500000E-1	-1.026260E-4	1.026260E-4	-2.613343E-6	2.613343E-6
-3.400000E-1	-9.927290E-5	9.927290E-5	-2.527958E-6	2.527958E-6
-3.300000E-1	-9.590210E-5	9.590210E-5	-2.442121E-6	2.442121E-6
-3.200000E-1	-9.259750E-5	9.259750E-5	-2.357970E-6	2.357970E-6
-3.100000E-1	-8.928500E-5	8.928500E-5	-2.273619E-6	2.273619E-6
-3.000000E-1	-8.600420E-5	8.600420E-5	-2.190074E-6	2.190074E-6
-2.900000E-1	-8.277300E-5	8.277300E-5	-2.107792E-6	2.107792E-6
-2.800000E-1	-7.955890E-5	7.955890E-5	-2.025946E-6	2.025946E-6
-2.700000E-1	-7.638810E-5	7.638810E-5	-1.945202E-6	1.945202E-6
-2.600000E-1	-7.321060E-5	7.321060E-5	-1.864288E-6	1.864288E-6
-2.500000E-1	-7.008820E-5	7.008820E-5	-1.784777E-6	1.784777E-6
-2.400000E-1	-6.697660E-5	6.697660E-5	-1.705541E-6	1.705541E-6
-2.300000E-1	-6.391400E-5	6.391400E-5	-1.627553E-6	1.627553E-6
-2.200000E-1	-6.085130E-5	6.085130E-5	-1.549562E-6	1.549562E-6
-2.100000E-1	-5.784110E-5	5.784110E-5	-1.472908E-6	1.472908E-6
-2.000000E-1	-5.482710E-5	5.482710E-5	-1.396157E-6	1.396157E-6
-1.900000E-1	-5.187320E-5	5.187320E-5	-1.320937E-6	1.320937E-6
-1.800000E-1	-4.890660E-5	4.890660E-5	-1.245393E-6	1.245393E-6
-1.700000E-1	-4.601560E-5	4.601560E-5	-1.171775E-6	1.171775E-6
-1.600000E-1	-4.312170E-5	4.312170E-5	-1.098082E-6	1.098082E-6
-1.500000E-1	-4.025690E-5	4.025690E-5	-1.025131E-6	1.025131E-6
-1.400000E-1	-3.744040E-5	3.744040E-5	-9.534097E-7	9.534097E-7
-1.300000E-1	-3.462280E-5	3.462280E-5	-8.816603E-7	8.816603E-7
-1.200000E-1	-3.185390E-5	3.185390E-5	-8.111510E-7	8.111510E-7
-1.100000E-1	-2.909140E-5	2.909140E-5	-7.408047E-7	7.408047E-7
-1.000000E-1	-2.638170E-5	2.638170E-5	-6.718029E-7	6.718029E-7
-9.000000E-2	-2.366250E-5	2.366250E-5	-6.025592E-7	6.025592E-7
-8.000000E-2	-2.098500E-5	2.098500E-5	-5.343774E-7	5.343774E-7
-7.000000E-2	-1.831190E-5	1.831190E-5	-4.663076E-7	4.663076E-7
-6.000000E-2	-1.567580E-5	1.567580E-5	-3.991800E-7	3.991800E-7
-5.000000E-2	-1.303380E-5	1.303380E-5	-3.319022E-7	3.319022E-7
-4.000000E-2	-1.042500E-5	1.042500E-5	-2.654698E-7	2.654698E-7
-3.000000E-2	-7.810270E-6	7.810270E-6	-1.988864E-7	1.988864E-7
-2.000000E-2	-5.200590E-6	5.200590E-6	-1.324316E-7	1.324316E-7
-1.000000E-2	-2.616130E-6	2.616130E-6	-6.661905E-8	6.661905E-8
0.000000E+0	-1.568090E-8	1.568090E-8	-3.993099E-10	3.993099E-10
1.000000E-2	2.563970E-6	2.563970E-6	6.529081E-8	6.529081E-8
2.000000E-2	5.170060E-6	5.170060E-6	1.316542E-7	1.316542E-7
3.000000E-2	7.761480E-6	7.761480E-6	1.976440E-7	1.976440E-7
4.000000E-2	1.038242E-5	1.038242E-5	2.643855E-7	2.643855E-7
5.000000E-2	1.301460E-5	1.301460E-5	3.314133E-7	3.314133E-7
6.000000E-2	1.564400E-5	1.564400E-5	3.983703E-7	3.983703E-7
7.000000E-2	1.831110E-5	1.831110E-5	4.662872E-7	4.662872E-7
8.000000E-2	2.097480E-5	2.097480E-5	5.341176E-7	5.341176E-7
9.000000E-2	2.368290E-5	2.368290E-5	6.030787E-7	6.030787E-7
1.000000E-1	2.638690E-5	2.638690E-5	6.719353E-7	6.719353E-7
1.100000E-1	2.913850E-5	2.913850E-5	7.420041E-7	7.420041E-7
1.200000E-1	3.189280E-5	3.189280E-5	8.121416E-7	8.121416E-7
1.300000E-1	3.469760E-5	3.469760E-5	8.835651E-7	8.835651E-7
1.400000E-1	3.750730E-5	3.750730E-5	9.551133E-7	9.551133E-7
1.500000E-1	4.036480E-5	4.036480E-5	1.027879E-6	1.027879E-6
1.600000E-1	4.325600E-5	4.325600E-5	1.101502E-6	1.101502E-6
1.700000E-1	4.614950E-5	4.614950E-5	1.175185E-6	1.175185E-6
1.800000E-1	4.909280E-5	4.909280E-5	1.250135E-6	1.250135E-6
1.900000E-1	5.204480E-5	5.204480E-5	1.325307E-6	1.325307E-6
2.000000E-1	5.504430E-5	5.504430E-5	1.401688E-6	1.401688E-6
2.100000E-1	5.805430E-5	5.805430E-5	1.478337E-6	1.478337E-6
2.200000E-1	6.111040E-5	6.111040E-5	1.556160E-6	1.556160E-6
2.300000E-1	6.417330E-5	6.417330E-5	1.634156E-6	1.634156E-6
2.400000E-1	6.729020E-5	6.729020E-5	1.713527E-6	1.713527E-6
2.500000E-1	7.041530E-5	7.041530E-5	1.793107E-6	1.793107E-6
2.600000E-1	7.359430E-5	7.359430E-5	1.874059E-6	1.874059E-6
2.700000E-1	7.679400E-5	7.679400E-5	1.955539E-6	1.955539E-6
2.800000E-1	8.000340E-5	8.000340E-5	2.037265E-6	2.037265E-6
2.900000E-1	8.325730E-5	8.325730E-5	2.120125E-6	2.120125E-6
3.000000E-1	8.653740E-5	8.653740E-5	2.203652E-6	2.203652E-6
3.100000E-1	8.982580E-5	8.982580E-5	2.287390E-6	2.287390E-6
3.200000E-1	9.314410E-5	9.314410E-5	2.371889E-6	2.371889E-6
3.300000E-1	9.654900E-5	9.654900E-5	2.458594E-6	2.458594E-6
3.400000E-1	9.992900E-5	9.992900E-5	2.544665E-6	2.544665E-6
3.500000E-1	1.033630E-4	1.033630E-4	2.632111E-6	2.632111E-6
3.600000E-1	1.068036E-4	1.068036E-4	2.719725E-6	2.719725E-6
3.700000E-1	1.102887E-4	1.102887E-4	2.808472E-6	2.808472E-6
3.800000E-1	1.138214E-4	1.138214E-4	2.898431E-6	2.898431E-6
3.900000E-1	1.173540E-4	1.173540E-4	2.988388E-6	2.988388E-6
4.000000E-1	1.209230E-4	1.209230E-4	3.079272E-6	3.079272E-6
4.100000E-1	1.245070E-4	1.245070E-4	3.170537E-6	3.170537E-6
4.200000E-1	1.281420E-4	1.281420E-4	3.263102E-6	3.263102E-6
4.300000E-1	1.317800E-4	1.317800E-4	3.355742E-6	3.355742E-6
4.400000E-1	1.354800E-4	1.354800E-4	3.449962E-6	3.449962E-6
4.500000E-1	1.391600E-4	1.391600E-4	3.543672E-6	3.543672E-6
4.600000E-1	1.429180E-4	1.429180E-4	3.639368E-6	3.639368E-6
4.700000E-1	1.466450E-4	1.466450E-4	3.734275E-6	3.734275E-6
4.800000E-1	1.504380E-4	1.504380E-4	3.830863E-6	3.830863E-6
4.900000E-1	1.542790E-4	1.542790E-4	3.928673E-6	3.928673E-6
5.000000E-1	1.581470E-4	1.581470E-4	4.027171E-6	4.027171E-6
