

11:45:04	17/03/21


Ell Cont: 5,0x10,0

SMU1	V name:		V1
	I name:		I1
	Mode:		V
	Function:	VAR1
SMU2	V name:		V2
	I name:		I2
	Mode:		common
	Function:	const.
SMU3	off
SMU4	off
VMUs	off

Primary Source (VAR1):	single
	Sweep Spacing:	linear
	Start:		-0.500000
	Stop:		0.500000
	Step:		0.010000
	Compliance:	0.050000
Power Compliance OFF

Timing:		Integration Time:	medium
	Delay Time (sec):	0.000000
	Hold Time (sec):	0.000000
	Wait Time (sec):	1.000000

Secondary Source (VAR2):	OFF


   V1	   I1	Abs(I)	J (A\µm²)	Abs(J)
-5.000000E-1	-3.465050E-4	3.465050E-4	-8.823657E-6	8.823657E-6
-4.900000E-1	-3.380330E-4	3.380330E-4	-8.607919E-6	8.607919E-6
-4.800000E-1	-3.295670E-4	3.295670E-4	-8.392335E-6	8.392335E-6
-4.700000E-1	-3.212180E-4	3.212180E-4	-8.179730E-6	8.179730E-6
-4.600000E-1	-3.128820E-4	3.128820E-4	-7.967456E-6	7.967456E-6
-4.500000E-1	-3.046980E-4	3.046980E-4	-7.759053E-6	7.759053E-6
-4.400000E-1	-2.964960E-4	2.964960E-4	-7.550191E-6	7.550191E-6
-4.300000E-1	-2.883840E-4	2.883840E-4	-7.343621E-6	7.343621E-6
-4.200000E-1	-2.803810E-4	2.803810E-4	-7.139827E-6	7.139827E-6
-4.100000E-1	-2.723950E-4	2.723950E-4	-6.936465E-6	6.936465E-6
-4.000000E-1	-2.645230E-4	2.645230E-4	-6.736007E-6	6.736007E-6
-3.900000E-1	-2.566720E-4	2.566720E-4	-6.536083E-6	6.536083E-6
-3.800000E-1	-2.489280E-4	2.489280E-4	-6.338885E-6	6.338885E-6
-3.700000E-1	-2.411940E-4	2.411940E-4	-6.141940E-6	6.141940E-6
-3.600000E-1	-2.335740E-4	2.335740E-4	-5.947899E-6	5.947899E-6
-3.500000E-1	-2.259920E-4	2.259920E-4	-5.754825E-6	5.754825E-6
-3.400000E-1	-2.185030E-4	2.185030E-4	-5.564120E-6	5.564120E-6
-3.300000E-1	-2.110370E-4	2.110370E-4	-5.374000E-6	5.374000E-6
-3.200000E-1	-2.036840E-4	2.036840E-4	-5.186758E-6	5.186758E-6
-3.100000E-1	-1.963590E-4	1.963590E-4	-5.000229E-6	5.000229E-6
-3.000000E-1	-1.890750E-4	1.890750E-4	-4.814744E-6	4.814744E-6
-2.900000E-1	-1.819380E-4	1.819380E-4	-4.633002E-6	4.633002E-6
-2.800000E-1	-1.747920E-4	1.747920E-4	-4.451031E-6	4.451031E-6
-2.700000E-1	-1.677720E-4	1.677720E-4	-4.272269E-6	4.272269E-6
-2.600000E-1	-1.607670E-4	1.607670E-4	-4.093888E-6	4.093888E-6
-2.500000E-1	-1.538800E-4	1.538800E-4	-3.918513E-6	3.918513E-6
-2.400000E-1	-1.470010E-4	1.470010E-4	-3.743341E-6	3.743341E-6
-2.300000E-1	-1.402500E-4	1.402500E-4	-3.571429E-6	3.571429E-6
-2.200000E-1	-1.335020E-4	1.335020E-4	-3.399593E-6	3.399593E-6
-2.100000E-1	-1.268770E-4	1.268770E-4	-3.230889E-6	3.230889E-6
-2.000000E-1	-1.202670E-4	1.202670E-4	-3.062567E-6	3.062567E-6
-1.900000E-1	-1.137700E-4	1.137700E-4	-2.897122E-6	2.897122E-6
-1.800000E-1	-1.072890E-4	1.072890E-4	-2.732086E-6	2.732086E-6
-1.700000E-1	-1.009210E-4	1.009210E-4	-2.569926E-6	2.569926E-6
-1.600000E-1	-9.455820E-5	9.455820E-5	-2.407899E-6	2.407899E-6
-1.500000E-1	-8.825860E-5	8.825860E-5	-2.247482E-6	2.247482E-6
-1.400000E-1	-8.207950E-5	8.207950E-5	-2.090132E-6	2.090132E-6
-1.300000E-1	-7.589980E-5	7.589980E-5	-1.932768E-6	1.932768E-6
-1.200000E-1	-6.983200E-5	6.983200E-5	-1.778253E-6	1.778253E-6
-1.100000E-1	-6.377020E-5	6.377020E-5	-1.623891E-6	1.623891E-6
-1.000000E-1	-5.780740E-5	5.780740E-5	-1.472050E-6	1.472050E-6
-9.000000E-2	-5.185200E-5	5.185200E-5	-1.320397E-6	1.320397E-6
-8.000000E-2	-4.598780E-5	4.598780E-5	-1.171067E-6	1.171067E-6
-7.000000E-2	-4.012740E-5	4.012740E-5	-1.021833E-6	1.021833E-6
-6.000000E-2	-3.434870E-5	3.434870E-5	-8.746804E-7	8.746804E-7
-5.000000E-2	-2.856070E-5	2.856070E-5	-7.272905E-7	7.272905E-7
-4.000000E-2	-2.284530E-5	2.284530E-5	-5.817494E-7	5.817494E-7
-3.000000E-2	-1.711380E-5	1.711380E-5	-4.357983E-7	4.357983E-7
-2.000000E-2	-1.139670E-5	1.139670E-5	-2.902139E-7	2.902139E-7
-1.000000E-2	-5.733690E-6	5.733690E-6	-1.460069E-7	1.460069E-7
0.000000E+0	-3.360250E-8	3.360250E-8	-8.556786E-10	8.556786E-10
1.000000E-2	5.619320E-6	5.619320E-6	1.430945E-7	1.430945E-7
2.000000E-2	1.132793E-5	1.132793E-5	2.884627E-7	2.884627E-7
3.000000E-2	1.700550E-5	1.700550E-5	4.330405E-7	4.330405E-7
4.000000E-2	2.274960E-5	2.274960E-5	5.793124E-7	5.793124E-7
5.000000E-2	2.852190E-5	2.852190E-5	7.263025E-7	7.263025E-7
6.000000E-2	3.428320E-5	3.428320E-5	8.730125E-7	8.730125E-7
7.000000E-2	4.012670E-5	4.012670E-5	1.021816E-6	1.021816E-6
8.000000E-2	4.596480E-5	4.596480E-5	1.170481E-6	1.170481E-6
9.000000E-2	5.189890E-5	5.189890E-5	1.321592E-6	1.321592E-6
1.000000E-1	5.783690E-5	5.783690E-5	1.472801E-6	1.472801E-6
1.100000E-1	6.387660E-5	6.387660E-5	1.626600E-6	1.626600E-6
1.200000E-1	6.992880E-5	6.992880E-5	1.780718E-6	1.780718E-6
1.300000E-1	7.608150E-5	7.608150E-5	1.937395E-6	1.937395E-6
1.400000E-1	8.225440E-5	8.225440E-5	2.094586E-6	2.094586E-6
1.500000E-1	8.853510E-5	8.853510E-5	2.254523E-6	2.254523E-6
1.600000E-1	9.488620E-5	9.488620E-5	2.416252E-6	2.416252E-6
1.700000E-1	1.012394E-4	1.012394E-4	2.578034E-6	2.578034E-6
1.800000E-1	1.077151E-4	1.077151E-4	2.742936E-6	2.742936E-6
1.900000E-1	1.142150E-4	1.142150E-4	2.908454E-6	2.908454E-6
2.000000E-1	1.208230E-4	1.208230E-4	3.076725E-6	3.076725E-6
2.100000E-1	1.274490E-4	1.274490E-4	3.245455E-6	3.245455E-6
2.200000E-1	1.341980E-4	1.341980E-4	3.417316E-6	3.417316E-6
2.300000E-1	1.409680E-4	1.409680E-4	3.589712E-6	3.589712E-6
2.400000E-1	1.478470E-4	1.478470E-4	3.764884E-6	3.764884E-6
2.500000E-1	1.547510E-4	1.547510E-4	3.940693E-6	3.940693E-6
2.600000E-1	1.617740E-4	1.617740E-4	4.119531E-6	4.119531E-6
2.700000E-1	1.688770E-4	1.688770E-4	4.300407E-6	4.300407E-6
2.800000E-1	1.759810E-4	1.759810E-4	4.481309E-6	4.481309E-6
2.900000E-1	1.832110E-4	1.832110E-4	4.665419E-6	4.665419E-6
3.000000E-1	1.904570E-4	1.904570E-4	4.849936E-6	4.849936E-6
3.100000E-1	1.978380E-4	1.978380E-4	5.037891E-6	5.037891E-6
3.200000E-1	2.052200E-4	2.052200E-4	5.225872E-6	5.225872E-6
3.300000E-1	2.127280E-4	2.127280E-4	5.417061E-6	5.417061E-6
3.400000E-1	2.202430E-4	2.202430E-4	5.608429E-6	5.608429E-6
3.500000E-1	2.278950E-4	2.278950E-4	5.803285E-6	5.803285E-6
3.600000E-1	2.355530E-4	2.355530E-4	5.998294E-6	5.998294E-6
3.700000E-1	2.433420E-4	2.433420E-4	6.196639E-6	6.196639E-6
3.800000E-1	2.511940E-4	2.511940E-4	6.396588E-6	6.396588E-6
3.900000E-1	2.590640E-4	2.590640E-4	6.596995E-6	6.596995E-6
4.000000E-1	2.670480E-4	2.670480E-4	6.800305E-6	6.800305E-6
4.100000E-1	2.750510E-4	2.750510E-4	7.004100E-6	7.004100E-6
4.200000E-1	2.831900E-4	2.831900E-4	7.211357E-6	7.211357E-6
4.300000E-1	2.913420E-4	2.913420E-4	7.418946E-6	7.418946E-6
4.400000E-1	2.996060E-4	2.996060E-4	7.629386E-6	7.629386E-6
4.500000E-1	3.078870E-4	3.078870E-4	7.840260E-6	7.840260E-6
4.600000E-1	3.162920E-4	3.162920E-4	8.054291E-6	8.054291E-6
4.700000E-1	3.247250E-4	3.247250E-4	8.269035E-6	8.269035E-6
4.800000E-1	3.332720E-4	3.332720E-4	8.486682E-6	8.486682E-6
4.900000E-1	3.418870E-4	3.418870E-4	8.706061E-6	8.706061E-6
5.000000E-1	3.505080E-4	3.505080E-4	8.925592E-6	8.925592E-6
