

11:47:19	17/03/21


Ell Cont: 5,0x10,0

SMU1	V name:		V1
	I name:		I1
	Mode:		V
	Function:	VAR1
SMU2	V name:		V2
	I name:		I2
	Mode:		common
	Function:	const.
SMU3	off
SMU4	off
VMUs	off

Primary Source (VAR1):	single
	Sweep Spacing:	linear
	Start:		-0.500000
	Stop:		0.500000
	Step:		0.010000
	Compliance:	0.050000
Power Compliance OFF

Timing:		Integration Time:	medium
	Delay Time (sec):	0.000000
	Hold Time (sec):	0.000000
	Wait Time (sec):	1.000000

Secondary Source (VAR2):	OFF


   V1	   I1	Abs(I)	J (A\um²)	Abs(J)
-5.000000E-1	-3.452470E-4	3.452470E-4	-8.791622E-6	8.791622E-6
-4.900000E-1	-3.368420E-4	3.368420E-4	-8.577591E-6	8.577591E-6
-4.800000E-1	-3.284340E-4	3.284340E-4	-8.363483E-6	8.363483E-6
-4.700000E-1	-3.201540E-4	3.201540E-4	-8.152636E-6	8.152636E-6
-4.600000E-1	-3.119050E-4	3.119050E-4	-7.942577E-6	7.942577E-6
-4.500000E-1	-3.037650E-4	3.037650E-4	-7.735294E-6	7.735294E-6
-4.400000E-1	-2.956290E-4	2.956290E-4	-7.528113E-6	7.528113E-6
-4.300000E-1	-2.875560E-4	2.875560E-4	-7.322536E-6	7.322536E-6
-4.200000E-1	-2.796100E-4	2.796100E-4	-7.120193E-6	7.120193E-6
-4.100000E-1	-2.716740E-4	2.716740E-4	-6.918105E-6	6.918105E-6
-4.000000E-1	-2.638510E-4	2.638510E-4	-6.718895E-6	6.718895E-6
-3.900000E-1	-2.560390E-4	2.560390E-4	-6.519964E-6	6.519964E-6
-3.800000E-1	-2.483520E-4	2.483520E-4	-6.324217E-6	6.324217E-6
-3.700000E-1	-2.406640E-4	2.406640E-4	-6.128444E-6	6.128444E-6
-3.600000E-1	-2.331040E-4	2.331040E-4	-5.935931E-6	5.935931E-6
-3.500000E-1	-2.255480E-4	2.255480E-4	-5.743519E-6	5.743519E-6
-3.400000E-1	-2.181070E-4	2.181070E-4	-5.554036E-6	5.554036E-6
-3.300000E-1	-2.106760E-4	2.106760E-4	-5.364808E-6	5.364808E-6
-3.200000E-1	-2.033680E-4	2.033680E-4	-5.178711E-6	5.178711E-6
-3.100000E-1	-1.960720E-4	1.960720E-4	-4.992921E-6	4.992921E-6
-3.000000E-1	-1.888270E-4	1.888270E-4	-4.808429E-6	4.808429E-6
-2.900000E-1	-1.817120E-4	1.817120E-4	-4.627247E-6	4.627247E-6
-2.800000E-1	-1.746070E-4	1.746070E-4	-4.446320E-6	4.446320E-6
-2.700000E-1	-1.676140E-4	1.676140E-4	-4.268245E-6	4.268245E-6
-2.600000E-1	-1.606350E-4	1.606350E-4	-4.090527E-6	4.090527E-6
-2.500000E-1	-1.537740E-4	1.537740E-4	-3.915814E-6	3.915814E-6
-2.400000E-1	-1.469170E-4	1.469170E-4	-3.741202E-6	3.741202E-6
-2.300000E-1	-1.401780E-4	1.401780E-4	-3.569595E-6	3.569595E-6
-2.200000E-1	-1.334580E-4	1.334580E-4	-3.398472E-6	3.398472E-6
-2.100000E-1	-1.268490E-4	1.268490E-4	-3.230176E-6	3.230176E-6
-2.000000E-1	-1.202510E-4	1.202510E-4	-3.062159E-6	3.062159E-6
-1.900000E-1	-1.137750E-4	1.137750E-4	-2.897250E-6	2.897250E-6
-1.800000E-1	-1.073020E-4	1.073020E-4	-2.732417E-6	2.732417E-6
-1.700000E-1	-1.009430E-4	1.009430E-4	-2.570486E-6	2.570486E-6
-1.600000E-1	-9.459230E-5	9.459230E-5	-2.408767E-6	2.408767E-6
-1.500000E-1	-8.829910E-5	8.829910E-5	-2.248513E-6	2.248513E-6
-1.400000E-1	-8.211630E-5	8.211630E-5	-2.091069E-6	2.091069E-6
-1.300000E-1	-7.594720E-5	7.594720E-5	-1.933975E-6	1.933975E-6
-1.200000E-1	-6.988200E-5	6.988200E-5	-1.779526E-6	1.779526E-6
-1.100000E-1	-6.382670E-5	6.382670E-5	-1.625330E-6	1.625330E-6
-1.000000E-1	-5.786470E-5	5.786470E-5	-1.473509E-6	1.473509E-6
-9.000000E-2	-5.190990E-5	5.190990E-5	-1.321872E-6	1.321872E-6
-8.000000E-2	-4.604260E-5	4.604260E-5	-1.172462E-6	1.172462E-6
-7.000000E-2	-4.018060E-5	4.018060E-5	-1.023188E-6	1.023188E-6
-6.000000E-2	-3.439840E-5	3.439840E-5	-8.759460E-7	8.759460E-7
-5.000000E-2	-2.860360E-5	2.860360E-5	-7.283830E-7	7.283830E-7
-4.000000E-2	-2.287960E-5	2.287960E-5	-5.826229E-7	5.826229E-7
-3.000000E-2	-1.714070E-5	1.714070E-5	-4.364833E-7	4.364833E-7
-2.000000E-2	-1.141510E-5	1.141510E-5	-2.906825E-7	2.906825E-7
-1.000000E-2	-5.744500E-6	5.744500E-6	-1.462821E-7	1.462821E-7
0.000000E+0	-3.583950E-8	3.583950E-8	-9.126432E-10	9.126432E-10
1.000000E-2	5.627670E-6	5.627670E-6	1.433071E-7	1.433071E-7
2.000000E-2	1.134609E-5	1.134609E-5	2.889251E-7	2.889251E-7
3.000000E-2	1.703300E-5	1.703300E-5	4.337408E-7	4.337408E-7
4.000000E-2	2.278630E-5	2.278630E-5	5.802470E-7	5.802470E-7
5.000000E-2	2.856630E-5	2.856630E-5	7.274331E-7	7.274331E-7
6.000000E-2	3.433450E-5	3.433450E-5	8.743188E-7	8.743188E-7
7.000000E-2	4.018650E-5	4.018650E-5	1.023338E-6	1.023338E-6
8.000000E-2	4.603300E-5	4.603300E-5	1.172218E-6	1.172218E-6
9.000000E-2	5.197170E-5	5.197170E-5	1.323445E-6	1.323445E-6
1.000000E-1	5.791190E-5	5.791190E-5	1.474711E-6	1.474711E-6
1.100000E-1	6.395760E-5	6.395760E-5	1.628663E-6	1.628663E-6
1.200000E-1	7.001020E-5	7.001020E-5	1.782791E-6	1.782791E-6
1.300000E-1	7.616820E-5	7.616820E-5	1.939603E-6	1.939603E-6
1.400000E-1	8.233940E-5	8.233940E-5	2.096751E-6	2.096751E-6
1.500000E-1	8.862090E-5	8.862090E-5	2.256707E-6	2.256707E-6
1.600000E-1	9.497050E-5	9.497050E-5	2.418398E-6	2.418398E-6
1.700000E-1	1.013272E-4	1.013272E-4	2.580270E-6	2.580270E-6
1.800000E-1	1.078002E-4	1.078002E-4	2.745103E-6	2.745103E-6
1.900000E-1	1.142960E-4	1.142960E-4	2.910517E-6	2.910517E-6
2.000000E-1	1.208990E-4	1.208990E-4	3.078661E-6	3.078661E-6
2.100000E-1	1.275170E-4	1.275170E-4	3.247186E-6	3.247186E-6
2.200000E-1	1.342600E-4	1.342600E-4	3.418895E-6	3.418895E-6
2.300000E-1	1.410130E-4	1.410130E-4	3.590858E-6	3.590858E-6
2.400000E-1	1.478850E-4	1.478850E-4	3.765852E-6	3.765852E-6
2.500000E-1	1.547700E-4	1.547700E-4	3.941176E-6	3.941176E-6
2.600000E-1	1.617790E-4	1.617790E-4	4.119659E-6	4.119659E-6
2.700000E-1	1.688580E-4	1.688580E-4	4.299924E-6	4.299924E-6
2.800000E-1	1.759420E-4	1.759420E-4	4.480316E-6	4.480316E-6
2.900000E-1	1.831550E-4	1.831550E-4	4.663993E-6	4.663993E-6
3.000000E-1	1.903780E-4	1.903780E-4	4.847925E-6	4.847925E-6
3.100000E-1	1.977320E-4	1.977320E-4	5.035192E-6	5.035192E-6
3.200000E-1	2.050860E-4	2.050860E-4	5.222460E-6	5.222460E-6
3.300000E-1	2.125710E-4	2.125710E-4	5.413063E-6	5.413063E-6
3.400000E-1	2.200630E-4	2.200630E-4	5.603845E-6	5.603845E-6
3.500000E-1	2.276760E-4	2.276760E-4	5.797708E-6	5.797708E-6
3.600000E-1	2.352990E-4	2.352990E-4	5.991826E-6	5.991826E-6
3.700000E-1	2.430530E-4	2.430530E-4	6.189279E-6	6.189279E-6
3.800000E-1	2.508790E-4	2.508790E-4	6.388566E-6	6.388566E-6
3.900000E-1	2.587080E-4	2.587080E-4	6.587930E-6	6.587930E-6
4.000000E-1	2.666680E-4	2.666680E-4	6.790629E-6	6.790629E-6
4.100000E-1	2.746270E-4	2.746270E-4	6.993303E-6	6.993303E-6
4.200000E-1	2.827240E-4	2.827240E-4	7.199491E-6	7.199491E-6
4.300000E-1	2.908040E-4	2.908040E-4	7.405246E-6	7.405246E-6
4.400000E-1	2.990420E-4	2.990420E-4	7.615024E-6	7.615024E-6
4.500000E-1	3.072810E-4	3.072810E-4	7.824828E-6	7.824828E-6
4.600000E-1	3.156350E-4	3.156350E-4	8.037560E-6	8.037560E-6
4.700000E-1	3.239850E-4	3.239850E-4	8.250191E-6	8.250191E-6
4.800000E-1	3.325070E-4	3.325070E-4	8.467201E-6	8.467201E-6
4.900000E-1	3.410500E-4	3.410500E-4	8.684747E-6	8.684747E-6
5.000000E-1	3.496250E-4	3.496250E-4	8.903107E-6	8.903107E-6
