

11:38:24	17/03/21


Ell Cont: 5,0x10,0

SMU1	V name:		V1
	I name:		I1
	Mode:		V
	Function:	VAR1
SMU2	V name:		V2
	I name:		I2
	Mode:		common
	Function:	const.
SMU3	off
SMU4	off
VMUs	off

Primary Source (VAR1):	single
	Sweep Spacing:	linear
	Start:		-0.500000
	Stop:		0.500000
	Step:		0.010000
	Compliance:	0.050000
Power Compliance OFF

Timing:		Integration Time:	medium
	Delay Time (sec):	0.000000
	Hold Time (sec):	0.000000
	Wait Time (sec):	1.000000

Secondary Source (VAR2):	OFF


   V1	   I1	Abs(I)	J (A\um²)	Abs(J)
-5.000000E-1	-8.434150E-5	8.434150E-5	-2.147734E-6	2.147734E-6
-4.900000E-1	-8.251330E-5	8.251330E-5	-2.101179E-6	2.101179E-6
-4.800000E-1	-8.064950E-5	8.064950E-5	-2.053718E-6	2.053718E-6
-4.700000E-1	-7.884440E-5	7.884440E-5	-2.007751E-6	2.007751E-6
-4.600000E-1	-7.701460E-5	7.701460E-5	-1.961156E-6	1.961156E-6
-4.500000E-1	-7.524240E-5	7.524240E-5	-1.916027E-6	1.916027E-6
-4.400000E-1	-7.343940E-5	7.343940E-5	-1.870115E-6	1.870115E-6
-4.300000E-1	-7.160780E-5	7.160780E-5	-1.823473E-6	1.823473E-6
-4.200000E-1	-6.986870E-5	6.986870E-5	-1.779188E-6	1.779188E-6
-4.100000E-1	-6.805510E-5	6.805510E-5	-1.733005E-6	1.733005E-6
-4.000000E-1	-6.631370E-5	6.631370E-5	-1.688661E-6	1.688661E-6
-3.900000E-1	-6.452460E-5	6.452460E-5	-1.643102E-6	1.643102E-6
-3.800000E-1	-6.276740E-5	6.276740E-5	-1.598355E-6	1.598355E-6
-3.700000E-1	-6.100920E-5	6.100920E-5	-1.553583E-6	1.553583E-6
-3.600000E-1	-5.926330E-5	5.926330E-5	-1.509124E-6	1.509124E-6
-3.500000E-1	-5.749260E-5	5.749260E-5	-1.464034E-6	1.464034E-6
-3.400000E-1	-5.575500E-5	5.575500E-5	-1.419786E-6	1.419786E-6
-3.300000E-1	-5.401720E-5	5.401720E-5	-1.375533E-6	1.375533E-6
-3.200000E-1	-5.228910E-5	5.228910E-5	-1.331528E-6	1.331528E-6
-3.100000E-1	-5.057080E-5	5.057080E-5	-1.287772E-6	1.287772E-6
-3.000000E-1	-4.886460E-5	4.886460E-5	-1.244324E-6	1.244324E-6
-2.900000E-1	-4.714280E-5	4.714280E-5	-1.200479E-6	1.200479E-6
-2.800000E-1	-4.543600E-5	4.543600E-5	-1.157016E-6	1.157016E-6
-2.700000E-1	-4.375500E-5	4.375500E-5	-1.114209E-6	1.114209E-6
-2.600000E-1	-4.205170E-5	4.205170E-5	-1.070835E-6	1.070835E-6
-2.500000E-1	-4.037880E-5	4.037880E-5	-1.028235E-6	1.028235E-6
-2.400000E-1	-3.869570E-5	3.869570E-5	-9.853756E-7	9.853756E-7
-2.300000E-1	-3.703720E-5	3.703720E-5	-9.431423E-7	9.431423E-7
-2.200000E-1	-3.537250E-5	3.537250E-5	-9.007512E-7	9.007512E-7
-2.100000E-1	-3.370930E-5	3.370930E-5	-8.583983E-7	8.583983E-7
-2.000000E-1	-3.205180E-5	3.205180E-5	-8.161905E-7	8.161905E-7
-1.900000E-1	-3.041430E-5	3.041430E-5	-7.744920E-7	7.744920E-7
-1.800000E-1	-2.875770E-5	2.875770E-5	-7.323071E-7	7.323071E-7
-1.700000E-1	-2.713450E-5	2.713450E-5	-6.909727E-7	6.909727E-7
-1.600000E-1	-2.550180E-5	2.550180E-5	-6.493965E-7	6.493965E-7
-1.500000E-1	-2.387040E-5	2.387040E-5	-6.078533E-7	6.078533E-7
-1.400000E-1	-2.225810E-5	2.225810E-5	-5.667965E-7	5.667965E-7
-1.300000E-1	-2.063930E-5	2.063930E-5	-5.255742E-7	5.255742E-7
-1.200000E-1	-1.903670E-5	1.903670E-5	-4.847644E-7	4.847644E-7
-1.100000E-1	-1.742700E-5	1.742700E-5	-4.437739E-7	4.437739E-7
-1.000000E-1	-1.583890E-5	1.583890E-5	-4.033333E-7	4.033333E-7
-9.000000E-2	-1.423330E-5	1.423330E-5	-3.624472E-7	3.624472E-7
-8.000000E-2	-1.265100E-5	1.265100E-5	-3.221543E-7	3.221543E-7
-7.000000E-2	-1.105630E-5	1.105630E-5	-2.815457E-7	2.815457E-7
-6.000000E-2	-9.477900E-6	9.477900E-6	-2.413522E-7	2.413522E-7
-5.000000E-2	-7.891040E-6	7.891040E-6	-2.009432E-7	2.009432E-7
-4.000000E-2	-6.318740E-6	6.318740E-6	-1.609050E-7	1.609050E-7
-3.000000E-2	-4.736850E-6	4.736850E-6	-1.206226E-7	1.206226E-7
-2.000000E-2	-3.156010E-6	3.156010E-6	-8.036695E-8	8.036695E-8
-1.000000E-2	-1.587020E-6	1.587020E-6	-4.041304E-8	4.041304E-8
0.000000E+0	-7.937800E-9	7.937800E-9	-2.021339E-10	2.021339E-10
1.000000E-2	1.559490E-6	1.559490E-6	3.971199E-8	3.971199E-8
2.000000E-2	3.139800E-6	3.139800E-6	7.995416E-8	7.995416E-8
3.000000E-2	4.710550E-6	4.710550E-6	1.199529E-7	1.199529E-7
4.000000E-2	6.293620E-6	6.293620E-6	1.602653E-7	1.602653E-7
5.000000E-2	7.878260E-6	7.878260E-6	2.006178E-7	2.006178E-7
6.000000E-2	9.454150E-6	9.454150E-6	2.407474E-7	2.407474E-7
7.000000E-2	1.104616E-5	1.104616E-5	2.812875E-7	2.812875E-7
8.000000E-2	1.263040E-5	1.263040E-5	3.216297E-7	3.216297E-7
9.000000E-2	1.423170E-5	1.423170E-5	3.624064E-7	3.624064E-7
1.000000E-1	1.581870E-5	1.581870E-5	4.028189E-7	4.028189E-7
1.100000E-1	1.742710E-5	1.742710E-5	4.437764E-7	4.437764E-7
1.200000E-1	1.902550E-5	1.902550E-5	4.844792E-7	4.844792E-7
1.300000E-1	2.064950E-5	2.064950E-5	5.258340E-7	5.258340E-7
1.400000E-1	2.226580E-5	2.226580E-5	5.669926E-7	5.669926E-7
1.500000E-1	2.389450E-5	2.389450E-5	6.084670E-7	6.084670E-7
1.600000E-1	2.553360E-5	2.553360E-5	6.502063E-7	6.502063E-7
1.700000E-1	2.716750E-5	2.716750E-5	6.918131E-7	6.918131E-7
1.800000E-1	2.881310E-5	2.881310E-5	7.337178E-7	7.337178E-7
1.900000E-1	3.045220E-5	3.045220E-5	7.754571E-7	7.754571E-7
2.000000E-1	3.210660E-5	3.210660E-5	8.175859E-7	8.175859E-7
2.100000E-1	3.376350E-5	3.376350E-5	8.597784E-7	8.597784E-7
2.200000E-1	3.545390E-5	3.545390E-5	9.028240E-7	9.028240E-7
2.300000E-1	3.712970E-5	3.712970E-5	9.454978E-7	9.454978E-7
2.400000E-1	3.881170E-5	3.881170E-5	9.883295E-7	9.883295E-7
2.500000E-1	4.047800E-5	4.047800E-5	1.030761E-6	1.030761E-6
2.600000E-1	4.220160E-5	4.220160E-5	1.074652E-6	1.074652E-6
2.700000E-1	4.388860E-5	4.388860E-5	1.117611E-6	1.117611E-6
2.800000E-1	4.558890E-5	4.558890E-5	1.160909E-6	1.160909E-6
2.900000E-1	4.731020E-5	4.731020E-5	1.204742E-6	1.204742E-6
3.000000E-1	4.903810E-5	4.903810E-5	1.248742E-6	1.248742E-6
3.100000E-1	5.078630E-5	5.078630E-5	1.293259E-6	1.293259E-6
3.200000E-1	5.251940E-5	5.251940E-5	1.337392E-6	1.337392E-6
3.300000E-1	5.424620E-5	5.424620E-5	1.381365E-6	1.381365E-6
3.400000E-1	5.598110E-5	5.598110E-5	1.425544E-6	1.425544E-6
3.500000E-1	5.775060E-5	5.775060E-5	1.470603E-6	1.470603E-6
3.600000E-1	5.947680E-5	5.947680E-5	1.514561E-6	1.514561E-6
3.700000E-1	6.126500E-5	6.126500E-5	1.560097E-6	1.560097E-6
3.800000E-1	6.302410E-5	6.302410E-5	1.604892E-6	1.604892E-6
3.900000E-1	6.478050E-5	6.478050E-5	1.649618E-6	1.649618E-6
4.000000E-1	6.656190E-5	6.656190E-5	1.694981E-6	1.694981E-6
4.100000E-1	6.832130E-5	6.832130E-5	1.739784E-6	1.739784E-6
4.200000E-1	7.013470E-5	7.013470E-5	1.785961E-6	1.785961E-6
4.300000E-1	7.192270E-5	7.192270E-5	1.831492E-6	1.831492E-6
4.400000E-1	7.371830E-5	7.371830E-5	1.877217E-6	1.877217E-6
4.500000E-1	7.551810E-5	7.551810E-5	1.923048E-6	1.923048E-6
4.600000E-1	7.731660E-5	7.731660E-5	1.968846E-6	1.968846E-6
4.700000E-1	7.913460E-5	7.913460E-5	2.015141E-6	2.015141E-6
4.800000E-1	8.096340E-5	8.096340E-5	2.061711E-6	2.061711E-6
4.900000E-1	8.278650E-5	8.278650E-5	2.108136E-6	2.108136E-6
5.000000E-1	8.460070E-5	8.460070E-5	2.154334E-6	2.154334E-6
