

11:53:11	17/03/21


Ell Cont: 5,0x10,0

SMU1	V name:		V1
	I name:		I1
	Mode:		V
	Function:	VAR1
SMU2	V name:		V2
	I name:		I2
	Mode:		common
	Function:	const.
SMU3	off
SMU4	off
VMUs	off

Primary Source (VAR1):	single
	Sweep Spacing:	linear
	Start:		-0.500000
	Stop:		0.500000
	Step:		0.010000
	Compliance:	0.050000
Power Compliance OFF

Timing:		Integration Time:	medium
	Delay Time (sec):	0.000000
	Hold Time (sec):	0.000000
	Wait Time (sec):	1.000000

Secondary Source (VAR2):	OFF


   V1	   I1	Abs(I)	J (A\µm²)	Abs(J)
-5.000000E-1	-2.192470E-5	2.192470E-5	-5.583066E-7	5.583066E-7
-4.900000E-1	-2.136560E-5	2.136560E-5	-5.440693E-7	5.440693E-7
-4.800000E-1	-2.081390E-5	2.081390E-5	-5.300204E-7	5.300204E-7
-4.700000E-1	-2.026940E-5	2.026940E-5	-5.161548E-7	5.161548E-7
-4.600000E-1	-1.972730E-5	1.972730E-5	-5.023504E-7	5.023504E-7
-4.500000E-1	-1.919580E-5	1.919580E-5	-4.888159E-7	4.888159E-7
-4.400000E-1	-1.866380E-5	1.866380E-5	-4.752686E-7	4.752686E-7
-4.300000E-1	-1.813530E-5	1.813530E-5	-4.618105E-7	4.618105E-7
-4.200000E-1	-1.761590E-5	1.761590E-5	-4.485842E-7	4.485842E-7
-4.100000E-1	-1.709600E-5	1.709600E-5	-4.353450E-7	4.353450E-7
-4.000000E-1	-1.659040E-5	1.659040E-5	-4.224701E-7	4.224701E-7
-3.900000E-1	-1.608230E-5	1.608230E-5	-4.095314E-7	4.095314E-7
-3.800000E-1	-1.558530E-5	1.558530E-5	-3.968755E-7	3.968755E-7
-3.700000E-1	-1.508700E-5	1.508700E-5	-3.841864E-7	3.841864E-7
-3.600000E-1	-1.460120E-5	1.460120E-5	-3.718156E-7	3.718156E-7
-3.500000E-1	-1.411150E-5	1.411150E-5	-3.593456E-7	3.593456E-7
-3.400000E-1	-1.363340E-5	1.363340E-5	-3.471709E-7	3.471709E-7
-3.300000E-1	-1.315410E-5	1.315410E-5	-3.349656E-7	3.349656E-7
-3.200000E-1	-1.268770E-5	1.268770E-5	-3.230889E-7	3.230889E-7
-3.100000E-1	-1.221990E-5	1.221990E-5	-3.111765E-7	3.111765E-7
-3.000000E-1	-1.175590E-5	1.175590E-5	-2.993608E-7	2.993608E-7
-2.900000E-1	-1.129980E-5	1.129980E-5	-2.877464E-7	2.877464E-7
-2.800000E-1	-1.084540E-5	1.084540E-5	-2.761752E-7	2.761752E-7
-2.700000E-1	-1.040280E-5	1.040280E-5	-2.649045E-7	2.649045E-7
-2.600000E-1	-9.959060E-6	9.959060E-6	-2.536048E-7	2.536048E-7
-2.500000E-1	-9.522640E-6	9.522640E-6	-2.424915E-7	2.424915E-7
-2.400000E-1	-9.086320E-6	9.086320E-6	-2.313807E-7	2.313807E-7
-2.300000E-1	-8.660920E-6	8.660920E-6	-2.205480E-7	2.205480E-7
-2.200000E-1	-8.238420E-6	8.238420E-6	-2.097891E-7	2.097891E-7
-2.100000E-1	-7.820070E-6	7.820070E-6	-1.991360E-7	1.991360E-7
-2.000000E-1	-7.406560E-6	7.406560E-6	-1.886061E-7	1.886061E-7
-1.900000E-1	-7.000840E-6	7.000840E-6	-1.782745E-7	1.782745E-7
-1.800000E-1	-6.594490E-6	6.594490E-6	-1.679269E-7	1.679269E-7
-1.700000E-1	-6.197240E-6	6.197240E-6	-1.578110E-7	1.578110E-7
-1.600000E-1	-5.800630E-6	5.800630E-6	-1.477115E-7	1.477115E-7
-1.500000E-1	-5.409030E-6	5.409030E-6	-1.377395E-7	1.377395E-7
-1.400000E-1	-5.025900E-6	5.025900E-6	-1.279832E-7	1.279832E-7
-1.300000E-1	-4.642750E-6	4.642750E-6	-1.182264E-7	1.182264E-7
-1.200000E-1	-4.268100E-6	4.268100E-6	-1.086860E-7	1.086860E-7
-1.100000E-1	-3.894800E-6	3.894800E-6	-9.918003E-8	9.918003E-8
-1.000000E-1	-3.527550E-6	3.527550E-6	-8.982811E-8	8.982811E-8
-9.000000E-2	-3.161650E-6	3.161650E-6	-8.051057E-8	8.051057E-8
-8.000000E-2	-2.801270E-6	2.801270E-6	-7.133359E-8	7.133359E-8
-7.000000E-2	-2.442790E-6	2.442790E-6	-6.220499E-8	6.220499E-8
-6.000000E-2	-2.090110E-6	2.090110E-6	-5.322409E-8	5.322409E-8
-5.000000E-2	-1.736570E-6	1.736570E-6	-4.422129E-8	4.422129E-8
-4.000000E-2	-1.388160E-6	1.388160E-6	-3.534912E-8	3.534912E-8
-3.000000E-2	-1.039250E-6	1.039250E-6	-2.646422E-8	2.646422E-8
-2.000000E-2	-6.920710E-7	6.920710E-7	-1.762340E-8	1.762340E-8
-1.000000E-2	-3.471170E-7	3.471170E-7	-8.839241E-9	8.839241E-9
0.000000E+0	-1.147650E-9	1.147650E-9	-2.922460E-11	2.922460E-11
1.000000E-2	3.420810E-7	3.420810E-7	8.711001E-9	8.711001E-9
2.000000E-2	6.906940E-7	6.906940E-7	1.758834E-8	1.758834E-8
3.000000E-2	1.036732E-6	1.036732E-6	2.640010E-8	2.640010E-8
4.000000E-2	1.386340E-6	1.386340E-6	3.530278E-8	3.530278E-8
5.000000E-2	1.739630E-6	1.739630E-6	4.429921E-8	4.429921E-8
6.000000E-2	2.091890E-6	2.091890E-6	5.326942E-8	5.326942E-8
7.000000E-2	2.449930E-6	2.449930E-6	6.238681E-8	6.238681E-8
8.000000E-2	2.808970E-6	2.808970E-6	7.152967E-8	7.152967E-8
9.000000E-2	3.174550E-6	3.174550E-6	8.083906E-8	8.083906E-8
1.000000E-1	3.541190E-6	3.541190E-6	9.017545E-8	9.017545E-8
1.100000E-1	3.916130E-6	3.916130E-6	9.972320E-8	9.972320E-8
1.200000E-1	4.291410E-6	4.291410E-6	1.092796E-7	1.092796E-7
1.300000E-1	4.673520E-6	4.673520E-6	1.190099E-7	1.190099E-7
1.400000E-1	5.058840E-6	5.058840E-6	1.288220E-7	1.288220E-7
1.500000E-1	5.451160E-6	5.451160E-6	1.388123E-7	1.388123E-7
1.600000E-1	5.848680E-6	5.848680E-6	1.489351E-7	1.489351E-7
1.700000E-1	6.247750E-6	6.247750E-6	1.590973E-7	1.590973E-7
1.800000E-1	6.653460E-6	6.653460E-6	1.694286E-7	1.694286E-7
1.900000E-1	7.062720E-6	7.062720E-6	1.798503E-7	1.798503E-7
2.000000E-1	7.480680E-6	7.480680E-6	1.904935E-7	1.904935E-7
2.100000E-1	7.899960E-6	7.899960E-6	2.011704E-7	2.011704E-7
2.200000E-1	8.327470E-6	8.327470E-6	2.120568E-7	2.120568E-7
2.300000E-1	8.757430E-6	8.757430E-6	2.230056E-7	2.230056E-7
2.400000E-1	9.194310E-6	9.194310E-6	2.341306E-7	2.341306E-7
2.500000E-1	9.633920E-6	9.633920E-6	2.453252E-7	2.453252E-7
2.600000E-1	1.008178E-5	1.008178E-5	2.567298E-7	2.567298E-7
2.700000E-1	1.053403E-5	1.053403E-5	2.682462E-7	2.682462E-7
2.800000E-1	1.099104E-5	1.099104E-5	2.798839E-7	2.798839E-7
2.900000E-1	1.145470E-5	1.145470E-5	2.916909E-7	2.916909E-7
3.000000E-1	1.191880E-5	1.191880E-5	3.035090E-7	3.035090E-7
3.100000E-1	1.239110E-5	1.239110E-5	3.155360E-7	3.155360E-7
3.200000E-1	1.286970E-5	1.286970E-5	3.277234E-7	3.277234E-7
3.300000E-1	1.335290E-5	1.335290E-5	3.400280E-7	3.400280E-7
3.400000E-1	1.383970E-5	1.383970E-5	3.524242E-7	3.524242E-7
3.500000E-1	1.433680E-5	1.433680E-5	3.650828E-7	3.650828E-7
3.600000E-1	1.483430E-5	1.483430E-5	3.777515E-7	3.777515E-7
3.700000E-1	1.533960E-5	1.533960E-5	3.906188E-7	3.906188E-7
3.800000E-1	1.584980E-5	1.584980E-5	4.036109E-7	4.036109E-7
3.900000E-1	1.636240E-5	1.636240E-5	4.166641E-7	4.166641E-7
4.000000E-1	1.688200E-5	1.688200E-5	4.298956E-7	4.298956E-7
4.100000E-1	1.740320E-5	1.740320E-5	4.431678E-7	4.431678E-7
4.200000E-1	1.793560E-5	1.793560E-5	4.567252E-7	4.567252E-7
4.300000E-1	1.846890E-5	1.846890E-5	4.703056E-7	4.703056E-7
4.400000E-1	1.901210E-5	1.901210E-5	4.841380E-7	4.841380E-7
4.500000E-1	1.955490E-5	1.955490E-5	4.979603E-7	4.979603E-7
4.600000E-1	2.010890E-5	2.010890E-5	5.120677E-7	5.120677E-7
4.700000E-1	2.066240E-5	2.066240E-5	5.261625E-7	5.261625E-7
4.800000E-1	2.122770E-5	2.122770E-5	5.405577E-7	5.405577E-7
4.900000E-1	2.179530E-5	2.179530E-5	5.550115E-7	5.550115E-7
5.000000E-1	2.236500E-5	2.236500E-5	5.695187E-7	5.695187E-7
