

11:51:49	17/03/21


Ell Cont: 5,0x10,0

SMU1	V name:		V1
	I name:		I1
	Mode:		V
	Function:	VAR1
SMU2	V name:		V2
	I name:		I2
	Mode:		common
	Function:	const.
SMU3	off
SMU4	off
VMUs	off

Primary Source (VAR1):	single
	Sweep Spacing:	linear
	Start:		-0.500000
	Stop:		0.500000
	Step:		0.010000
	Compliance:	0.050000
Power Compliance OFF

Timing:		Integration Time:	medium
	Delay Time (sec):	0.000000
	Hold Time (sec):	0.000000
	Wait Time (sec):	1.000000

Secondary Source (VAR2):	OFF


   V1	   I1	Abs(I)	J (A\µm²)	Abs(J)
-5.000000E-1	-2.223320E-4	2.223320E-4	-5.661625E-6	5.661625E-6
-4.900000E-1	-2.170350E-4	2.170350E-4	-5.526738E-6	5.526738E-6
-4.800000E-1	-2.117410E-4	2.117410E-4	-5.391928E-6	5.391928E-6
-4.700000E-1	-2.065110E-4	2.065110E-4	-5.258747E-6	5.258747E-6
-4.600000E-1	-2.012600E-4	2.012600E-4	-5.125032E-6	5.125032E-6
-4.500000E-1	-1.961130E-4	1.961130E-4	-4.993965E-6	4.993965E-6
-4.400000E-1	-1.909380E-4	1.909380E-4	-4.862185E-6	4.862185E-6
-4.300000E-1	-1.858270E-4	1.858270E-4	-4.732035E-6	4.732035E-6
-4.200000E-1	-1.807800E-4	1.807800E-4	-4.603514E-6	4.603514E-6
-4.100000E-1	-1.757420E-4	1.757420E-4	-4.475223E-6	4.475223E-6
-4.000000E-1	-1.707720E-4	1.707720E-4	-4.348663E-6	4.348663E-6
-3.900000E-1	-1.658090E-4	1.658090E-4	-4.222282E-6	4.222282E-6
-3.800000E-1	-1.608960E-4	1.608960E-4	-4.097173E-6	4.097173E-6
-3.700000E-1	-1.560040E-4	1.560040E-4	-3.972600E-6	3.972600E-6
-3.600000E-1	-1.511770E-4	1.511770E-4	-3.849682E-6	3.849682E-6
-3.500000E-1	-1.463470E-4	1.463470E-4	-3.726687E-6	3.726687E-6
-3.400000E-1	-1.415910E-4	1.415910E-4	-3.605577E-6	3.605577E-6
-3.300000E-1	-1.368340E-4	1.368340E-4	-3.484441E-6	3.484441E-6
-3.200000E-1	-1.321550E-4	1.321550E-4	-3.365292E-6	3.365292E-6
-3.100000E-1	-1.274700E-4	1.274700E-4	-3.245989E-6	3.245989E-6
-3.000000E-1	-1.228290E-4	1.228290E-4	-3.127807E-6	3.127807E-6
-2.900000E-1	-1.182470E-4	1.182470E-4	-3.011128E-6	3.011128E-6
-2.800000E-1	-1.136670E-4	1.136670E-4	-2.894500E-6	2.894500E-6
-2.700000E-1	-1.091820E-4	1.091820E-4	-2.780290E-6	2.780290E-6
-2.600000E-1	-1.046910E-4	1.046910E-4	-2.665928E-6	2.665928E-6
-2.500000E-1	-1.002680E-4	1.002680E-4	-2.553298E-6	2.553298E-6
-2.400000E-1	-9.584840E-5	9.584840E-5	-2.440754E-6	2.440754E-6
-2.300000E-1	-9.150300E-5	9.150300E-5	-2.330099E-6	2.330099E-6
-2.200000E-1	-8.715760E-5	8.715760E-5	-2.219445E-6	2.219445E-6
-2.100000E-1	-8.287760E-5	8.287760E-5	-2.110456E-6	2.110456E-6
-2.000000E-1	-7.860550E-5	7.860550E-5	-2.001668E-6	2.001668E-6
-1.900000E-1	-7.440900E-5	7.440900E-5	-1.894805E-6	1.894805E-6
-1.800000E-1	-7.020350E-5	7.020350E-5	-1.787713E-6	1.787713E-6
-1.700000E-1	-6.607420E-5	6.607420E-5	-1.682562E-6	1.682562E-6
-1.600000E-1	-6.194170E-5	6.194170E-5	-1.577329E-6	1.577329E-6
-1.500000E-1	-5.785040E-5	5.785040E-5	-1.473145E-6	1.473145E-6
-1.400000E-1	-5.382550E-5	5.382550E-5	-1.370652E-6	1.370652E-6
-1.300000E-1	-4.980330E-5	4.980330E-5	-1.268228E-6	1.268228E-6
-1.200000E-1	-4.584500E-5	4.584500E-5	-1.167431E-6	1.167431E-6
-1.100000E-1	-4.188810E-5	4.188810E-5	-1.066669E-6	1.066669E-6
-1.000000E-1	-3.799060E-5	3.799060E-5	-9.674204E-7	9.674204E-7
-9.000000E-2	-3.409020E-5	3.409020E-5	-8.680978E-7	8.680978E-7
-8.000000E-2	-3.024790E-5	3.024790E-5	-7.702546E-7	7.702546E-7
-7.000000E-2	-2.640200E-5	2.640200E-5	-6.723198E-7	6.723198E-7
-6.000000E-2	-2.260880E-5	2.260880E-5	-5.757270E-7	5.757270E-7
-5.000000E-2	-1.880490E-5	1.880490E-5	-4.788617E-7	4.788617E-7
-4.000000E-2	-1.504600E-5	1.504600E-5	-3.831423E-7	3.831423E-7
-3.000000E-2	-1.127200E-5	1.127200E-5	-2.870384E-7	2.870384E-7
-2.000000E-2	-7.507510E-6	7.507510E-6	-1.911767E-7	1.911767E-7
-1.000000E-2	-3.775620E-6	3.775620E-6	-9.614515E-8	9.614515E-8
0.000000E+0	-2.069580E-8	2.069580E-8	-5.270130E-10	5.270130E-10
1.000000E-2	3.705530E-6	3.705530E-6	9.436032E-8	9.436032E-8
2.000000E-2	7.467830E-6	7.467830E-6	1.901663E-7	1.901663E-7
3.000000E-2	1.120899E-5	1.120899E-5	2.854339E-7	2.854339E-7
4.000000E-2	1.498960E-5	1.498960E-5	3.817061E-7	3.817061E-7
5.000000E-2	1.878940E-5	1.878940E-5	4.784670E-7	4.784670E-7
6.000000E-2	2.257990E-5	2.257990E-5	5.749911E-7	5.749911E-7
7.000000E-2	2.642170E-5	2.642170E-5	6.728215E-7	6.728215E-7
8.000000E-2	3.025600E-5	3.025600E-5	7.704609E-7	7.704609E-7
9.000000E-2	3.415040E-5	3.415040E-5	8.696308E-7	8.696308E-7
1.000000E-1	3.804390E-5	3.804390E-5	9.687777E-7	9.687777E-7
1.100000E-1	4.199930E-5	4.199930E-5	1.069501E-6	1.069501E-6
1.200000E-1	4.595610E-5	4.595610E-5	1.170260E-6	1.170260E-6
1.300000E-1	4.998030E-5	4.998030E-5	1.272735E-6	1.272735E-6
1.400000E-1	5.400490E-5	5.400490E-5	1.375220E-6	1.375220E-6
1.500000E-1	5.810140E-5	5.810140E-5	1.479537E-6	1.479537E-6
1.600000E-1	6.223680E-5	6.223680E-5	1.584843E-6	1.584843E-6
1.700000E-1	6.637100E-5	6.637100E-5	1.690120E-6	1.690120E-6
1.800000E-1	7.057310E-5	7.057310E-5	1.797125E-6	1.797125E-6
1.900000E-1	7.479480E-5	7.479480E-5	1.904629E-6	1.904629E-6
2.000000E-1	7.907570E-5	7.907570E-5	2.013641E-6	2.013641E-6
2.100000E-1	8.336390E-5	8.336390E-5	2.122839E-6	2.122839E-6
2.200000E-1	8.772690E-5	8.772690E-5	2.233942E-6	2.233942E-6
2.300000E-1	9.210230E-5	9.210230E-5	2.345360E-6	2.345360E-6
2.400000E-1	9.654530E-5	9.654530E-5	2.458500E-6	2.458500E-6
2.500000E-1	1.010003E-4	1.010003E-4	2.571945E-6	2.571945E-6
2.600000E-1	1.055260E-4	1.055260E-4	2.687191E-6	2.687191E-6
2.700000E-1	1.100904E-4	1.100904E-4	2.803422E-6	2.803422E-6
2.800000E-1	1.146590E-4	1.146590E-4	2.919761E-6	2.919761E-6
2.900000E-1	1.192970E-4	1.192970E-4	3.037866E-6	3.037866E-6
3.000000E-1	1.239550E-4	1.239550E-4	3.156481E-6	3.156481E-6
3.100000E-1	1.286830E-4	1.286830E-4	3.276878E-6	3.276878E-6
3.200000E-1	1.334080E-4	1.334080E-4	3.397199E-6	3.397199E-6
3.300000E-1	1.382100E-4	1.382100E-4	3.519480E-6	3.519480E-6
3.400000E-1	1.430030E-4	1.430030E-4	3.641533E-6	3.641533E-6
3.500000E-1	1.478890E-4	1.478890E-4	3.765954E-6	3.765954E-6
3.600000E-1	1.527730E-4	1.527730E-4	3.890323E-6	3.890323E-6
3.700000E-1	1.577270E-4	1.577270E-4	4.016476E-6	4.016476E-6
3.800000E-1	1.627230E-4	1.627230E-4	4.143697E-6	4.143697E-6
3.900000E-1	1.677230E-4	1.677230E-4	4.271021E-6	4.271021E-6
4.000000E-1	1.727870E-4	1.727870E-4	4.399974E-6	4.399974E-6
4.100000E-1	1.778610E-4	1.778610E-4	4.529183E-6	4.529183E-6
4.200000E-1	1.830120E-4	1.830120E-4	4.660351E-6	4.660351E-6
4.300000E-1	1.881560E-4	1.881560E-4	4.791342E-6	4.791342E-6
4.400000E-1	1.933810E-4	1.933810E-4	4.924395E-6	4.924395E-6
4.500000E-1	1.986130E-4	1.986130E-4	5.057627E-6	5.057627E-6
4.600000E-1	2.039340E-4	2.039340E-4	5.193124E-6	5.193124E-6
4.700000E-1	2.092190E-4	2.092190E-4	5.327706E-6	5.327706E-6
4.800000E-1	2.146100E-4	2.146100E-4	5.464986E-6	5.464986E-6
4.900000E-1	2.200200E-4	2.200200E-4	5.602750E-6	5.602750E-6
5.000000E-1	2.254260E-4	2.254260E-4	5.740412E-6	5.740412E-6
