

11:42:18	17/03/21


Ell Cont: 5,0x10,0

SMU1	V name:		V1
	I name:		I1
	Mode:		V
	Function:	VAR1
SMU2	V name:		V2
	I name:		I2
	Mode:		common
	Function:	const.
SMU3	off
SMU4	off
VMUs	off

Primary Source (VAR1):	single
	Sweep Spacing:	linear
	Start:		-0.500000
	Stop:		0.500000
	Step:		0.010000
	Compliance:	0.050000
Power Compliance OFF

Timing:		Integration Time:	medium
	Delay Time (sec):	0.000000
	Hold Time (sec):	0.000000
	Wait Time (sec):	1.000000

Secondary Source (VAR2):	OFF


   V1	   I1	Abs(I)	J (A\µm²)	Abs(J)
-5.000000E-1	-1.888980E-4	1.888980E-4	-4.810237E-6	4.810237E-6
-4.900000E-1	-1.842180E-4	1.842180E-4	-4.691062E-6	4.691062E-6
-4.800000E-1	-1.795530E-4	1.795530E-4	-4.572269E-6	4.572269E-6
-4.700000E-1	-1.749680E-4	1.749680E-4	-4.455513E-6	4.455513E-6
-4.600000E-1	-1.703910E-4	1.703910E-4	-4.338961E-6	4.338961E-6
-4.500000E-1	-1.658930E-4	1.658930E-4	-4.224421E-6	4.224421E-6
-4.400000E-1	-1.613970E-4	1.613970E-4	-4.109931E-6	4.109931E-6
-4.300000E-1	-1.569440E-4	1.569440E-4	-3.996537E-6	3.996537E-6
-4.200000E-1	-1.525570E-4	1.525570E-4	-3.884823E-6	3.884823E-6
-4.100000E-1	-1.481720E-4	1.481720E-4	-3.773160E-6	3.773160E-6
-4.000000E-1	-1.438540E-4	1.438540E-4	-3.663203E-6	3.663203E-6
-3.900000E-1	-1.395420E-4	1.395420E-4	-3.553400E-6	3.553400E-6
-3.800000E-1	-1.353030E-4	1.353030E-4	-3.445455E-6	3.445455E-6
-3.700000E-1	-1.310740E-4	1.310740E-4	-3.337764E-6	3.337764E-6
-3.600000E-1	-1.268960E-4	1.268960E-4	-3.231373E-6	3.231373E-6
-3.500000E-1	-1.227440E-4	1.227440E-4	-3.125643E-6	3.125643E-6
-3.400000E-1	-1.186480E-4	1.186480E-4	-3.021339E-6	3.021339E-6
-3.300000E-1	-1.145620E-4	1.145620E-4	-2.917291E-6	2.917291E-6
-3.200000E-1	-1.105370E-4	1.105370E-4	-2.814795E-6	2.814795E-6
-3.100000E-1	-1.065270E-4	1.065270E-4	-2.712681E-6	2.712681E-6
-3.000000E-1	-1.025520E-4	1.025520E-4	-2.611459E-6	2.611459E-6
-2.900000E-1	-9.864430E-5	9.864430E-5	-2.511951E-6	2.511951E-6
-2.800000E-1	-9.474110E-5	9.474110E-5	-2.412557E-6	2.412557E-6
-2.700000E-1	-9.091390E-5	9.091390E-5	-2.315098E-6	2.315098E-6
-2.600000E-1	-8.707600E-5	8.707600E-5	-2.217367E-6	2.217367E-6
-2.500000E-1	-8.331910E-5	8.331910E-5	-2.121698E-6	2.121698E-6
-2.400000E-1	-7.956700E-5	7.956700E-5	-2.026152E-6	2.026152E-6
-2.300000E-1	-7.589460E-5	7.589460E-5	-1.932636E-6	1.932636E-6
-2.200000E-1	-7.221400E-5	7.221400E-5	-1.838910E-6	1.838910E-6
-2.100000E-1	-6.860400E-5	6.860400E-5	-1.746982E-6	1.746982E-6
-2.000000E-1	-6.499990E-5	6.499990E-5	-1.655205E-6	1.655205E-6
-1.900000E-1	-6.146310E-5	6.146310E-5	-1.565141E-6	1.565141E-6
-1.800000E-1	-5.793510E-5	5.793510E-5	-1.475302E-6	1.475302E-6
-1.700000E-1	-5.447090E-5	5.447090E-5	-1.387087E-6	1.387087E-6
-1.600000E-1	-5.101320E-5	5.101320E-5	-1.299037E-6	1.299037E-6
-1.500000E-1	-4.759210E-5	4.759210E-5	-1.211920E-6	1.211920E-6
-1.400000E-1	-4.424010E-5	4.424010E-5	-1.126562E-6	1.126562E-6
-1.300000E-1	-4.089360E-5	4.089360E-5	-1.041345E-6	1.041345E-6
-1.200000E-1	-3.760580E-5	3.760580E-5	-9.576216E-7	9.576216E-7
-1.100000E-1	-3.432820E-5	3.432820E-5	-8.741584E-7	8.741584E-7
-1.000000E-1	-3.110580E-5	3.110580E-5	-7.921008E-7	7.921008E-7
-9.000000E-2	-2.788910E-5	2.788910E-5	-7.101884E-7	7.101884E-7
-8.000000E-2	-2.472480E-5	2.472480E-5	-6.296104E-7	6.296104E-7
-7.000000E-2	-2.156670E-5	2.156670E-5	-5.491902E-7	5.491902E-7
-6.000000E-2	-1.845260E-5	1.845260E-5	-4.698905E-7	4.698905E-7
-5.000000E-2	-1.533980E-5	1.533980E-5	-3.906239E-7	3.906239E-7
-4.000000E-2	-1.226600E-5	1.226600E-5	-3.123504E-7	3.123504E-7
-3.000000E-2	-9.185790E-6	9.185790E-6	-2.339137E-7	2.339137E-7
-2.000000E-2	-6.115930E-6	6.115930E-6	-1.557405E-7	1.557405E-7
-1.000000E-2	-3.075500E-6	3.075500E-6	-7.831678E-8	7.831678E-8
0.000000E+0	-1.693870E-8	1.693870E-8	-4.313394E-10	4.313394E-10
1.000000E-2	3.017060E-6	3.017060E-6	7.682862E-8	7.682862E-8
2.000000E-2	6.082380E-6	6.082380E-6	1.548862E-7	1.548862E-7
3.000000E-2	9.132310E-6	9.132310E-6	2.325518E-7	2.325518E-7
4.000000E-2	1.221640E-5	1.221640E-5	3.110873E-7	3.110873E-7
5.000000E-2	1.532040E-5	1.532040E-5	3.901299E-7	3.901299E-7
6.000000E-2	1.842000E-5	1.842000E-5	4.690603E-7	4.690603E-7
7.000000E-2	2.156820E-5	2.156820E-5	5.492284E-7	5.492284E-7
8.000000E-2	2.471510E-5	2.471510E-5	6.293634E-7	6.293634E-7
9.000000E-2	2.791780E-5	2.791780E-5	7.109193E-7	7.109193E-7
1.000000E-1	3.112690E-5	3.112690E-5	7.926381E-7	7.926381E-7
1.100000E-1	3.438970E-5	3.438970E-5	8.757245E-7	8.757245E-7
1.200000E-1	3.766120E-5	3.766120E-5	9.590323E-7	9.590323E-7
1.300000E-1	4.099060E-5	4.099060E-5	1.043815E-6	1.043815E-6
1.400000E-1	4.433640E-5	4.433640E-5	1.129015E-6	1.129015E-6
1.500000E-1	4.774060E-5	4.774060E-5	1.215702E-6	1.215702E-6
1.600000E-1	5.118530E-5	5.118530E-5	1.303420E-6	1.303420E-6
1.700000E-1	5.463740E-5	5.463740E-5	1.391327E-6	1.391327E-6
1.800000E-1	5.816250E-5	5.816250E-5	1.481092E-6	1.481092E-6
1.900000E-1	6.169560E-5	6.169560E-5	1.571062E-6	1.571062E-6
2.000000E-1	6.528780E-5	6.528780E-5	1.662536E-6	1.662536E-6
2.100000E-1	6.889410E-5	6.889410E-5	1.754370E-6	1.754370E-6
2.200000E-1	7.257480E-5	7.257480E-5	1.848098E-6	1.848098E-6
2.300000E-1	7.625890E-5	7.625890E-5	1.941912E-6	1.941912E-6
2.400000E-1	8.000850E-5	8.000850E-5	2.037395E-6	2.037395E-6
2.500000E-1	8.377190E-5	8.377190E-5	2.133229E-6	2.133229E-6
2.600000E-1	8.759760E-5	8.759760E-5	2.230649E-6	2.230649E-6
2.700000E-1	9.146560E-5	9.146560E-5	2.329147E-6	2.329147E-6
2.800000E-1	9.534420E-5	9.534420E-5	2.427914E-6	2.427914E-6
2.900000E-1	9.928870E-5	9.928870E-5	2.528360E-6	2.528360E-6
3.000000E-1	1.032495E-4	1.032495E-4	2.629221E-6	2.629221E-6
3.100000E-1	1.072704E-4	1.072704E-4	2.731612E-6	2.731612E-6
3.200000E-1	1.113044E-4	1.113044E-4	2.834337E-6	2.834337E-6
3.300000E-1	1.154210E-4	1.154210E-4	2.939165E-6	2.939165E-6
3.400000E-1	1.195260E-4	1.195260E-4	3.043697E-6	3.043697E-6
3.500000E-1	1.237130E-4	1.237130E-4	3.150318E-6	3.150318E-6
3.600000E-1	1.279010E-4	1.279010E-4	3.256965E-6	3.256965E-6
3.700000E-1	1.321540E-4	1.321540E-4	3.365266E-6	3.365266E-6
3.800000E-1	1.364550E-4	1.364550E-4	3.474790E-6	3.474790E-6
3.900000E-1	1.407570E-4	1.407570E-4	3.584339E-6	3.584339E-6
4.000000E-1	1.451350E-4	1.451350E-4	3.695824E-6	3.695824E-6
4.100000E-1	1.495210E-4	1.495210E-4	3.807512E-6	3.807512E-6
4.200000E-1	1.539760E-4	1.539760E-4	3.920957E-6	3.920957E-6
4.300000E-1	1.584330E-4	1.584330E-4	4.034454E-6	4.034454E-6
4.400000E-1	1.629580E-4	1.629580E-4	4.149682E-6	4.149682E-6
4.500000E-1	1.674820E-4	1.674820E-4	4.264884E-6	4.264884E-6
4.600000E-1	1.720880E-4	1.720880E-4	4.382175E-6	4.382175E-6
4.700000E-1	1.767060E-4	1.767060E-4	4.499771E-6	4.499771E-6
4.800000E-1	1.813820E-4	1.813820E-4	4.618844E-6	4.618844E-6
4.900000E-1	1.861110E-4	1.861110E-4	4.739267E-6	4.739267E-6
5.000000E-1	1.908400E-4	1.908400E-4	4.859689E-6	4.859689E-6
