

11:32:43	17/03/21


Ell Cont: 5,0x10,0

SMU1	V name:		V1
	I name:		I1
	Mode:		V
	Function:	VAR1
SMU2	V name:		V2
	I name:		I2
	Mode:		common
	Function:	const.
SMU3	off
SMU4	off
VMUs	off

Primary Source (VAR1):	single
	Sweep Spacing:	linear
	Start:		-0.500000
	Stop:		0.500000
	Step:		0.010000
	Compliance:	0.050000
Power Compliance OFF

Timing:		Integration Time:	medium
	Delay Time (sec):	0.000000
	Hold Time (sec):	0.000000
	Wait Time (sec):	1.000000

Secondary Source (VAR2):	OFF


   V1	   I1	Abs(I)	J (A\µm²)	Abs(J)
-5.000000E-1	-9.605250E-3	9.605250E-3	-2.445951E-4	2.445951E-4
-4.900000E-1	-8.905590E-3	8.905590E-3	-2.267785E-4	2.267785E-4
-4.800000E-1	-8.581260E-3	8.581260E-3	-2.185195E-4	2.185195E-4
-4.700000E-1	-8.229050E-3	8.229050E-3	-2.095505E-4	2.095505E-4
-4.600000E-1	-8.011370E-3	8.011370E-3	-2.040074E-4	2.040074E-4
-4.500000E-1	-7.863120E-3	7.863120E-3	-2.002322E-4	2.002322E-4
-4.400000E-1	-7.567310E-3	7.567310E-3	-1.926995E-4	1.926995E-4
-4.300000E-1	-7.331270E-3	7.331270E-3	-1.866888E-4	1.866888E-4
-4.200000E-1	-7.118490E-3	7.118490E-3	-1.812704E-4	1.812704E-4
-4.100000E-1	-6.914280E-3	6.914280E-3	-1.760703E-4	1.760703E-4
-4.000000E-1	-6.752640E-3	6.752640E-3	-1.719542E-4	1.719542E-4
-3.900000E-1	-6.636850E-3	6.636850E-3	-1.690056E-4	1.690056E-4
-3.800000E-1	-6.477360E-3	6.477360E-3	-1.649442E-4	1.649442E-4
-3.700000E-1	-6.361990E-3	6.361990E-3	-1.620064E-4	1.620064E-4
-3.600000E-1	-6.212080E-3	6.212080E-3	-1.581889E-4	1.581889E-4
-3.500000E-1	-6.068290E-3	6.068290E-3	-1.545274E-4	1.545274E-4
-3.400000E-1	-5.907060E-3	5.907060E-3	-1.504217E-4	1.504217E-4
-3.300000E-1	-5.730600E-3	5.730600E-3	-1.459282E-4	1.459282E-4
-3.200000E-1	-5.541750E-3	5.541750E-3	-1.411192E-4	1.411192E-4
-3.100000E-1	-5.336340E-3	5.336340E-3	-1.358885E-4	1.358885E-4
-3.000000E-1	-5.147670E-3	5.147670E-3	-1.310840E-4	1.310840E-4
-2.900000E-1	-4.967790E-3	4.967790E-3	-1.265034E-4	1.265034E-4
-2.800000E-1	-4.781160E-3	4.781160E-3	-1.217510E-4	1.217510E-4
-2.700000E-1	-4.603720E-3	4.603720E-3	-1.172325E-4	1.172325E-4
-2.600000E-1	-4.425070E-3	4.425070E-3	-1.126832E-4	1.126832E-4
-2.500000E-1	-4.250000E-3	4.250000E-3	-1.082251E-4	1.082251E-4
-2.400000E-1	-4.070570E-3	4.070570E-3	-1.036560E-4	1.036560E-4
-2.300000E-1	-3.895310E-3	3.895310E-3	-9.919302E-5	9.919302E-5
-2.200000E-1	-3.721400E-3	3.721400E-3	-9.476445E-5	9.476445E-5
-2.100000E-1	-3.549090E-3	3.549090E-3	-9.037662E-5	9.037662E-5
-2.000000E-1	-3.376610E-3	3.376610E-3	-8.598447E-5	8.598447E-5
-1.900000E-1	-3.205710E-3	3.205710E-3	-8.163254E-5	8.163254E-5
-1.800000E-1	-3.035090E-3	3.035090E-3	-7.728775E-5	7.728775E-5
-1.700000E-1	-2.862480E-3	2.862480E-3	-7.289228E-5	7.289228E-5
-1.600000E-1	-2.692740E-3	2.692740E-3	-6.856990E-5	6.856990E-5
-1.500000E-1	-2.521580E-3	2.521580E-3	-6.421136E-5	6.421136E-5
-1.400000E-1	-2.352320E-3	2.352320E-3	-5.990120E-5	5.990120E-5
-1.300000E-1	-2.182640E-3	2.182640E-3	-5.558034E-5	5.558034E-5
-1.200000E-1	-2.013910E-3	2.013910E-3	-5.128368E-5	5.128368E-5
-1.100000E-1	-1.846610E-3	1.846610E-3	-4.702343E-5	4.702343E-5
-1.000000E-1	-1.678040E-3	1.678040E-3	-4.273084E-5	4.273084E-5
-9.000000E-2	-1.509300E-3	1.509300E-3	-3.843392E-5	3.843392E-5
-8.000000E-2	-1.341010E-3	1.341010E-3	-3.414846E-5	3.414846E-5
-7.000000E-2	-1.171500E-3	1.171500E-3	-2.983193E-5	2.983193E-5
-6.000000E-2	-1.003290E-3	1.003290E-3	-2.554851E-5	2.554851E-5
-5.000000E-2	-8.360200E-4	8.360200E-4	-2.128902E-5	2.128902E-5
-4.000000E-2	-6.691110E-4	6.691110E-4	-1.703873E-5	1.703873E-5
-3.000000E-2	-5.012170E-4	5.012170E-4	-1.276336E-5	1.276336E-5
-2.000000E-2	-3.336150E-4	3.336150E-4	-8.495416E-6	8.495416E-6
-1.000000E-2	-1.675120E-4	1.675120E-4	-4.265648E-6	4.265648E-6
0.000000E+0	-7.896600E-7	7.896600E-7	-2.010848E-8	2.010848E-8
1.000000E-2	1.636400E-4	1.636400E-4	4.167049E-6	4.167049E-6
2.000000E-2	3.284600E-4	3.284600E-4	8.364146E-6	8.364146E-6
3.000000E-2	4.914370E-4	4.914370E-4	1.251431E-5	1.251431E-5
4.000000E-2	6.547300E-4	6.547300E-4	1.667252E-5	1.667252E-5
5.000000E-2	8.169010E-4	8.169010E-4	2.080216E-5	2.080216E-5
6.000000E-2	9.728670E-4	9.728670E-4	2.477380E-5	2.477380E-5
7.000000E-2	1.134026E-3	1.134026E-3	2.887767E-5	2.887767E-5
8.000000E-2	1.292680E-3	1.292680E-3	3.291775E-5	3.291775E-5
9.000000E-2	1.451080E-3	1.451080E-3	3.695136E-5	3.695136E-5
1.000000E-1	1.607430E-3	1.607430E-3	4.093277E-5	4.093277E-5
1.100000E-1	1.763470E-3	1.763470E-3	4.490629E-5	4.490629E-5
1.200000E-1	1.914730E-3	1.914730E-3	4.875808E-5	4.875808E-5
1.300000E-1	2.063280E-3	2.063280E-3	5.254087E-5	5.254087E-5
1.400000E-1	2.213890E-3	2.213890E-3	5.637611E-5	5.637611E-5
1.500000E-1	2.350330E-3	2.350330E-3	5.985052E-5	5.985052E-5
1.600000E-1	2.485390E-3	2.485390E-3	6.328979E-5	6.328979E-5
1.700000E-1	2.606890E-3	2.606890E-3	6.638375E-5	6.638375E-5
1.800000E-1	2.738050E-3	2.738050E-3	6.972371E-5	6.972371E-5
1.900000E-1	2.855670E-3	2.855670E-3	7.271887E-5	7.271887E-5
2.000000E-1	2.991690E-3	2.991690E-3	7.618258E-5	7.618258E-5
2.100000E-1	3.104640E-3	3.104640E-3	7.905882E-5	7.905882E-5
2.200000E-1	3.199580E-3	3.199580E-3	8.147644E-5	8.147644E-5
2.300000E-1	3.244870E-3	3.244870E-3	8.262974E-5	8.262974E-5
2.400000E-1	3.367670E-3	3.367670E-3	8.575681E-5	8.575681E-5
2.500000E-1	3.490390E-3	3.490390E-3	8.888184E-5	8.888184E-5
2.600000E-1	3.612080E-3	3.612080E-3	9.198065E-5	9.198065E-5
2.700000E-1	3.747150E-3	3.747150E-3	9.542017E-5	9.542017E-5
2.800000E-1	3.877840E-3	3.877840E-3	9.874815E-5	9.874815E-5
2.900000E-1	4.004030E-3	4.004030E-3	1.019615E-4	1.019615E-4
3.000000E-1	4.114840E-3	4.114840E-3	1.047833E-4	1.047833E-4
3.100000E-1	4.189510E-3	4.189510E-3	1.066847E-4	1.066847E-4
3.200000E-1	4.271010E-3	4.271010E-3	1.087601E-4	1.087601E-4
3.300000E-1	4.386010E-3	4.386010E-3	1.116886E-4	1.116886E-4
3.400000E-1	4.485130E-3	4.485130E-3	1.142126E-4	1.142126E-4
3.500000E-1	4.523170E-3	4.523170E-3	1.151813E-4	1.151813E-4
3.600000E-1	4.531050E-3	4.531050E-3	1.153820E-4	1.153820E-4
3.700000E-1	4.486270E-3	4.486270E-3	1.142417E-4	1.142417E-4
3.800000E-1	6.738630E-3	6.738630E-3	1.715974E-4	1.715974E-4
3.900000E-1	6.957920E-3	6.957920E-3	1.771816E-4	1.771816E-4
4.000000E-1	7.081770E-3	7.081770E-3	1.803354E-4	1.803354E-4
4.100000E-1	6.961820E-3	6.961820E-3	1.772809E-4	1.772809E-4
4.200000E-1	6.576760E-3	6.576760E-3	1.674754E-4	1.674754E-4
4.300000E-1	5.489450E-3	5.489450E-3	1.397874E-4	1.397874E-4
4.400000E-1	5.044100E-3	5.044100E-3	1.284466E-4	1.284466E-4
4.500000E-1	4.590520E-3	4.590520E-3	1.168964E-4	1.168964E-4
4.600000E-1	4.588160E-3	4.588160E-3	1.168363E-4	1.168363E-4
4.700000E-1	4.675180E-3	4.675180E-3	1.190522E-4	1.190522E-4
4.800000E-1	4.762810E-3	4.762810E-3	1.212837E-4	1.212837E-4
4.900000E-1	4.853480E-3	4.853480E-3	1.235926E-4	1.235926E-4
5.000000E-1	4.946790E-3	4.946790E-3	1.259687E-4	1.259687E-4
