

11:44:35	17/03/21


Ell Cont: 5,0x10,0

SMU1	V name:		V1
	I name:		I1
	Mode:		V
	Function:	VAR1
SMU2	V name:		V2
	I name:		I2
	Mode:		common
	Function:	const.
SMU3	off
SMU4	off
VMUs	off

Primary Source (VAR1):	single
	Sweep Spacing:	linear
	Start:		-0.500000
	Stop:		0.500000
	Step:		0.010000
	Compliance:	0.050000
Power Compliance OFF

Timing:		Integration Time:	medium
	Delay Time (sec):	0.000000
	Hold Time (sec):	0.000000
	Wait Time (sec):	1.000000

Secondary Source (VAR2):	OFF


   V1	   I1	Abs(I)	J (A\um²)	Abs(J)
-5.000000E-1	-4.507280E-5	4.507280E-5	-1.147767E-6	1.147767E-6
-4.900000E-1	-4.390810E-5	4.390810E-5	-1.118108E-6	1.118108E-6
-4.800000E-1	-4.275880E-5	4.275880E-5	-1.088841E-6	1.088841E-6
-4.700000E-1	-4.163210E-5	4.163210E-5	-1.060150E-6	1.060150E-6
-4.600000E-1	-4.050750E-5	4.050750E-5	-1.031513E-6	1.031513E-6
-4.500000E-1	-3.940360E-5	3.940360E-5	-1.003402E-6	1.003402E-6
-4.400000E-1	-3.830130E-5	3.830130E-5	-9.753323E-7	9.753323E-7
-4.300000E-1	-3.721330E-5	3.721330E-5	-9.476267E-7	9.476267E-7
-4.200000E-1	-3.613580E-5	3.613580E-5	-9.201884E-7	9.201884E-7
-4.100000E-1	-3.506330E-5	3.506330E-5	-8.928775E-7	8.928775E-7
-4.000000E-1	-3.400720E-5	3.400720E-5	-8.659842E-7	8.659842E-7
-3.900000E-1	-3.296090E-5	3.296090E-5	-8.393405E-7	8.393405E-7
-3.800000E-1	-3.192930E-5	3.192930E-5	-8.130710E-7	8.130710E-7
-3.700000E-1	-3.089500E-5	3.089500E-5	-7.867329E-7	7.867329E-7
-3.600000E-1	-2.988770E-5	2.988770E-5	-7.610822E-7	7.610822E-7
-3.500000E-1	-2.888130E-5	2.888130E-5	-7.354545E-7	7.354545E-7
-3.400000E-1	-2.788540E-5	2.788540E-5	-7.100942E-7	7.100942E-7
-3.300000E-1	-2.690110E-5	2.690110E-5	-6.850293E-7	6.850293E-7
-3.200000E-1	-2.593070E-5	2.593070E-5	-6.603183E-7	6.603183E-7
-3.100000E-1	-2.496540E-5	2.496540E-5	-6.357372E-7	6.357372E-7
-3.000000E-1	-2.400670E-5	2.400670E-5	-6.113242E-7	6.113242E-7
-2.900000E-1	-2.306630E-5	2.306630E-5	-5.873771E-7	5.873771E-7
-2.800000E-1	-2.212830E-5	2.212830E-5	-5.634912E-7	5.634912E-7
-2.700000E-1	-2.120760E-5	2.120760E-5	-5.400458E-7	5.400458E-7
-2.600000E-1	-2.029370E-5	2.029370E-5	-5.167736E-7	5.167736E-7
-2.500000E-1	-1.939290E-5	1.939290E-5	-4.938350E-7	4.938350E-7
-2.400000E-1	-1.849750E-5	1.849750E-5	-4.710339E-7	4.710339E-7
-2.300000E-1	-1.761820E-5	1.761820E-5	-4.486427E-7	4.486427E-7
-2.200000E-1	-1.674800E-5	1.674800E-5	-4.264833E-7	4.264833E-7
-2.100000E-1	-1.588790E-5	1.588790E-5	-4.045811E-7	4.045811E-7
-2.000000E-1	-1.502950E-5	1.502950E-5	-3.827222E-7	3.827222E-7
-1.900000E-1	-1.419490E-5	1.419490E-5	-3.614693E-7	3.614693E-7
-1.800000E-1	-1.336010E-5	1.336010E-5	-3.402114E-7	3.402114E-7
-1.700000E-1	-1.254360E-5	1.254360E-5	-3.194194E-7	3.194194E-7
-1.600000E-1	-1.172990E-5	1.172990E-5	-2.986987E-7	2.986987E-7
-1.500000E-1	-1.092610E-5	1.092610E-5	-2.782302E-7	2.782302E-7
-1.400000E-1	-1.014350E-5	1.014350E-5	-2.583015E-7	2.583015E-7
-1.300000E-1	-9.360600E-6	9.360600E-6	-2.383652E-7	2.383652E-7
-1.200000E-1	-8.595990E-6	8.595990E-6	-2.188946E-7	2.188946E-7
-1.100000E-1	-7.836460E-6	7.836460E-6	-1.995533E-7	1.995533E-7
-1.000000E-1	-7.090940E-6	7.090940E-6	-1.805689E-7	1.805689E-7
-9.000000E-2	-6.346360E-6	6.346360E-6	-1.616084E-7	1.616084E-7
-8.000000E-2	-5.619680E-6	5.619680E-6	-1.431036E-7	1.431036E-7
-7.000000E-2	-4.897080E-6	4.897080E-6	-1.247028E-7	1.247028E-7
-6.000000E-2	-4.185360E-6	4.185360E-6	-1.065791E-7	1.065791E-7
-5.000000E-2	-3.475210E-6	3.475210E-6	-8.849529E-8	8.849529E-8
-4.000000E-2	-2.776030E-6	2.776030E-6	-7.069086E-8	7.069086E-8
-3.000000E-2	-2.076840E-6	2.076840E-6	-5.288617E-8	5.288617E-8
-2.000000E-2	-1.381380E-6	1.381380E-6	-3.517647E-8	3.517647E-8
-1.000000E-2	-6.947580E-7	6.947580E-7	-1.769183E-8	1.769183E-8
0.000000E+0	-1.764520E-9	1.764520E-9	-4.493303E-11	4.493303E-11
1.000000E-2	6.823940E-7	6.823940E-7	1.737698E-8	1.737698E-8
2.000000E-2	1.375650E-6	1.375650E-6	3.503056E-8	3.503056E-8
3.000000E-2	2.066760E-6	2.066760E-6	5.262949E-8	5.262949E-8
4.000000E-2	2.766680E-6	2.766680E-6	7.045276E-8	7.045276E-8
5.000000E-2	3.472630E-6	3.472630E-6	8.842959E-8	8.842959E-8
6.000000E-2	4.178900E-6	4.178900E-6	1.064146E-7	1.064146E-7
7.000000E-2	4.898000E-6	4.898000E-6	1.247263E-7	1.247263E-7
8.000000E-2	5.618150E-6	5.618150E-6	1.430647E-7	1.430647E-7
9.000000E-2	6.353190E-6	6.353190E-6	1.617823E-7	1.617823E-7
1.000000E-1	7.093370E-6	7.093370E-6	1.806308E-7	1.806308E-7
1.100000E-1	7.847180E-6	7.847180E-6	1.998263E-7	1.998263E-7
1.200000E-1	8.606350E-6	8.606350E-6	2.191584E-7	2.191584E-7
1.300000E-1	9.380240E-6	9.380240E-6	2.388653E-7	2.388653E-7
1.400000E-1	1.016176E-5	1.016176E-5	2.587665E-7	2.587665E-7
1.500000E-1	1.095908E-5	1.095908E-5	2.790700E-7	2.790700E-7
1.600000E-1	1.176740E-5	1.176740E-5	2.996537E-7	2.996537E-7
1.700000E-1	1.257940E-5	1.257940E-5	3.203310E-7	3.203310E-7
1.800000E-1	1.340640E-5	1.340640E-5	3.413904E-7	3.413904E-7
1.900000E-1	1.423940E-5	1.423940E-5	3.626025E-7	3.626025E-7
2.000000E-1	1.509010E-5	1.509010E-5	3.842653E-7	3.842653E-7
2.100000E-1	1.594450E-5	1.594450E-5	4.060224E-7	4.060224E-7
2.200000E-1	1.681570E-5	1.681570E-5	4.282073E-7	4.282073E-7
2.300000E-1	1.769420E-5	1.769420E-5	4.505780E-7	4.505780E-7
2.400000E-1	1.858800E-5	1.858800E-5	4.733384E-7	4.733384E-7
2.500000E-1	1.948640E-5	1.948640E-5	4.962159E-7	4.962159E-7
2.600000E-1	2.040490E-5	2.040490E-5	5.196053E-7	5.196053E-7
2.700000E-1	2.132810E-5	2.132810E-5	5.431143E-7	5.431143E-7
2.800000E-1	2.225880E-5	2.225880E-5	5.668144E-7	5.668144E-7
2.900000E-1	2.320440E-5	2.320440E-5	5.908938E-7	5.908938E-7
3.000000E-1	2.415330E-5	2.415330E-5	6.150573E-7	6.150573E-7
3.100000E-1	2.512430E-5	2.512430E-5	6.397835E-7	6.397835E-7
3.200000E-1	2.609770E-5	2.609770E-5	6.645709E-7	6.645709E-7
3.300000E-1	2.708620E-5	2.708620E-5	6.897428E-7	6.897428E-7
3.400000E-1	2.807430E-5	2.807430E-5	7.149045E-7	7.149045E-7
3.500000E-1	2.908810E-5	2.908810E-5	7.407206E-7	7.407206E-7
3.600000E-1	3.010010E-5	3.010010E-5	7.664910E-7	7.664910E-7
3.700000E-1	3.113260E-5	3.113260E-5	7.927833E-7	7.927833E-7
3.800000E-1	3.217950E-5	3.217950E-5	8.194423E-7	8.194423E-7
3.900000E-1	3.321950E-5	3.321950E-5	8.459256E-7	8.459256E-7
4.000000E-1	3.428020E-5	3.428020E-5	8.729361E-7	8.729361E-7
4.100000E-1	3.534620E-5	3.534620E-5	9.000815E-7	9.000815E-7
4.200000E-1	3.642920E-5	3.642920E-5	9.276598E-7	9.276598E-7
4.300000E-1	3.751950E-5	3.751950E-5	9.554240E-7	9.554240E-7
4.400000E-1	3.863180E-5	3.863180E-5	9.837484E-7	9.837484E-7
4.500000E-1	3.973700E-5	3.973700E-5	1.011892E-6	1.011892E-6
4.600000E-1	4.086710E-5	4.086710E-5	1.040670E-6	1.040670E-6
4.700000E-1	4.200000E-5	4.200000E-5	1.069519E-6	1.069519E-6
4.800000E-1	4.314260E-5	4.314260E-5	1.098615E-6	1.098615E-6
4.900000E-1	4.430350E-5	4.430350E-5	1.128177E-6	1.128177E-6
5.000000E-1	4.546720E-5	4.546720E-5	1.157810E-6	1.157810E-6
