

11:37:20	17/03/21


Ell Cont: 5,0x10,0

SMU1	V name:		V1
	I name:		I1
	Mode:		V
	Function:	VAR1
SMU2	V name:		V2
	I name:		I2
	Mode:		common
	Function:	const.
SMU3	off
SMU4	off
VMUs	off

Primary Source (VAR1):	single
	Sweep Spacing:	linear
	Start:		-0.500000
	Stop:		0.500000
	Step:		0.010000
	Compliance:	0.050000
Power Compliance OFF

Timing:		Integration Time:	medium
	Delay Time (sec):	0.000000
	Hold Time (sec):	0.000000
	Wait Time (sec):	1.000000

Secondary Source (VAR2):	OFF


   V1	   I1	Abs(I)	J (A\um²)	Abs(J)
-5.000000E-1	-1.711430E-4	1.711430E-4	-4.358110E-6	4.358110E-6
-4.900000E-1	-1.674770E-4	1.674770E-4	-4.264757E-6	4.264757E-6
-4.800000E-1	-1.637140E-4	1.637140E-4	-4.168933E-6	4.168933E-6
-4.700000E-1	-1.598210E-4	1.598210E-4	-4.069799E-6	4.069799E-6
-4.600000E-1	-1.557900E-4	1.557900E-4	-3.967150E-6	3.967150E-6
-4.500000E-1	-1.518940E-4	1.518940E-4	-3.867940E-6	3.867940E-6
-4.400000E-1	-1.479280E-4	1.479280E-4	-3.766947E-6	3.766947E-6
-4.300000E-1	-1.440430E-4	1.440430E-4	-3.668016E-6	3.668016E-6
-4.200000E-1	-1.401820E-4	1.401820E-4	-3.569697E-6	3.569697E-6
-4.100000E-1	-1.363850E-4	1.363850E-4	-3.473007E-6	3.473007E-6
-4.000000E-1	-1.325190E-4	1.325190E-4	-3.374561E-6	3.374561E-6
-3.900000E-1	-1.286940E-4	1.286940E-4	-3.277158E-6	3.277158E-6
-3.800000E-1	-1.249680E-4	1.249680E-4	-3.182277E-6	3.182277E-6
-3.700000E-1	-1.213400E-4	1.213400E-4	-3.089890E-6	3.089890E-6
-3.600000E-1	-1.175750E-4	1.175750E-4	-2.994016E-6	2.994016E-6
-3.500000E-1	-1.138730E-4	1.138730E-4	-2.899745E-6	2.899745E-6
-3.400000E-1	-1.102330E-4	1.102330E-4	-2.807054E-6	2.807054E-6
-3.300000E-1	-1.066150E-4	1.066150E-4	-2.714922E-6	2.714922E-6
-3.200000E-1	-1.030490E-4	1.030490E-4	-2.624115E-6	2.624115E-6
-3.100000E-1	-9.947030E-5	9.947030E-5	-2.532984E-6	2.532984E-6
-3.000000E-1	-9.592330E-5	9.592330E-5	-2.442661E-6	2.442661E-6
-2.900000E-1	-9.241830E-5	9.241830E-5	-2.353407E-6	2.353407E-6
-2.800000E-1	-8.891750E-5	8.891750E-5	-2.264260E-6	2.264260E-6
-2.700000E-1	-8.546120E-5	8.546120E-5	-2.176246E-6	2.176246E-6
-2.600000E-1	-8.211650E-5	8.211650E-5	-2.091075E-6	2.091075E-6
-2.500000E-1	-7.877830E-5	7.877830E-5	-2.006068E-6	2.006068E-6
-2.400000E-1	-7.533040E-5	7.533040E-5	-1.918268E-6	1.918268E-6
-2.300000E-1	-7.180500E-5	7.180500E-5	-1.828495E-6	1.828495E-6
-2.200000E-1	-6.844420E-5	6.844420E-5	-1.742913E-6	1.742913E-6
-2.100000E-1	-6.512090E-5	6.512090E-5	-1.658286E-6	1.658286E-6
-2.000000E-1	-6.181220E-5	6.181220E-5	-1.574031E-6	1.574031E-6
-1.900000E-1	-5.854740E-5	5.854740E-5	-1.490894E-6	1.490894E-6
-1.800000E-1	-5.530130E-5	5.530130E-5	-1.408233E-6	1.408233E-6
-1.700000E-1	-5.212940E-5	5.212940E-5	-1.327461E-6	1.327461E-6
-1.600000E-1	-4.891820E-5	4.891820E-5	-1.245689E-6	1.245689E-6
-1.500000E-1	-4.570710E-5	4.570710E-5	-1.163919E-6	1.163919E-6
-1.400000E-1	-4.254780E-5	4.254780E-5	-1.083468E-6	1.083468E-6
-1.300000E-1	-3.937590E-5	3.937590E-5	-1.002697E-6	1.002697E-6
-1.200000E-1	-3.625930E-5	3.625930E-5	-9.233333E-7	9.233333E-7
-1.100000E-1	-3.316810E-5	3.316810E-5	-8.446167E-7	8.446167E-7
-1.000000E-1	-3.009670E-5	3.009670E-5	-7.664044E-7	7.664044E-7
-9.000000E-2	-2.699740E-5	2.699740E-5	-6.874815E-7	6.874815E-7
-8.000000E-2	-2.398890E-5	2.398890E-5	-6.108709E-7	6.108709E-7
-7.000000E-2	-2.093090E-5	2.093090E-5	-5.329997E-7	5.329997E-7
-6.000000E-2	-1.792330E-5	1.792330E-5	-4.564120E-7	4.564120E-7
-5.000000E-2	-1.492770E-5	1.492770E-5	-3.801299E-7	3.801299E-7
-4.000000E-2	-1.194870E-5	1.194870E-5	-3.042704E-7	3.042704E-7
-3.000000E-2	-8.957790E-6	8.957790E-6	-2.281077E-7	2.281077E-7
-2.000000E-2	-5.965440E-6	5.965440E-6	-1.519083E-7	1.519083E-7
-1.000000E-2	-2.999050E-6	2.999050E-6	-7.637000E-8	7.637000E-8
0.000000E+0	-1.542990E-8	1.542990E-8	-3.929183E-10	3.929183E-10
1.000000E-2	2.946530E-6	2.946530E-6	7.503259E-8	7.503259E-8
2.000000E-2	5.937500E-6	5.937500E-6	1.511968E-7	1.511968E-7
3.000000E-2	8.910110E-6	8.910110E-6	2.268936E-7	2.268936E-7
4.000000E-2	1.191300E-5	1.191300E-5	3.033613E-7	3.033613E-7
5.000000E-2	1.493170E-5	1.493170E-5	3.802317E-7	3.802317E-7
6.000000E-2	1.793740E-5	1.793740E-5	4.567711E-7	4.567711E-7
7.000000E-2	2.097450E-5	2.097450E-5	5.341100E-7	5.341100E-7
8.000000E-2	2.401530E-5	2.401530E-5	6.115432E-7	6.115432E-7
9.000000E-2	2.708920E-5	2.708920E-5	6.898192E-7	6.898192E-7
1.000000E-1	3.016670E-5	3.016670E-5	7.681869E-7	7.681869E-7
1.100000E-1	3.328850E-5	3.328850E-5	8.476827E-7	8.476827E-7
1.200000E-1	3.642770E-5	3.642770E-5	9.276216E-7	9.276216E-7
1.300000E-1	3.958660E-5	3.958660E-5	1.008062E-6	1.008062E-6
1.400000E-1	4.279360E-5	4.279360E-5	1.089728E-6	1.089728E-6
1.500000E-1	4.603360E-5	4.603360E-5	1.172233E-6	1.172233E-6
1.600000E-1	4.928750E-5	4.928750E-5	1.255093E-6	1.255093E-6
1.700000E-1	5.253640E-5	5.253640E-5	1.337825E-6	1.337825E-6
1.800000E-1	5.583370E-5	5.583370E-5	1.421790E-6	1.421790E-6
1.900000E-1	5.914010E-5	5.914010E-5	1.505987E-6	1.505987E-6
2.000000E-1	6.245890E-5	6.245890E-5	1.590499E-6	1.590499E-6
2.100000E-1	6.577650E-5	6.577650E-5	1.674981E-6	1.674981E-6
2.200000E-1	6.926680E-5	6.926680E-5	1.763860E-6	1.763860E-6
2.300000E-1	7.267560E-5	7.267560E-5	1.850665E-6	1.850665E-6
2.400000E-1	7.613060E-5	7.613060E-5	1.938645E-6	1.938645E-6
2.500000E-1	7.958400E-5	7.958400E-5	2.026585E-6	2.026585E-6
2.600000E-1	8.310220E-5	8.310220E-5	2.116175E-6	2.116175E-6
2.700000E-1	8.664760E-5	8.664760E-5	2.206458E-6	2.206458E-6
2.800000E-1	9.017980E-5	9.017980E-5	2.296404E-6	2.296404E-6
2.900000E-1	9.376720E-5	9.376720E-5	2.387757E-6	2.387757E-6
3.000000E-1	9.734950E-5	9.734950E-5	2.478979E-6	2.478979E-6
3.100000E-1	1.009832E-4	1.009832E-4	2.571510E-6	2.571510E-6
3.200000E-1	1.046842E-4	1.046842E-4	2.665755E-6	2.665755E-6
3.300000E-1	1.083601E-4	1.083601E-4	2.759361E-6	2.759361E-6
3.400000E-1	1.120138E-4	1.120138E-4	2.852401E-6	2.852401E-6
3.500000E-1	1.157800E-4	1.157800E-4	2.948307E-6	2.948307E-6
3.600000E-1	1.195460E-4	1.195460E-4	3.044207E-6	3.044207E-6
3.700000E-1	1.233090E-4	1.233090E-4	3.140031E-6	3.140031E-6
3.800000E-1	1.271380E-4	1.271380E-4	3.237535E-6	3.237535E-6
3.900000E-1	1.309460E-4	1.309460E-4	3.334505E-6	3.334505E-6
4.000000E-1	1.348010E-4	1.348010E-4	3.432671E-6	3.432671E-6
4.100000E-1	1.386900E-4	1.386900E-4	3.531704E-6	3.531704E-6
4.200000E-1	1.426170E-4	1.426170E-4	3.631704E-6	3.631704E-6
4.300000E-1	1.465430E-4	1.465430E-4	3.731678E-6	3.731678E-6
4.400000E-1	1.505150E-4	1.505150E-4	3.832824E-6	3.832824E-6
4.500000E-1	1.544530E-4	1.544530E-4	3.933104E-6	3.933104E-6
4.600000E-1	1.584780E-4	1.584780E-4	4.035600E-6	4.035600E-6
4.700000E-1	1.624970E-4	1.624970E-4	4.137942E-6	4.137942E-6
4.800000E-1	1.665340E-4	1.665340E-4	4.240744E-6	4.240744E-6
4.900000E-1	1.706150E-4	1.706150E-4	4.344665E-6	4.344665E-6
5.000000E-1	1.745940E-4	1.745940E-4	4.445989E-6	4.445989E-6
