

11:54:08	17/03/21


Ell Cont: 5,0x10,0

SMU1	V name:		V1
	I name:		I1
	Mode:		V
	Function:	VAR1
SMU2	V name:		V2
	I name:		I2
	Mode:		common
	Function:	const.
SMU3	off
SMU4	off
VMUs	off

Primary Source (VAR1):	single
	Sweep Spacing:	linear
	Start:		-0.500000
	Stop:		0.500000
	Step:		0.010000
	Compliance:	0.050000
Power Compliance OFF

Timing:		Integration Time:	medium
	Delay Time (sec):	0.000000
	Hold Time (sec):	0.000000
	Wait Time (sec):	1.000000

Secondary Source (VAR2):	OFF


   V1	   I1	Abs(I)	J (A\um²)	Abs(J)
-5.000000E-1	-2.450110E-5	2.450110E-5	-6.239139E-7	6.239139E-7
-4.900000E-1	-2.391200E-5	2.391200E-5	-6.089126E-7	6.089126E-7
-4.800000E-1	-2.332810E-5	2.332810E-5	-5.940438E-7	5.940438E-7
-4.700000E-1	-2.274980E-5	2.274980E-5	-5.793175E-7	5.793175E-7
-4.600000E-1	-2.217190E-5	2.217190E-5	-5.646015E-7	5.646015E-7
-4.500000E-1	-2.160180E-5	2.160180E-5	-5.500840E-7	5.500840E-7
-4.400000E-1	-2.103310E-5	2.103310E-5	-5.356022E-7	5.356022E-7
-4.300000E-1	-2.046210E-5	2.046210E-5	-5.210619E-7	5.210619E-7
-4.200000E-1	-1.990720E-5	1.990720E-5	-5.069315E-7	5.069315E-7
-4.100000E-1	-1.935060E-5	1.935060E-5	-4.927578E-7	4.927578E-7
-4.000000E-1	-1.879980E-5	1.879980E-5	-4.787319E-7	4.787319E-7
-3.900000E-1	-1.825350E-5	1.825350E-5	-4.648205E-7	4.648205E-7
-3.800000E-1	-1.771450E-5	1.771450E-5	-4.510950E-7	4.510950E-7
-3.700000E-1	-1.717630E-5	1.717630E-5	-4.373899E-7	4.373899E-7
-3.600000E-1	-1.664070E-5	1.664070E-5	-4.237509E-7	4.237509E-7
-3.500000E-1	-1.610680E-5	1.610680E-5	-4.101553E-7	4.101553E-7
-3.400000E-1	-1.558570E-5	1.558570E-5	-3.968857E-7	3.968857E-7
-3.300000E-1	-1.506090E-5	1.506090E-5	-3.835218E-7	3.835218E-7
-3.200000E-1	-1.454640E-5	1.454640E-5	-3.704202E-7	3.704202E-7
-3.100000E-1	-1.403090E-5	1.403090E-5	-3.572931E-7	3.572931E-7
-3.000000E-1	-1.351880E-5	1.351880E-5	-3.442526E-7	3.442526E-7
-2.900000E-1	-1.301370E-5	1.301370E-5	-3.313904E-7	3.313904E-7
-2.800000E-1	-1.250930E-5	1.250930E-5	-3.185460E-7	3.185460E-7
-2.700000E-1	-1.201440E-5	1.201440E-5	-3.059435E-7	3.059435E-7
-2.600000E-1	-1.152010E-5	1.152010E-5	-2.933562E-7	2.933562E-7
-2.500000E-1	-1.103270E-5	1.103270E-5	-2.809447E-7	2.809447E-7
-2.400000E-1	-1.054460E-5	1.054460E-5	-2.685154E-7	2.685154E-7
-2.300000E-1	-1.006710E-5	1.006710E-5	-2.563560E-7	2.563560E-7
-2.200000E-1	-9.589480E-6	9.589480E-6	-2.441935E-7	2.441935E-7
-2.100000E-1	-9.115250E-6	9.115250E-6	-2.321174E-7	2.321174E-7
-2.000000E-1	-8.646290E-6	8.646290E-6	-2.201754E-7	2.201754E-7
-1.900000E-1	-8.182380E-6	8.182380E-6	-2.083621E-7	2.083621E-7
-1.800000E-1	-7.720080E-6	7.720080E-6	-1.965898E-7	1.965898E-7
-1.700000E-1	-7.263350E-6	7.263350E-6	-1.849593E-7	1.849593E-7
-1.600000E-1	-6.807730E-6	6.807730E-6	-1.733570E-7	1.733570E-7
-1.500000E-1	-6.356420E-6	6.356420E-6	-1.618645E-7	1.618645E-7
-1.400000E-1	-5.913870E-6	5.913870E-6	-1.505951E-7	1.505951E-7
-1.300000E-1	-5.471710E-6	5.471710E-6	-1.393356E-7	1.393356E-7
-1.200000E-1	-5.036100E-6	5.036100E-6	-1.282429E-7	1.282429E-7
-1.100000E-1	-4.600910E-6	4.600910E-6	-1.171609E-7	1.171609E-7
-1.000000E-1	-4.171860E-6	4.171860E-6	-1.062353E-7	1.062353E-7
-9.000000E-2	-3.743800E-6	3.743800E-6	-9.533486E-8	9.533486E-8
-8.000000E-2	-3.320580E-6	3.320580E-6	-8.455768E-8	8.455768E-8
-7.000000E-2	-2.898090E-6	2.898090E-6	-7.379908E-8	7.379908E-8
-6.000000E-2	-2.481130E-6	2.481130E-6	-6.318131E-8	6.318131E-8
-5.000000E-2	-2.063360E-6	2.063360E-6	-5.254291E-8	5.254291E-8
-4.000000E-2	-1.650960E-6	1.650960E-6	-4.204125E-8	4.204125E-8
-3.000000E-2	-1.236590E-6	1.236590E-6	-3.148943E-8	3.148943E-8
-2.000000E-2	-8.240380E-7	8.240380E-7	-2.098391E-8	2.098391E-8
-1.000000E-2	-4.134460E-7	4.134460E-7	-1.052829E-8	1.052829E-8
0.000000E+0	-1.148180E-9	1.148180E-9	-2.923809E-11	2.923809E-11
1.000000E-2	4.075160E-7	4.075160E-7	1.037729E-8	1.037729E-8
2.000000E-2	8.226250E-7	8.226250E-7	2.094792E-8	2.094792E-8
3.000000E-2	1.233460E-6	1.233460E-6	3.140973E-8	3.140973E-8
4.000000E-2	1.651170E-6	1.651170E-6	4.204660E-8	4.204660E-8
5.000000E-2	2.070520E-6	2.070520E-6	5.272523E-8	5.272523E-8
6.000000E-2	2.489280E-6	2.489280E-6	6.338885E-8	6.338885E-8
7.000000E-2	2.913850E-6	2.913850E-6	7.420041E-8	7.420041E-8
8.000000E-2	3.338150E-6	3.338150E-6	8.500509E-8	8.500509E-8
9.000000E-2	3.769900E-6	3.769900E-6	9.599949E-8	9.599949E-8
1.000000E-1	4.201680E-6	4.201680E-6	1.069947E-7	1.069947E-7
1.100000E-1	4.640980E-6	4.640980E-6	1.181813E-7	1.181813E-7
1.200000E-1	5.081810E-6	5.081810E-6	1.294069E-7	1.294069E-7
1.300000E-1	5.530170E-6	5.530170E-6	1.408243E-7	1.408243E-7
1.400000E-1	5.979080E-6	5.979080E-6	1.522557E-7	1.522557E-7
1.500000E-1	6.436270E-6	6.436270E-6	1.638979E-7	1.638979E-7
1.600000E-1	6.898660E-6	6.898660E-6	1.756725E-7	1.756725E-7
1.700000E-1	7.361070E-6	7.361070E-6	1.874477E-7	1.874477E-7
1.800000E-1	7.831230E-6	7.831230E-6	1.994202E-7	1.994202E-7
1.900000E-1	8.303370E-6	8.303370E-6	2.114431E-7	2.114431E-7
2.000000E-1	8.783240E-6	8.783240E-6	2.236628E-7	2.236628E-7
2.100000E-1	9.265800E-6	9.265800E-6	2.359511E-7	2.359511E-7
2.200000E-1	9.752360E-6	9.752360E-6	2.483412E-7	2.483412E-7
2.300000E-1	1.024391E-5	1.024391E-5	2.608584E-7	2.608584E-7
2.400000E-1	1.074224E-5	1.074224E-5	2.735483E-7	2.735483E-7
2.500000E-1	1.124104E-5	1.124104E-5	2.862501E-7	2.862501E-7
2.600000E-1	1.174760E-5	1.174760E-5	2.991495E-7	2.991495E-7
2.700000E-1	1.226140E-5	1.226140E-5	3.122333E-7	3.122333E-7
2.800000E-1	1.277610E-5	1.277610E-5	3.253400E-7	3.253400E-7
2.900000E-1	1.329890E-5	1.329890E-5	3.386529E-7	3.386529E-7
3.000000E-1	1.382190E-5	1.382190E-5	3.519710E-7	3.519710E-7
3.100000E-1	1.435380E-5	1.435380E-5	3.655157E-7	3.655157E-7
3.200000E-1	1.488550E-5	1.488550E-5	3.790553E-7	3.790553E-7
3.300000E-1	1.542520E-5	1.542520E-5	3.927986E-7	3.927986E-7
3.400000E-1	1.596470E-5	1.596470E-5	4.065368E-7	4.065368E-7
3.500000E-1	1.651330E-5	1.651330E-5	4.205067E-7	4.205067E-7
3.600000E-1	1.706730E-5	1.706730E-5	4.346142E-7	4.346142E-7
3.700000E-1	1.762690E-5	1.762690E-5	4.488643E-7	4.488643E-7
3.800000E-1	1.819300E-5	1.819300E-5	4.632799E-7	4.632799E-7
3.900000E-1	1.875850E-5	1.875850E-5	4.776802E-7	4.776802E-7
4.000000E-1	1.933010E-5	1.933010E-5	4.922358E-7	4.922358E-7
4.100000E-1	1.990400E-5	1.990400E-5	5.068500E-7	5.068500E-7
4.200000E-1	2.048470E-5	2.048470E-5	5.216374E-7	5.216374E-7
4.300000E-1	2.107060E-5	2.107060E-5	5.365572E-7	5.365572E-7
4.400000E-1	2.166240E-5	2.166240E-5	5.516272E-7	5.516272E-7
4.500000E-1	2.225330E-5	2.225330E-5	5.666743E-7	5.666743E-7
4.600000E-1	2.285140E-5	2.285140E-5	5.819048E-7	5.819048E-7
4.700000E-1	2.345230E-5	2.345230E-5	5.972065E-7	5.972065E-7
4.800000E-1	2.405730E-5	2.405730E-5	6.126127E-7	6.126127E-7
4.900000E-1	2.467140E-5	2.467140E-5	6.282506E-7	6.282506E-7
5.000000E-1	2.528690E-5	2.528690E-5	6.439241E-7	6.439241E-7
