

11:53:39	17/03/21


Ell Cont: 5,0x10,0

SMU1	V name:		V1
	I name:		I1
	Mode:		V
	Function:	VAR1
SMU2	V name:		V2
	I name:		I2
	Mode:		common
	Function:	const.
SMU3	off
SMU4	off
VMUs	off

Primary Source (VAR1):	single
	Sweep Spacing:	linear
	Start:		-0.500000
	Stop:		0.500000
	Step:		0.010000
	Compliance:	0.050000
Power Compliance OFF

Timing:		Integration Time:	medium
	Delay Time (sec):	0.000000
	Hold Time (sec):	0.000000
	Wait Time (sec):	1.000000

Secondary Source (VAR2):	OFF


   V1	   I1	Abs(I)	J (A\µm²)	Abs(J)
-5.000000E-1	-8.747640E-6	8.747640E-6	-2.227563E-7	2.227563E-7
-4.900000E-1	-8.537330E-6	8.537330E-6	-2.174008E-7	2.174008E-7
-4.800000E-1	-8.326950E-6	8.326950E-6	-2.120435E-7	2.120435E-7
-4.700000E-1	-8.121010E-6	8.121010E-6	-2.067993E-7	2.067993E-7
-4.600000E-1	-7.915580E-6	7.915580E-6	-2.015681E-7	2.015681E-7
-4.500000E-1	-7.712030E-6	7.712030E-6	-1.963848E-7	1.963848E-7
-4.400000E-1	-7.505990E-6	7.505990E-6	-1.911380E-7	1.911380E-7
-4.300000E-1	-7.305760E-6	7.305760E-6	-1.860392E-7	1.860392E-7
-4.200000E-1	-7.109560E-6	7.109560E-6	-1.810430E-7	1.810430E-7
-4.100000E-1	-6.908530E-6	6.908530E-6	-1.759239E-7	1.759239E-7
-4.000000E-1	-6.710710E-6	6.710710E-6	-1.708864E-7	1.708864E-7
-3.900000E-1	-6.517630E-6	6.517630E-6	-1.659697E-7	1.659697E-7
-3.800000E-1	-6.321800E-6	6.321800E-6	-1.609829E-7	1.609829E-7
-3.700000E-1	-6.129670E-6	6.129670E-6	-1.560904E-7	1.560904E-7
-3.600000E-1	-5.938760E-6	5.938760E-6	-1.512289E-7	1.512289E-7
-3.500000E-1	-5.749370E-6	5.749370E-6	-1.464062E-7	1.464062E-7
-3.400000E-1	-5.562680E-6	5.562680E-6	-1.416522E-7	1.416522E-7
-3.300000E-1	-5.375140E-6	5.375140E-6	-1.368765E-7	1.368765E-7
-3.200000E-1	-5.192060E-6	5.192060E-6	-1.322144E-7	1.322144E-7
-3.100000E-1	-5.007000E-6	5.007000E-6	-1.275019E-7	1.275019E-7
-3.000000E-1	-4.824900E-6	4.824900E-6	-1.228648E-7	1.228648E-7
-2.900000E-1	-4.643870E-6	4.643870E-6	-1.182549E-7	1.182549E-7
-2.800000E-1	-4.464130E-6	4.464130E-6	-1.136779E-7	1.136779E-7
-2.700000E-1	-4.286380E-6	4.286380E-6	-1.091515E-7	1.091515E-7
-2.600000E-1	-4.110360E-6	4.110360E-6	-1.046692E-7	1.046692E-7
-2.500000E-1	-3.935520E-6	3.935520E-6	-1.002170E-7	1.002170E-7
-2.400000E-1	-3.761670E-6	3.761670E-6	-9.578991E-8	9.578991E-8
-2.300000E-1	-3.590920E-6	3.590920E-6	-9.144181E-8	9.144181E-8
-2.200000E-1	-3.419400E-6	3.419400E-6	-8.707410E-8	8.707410E-8
-2.100000E-1	-3.250010E-6	3.250010E-6	-8.276063E-8	8.276063E-8
-2.000000E-1	-3.081980E-6	3.081980E-6	-7.848179E-8	7.848179E-8
-1.900000E-1	-2.915450E-6	2.915450E-6	-7.424115E-8	7.424115E-8
-1.800000E-1	-2.750790E-6	2.750790E-6	-7.004813E-8	7.004813E-8
-1.700000E-1	-2.587960E-6	2.587960E-6	-6.590171E-8	6.590171E-8
-1.600000E-1	-2.424700E-6	2.424700E-6	-6.174433E-8	6.174433E-8
-1.500000E-1	-2.264110E-6	2.264110E-6	-5.765495E-8	5.765495E-8
-1.400000E-1	-2.105920E-6	2.105920E-6	-5.362669E-8	5.362669E-8
-1.300000E-1	-1.947440E-6	1.947440E-6	-4.959104E-8	4.959104E-8
-1.200000E-1	-1.791530E-6	1.791530E-6	-4.562083E-8	4.562083E-8
-1.100000E-1	-1.636200E-6	1.636200E-6	-4.166539E-8	4.166539E-8
-1.000000E-1	-1.483280E-6	1.483280E-6	-3.777133E-8	3.777133E-8
-9.000000E-2	-1.330590E-6	1.330590E-6	-3.388312E-8	3.388312E-8
-8.000000E-2	-1.180190E-6	1.180190E-6	-3.005322E-8	3.005322E-8
-7.000000E-2	-1.029780E-6	1.029780E-6	-2.622307E-8	2.622307E-8
-6.000000E-2	-8.824130E-7	8.824130E-7	-2.247041E-8	2.247041E-8
-5.000000E-2	-7.327040E-7	7.327040E-7	-1.865811E-8	1.865811E-8
-4.000000E-2	-5.858740E-7	5.858740E-7	-1.491912E-8	1.491912E-8
-3.000000E-2	-4.385190E-7	4.385190E-7	-1.116677E-8	1.116677E-8
-2.000000E-2	-2.915830E-7	2.915830E-7	-7.425083E-9	7.425083E-9
-1.000000E-2	-1.459310E-7	1.459310E-7	-3.716094E-9	3.716094E-9
0.000000E+0	-6.278800E-10	6.278800E-10	-1.598880E-11	1.598880E-11
1.000000E-2	1.450120E-7	1.450120E-7	3.692692E-9	3.692692E-9
2.000000E-2	2.933980E-7	2.933980E-7	7.471301E-9	7.471301E-9
3.000000E-2	4.398650E-7	4.398650E-7	1.120104E-8	1.120104E-8
4.000000E-2	5.883410E-7	5.883410E-7	1.498195E-8	1.498195E-8
5.000000E-2	7.373260E-7	7.373260E-7	1.877581E-8	1.877581E-8
6.000000E-2	8.864310E-7	8.864310E-7	2.257273E-8	2.257273E-8
7.000000E-2	1.037856E-6	1.037856E-6	2.642872E-8	2.642872E-8
8.000000E-2	1.187710E-6	1.187710E-6	3.024472E-8	3.024472E-8
9.000000E-2	1.342940E-6	1.342940E-6	3.419761E-8	3.419761E-8
1.000000E-1	1.497150E-6	1.497150E-6	3.812452E-8	3.812452E-8
1.100000E-1	1.653730E-6	1.653730E-6	4.211179E-8	4.211179E-8
1.200000E-1	1.810960E-6	1.810960E-6	4.611561E-8	4.611561E-8
1.300000E-1	1.971240E-6	1.971240E-6	5.019710E-8	5.019710E-8
1.400000E-1	2.131920E-6	2.131920E-6	5.428877E-8	5.428877E-8
1.500000E-1	2.295360E-6	2.295360E-6	5.845073E-8	5.845073E-8
1.600000E-1	2.460970E-6	2.460970E-6	6.266794E-8	6.266794E-8
1.700000E-1	2.626690E-6	2.626690E-6	6.688795E-8	6.688795E-8
1.800000E-1	2.794670E-6	2.794670E-6	7.116552E-8	7.116552E-8
1.900000E-1	2.963710E-6	2.963710E-6	7.547008E-8	7.547008E-8
2.000000E-1	3.136910E-6	3.136910E-6	7.988057E-8	7.988057E-8
2.100000E-1	3.308670E-6	3.308670E-6	8.425439E-8	8.425439E-8
2.200000E-1	3.482560E-6	3.482560E-6	8.868245E-8	8.868245E-8
2.300000E-1	3.659770E-6	3.659770E-6	9.319506E-8	9.319506E-8
2.400000E-1	3.837770E-6	3.837770E-6	9.772778E-8	9.772778E-8
2.500000E-1	4.016260E-6	4.016260E-6	1.022730E-7	1.022730E-7
2.600000E-1	4.198410E-6	4.198410E-6	1.069114E-7	1.069114E-7
2.700000E-1	4.382030E-6	4.382030E-6	1.115872E-7	1.115872E-7
2.800000E-1	4.565740E-6	4.565740E-6	1.162653E-7	1.162653E-7
2.900000E-1	4.751990E-6	4.751990E-6	1.210081E-7	1.210081E-7
3.000000E-1	4.941180E-6	4.941180E-6	1.258258E-7	1.258258E-7
3.100000E-1	5.132050E-6	5.132050E-6	1.306863E-7	1.306863E-7
3.200000E-1	5.323490E-6	5.323490E-6	1.355612E-7	1.355612E-7
3.300000E-1	5.516750E-6	5.516750E-6	1.404826E-7	1.404826E-7
3.400000E-1	5.710420E-6	5.710420E-6	1.454143E-7	1.454143E-7
3.500000E-1	5.908110E-6	5.908110E-6	1.504484E-7	1.504484E-7
3.600000E-1	6.105240E-6	6.105240E-6	1.554683E-7	1.554683E-7
3.700000E-1	6.304200E-6	6.304200E-6	1.605348E-7	1.605348E-7
3.800000E-1	6.505570E-6	6.505570E-6	1.656626E-7	1.656626E-7
3.900000E-1	6.707040E-6	6.707040E-6	1.707930E-7	1.707930E-7
4.000000E-1	6.913030E-6	6.913030E-6	1.760384E-7	1.760384E-7
4.100000E-1	7.116720E-6	7.116720E-6	1.812254E-7	1.812254E-7
4.200000E-1	7.325700E-6	7.325700E-6	1.865470E-7	1.865470E-7
4.300000E-1	7.532790E-6	7.532790E-6	1.918205E-7	1.918205E-7
4.400000E-1	7.742420E-6	7.742420E-6	1.971586E-7	1.971586E-7
4.500000E-1	7.953460E-6	7.953460E-6	2.025327E-7	2.025327E-7
4.600000E-1	8.170630E-6	8.170630E-6	2.080629E-7	2.080629E-7
4.700000E-1	8.384110E-6	8.384110E-6	2.134991E-7	2.134991E-7
4.800000E-1	8.599670E-6	8.599670E-6	2.189883E-7	2.189883E-7
4.900000E-1	8.818890E-6	8.818890E-6	2.245707E-7	2.245707E-7
5.000000E-1	9.036560E-6	9.036560E-6	2.301136E-7	2.301136E-7
