

11:40:04	17/03/21


Ell Cont: 5,0x10,0

SMU1	V name:		V1
	I name:		I1
	Mode:		V
	Function:	VAR1
SMU2	V name:		V2
	I name:		I2
	Mode:		common
	Function:	const.
SMU3	off
SMU4	off
VMUs	off

Primary Source (VAR1):	single
	Sweep Spacing:	linear
	Start:		-0.500000
	Stop:		0.500000
	Step:		0.010000
	Compliance:	0.050000
Power Compliance OFF

Timing:		Integration Time:	medium
	Delay Time (sec):	0.000000
	Hold Time (sec):	0.000000
	Wait Time (sec):	1.000000

Secondary Source (VAR2):	OFF


   V1	   I1	Abs(I)	J (A\um²)	Abs(J)
-5.000000E-1	-3.126670E-4	3.126670E-4	-7.961981E-6	7.961981E-6
-4.900000E-1	-3.047140E-4	3.047140E-4	-7.759460E-6	7.759460E-6
-4.800000E-1	-2.972200E-4	2.972200E-4	-7.568627E-6	7.568627E-6
-4.700000E-1	-2.897050E-4	2.897050E-4	-7.377260E-6	7.377260E-6
-4.600000E-1	-2.822740E-4	2.822740E-4	-7.188031E-6	7.188031E-6
-4.500000E-1	-2.751580E-4	2.751580E-4	-7.006824E-6	7.006824E-6
-4.400000E-1	-2.675660E-4	2.675660E-4	-6.813496E-6	6.813496E-6
-4.300000E-1	-2.605770E-4	2.605770E-4	-6.635523E-6	6.635523E-6
-4.200000E-1	-2.534710E-4	2.534710E-4	-6.454571E-6	6.454571E-6
-4.100000E-1	-2.461220E-4	2.461220E-4	-6.267431E-6	6.267431E-6
-4.000000E-1	-2.391810E-4	2.391810E-4	-6.090680E-6	6.090680E-6
-3.900000E-1	-2.321360E-4	2.321360E-4	-5.911281E-6	5.911281E-6
-3.800000E-1	-2.250720E-4	2.250720E-4	-5.731398E-6	5.731398E-6
-3.700000E-1	-2.180550E-4	2.180550E-4	-5.552712E-6	5.552712E-6
-3.600000E-1	-2.111850E-4	2.111850E-4	-5.377769E-6	5.377769E-6
-3.500000E-1	-2.043680E-4	2.043680E-4	-5.204176E-6	5.204176E-6
-3.400000E-1	-1.976310E-4	1.976310E-4	-5.032620E-6	5.032620E-6
-3.300000E-1	-1.909360E-4	1.909360E-4	-4.862134E-6	4.862134E-6
-3.200000E-1	-1.844030E-4	1.844030E-4	-4.695773E-6	4.695773E-6
-3.100000E-1	-1.778340E-4	1.778340E-4	-4.528495E-6	4.528495E-6
-3.000000E-1	-1.713050E-4	1.713050E-4	-4.362236E-6	4.362236E-6
-2.900000E-1	-1.647870E-4	1.647870E-4	-4.196257E-6	4.196257E-6
-2.800000E-1	-1.583700E-4	1.583700E-4	-4.032849E-6	4.032849E-6
-2.700000E-1	-1.519920E-4	1.519920E-4	-3.870435E-6	3.870435E-6
-2.600000E-1	-1.457840E-4	1.457840E-4	-3.712350E-6	3.712350E-6
-2.500000E-1	-1.395730E-4	1.395730E-4	-3.554189E-6	3.554189E-6
-2.400000E-1	-1.333840E-4	1.333840E-4	-3.396588E-6	3.396588E-6
-2.300000E-1	-1.272590E-4	1.272590E-4	-3.240616E-6	3.240616E-6
-2.200000E-1	-1.210260E-4	1.210260E-4	-3.081895E-6	3.081895E-6
-2.100000E-1	-1.150490E-4	1.150490E-4	-2.929692E-6	2.929692E-6
-2.000000E-1	-1.091660E-4	1.091660E-4	-2.779883E-6	2.779883E-6
-1.900000E-1	-1.031570E-4	1.031570E-4	-2.626865E-6	2.626865E-6
-1.800000E-1	-9.724320E-5	9.724320E-5	-2.476272E-6	2.476272E-6
-1.700000E-1	-9.150100E-5	9.150100E-5	-2.330048E-6	2.330048E-6
-1.600000E-1	-8.573830E-5	8.573830E-5	-2.183303E-6	2.183303E-6
-1.500000E-1	-8.005260E-5	8.005260E-5	-2.038518E-6	2.038518E-6
-1.400000E-1	-7.442950E-5	7.442950E-5	-1.895327E-6	1.895327E-6
-1.300000E-1	-6.882930E-5	6.882930E-5	-1.752720E-6	1.752720E-6
-1.200000E-1	-6.338640E-5	6.338640E-5	-1.614118E-6	1.614118E-6
-1.100000E-1	-5.791190E-5	5.791190E-5	-1.474711E-6	1.474711E-6
-1.000000E-1	-5.250300E-5	5.250300E-5	-1.336975E-6	1.336975E-6
-9.000000E-2	-4.706840E-5	4.706840E-5	-1.198584E-6	1.198584E-6
-8.000000E-2	-4.175770E-5	4.175770E-5	-1.063349E-6	1.063349E-6
-7.000000E-2	-3.641900E-5	3.641900E-5	-9.274000E-7	9.274000E-7
-6.000000E-2	-3.118570E-5	3.118570E-5	-7.941355E-7	7.941355E-7
-5.000000E-2	-2.593390E-5	2.593390E-5	-6.603998E-7	6.603998E-7
-4.000000E-2	-2.073520E-5	2.073520E-5	-5.280163E-7	5.280163E-7
-3.000000E-2	-1.553390E-5	1.553390E-5	-3.955666E-7	3.955666E-7
-2.000000E-2	-1.034100E-5	1.034100E-5	-2.633308E-7	2.633308E-7
-1.000000E-2	-5.201310E-6	5.201310E-6	-1.324500E-7	1.324500E-7
0.000000E+0	-2.916280E-8	2.916280E-8	-7.426229E-10	7.426229E-10
1.000000E-2	5.102700E-6	5.102700E-6	1.299389E-7	1.299389E-7
2.000000E-2	1.028402E-5	1.028402E-5	2.618798E-7	2.618798E-7
3.000000E-2	1.543620E-5	1.543620E-5	3.930787E-7	3.930787E-7
4.000000E-2	2.064960E-5	2.064960E-5	5.258365E-7	5.258365E-7
5.000000E-2	2.588160E-5	2.588160E-5	6.590680E-7	6.590680E-7
6.000000E-2	3.110320E-5	3.110320E-5	7.920346E-7	7.920346E-7
7.000000E-2	3.646470E-5	3.646470E-5	9.285638E-7	9.285638E-7
8.000000E-2	4.175670E-5	4.175670E-5	1.063323E-6	1.063323E-6
9.000000E-2	4.715250E-5	4.715250E-5	1.200726E-6	1.200726E-6
1.000000E-1	5.258990E-5	5.258990E-5	1.339188E-6	1.339188E-6
1.100000E-1	5.797420E-5	5.797420E-5	1.476297E-6	1.476297E-6
1.200000E-1	6.340690E-5	6.340690E-5	1.614640E-6	1.614640E-6
1.300000E-1	6.899220E-5	6.899220E-5	1.756868E-6	1.756868E-6
1.400000E-1	7.470600E-5	7.470600E-5	1.902368E-6	1.902368E-6
1.500000E-1	8.043790E-5	8.043790E-5	2.048329E-6	2.048329E-6
1.600000E-1	8.614070E-5	8.614070E-5	2.193550E-6	2.193550E-6
1.700000E-1	9.179540E-5	9.179540E-5	2.337545E-6	2.337545E-6
1.800000E-1	9.766600E-5	9.766600E-5	2.487038E-6	2.487038E-6
1.900000E-1	1.037061E-4	1.037061E-4	2.640848E-6	2.640848E-6
2.000000E-1	1.096228E-4	1.096228E-4	2.791515E-6	2.791515E-6
2.100000E-1	1.156360E-4	1.156360E-4	2.944640E-6	2.944640E-6
2.200000E-1	1.217710E-4	1.217710E-4	3.100866E-6	3.100866E-6
2.300000E-1	1.278500E-4	1.278500E-4	3.255666E-6	3.255666E-6
2.400000E-1	1.341140E-4	1.341140E-4	3.415177E-6	3.415177E-6
2.500000E-1	1.402020E-4	1.402020E-4	3.570206E-6	3.570206E-6
2.600000E-1	1.466270E-4	1.466270E-4	3.733817E-6	3.733817E-6
2.700000E-1	1.530800E-4	1.530800E-4	3.898141E-6	3.898141E-6
2.800000E-1	1.593420E-4	1.593420E-4	4.057601E-6	4.057601E-6
2.900000E-1	1.658190E-4	1.658190E-4	4.222536E-6	4.222536E-6
3.000000E-1	1.723860E-4	1.723860E-4	4.389763E-6	4.389763E-6
3.100000E-1	1.790600E-4	1.790600E-4	4.559715E-6	4.559715E-6
3.200000E-1	1.855970E-4	1.855970E-4	4.726178E-6	4.726178E-6
3.300000E-1	1.923880E-4	1.923880E-4	4.899109E-6	4.899109E-6
3.400000E-1	1.991020E-4	1.991020E-4	5.070079E-6	5.070079E-6
3.500000E-1	2.059020E-4	2.059020E-4	5.243239E-6	5.243239E-6
3.600000E-1	2.128150E-4	2.128150E-4	5.419277E-6	5.419277E-6
3.700000E-1	2.199410E-4	2.199410E-4	5.600738E-6	5.600738E-6
3.800000E-1	2.272440E-4	2.272440E-4	5.786707E-6	5.786707E-6
3.900000E-1	2.343350E-4	2.343350E-4	5.967278E-6	5.967278E-6
4.000000E-1	2.413250E-4	2.413250E-4	6.145276E-6	6.145276E-6
4.100000E-1	2.484450E-4	2.484450E-4	6.326585E-6	6.326585E-6
4.200000E-1	2.557560E-4	2.557560E-4	6.512758E-6	6.512758E-6
4.300000E-1	2.630260E-4	2.630260E-4	6.697886E-6	6.697886E-6
4.400000E-1	2.705180E-4	2.705180E-4	6.888668E-6	6.888668E-6
4.500000E-1	2.779280E-4	2.779280E-4	7.077362E-6	7.077362E-6
4.600000E-1	2.854940E-4	2.854940E-4	7.270028E-6	7.270028E-6
4.700000E-1	2.929740E-4	2.929740E-4	7.460504E-6	7.460504E-6
4.800000E-1	3.007900E-4	3.007900E-4	7.659536E-6	7.659536E-6
4.900000E-1	3.083770E-4	3.083770E-4	7.852737E-6	7.852737E-6
5.000000E-1	3.161450E-4	3.161450E-4	8.050547E-6	8.050547E-6
