

11:33:55	17/03/21


Ell Cont: 5,0x10,0

SMU1	V name:		V1
	I name:		I1
	Mode:		V
	Function:	VAR1
SMU2	V name:		V2
	I name:		I2
	Mode:		common
	Function:	const.
SMU3	off
SMU4	off
VMUs	off

Primary Source (VAR1):	single
	Sweep Spacing:	linear
	Start:		-0.500000
	Stop:		0.500000
	Step:		0.010000
	Compliance:	0.050000
Power Compliance OFF

Timing:		Integration Time:	medium
	Delay Time (sec):	0.000000
	Hold Time (sec):	0.000000
	Wait Time (sec):	1.000000

Secondary Source (VAR2):	OFF


   V1	   I1	Abs(I)	J (A\um²)	Abs(J)
-5.000000E-1	6.670000E-12	6.670000E-12	1.698498E-13	1.698498E-13
-4.900000E-1	2.460000E-12	2.460000E-12	6.264324E-14	6.264324E-14
-4.800000E-1	-6.010000E-12	6.010000E-12	-1.530430E-13	1.530430E-13
-4.700000E-1	-7.670000E-12	7.670000E-12	-1.953145E-13	1.953145E-13
-4.600000E-1	-8.920000E-12	8.920000E-12	-2.271454E-13	2.271454E-13
-4.500000E-1	-4.220000E-12	4.220000E-12	-1.074612E-13	1.074612E-13
-4.400000E-1	2.980000E-12	2.980000E-12	7.588490E-14	7.588490E-14
-4.300000E-1	6.710000E-12	6.710000E-12	1.708683E-13	1.708683E-13
-4.200000E-1	1.360000E-12	1.360000E-12	3.463203E-14	3.463203E-14
-4.100000E-1	9.200000E-13	9.200000E-13	2.342755E-14	2.342755E-14
-4.000000E-1	-2.490000E-12	2.490000E-12	-6.340718E-14	6.340718E-14
-3.900000E-1	-5.630000E-12	5.630000E-12	-1.433664E-13	1.433664E-13
-3.800000E-1	-5.650000E-12	5.650000E-12	-1.438757E-13	1.438757E-13
-3.700000E-1	-7.590000E-12	7.590000E-12	-1.932773E-13	1.932773E-13
-3.600000E-1	-7.690000E-12	7.690000E-12	-1.958238E-13	1.958238E-13
-3.500000E-1	-8.760000E-12	8.760000E-12	-2.230710E-13	2.230710E-13
-3.400000E-1	-8.560000E-12	8.560000E-12	-2.179781E-13	2.179781E-13
-3.300000E-1	-6.780000E-12	6.780000E-12	-1.726509E-13	1.726509E-13
-3.200000E-1	-8.770000E-12	8.770000E-12	-2.233257E-13	2.233257E-13
-3.100000E-1	-5.500000E-12	5.500000E-12	-1.400560E-13	1.400560E-13
-3.000000E-1	-5.540000E-12	5.540000E-12	-1.410746E-13	1.410746E-13
-2.900000E-1	-7.510000E-12	7.510000E-12	-1.912401E-13	1.912401E-13
-2.800000E-1	-7.290000E-12	7.290000E-12	-1.856379E-13	1.856379E-13
-2.700000E-1	-3.180000E-12	3.180000E-12	-8.097784E-14	8.097784E-14
-2.600000E-1	-5.210000E-12	5.210000E-12	-1.326712E-13	1.326712E-13
-2.500000E-1	-3.390000E-12	3.390000E-12	-8.632544E-14	8.632544E-14
-2.400000E-1	-5.700000E-13	5.700000E-13	-1.451490E-14	1.451490E-14
-2.300000E-1	2.300000E-13	2.300000E-13	5.856888E-15	5.856888E-15
-2.200000E-1	-4.540000E-12	4.540000E-12	-1.156099E-13	1.156099E-13
-2.100000E-1	-3.330000E-12	3.330000E-12	-8.479755E-14	8.479755E-14
-2.000000E-1	-3.590000E-12	3.590000E-12	-9.141838E-14	9.141838E-14
-1.900000E-1	-2.790000E-12	2.790000E-12	-7.104660E-14	7.104660E-14
-1.800000E-1	-2.050000E-12	2.050000E-12	-5.220270E-14	5.220270E-14
-1.700000E-1	-3.600000E-13	3.600000E-13	-9.167303E-15	9.167303E-15
-1.600000E-1	-1.730000E-12	1.730000E-12	-4.405398E-14	4.405398E-14
-1.500000E-1	-1.870000E-12	1.870000E-12	-4.761905E-14	4.761905E-14
-1.400000E-1	-1.750000E-12	1.750000E-12	-4.456328E-14	4.456328E-14
-1.300000E-1	-2.140000E-12	2.140000E-12	-5.449452E-14	5.449452E-14
-1.200000E-1	-1.330000E-12	1.330000E-12	-3.386809E-14	3.386809E-14
-1.100000E-1	-1.820000E-12	1.820000E-12	-4.634581E-14	4.634581E-14
-1.000000E-1	6.000000E-14	6.000000E-14	1.527884E-15	1.527884E-15
-9.000000E-2	-1.130000E-12	1.130000E-12	-2.877515E-14	2.877515E-14
-8.000000E-2	5.900000E-13	5.900000E-13	1.502419E-14	1.502419E-14
-7.000000E-2	9.300000E-13	9.300000E-13	2.368220E-14	2.368220E-14
-6.000000E-2	9.400000E-13	9.400000E-13	2.393685E-14	2.393685E-14
-5.000000E-2	-3.010000E-12	3.010000E-12	-7.664884E-14	7.664884E-14
-4.000000E-2	-1.730000E-12	1.730000E-12	-4.405398E-14	4.405398E-14
-3.000000E-2	-8.650000E-12	8.650000E-12	-2.202699E-13	2.202699E-13
-2.000000E-2	-7.710000E-12	7.710000E-12	-1.963331E-13	1.963331E-13
-1.000000E-2	-1.380000E-12	1.380000E-12	-3.514133E-14	3.514133E-14
0.000000E+0	1.200000E-12	1.200000E-12	3.055768E-14	3.055768E-14
1.000000E-2	3.030000E-12	3.030000E-12	7.715814E-14	7.715814E-14
2.000000E-2	3.680000E-12	3.680000E-12	9.371021E-14	9.371021E-14
3.000000E-2	2.260000E-12	2.260000E-12	5.755029E-14	5.755029E-14
4.000000E-2	2.730000E-12	2.730000E-12	6.951872E-14	6.951872E-14
5.000000E-2	2.150000E-12	2.150000E-12	5.474917E-14	5.474917E-14
6.000000E-2	2.900000E-13	2.900000E-13	7.384772E-15	7.384772E-15
7.000000E-2	-3.600000E-13	3.600000E-13	-9.167303E-15	9.167303E-15
8.000000E-2	-1.700000E-13	1.700000E-13	-4.329004E-15	4.329004E-15
9.000000E-2	-7.100000E-13	7.100000E-13	-1.807996E-14	1.807996E-14
1.000000E-1	-1.390000E-12	1.390000E-12	-3.539598E-14	3.539598E-14
1.100000E-1	-3.470000E-12	3.470000E-12	-8.836262E-14	8.836262E-14
1.200000E-1	-4.640000E-12	4.640000E-12	-1.181564E-13	1.181564E-13
1.300000E-1	1.300000E-13	1.300000E-13	3.310415E-15	3.310415E-15
1.400000E-1	9.500000E-13	9.500000E-13	2.419149E-14	2.419149E-14
1.500000E-1	2.530000E-12	2.530000E-12	6.442577E-14	6.442577E-14
1.600000E-1	1.730000E-12	1.730000E-12	4.405398E-14	4.405398E-14
1.700000E-1	2.550000E-12	2.550000E-12	6.493506E-14	6.493506E-14
1.800000E-1	3.110000E-12	3.110000E-12	7.919531E-14	7.919531E-14
1.900000E-1	4.710000E-12	4.710000E-12	1.199389E-13	1.199389E-13
2.000000E-1	5.990000E-12	5.990000E-12	1.525337E-13	1.525337E-13
2.100000E-1	3.440000E-12	3.440000E-12	8.759867E-14	8.759867E-14
2.200000E-1	3.800000E-12	3.800000E-12	9.676598E-14	9.676598E-14
2.300000E-1	6.000000E-13	6.000000E-13	1.527884E-14	1.527884E-14
2.400000E-1	3.220000E-12	3.220000E-12	8.199643E-14	8.199643E-14
2.500000E-1	3.810000E-12	3.810000E-12	9.702063E-14	9.702063E-14
2.600000E-1	3.560000E-12	3.560000E-12	9.065444E-14	9.065444E-14
2.700000E-1	4.080000E-12	4.080000E-12	1.038961E-13	1.038961E-13
2.800000E-1	3.570000E-12	3.570000E-12	9.090909E-14	9.090909E-14
2.900000E-1	9.300000E-13	9.300000E-13	2.368220E-14	2.368220E-14
3.000000E-1	3.670000E-12	3.670000E-12	9.345556E-14	9.345556E-14
3.100000E-1	3.280000E-12	3.280000E-12	8.352432E-14	8.352432E-14
3.200000E-1	5.600000E-12	5.600000E-12	1.426025E-13	1.426025E-13
3.300000E-1	4.420000E-12	4.420000E-12	1.125541E-13	1.125541E-13
3.400000E-1	2.990000E-12	2.990000E-12	7.613955E-14	7.613955E-14
3.500000E-1	3.710000E-12	3.710000E-12	9.447415E-14	9.447415E-14
3.600000E-1	4.770000E-12	4.770000E-12	1.214668E-13	1.214668E-13
3.700000E-1	3.930000E-12	3.930000E-12	1.000764E-13	1.000764E-13
3.800000E-1	5.270000E-12	5.270000E-12	1.341991E-13	1.341991E-13
3.900000E-1	8.900000E-12	8.900000E-12	2.266361E-13	2.266361E-13
4.000000E-1	1.165000E-11	1.165000E-11	2.966641E-13	2.966641E-13
4.100000E-1	7.910000E-12	7.910000E-12	2.014260E-13	2.014260E-13
4.200000E-1	6.750000E-12	6.750000E-12	1.718869E-13	1.718869E-13
4.300000E-1	-4.960000E-12	4.960000E-12	-1.263051E-13	1.263051E-13
4.400000E-1	6.660000E-12	6.660000E-12	1.695951E-13	1.695951E-13
4.500000E-1	8.150000E-12	8.150000E-12	2.075376E-13	2.075376E-13
4.600000E-1	8.140000E-12	8.140000E-12	2.072829E-13	2.072829E-13
4.700000E-1	9.340000E-12	9.340000E-12	2.378406E-13	2.378406E-13
4.800000E-1	1.070000E-11	1.070000E-11	2.724726E-13	2.724726E-13
4.900000E-1	9.830000E-12	9.830000E-12	2.503183E-13	2.503183E-13
5.000000E-1	9.590000E-12	9.590000E-12	2.442068E-13	2.442068E-13
