

11:52:29	17/03/21


Ell Cont: 5,0x10,0

SMU1	V name:		V1
	I name:		I1
	Mode:		V
	Function:	VAR1
SMU2	V name:		V2
	I name:		I2
	Mode:		common
	Function:	const.
SMU3	off
SMU4	off
VMUs	off

Primary Source (VAR1):	single
	Sweep Spacing:	linear
	Start:		-0.500000
	Stop:		0.500000
	Step:		0.010000
	Compliance:	0.050000
Power Compliance OFF

Timing:		Integration Time:	medium
	Delay Time (sec):	0.000000
	Hold Time (sec):	0.000000
	Wait Time (sec):	1.000000

Secondary Source (VAR2):	OFF


   V1	   I1	Abs(I)	J (A\µm²)	Abs(J)
-5.000000E-1	-9.934740E-6	9.934740E-6	-2.529855E-7	2.529855E-7
-4.900000E-1	-9.686830E-6	9.686830E-6	-2.466725E-7	2.466725E-7
-4.800000E-1	-9.438030E-6	9.438030E-6	-2.403369E-7	2.403369E-7
-4.700000E-1	-9.197430E-6	9.197430E-6	-2.342101E-7	2.342101E-7
-4.600000E-1	-8.956090E-6	8.956090E-6	-2.280644E-7	2.280644E-7
-4.500000E-1	-8.718720E-6	8.718720E-6	-2.220199E-7	2.220199E-7
-4.400000E-1	-8.480870E-6	8.480870E-6	-2.159631E-7	2.159631E-7
-4.300000E-1	-8.243490E-6	8.243490E-6	-2.099183E-7	2.099183E-7
-4.200000E-1	-8.014730E-6	8.014730E-6	-2.040929E-7	2.040929E-7
-4.100000E-1	-7.782700E-6	7.782700E-6	-1.981844E-7	1.981844E-7
-4.000000E-1	-7.555200E-6	7.555200E-6	-1.923911E-7	1.923911E-7
-3.900000E-1	-7.329560E-6	7.329560E-6	-1.866453E-7	1.866453E-7
-3.800000E-1	-7.104480E-6	7.104480E-6	-1.809137E-7	1.809137E-7
-3.700000E-1	-6.880300E-6	6.880300E-6	-1.752050E-7	1.752050E-7
-3.600000E-1	-6.663530E-6	6.663530E-6	-1.696850E-7	1.696850E-7
-3.500000E-1	-6.445610E-6	6.445610E-6	-1.641357E-7	1.641357E-7
-3.400000E-1	-6.231720E-6	6.231720E-6	-1.586891E-7	1.586891E-7
-3.300000E-1	-6.015620E-6	6.015620E-6	-1.531861E-7	1.531861E-7
-3.200000E-1	-5.803010E-6	5.803010E-6	-1.477721E-7	1.477721E-7
-3.100000E-1	-5.592260E-6	5.592260E-6	-1.424054E-7	1.424054E-7
-3.000000E-1	-5.383220E-6	5.383220E-6	-1.370822E-7	1.370822E-7
-2.900000E-1	-5.177600E-6	5.177600E-6	-1.318462E-7	1.318462E-7
-2.800000E-1	-4.972280E-6	4.972280E-6	-1.266178E-7	1.266178E-7
-2.700000E-1	-4.769900E-6	4.769900E-6	-1.214642E-7	1.214642E-7
-2.600000E-1	-4.568180E-6	4.568180E-6	-1.163275E-7	1.163275E-7
-2.500000E-1	-4.370530E-6	4.370530E-6	-1.112944E-7	1.112944E-7
-2.400000E-1	-4.172700E-6	4.172700E-6	-1.062567E-7	1.062567E-7
-2.300000E-1	-3.977830E-6	3.977830E-6	-1.012944E-7	1.012944E-7
-2.200000E-1	-3.782980E-6	3.782980E-6	-9.633257E-8	9.633257E-8
-2.100000E-1	-3.592800E-6	3.592800E-6	-9.148969E-8	9.148969E-8
-2.000000E-1	-3.403020E-6	3.403020E-6	-8.665699E-8	8.665699E-8
-1.900000E-1	-3.217670E-6	3.217670E-6	-8.193710E-8	8.193710E-8
-1.800000E-1	-3.031350E-6	3.031350E-6	-7.719251E-8	7.719251E-8
-1.700000E-1	-2.847820E-6	2.847820E-6	-7.251897E-8	7.251897E-8
-1.600000E-1	-2.665790E-6	2.665790E-6	-6.788363E-8	6.788363E-8
-1.500000E-1	-2.486120E-6	2.486120E-6	-6.330838E-8	6.330838E-8
-1.400000E-1	-2.309840E-6	2.309840E-6	-5.881945E-8	5.881945E-8
-1.300000E-1	-2.134440E-6	2.134440E-6	-5.435294E-8	5.435294E-8
-1.200000E-1	-1.961720E-6	1.961720E-6	-4.995467E-8	4.995467E-8
-1.100000E-1	-1.789960E-6	1.789960E-6	-4.558085E-8	4.558085E-8
-1.000000E-1	-1.620690E-6	1.620690E-6	-4.127043E-8	4.127043E-8
-9.000000E-2	-1.452350E-6	1.452350E-6	-3.698370E-8	3.698370E-8
-8.000000E-2	-1.286840E-6	1.286840E-6	-3.276903E-8	3.276903E-8
-7.000000E-2	-1.121690E-6	1.121690E-6	-2.856353E-8	2.856353E-8
-6.000000E-2	-9.598000E-7	9.598000E-7	-2.444105E-8	2.444105E-8
-5.000000E-2	-7.969890E-7	7.969890E-7	-2.029511E-8	2.029511E-8
-4.000000E-2	-6.368470E-7	6.368470E-7	-1.621714E-8	1.621714E-8
-3.000000E-2	-4.764640E-7	4.764640E-7	-1.213303E-8	1.213303E-8
-2.000000E-2	-3.165830E-7	3.165830E-7	-8.061701E-9	8.061701E-9
-1.000000E-2	-1.584920E-7	1.584920E-7	-4.035956E-9	4.035956E-9
0.000000E+0	-5.265600E-10	5.265600E-10	-1.340871E-11	1.340871E-11
1.000000E-2	1.575100E-7	1.575100E-7	4.010950E-9	4.010950E-9
2.000000E-2	3.179300E-7	3.179300E-7	8.096002E-9	8.096002E-9
3.000000E-2	4.773060E-7	4.773060E-7	1.215447E-8	1.215447E-8
4.000000E-2	6.384870E-7	6.384870E-7	1.625890E-8	1.625890E-8
5.000000E-2	8.006690E-7	8.006690E-7	2.038882E-8	2.038882E-8
6.000000E-2	9.628860E-7	9.628860E-7	2.451963E-8	2.451963E-8
7.000000E-2	1.127504E-6	1.127504E-6	2.871159E-8	2.871159E-8
8.000000E-2	1.291710E-6	1.291710E-6	3.289305E-8	3.289305E-8
9.000000E-2	1.460440E-6	1.460440E-6	3.718971E-8	3.718971E-8
1.000000E-1	1.629430E-6	1.629430E-6	4.149300E-8	4.149300E-8
1.100000E-1	1.801680E-6	1.801680E-6	4.587930E-8	4.587930E-8
1.200000E-1	1.974660E-6	1.974660E-6	5.028419E-8	5.028419E-8
1.300000E-1	2.151060E-6	2.151060E-6	5.477616E-8	5.477616E-8
1.400000E-1	2.327500E-6	2.327500E-6	5.926916E-8	5.926916E-8
1.500000E-1	2.508860E-6	2.508860E-6	6.388745E-8	6.388745E-8
1.600000E-1	2.690870E-6	2.690870E-6	6.852228E-8	6.852228E-8
1.700000E-1	2.874650E-6	2.874650E-6	7.320219E-8	7.320219E-8
1.800000E-1	3.062230E-6	3.062230E-6	7.797886E-8	7.797886E-8
1.900000E-1	3.251150E-6	3.251150E-6	8.278966E-8	8.278966E-8
2.000000E-1	3.441550E-6	3.441550E-6	8.763815E-8	8.763815E-8
2.100000E-1	3.632850E-6	3.632850E-6	9.250955E-8	9.250955E-8
2.200000E-1	3.829940E-6	3.829940E-6	9.752839E-8	9.752839E-8
2.300000E-1	4.025320E-6	4.025320E-6	1.025037E-7	1.025037E-7
2.400000E-1	4.224350E-6	4.224350E-6	1.075719E-7	1.075719E-7
2.500000E-1	4.423500E-6	4.423500E-6	1.126432E-7	1.126432E-7
2.600000E-1	4.628340E-6	4.628340E-6	1.178594E-7	1.178594E-7
2.700000E-1	4.833700E-6	4.833700E-6	1.230889E-7	1.230889E-7
2.800000E-1	5.043650E-6	5.043650E-6	1.284352E-7	1.284352E-7
2.900000E-1	5.254100E-6	5.254100E-6	1.337942E-7	1.337942E-7
3.000000E-1	5.463040E-6	5.463040E-6	1.391148E-7	1.391148E-7
3.100000E-1	5.678310E-6	5.678310E-6	1.445966E-7	1.445966E-7
3.200000E-1	5.894110E-6	5.894110E-6	1.500919E-7	1.500919E-7
3.300000E-1	6.112800E-6	6.112800E-6	1.556608E-7	1.556608E-7
3.400000E-1	6.332490E-6	6.332490E-6	1.612552E-7	1.612552E-7
3.500000E-1	6.557530E-6	6.557530E-6	1.669857E-7	1.669857E-7
3.600000E-1	6.782070E-6	6.782070E-6	1.727036E-7	1.727036E-7
3.700000E-1	7.008900E-6	7.008900E-6	1.784798E-7	1.784798E-7
3.800000E-1	7.239720E-6	7.239720E-6	1.843575E-7	1.843575E-7
3.900000E-1	7.468660E-6	7.468660E-6	1.901874E-7	1.901874E-7
4.000000E-1	7.700120E-6	7.700120E-6	1.960815E-7	1.960815E-7
4.100000E-1	7.933240E-6	7.933240E-6	2.020178E-7	2.020178E-7
4.200000E-1	8.173220E-6	8.173220E-6	2.081288E-7	2.081288E-7
4.300000E-1	8.408520E-6	8.408520E-6	2.141207E-7	2.141207E-7
4.400000E-1	8.649890E-6	8.649890E-6	2.202671E-7	2.202671E-7
4.500000E-1	8.896200E-6	8.896200E-6	2.265393E-7	2.265393E-7
4.600000E-1	9.141990E-6	9.141990E-6	2.327983E-7	2.327983E-7
4.700000E-1	9.384980E-6	9.384980E-6	2.389860E-7	2.389860E-7
4.800000E-1	9.636680E-6	9.636680E-6	2.453955E-7	2.453955E-7
4.900000E-1	9.884030E-6	9.884030E-6	2.516942E-7	2.516942E-7
5.000000E-1	1.014355E-5	1.014355E-5	2.583028E-7	2.583028E-7
