

13:26:51	26/03/21


Ell Cont: 5,0x10,0

SMU1	V name:		V1
	I name:		I1
	Mode:		V
	Function:	VAR1
SMU2	V name:		V2
	I name:		I2
	Mode:		common
	Function:	const.
SMU3	off
SMU4	off
VMUs	off

Primary Source (VAR1):	single
	Sweep Spacing:	linear
	Start:		-0.500000
	Stop:		0.500000
	Step:		0.010000
	Compliance:	0.050000
Power Compliance OFF

Timing:		Integration Time:	medium
	Delay Time (sec):	0.000000
	Hold Time (sec):	0.000000
	Wait Time (sec):	1.000000

Secondary Source (VAR2):	OFF


   V1	   I1	Abs(I)	J (A\µm²)	Abs(J)
-5.000000E-1	-2.318650E-8	2.318650E-8	-5.904380E-10	5.904380E-10
-4.900000E-1	-2.069320E-8	2.069320E-8	-5.269468E-10	5.269468E-10
-4.800000E-1	-1.946200E-8	1.946200E-8	-4.955946E-10	4.955946E-10
-4.700000E-1	-1.802340E-8	1.802340E-8	-4.589610E-10	4.589610E-10
-4.600000E-1	-1.746080E-8	1.746080E-8	-4.446346E-10	4.446346E-10
-4.500000E-1	-1.668610E-8	1.668610E-8	-4.249070E-10	4.249070E-10
-4.400000E-1	-1.565400E-8	1.565400E-8	-3.986249E-10	3.986249E-10
-4.300000E-1	-1.490860E-8	1.490860E-8	-3.796435E-10	3.796435E-10
-4.200000E-1	-1.436560E-8	1.436560E-8	-3.658161E-10	3.658161E-10
-4.100000E-1	-1.361220E-8	1.361220E-8	-3.466310E-10	3.466310E-10
-4.000000E-1	-1.323640E-8	1.323640E-8	-3.370614E-10	3.370614E-10
-3.900000E-1	-1.252930E-8	1.252930E-8	-3.190553E-10	3.190553E-10
-3.800000E-1	-1.219000E-8	1.219000E-8	-3.104151E-10	3.104151E-10
-3.700000E-1	-1.176580E-8	1.176580E-8	-2.996129E-10	2.996129E-10
-3.600000E-1	-1.110390E-8	1.110390E-8	-2.827578E-10	2.827578E-10
-3.500000E-1	-1.063430E-8	1.063430E-8	-2.707996E-10	2.707996E-10
-3.400000E-1	-9.947400E-9	9.947400E-9	-2.533079E-10	2.533079E-10
-3.300000E-1	-9.354600E-9	9.354600E-9	-2.382124E-10	2.382124E-10
-3.200000E-1	-8.978600E-9	8.978600E-9	-2.286376E-10	2.286376E-10
-3.100000E-1	-8.599600E-9	8.599600E-9	-2.189865E-10	2.189865E-10
-3.000000E-1	-7.990450E-9	7.990450E-9	-2.034747E-10	2.034747E-10
-2.900000E-1	-7.605990E-9	7.605990E-9	-1.936845E-10	1.936845E-10
-2.800000E-1	-7.125900E-9	7.125900E-9	-1.814591E-10	1.814591E-10
-2.700000E-1	-6.614040E-9	6.614040E-9	-1.684247E-10	1.684247E-10
-2.600000E-1	-5.970650E-9	5.970650E-9	-1.520410E-10	1.520410E-10
-2.500000E-1	-5.577790E-9	5.577790E-9	-1.420369E-10	1.420369E-10
-2.400000E-1	-5.138480E-9	5.138480E-9	-1.308500E-10	1.308500E-10
-2.300000E-1	-4.712220E-9	4.712220E-9	-1.199954E-10	1.199954E-10
-2.200000E-1	-4.485240E-9	4.485240E-9	-1.142154E-10	1.142154E-10
-2.100000E-1	-4.130400E-9	4.130400E-9	-1.051795E-10	1.051795E-10
-2.000000E-1	-3.859210E-9	3.859210E-9	-9.827374E-11	9.827374E-11
-1.900000E-1	-3.463940E-9	3.463940E-9	-8.820830E-11	8.820830E-11
-1.800000E-1	-3.163220E-9	3.163220E-9	-8.055055E-11	8.055055E-11
-1.700000E-1	-2.879190E-9	2.879190E-9	-7.331780E-11	7.331780E-11
-1.600000E-1	-2.559290E-9	2.559290E-9	-6.517163E-11	6.517163E-11
-1.500000E-1	-2.268330E-9	2.268330E-9	-5.776241E-11	5.776241E-11
-1.400000E-1	-1.985230E-9	1.985230E-9	-5.055335E-11	5.055335E-11
-1.300000E-1	-1.754650E-9	1.754650E-9	-4.468169E-11	4.468169E-11
-1.200000E-1	-1.546480E-9	1.546480E-9	-3.938070E-11	3.938070E-11
-1.100000E-1	-1.277560E-9	1.277560E-9	-3.253272E-11	3.253272E-11
-1.000000E-1	-1.106080E-9	1.106080E-9	-2.816603E-11	2.816603E-11
-9.000000E-2	-9.369800E-10	9.369800E-10	-2.385994E-11	2.385994E-11
-8.000000E-2	-7.254600E-10	7.254600E-10	-1.847364E-11	1.847364E-11
-7.000000E-2	-5.668700E-10	5.668700E-10	-1.443519E-11	1.443519E-11
-6.000000E-2	-3.834300E-10	3.834300E-10	-9.763942E-12	9.763942E-12
-5.000000E-2	-1.750400E-10	1.750400E-10	-4.457347E-12	4.457347E-12
-4.000000E-2	6.100000E-13	6.100000E-13	1.553349E-14	1.553349E-14
-3.000000E-2	2.171400E-10	2.171400E-10	5.529412E-12	5.529412E-12
-2.000000E-2	3.711600E-10	3.711600E-10	9.451490E-12	9.451490E-12
-1.000000E-2	5.539200E-10	5.539200E-10	1.410542E-11	1.410542E-11
0.000000E+0	7.322400E-10	7.322400E-10	1.864629E-11	1.864629E-11
1.000000E-2	9.086500E-10	9.086500E-10	2.313853E-11	2.313853E-11
2.000000E-2	1.137950E-9	1.137950E-9	2.897759E-11	2.897759E-11
3.000000E-2	1.326490E-9	1.326490E-9	3.377871E-11	3.377871E-11
4.000000E-2	1.581520E-9	1.581520E-9	4.027298E-11	4.027298E-11
5.000000E-2	1.808820E-9	1.808820E-9	4.606111E-11	4.606111E-11
6.000000E-2	2.004560E-9	2.004560E-9	5.104558E-11	5.104558E-11
7.000000E-2	2.230590E-9	2.230590E-9	5.680137E-11	5.680137E-11
8.000000E-2	2.524810E-9	2.524810E-9	6.429361E-11	6.429361E-11
9.000000E-2	2.786320E-9	2.786320E-9	7.095289E-11	7.095289E-11
1.000000E-1	3.112730E-9	3.112730E-9	7.926483E-11	7.926483E-11
1.100000E-1	3.410270E-9	3.410270E-9	8.684161E-11	8.684161E-11
1.200000E-1	3.887040E-9	3.887040E-9	9.898243E-11	9.898243E-11
1.300000E-1	4.239960E-9	4.239960E-9	1.079694E-10	1.079694E-10
1.400000E-1	4.643180E-9	4.643180E-9	1.182373E-10	1.182373E-10
1.500000E-1	5.132360E-9	5.132360E-9	1.306942E-10	1.306942E-10
1.600000E-1	5.581260E-9	5.581260E-9	1.421253E-10	1.421253E-10
1.700000E-1	6.132060E-9	6.132060E-9	1.561513E-10	1.561513E-10
1.800000E-1	6.642510E-9	6.642510E-9	1.691497E-10	1.691497E-10
1.900000E-1	7.056420E-9	7.056420E-9	1.796898E-10	1.796898E-10
2.000000E-1	7.710180E-9	7.710180E-9	1.963377E-10	1.963377E-10
2.100000E-1	8.446410E-9	8.446410E-9	2.150856E-10	2.150856E-10
2.200000E-1	9.162190E-9	9.162190E-9	2.333127E-10	2.333127E-10
2.300000E-1	9.886800E-9	9.886800E-9	2.517647E-10	2.517647E-10
2.400000E-1	1.073490E-8	1.073490E-8	2.733613E-10	2.733613E-10
2.500000E-1	1.162370E-8	1.162370E-8	2.959944E-10	2.959944E-10
2.600000E-1	1.258760E-8	1.258760E-8	3.205398E-10	3.205398E-10
2.700000E-1	1.359530E-8	1.359530E-8	3.462007E-10	3.462007E-10
2.800000E-1	1.457880E-8	1.457880E-8	3.712452E-10	3.712452E-10
2.900000E-1	1.555240E-8	1.555240E-8	3.960377E-10	3.960377E-10
3.000000E-1	1.710720E-8	1.710720E-8	4.356302E-10	4.356302E-10
3.100000E-1	1.830410E-8	1.830410E-8	4.661090E-10	4.661090E-10
3.200000E-1	1.953160E-8	1.953160E-8	4.973669E-10	4.973669E-10
3.300000E-1	2.076770E-8	2.076770E-8	5.288439E-10	5.288439E-10
3.400000E-1	2.205080E-8	2.205080E-8	5.615177E-10	5.615177E-10
3.500000E-1	2.371720E-8	2.371720E-8	6.039521E-10	6.039521E-10
3.600000E-1	2.555060E-8	2.555060E-8	6.506392E-10	6.506392E-10
3.700000E-1	2.739530E-8	2.739530E-8	6.976139E-10	6.976139E-10
3.800000E-1	2.966650E-8	2.966650E-8	7.554494E-10	7.554494E-10
3.900000E-1	3.163120E-8	3.163120E-8	8.054800E-10	8.054800E-10
4.000000E-1	3.406250E-8	3.406250E-8	8.673924E-10	8.673924E-10
4.100000E-1	3.618300E-8	3.618300E-8	9.213904E-10	9.213904E-10
4.200000E-1	3.821080E-8	3.821080E-8	9.730277E-10	9.730277E-10
4.300000E-1	4.084570E-8	4.084570E-8	1.040125E-9	1.040125E-9
4.400000E-1	4.332390E-8	4.332390E-8	1.103231E-9	1.103231E-9
4.500000E-1	4.592730E-8	4.592730E-8	1.169526E-9	1.169526E-9
4.600000E-1	4.876030E-8	4.876030E-8	1.241668E-9	1.241668E-9
4.700000E-1	5.151410E-8	5.151410E-8	1.311793E-9	1.311793E-9
4.800000E-1	5.450370E-8	5.450370E-8	1.387922E-9	1.387922E-9
4.900000E-1	5.787470E-8	5.787470E-8	1.473764E-9	1.473764E-9
5.000000E-1	6.147880E-8	6.147880E-8	1.565541E-9	1.565541E-9
