

13:26:00	26/03/21


Ell Cont: 5,0x10,0

SMU1	V name:		V1
	I name:		I1
	Mode:		V
	Function:	VAR1
SMU2	V name:		V2
	I name:		I2
	Mode:		common
	Function:	const.
SMU3	off
SMU4	off
VMUs	off

Primary Source (VAR1):	single
	Sweep Spacing:	linear
	Start:		-0.500000
	Stop:		0.500000
	Step:		0.010000
	Compliance:	0.050000
Power Compliance OFF

Timing:		Integration Time:	medium
	Delay Time (sec):	0.000000
	Hold Time (sec):	0.000000
	Wait Time (sec):	1.000000

Secondary Source (VAR2):	OFF


   V1	   I1	Abs(I)	J (A\um²)	Abs(J)
-5.000000E-1	-2.001730E-8	2.001730E-8	-5.097352E-10	5.097352E-10
-4.900000E-1	-1.755550E-8	1.755550E-8	-4.470461E-10	4.470461E-10
-4.800000E-1	-1.605180E-8	1.605180E-8	-4.087548E-10	4.087548E-10
-4.700000E-1	-1.514360E-8	1.514360E-8	-3.856277E-10	3.856277E-10
-4.600000E-1	-1.423850E-8	1.423850E-8	-3.625796E-10	3.625796E-10
-4.500000E-1	-1.347100E-8	1.347100E-8	-3.430354E-10	3.430354E-10
-4.400000E-1	-1.268640E-8	1.268640E-8	-3.230558E-10	3.230558E-10
-4.300000E-1	-1.088150E-8	1.088150E-8	-2.770945E-10	2.770945E-10
-4.200000E-1	-1.100940E-8	1.100940E-8	-2.803514E-10	2.803514E-10
-4.100000E-1	-1.050590E-8	1.050590E-8	-2.675299E-10	2.675299E-10
-4.000000E-1	-8.845290E-9	8.845290E-9	-2.252429E-10	2.252429E-10
-3.900000E-1	-8.985080E-9	8.985080E-9	-2.288026E-10	2.288026E-10
-3.800000E-1	-7.594660E-9	7.594660E-9	-1.933960E-10	1.933960E-10
-3.700000E-1	-7.847670E-9	7.847670E-9	-1.998388E-10	1.998388E-10
-3.600000E-1	-7.603040E-9	7.603040E-9	-1.936094E-10	1.936094E-10
-3.500000E-1	-6.997620E-9	6.997620E-9	-1.781925E-10	1.781925E-10
-3.400000E-1	-6.752410E-9	6.752410E-9	-1.719483E-10	1.719483E-10
-3.300000E-1	-6.351650E-9	6.351650E-9	-1.617431E-10	1.617431E-10
-3.200000E-1	-5.890760E-9	5.890760E-9	-1.500066E-10	1.500066E-10
-3.100000E-1	-5.518610E-9	5.518610E-9	-1.405299E-10	1.405299E-10
-3.000000E-1	-4.646700E-9	4.646700E-9	-1.183270E-10	1.183270E-10
-2.900000E-1	-4.709680E-9	4.709680E-9	-1.199307E-10	1.199307E-10
-2.800000E-1	-4.347500E-9	4.347500E-9	-1.107079E-10	1.107079E-10
-2.700000E-1	-4.028950E-9	4.028950E-9	-1.025961E-10	1.025961E-10
-2.600000E-1	-3.648510E-9	3.648510E-9	-9.290833E-11	9.290833E-11
-2.500000E-1	-2.758070E-9	2.758070E-9	-7.023351E-11	7.023351E-11
-2.400000E-1	-3.224840E-9	3.224840E-9	-8.211968E-11	8.211968E-11
-2.300000E-1	-2.423010E-9	2.423010E-9	-6.170130E-11	6.170130E-11
-2.200000E-1	-2.657070E-9	2.657070E-9	-6.766157E-11	6.766157E-11
-2.100000E-1	-2.095590E-9	2.095590E-9	-5.336364E-11	5.336364E-11
-2.000000E-1	-1.923720E-9	1.923720E-9	-4.898701E-11	4.898701E-11
-1.900000E-1	-1.773800E-9	1.773800E-9	-4.516934E-11	4.516934E-11
-1.800000E-1	-1.738200E-9	1.738200E-9	-4.426280E-11	4.426280E-11
-1.700000E-1	-1.266050E-9	1.266050E-9	-3.223962E-11	3.223962E-11
-1.600000E-1	-1.378120E-9	1.378120E-9	-3.509346E-11	3.509346E-11
-1.500000E-1	-1.196860E-9	1.196860E-9	-3.047772E-11	3.047772E-11
-1.400000E-1	-1.026550E-9	1.026550E-9	-2.614082E-11	2.614082E-11
-1.300000E-1	-8.809800E-10	8.809800E-10	-2.243392E-11	2.243392E-11
-1.200000E-1	-5.428400E-10	5.428400E-10	-1.382327E-11	1.382327E-11
-1.100000E-1	-4.533600E-10	4.533600E-10	-1.154469E-11	1.154469E-11
-1.000000E-1	-3.932400E-10	3.932400E-10	-1.001375E-11	1.001375E-11
-9.000000E-2	-2.590700E-10	2.590700E-10	-6.597148E-12	6.597148E-12
-8.000000E-2	-1.640900E-10	1.640900E-10	-4.178508E-12	4.178508E-12
-7.000000E-2	1.684000E-11	1.684000E-11	4.288261E-13	4.288261E-13
-6.000000E-2	9.991000E-11	9.991000E-11	2.544181E-12	2.544181E-12
-5.000000E-2	2.763700E-10	2.763700E-10	7.037688E-12	7.037688E-12
-4.000000E-2	3.715700E-10	3.715700E-10	9.461930E-12	9.461930E-12
-3.000000E-2	4.473400E-10	4.473400E-10	1.139139E-11	1.139139E-11
-2.000000E-2	5.969800E-10	5.969800E-10	1.520194E-11	1.520194E-11
-1.000000E-2	7.122400E-10	7.122400E-10	1.813700E-11	1.813700E-11
0.000000E+0	8.391800E-10	8.391800E-10	2.136949E-11	2.136949E-11
1.000000E-2	9.641700E-10	9.641700E-10	2.455233E-11	2.455233E-11
2.000000E-2	1.099630E-9	1.099630E-9	2.800178E-11	2.800178E-11
3.000000E-2	1.273050E-9	1.273050E-9	3.241788E-11	3.241788E-11
4.000000E-2	1.401640E-9	1.401640E-9	3.569239E-11	3.569239E-11
5.000000E-2	1.538240E-9	1.538240E-9	3.917087E-11	3.917087E-11
6.000000E-2	1.816780E-9	1.816780E-9	4.626381E-11	4.626381E-11
7.000000E-2	2.022130E-9	2.022130E-9	5.149300E-11	5.149300E-11
8.000000E-2	2.117710E-9	2.117710E-9	5.392692E-11	5.392692E-11
9.000000E-2	2.323440E-9	2.323440E-9	5.916577E-11	5.916577E-11
1.000000E-1	2.569720E-9	2.569720E-9	6.543723E-11	6.543723E-11
1.100000E-1	3.032020E-9	3.032020E-9	7.720957E-11	7.720957E-11
1.200000E-1	3.095750E-9	3.095750E-9	7.883244E-11	7.883244E-11
1.300000E-1	3.444580E-9	3.444580E-9	8.771530E-11	8.771530E-11
1.400000E-1	3.962450E-9	3.962450E-9	1.009027E-10	1.009027E-10
1.500000E-1	4.064070E-9	4.064070E-9	1.034904E-10	1.034904E-10
1.600000E-1	4.522300E-9	4.522300E-9	1.151592E-10	1.151592E-10
1.700000E-1	4.900700E-9	4.900700E-9	1.247950E-10	1.247950E-10
1.800000E-1	5.376240E-9	5.376240E-9	1.369045E-10	1.369045E-10
1.900000E-1	5.882710E-9	5.882710E-9	1.498016E-10	1.498016E-10
2.000000E-1	6.514100E-9	6.514100E-9	1.658798E-10	1.658798E-10
2.100000E-1	7.033310E-9	7.033310E-9	1.791013E-10	1.791013E-10
2.200000E-1	7.707400E-9	7.707400E-9	1.962669E-10	1.962669E-10
2.300000E-1	8.533250E-9	8.533250E-9	2.172969E-10	2.172969E-10
2.400000E-1	9.180560E-9	9.180560E-9	2.337805E-10	2.337805E-10
2.500000E-1	1.001530E-8	1.001530E-8	2.550369E-10	2.550369E-10
2.600000E-1	1.082510E-8	1.082510E-8	2.756583E-10	2.756583E-10
2.700000E-1	1.188690E-8	1.188690E-8	3.026967E-10	3.026967E-10
2.800000E-1	1.290350E-8	1.290350E-8	3.285842E-10	3.285842E-10
2.900000E-1	1.407410E-8	1.407410E-8	3.583932E-10	3.583932E-10
3.000000E-1	1.537550E-8	1.537550E-8	3.915330E-10	3.915330E-10
3.100000E-1	1.662310E-8	1.662310E-8	4.233028E-10	4.233028E-10
3.200000E-1	1.796940E-8	1.796940E-8	4.575859E-10	4.575859E-10
3.300000E-1	1.947690E-8	1.947690E-8	4.959740E-10	4.959740E-10
3.400000E-1	2.106500E-8	2.106500E-8	5.364146E-10	5.364146E-10
3.500000E-1	2.282260E-8	2.282260E-8	5.811714E-10	5.811714E-10
3.600000E-1	2.463090E-8	2.463090E-8	6.272192E-10	6.272192E-10
3.700000E-1	2.682080E-8	2.682080E-8	6.829845E-10	6.829845E-10
3.800000E-1	2.863520E-8	2.863520E-8	7.291877E-10	7.291877E-10
3.900000E-1	3.086550E-8	3.086550E-8	7.859817E-10	7.859817E-10
4.000000E-1	3.314090E-8	3.314090E-8	8.439241E-10	8.439241E-10
4.100000E-1	3.548890E-8	3.548890E-8	9.037153E-10	9.037153E-10
4.200000E-1	3.799550E-8	3.799550E-8	9.675452E-10	9.675452E-10
4.300000E-1	4.064930E-8	4.064930E-8	1.035123E-9	1.035123E-9
4.400000E-1	4.369200E-8	4.369200E-8	1.112605E-9	1.112605E-9
4.500000E-1	4.659130E-8	4.659130E-8	1.186435E-9	1.186435E-9
4.600000E-1	4.969650E-8	4.969650E-8	1.265508E-9	1.265508E-9
4.700000E-1	5.295720E-8	5.295720E-8	1.348541E-9	1.348541E-9
4.800000E-1	5.616700E-8	5.616700E-8	1.430278E-9	1.430278E-9
4.900000E-1	5.976380E-8	5.976380E-8	1.521869E-9	1.521869E-9
5.000000E-1	6.343550E-8	6.343550E-8	1.615368E-9	1.615368E-9
