

13:24:25	26/03/21


Ell Cont: 5,0x10,0

SMU1	V name:		V1
	I name:		I1
	Mode:		V
	Function:	VAR1
SMU2	V name:		V2
	I name:		I2
	Mode:		common
	Function:	const.
SMU3	off
SMU4	off
VMUs	off

Primary Source (VAR1):	single
	Sweep Spacing:	linear
	Start:		-0.500000
	Stop:		0.500000
	Step:		0.010000
	Compliance:	0.050000
Power Compliance OFF

Timing:		Integration Time:	medium
	Delay Time (sec):	0.000000
	Hold Time (sec):	0.000000
	Wait Time (sec):	1.000000

Secondary Source (VAR2):	OFF


   V1	   I1	Abs(I)	J (A\µm²)	Abs(J)
-5.000000E-1	-5.762710E-8	5.762710E-8	-1.467459E-9	1.467459E-9
-4.900000E-1	-5.380340E-8	5.380340E-8	-1.370089E-9	1.370089E-9
-4.800000E-1	-5.055650E-8	5.055650E-8	-1.287408E-9	1.287408E-9
-4.700000E-1	-4.713110E-8	4.713110E-8	-1.200181E-9	1.200181E-9
-4.600000E-1	-4.499800E-8	4.499800E-8	-1.145862E-9	1.145862E-9
-4.500000E-1	-4.248150E-8	4.248150E-8	-1.081780E-9	1.081780E-9
-4.400000E-1	-3.991820E-8	3.991820E-8	-1.016506E-9	1.016506E-9
-4.300000E-1	-3.758010E-8	3.758010E-8	-9.569671E-10	9.569671E-10
-4.200000E-1	-3.560830E-8	3.560830E-8	-9.067558E-10	9.067558E-10
-4.100000E-1	-3.374100E-8	3.374100E-8	-8.592055E-10	8.592055E-10
-4.000000E-1	-3.165080E-8	3.165080E-8	-8.059791E-10	8.059791E-10
-3.900000E-1	-2.993520E-8	2.993520E-8	-7.622918E-10	7.622918E-10
-3.800000E-1	-2.827060E-8	2.827060E-8	-7.199032E-10	7.199032E-10
-3.700000E-1	-2.631280E-8	2.631280E-8	-6.700484E-10	6.700484E-10
-3.600000E-1	-2.488350E-8	2.488350E-8	-6.336516E-10	6.336516E-10
-3.500000E-1	-2.345040E-8	2.345040E-8	-5.971581E-10	5.971581E-10
-3.400000E-1	-2.241480E-8	2.241480E-8	-5.707869E-10	5.707869E-10
-3.300000E-1	-2.080870E-8	2.080870E-8	-5.298879E-10	5.298879E-10
-3.200000E-1	-1.940240E-8	1.940240E-8	-4.940769E-10	4.940769E-10
-3.100000E-1	-1.804170E-8	1.804170E-8	-4.594270E-10	4.594270E-10
-3.000000E-1	-1.697380E-8	1.697380E-8	-4.322333E-10	4.322333E-10
-2.900000E-1	-1.560800E-8	1.560800E-8	-3.974535E-10	3.974535E-10
-2.800000E-1	-1.460760E-8	1.460760E-8	-3.719786E-10	3.719786E-10
-2.700000E-1	-1.359450E-8	1.359450E-8	-3.461803E-10	3.461803E-10
-2.600000E-1	-1.290830E-8	1.290830E-8	-3.287064E-10	3.287064E-10
-2.500000E-1	-1.216710E-8	1.216710E-8	-3.098319E-10	3.098319E-10
-2.400000E-1	-1.100460E-8	1.100460E-8	-2.802292E-10	2.802292E-10
-2.300000E-1	-1.040150E-8	1.040150E-8	-2.648714E-10	2.648714E-10
-2.200000E-1	-9.635600E-9	9.635600E-9	-2.453680E-10	2.453680E-10
-2.100000E-1	-8.871500E-9	8.871500E-9	-2.259104E-10	2.259104E-10
-2.000000E-1	-8.177480E-9	8.177480E-9	-2.082373E-10	2.082373E-10
-1.900000E-1	-7.542180E-9	7.542180E-9	-1.920596E-10	1.920596E-10
-1.800000E-1	-6.855100E-9	6.855100E-9	-1.745633E-10	1.745633E-10
-1.700000E-1	-6.291280E-9	6.291280E-9	-1.602058E-10	1.602058E-10
-1.600000E-1	-5.584450E-9	5.584450E-9	-1.422065E-10	1.422065E-10
-1.500000E-1	-5.062520E-9	5.062520E-9	-1.289157E-10	1.289157E-10
-1.400000E-1	-4.592440E-9	4.592440E-9	-1.169452E-10	1.169452E-10
-1.300000E-1	-4.105230E-9	4.105230E-9	-1.045386E-10	1.045386E-10
-1.200000E-1	-3.600210E-9	3.600210E-9	-9.167838E-11	9.167838E-11
-1.100000E-1	-3.130610E-9	3.130610E-9	-7.972014E-11	7.972014E-11
-1.000000E-1	-2.672290E-9	2.672290E-9	-6.804915E-11	6.804915E-11
-9.000000E-2	-2.277540E-9	2.277540E-9	-5.799694E-11	5.799694E-11
-8.000000E-2	-1.880510E-9	1.880510E-9	-4.788668E-11	4.788668E-11
-7.000000E-2	-1.550650E-9	1.550650E-9	-3.948689E-11	3.948689E-11
-6.000000E-2	-1.199790E-9	1.199790E-9	-3.055233E-11	3.055233E-11
-5.000000E-2	-8.728600E-10	8.728600E-10	-2.222715E-11	2.222715E-11
-4.000000E-2	-5.874700E-10	5.874700E-10	-1.495977E-11	1.495977E-11
-3.000000E-2	-2.678900E-10	2.678900E-10	-6.821747E-12	6.821747E-12
-2.000000E-2	-7.690000E-12	7.690000E-12	-1.958238E-13	1.958238E-13
-1.000000E-2	3.076100E-10	3.076100E-10	7.833206E-12	7.833206E-12
0.000000E+0	5.920800E-10	5.920800E-10	1.507716E-11	1.507716E-11
1.000000E-2	8.893400E-10	8.893400E-10	2.264680E-11	2.264680E-11
2.000000E-2	1.210440E-9	1.210440E-9	3.082353E-11	3.082353E-11
3.000000E-2	1.531510E-9	1.531510E-9	3.899949E-11	3.899949E-11
4.000000E-2	1.870160E-9	1.870160E-9	4.762312E-11	4.762312E-11
5.000000E-2	2.191180E-9	2.191180E-9	5.579781E-11	5.579781E-11
6.000000E-2	2.570130E-9	2.570130E-9	6.544767E-11	6.544767E-11
7.000000E-2	2.970730E-9	2.970730E-9	7.564884E-11	7.564884E-11
8.000000E-2	3.310900E-9	3.310900E-9	8.431118E-11	8.431118E-11
9.000000E-2	3.754510E-9	3.754510E-9	9.560759E-11	9.560759E-11
1.000000E-1	4.267070E-9	4.267070E-9	1.086598E-10	1.086598E-10
1.100000E-1	4.816570E-9	4.816570E-9	1.226527E-10	1.226527E-10
1.200000E-1	5.292380E-9	5.292380E-9	1.347690E-10	1.347690E-10
1.300000E-1	5.769070E-9	5.769070E-9	1.469078E-10	1.469078E-10
1.400000E-1	6.420980E-9	6.420980E-9	1.635085E-10	1.635085E-10
1.500000E-1	7.155930E-9	7.155930E-9	1.822238E-10	1.822238E-10
1.600000E-1	7.865720E-9	7.865720E-9	2.002984E-10	2.002984E-10
1.700000E-1	8.418710E-9	8.418710E-9	2.143802E-10	2.143802E-10
1.800000E-1	9.392800E-9	9.392800E-9	2.391851E-10	2.391851E-10
1.900000E-1	1.024820E-8	1.024820E-8	2.609677E-10	2.609677E-10
2.000000E-1	1.120580E-8	1.120580E-8	2.853527E-10	2.853527E-10
2.100000E-1	1.228330E-8	1.228330E-8	3.127909E-10	3.127909E-10
2.200000E-1	1.332400E-8	1.332400E-8	3.392921E-10	3.392921E-10
2.300000E-1	1.562300E-8	1.562300E-8	3.978355E-10	3.978355E-10
2.400000E-1	1.570440E-8	1.570440E-8	3.999083E-10	3.999083E-10
2.500000E-1	1.704220E-8	1.704220E-8	4.339750E-10	4.339750E-10
2.600000E-1	1.926040E-8	1.926040E-8	4.904609E-10	4.904609E-10
2.700000E-1	2.105640E-8	2.105640E-8	5.361956E-10	5.361956E-10
2.800000E-1	2.256740E-8	2.256740E-8	5.746728E-10	5.746728E-10
2.900000E-1	2.470250E-8	2.470250E-8	6.290425E-10	6.290425E-10
3.000000E-1	2.633080E-8	2.633080E-8	6.705067E-10	6.705067E-10
3.100000E-1	2.633720E-8	2.633720E-8	6.706697E-10	6.706697E-10
3.200000E-1	3.044850E-8	3.044850E-8	7.753629E-10	7.753629E-10
3.300000E-1	3.297450E-8	3.297450E-8	8.396868E-10	8.396868E-10
3.400000E-1	3.457360E-8	3.457360E-8	8.804074E-10	8.804074E-10
3.500000E-1	3.654080E-8	3.654080E-8	9.305016E-10	9.305016E-10
3.600000E-1	3.959080E-8	3.959080E-8	1.008169E-9	1.008169E-9
3.700000E-1	4.204110E-8	4.204110E-8	1.070565E-9	1.070565E-9
3.800000E-1	4.483760E-8	4.483760E-8	1.141777E-9	1.141777E-9
3.900000E-1	4.875420E-8	4.875420E-8	1.241513E-9	1.241513E-9
4.000000E-1	5.170120E-8	5.170120E-8	1.316557E-9	1.316557E-9
4.100000E-1	5.469040E-8	5.469040E-8	1.392676E-9	1.392676E-9
4.200000E-1	5.751070E-8	5.751070E-8	1.464495E-9	1.464495E-9
4.300000E-1	6.103840E-8	6.103840E-8	1.554326E-9	1.554326E-9
4.400000E-1	6.451230E-8	6.451230E-8	1.642788E-9	1.642788E-9
4.500000E-1	6.985240E-8	6.985240E-8	1.778773E-9	1.778773E-9
4.600000E-1	7.423020E-8	7.423020E-8	1.890252E-9	1.890252E-9
4.700000E-1	7.642100E-8	7.642100E-8	1.946040E-9	1.946040E-9
4.800000E-1	8.337610E-8	8.337610E-8	2.123150E-9	2.123150E-9
4.900000E-1	8.485710E-8	8.485710E-8	2.160863E-9	2.160863E-9
5.000000E-1	9.223360E-8	9.223360E-8	2.348704E-9	2.348704E-9
