

13:21:13	26/03/21


Ell Cont: 5,0x10,0

SMU1	V name:		V1
	I name:		I1
	Mode:		V
	Function:	VAR1
SMU2	V name:		V2
	I name:		I2
	Mode:		common
	Function:	const.
SMU3	off
SMU4	off
VMUs	off

Primary Source (VAR1):	single
	Sweep Spacing:	linear
	Start:		-0.500000
	Stop:		0.500000
	Step:		0.010000
	Compliance:	0.050000
Power Compliance OFF

Timing:		Integration Time:	medium
	Delay Time (sec):	0.000000
	Hold Time (sec):	0.000000
	Wait Time (sec):	1.000000

Secondary Source (VAR2):	OFF


   V1	   I1	Abs(I)	J (A\um²)	Abs(J)
-5.000000E-1	-4.676820E-8	4.676820E-8	-1.190940E-9	1.190940E-9
-4.900000E-1	-4.377120E-8	4.377120E-8	-1.114622E-9	1.114622E-9
-4.800000E-1	-4.158180E-8	4.158180E-8	-1.058869E-9	1.058869E-9
-4.700000E-1	-4.011000E-8	4.011000E-8	-1.021390E-9	1.021390E-9
-4.600000E-1	-3.850960E-8	3.850960E-8	-9.806366E-10	9.806366E-10
-4.500000E-1	-3.731330E-8	3.731330E-8	-9.501731E-10	9.501731E-10
-4.400000E-1	-3.558540E-8	3.558540E-8	-9.061726E-10	9.061726E-10
-4.300000E-1	-3.406820E-8	3.406820E-8	-8.675376E-10	8.675376E-10
-4.200000E-1	-3.274090E-8	3.274090E-8	-8.337382E-10	8.337382E-10
-4.100000E-1	-3.154300E-8	3.154300E-8	-8.032340E-10	8.032340E-10
-4.000000E-1	-3.039680E-8	3.039680E-8	-7.740463E-10	7.740463E-10
-3.900000E-1	-2.957190E-8	2.957190E-8	-7.530405E-10	7.530405E-10
-3.800000E-1	-2.849780E-8	2.849780E-8	-7.256888E-10	7.256888E-10
-3.700000E-1	-2.731990E-8	2.731990E-8	-6.956939E-10	6.956939E-10
-3.600000E-1	-2.618500E-8	2.618500E-8	-6.667940E-10	6.667940E-10
-3.500000E-1	-2.512470E-8	2.512470E-8	-6.397937E-10	6.397937E-10
-3.400000E-1	-2.412570E-8	2.412570E-8	-6.143545E-10	6.143545E-10
-3.300000E-1	-2.279810E-8	2.279810E-8	-5.805475E-10	5.805475E-10
-3.200000E-1	-2.176880E-8	2.176880E-8	-5.543366E-10	5.543366E-10
-3.100000E-1	-2.072160E-8	2.072160E-8	-5.276700E-10	5.276700E-10
-3.000000E-1	-1.996420E-8	1.996420E-8	-5.083830E-10	5.083830E-10
-2.900000E-1	-1.881260E-8	1.881260E-8	-4.790578E-10	4.790578E-10
-2.800000E-1	-1.808580E-8	1.808580E-8	-4.605500E-10	4.605500E-10
-2.700000E-1	-1.719360E-8	1.719360E-8	-4.378304E-10	4.378304E-10
-2.600000E-1	-1.636310E-8	1.636310E-8	-4.166819E-10	4.166819E-10
-2.500000E-1	-1.546750E-8	1.546750E-8	-3.938757E-10	3.938757E-10
-2.400000E-1	-1.464050E-8	1.464050E-8	-3.728164E-10	3.728164E-10
-2.300000E-1	-1.381740E-8	1.381740E-8	-3.518564E-10	3.518564E-10
-2.200000E-1	-1.301710E-8	1.301710E-8	-3.314770E-10	3.314770E-10
-2.100000E-1	-1.227050E-8	1.227050E-8	-3.124650E-10	3.124650E-10
-2.000000E-1	-1.142620E-8	1.142620E-8	-2.909651E-10	2.909651E-10
-1.900000E-1	-1.078440E-8	1.078440E-8	-2.746218E-10	2.746218E-10
-1.800000E-1	-9.984300E-9	9.984300E-9	-2.542475E-10	2.542475E-10
-1.700000E-1	-9.504800E-9	9.504800E-9	-2.420372E-10	2.420372E-10
-1.600000E-1	-9.065610E-9	9.065610E-9	-2.308533E-10	2.308533E-10
-1.500000E-1	-8.515570E-9	8.515570E-9	-2.168467E-10	2.168467E-10
-1.400000E-1	-7.842940E-9	7.842940E-9	-1.997184E-10	1.997184E-10
-1.300000E-1	-7.145170E-9	7.145170E-9	-1.819498E-10	1.819498E-10
-1.200000E-1	-6.552350E-9	6.552350E-9	-1.668538E-10	1.668538E-10
-1.100000E-1	-5.929320E-9	5.929320E-9	-1.509885E-10	1.509885E-10
-1.000000E-1	-5.269990E-9	5.269990E-9	-1.341989E-10	1.341989E-10
-9.000000E-2	-4.691470E-9	4.691470E-9	-1.194670E-10	1.194670E-10
-8.000000E-2	-4.091950E-9	4.091950E-9	-1.042004E-10	1.042004E-10
-7.000000E-2	-3.507260E-9	3.507260E-9	-8.931143E-11	8.931143E-11
-6.000000E-2	-2.922370E-9	2.922370E-9	-7.441737E-11	7.441737E-11
-5.000000E-2	-2.336780E-9	2.336780E-9	-5.950547E-11	5.950547E-11
-4.000000E-2	-1.758460E-9	1.758460E-9	-4.477871E-11	4.477871E-11
-3.000000E-2	-1.210090E-9	1.210090E-9	-3.081462E-11	3.081462E-11
-2.000000E-2	-6.287000E-10	6.287000E-10	-1.600968E-11	1.600968E-11
-1.000000E-2	-8.933000E-11	8.933000E-11	-2.274764E-12	2.274764E-12
0.000000E+0	5.022500E-10	5.022500E-10	1.278966E-11	1.278966E-11
1.000000E-2	1.052190E-9	1.052190E-9	2.679374E-11	2.679374E-11
2.000000E-2	1.637970E-9	1.637970E-9	4.171047E-11	4.171047E-11
3.000000E-2	2.211140E-9	2.211140E-9	5.630609E-11	5.630609E-11
4.000000E-2	2.819160E-9	2.819160E-9	7.178915E-11	7.178915E-11
5.000000E-2	3.410930E-9	3.410930E-9	8.685842E-11	8.685842E-11
6.000000E-2	4.003330E-9	4.003330E-9	1.019437E-10	1.019437E-10
7.000000E-2	4.612370E-9	4.612370E-9	1.174528E-10	1.174528E-10
8.000000E-2	5.280210E-9	5.280210E-9	1.344591E-10	1.344591E-10
9.000000E-2	5.938740E-9	5.938740E-9	1.512284E-10	1.512284E-10
1.000000E-1	6.649640E-9	6.649640E-9	1.693313E-10	1.693313E-10
1.100000E-1	7.327420E-9	7.327420E-9	1.865908E-10	1.865908E-10
1.200000E-1	8.068850E-9	8.068850E-9	2.054711E-10	2.054711E-10
1.300000E-1	8.754470E-9	8.754470E-9	2.229302E-10	2.229302E-10
1.400000E-1	9.452300E-9	9.452300E-9	2.407003E-10	2.407003E-10
1.500000E-1	1.020210E-8	1.020210E-8	2.597937E-10	2.597937E-10
1.600000E-1	1.108350E-8	1.108350E-8	2.822383E-10	2.822383E-10
1.700000E-1	1.190840E-8	1.190840E-8	3.032442E-10	3.032442E-10
1.800000E-1	1.272140E-8	1.272140E-8	3.239470E-10	3.239470E-10
1.900000E-1	1.328140E-8	1.328140E-8	3.382073E-10	3.382073E-10
2.000000E-1	1.417800E-8	1.417800E-8	3.610390E-10	3.610390E-10
2.100000E-1	1.522690E-8	1.522690E-8	3.877489E-10	3.877489E-10
2.200000E-1	1.617630E-8	1.617630E-8	4.119251E-10	4.119251E-10
2.300000E-1	1.770870E-8	1.770870E-8	4.509473E-10	4.509473E-10
2.400000E-1	1.882940E-8	1.882940E-8	4.794856E-10	4.794856E-10
2.500000E-1	1.987060E-8	1.987060E-8	5.059995E-10	5.059995E-10
2.600000E-1	2.103130E-8	2.103130E-8	5.355564E-10	5.355564E-10
2.700000E-1	2.228090E-8	2.228090E-8	5.673771E-10	5.673771E-10
2.800000E-1	2.360730E-8	2.360730E-8	6.011535E-10	6.011535E-10
2.900000E-1	2.491000E-8	2.491000E-8	6.343265E-10	6.343265E-10
3.000000E-1	2.640360E-8	2.640360E-8	6.723606E-10	6.723606E-10
3.100000E-1	2.778220E-8	2.778220E-8	7.074663E-10	7.074663E-10
3.200000E-1	2.922240E-8	2.922240E-8	7.441406E-10	7.441406E-10
3.300000E-1	3.085400E-8	3.085400E-8	7.856888E-10	7.856888E-10
3.400000E-1	3.245880E-8	3.245880E-8	8.265546E-10	8.265546E-10
3.500000E-1	3.429020E-8	3.429020E-8	8.731907E-10	8.731907E-10
3.600000E-1	3.581940E-8	3.581940E-8	9.121314E-10	9.121314E-10
3.700000E-1	3.782330E-8	3.782330E-8	9.631602E-10	9.631602E-10
3.800000E-1	3.979560E-8	3.979560E-8	1.013384E-9	1.013384E-9
3.900000E-1	4.188690E-8	4.188690E-8	1.066639E-9	1.066639E-9
4.000000E-1	4.399040E-8	4.399040E-8	1.120204E-9	1.120204E-9
4.100000E-1	4.637210E-8	4.637210E-8	1.180853E-9	1.180853E-9
4.200000E-1	4.878510E-8	4.878510E-8	1.242299E-9	1.242299E-9
4.300000E-1	5.147310E-8	5.147310E-8	1.310749E-9	1.310749E-9
4.400000E-1	5.376590E-8	5.376590E-8	1.369134E-9	1.369134E-9
4.500000E-1	5.612670E-8	5.612670E-8	1.429251E-9	1.429251E-9
4.600000E-1	5.876200E-8	5.876200E-8	1.496359E-9	1.496359E-9
4.700000E-1	6.185140E-8	6.185140E-8	1.575029E-9	1.575029E-9
4.800000E-1	6.459090E-8	6.459090E-8	1.644790E-9	1.644790E-9
4.900000E-1	6.787050E-8	6.787050E-8	1.728304E-9	1.728304E-9
5.000000E-1	7.100280E-8	7.100280E-8	1.808067E-9	1.808067E-9
