

13:19:49	26/03/21


Ell Cont: 5,0x10,0

SMU1	V name:		V1
	I name:		I1
	Mode:		V
	Function:	VAR1
SMU2	V name:		V2
	I name:		I2
	Mode:		common
	Function:	const.
SMU3	off
SMU4	off
VMUs	off

Primary Source (VAR1):	single
	Sweep Spacing:	linear
	Start:		-0.500000
	Stop:		0.500000
	Step:		0.010000
	Compliance:	0.050000
Power Compliance OFF

Timing:		Integration Time:	medium
	Delay Time (sec):	0.000000
	Hold Time (sec):	0.000000
	Wait Time (sec):	1.000000

Secondary Source (VAR2):	OFF


   V1	   I1	Abs(I)	J (A\µm²)	Abs(J)
-5.000000E-1	-2.190530E-4	2.190530E-4	-5.578126E-6	5.578126E-6
-4.900000E-1	-2.128640E-4	2.128640E-4	-5.420525E-6	5.420525E-6
-4.800000E-1	-2.104280E-4	2.104280E-4	-5.358492E-6	5.358492E-6
-4.700000E-1	-2.061930E-4	2.061930E-4	-5.250649E-6	5.250649E-6
-4.600000E-1	-2.012610E-4	2.012610E-4	-5.125057E-6	5.125057E-6
-4.500000E-1	-1.959480E-4	1.959480E-4	-4.989763E-6	4.989763E-6
-4.400000E-1	-1.915430E-4	1.915430E-4	-4.877591E-6	4.877591E-6
-4.300000E-1	-1.872670E-4	1.872670E-4	-4.768704E-6	4.768704E-6
-4.200000E-1	-1.826370E-4	1.826370E-4	-4.650802E-6	4.650802E-6
-4.100000E-1	-1.779620E-4	1.779620E-4	-4.531754E-6	4.531754E-6
-4.000000E-1	-1.731280E-4	1.731280E-4	-4.408658E-6	4.408658E-6
-3.900000E-1	-1.689090E-4	1.689090E-4	-4.301222E-6	4.301222E-6
-3.800000E-1	-1.648290E-4	1.648290E-4	-4.197326E-6	4.197326E-6
-3.700000E-1	-1.607400E-4	1.607400E-4	-4.093201E-6	4.093201E-6
-3.600000E-1	-1.554040E-4	1.554040E-4	-3.957321E-6	3.957321E-6
-3.500000E-1	-1.510220E-4	1.510220E-4	-3.845735E-6	3.845735E-6
-3.400000E-1	-1.466540E-4	1.466540E-4	-3.734505E-6	3.734505E-6
-3.300000E-1	-1.421360E-4	1.421360E-4	-3.619455E-6	3.619455E-6
-3.200000E-1	-1.373760E-4	1.373760E-4	-3.498243E-6	3.498243E-6
-3.100000E-1	-1.331960E-4	1.331960E-4	-3.391800E-6	3.391800E-6
-3.000000E-1	-1.286100E-4	1.286100E-4	-3.275019E-6	3.275019E-6
-2.900000E-1	-1.245940E-4	1.245940E-4	-3.172753E-6	3.172753E-6
-2.800000E-1	-1.202980E-4	1.202980E-4	-3.063356E-6	3.063356E-6
-2.700000E-1	-1.154990E-4	1.154990E-4	-2.941151E-6	2.941151E-6
-2.600000E-1	-1.110240E-4	1.110240E-4	-2.827196E-6	2.827196E-6
-2.500000E-1	-1.067530E-4	1.067530E-4	-2.718436E-6	2.718436E-6
-2.400000E-1	-1.020630E-4	1.020630E-4	-2.599007E-6	2.599007E-6
-2.300000E-1	-9.765500E-5	9.765500E-5	-2.486758E-6	2.486758E-6
-2.200000E-1	-9.355270E-5	9.355270E-5	-2.382294E-6	2.382294E-6
-2.100000E-1	-8.898480E-5	8.898480E-5	-2.265974E-6	2.265974E-6
-2.000000E-1	-8.511470E-5	8.511470E-5	-2.167423E-6	2.167423E-6
-1.900000E-1	-8.044450E-5	8.044450E-5	-2.048498E-6	2.048498E-6
-1.800000E-1	-7.610630E-5	7.610630E-5	-1.938026E-6	1.938026E-6
-1.700000E-1	-7.193690E-5	7.193690E-5	-1.831854E-6	1.831854E-6
-1.600000E-1	-6.728350E-5	6.728350E-5	-1.713356E-6	1.713356E-6
-1.500000E-1	-6.281800E-5	6.281800E-5	-1.599643E-6	1.599643E-6
-1.400000E-1	-5.896900E-5	5.896900E-5	-1.501630E-6	1.501630E-6
-1.300000E-1	-5.471650E-5	5.471650E-5	-1.393341E-6	1.393341E-6
-1.200000E-1	-5.056180E-5	5.056180E-5	-1.287543E-6	1.287543E-6
-1.100000E-1	-4.603480E-5	4.603480E-5	-1.172264E-6	1.172264E-6
-1.000000E-1	-4.176900E-5	4.176900E-5	-1.063636E-6	1.063636E-6
-9.000000E-2	-3.756390E-5	3.756390E-5	-9.565546E-7	9.565546E-7
-8.000000E-2	-3.334670E-5	3.334670E-5	-8.491647E-7	8.491647E-7
-7.000000E-2	-2.927180E-5	2.927180E-5	-7.453985E-7	7.453985E-7
-6.000000E-2	-2.506670E-5	2.506670E-5	-6.383168E-7	6.383168E-7
-5.000000E-2	-2.087170E-5	2.087170E-5	-5.314922E-7	5.314922E-7
-4.000000E-2	-1.670890E-5	1.670890E-5	-4.254876E-7	4.254876E-7
-3.000000E-2	-1.248790E-5	1.248790E-5	-3.180010E-7	3.180010E-7
-2.000000E-2	-8.342750E-6	8.342750E-6	-2.124459E-7	2.124459E-7
-1.000000E-2	-4.199680E-6	4.199680E-6	-1.069437E-7	1.069437E-7
0.000000E+0	-2.011880E-8	2.011880E-8	-5.123198E-10	5.123198E-10
1.000000E-2	4.119160E-6	4.119160E-6	1.048933E-7	1.048933E-7
2.000000E-2	8.305530E-6	8.305530E-6	2.114981E-7	2.114981E-7
3.000000E-2	1.243280E-5	1.243280E-5	3.165979E-7	3.165979E-7
4.000000E-2	1.662940E-5	1.662940E-5	4.234632E-7	4.234632E-7
5.000000E-2	2.072630E-5	2.072630E-5	5.277897E-7	5.277897E-7
6.000000E-2	2.496350E-5	2.496350E-5	6.356888E-7	6.356888E-7
7.000000E-2	2.917970E-5	2.917970E-5	7.430532E-7	7.430532E-7
8.000000E-2	3.338970E-5	3.338970E-5	8.502597E-7	8.502597E-7
9.000000E-2	3.761460E-5	3.761460E-5	9.578457E-7	9.578457E-7
1.000000E-1	4.167660E-5	4.167660E-5	1.061283E-6	1.061283E-6
1.100000E-1	4.625160E-5	4.625160E-5	1.177785E-6	1.177785E-6
1.200000E-1	5.033770E-5	5.033770E-5	1.281836E-6	1.281836E-6
1.300000E-1	5.437220E-5	5.437220E-5	1.384573E-6	1.384573E-6
1.400000E-1	5.887390E-5	5.887390E-5	1.499208E-6	1.499208E-6
1.500000E-1	6.317840E-5	6.317840E-5	1.608821E-6	1.608821E-6
1.600000E-1	6.744040E-5	6.744040E-5	1.717352E-6	1.717352E-6
1.700000E-1	7.168040E-5	7.168040E-5	1.825322E-6	1.825322E-6
1.800000E-1	7.614150E-5	7.614150E-5	1.938923E-6	1.938923E-6
1.900000E-1	8.038150E-5	8.038150E-5	2.046893E-6	2.046893E-6
2.000000E-1	8.471000E-5	8.471000E-5	2.157117E-6	2.157117E-6
2.100000E-1	8.920810E-5	8.920810E-5	2.271660E-6	2.271660E-6
2.200000E-1	9.358810E-5	9.358810E-5	2.383196E-6	2.383196E-6
2.300000E-1	9.808990E-5	9.808990E-5	2.497833E-6	2.497833E-6
2.400000E-1	1.026645E-4	1.026645E-4	2.614324E-6	2.614324E-6
2.500000E-1	1.070386E-4	1.070386E-4	2.725709E-6	2.725709E-6
2.600000E-1	1.116553E-4	1.116553E-4	2.843272E-6	2.843272E-6
2.700000E-1	1.160120E-4	1.160120E-4	2.954214E-6	2.954214E-6
2.800000E-1	1.207740E-4	1.207740E-4	3.075477E-6	3.075477E-6
2.900000E-1	1.260970E-4	1.260970E-4	3.211026E-6	3.211026E-6
3.000000E-1	1.301820E-4	1.301820E-4	3.315050E-6	3.315050E-6
3.100000E-1	1.346470E-4	1.346470E-4	3.428750E-6	3.428750E-6
3.200000E-1	1.394730E-4	1.394730E-4	3.551642E-6	3.551642E-6
3.300000E-1	1.439660E-4	1.439660E-4	3.666055E-6	3.666055E-6
3.400000E-1	1.488090E-4	1.488090E-4	3.789381E-6	3.789381E-6
3.500000E-1	1.536370E-4	1.536370E-4	3.912325E-6	3.912325E-6
3.600000E-1	1.581100E-4	1.581100E-4	4.026229E-6	4.026229E-6
3.700000E-1	1.627090E-4	1.627090E-4	4.143341E-6	4.143341E-6
3.800000E-1	1.675380E-4	1.675380E-4	4.266310E-6	4.266310E-6
3.900000E-1	1.721630E-4	1.721630E-4	4.384084E-6	4.384084E-6
4.000000E-1	1.768070E-4	1.768070E-4	4.502343E-6	4.502343E-6
4.100000E-1	1.806740E-4	1.806740E-4	4.600815E-6	4.600815E-6
4.200000E-1	1.861740E-4	1.861740E-4	4.740871E-6	4.740871E-6
4.300000E-1	1.898510E-4	1.898510E-4	4.834505E-6	4.834505E-6
4.400000E-1	1.873890E-4	1.873890E-4	4.771810E-6	4.771810E-6
4.500000E-1	1.930490E-4	1.930490E-4	4.915941E-6	4.915941E-6
4.600000E-1	1.962570E-4	1.962570E-4	4.997632E-6	4.997632E-6
4.700000E-1	2.156140E-4	2.156140E-4	5.490553E-6	5.490553E-6
4.800000E-1	3.371260E-4	3.371260E-4	8.584823E-6	8.584823E-6
4.900000E-1	3.477070E-4	3.477070E-4	8.854265E-6	8.854265E-6
5.000000E-1	3.532340E-4	3.532340E-4	8.995009E-6	8.995009E-6
