

13:07:03	26/03/21


Ell Cont: 5,0x10,0

SMU1	V name:		V1
	I name:		I1
	Mode:		V
	Function:	VAR1
SMU2	V name:		V2
	I name:		I2
	Mode:		common
	Function:	const.
SMU3	off
SMU4	off
VMUs	off

Primary Source (VAR1):	single
	Sweep Spacing:	linear
	Start:		-1.500000
	Stop:		1.500000
	Step:		0.010000
	Compliance:	0.050000
Power Compliance OFF

Timing:		Integration Time:	medium
	Delay Time (sec):	0.000000
	Hold Time (sec):	0.000000
	Wait Time (sec):	1.000000

Secondary Source (VAR2):	OFF


   V1	   I1	Abs(I)	J (A\µm²)	Abs(J)
-1.500000E+0	-1.543260E-2	1.543260E-2	-3.929870E-4	3.929870E-4
-1.490000E+0	-1.537320E-2	1.537320E-2	-3.914744E-4	3.914744E-4
-1.480000E+0	-1.542060E-2	1.542060E-2	-3.926814E-4	3.926814E-4
-1.470000E+0	-1.537020E-2	1.537020E-2	-3.913980E-4	3.913980E-4
-1.460000E+0	-1.559490E-2	1.559490E-2	-3.971199E-4	3.971199E-4
-1.450000E+0	-1.549820E-2	1.549820E-2	-3.946575E-4	3.946575E-4
-1.440000E+0	-1.549900E-2	1.549900E-2	-3.946779E-4	3.946779E-4
-1.430000E+0	-1.531420E-2	1.531420E-2	-3.899720E-4	3.899720E-4
-1.420000E+0	-1.524950E-2	1.524950E-2	-3.883244E-4	3.883244E-4
-1.410000E+0	-1.501460E-2	1.501460E-2	-3.823428E-4	3.823428E-4
-1.400000E+0	-1.478640E-2	1.478640E-2	-3.765317E-4	3.765317E-4
-1.390000E+0	-1.453000E-2	1.453000E-2	-3.700025E-4	3.700025E-4
-1.380000E+0	-1.435650E-2	1.435650E-2	-3.655844E-4	3.655844E-4
-1.370000E+0	-1.417650E-2	1.417650E-2	-3.610008E-4	3.610008E-4
-1.360000E+0	-1.408780E-2	1.408780E-2	-3.587420E-4	3.587420E-4
-1.350000E+0	-1.385100E-2	1.385100E-2	-3.527120E-4	3.527120E-4
-1.340000E+0	-1.359700E-2	1.359700E-2	-3.462439E-4	3.462439E-4
-1.330000E+0	-1.339550E-2	1.339550E-2	-3.411128E-4	3.411128E-4
-1.320000E+0	-1.327240E-2	1.327240E-2	-3.379781E-4	3.379781E-4
-1.310000E+0	-1.305980E-2	1.305980E-2	-3.325643E-4	3.325643E-4
-1.300000E+0	-1.298040E-2	1.298040E-2	-3.305424E-4	3.305424E-4
-1.290000E+0	-1.283720E-2	1.283720E-2	-3.268958E-4	3.268958E-4
-1.280000E+0	-1.264710E-2	1.264710E-2	-3.220550E-4	3.220550E-4
-1.270000E+0	-1.241670E-2	1.241670E-2	-3.161879E-4	3.161879E-4
-1.260000E+0	-1.220560E-2	1.220560E-2	-3.108123E-4	3.108123E-4
-1.250000E+0	-1.202670E-2	1.202670E-2	-3.062567E-4	3.062567E-4
-1.240000E+0	-1.182130E-2	1.182130E-2	-3.010262E-4	3.010262E-4
-1.230000E+0	-1.163780E-2	1.163780E-2	-2.963534E-4	2.963534E-4
-1.220000E+0	-1.143470E-2	1.143470E-2	-2.911816E-4	2.911816E-4
-1.210000E+0	-1.127580E-2	1.127580E-2	-2.871352E-4	2.871352E-4
-1.200000E+0	-1.106730E-2	1.106730E-2	-2.818258E-4	2.818258E-4
-1.190000E+0	-1.084820E-2	1.084820E-2	-2.762465E-4	2.762465E-4
-1.180000E+0	-1.066630E-2	1.066630E-2	-2.716145E-4	2.716145E-4
-1.170000E+0	-1.044490E-2	1.044490E-2	-2.659766E-4	2.659766E-4
-1.160000E+0	-1.026620E-2	1.026620E-2	-2.614260E-4	2.614260E-4
-1.150000E+0	-1.007120E-2	1.007120E-2	-2.564604E-4	2.564604E-4
-1.140000E+0	-9.874570E-3	9.874570E-3	-2.514533E-4	2.514533E-4
-1.130000E+0	-9.749450E-3	9.749450E-3	-2.482671E-4	2.482671E-4
-1.120000E+0	-9.505720E-3	9.505720E-3	-2.420606E-4	2.420606E-4
-1.110000E+0	-9.340900E-3	9.340900E-3	-2.378635E-4	2.378635E-4
-1.100000E+0	-9.132930E-3	9.132930E-3	-2.325676E-4	2.325676E-4
-1.090000E+0	-8.906900E-3	8.906900E-3	-2.268118E-4	2.268118E-4
-1.080000E+0	-8.656680E-3	8.656680E-3	-2.204400E-4	2.204400E-4
-1.070000E+0	-8.355350E-3	8.355350E-3	-2.127667E-4	2.127667E-4
-1.060000E+0	-8.117280E-3	8.117280E-3	-2.067044E-4	2.067044E-4
-1.050000E+0	-7.916310E-3	7.916310E-3	-2.015867E-4	2.015867E-4
-1.040000E+0	-7.694170E-3	7.694170E-3	-1.959300E-4	1.959300E-4
-1.030000E+0	-7.504530E-3	7.504530E-3	-1.911008E-4	1.911008E-4
-1.020000E+0	-7.193390E-3	7.193390E-3	-1.831777E-4	1.831777E-4
-1.010000E+0	-6.129790E-3	6.129790E-3	-1.560935E-4	1.560935E-4
-1.000000E+0	-5.989150E-3	5.989150E-3	-1.525121E-4	1.525121E-4
-9.900000E-1	-5.865820E-3	5.865820E-3	-1.493715E-4	1.493715E-4
-9.800000E-1	-5.718430E-3	5.718430E-3	-1.456183E-4	1.456183E-4
-9.700000E-1	-5.569250E-3	5.569250E-3	-1.418195E-4	1.418195E-4
-9.600000E-1	-5.419860E-3	5.419860E-3	-1.380153E-4	1.380153E-4
-9.500000E-1	-5.298720E-3	5.298720E-3	-1.349305E-4	1.349305E-4
-9.400000E-1	-5.161540E-3	5.161540E-3	-1.314372E-4	1.314372E-4
-9.300000E-1	-5.048010E-3	5.048010E-3	-1.285462E-4	1.285462E-4
-9.200000E-1	-4.944170E-3	4.944170E-3	-1.259020E-4	1.259020E-4
-9.100000E-1	-4.839490E-3	4.839490E-3	-1.232363E-4	1.232363E-4
-9.000000E-1	-4.747320E-3	4.747320E-3	-1.208892E-4	1.208892E-4
-8.900000E-1	-4.633070E-3	4.633070E-3	-1.179799E-4	1.179799E-4
-8.800000E-1	-4.531830E-3	4.531830E-3	-1.154018E-4	1.154018E-4
-8.700000E-1	-4.428050E-3	4.428050E-3	-1.127591E-4	1.127591E-4
-8.600000E-1	-4.319480E-3	4.319480E-3	-1.099944E-4	1.099944E-4
-8.500000E-1	-4.211490E-3	4.211490E-3	-1.072445E-4	1.072445E-4
-8.400000E-1	-4.098350E-3	4.098350E-3	-1.043634E-4	1.043634E-4
-8.300000E-1	-3.993120E-3	3.993120E-3	-1.016837E-4	1.016837E-4
-8.200000E-1	-3.881990E-3	3.881990E-3	-9.885383E-5	9.885383E-5
-8.100000E-1	-3.785570E-3	3.785570E-3	-9.639852E-5	9.639852E-5
-8.000000E-1	-3.690920E-3	3.690920E-3	-9.398829E-5	9.398829E-5
-7.900000E-1	-3.597910E-3	3.597910E-3	-9.161981E-5	9.161981E-5
-7.800000E-1	-3.501770E-3	3.501770E-3	-8.917163E-5	8.917163E-5
-7.700000E-1	-3.411120E-3	3.411120E-3	-8.686325E-5	8.686325E-5
-7.600000E-1	-3.308160E-3	3.308160E-3	-8.424140E-5	8.424140E-5
-7.500000E-1	-3.210590E-3	3.210590E-3	-8.175681E-5	8.175681E-5
-7.400000E-1	-3.116800E-3	3.116800E-3	-7.936847E-5	7.936847E-5
-7.300000E-1	-3.011410E-3	3.011410E-3	-7.668475E-5	7.668475E-5
-7.200000E-1	-2.912060E-3	2.912060E-3	-7.415482E-5	7.415482E-5
-7.100000E-1	-2.810100E-3	2.810100E-3	-7.155844E-5	7.155844E-5
-7.000000E-1	-2.716530E-3	2.716530E-3	-6.917571E-5	6.917571E-5
-6.900000E-1	-2.624570E-3	2.624570E-3	-6.683397E-5	6.683397E-5
-6.800000E-1	-2.528840E-3	2.528840E-3	-6.439623E-5	6.439623E-5
-6.700000E-1	-2.385400E-3	2.385400E-3	-6.074357E-5	6.074357E-5
-6.600000E-1	-2.184730E-3	2.184730E-3	-5.563356E-5	5.563356E-5
-6.500000E-1	-2.005220E-3	2.005220E-3	-5.106239E-5	5.106239E-5
-6.400000E-1	-1.898130E-3	1.898130E-3	-4.833537E-5	4.833537E-5
-6.300000E-1	-1.810220E-3	1.810220E-3	-4.609677E-5	4.609677E-5
-6.200000E-1	-1.533680E-3	1.533680E-3	-3.905475E-5	3.905475E-5
-6.100000E-1	-1.412740E-3	1.412740E-3	-3.597504E-5	3.597504E-5
-6.000000E-1	-1.342860E-3	1.342860E-3	-3.419557E-5	3.419557E-5
-5.900000E-1	-1.258710E-3	1.258710E-3	-3.205271E-5	3.205271E-5
-5.800000E-1	-1.177540E-3	1.177540E-3	-2.998574E-5	2.998574E-5
-5.700000E-1	-1.082160E-3	1.082160E-3	-2.755691E-5	2.755691E-5
-5.600000E-1	-1.008220E-3	1.008220E-3	-2.567405E-5	2.567405E-5
-5.500000E-1	-9.408370E-4	9.408370E-4	-2.395816E-5	2.395816E-5
-5.400000E-1	-8.803630E-4	8.803630E-4	-2.241821E-5	2.241821E-5
-5.300000E-1	-8.385340E-4	8.385340E-4	-2.135304E-5	2.135304E-5
-5.200000E-1	-7.975310E-4	7.975310E-4	-2.030891E-5	2.030891E-5
-5.100000E-1	-7.530210E-4	7.530210E-4	-1.917548E-5	1.917548E-5
-5.000000E-1	-6.983620E-4	6.983620E-4	-1.778360E-5	1.778360E-5
-4.900000E-1	-6.199010E-4	6.199010E-4	-1.578561E-5	1.578561E-5
-4.800000E-1	-5.466360E-4	5.466360E-4	-1.391994E-5	1.391994E-5
-4.700000E-1	-4.806570E-4	4.806570E-4	-1.223980E-5	1.223980E-5
-4.600000E-1	-3.887950E-4	3.887950E-4	-9.900560E-6	9.900560E-6
-4.500000E-1	-3.409440E-4	3.409440E-4	-8.682047E-6	8.682047E-6
-4.400000E-1	-2.945350E-4	2.945350E-4	-7.500255E-6	7.500255E-6
-4.300000E-1	-2.195640E-4	2.195640E-4	-5.591138E-6	5.591138E-6
-4.200000E-1	-1.875050E-4	1.875050E-4	-4.774764E-6	4.774764E-6
-4.100000E-1	-1.644490E-4	1.644490E-4	-4.187650E-6	4.187650E-6
-4.000000E-1	-1.477440E-4	1.477440E-4	-3.762261E-6	3.762261E-6
-3.900000E-1	-1.371640E-4	1.371640E-4	-3.492844E-6	3.492844E-6
-3.800000E-1	-1.294700E-4	1.294700E-4	-3.296919E-6	3.296919E-6
-3.700000E-1	-1.209790E-4	1.209790E-4	-3.080698E-6	3.080698E-6
-3.600000E-1	-1.111980E-4	1.111980E-4	-2.831627E-6	2.831627E-6
-3.500000E-1	-8.749630E-5	8.749630E-5	-2.228070E-6	2.228070E-6
-3.400000E-1	-7.021780E-5	7.021780E-5	-1.788077E-6	1.788077E-6
-3.300000E-1	-6.578950E-5	6.578950E-5	-1.675312E-6	1.675312E-6
-3.200000E-1	-6.257390E-5	6.257390E-5	-1.593428E-6	1.593428E-6
-3.100000E-1	-5.920950E-5	5.920950E-5	-1.507754E-6	1.507754E-6
-3.000000E-1	-5.466890E-5	5.466890E-5	-1.392129E-6	1.392129E-6
-2.900000E-1	-5.212660E-5	5.212660E-5	-1.327390E-6	1.327390E-6
-2.800000E-1	-4.715150E-5	4.715150E-5	-1.200700E-6	1.200700E-6
-2.700000E-1	-4.261020E-5	4.261020E-5	-1.085057E-6	1.085057E-6
-2.600000E-1	-3.623300E-5	3.623300E-5	-9.226636E-7	9.226636E-7
-2.500000E-1	-2.665570E-5	2.665570E-5	-6.787802E-7	6.787802E-7
-2.400000E-1	-1.456500E-5	1.456500E-5	-3.708938E-7	3.708938E-7
-2.300000E-1	-1.316170E-5	1.316170E-5	-3.351592E-7	3.351592E-7
-2.200000E-1	-1.105080E-5	1.105080E-5	-2.814056E-7	2.814056E-7
-2.100000E-1	-1.057460E-5	1.057460E-5	-2.692793E-7	2.692793E-7
-2.000000E-1	-1.061520E-5	1.061520E-5	-2.703132E-7	2.703132E-7
-1.900000E-1	-9.497490E-6	9.497490E-6	-2.418510E-7	2.418510E-7
-1.800000E-1	-9.094540E-6	9.094540E-6	-2.315900E-7	2.315900E-7
-1.700000E-1	-8.024290E-6	8.024290E-6	-2.043364E-7	2.043364E-7
-1.600000E-1	-7.691780E-6	7.691780E-6	-1.958691E-7	1.958691E-7
-1.500000E-1	-7.442390E-6	7.442390E-6	-1.895185E-7	1.895185E-7
-1.400000E-1	-7.388860E-6	7.388860E-6	-1.881553E-7	1.881553E-7
-1.300000E-1	-6.111260E-6	6.111260E-6	-1.556216E-7	1.556216E-7
-1.200000E-1	-5.072920E-6	5.072920E-6	-1.291805E-7	1.291805E-7
-1.100000E-1	-4.944990E-6	4.944990E-6	-1.259228E-7	1.259228E-7
-1.000000E-1	-4.490300E-6	4.490300E-6	-1.143443E-7	1.143443E-7
-9.000000E-2	-4.387480E-6	4.387480E-6	-1.117260E-7	1.117260E-7
-8.000000E-2	-4.654230E-6	4.654230E-6	-1.185187E-7	1.185187E-7
-7.000000E-2	-5.046140E-6	5.046140E-6	-1.284986E-7	1.284986E-7
-6.000000E-2	-3.196950E-6	3.196950E-6	-8.140947E-8	8.140947E-8
-5.000000E-2	-3.096220E-6	3.096220E-6	-7.884441E-8	7.884441E-8
-4.000000E-2	-2.707720E-6	2.707720E-6	-6.895136E-8	6.895136E-8
-3.000000E-2	-2.130380E-6	2.130380E-6	-5.424955E-8	5.424955E-8
-2.000000E-2	-1.408540E-6	1.408540E-6	-3.586809E-8	3.586809E-8
-1.000000E-2	-7.870830E-7	7.870830E-7	-2.004286E-8	2.004286E-8
0.000000E+0	-1.752520E-9	1.752520E-9	-4.462745E-11	4.462745E-11
1.000000E-2	1.073010E-6	1.073010E-6	2.732391E-8	2.732391E-8
2.000000E-2	2.466000E-6	2.466000E-6	6.279603E-8	6.279603E-8
3.000000E-2	3.418080E-6	3.418080E-6	8.704049E-8	8.704049E-8
4.000000E-2	5.103870E-6	5.103870E-6	1.299687E-7	1.299687E-7
5.000000E-2	6.849380E-6	6.849380E-6	1.744176E-7	1.744176E-7
6.000000E-2	8.762430E-6	8.762430E-6	2.231329E-7	2.231329E-7
7.000000E-2	1.056385E-5	1.056385E-5	2.690056E-7	2.690056E-7
8.000000E-2	1.096000E-5	1.096000E-5	2.790935E-7	2.790935E-7
9.000000E-2	1.229330E-5	1.229330E-5	3.130456E-7	3.130456E-7
1.000000E-1	1.416450E-5	1.416450E-5	3.606952E-7	3.606952E-7
1.100000E-1	1.386620E-5	1.386620E-5	3.530991E-7	3.530991E-7
1.200000E-1	1.437680E-5	1.437680E-5	3.661013E-7	3.661013E-7
1.300000E-1	1.568900E-5	1.568900E-5	3.995162E-7	3.995162E-7
1.400000E-1	1.668300E-5	1.668300E-5	4.248281E-7	4.248281E-7
1.500000E-1	1.842150E-5	1.842150E-5	4.690985E-7	4.690985E-7
1.600000E-1	1.873230E-5	1.873230E-5	4.770130E-7	4.770130E-7
1.700000E-1	1.919830E-5	1.919830E-5	4.888795E-7	4.888795E-7
1.800000E-1	2.000930E-5	2.000930E-5	5.095314E-7	5.095314E-7
1.900000E-1	2.029380E-5	2.029380E-5	5.167762E-7	5.167762E-7
2.000000E-1	1.658570E-5	1.658570E-5	4.223504E-7	4.223504E-7
2.100000E-1	1.748730E-5	1.748730E-5	4.453094E-7	4.453094E-7
2.200000E-1	1.646150E-5	1.646150E-5	4.191877E-7	4.191877E-7
2.300000E-1	1.674460E-5	1.674460E-5	4.263967E-7	4.263967E-7
2.400000E-1	1.520140E-5	1.520140E-5	3.870996E-7	3.870996E-7
2.500000E-1	1.643840E-5	1.643840E-5	4.185994E-7	4.185994E-7
2.600000E-1	1.693120E-5	1.693120E-5	4.311485E-7	4.311485E-7
2.700000E-1	1.532970E-5	1.532970E-5	3.903667E-7	3.903667E-7
2.800000E-1	1.471570E-5	1.471570E-5	3.747313E-7	3.747313E-7
2.900000E-1	1.628120E-5	1.628120E-5	4.145964E-7	4.145964E-7
3.000000E-1	1.334740E-5	1.334740E-5	3.398880E-7	3.398880E-7
3.100000E-1	1.415410E-5	1.415410E-5	3.604303E-7	3.604303E-7
3.200000E-1	1.175530E-5	1.175530E-5	2.993456E-7	2.993456E-7
3.300000E-1	1.237030E-5	1.237030E-5	3.150064E-7	3.150064E-7
3.400000E-1	1.280640E-5	1.280640E-5	3.261115E-7	3.261115E-7
3.500000E-1	1.302770E-5	1.302770E-5	3.317469E-7	3.317469E-7
3.600000E-1	1.412000E-5	1.412000E-5	3.595620E-7	3.595620E-7
3.700000E-1	1.603870E-5	1.603870E-5	4.084212E-7	4.084212E-7
3.800000E-1	2.133880E-5	2.133880E-5	5.433868E-7	5.433868E-7
3.900000E-1	2.028100E-5	2.028100E-5	5.164502E-7	5.164502E-7
4.000000E-1	2.679600E-5	2.679600E-5	6.823529E-7	6.823529E-7
4.100000E-1	2.819350E-5	2.819350E-5	7.179399E-7	7.179399E-7
4.200000E-1	1.930820E-5	1.930820E-5	4.916781E-7	4.916781E-7
4.300000E-1	1.977400E-5	1.977400E-5	5.035396E-7	5.035396E-7
4.400000E-1	1.984560E-5	1.984560E-5	5.053629E-7	5.053629E-7
4.500000E-1	2.594090E-5	2.594090E-5	6.605780E-7	6.605780E-7
4.600000E-1	3.945650E-5	3.945650E-5	1.004749E-6	1.004749E-6
4.700000E-1	5.009280E-5	5.009280E-5	1.275600E-6	1.275600E-6
4.800000E-1	4.939640E-5	4.939640E-5	1.257866E-6	1.257866E-6
4.900000E-1	5.466000E-5	5.466000E-5	1.391902E-6	1.391902E-6
5.000000E-1	7.085150E-5	7.085150E-5	1.804214E-6	1.804214E-6
5.100000E-1	6.152370E-5	6.152370E-5	1.566684E-6	1.566684E-6
5.200000E-1	8.867550E-5	8.867550E-5	2.258098E-6	2.258098E-6
5.300000E-1	1.007128E-4	1.007128E-4	2.564624E-6	2.564624E-6
5.400000E-1	1.091189E-4	1.091189E-4	2.778683E-6	2.778683E-6
5.500000E-1	1.580080E-4	1.580080E-4	4.023631E-6	4.023631E-6
5.600000E-1	1.689700E-4	1.689700E-4	4.302776E-6	4.302776E-6
5.700000E-1	1.956290E-4	1.956290E-4	4.981640E-6	4.981640E-6
5.800000E-1	2.229600E-4	2.229600E-4	5.677616E-6	5.677616E-6
5.900000E-1	2.137210E-4	2.137210E-4	5.442348E-6	5.442348E-6
6.000000E-1	2.781460E-4	2.781460E-4	7.082913E-6	7.082913E-6
6.100000E-1	2.901310E-4	2.901310E-4	7.388108E-6	7.388108E-6
6.200000E-1	3.183260E-4	3.183260E-4	8.106086E-6	8.106086E-6
6.300000E-1	3.053150E-4	3.053150E-4	7.774764E-6	7.774764E-6
6.400000E-1	3.231670E-4	3.231670E-4	8.229361E-6	8.229361E-6
6.500000E-1	3.239810E-4	3.239810E-4	8.250089E-6	8.250089E-6
6.600000E-1	3.489040E-4	3.489040E-4	8.884747E-6	8.884747E-6
6.700000E-1	3.528140E-4	3.528140E-4	8.984314E-6	8.984314E-6
6.800000E-1	3.277480E-4	3.277480E-4	8.346015E-6	8.346015E-6
6.900000E-1	3.803400E-4	3.803400E-4	9.685256E-6	9.685256E-6
7.000000E-1	4.505410E-4	4.505410E-4	1.147291E-5	1.147291E-5
7.100000E-1	5.318210E-4	5.318210E-4	1.354268E-5	1.354268E-5
7.200000E-1	5.980880E-4	5.980880E-4	1.523015E-5	1.523015E-5
7.300000E-1	6.585840E-4	6.585840E-4	1.677066E-5	1.677066E-5
7.400000E-1	7.336170E-4	7.336170E-4	1.868136E-5	1.868136E-5
7.500000E-1	8.206680E-4	8.206680E-4	2.089809E-5	2.089809E-5
7.600000E-1	8.521970E-4	8.521970E-4	2.170097E-5	2.170097E-5
7.700000E-1	9.487230E-4	9.487230E-4	2.415898E-5	2.415898E-5
7.800000E-1	1.370510E-3	1.370510E-3	3.489967E-5	3.489967E-5
7.900000E-1	1.085380E-3	1.085380E-3	2.763891E-5	2.763891E-5
8.000000E-1	1.296240E-3	1.296240E-3	3.300840E-5	3.300840E-5
8.100000E-1	1.345830E-3	1.345830E-3	3.427120E-5	3.427120E-5
8.200000E-1	1.461080E-3	1.461080E-3	3.720601E-5	3.720601E-5
8.300000E-1	1.769010E-3	1.769010E-3	4.504736E-5	4.504736E-5
8.400000E-1	1.580480E-3	1.580480E-3	4.024650E-5	4.024650E-5
8.500000E-1	1.527590E-3	1.527590E-3	3.889967E-5	3.889967E-5
8.600000E-1	2.388970E-3	2.388970E-3	6.083448E-5	6.083448E-5
8.700000E-1	2.499080E-3	2.499080E-3	6.363840E-5	6.363840E-5
8.800000E-1	2.093560E-3	2.093560E-3	5.331194E-5	5.331194E-5
8.900000E-1	1.912580E-3	1.912580E-3	4.870334E-5	4.870334E-5
9.000000E-1	1.841550E-3	1.841550E-3	4.689458E-5	4.689458E-5
9.100000E-1	1.959550E-3	1.959550E-3	4.989941E-5	4.989941E-5
9.200000E-1	2.030720E-3	2.030720E-3	5.171174E-5	5.171174E-5
9.300000E-1	2.233720E-3	2.233720E-3	5.688108E-5	5.688108E-5
9.400000E-1	2.237860E-3	2.237860E-3	5.698650E-5	5.698650E-5
9.500000E-1	2.403050E-3	2.403050E-3	6.119302E-5	6.119302E-5
9.600000E-1	2.455250E-3	2.455250E-3	6.252228E-5	6.252228E-5
9.700000E-1	2.736420E-3	2.736420E-3	6.968220E-5	6.968220E-5
9.800000E-1	2.836160E-3	2.836160E-3	7.222205E-5	7.222205E-5
9.900000E-1	2.913200E-3	2.913200E-3	7.418385E-5	7.418385E-5
1.000000E+0	2.827310E-3	2.827310E-3	7.199669E-5	7.199669E-5
1.010000E+0	2.619430E-3	2.619430E-3	6.670308E-5	6.670308E-5
1.020000E+0	2.472190E-3	2.472190E-3	6.295365E-5	6.295365E-5
1.030000E+0	2.629900E-3	2.629900E-3	6.696970E-5	6.696970E-5
1.040000E+0	2.802170E-3	2.802170E-3	7.135651E-5	7.135651E-5
1.050000E+0	2.961210E-3	2.961210E-3	7.540642E-5	7.540642E-5
1.060000E+0	2.875670E-3	2.875670E-3	7.322816E-5	7.322816E-5
1.070000E+0	3.019510E-3	3.019510E-3	7.689101E-5	7.689101E-5
1.080000E+0	4.583930E-3	4.583930E-3	1.167285E-4	1.167285E-4
1.090000E+0	6.159980E-3	6.159980E-3	1.568622E-4	1.568622E-4
1.100000E+0	6.816850E-3	6.816850E-3	1.735893E-4	1.735893E-4
1.110000E+0	6.980590E-3	6.980590E-3	1.777588E-4	1.777588E-4
1.120000E+0	7.662810E-3	7.662810E-3	1.951314E-4	1.951314E-4
1.130000E+0	7.535980E-3	7.535980E-3	1.919017E-4	1.919017E-4
1.140000E+0	7.098060E-3	7.098060E-3	1.807502E-4	1.807502E-4
1.150000E+0	6.437910E-3	6.437910E-3	1.639396E-4	1.639396E-4
1.160000E+0	7.360760E-3	7.360760E-3	1.874398E-4	1.874398E-4
1.170000E+0	8.168590E-3	8.168590E-3	2.080109E-4	2.080109E-4
1.180000E+0	9.678070E-3	9.678070E-3	2.464494E-4	2.464494E-4
1.190000E+0	9.957640E-3	9.957640E-3	2.535686E-4	2.535686E-4
1.200000E+0	9.641900E-3	9.641900E-3	2.455284E-4	2.455284E-4
1.210000E+0	8.482480E-3	8.482480E-3	2.160041E-4	2.160041E-4
1.220000E+0	9.915680E-3	9.915680E-3	2.525001E-4	2.525001E-4
1.230000E+0	1.021337E-2	1.021337E-2	2.600807E-4	2.600807E-4
1.240000E+0	1.081071E-2	1.081071E-2	2.752918E-4	2.752918E-4
1.250000E+0	1.093751E-2	1.093751E-2	2.785208E-4	2.785208E-4
1.260000E+0	1.113107E-2	1.113107E-2	2.834497E-4	2.834497E-4
1.270000E+0	1.105768E-2	1.105768E-2	2.815808E-4	2.815808E-4
1.280000E+0	1.076102E-2	1.076102E-2	2.740265E-4	2.740265E-4
1.290000E+0	1.130610E-2	1.130610E-2	2.879068E-4	2.879068E-4
1.300000E+0	1.226810E-2	1.226810E-2	3.124039E-4	3.124039E-4
1.310000E+0	1.209690E-2	1.209690E-2	3.080443E-4	3.080443E-4
1.320000E+0	1.103010E-2	1.103010E-2	2.808785E-4	2.808785E-4
1.330000E+0	1.112104E-2	1.112104E-2	2.831943E-4	2.831943E-4
1.340000E+0	1.119960E-2	1.119960E-2	2.851948E-4	2.851948E-4
1.350000E+0	1.231890E-2	1.231890E-2	3.136975E-4	3.136975E-4
1.360000E+0	1.232830E-2	1.232830E-2	3.139368E-4	3.139368E-4
1.370000E+0	1.575610E-2	1.575610E-2	4.012248E-4	4.012248E-4
1.380000E+0	1.234410E-2	1.234410E-2	3.143392E-4	3.143392E-4
1.390000E+0	1.406630E-2	1.406630E-2	3.581945E-4	3.581945E-4
1.400000E+0	1.278260E-2	1.278260E-2	3.255055E-4	3.255055E-4
1.410000E+0	1.372280E-2	1.372280E-2	3.494474E-4	3.494474E-4
1.420000E+0	1.357050E-2	1.357050E-2	3.455691E-4	3.455691E-4
1.430000E+0	1.392310E-2	1.392310E-2	3.545480E-4	3.545480E-4
1.440000E+0	1.278190E-2	1.278190E-2	3.254876E-4	3.254876E-4
1.450000E+0	1.415390E-2	1.415390E-2	3.604253E-4	3.604253E-4
1.460000E+0	1.359990E-2	1.359990E-2	3.463178E-4	3.463178E-4
1.470000E+0	1.412620E-2	1.412620E-2	3.597199E-4	3.597199E-4
1.480000E+0	1.415670E-2	1.415670E-2	3.604966E-4	3.604966E-4
1.490000E+0	1.464970E-2	1.464970E-2	3.730507E-4	3.730507E-4
1.500000E+0	1.644540E-2	1.644540E-2	4.187777E-4	4.187777E-4
