

13:32:44	26/03/21


Ell Cont: 5,0x10,0

SMU1	V name:		V1
	I name:		I1
	Mode:		V
	Function:	VAR1
SMU2	V name:		V2
	I name:		I2
	Mode:		common
	Function:	const.
SMU3	off
SMU4	off
VMUs	off

Primary Source (VAR1):	single
	Sweep Spacing:	linear
	Start:		-0.500000
	Stop:		0.500000
	Step:		0.010000
	Compliance:	0.050000
Power Compliance OFF

Timing:		Integration Time:	medium
	Delay Time (sec):	0.000000
	Hold Time (sec):	0.000000
	Wait Time (sec):	1.000000

Secondary Source (VAR2):	OFF


   V1	   I1	Abs(I)	J (A\µm²)	Abs(J)
-5.000000E-1	-1.205390E-8	1.205390E-8	-3.069493E-10	3.069493E-10
-4.900000E-1	-1.009090E-8	1.009090E-8	-2.569621E-10	2.569621E-10
-4.800000E-1	-9.076600E-9	9.076600E-9	-2.311332E-10	2.311332E-10
-4.700000E-1	-8.509000E-9	8.509000E-9	-2.166794E-10	2.166794E-10
-4.600000E-1	-7.951570E-9	7.951570E-9	-2.024846E-10	2.024846E-10
-4.500000E-1	-7.602560E-9	7.602560E-9	-1.935971E-10	1.935971E-10
-4.400000E-1	-7.022630E-9	7.022630E-9	-1.788294E-10	1.788294E-10
-4.300000E-1	-6.826260E-9	6.826260E-9	-1.738289E-10	1.738289E-10
-4.200000E-1	-6.582420E-9	6.582420E-9	-1.676196E-10	1.676196E-10
-4.100000E-1	-6.363270E-9	6.363270E-9	-1.620390E-10	1.620390E-10
-4.000000E-1	-6.171850E-9	6.171850E-9	-1.571645E-10	1.571645E-10
-3.900000E-1	-5.418620E-9	5.418620E-9	-1.379837E-10	1.379837E-10
-3.800000E-1	-5.109150E-9	5.109150E-9	-1.301031E-10	1.301031E-10
-3.700000E-1	-4.807280E-9	4.807280E-9	-1.224161E-10	1.224161E-10
-3.600000E-1	-4.571050E-9	4.571050E-9	-1.164006E-10	1.164006E-10
-3.500000E-1	-4.355480E-9	4.355480E-9	-1.109111E-10	1.109111E-10
-3.400000E-1	-4.103860E-9	4.103860E-9	-1.045037E-10	1.045037E-10
-3.300000E-1	-3.900830E-9	3.900830E-9	-9.933359E-11	9.933359E-11
-3.200000E-1	-3.651640E-9	3.651640E-9	-9.298803E-11	9.298803E-11
-3.100000E-1	-3.494710E-9	3.494710E-9	-8.899185E-11	8.899185E-11
-3.000000E-1	-3.263640E-9	3.263640E-9	-8.310771E-11	8.310771E-11
-2.900000E-1	-3.069840E-9	3.069840E-9	-7.817265E-11	7.817265E-11
-2.800000E-1	-2.882010E-9	2.882010E-9	-7.338961E-11	7.338961E-11
-2.700000E-1	-2.701450E-9	2.701450E-9	-6.879170E-11	6.879170E-11
-2.600000E-1	-2.460130E-9	2.460130E-9	-6.264655E-11	6.264655E-11
-2.500000E-1	-2.353040E-9	2.353040E-9	-5.991953E-11	5.991953E-11
-2.400000E-1	-2.204520E-9	2.204520E-9	-5.613751E-11	5.613751E-11
-2.300000E-1	-2.297080E-9	2.297080E-9	-5.849452E-11	5.849452E-11
-2.200000E-1	-2.149900E-9	2.149900E-9	-5.474663E-11	5.474663E-11
-2.100000E-1	-1.872500E-9	1.872500E-9	-4.768271E-11	4.768271E-11
-2.000000E-1	-1.762120E-9	1.762120E-9	-4.487191E-11	4.487191E-11
-1.900000E-1	-1.562810E-9	1.562810E-9	-3.979654E-11	3.979654E-11
-1.800000E-1	-1.405540E-9	1.405540E-9	-3.579170E-11	3.579170E-11
-1.700000E-1	-1.279630E-9	1.279630E-9	-3.258543E-11	3.258543E-11
-1.600000E-1	-1.125060E-9	1.125060E-9	-2.864935E-11	2.864935E-11
-1.500000E-1	-1.001370E-9	1.001370E-9	-2.549962E-11	2.549962E-11
-1.400000E-1	-8.598000E-10	8.598000E-10	-2.189458E-11	2.189458E-11
-1.300000E-1	-7.388900E-10	7.388900E-10	-1.881564E-11	1.881564E-11
-1.200000E-1	-6.097500E-10	6.097500E-10	-1.552712E-11	1.552712E-11
-1.100000E-1	-5.144400E-10	5.144400E-10	-1.310008E-11	1.310008E-11
-1.000000E-1	-3.835600E-10	3.835600E-10	-9.767252E-12	9.767252E-12
-9.000000E-2	-2.896700E-10	2.896700E-10	-7.376369E-12	7.376369E-12
-8.000000E-2	-1.542600E-10	1.542600E-10	-3.928189E-12	3.928189E-12
-7.000000E-2	-7.754000E-11	7.754000E-11	-1.974535E-12	1.974535E-12
-6.000000E-2	3.273000E-11	3.273000E-11	8.334606E-13	8.334606E-13
-5.000000E-2	1.380300E-10	1.380300E-10	3.514897E-12	3.514897E-12
-4.000000E-2	2.692000E-10	2.692000E-10	6.855106E-12	6.855106E-12
-3.000000E-2	3.683200E-10	3.683200E-10	9.379170E-12	9.379170E-12
-2.000000E-2	4.770800E-10	4.770800E-10	1.214871E-11	1.214871E-11
-1.000000E-2	5.875600E-10	5.875600E-10	1.496206E-11	1.496206E-11
0.000000E+0	7.070800E-10	7.070800E-10	1.800560E-11	1.800560E-11
1.000000E-2	8.114000E-10	8.114000E-10	2.066208E-11	2.066208E-11
2.000000E-2	9.306000E-10	9.306000E-10	2.369748E-11	2.369748E-11
3.000000E-2	1.038680E-9	1.038680E-9	2.644971E-11	2.644971E-11
4.000000E-2	1.181260E-9	1.181260E-9	3.008047E-11	3.008047E-11
5.000000E-2	1.297980E-9	1.297980E-9	3.305271E-11	3.305271E-11
6.000000E-2	1.439700E-9	1.439700E-9	3.666157E-11	3.666157E-11
7.000000E-2	1.568870E-9	1.568870E-9	3.995085E-11	3.995085E-11
8.000000E-2	1.724360E-9	1.724360E-9	4.391036E-11	4.391036E-11
9.000000E-2	1.882770E-9	1.882770E-9	4.794423E-11	4.794423E-11
1.000000E-1	2.056360E-9	2.056360E-9	5.236465E-11	5.236465E-11
1.100000E-1	2.244210E-9	2.244210E-9	5.714820E-11	5.714820E-11
1.200000E-1	2.456660E-9	2.456660E-9	6.255819E-11	6.255819E-11
1.300000E-1	2.675460E-9	2.675460E-9	6.812987E-11	6.812987E-11
1.400000E-1	3.086320E-9	3.086320E-9	7.859231E-11	7.859231E-11
1.500000E-1	3.317270E-9	3.317270E-9	8.447339E-11	8.447339E-11
1.600000E-1	3.539170E-9	3.539170E-9	9.012401E-11	9.012401E-11
1.700000E-1	3.946620E-9	3.946620E-9	1.004996E-10	1.004996E-10
1.800000E-1	4.290140E-9	4.290140E-9	1.092473E-10	1.092473E-10
1.900000E-1	4.714670E-9	4.714670E-9	1.200578E-10	1.200578E-10
2.000000E-1	5.041090E-9	5.041090E-9	1.283700E-10	1.283700E-10
2.100000E-1	5.544610E-9	5.544610E-9	1.411920E-10	1.411920E-10
2.200000E-1	6.044700E-9	6.044700E-9	1.539267E-10	1.539267E-10
2.300000E-1	6.552610E-9	6.552610E-9	1.668605E-10	1.668605E-10
2.400000E-1	6.967590E-9	6.967590E-9	1.774278E-10	1.774278E-10
2.500000E-1	7.560320E-9	7.560320E-9	1.925215E-10	1.925215E-10
2.600000E-1	8.145850E-9	8.145850E-9	2.074319E-10	2.074319E-10
2.700000E-1	8.963700E-9	8.963700E-9	2.282582E-10	2.282582E-10
2.800000E-1	9.708100E-9	9.708100E-9	2.472142E-10	2.472142E-10
2.900000E-1	1.051460E-8	1.051460E-8	2.677515E-10	2.677515E-10
3.000000E-1	1.139950E-8	1.139950E-8	2.902852E-10	2.902852E-10
3.100000E-1	1.287280E-8	1.287280E-8	3.278024E-10	3.278024E-10
3.200000E-1	1.363010E-8	1.363010E-8	3.470868E-10	3.470868E-10
3.300000E-1	1.465770E-8	1.465770E-8	3.732544E-10	3.732544E-10
3.400000E-1	1.587510E-8	1.587510E-8	4.042552E-10	4.042552E-10
3.500000E-1	1.728500E-8	1.728500E-8	4.401579E-10	4.401579E-10
3.600000E-1	1.858470E-8	1.858470E-8	4.732544E-10	4.732544E-10
3.700000E-1	1.999200E-8	1.999200E-8	5.090909E-10	5.090909E-10
3.800000E-1	2.120250E-8	2.120250E-8	5.399160E-10	5.399160E-10
3.900000E-1	2.258770E-8	2.258770E-8	5.751897E-10	5.751897E-10
4.000000E-1	2.437940E-8	2.437940E-8	6.208149E-10	6.208149E-10
4.100000E-1	2.606430E-8	2.606430E-8	6.637204E-10	6.637204E-10
4.200000E-1	2.771390E-8	2.771390E-8	7.057270E-10	7.057270E-10
4.300000E-1	2.938840E-8	2.938840E-8	7.483677E-10	7.483677E-10
4.400000E-1	3.141700E-8	3.141700E-8	8.000255E-10	8.000255E-10
4.500000E-1	3.345670E-8	3.345670E-8	8.519659E-10	8.519659E-10
4.600000E-1	3.564060E-8	3.564060E-8	9.075783E-10	9.075783E-10
4.700000E-1	3.789670E-8	3.789670E-8	9.650293E-10	9.650293E-10
4.800000E-1	4.021640E-8	4.021640E-8	1.024100E-9	1.024100E-9
4.900000E-1	4.257650E-8	4.257650E-8	1.084199E-9	1.084199E-9
5.000000E-1	4.456720E-8	4.456720E-8	1.134892E-9	1.134892E-9
