

13:17:19	26/03/21


Ell Cont: 5,0x10,0

SMU1	V name:		V1
	I name:		I1
	Mode:		V
	Function:	VAR1
SMU2	V name:		V2
	I name:		I2
	Mode:		common
	Function:	const.
SMU3	off
SMU4	off
VMUs	off

Primary Source (VAR1):	single
	Sweep Spacing:	linear
	Start:		-0.500000
	Stop:		0.500000
	Step:		0.010000
	Compliance:	0.050000
Power Compliance OFF

Timing:		Integration Time:	medium
	Delay Time (sec):	0.000000
	Hold Time (sec):	0.000000
	Wait Time (sec):	1.000000

Secondary Source (VAR2):	OFF


   V1	   I1	Abs(I)	J (A\µm²)	Abs(J)
-5.000000E-1	-5.272410E-9	5.272410E-9	-1.342605E-10	1.342605E-10
-4.900000E-1	-2.478680E-9	2.478680E-9	-6.311892E-11	6.311892E-11
-4.800000E-1	-1.798960E-9	1.798960E-9	-4.581003E-11	4.581003E-11
-4.700000E-1	-1.461200E-9	1.461200E-9	-3.720907E-11	3.720907E-11
-4.600000E-1	-1.195400E-9	1.195400E-9	-3.044054E-11	3.044054E-11
-4.500000E-1	-1.054990E-9	1.054990E-9	-2.686504E-11	2.686504E-11
-4.400000E-1	-9.174300E-10	9.174300E-10	-2.336211E-11	2.336211E-11
-4.300000E-1	-7.951600E-10	7.951600E-10	-2.024854E-11	2.024854E-11
-4.200000E-1	-6.610300E-10	6.610300E-10	-1.683295E-11	1.683295E-11
-4.100000E-1	-5.561700E-10	5.561700E-10	-1.416272E-11	1.416272E-11
-4.000000E-1	-4.326300E-10	4.326300E-10	-1.101681E-11	1.101681E-11
-3.900000E-1	-3.571800E-10	3.571800E-10	-9.095493E-12	9.095493E-12
-3.800000E-1	-2.749700E-10	2.749700E-10	-7.002037E-12	7.002037E-12
-3.700000E-1	-1.818500E-10	1.818500E-10	-4.630761E-12	4.630761E-12
-3.600000E-1	-1.240700E-10	1.240700E-10	-3.159409E-12	3.159409E-12
-3.500000E-1	-6.167000E-11	6.167000E-11	-1.570410E-12	1.570410E-12
-3.400000E-1	2.044000E-11	2.044000E-11	5.204991E-13	5.204991E-13
-3.300000E-1	1.353100E-10	1.353100E-10	3.445633E-12	3.445633E-12
-3.200000E-1	1.835300E-10	1.835300E-10	4.673542E-12	4.673542E-12
-3.100000E-1	2.619700E-10	2.619700E-10	6.670996E-12	6.670996E-12
-3.000000E-1	3.275300E-10	3.275300E-10	8.340463E-12	8.340463E-12
-2.900000E-1	3.965600E-10	3.965600E-10	1.009829E-11	1.009829E-11
-2.800000E-1	4.621600E-10	4.621600E-10	1.176878E-11	1.176878E-11
-2.700000E-1	5.279100E-10	5.279100E-10	1.344309E-11	1.344309E-11
-2.600000E-1	5.938300E-10	5.938300E-10	1.512172E-11	1.512172E-11
-2.500000E-1	6.593700E-10	6.593700E-10	1.679068E-11	1.679068E-11
-2.400000E-1	7.660300E-10	7.660300E-10	1.950675E-11	1.950675E-11
-2.300000E-1	8.298300E-10	8.298300E-10	2.113140E-11	2.113140E-11
-2.200000E-1	8.998700E-10	8.998700E-10	2.291495E-11	2.291495E-11
-2.100000E-1	9.580100E-10	9.580100E-10	2.439547E-11	2.439547E-11
-2.000000E-1	1.066840E-9	1.066840E-9	2.716679E-11	2.716679E-11
-1.900000E-1	1.137500E-9	1.137500E-9	2.896613E-11	2.896613E-11
-1.800000E-1	1.261440E-9	1.261440E-9	3.212223E-11	3.212223E-11
-1.700000E-1	1.326880E-9	1.326880E-9	3.378864E-11	3.378864E-11
-1.600000E-1	1.457350E-9	1.457350E-9	3.711103E-11	3.711103E-11
-1.500000E-1	1.544220E-9	1.544220E-9	3.932315E-11	3.932315E-11
-1.400000E-1	1.690580E-9	1.690580E-9	4.305017E-11	4.305017E-11
-1.300000E-1	1.831860E-9	1.831860E-9	4.664782E-11	4.664782E-11
-1.200000E-1	1.944370E-9	1.944370E-9	4.951286E-11	4.951286E-11
-1.100000E-1	2.106330E-9	2.106330E-9	5.363713E-11	5.363713E-11
-1.000000E-1	2.272690E-9	2.272690E-9	5.787344E-11	5.787344E-11
-9.000000E-2	2.442130E-9	2.442130E-9	6.218818E-11	6.218818E-11
-8.000000E-2	2.670760E-9	2.670760E-9	6.801019E-11	6.801019E-11
-7.000000E-2	2.867530E-9	2.867530E-9	7.302088E-11	7.302088E-11
-6.000000E-2	3.104390E-9	3.104390E-9	7.905246E-11	7.905246E-11
-5.000000E-2	3.378310E-9	3.378310E-9	8.602776E-11	8.602776E-11
-4.000000E-2	3.670510E-9	3.670510E-9	9.346855E-11	9.346855E-11
-3.000000E-2	3.976890E-9	3.976890E-9	1.012704E-10	1.012704E-10
-2.000000E-2	4.360620E-9	4.360620E-9	1.110420E-10	1.110420E-10
-1.000000E-2	4.727210E-9	4.727210E-9	1.203771E-10	1.203771E-10
0.000000E+0	5.183980E-9	5.183980E-9	1.320087E-10	1.320087E-10
1.000000E-2	5.681530E-9	5.681530E-9	1.446786E-10	1.446786E-10
2.000000E-2	6.189510E-9	6.189510E-9	1.576142E-10	1.576142E-10
3.000000E-2	6.789070E-9	6.789070E-9	1.728818E-10	1.728818E-10
4.000000E-2	7.450000E-9	7.450000E-9	1.897122E-10	1.897122E-10
5.000000E-2	8.138410E-9	8.138410E-9	2.072424E-10	2.072424E-10
6.000000E-2	8.947750E-9	8.947750E-9	2.278520E-10	2.278520E-10
7.000000E-2	9.873500E-9	9.873500E-9	2.514260E-10	2.514260E-10
8.000000E-2	1.082680E-8	1.082680E-8	2.757016E-10	2.757016E-10
9.000000E-2	1.188930E-8	1.188930E-8	3.027578E-10	3.027578E-10
1.000000E-1	1.305660E-8	1.305660E-8	3.324828E-10	3.324828E-10
1.100000E-1	1.434450E-8	1.434450E-8	3.652788E-10	3.652788E-10
1.200000E-1	1.574440E-8	1.574440E-8	4.009269E-10	4.009269E-10
1.300000E-1	1.730170E-8	1.730170E-8	4.405831E-10	4.405831E-10
1.400000E-1	1.895160E-8	1.895160E-8	4.825974E-10	4.825974E-10
1.500000E-1	2.077650E-8	2.077650E-8	5.290680E-10	5.290680E-10
1.600000E-1	2.275040E-8	2.275040E-8	5.793328E-10	5.793328E-10
1.700000E-1	2.490670E-8	2.490670E-8	6.342424E-10	6.342424E-10
1.800000E-1	2.718010E-8	2.718010E-8	6.921339E-10	6.921339E-10
1.900000E-1	2.953320E-8	2.953320E-8	7.520550E-10	7.520550E-10
2.000000E-1	3.212120E-8	3.212120E-8	8.179577E-10	8.179577E-10
2.100000E-1	3.482470E-8	3.482470E-8	8.868016E-10	8.868016E-10
2.200000E-1	3.770080E-8	3.770080E-8	9.600407E-10	9.600407E-10
2.300000E-1	4.070150E-8	4.070150E-8	1.036453E-9	1.036453E-9
2.400000E-1	4.386350E-8	4.386350E-8	1.116972E-9	1.116972E-9
2.500000E-1	4.724840E-8	4.724840E-8	1.203168E-9	1.203168E-9
2.600000E-1	5.077600E-8	5.077600E-8	1.292997E-9	1.292997E-9
2.700000E-1	5.410550E-8	5.410550E-8	1.377782E-9	1.377782E-9
2.800000E-1	5.786660E-8	5.786660E-8	1.473557E-9	1.473557E-9
2.900000E-1	6.181110E-8	6.181110E-8	1.574003E-9	1.574003E-9
3.000000E-1	6.575040E-8	6.575040E-8	1.674316E-9	1.674316E-9
3.100000E-1	6.985480E-8	6.985480E-8	1.778834E-9	1.778834E-9
3.200000E-1	7.407620E-8	7.407620E-8	1.886331E-9	1.886331E-9
3.300000E-1	7.824690E-8	7.824690E-8	1.992536E-9	1.992536E-9
3.400000E-1	8.254550E-8	8.254550E-8	2.101999E-9	2.101999E-9
3.500000E-1	8.723440E-8	8.723440E-8	2.221401E-9	2.221401E-9
3.600000E-1	9.141730E-8	9.141730E-8	2.327917E-9	2.327917E-9
3.700000E-1	9.593120E-8	9.593120E-8	2.442862E-9	2.442862E-9
3.800000E-1	1.007420E-7	1.007420E-7	2.565368E-9	2.565368E-9
3.900000E-1	1.068771E-7	1.068771E-7	2.721597E-9	2.721597E-9
4.000000E-1	1.122730E-7	1.122730E-7	2.859002E-9	2.859002E-9
4.100000E-1	1.196090E-7	1.196090E-7	3.045811E-9	3.045811E-9
4.200000E-1	1.271590E-7	1.271590E-7	3.238070E-9	3.238070E-9
4.300000E-1	1.352850E-7	1.352850E-7	3.444996E-9	3.444996E-9
4.400000E-1	1.440370E-7	1.440370E-7	3.667863E-9	3.667863E-9
4.500000E-1	1.532020E-7	1.532020E-7	3.901248E-9	3.901248E-9
4.600000E-1	1.628810E-7	1.628810E-7	4.147721E-9	4.147721E-9
4.700000E-1	1.727150E-7	1.727150E-7	4.398141E-9	4.398141E-9
4.800000E-1	1.831040E-7	1.831040E-7	4.662694E-9	4.662694E-9
4.900000E-1	1.933990E-7	1.933990E-7	4.924854E-9	4.924854E-9
5.000000E-1	2.042420E-7	2.042420E-7	5.200968E-9	5.200968E-9
