

13:36:53	26/03/21


Ell Cont: 5,0x10,0

SMU1	V name:		V1
	I name:		I1
	Mode:		V
	Function:	VAR1
SMU2	V name:		V2
	I name:		I2
	Mode:		common
	Function:	const.
SMU3	off
SMU4	off
VMUs	off

Primary Source (VAR1):	single
	Sweep Spacing:	linear
	Start:		-0.500000
	Stop:		0.500000
	Step:		0.010000
	Compliance:	0.050000
Power Compliance OFF

Timing:		Integration Time:	medium
	Delay Time (sec):	0.000000
	Hold Time (sec):	0.000000
	Wait Time (sec):	1.000000

Secondary Source (VAR2):	OFF


   V1	   I1	Abs(I)	J (A\µm²)	Abs(J)
-5.000000E-1	-1.782920E-8	1.782920E-8	-4.540158E-10	4.540158E-10
-4.900000E-1	-1.412760E-8	1.412760E-8	-3.597555E-10	3.597555E-10
-4.800000E-1	-1.297990E-8	1.297990E-8	-3.305297E-10	3.305297E-10
-4.700000E-1	-1.175870E-8	1.175870E-8	-2.994321E-10	2.994321E-10
-4.600000E-1	-1.101600E-8	1.101600E-8	-2.805195E-10	2.805195E-10
-4.500000E-1	-1.053050E-8	1.053050E-8	-2.681564E-10	2.681564E-10
-4.400000E-1	-1.011230E-8	1.011230E-8	-2.575070E-10	2.575070E-10
-4.300000E-1	-9.510300E-9	9.510300E-9	-2.421772E-10	2.421772E-10
-4.200000E-1	-9.048100E-9	9.048100E-9	-2.304074E-10	2.304074E-10
-4.100000E-1	-8.443800E-9	8.443800E-9	-2.150191E-10	2.150191E-10
-4.000000E-1	-8.813860E-9	8.813860E-9	-2.244426E-10	2.244426E-10
-3.900000E-1	-7.599510E-9	7.599510E-9	-1.935195E-10	1.935195E-10
-3.800000E-1	-7.402320E-9	7.402320E-9	-1.884981E-10	1.884981E-10
-3.700000E-1	-7.128980E-9	7.128980E-9	-1.815376E-10	1.815376E-10
-3.600000E-1	-6.618860E-9	6.618860E-9	-1.685475E-10	1.685475E-10
-3.500000E-1	-6.169580E-9	6.169580E-9	-1.571067E-10	1.571067E-10
-3.400000E-1	-5.443840E-9	5.443840E-9	-1.386259E-10	1.386259E-10
-3.300000E-1	-5.121520E-9	5.121520E-9	-1.304181E-10	1.304181E-10
-3.200000E-1	-4.921270E-9	4.921270E-9	-1.253188E-10	1.253188E-10
-3.100000E-1	-4.675520E-9	4.675520E-9	-1.190609E-10	1.190609E-10
-3.000000E-1	-4.363940E-9	4.363940E-9	-1.111266E-10	1.111266E-10
-2.900000E-1	-3.976820E-9	3.976820E-9	-1.012687E-10	1.012687E-10
-2.800000E-1	-3.751890E-9	3.751890E-9	-9.554087E-11	9.554087E-11
-2.700000E-1	-3.442260E-9	3.442260E-9	-8.765623E-11	8.765623E-11
-2.600000E-1	-3.300300E-9	3.300300E-9	-8.404125E-11	8.404125E-11
-2.500000E-1	-2.999390E-9	2.999390E-9	-7.637866E-11	7.637866E-11
-2.400000E-1	-2.696780E-9	2.696780E-9	-6.867278E-11	6.867278E-11
-2.300000E-1	-2.266390E-9	2.266390E-9	-5.771301E-11	5.771301E-11
-2.200000E-1	-2.310100E-9	2.310100E-9	-5.882608E-11	5.882608E-11
-2.100000E-1	-1.939050E-9	1.939050E-9	-4.937739E-11	4.937739E-11
-2.000000E-1	-1.815970E-9	1.815970E-9	-4.624319E-11	4.624319E-11
-1.900000E-1	-1.604670E-9	1.604670E-9	-4.086249E-11	4.086249E-11
-1.800000E-1	-1.465310E-9	1.465310E-9	-3.731373E-11	3.731373E-11
-1.700000E-1	-1.276330E-9	1.276330E-9	-3.250140E-11	3.250140E-11
-1.600000E-1	-1.091880E-9	1.091880E-9	-2.780443E-11	2.780443E-11
-1.500000E-1	-8.894900E-10	8.894900E-10	-2.265062E-11	2.265062E-11
-1.400000E-1	-7.497800E-10	7.497800E-10	-1.909295E-11	1.909295E-11
-1.300000E-1	-5.454300E-10	5.454300E-10	-1.388923E-11	1.388923E-11
-1.200000E-1	-4.715600E-10	4.715600E-10	-1.200815E-11	1.200815E-11
-1.100000E-1	-3.348900E-10	3.348900E-10	-8.527884E-12	8.527884E-12
-1.000000E-1	-2.218500E-10	2.218500E-10	-5.649351E-12	5.649351E-12
-9.000000E-2	-8.203000E-11	8.203000E-11	-2.088872E-12	2.088872E-12
-8.000000E-2	4.109000E-11	4.109000E-11	1.046346E-12	1.046346E-12
-7.000000E-2	1.769200E-10	1.769200E-10	4.505220E-12	4.505220E-12
-6.000000E-2	2.808800E-10	2.808800E-10	7.152534E-12	7.152534E-12
-5.000000E-2	3.976400E-10	3.976400E-10	1.012580E-11	1.012580E-11
-4.000000E-2	5.122400E-10	5.122400E-10	1.304405E-11	1.304405E-11
-3.000000E-2	6.301000E-10	6.301000E-10	1.604533E-11	1.604533E-11
-2.000000E-2	7.344200E-10	7.344200E-10	1.870181E-11	1.870181E-11
-1.000000E-2	8.485100E-10	8.485100E-10	2.160708E-11	2.160708E-11
0.000000E+0	9.856400E-10	9.856400E-10	2.509906E-11	2.509906E-11
1.000000E-2	1.086390E-9	1.086390E-9	2.766463E-11	2.766463E-11
2.000000E-2	1.239200E-9	1.239200E-9	3.155589E-11	3.155589E-11
3.000000E-2	1.375650E-9	1.375650E-9	3.503056E-11	3.503056E-11
4.000000E-2	1.539080E-9	1.539080E-9	3.919226E-11	3.919226E-11
5.000000E-2	1.681540E-9	1.681540E-9	4.281996E-11	4.281996E-11
6.000000E-2	1.849970E-9	1.849970E-9	4.710899E-11	4.710899E-11
7.000000E-2	2.037540E-9	2.037540E-9	5.188541E-11	5.188541E-11
8.000000E-2	2.228050E-9	2.228050E-9	5.673669E-11	5.673669E-11
9.000000E-2	2.461420E-9	2.461420E-9	6.267940E-11	6.267940E-11
1.000000E-1	2.682840E-9	2.682840E-9	6.831780E-11	6.831780E-11
1.100000E-1	2.973630E-9	2.973630E-9	7.572269E-11	7.572269E-11
1.200000E-1	3.229210E-9	3.229210E-9	8.223096E-11	8.223096E-11
1.300000E-1	3.585440E-9	3.585440E-9	9.130227E-11	9.130227E-11
1.400000E-1	3.863340E-9	3.863340E-9	9.837891E-11	9.837891E-11
1.500000E-1	4.259840E-9	4.259840E-9	1.084757E-10	1.084757E-10
1.600000E-1	4.666810E-9	4.666810E-9	1.188391E-10	1.188391E-10
1.700000E-1	5.064770E-9	5.064770E-9	1.289730E-10	1.289730E-10
1.800000E-1	5.510250E-9	5.510250E-9	1.403170E-10	1.403170E-10
1.900000E-1	6.075390E-9	6.075390E-9	1.547082E-10	1.547082E-10
2.000000E-1	6.619110E-9	6.619110E-9	1.685539E-10	1.685539E-10
2.100000E-1	7.196210E-9	7.196210E-9	1.832496E-10	1.832496E-10
2.200000E-1	7.841280E-9	7.841280E-9	1.996761E-10	1.996761E-10
2.300000E-1	8.478350E-9	8.478350E-9	2.158989E-10	2.158989E-10
2.400000E-1	9.154800E-9	9.154800E-9	2.331245E-10	2.331245E-10
2.500000E-1	1.009530E-8	1.009530E-8	2.570741E-10	2.570741E-10
2.600000E-1	1.093930E-8	1.093930E-8	2.785663E-10	2.785663E-10
2.700000E-1	1.199730E-8	1.199730E-8	3.055080E-10	3.055080E-10
2.800000E-1	1.316130E-8	1.316130E-8	3.351490E-10	3.351490E-10
2.900000E-1	1.417590E-8	1.417590E-8	3.609855E-10	3.609855E-10
3.000000E-1	1.541840E-8	1.541840E-8	3.926254E-10	3.926254E-10
3.100000E-1	1.672290E-8	1.672290E-8	4.258442E-10	4.258442E-10
3.200000E-1	1.850500E-8	1.850500E-8	4.712248E-10	4.712248E-10
3.300000E-1	1.874800E-8	1.874800E-8	4.774128E-10	4.774128E-10
3.400000E-1	2.024220E-8	2.024220E-8	5.154622E-10	5.154622E-10
3.500000E-1	2.256180E-8	2.256180E-8	5.745302E-10	5.745302E-10
3.600000E-1	2.412980E-8	2.412980E-8	6.144589E-10	6.144589E-10
3.700000E-1	2.625200E-8	2.625200E-8	6.685001E-10	6.685001E-10
3.800000E-1	2.793320E-8	2.793320E-8	7.113114E-10	7.113114E-10
3.900000E-1	2.994960E-8	2.994960E-8	7.626585E-10	7.626585E-10
4.000000E-1	3.201190E-8	3.201190E-8	8.151744E-10	8.151744E-10
4.100000E-1	3.395420E-8	3.395420E-8	8.646346E-10	8.646346E-10
4.200000E-1	3.766700E-8	3.766700E-8	9.591800E-10	9.591800E-10
4.300000E-1	3.998160E-8	3.998160E-8	1.018121E-9	1.018121E-9
4.400000E-1	4.265090E-8	4.265090E-8	1.086094E-9	1.086094E-9
4.500000E-1	4.550060E-8	4.550060E-8	1.158661E-9	1.158661E-9
4.600000E-1	4.838830E-8	4.838830E-8	1.232195E-9	1.232195E-9
4.700000E-1	4.993770E-8	4.993770E-8	1.271650E-9	1.271650E-9
4.800000E-1	5.283600E-8	5.283600E-8	1.345455E-9	1.345455E-9
4.900000E-1	5.624120E-8	5.624120E-8	1.432167E-9	1.432167E-9
5.000000E-1	5.947200E-8	5.947200E-8	1.514438E-9	1.514438E-9
