

13:08:15	26/03/21


Ell Cont: 5,0x10,0

SMU1	V name:		V1
	I name:		I1
	Mode:		V
	Function:	VAR1
SMU2	V name:		V2
	I name:		I2
	Mode:		common
	Function:	const.
SMU3	off
SMU4	off
VMUs	off

Primary Source (VAR1):	single
	Sweep Spacing:	linear
	Start:		-0.500000
	Stop:		0.500000
	Step:		0.010000
	Compliance:	0.050000
Power Compliance OFF

Timing:		Integration Time:	medium
	Delay Time (sec):	0.000000
	Hold Time (sec):	0.000000
	Wait Time (sec):	1.000000

Secondary Source (VAR2):	OFF


   V1	   I1	Abs(I)	J (A\µm²)	Abs(J)
-5.000000E-1	-8.218630E-4	8.218630E-4	-2.092852E-5	2.092852E-5
-4.900000E-1	-7.571620E-4	7.571620E-4	-1.928093E-5	1.928093E-5
-4.800000E-1	-7.205850E-4	7.205850E-4	-1.834950E-5	1.834950E-5
-4.700000E-1	-6.984520E-4	6.984520E-4	-1.778589E-5	1.778589E-5
-4.600000E-1	-6.720900E-4	6.720900E-4	-1.711459E-5	1.711459E-5
-4.500000E-1	-6.512330E-4	6.512330E-4	-1.658347E-5	1.658347E-5
-4.400000E-1	-6.379020E-4	6.379020E-4	-1.624400E-5	1.624400E-5
-4.300000E-1	-6.228530E-4	6.228530E-4	-1.586078E-5	1.586078E-5
-4.200000E-1	-6.008910E-4	6.008910E-4	-1.530153E-5	1.530153E-5
-4.100000E-1	-5.845000E-4	5.845000E-4	-1.488414E-5	1.488414E-5
-4.000000E-1	-5.630820E-4	5.630820E-4	-1.433873E-5	1.433873E-5
-3.900000E-1	-5.426750E-4	5.426750E-4	-1.381907E-5	1.381907E-5
-3.800000E-1	-5.231880E-4	5.231880E-4	-1.332284E-5	1.332284E-5
-3.700000E-1	-5.069800E-4	5.069800E-4	-1.291011E-5	1.291011E-5
-3.600000E-1	-4.932230E-4	4.932230E-4	-1.255979E-5	1.255979E-5
-3.500000E-1	-4.780530E-4	4.780530E-4	-1.217349E-5	1.217349E-5
-3.400000E-1	-4.605420E-4	4.605420E-4	-1.172758E-5	1.172758E-5
-3.300000E-1	-4.473330E-4	4.473330E-4	-1.139121E-5	1.139121E-5
-3.200000E-1	-4.379660E-4	4.379660E-4	-1.115269E-5	1.115269E-5
-3.100000E-1	-4.224890E-4	4.224890E-4	-1.075857E-5	1.075857E-5
-3.000000E-1	-4.054720E-4	4.054720E-4	-1.032524E-5	1.032524E-5
-2.900000E-1	-3.901820E-4	3.901820E-4	-9.935880E-6	9.935880E-6
-2.800000E-1	-3.807020E-4	3.807020E-4	-9.694474E-6	9.694474E-6
-2.700000E-1	-3.640030E-4	3.640030E-4	-9.269238E-6	9.269238E-6
-2.600000E-1	-3.480650E-4	3.480650E-4	-8.863382E-6	8.863382E-6
-2.500000E-1	-3.373760E-4	3.373760E-4	-8.591189E-6	8.591189E-6
-2.400000E-1	-3.264660E-4	3.264660E-4	-8.313369E-6	8.313369E-6
-2.300000E-1	-3.140250E-4	3.140250E-4	-7.996562E-6	7.996562E-6
-2.200000E-1	-3.011420E-4	3.011420E-4	-7.668500E-6	7.668500E-6
-2.100000E-1	-2.873020E-4	2.873020E-4	-7.316068E-6	7.316068E-6
-2.000000E-1	-2.697450E-4	2.697450E-4	-6.868984E-6	6.868984E-6
-1.900000E-1	-2.560380E-4	2.560380E-4	-6.519939E-6	6.519939E-6
-1.800000E-1	-2.432570E-4	2.432570E-4	-6.194474E-6	6.194474E-6
-1.700000E-1	-2.285510E-4	2.285510E-4	-5.819990E-6	5.819990E-6
-1.600000E-1	-2.175790E-4	2.175790E-4	-5.540591E-6	5.540591E-6
-1.500000E-1	-2.016700E-4	2.016700E-4	-5.135472E-6	5.135472E-6
-1.400000E-1	-1.902680E-4	1.902680E-4	-4.845123E-6	4.845123E-6
-1.300000E-1	-1.758960E-4	1.758960E-4	-4.479144E-6	4.479144E-6
-1.200000E-1	-1.636590E-4	1.636590E-4	-4.167532E-6	4.167532E-6
-1.100000E-1	-1.496500E-4	1.496500E-4	-3.810797E-6	3.810797E-6
-1.000000E-1	-1.354490E-4	1.354490E-4	-3.449172E-6	3.449172E-6
-9.000000E-2	-1.223400E-4	1.223400E-4	-3.115355E-6	3.115355E-6
-8.000000E-2	-1.084740E-4	1.084740E-4	-2.762261E-6	2.762261E-6
-7.000000E-2	-9.491770E-5	9.491770E-5	-2.417054E-6	2.417054E-6
-6.000000E-2	-8.227240E-5	8.227240E-5	-2.095045E-6	2.095045E-6
-5.000000E-2	-6.912860E-5	6.912860E-5	-1.760341E-6	1.760341E-6
-4.000000E-2	-5.534840E-5	5.534840E-5	-1.409432E-6	1.409432E-6
-3.000000E-2	-4.178560E-5	4.178560E-5	-1.064059E-6	1.064059E-6
-2.000000E-2	-2.833710E-5	2.833710E-5	-7.215966E-7	7.215966E-7
-1.000000E-2	-1.415060E-5	1.415060E-5	-3.603412E-7	3.603412E-7
0.000000E+0	-6.612710E-8	6.612710E-8	-1.683909E-9	1.683909E-9
1.000000E-2	1.443180E-5	1.443180E-5	3.675019E-7	3.675019E-7
2.000000E-2	2.888950E-5	2.888950E-5	7.356633E-7	7.356633E-7
3.000000E-2	4.340910E-5	4.340910E-5	1.105401E-6	1.105401E-6
4.000000E-2	5.950920E-5	5.950920E-5	1.515386E-6	1.515386E-6
5.000000E-2	7.191460E-5	7.191460E-5	1.831286E-6	1.831286E-6
6.000000E-2	8.730470E-5	8.730470E-5	2.223191E-6	2.223191E-6
7.000000E-2	1.034832E-4	1.034832E-4	2.635172E-6	2.635172E-6
8.000000E-2	1.170170E-4	1.170170E-4	2.979806E-6	2.979806E-6
9.000000E-2	1.329070E-4	1.329070E-4	3.384441E-6	3.384441E-6
1.000000E-1	1.492120E-4	1.492120E-4	3.799643E-6	3.799643E-6
1.100000E-1	1.658260E-4	1.658260E-4	4.222714E-6	4.222714E-6
1.200000E-1	1.824910E-4	1.824910E-4	4.647084E-6	4.647084E-6
1.300000E-1	1.981990E-4	1.981990E-4	5.047084E-6	5.047084E-6
1.400000E-1	2.133470E-4	2.133470E-4	5.432824E-6	5.432824E-6
1.500000E-1	2.307090E-4	2.307090E-4	5.874943E-6	5.874943E-6
1.600000E-1	2.505720E-4	2.505720E-4	6.380749E-6	6.380749E-6
1.700000E-1	2.650380E-4	2.650380E-4	6.749121E-6	6.749121E-6
1.800000E-1	2.774840E-4	2.774840E-4	7.066055E-6	7.066055E-6
1.900000E-1	2.907360E-4	2.907360E-4	7.403514E-6	7.403514E-6
2.000000E-1	3.088810E-4	3.088810E-4	7.865572E-6	7.865572E-6
2.100000E-1	3.295370E-4	3.295370E-4	8.391571E-6	8.391571E-6
2.200000E-1	3.450860E-4	3.450860E-4	8.787522E-6	8.787522E-6
2.300000E-1	3.632940E-4	3.632940E-4	9.251184E-6	9.251184E-6
2.400000E-1	3.820020E-4	3.820020E-4	9.727578E-6	9.727578E-6
2.500000E-1	3.953210E-4	3.953210E-4	1.006674E-5	1.006674E-5
2.600000E-1	4.104600E-4	4.104600E-4	1.045225E-5	1.045225E-5
2.700000E-1	4.250970E-4	4.250970E-4	1.082498E-5	1.082498E-5
2.800000E-1	4.423690E-4	4.423690E-4	1.126481E-5	1.126481E-5
2.900000E-1	4.547800E-4	4.547800E-4	1.158085E-5	1.158085E-5
3.000000E-1	4.727220E-4	4.727220E-4	1.203774E-5	1.203774E-5
3.100000E-1	4.860490E-4	4.860490E-4	1.237711E-5	1.237711E-5
3.200000E-1	4.999760E-4	4.999760E-4	1.273175E-5	1.273175E-5
3.300000E-1	5.085770E-4	5.085770E-4	1.295078E-5	1.295078E-5
3.400000E-1	5.193530E-4	5.193530E-4	1.322518E-5	1.322518E-5
3.500000E-1	5.299440E-4	5.299440E-4	1.349488E-5	1.349488E-5
3.600000E-1	5.449950E-4	5.449950E-4	1.387815E-5	1.387815E-5
3.700000E-1	5.551420E-4	5.551420E-4	1.413654E-5	1.413654E-5
3.800000E-1	5.564960E-4	5.564960E-4	1.417102E-5	1.417102E-5
3.900000E-1	5.577740E-4	5.577740E-4	1.420356E-5	1.420356E-5
4.000000E-1	5.680180E-4	5.680180E-4	1.446443E-5	1.446443E-5
4.100000E-1	5.772850E-4	5.772850E-4	1.470041E-5	1.470041E-5
4.200000E-1	5.792940E-4	5.792940E-4	1.475157E-5	1.475157E-5
4.300000E-1	5.844630E-4	5.844630E-4	1.488319E-5	1.488319E-5
4.400000E-1	5.953170E-4	5.953170E-4	1.515959E-5	1.515959E-5
4.500000E-1	6.060460E-4	6.060460E-4	1.543280E-5	1.543280E-5
4.600000E-1	6.348850E-4	6.348850E-4	1.616718E-5	1.616718E-5
4.700000E-1	6.393520E-4	6.393520E-4	1.628093E-5	1.628093E-5
4.800000E-1	6.437470E-4	6.437470E-4	1.639284E-5	1.639284E-5
4.900000E-1	6.806170E-4	6.806170E-4	1.733173E-5	1.733173E-5
5.000000E-1	7.708060E-4	7.708060E-4	1.962837E-5	1.962837E-5
