

13:32:01	26/03/21


Ell Cont: 5,0x10,0

SMU1	V name:		V1
	I name:		I1
	Mode:		V
	Function:	VAR1
SMU2	V name:		V2
	I name:		I2
	Mode:		common
	Function:	const.
SMU3	off
SMU4	off
VMUs	off

Primary Source (VAR1):	single
	Sweep Spacing:	linear
	Start:		-0.500000
	Stop:		0.500000
	Step:		0.010000
	Compliance:	0.050000
Power Compliance OFF

Timing:		Integration Time:	medium
	Delay Time (sec):	0.000000
	Hold Time (sec):	0.000000
	Wait Time (sec):	1.000000

Secondary Source (VAR2):	OFF


   V1	   I1	Abs(I)	J (A\um²)	Abs(J)
-5.000000E-1	-2.236100E-8	2.236100E-8	-5.694169E-10	5.694169E-10
-4.900000E-1	-1.937620E-8	1.937620E-8	-4.934097E-10	4.934097E-10
-4.800000E-1	-1.805530E-8	1.805530E-8	-4.597734E-10	4.597734E-10
-4.700000E-1	-1.690780E-8	1.690780E-8	-4.305526E-10	4.305526E-10
-4.600000E-1	-1.619810E-8	1.619810E-8	-4.124803E-10	4.124803E-10
-4.500000E-1	-1.558960E-8	1.558960E-8	-3.969850E-10	3.969850E-10
-4.400000E-1	-1.479390E-8	1.479390E-8	-3.767227E-10	3.767227E-10
-4.300000E-1	-1.408300E-8	1.408300E-8	-3.586198E-10	3.586198E-10
-4.200000E-1	-1.351320E-8	1.351320E-8	-3.441100E-10	3.441100E-10
-4.100000E-1	-1.281340E-8	1.281340E-8	-3.262898E-10	3.262898E-10
-4.000000E-1	-1.217820E-8	1.217820E-8	-3.101146E-10	3.101146E-10
-3.900000E-1	-1.192590E-8	1.192590E-8	-3.036898E-10	3.036898E-10
-3.800000E-1	-1.129910E-8	1.129910E-8	-2.877285E-10	2.877285E-10
-3.700000E-1	-1.078350E-8	1.078350E-8	-2.745989E-10	2.745989E-10
-3.600000E-1	-1.030910E-8	1.030910E-8	-2.625185E-10	2.625185E-10
-3.500000E-1	-9.858400E-9	9.858400E-9	-2.510415E-10	2.510415E-10
-3.400000E-1	-9.311700E-9	9.311700E-9	-2.371199E-10	2.371199E-10
-3.300000E-1	-8.836600E-9	8.836600E-9	-2.250216E-10	2.250216E-10
-3.200000E-1	-8.506000E-9	8.506000E-9	-2.166030E-10	2.166030E-10
-3.100000E-1	-7.952310E-9	7.952310E-9	-2.025034E-10	2.025034E-10
-3.000000E-1	-7.536540E-9	7.536540E-9	-1.919160E-10	1.919160E-10
-2.900000E-1	-7.062270E-9	7.062270E-9	-1.798388E-10	1.798388E-10
-2.800000E-1	-6.628680E-9	6.628680E-9	-1.687976E-10	1.687976E-10
-2.700000E-1	-6.290560E-9	6.290560E-9	-1.601874E-10	1.601874E-10
-2.600000E-1	-5.812100E-9	5.812100E-9	-1.480036E-10	1.480036E-10
-2.500000E-1	-5.476140E-9	5.476140E-9	-1.394484E-10	1.394484E-10
-2.400000E-1	-5.088650E-9	5.088650E-9	-1.295811E-10	1.295811E-10
-2.300000E-1	-4.772290E-9	4.772290E-9	-1.215251E-10	1.215251E-10
-2.200000E-1	-4.446880E-9	4.446880E-9	-1.132386E-10	1.132386E-10
-2.100000E-1	-4.049450E-9	4.049450E-9	-1.031182E-10	1.031182E-10
-2.000000E-1	-3.743930E-9	3.743930E-9	-9.533817E-11	9.533817E-11
-1.900000E-1	-3.385510E-9	3.385510E-9	-8.621110E-11	8.621110E-11
-1.800000E-1	-3.111740E-9	3.111740E-9	-7.923962E-11	7.923962E-11
-1.700000E-1	-2.839670E-9	2.839670E-9	-7.231143E-11	7.231143E-11
-1.600000E-1	-2.577900E-9	2.577900E-9	-6.564553E-11	6.564553E-11
-1.500000E-1	-2.276470E-9	2.276470E-9	-5.796970E-11	5.796970E-11
-1.400000E-1	-2.002360E-9	2.002360E-9	-5.098956E-11	5.098956E-11
-1.300000E-1	-1.709170E-9	1.709170E-9	-4.352355E-11	4.352355E-11
-1.200000E-1	-1.529690E-9	1.529690E-9	-3.895314E-11	3.895314E-11
-1.100000E-1	-1.246910E-9	1.246910E-9	-3.175223E-11	3.175223E-11
-1.000000E-1	-1.057520E-9	1.057520E-9	-2.692946E-11	2.692946E-11
-9.000000E-2	-8.129600E-10	8.129600E-10	-2.070181E-11	2.070181E-11
-8.000000E-2	-6.242600E-10	6.242600E-10	-1.589661E-11	1.589661E-11
-7.000000E-2	-3.981900E-10	3.981900E-10	-1.013980E-11	1.013980E-11
-6.000000E-2	-2.376000E-10	2.376000E-10	-6.050420E-12	6.050420E-12
-5.000000E-2	-5.692000E-11	5.692000E-11	-1.449452E-12	1.449452E-12
-4.000000E-2	1.489800E-10	1.489800E-10	3.793736E-12	3.793736E-12
-3.000000E-2	3.185400E-10	3.185400E-10	8.111535E-12	8.111535E-12
-2.000000E-2	5.042700E-10	5.042700E-10	1.284110E-11	1.284110E-11
-1.000000E-2	6.919300E-10	6.919300E-10	1.761981E-11	1.761981E-11
0.000000E+0	8.710000E-10	8.710000E-10	2.217978E-11	2.217978E-11
1.000000E-2	1.049860E-9	1.049860E-9	2.673440E-11	2.673440E-11
2.000000E-2	1.270260E-9	1.270260E-9	3.234683E-11	3.234683E-11
3.000000E-2	1.456640E-9	1.456640E-9	3.709295E-11	3.709295E-11
4.000000E-2	1.661490E-9	1.661490E-9	4.230940E-11	4.230940E-11
5.000000E-2	1.897680E-9	1.897680E-9	4.832391E-11	4.832391E-11
6.000000E-2	2.138900E-9	2.138900E-9	5.446651E-11	5.446651E-11
7.000000E-2	2.432690E-9	2.432690E-9	6.194780E-11	6.194780E-11
8.000000E-2	2.662120E-9	2.662120E-9	6.779017E-11	6.779017E-11
9.000000E-2	2.964090E-9	2.964090E-9	7.547975E-11	7.547975E-11
1.000000E-1	3.245830E-9	3.245830E-9	8.265419E-11	8.265419E-11
1.100000E-1	3.574850E-9	3.574850E-9	9.103259E-11	9.103259E-11
1.200000E-1	3.909930E-9	3.909930E-9	9.956532E-11	9.956532E-11
1.300000E-1	4.245480E-9	4.245480E-9	1.081100E-10	1.081100E-10
1.400000E-1	4.716490E-9	4.716490E-9	1.201041E-10	1.201041E-10
1.500000E-1	5.093340E-9	5.093340E-9	1.297005E-10	1.297005E-10
1.600000E-1	5.596810E-9	5.596810E-9	1.425213E-10	1.425213E-10
1.700000E-1	5.996420E-9	5.996420E-9	1.526972E-10	1.526972E-10
1.800000E-1	6.593720E-9	6.593720E-9	1.679073E-10	1.679073E-10
1.900000E-1	7.082650E-9	7.082650E-9	1.803578E-10	1.803578E-10
2.000000E-1	7.685580E-9	7.685580E-9	1.957112E-10	1.957112E-10
2.100000E-1	8.326640E-9	8.326640E-9	2.120356E-10	2.120356E-10
2.200000E-1	8.993900E-9	8.993900E-9	2.290272E-10	2.290272E-10
2.300000E-1	9.824900E-9	9.824900E-9	2.501884E-10	2.501884E-10
2.400000E-1	1.061320E-8	1.061320E-8	2.702623E-10	2.702623E-10
2.500000E-1	1.143900E-8	1.143900E-8	2.912911E-10	2.912911E-10
2.600000E-1	1.237420E-8	1.237420E-8	3.151057E-10	3.151057E-10
2.700000E-1	1.338080E-8	1.338080E-8	3.407385E-10	3.407385E-10
2.800000E-1	1.437540E-8	1.437540E-8	3.660657E-10	3.660657E-10
2.900000E-1	1.553820E-8	1.553820E-8	3.956761E-10	3.956761E-10
3.000000E-1	1.670410E-8	1.670410E-8	4.253654E-10	4.253654E-10
3.100000E-1	1.794280E-8	1.794280E-8	4.569086E-10	4.569086E-10
3.200000E-1	1.937930E-8	1.937930E-8	4.934887E-10	4.934887E-10
3.300000E-1	2.085710E-8	2.085710E-8	5.311204E-10	5.311204E-10
3.400000E-1	2.260280E-8	2.260280E-8	5.755742E-10	5.755742E-10
3.500000E-1	2.423410E-8	2.423410E-8	6.171148E-10	6.171148E-10
3.600000E-1	2.594210E-8	2.594210E-8	6.606086E-10	6.606086E-10
3.700000E-1	2.788720E-8	2.788720E-8	7.101400E-10	7.101400E-10
3.800000E-1	2.964900E-8	2.964900E-8	7.550038E-10	7.550038E-10
3.900000E-1	3.164800E-8	3.164800E-8	8.059078E-10	8.059078E-10
4.000000E-1	3.403910E-8	3.403910E-8	8.667965E-10	8.667965E-10
4.100000E-1	3.608290E-8	3.608290E-8	9.188413E-10	9.188413E-10
4.200000E-1	3.847670E-8	3.847670E-8	9.797988E-10	9.797988E-10
4.300000E-1	4.112340E-8	4.112340E-8	1.047196E-9	1.047196E-9
4.400000E-1	4.378370E-8	4.378370E-8	1.114940E-9	1.114940E-9
4.500000E-1	4.640450E-8	4.640450E-8	1.181678E-9	1.181678E-9
4.600000E-1	4.920190E-8	4.920190E-8	1.252913E-9	1.252913E-9
4.700000E-1	5.246060E-8	5.246060E-8	1.335895E-9	1.335895E-9
4.800000E-1	5.572780E-8	5.572780E-8	1.419093E-9	1.419093E-9
4.900000E-1	5.897070E-8	5.897070E-8	1.501673E-9	1.501673E-9
5.000000E-1	6.225160E-8	6.225160E-8	1.585220E-9	1.585220E-9
