

13:11:15	26/03/21


Ell Cont: 5,0x10,0

SMU1	V name:		V1
	I name:		I1
	Mode:		V
	Function:	VAR1
SMU2	V name:		V2
	I name:		I2
	Mode:		common
	Function:	const.
SMU3	off
SMU4	off
VMUs	off

Primary Source (VAR1):	single
	Sweep Spacing:	linear
	Start:		-0.500000
	Stop:		0.500000
	Step:		0.010000
	Compliance:	0.050000
Power Compliance OFF

Timing:		Integration Time:	medium
	Delay Time (sec):	0.000000
	Hold Time (sec):	0.000000
	Wait Time (sec):	1.000000

Secondary Source (VAR2):	OFF


   V1	   I1	Abs(I)	J (A\µm²)	Abs(J)
-5.000000E-1	-1.823570E-7	1.823570E-7	-4.643672E-9	4.643672E-9
-4.900000E-1	-1.638500E-7	1.638500E-7	-4.172396E-9	4.172396E-9
-4.800000E-1	-1.490730E-7	1.490730E-7	-3.796104E-9	3.796104E-9
-4.700000E-1	-1.359380E-7	1.359380E-7	-3.461625E-9	3.461625E-9
-4.600000E-1	-1.247360E-7	1.247360E-7	-3.176369E-9	3.176369E-9
-4.500000E-1	-1.152070E-7	1.152070E-7	-2.933715E-9	2.933715E-9
-4.400000E-1	-1.063181E-7	1.063181E-7	-2.707362E-9	2.707362E-9
-4.300000E-1	-9.584000E-8	9.584000E-8	-2.440540E-9	2.440540E-9
-4.200000E-1	-8.893160E-8	8.893160E-8	-2.264619E-9	2.264619E-9
-4.100000E-1	-8.245480E-8	8.245480E-8	-2.099689E-9	2.099689E-9
-4.000000E-1	-7.658620E-8	7.658620E-8	-1.950247E-9	1.950247E-9
-3.900000E-1	-7.146640E-8	7.146640E-8	-1.819873E-9	1.819873E-9
-3.800000E-1	-6.670260E-8	6.670260E-8	-1.698564E-9	1.698564E-9
-3.700000E-1	-6.234110E-8	6.234110E-8	-1.587499E-9	1.587499E-9
-3.600000E-1	-5.844230E-8	5.844230E-8	-1.488217E-9	1.488217E-9
-3.500000E-1	-5.439880E-8	5.439880E-8	-1.385251E-9	1.385251E-9
-3.400000E-1	-5.074190E-8	5.074190E-8	-1.292129E-9	1.292129E-9
-3.300000E-1	-4.742530E-8	4.742530E-8	-1.207673E-9	1.207673E-9
-3.200000E-1	-4.455800E-8	4.455800E-8	-1.134657E-9	1.134657E-9
-3.100000E-1	-4.170040E-8	4.170040E-8	-1.061889E-9	1.061889E-9
-3.000000E-1	-3.914340E-8	3.914340E-8	-9.967762E-10	9.967762E-10
-2.900000E-1	-3.676390E-8	3.676390E-8	-9.361828E-10	9.361828E-10
-2.800000E-1	-3.443580E-8	3.443580E-8	-8.768984E-10	8.768984E-10
-2.700000E-1	-3.238610E-8	3.238610E-8	-8.247033E-10	8.247033E-10
-2.600000E-1	-3.045190E-8	3.045190E-8	-7.754494E-10	7.754494E-10
-2.500000E-1	-2.874520E-8	2.874520E-8	-7.319888E-10	7.319888E-10
-2.400000E-1	-2.695280E-8	2.695280E-8	-6.863458E-10	6.863458E-10
-2.300000E-1	-2.541480E-8	2.541480E-8	-6.471810E-10	6.471810E-10
-2.200000E-1	-2.375840E-8	2.375840E-8	-6.050013E-10	6.050013E-10
-2.100000E-1	-2.241090E-8	2.241090E-8	-5.706875E-10	5.706875E-10
-2.000000E-1	-2.107660E-8	2.107660E-8	-5.367100E-10	5.367100E-10
-1.900000E-1	-1.981670E-8	1.981670E-8	-5.046269E-10	5.046269E-10
-1.800000E-1	-1.860430E-8	1.860430E-8	-4.737535E-10	4.737535E-10
-1.700000E-1	-1.763810E-8	1.763810E-8	-4.491495E-10	4.491495E-10
-1.600000E-1	-1.674080E-8	1.674080E-8	-4.263000E-10	4.263000E-10
-1.500000E-1	-1.553330E-8	1.553330E-8	-3.955513E-10	3.955513E-10
-1.400000E-1	-1.457680E-8	1.457680E-8	-3.711943E-10	3.711943E-10
-1.300000E-1	-1.375430E-8	1.375430E-8	-3.502496E-10	3.502496E-10
-1.200000E-1	-1.300700E-8	1.300700E-8	-3.312198E-10	3.312198E-10
-1.100000E-1	-1.225110E-8	1.225110E-8	-3.119710E-10	3.119710E-10
-1.000000E-1	-1.147490E-8	1.147490E-8	-2.922052E-10	2.922052E-10
-9.000000E-2	-1.089460E-8	1.089460E-8	-2.774281E-10	2.774281E-10
-8.000000E-2	-1.044400E-8	1.044400E-8	-2.659537E-10	2.659537E-10
-7.000000E-2	-9.908600E-9	9.908600E-9	-2.523198E-10	2.523198E-10
-6.000000E-2	-9.294000E-9	9.294000E-9	-2.366692E-10	2.366692E-10
-5.000000E-2	-8.987500E-9	8.987500E-9	-2.288643E-10	2.288643E-10
-4.000000E-2	-8.433490E-9	8.433490E-9	-2.147566E-10	2.147566E-10
-3.000000E-2	-8.035250E-9	8.035250E-9	-2.046155E-10	2.046155E-10
-2.000000E-2	-7.516420E-9	7.516420E-9	-1.914036E-10	1.914036E-10
-1.000000E-2	-7.003380E-9	7.003380E-9	-1.783392E-10	1.783392E-10
0.000000E+0	-6.502670E-9	6.502670E-9	-1.655887E-10	1.655887E-10
1.000000E-2	-6.028950E-9	6.028950E-9	-1.535256E-10	1.535256E-10
2.000000E-2	-5.575550E-9	5.575550E-9	-1.419799E-10	1.419799E-10
3.000000E-2	-5.158560E-9	5.158560E-9	-1.313613E-10	1.313613E-10
4.000000E-2	-4.734020E-9	4.734020E-9	-1.205505E-10	1.205505E-10
5.000000E-2	-4.311650E-9	4.311650E-9	-1.097950E-10	1.097950E-10
6.000000E-2	-3.904520E-9	3.904520E-9	-9.942755E-11	9.942755E-11
7.000000E-2	-3.557460E-9	3.557460E-9	-9.058976E-11	9.058976E-11
8.000000E-2	-3.176260E-9	3.176260E-9	-8.088261E-11	8.088261E-11
9.000000E-2	-3.123760E-9	3.123760E-9	-7.954571E-11	7.954571E-11
1.000000E-1	-2.412040E-9	2.412040E-9	-6.142195E-11	6.142195E-11
1.100000E-1	-2.240170E-9	2.240170E-9	-5.704533E-11	5.704533E-11
1.200000E-1	-2.204930E-9	2.204930E-9	-5.614795E-11	5.614795E-11
1.300000E-1	-1.880490E-9	1.880490E-9	-4.788617E-11	4.788617E-11
1.400000E-1	-1.646330E-9	1.646330E-9	-4.192335E-11	4.192335E-11
1.500000E-1	-1.389480E-9	1.389480E-9	-3.538273E-11	3.538273E-11
1.600000E-1	-1.067500E-9	1.067500E-9	-2.718360E-11	2.718360E-11
1.700000E-1	-7.692100E-10	7.692100E-10	-1.958773E-11	1.958773E-11
1.800000E-1	-5.027300E-10	5.027300E-10	-1.280188E-11	1.280188E-11
1.900000E-1	-1.783500E-10	1.783500E-10	-4.541635E-12	4.541635E-12
2.000000E-1	1.490500E-10	1.490500E-10	3.795518E-12	3.795518E-12
2.100000E-1	4.730600E-10	4.730600E-10	1.204635E-11	1.204635E-11
2.200000E-1	7.214600E-10	7.214600E-10	1.837178E-11	1.837178E-11
2.300000E-1	1.041640E-9	1.041640E-9	2.652508E-11	2.652508E-11
2.400000E-1	1.363520E-9	1.363520E-9	3.472167E-11	3.472167E-11
2.500000E-1	1.675810E-9	1.675810E-9	4.267405E-11	4.267405E-11
2.600000E-1	1.964630E-9	1.964630E-9	5.002877E-11	5.002877E-11
2.700000E-1	2.474700E-9	2.474700E-9	6.301757E-11	6.301757E-11
2.800000E-1	2.631080E-9	2.631080E-9	6.699974E-11	6.699974E-11
2.900000E-1	2.902050E-9	2.902050E-9	7.389992E-11	7.389992E-11
3.000000E-1	3.230070E-9	3.230070E-9	8.225286E-11	8.225286E-11
3.100000E-1	3.669030E-9	3.669030E-9	9.343086E-11	9.343086E-11
3.200000E-1	4.339380E-9	4.339380E-9	1.105011E-10	1.105011E-10
3.300000E-1	4.734040E-9	4.734040E-9	1.205511E-10	1.205511E-10
3.400000E-1	4.846970E-9	4.846970E-9	1.234268E-10	1.234268E-10
3.500000E-1	5.595800E-9	5.595800E-9	1.424955E-10	1.424955E-10
3.600000E-1	5.849660E-9	5.849660E-9	1.489600E-10	1.489600E-10
3.700000E-1	5.817950E-9	5.817950E-9	1.481525E-10	1.481525E-10
3.800000E-1	6.544860E-9	6.544860E-9	1.666631E-10	1.666631E-10
3.900000E-1	7.070250E-9	7.070250E-9	1.800420E-10	1.800420E-10
4.000000E-1	7.448010E-9	7.448010E-9	1.896616E-10	1.896616E-10
4.100000E-1	7.883700E-9	7.883700E-9	2.007563E-10	2.007563E-10
4.200000E-1	8.160900E-9	8.160900E-9	2.078151E-10	2.078151E-10
4.300000E-1	8.631780E-9	8.631780E-9	2.198060E-10	2.198060E-10
4.400000E-1	8.900400E-9	8.900400E-9	2.266463E-10	2.266463E-10
4.500000E-1	9.005000E-9	9.005000E-9	2.293099E-10	2.293099E-10
4.600000E-1	9.598100E-9	9.598100E-9	2.444130E-10	2.444130E-10
4.700000E-1	1.017520E-8	1.017520E-8	2.591087E-10	2.591087E-10
4.800000E-1	1.061700E-8	1.061700E-8	2.703590E-10	2.703590E-10
4.900000E-1	1.093380E-8	1.093380E-8	2.784263E-10	2.784263E-10
5.000000E-1	1.056340E-8	1.056340E-8	2.689941E-10	2.689941E-10
