

13:18:26	26/03/21


Ell Cont: 5,0x10,0

SMU1	V name:		V1
	I name:		I1
	Mode:		V
	Function:	VAR1
SMU2	V name:		V2
	I name:		I2
	Mode:		common
	Function:	const.
SMU3	off
SMU4	off
VMUs	off

Primary Source (VAR1):	single
	Sweep Spacing:	linear
	Start:		-0.500000
	Stop:		0.500000
	Step:		0.010000
	Compliance:	0.050000
Power Compliance OFF

Timing:		Integration Time:	medium
	Delay Time (sec):	0.000000
	Hold Time (sec):	0.000000
	Wait Time (sec):	1.000000

Secondary Source (VAR2):	OFF


   V1	   I1	Abs(I)	J (A\um²)	Abs(J)
-5.000000E-1	-6.669620E-9	6.669620E-9	-1.698401E-10	1.698401E-10
-4.900000E-1	-5.148120E-9	5.148120E-9	-1.310955E-10	1.310955E-10
-4.800000E-1	-4.671380E-9	4.671380E-9	-1.189554E-10	1.189554E-10
-4.700000E-1	-4.314790E-9	4.314790E-9	-1.098750E-10	1.098750E-10
-4.600000E-1	-3.977840E-9	3.977840E-9	-1.012946E-10	1.012946E-10
-4.500000E-1	-3.820160E-9	3.820160E-9	-9.727935E-11	9.727935E-11
-4.400000E-1	-3.642560E-9	3.642560E-9	-9.275681E-11	9.275681E-11
-4.300000E-1	-3.443010E-9	3.443010E-9	-8.767532E-11	8.767532E-11
-4.200000E-1	-3.229160E-9	3.229160E-9	-8.222969E-11	8.222969E-11
-4.100000E-1	-3.227680E-9	3.227680E-9	-8.219200E-11	8.219200E-11
-4.000000E-1	-3.001160E-9	3.001160E-9	-7.642373E-11	7.642373E-11
-3.900000E-1	-2.923700E-9	2.923700E-9	-7.445123E-11	7.445123E-11
-3.800000E-1	-2.696920E-9	2.696920E-9	-6.867634E-11	6.867634E-11
-3.700000E-1	-2.557150E-9	2.557150E-9	-6.511714E-11	6.511714E-11
-3.600000E-1	-2.415410E-9	2.415410E-9	-6.150777E-11	6.150777E-11
-3.500000E-1	-2.168370E-9	2.168370E-9	-5.521696E-11	5.521696E-11
-3.400000E-1	-2.067670E-9	2.067670E-9	-5.265266E-11	5.265266E-11
-3.300000E-1	-1.930330E-9	1.930330E-9	-4.915533E-11	4.915533E-11
-3.200000E-1	-1.794090E-9	1.794090E-9	-4.568602E-11	4.568602E-11
-3.100000E-1	-1.732650E-9	1.732650E-9	-4.412147E-11	4.412147E-11
-3.000000E-1	-1.704050E-9	1.704050E-9	-4.339317E-11	4.339317E-11
-2.900000E-1	-1.498890E-9	1.498890E-9	-3.816883E-11	3.816883E-11
-2.800000E-1	-1.421450E-9	1.421450E-9	-3.619684E-11	3.619684E-11
-2.700000E-1	-1.309570E-9	1.309570E-9	-3.334785E-11	3.334785E-11
-2.600000E-1	-1.194460E-9	1.194460E-9	-3.041660E-11	3.041660E-11
-2.500000E-1	-1.128820E-9	1.128820E-9	-2.874510E-11	2.874510E-11
-2.400000E-1	-1.054770E-9	1.054770E-9	-2.685943E-11	2.685943E-11
-2.300000E-1	-9.473600E-10	9.473600E-10	-2.412427E-11	2.412427E-11
-2.200000E-1	-8.533700E-10	8.533700E-10	-2.173084E-11	2.173084E-11
-2.100000E-1	-7.889400E-10	7.889400E-10	-2.009014E-11	2.009014E-11
-2.000000E-1	-7.005500E-10	7.005500E-10	-1.783932E-11	1.783932E-11
-1.900000E-1	-5.778500E-10	5.778500E-10	-1.471479E-11	1.471479E-11
-1.800000E-1	-5.118400E-10	5.118400E-10	-1.303387E-11	1.303387E-11
-1.700000E-1	-4.120100E-10	4.120100E-10	-1.049172E-11	1.049172E-11
-1.600000E-1	-3.457100E-10	3.457100E-10	-8.803412E-12	8.803412E-12
-1.500000E-1	-2.591800E-10	2.591800E-10	-6.599949E-12	6.599949E-12
-1.400000E-1	-1.729800E-10	1.729800E-10	-4.404889E-12	4.404889E-12
-1.300000E-1	-1.053700E-10	1.053700E-10	-2.683219E-12	2.683219E-12
-1.200000E-1	-3.759000E-11	3.759000E-11	-9.572192E-13	9.572192E-13
-1.100000E-1	3.283000E-11	3.283000E-11	8.360071E-13	8.360071E-13
-1.000000E-1	1.005700E-10	1.005700E-10	2.560988E-12	2.560988E-12
-9.000000E-2	2.174300E-10	2.174300E-10	5.536796E-12	5.536796E-12
-8.000000E-2	2.670200E-10	2.670200E-10	6.799592E-12	6.799592E-12
-7.000000E-2	3.517200E-10	3.517200E-10	8.956455E-12	8.956455E-12
-6.000000E-2	4.231700E-10	4.231700E-10	1.077591E-11	1.077591E-11
-5.000000E-2	5.161200E-10	5.161200E-10	1.314286E-11	1.314286E-11
-4.000000E-2	5.977400E-10	5.977400E-10	1.522129E-11	1.522129E-11
-3.000000E-2	6.914700E-10	6.914700E-10	1.760810E-11	1.760810E-11
-2.000000E-2	7.783700E-10	7.783700E-10	1.982098E-11	1.982098E-11
-1.000000E-2	8.836100E-10	8.836100E-10	2.250089E-11	2.250089E-11
0.000000E+0	9.729200E-10	9.729200E-10	2.477515E-11	2.477515E-11
1.000000E-2	1.076860E-9	1.076860E-9	2.742195E-11	2.742195E-11
2.000000E-2	1.202860E-9	1.202860E-9	3.063051E-11	3.063051E-11
3.000000E-2	1.316090E-9	1.316090E-9	3.351388E-11	3.351388E-11
4.000000E-2	1.453920E-9	1.453920E-9	3.702368E-11	3.702368E-11
5.000000E-2	1.584510E-9	1.584510E-9	4.034912E-11	4.034912E-11
6.000000E-2	1.756920E-9	1.756920E-9	4.473950E-11	4.473950E-11
7.000000E-2	1.908840E-9	1.908840E-9	4.860810E-11	4.860810E-11
8.000000E-2	2.103550E-9	2.103550E-9	5.356634E-11	5.356634E-11
9.000000E-2	2.296260E-9	2.296260E-9	5.847364E-11	5.847364E-11
1.000000E-1	2.525920E-9	2.525920E-9	6.432187E-11	6.432187E-11
1.100000E-1	2.741530E-9	2.741530E-9	6.981232E-11	6.981232E-11
1.200000E-1	3.021260E-9	3.021260E-9	7.693557E-11	7.693557E-11
1.300000E-1	3.299430E-9	3.299430E-9	8.401910E-11	8.401910E-11
1.400000E-1	3.602540E-9	3.602540E-9	9.173771E-11	9.173771E-11
1.500000E-1	3.987770E-9	3.987770E-9	1.015475E-10	1.015475E-10
1.600000E-1	4.331600E-9	4.331600E-9	1.103030E-10	1.103030E-10
1.700000E-1	4.758970E-9	4.758970E-9	1.211859E-10	1.211859E-10
1.800000E-1	5.174730E-9	5.174730E-9	1.317731E-10	1.317731E-10
1.900000E-1	5.691350E-9	5.691350E-9	1.449287E-10	1.449287E-10
2.000000E-1	6.163830E-9	6.163830E-9	1.569603E-10	1.569603E-10
2.100000E-1	6.773940E-9	6.773940E-9	1.724966E-10	1.724966E-10
2.200000E-1	7.356410E-9	7.356410E-9	1.873290E-10	1.873290E-10
2.300000E-1	8.019110E-9	8.019110E-9	2.042045E-10	2.042045E-10
2.400000E-1	8.751740E-9	8.751740E-9	2.228607E-10	2.228607E-10
2.500000E-1	9.458100E-9	9.458100E-9	2.408480E-10	2.408480E-10
2.600000E-1	1.032860E-8	1.032860E-8	2.630150E-10	2.630150E-10
2.700000E-1	1.122050E-8	1.122050E-8	2.857270E-10	2.857270E-10
2.800000E-1	1.215950E-8	1.215950E-8	3.096384E-10	3.096384E-10
2.900000E-1	1.318670E-8	1.318670E-8	3.357958E-10	3.357958E-10
3.000000E-1	1.430290E-8	1.430290E-8	3.642195E-10	3.642195E-10
3.100000E-1	1.558610E-8	1.558610E-8	3.968958E-10	3.968958E-10
3.200000E-1	1.686750E-8	1.686750E-8	4.295264E-10	4.295264E-10
3.300000E-1	1.828120E-8	1.828120E-8	4.655258E-10	4.655258E-10
3.400000E-1	1.975930E-8	1.975930E-8	5.031653E-10	5.031653E-10
3.500000E-1	2.135920E-8	2.135920E-8	5.439063E-10	5.439063E-10
3.600000E-1	2.300560E-8	2.300560E-8	5.858314E-10	5.858314E-10
3.700000E-1	2.474530E-8	2.474530E-8	6.301324E-10	6.301324E-10
3.800000E-1	2.653540E-8	2.653540E-8	6.757168E-10	6.757168E-10
3.900000E-1	2.853030E-8	2.853030E-8	7.265164E-10	7.265164E-10
4.000000E-1	3.049710E-8	3.049710E-8	7.766004E-10	7.766004E-10
4.100000E-1	3.281700E-8	3.281700E-8	8.356761E-10	8.356761E-10
4.200000E-1	3.495850E-8	3.495850E-8	8.902088E-10	8.902088E-10
4.300000E-1	3.731040E-8	3.731040E-8	9.500993E-10	9.500993E-10
4.400000E-1	3.985510E-8	3.985510E-8	1.014899E-9	1.014899E-9
4.500000E-1	4.249730E-8	4.249730E-8	1.082182E-9	1.082182E-9
4.600000E-1	4.508540E-8	4.508540E-8	1.148088E-9	1.148088E-9
4.700000E-1	4.780650E-8	4.780650E-8	1.217380E-9	1.217380E-9
4.800000E-1	5.077270E-8	5.077270E-8	1.292913E-9	1.292913E-9
4.900000E-1	5.372900E-8	5.372900E-8	1.368195E-9	1.368195E-9
5.000000E-1	5.666080E-8	5.666080E-8	1.442852E-9	1.442852E-9
