

13:41:11	26/03/21


Ell Cont: 5,0x10,0

SMU1	V name:		V1
	I name:		I1
	Mode:		V
	Function:	VAR1
SMU2	V name:		V2
	I name:		I2
	Mode:		common
	Function:	const.
SMU3	off
SMU4	off
VMUs	off

Primary Source (VAR1):	single
	Sweep Spacing:	linear
	Start:		-0.500000
	Stop:		0.500000
	Step:		0.010000
	Compliance:	0.050000
Power Compliance OFF

Timing:		Integration Time:	medium
	Delay Time (sec):	0.000000
	Hold Time (sec):	0.000000
	Wait Time (sec):	1.000000

Secondary Source (VAR2):	OFF


   V1	   I1	Abs(I)	J (A\µm²)	Abs(J)
-5.000000E-1	-2.066720E-8	2.066720E-8	-5.262847E-10	5.262847E-10
-4.900000E-1	-1.710260E-8	1.710260E-8	-4.355131E-10	4.355131E-10
-4.800000E-1	-1.585750E-8	1.585750E-8	-4.038070E-10	4.038070E-10
-4.700000E-1	-1.440600E-8	1.440600E-8	-3.668449E-10	3.668449E-10
-4.600000E-1	-1.382080E-8	1.382080E-8	-3.519430E-10	3.519430E-10
-4.500000E-1	-1.279010E-8	1.279010E-8	-3.256965E-10	3.256965E-10
-4.400000E-1	-1.262630E-8	1.262630E-8	-3.215253E-10	3.215253E-10
-4.300000E-1	-1.145100E-8	1.145100E-8	-2.915966E-10	2.915966E-10
-4.200000E-1	-1.197880E-8	1.197880E-8	-3.050369E-10	3.050369E-10
-4.100000E-1	-1.052360E-8	1.052360E-8	-2.679806E-10	2.679806E-10
-4.000000E-1	-1.001330E-8	1.001330E-8	-2.549860E-10	2.549860E-10
-3.900000E-1	-9.592900E-9	9.592900E-9	-2.442806E-10	2.442806E-10
-3.800000E-1	-9.491200E-9	9.491200E-9	-2.416909E-10	2.416909E-10
-3.700000E-1	-9.141100E-9	9.141100E-9	-2.327757E-10	2.327757E-10
-3.600000E-1	-8.653700E-9	8.653700E-9	-2.203641E-10	2.203641E-10
-3.500000E-1	-8.518510E-9	8.518510E-9	-2.169216E-10	2.169216E-10
-3.400000E-1	-7.571550E-9	7.571550E-9	-1.928075E-10	1.928075E-10
-3.300000E-1	-7.384940E-9	7.384940E-9	-1.880555E-10	1.880555E-10
-3.200000E-1	-6.942900E-9	6.942900E-9	-1.767991E-10	1.767991E-10
-3.100000E-1	-6.647790E-9	6.647790E-9	-1.692842E-10	1.692842E-10
-3.000000E-1	-6.002570E-9	6.002570E-9	-1.528538E-10	1.528538E-10
-2.900000E-1	-6.037110E-9	6.037110E-9	-1.537334E-10	1.537334E-10
-2.800000E-1	-5.352880E-9	5.352880E-9	-1.363096E-10	1.363096E-10
-2.700000E-1	-5.279620E-9	5.279620E-9	-1.344441E-10	1.344441E-10
-2.600000E-1	-4.775090E-9	4.775090E-9	-1.215964E-10	1.215964E-10
-2.500000E-1	-4.805280E-9	4.805280E-9	-1.223652E-10	1.223652E-10
-2.400000E-1	-4.340790E-9	4.340790E-9	-1.105370E-10	1.105370E-10
-2.300000E-1	-4.058070E-9	4.058070E-9	-1.033377E-10	1.033377E-10
-2.200000E-1	-3.626820E-9	3.626820E-9	-9.235600E-11	9.235600E-11
-2.100000E-1	-3.316020E-9	3.316020E-9	-8.444156E-11	8.444156E-11
-2.000000E-1	-3.044960E-9	3.044960E-9	-7.753909E-11	7.753909E-11
-1.900000E-1	-2.815360E-9	2.815360E-9	-7.169239E-11	7.169239E-11
-1.800000E-1	-2.616370E-9	2.616370E-9	-6.662516E-11	6.662516E-11
-1.700000E-1	-2.265470E-9	2.265470E-9	-5.768958E-11	5.768958E-11
-1.600000E-1	-2.029820E-9	2.029820E-9	-5.168882E-11	5.168882E-11
-1.500000E-1	-1.706150E-9	1.706150E-9	-4.344665E-11	4.344665E-11
-1.400000E-1	-1.720110E-9	1.720110E-9	-4.380214E-11	4.380214E-11
-1.300000E-1	-1.326930E-9	1.326930E-9	-3.378992E-11	3.378992E-11
-1.200000E-1	-1.195270E-9	1.195270E-9	-3.043723E-11	3.043723E-11
-1.100000E-1	-1.057390E-9	1.057390E-9	-2.692615E-11	2.692615E-11
-1.000000E-1	-6.791400E-10	6.791400E-10	-1.729412E-11	1.729412E-11
-9.000000E-2	-5.237000E-10	5.237000E-10	-1.333588E-11	1.333588E-11
-8.000000E-2	-3.613200E-10	3.613200E-10	-9.200917E-12	9.200917E-12
-7.000000E-2	-1.803100E-10	1.803100E-10	-4.591546E-12	4.591546E-12
-6.000000E-2	-4.149000E-11	4.149000E-11	-1.056532E-12	1.056532E-12
-5.000000E-2	1.057700E-10	1.057700E-10	2.693405E-12	2.693405E-12
-4.000000E-2	2.946900E-10	2.946900E-10	7.504202E-12	7.504202E-12
-3.000000E-2	4.257100E-10	4.257100E-10	1.084059E-11	1.084059E-11
-2.000000E-2	5.841300E-10	5.841300E-10	1.487471E-11	1.487471E-11
-1.000000E-2	7.309500E-10	7.309500E-10	1.861345E-11	1.861345E-11
0.000000E+0	9.024200E-10	9.024200E-10	2.297988E-11	2.297988E-11
1.000000E-2	1.060480E-9	1.060480E-9	2.700484E-11	2.700484E-11
2.000000E-2	1.265410E-9	1.265410E-9	3.222333E-11	3.222333E-11
3.000000E-2	1.431910E-9	1.431910E-9	3.646320E-11	3.646320E-11
4.000000E-2	1.626650E-9	1.626650E-9	4.142220E-11	4.142220E-11
5.000000E-2	1.816430E-9	1.816430E-9	4.625490E-11	4.625490E-11
6.000000E-2	2.076260E-9	2.076260E-9	5.287140E-11	5.287140E-11
7.000000E-2	2.260660E-9	2.260660E-9	5.756710E-11	5.756710E-11
8.000000E-2	2.561280E-9	2.561280E-9	6.522231E-11	6.522231E-11
9.000000E-2	2.796180E-9	2.796180E-9	7.120397E-11	7.120397E-11
1.000000E-1	3.103120E-9	3.103120E-9	7.902012E-11	7.902012E-11
1.100000E-1	3.423100E-9	3.423100E-9	8.716832E-11	8.716832E-11
1.200000E-1	3.766180E-9	3.766180E-9	9.590476E-11	9.590476E-11
1.300000E-1	4.138690E-9	4.138690E-9	1.053906E-10	1.053906E-10
1.400000E-1	4.555990E-9	4.555990E-9	1.160171E-10	1.160171E-10
1.500000E-1	4.944700E-9	4.944700E-9	1.259155E-10	1.259155E-10
1.600000E-1	5.543210E-9	5.543210E-9	1.411564E-10	1.411564E-10
1.700000E-1	6.068000E-9	6.068000E-9	1.545200E-10	1.545200E-10
1.800000E-1	6.646390E-9	6.646390E-9	1.692485E-10	1.692485E-10
1.900000E-1	7.148720E-9	7.148720E-9	1.820402E-10	1.820402E-10
2.000000E-1	7.796830E-9	7.796830E-9	1.985442E-10	1.985442E-10
2.100000E-1	8.438540E-9	8.438540E-9	2.148852E-10	2.148852E-10
2.200000E-1	9.135300E-9	9.135300E-9	2.326280E-10	2.326280E-10
2.300000E-1	9.977800E-9	9.977800E-9	2.540820E-10	2.540820E-10
2.400000E-1	1.088490E-8	1.088490E-8	2.771811E-10	2.771811E-10
2.500000E-1	1.159110E-8	1.159110E-8	2.951642E-10	2.951642E-10
2.600000E-1	1.254950E-8	1.254950E-8	3.195696E-10	3.195696E-10
2.700000E-1	1.377170E-8	1.377170E-8	3.506926E-10	3.506926E-10
2.800000E-1	1.469200E-8	1.469200E-8	3.741278E-10	3.741278E-10
2.900000E-1	1.638260E-8	1.638260E-8	4.171785E-10	4.171785E-10
3.000000E-1	1.764580E-8	1.764580E-8	4.493456E-10	4.493456E-10
3.100000E-1	1.904680E-8	1.904680E-8	4.850216E-10	4.850216E-10
3.200000E-1	2.049790E-8	2.049790E-8	5.219735E-10	5.219735E-10
3.300000E-1	2.206520E-8	2.206520E-8	5.618844E-10	5.618844E-10
3.400000E-1	2.371830E-8	2.371830E-8	6.039801E-10	6.039801E-10
3.500000E-1	2.535370E-8	2.535370E-8	6.456252E-10	6.456252E-10
3.600000E-1	2.717450E-8	2.717450E-8	6.919913E-10	6.919913E-10
3.700000E-1	2.922940E-8	2.922940E-8	7.443188E-10	7.443188E-10
3.800000E-1	3.127650E-8	3.127650E-8	7.964477E-10	7.964477E-10
3.900000E-1	3.352010E-8	3.352010E-8	8.535803E-10	8.535803E-10
4.000000E-1	3.549720E-8	3.549720E-8	9.039267E-10	9.039267E-10
4.100000E-1	3.792830E-8	3.792830E-8	9.658340E-10	9.658340E-10
4.200000E-1	4.052650E-8	4.052650E-8	1.031996E-9	1.031996E-9
4.300000E-1	4.308520E-8	4.308520E-8	1.097153E-9	1.097153E-9
4.400000E-1	4.563360E-8	4.563360E-8	1.162047E-9	1.162047E-9
4.500000E-1	4.884860E-8	4.884860E-8	1.243916E-9	1.243916E-9
4.600000E-1	5.092740E-8	5.092740E-8	1.296853E-9	1.296853E-9
4.700000E-1	5.369520E-8	5.369520E-8	1.367334E-9	1.367334E-9
4.800000E-1	5.733060E-8	5.733060E-8	1.459908E-9	1.459908E-9
4.900000E-1	6.068120E-8	6.068120E-8	1.545230E-9	1.545230E-9
5.000000E-1	6.384000E-8	6.384000E-8	1.625668E-9	1.625668E-9
