

14:03:59	24/03/21


Ell Cont: 5,0x10,0

SMU1	V name:		V1
	I name:		I1
	Mode:		V
	Function:	VAR1
SMU2	V name:		V2
	I name:		I2
	Mode:		common
	Function:	const.
SMU3	off
SMU4	off
VMUs	off

Primary Source (VAR1):	single
	Sweep Spacing:	linear
	Start:		-5.000000
	Stop:		5.000000
	Step:		0.010000
	Compliance:	0.050000
Power Compliance OFF

Timing:		Integration Time:	medium
	Delay Time (sec):	0.000000
	Hold Time (sec):	0.000000
	Wait Time (sec):	1.000000

Secondary Source (VAR2):	OFF


   V1	   I1	Abs(I)	J (A\um²)	Abs(J)
-3.500000E+0	-8.896100E-6	8.896100E-6	-2.265368E-7	2.265368E-7
-3.490000E+0	-5.258250E-6	5.258250E-6	-1.338999E-7	1.338999E-7
-3.480000E+0	-3.599650E-6	3.599650E-6	-9.166412E-8	9.166412E-8
-3.470000E+0	-2.637150E-6	2.637150E-6	-6.715432E-8	6.715432E-8
-3.460000E+0	-2.031140E-6	2.031140E-6	-5.172243E-8	5.172243E-8
-3.450000E+0	-1.625640E-6	1.625640E-6	-4.139649E-8	4.139649E-8
-3.440000E+0	-1.341020E-6	1.341020E-6	-3.414871E-8	3.414871E-8
-3.430000E+0	-1.132830E-6	1.132830E-6	-2.884721E-8	2.884721E-8
-3.420000E+0	-9.534440E-7	9.534440E-7	-2.427920E-8	2.427920E-8
-3.410000E+0	-8.333250E-7	8.333250E-7	-2.122040E-8	2.122040E-8
-3.400000E+0	-7.386760E-7	7.386760E-7	-1.881019E-8	1.881019E-8
-3.390000E+0	-6.605910E-7	6.605910E-7	-1.682177E-8	1.682177E-8
-3.380000E+0	-5.949870E-7	5.949870E-7	-1.515118E-8	1.515118E-8
-3.370000E+0	-5.389460E-7	5.389460E-7	-1.372411E-8	1.372411E-8
-3.360000E+0	-4.904130E-7	4.904130E-7	-1.248824E-8	1.248824E-8
-3.350000E+0	-4.479860E-7	4.479860E-7	-1.140784E-8	1.140784E-8
-3.340000E+0	-4.105160E-7	4.105160E-7	-1.045368E-8	1.045368E-8
-3.330000E+0	-3.770900E-7	3.770900E-7	-9.602495E-9	9.602495E-9
-3.320000E+0	-3.472860E-7	3.472860E-7	-8.843545E-9	8.843545E-9
-3.310000E+0	-3.204200E-7	3.204200E-7	-8.159409E-9	8.159409E-9
-3.300000E+0	-2.961430E-7	2.961430E-7	-7.541202E-9	7.541202E-9
-3.290000E+0	-2.741220E-7	2.741220E-7	-6.980443E-9	6.980443E-9
-3.280000E+0	-2.540930E-7	2.540930E-7	-6.470410E-9	6.470410E-9
-3.270000E+0	-2.345990E-7	2.345990E-7	-5.974000E-9	5.974000E-9
-3.260000E+0	-2.181820E-7	2.181820E-7	-5.555946E-9	5.555946E-9
-3.250000E+0	-2.029240E-7	2.029240E-7	-5.167405E-9	5.167405E-9
-3.240000E+0	-1.888730E-7	1.888730E-7	-4.809600E-9	4.809600E-9
-3.230000E+0	-1.759170E-7	1.759170E-7	-4.479679E-9	4.479679E-9
-3.220000E+0	-1.640300E-7	1.640300E-7	-4.176980E-9	4.176980E-9
-3.210000E+0	-1.530240E-7	1.530240E-7	-3.896715E-9	3.896715E-9
-3.200000E+0	-1.428640E-7	1.428640E-7	-3.637993E-9	3.637993E-9
-3.190000E+0	-1.334920E-7	1.334920E-7	-3.399338E-9	3.399338E-9
-3.180000E+0	-1.248060E-7	1.248060E-7	-3.178151E-9	3.178151E-9
-3.170000E+0	-1.167310E-7	1.167310E-7	-2.972524E-9	2.972524E-9
-3.160000E+0	-1.092430E-7	1.092430E-7	-2.781844E-9	2.781844E-9
-3.150000E+0	-1.030853E-7	1.030853E-7	-2.625039E-9	2.625039E-9
-3.140000E+0	-9.596720E-8	9.596720E-8	-2.443779E-9	2.443779E-9
-3.130000E+0	-8.988290E-8	8.988290E-8	-2.288844E-9	2.288844E-9
-3.120000E+0	-8.427080E-8	8.427080E-8	-2.145933E-9	2.145933E-9
-3.110000E+0	-7.903160E-8	7.903160E-8	-2.012518E-9	2.012518E-9
-3.100000E+0	-7.421310E-8	7.421310E-8	-1.889817E-9	1.889817E-9
-3.090000E+0	-6.970010E-8	6.970010E-8	-1.774894E-9	1.774894E-9
-3.080000E+0	-6.548090E-8	6.548090E-8	-1.667454E-9	1.667454E-9
-3.070000E+0	-6.155970E-8	6.155970E-8	-1.567601E-9	1.567601E-9
-3.060000E+0	-5.787280E-8	5.787280E-8	-1.473715E-9	1.473715E-9
-3.050000E+0	-5.442920E-8	5.442920E-8	-1.386025E-9	1.386025E-9
-3.040000E+0	-5.121170E-8	5.121170E-8	-1.304092E-9	1.304092E-9
-3.030000E+0	-4.824290E-8	4.824290E-8	-1.228492E-9	1.228492E-9
-3.020000E+0	-4.542440E-8	4.542440E-8	-1.156720E-9	1.156720E-9
-3.010000E+0	-4.279980E-8	4.279980E-8	-1.089885E-9	1.089885E-9
-3.000000E+0	-4.032760E-8	4.032760E-8	-1.026931E-9	1.026931E-9
-2.990000E+0	-3.800960E-8	3.800960E-8	-9.679042E-10	9.679042E-10
-2.980000E+0	-3.585900E-8	3.585900E-8	-9.131398E-10	9.131398E-10
-2.970000E+0	-3.379270E-8	3.379270E-8	-8.605220E-10	8.605220E-10
-2.960000E+0	-3.188400E-8	3.188400E-8	-8.119175E-10	8.119175E-10
-2.950000E+0	-3.007540E-8	3.007540E-8	-7.658620E-10	7.658620E-10
-2.940000E+0	-2.835090E-8	2.835090E-8	-7.219480E-10	7.219480E-10
-2.930000E+0	-2.677160E-8	2.677160E-8	-6.817316E-10	6.817316E-10
-2.920000E+0	-2.525490E-8	2.525490E-8	-6.431092E-10	6.431092E-10
-2.910000E+0	-2.383800E-8	2.383800E-8	-6.070283E-10	6.070283E-10
-2.900000E+0	-2.250660E-8	2.250660E-8	-5.731245E-10	5.731245E-10
-2.890000E+0	-2.103610E-8	2.103610E-8	-5.356786E-10	5.356786E-10
-2.880000E+0	-1.990500E-8	1.990500E-8	-5.068755E-10	5.068755E-10
-2.870000E+0	-1.882860E-8	1.882860E-8	-4.794652E-10	4.794652E-10
-2.860000E+0	-1.776290E-8	1.776290E-8	-4.523275E-10	4.523275E-10
-2.850000E+0	-1.676350E-8	1.676350E-8	-4.268780E-10	4.268780E-10
-2.840000E+0	-1.580460E-8	1.580460E-8	-4.024599E-10	4.024599E-10
-2.830000E+0	-1.492880E-8	1.492880E-8	-3.801579E-10	3.801579E-10
-2.820000E+0	-1.431120E-8	1.431120E-8	-3.644309E-10	3.644309E-10
-2.810000E+0	-1.351990E-8	1.351990E-8	-3.442806E-10	3.442806E-10
-2.800000E+0	-1.277070E-8	1.277070E-8	-3.252024E-10	3.252024E-10
-2.790000E+0	-1.217570E-8	1.217570E-8	-3.100509E-10	3.100509E-10
-2.780000E+0	-1.146320E-8	1.146320E-8	-2.919073E-10	2.919073E-10
-2.770000E+0	-1.104070E-8	1.104070E-8	-2.811485E-10	2.811485E-10
-2.760000E+0	-1.071460E-8	1.071460E-8	-2.728444E-10	2.728444E-10
-2.750000E+0	-1.032670E-8	1.032670E-8	-2.629666E-10	2.629666E-10
-2.740000E+0	-1.033040E-8	1.033040E-8	-2.630609E-10	2.630609E-10
-2.730000E+0	-1.002670E-8	1.002670E-8	-2.553272E-10	2.553272E-10
-2.720000E+0	-9.773900E-9	9.773900E-9	-2.488897E-10	2.488897E-10
-2.710000E+0	-9.245190E-9	9.245190E-9	-2.354263E-10	2.354263E-10
-2.700000E+0	-8.507020E-9	8.507020E-9	-2.166290E-10	2.166290E-10
-2.690000E+0	-8.690430E-9	8.690430E-9	-2.212995E-10	2.212995E-10
-2.680000E+0	-8.405540E-9	8.405540E-9	-2.140448E-10	2.140448E-10
-2.670000E+0	-8.072060E-9	8.072060E-9	-2.055528E-10	2.055528E-10
-2.660000E+0	-7.717700E-9	7.717700E-9	-1.965292E-10	1.965292E-10
-2.650000E+0	-7.377530E-9	7.377530E-9	-1.878668E-10	1.878668E-10
-2.640000E+0	-7.029520E-9	7.029520E-9	-1.790048E-10	1.790048E-10
-2.630000E+0	-6.685660E-9	6.685660E-9	-1.702485E-10	1.702485E-10
-2.620000E+0	-6.344130E-9	6.344130E-9	-1.615516E-10	1.615516E-10
-2.610000E+0	-6.019620E-9	6.019620E-9	-1.532880E-10	1.532880E-10
-2.600000E+0	-5.726700E-9	5.726700E-9	-1.458289E-10	1.458289E-10
-2.590000E+0	-5.443610E-9	5.443610E-9	-1.386201E-10	1.386201E-10
-2.580000E+0	-5.148200E-9	5.148200E-9	-1.310975E-10	1.310975E-10
-2.570000E+0	-4.863580E-9	4.863580E-9	-1.238498E-10	1.238498E-10
-2.560000E+0	-4.623610E-9	4.623610E-9	-1.177390E-10	1.177390E-10
-2.550000E+0	-4.365720E-9	4.365720E-9	-1.111719E-10	1.111719E-10
-2.540000E+0	-4.118280E-9	4.118280E-9	-1.048709E-10	1.048709E-10
-2.530000E+0	-3.899700E-9	3.899700E-9	-9.930481E-11	9.930481E-11
-2.520000E+0	-3.658360E-9	3.658360E-9	-9.315915E-11	9.315915E-11
-2.510000E+0	-3.447830E-9	3.447830E-9	-8.779806E-11	8.779806E-11
-2.500000E+0	-3.261490E-9	3.261490E-9	-8.305297E-11	8.305297E-11
-2.490000E+0	-3.094520E-9	3.094520E-9	-7.880112E-11	7.880112E-11
-2.480000E+0	-2.909500E-9	2.909500E-9	-7.408963E-11	7.408963E-11
-2.470000E+0	-2.723290E-9	2.723290E-9	-6.934785E-11	6.934785E-11
-2.460000E+0	-2.526300E-9	2.526300E-9	-6.433155E-11	6.433155E-11
-2.450000E+0	-2.412680E-9	2.412680E-9	-6.143825E-11	6.143825E-11
-2.440000E+0	-2.261160E-9	2.261160E-9	-5.757983E-11	5.757983E-11
-2.430000E+0	-2.117690E-9	2.117690E-9	-5.392641E-11	5.392641E-11
-2.420000E+0	-1.973480E-9	1.973480E-9	-5.025414E-11	5.025414E-11
-2.410000E+0	-1.838940E-9	1.838940E-9	-4.682811E-11	4.682811E-11
-2.400000E+0	-1.694700E-9	1.694700E-9	-4.315508E-11	4.315508E-11
-2.390000E+0	-1.582350E-9	1.582350E-9	-4.029412E-11	4.029412E-11
-2.380000E+0	-1.454460E-9	1.454460E-9	-3.703743E-11	3.703743E-11
-2.370000E+0	-1.347280E-9	1.347280E-9	-3.430812E-11	3.430812E-11
-2.360000E+0	-1.253090E-9	1.253090E-9	-3.190960E-11	3.190960E-11
-2.350000E+0	-1.139010E-9	1.139010E-9	-2.900458E-11	2.900458E-11
-2.340000E+0	-1.043480E-9	1.043480E-9	-2.657194E-11	2.657194E-11
-2.330000E+0	-9.442200E-10	9.442200E-10	-2.404431E-11	2.404431E-11
-2.320000E+0	-8.401100E-10	8.401100E-10	-2.139318E-11	2.139318E-11
-2.310000E+0	-7.564700E-10	7.564700E-10	-1.926331E-11	1.926331E-11
-2.300000E+0	-6.673700E-10	6.673700E-10	-1.699440E-11	1.699440E-11
-2.290000E+0	-5.927700E-10	5.927700E-10	-1.509473E-11	1.509473E-11
-2.280000E+0	-4.942800E-10	4.942800E-10	-1.258671E-11	1.258671E-11
-2.270000E+0	-5.019500E-10	5.019500E-10	-1.278202E-11	1.278202E-11
-2.260000E+0	-4.954600E-10	4.954600E-10	-1.261676E-11	1.261676E-11
-2.250000E+0	-4.490200E-10	4.490200E-10	-1.143417E-11	1.143417E-11
-2.240000E+0	-4.122600E-10	4.122600E-10	-1.049809E-11	1.049809E-11
-2.230000E+0	-3.771500E-10	3.771500E-10	-9.604023E-12	9.604023E-12
-2.220000E+0	-3.294700E-10	3.294700E-10	-8.389865E-12	8.389865E-12
-2.210000E+0	-2.810300E-10	2.810300E-10	-7.156353E-12	7.156353E-12
-2.200000E+0	-2.443600E-10	2.443600E-10	-6.222562E-12	6.222562E-12
-2.190000E+0	-2.003700E-10	2.003700E-10	-5.102368E-12	5.102368E-12
-2.180000E+0	-1.588000E-10	1.588000E-10	-4.043799E-12	4.043799E-12
-2.170000E+0	-1.032500E-10	1.032500E-10	-2.629233E-12	2.629233E-12
-2.160000E+0	-6.936000E-11	6.936000E-11	-1.766234E-12	1.766234E-12
-2.150000E+0	-2.665000E-11	2.665000E-11	-6.786351E-13	6.786351E-13
-2.140000E+0	1.720000E-11	1.720000E-11	4.379934E-13	4.379934E-13
-2.130000E+0	5.897000E-11	5.897000E-11	1.501655E-12	1.501655E-12
-2.120000E+0	9.616000E-11	9.616000E-11	2.448689E-12	2.448689E-12
-2.110000E+0	1.317400E-10	1.317400E-10	3.354724E-12	3.354724E-12
-2.100000E+0	1.714700E-10	1.714700E-10	4.366437E-12	4.366437E-12
-2.090000E+0	2.062300E-10	2.062300E-10	5.251591E-12	5.251591E-12
-2.080000E+0	2.365900E-10	2.365900E-10	6.024701E-12	6.024701E-12
-2.070000E+0	2.726300E-10	2.726300E-10	6.942450E-12	6.942450E-12
-2.060000E+0	3.058300E-10	3.058300E-10	7.787879E-12	7.787879E-12
-2.050000E+0	3.337600E-10	3.337600E-10	8.499109E-12	8.499109E-12
-2.040000E+0	3.663600E-10	3.663600E-10	9.329259E-12	9.329259E-12
-2.030000E+0	4.000300E-10	4.000300E-10	1.018666E-11	1.018666E-11
-2.020000E+0	5.067300E-10	5.067300E-10	1.290374E-11	1.290374E-11
-2.010000E+0	4.722300E-10	4.722300E-10	1.202521E-11	1.202521E-11
-2.000000E+0	5.916100E-10	5.916100E-10	1.506519E-11	1.506519E-11
-1.990000E+0	6.131400E-10	6.131400E-10	1.561345E-11	1.561345E-11
-1.980000E+0	6.508500E-10	6.508500E-10	1.657372E-11	1.657372E-11
-1.970000E+0	7.230300E-10	7.230300E-10	1.841176E-11	1.841176E-11
-1.960000E+0	7.565900E-10	7.565900E-10	1.926636E-11	1.926636E-11
-1.950000E+0	8.073500E-10	8.073500E-10	2.055895E-11	2.055895E-11
-1.940000E+0	8.460600E-10	8.460600E-10	2.154469E-11	2.154469E-11
-1.930000E+0	8.905800E-10	8.905800E-10	2.267838E-11	2.267838E-11
-1.920000E+0	9.146300E-10	9.146300E-10	2.329081E-11	2.329081E-11
-1.910000E+0	9.648500E-10	9.648500E-10	2.456965E-11	2.456965E-11
-1.900000E+0	1.000240E-9	1.000240E-9	2.547084E-11	2.547084E-11
-1.890000E+0	1.031480E-9	1.031480E-9	2.626636E-11	2.626636E-11
-1.880000E+0	1.054310E-9	1.054310E-9	2.684772E-11	2.684772E-11
-1.870000E+0	1.087030E-9	1.087030E-9	2.768093E-11	2.768093E-11
-1.860000E+0	1.115020E-9	1.115020E-9	2.839368E-11	2.839368E-11
-1.850000E+0	1.144710E-9	1.144710E-9	2.914973E-11	2.914973E-11
-1.840000E+0	1.151700E-9	1.151700E-9	2.932773E-11	2.932773E-11
-1.830000E+0	1.172550E-9	1.172550E-9	2.985867E-11	2.985867E-11
-1.820000E+0	1.200980E-9	1.200980E-9	3.058263E-11	3.058263E-11
-1.810000E+0	1.231170E-9	1.231170E-9	3.135141E-11	3.135141E-11
-1.800000E+0	1.253560E-9	1.253560E-9	3.192157E-11	3.192157E-11
-1.790000E+0	1.268960E-9	1.268960E-9	3.231373E-11	3.231373E-11
-1.780000E+0	1.287010E-9	1.287010E-9	3.277336E-11	3.277336E-11
-1.770000E+0	1.306170E-9	1.306170E-9	3.326127E-11	3.326127E-11
-1.760000E+0	1.333930E-9	1.333930E-9	3.396817E-11	3.396817E-11
-1.750000E+0	1.359290E-9	1.359290E-9	3.461395E-11	3.461395E-11
-1.740000E+0	1.366130E-9	1.366130E-9	3.478813E-11	3.478813E-11
-1.730000E+0	1.384900E-9	1.384900E-9	3.526611E-11	3.526611E-11
-1.720000E+0	1.407770E-9	1.407770E-9	3.584848E-11	3.584848E-11
-1.710000E+0	1.405140E-9	1.405140E-9	3.578151E-11	3.578151E-11
-1.700000E+0	1.408660E-9	1.408660E-9	3.587115E-11	3.587115E-11
-1.690000E+0	1.436570E-9	1.436570E-9	3.658187E-11	3.658187E-11
-1.680000E+0	1.442860E-9	1.442860E-9	3.674204E-11	3.674204E-11
-1.670000E+0	1.437150E-9	1.437150E-9	3.659664E-11	3.659664E-11
-1.660000E+0	1.464870E-9	1.464870E-9	3.730252E-11	3.730252E-11
-1.650000E+0	1.475350E-9	1.475350E-9	3.756939E-11	3.756939E-11
-1.640000E+0	1.483110E-9	1.483110E-9	3.776700E-11	3.776700E-11
-1.630000E+0	1.480560E-9	1.480560E-9	3.770206E-11	3.770206E-11
-1.620000E+0	1.496030E-9	1.496030E-9	3.809600E-11	3.809600E-11
-1.610000E+0	1.485680E-9	1.485680E-9	3.783244E-11	3.783244E-11
-1.600000E+0	1.512050E-9	1.512050E-9	3.850395E-11	3.850395E-11
-1.590000E+0	1.508140E-9	1.508140E-9	3.840438E-11	3.840438E-11
-1.580000E+0	1.504660E-9	1.504660E-9	3.831576E-11	3.831576E-11
-1.570000E+0	1.509960E-9	1.509960E-9	3.845073E-11	3.845073E-11
-1.560000E+0	1.514490E-9	1.514490E-9	3.856608E-11	3.856608E-11
-1.550000E+0	1.531280E-9	1.531280E-9	3.899363E-11	3.899363E-11
-1.540000E+0	1.504980E-9	1.504980E-9	3.832391E-11	3.832391E-11
-1.530000E+0	1.504460E-9	1.504460E-9	3.831067E-11	3.831067E-11
-1.520000E+0	1.533180E-9	1.533180E-9	3.904202E-11	3.904202E-11
-1.510000E+0	1.524730E-9	1.524730E-9	3.882684E-11	3.882684E-11
-1.500000E+0	1.543470E-9	1.543470E-9	3.930405E-11	3.930405E-11
-1.490000E+0	1.542080E-9	1.542080E-9	3.926865E-11	3.926865E-11
-1.480000E+0	1.524480E-9	1.524480E-9	3.882047E-11	3.882047E-11
-1.470000E+0	1.540220E-9	1.540220E-9	3.922129E-11	3.922129E-11
-1.460000E+0	1.546790E-9	1.546790E-9	3.938859E-11	3.938859E-11
-1.450000E+0	1.527120E-9	1.527120E-9	3.888770E-11	3.888770E-11
-1.440000E+0	1.537190E-9	1.537190E-9	3.914413E-11	3.914413E-11
-1.430000E+0	1.546950E-9	1.546950E-9	3.939267E-11	3.939267E-11
-1.420000E+0	1.542860E-9	1.542860E-9	3.928851E-11	3.928851E-11
-1.410000E+0	1.517100E-9	1.517100E-9	3.863254E-11	3.863254E-11
-1.400000E+0	1.531980E-9	1.531980E-9	3.901146E-11	3.901146E-11
-1.390000E+0	1.549510E-9	1.549510E-9	3.945786E-11	3.945786E-11
-1.380000E+0	1.533840E-9	1.533840E-9	3.905882E-11	3.905882E-11
-1.370000E+0	1.562430E-9	1.562430E-9	3.978686E-11	3.978686E-11
-1.360000E+0	1.568470E-9	1.568470E-9	3.994067E-11	3.994067E-11
-1.350000E+0	1.565810E-9	1.565810E-9	3.987293E-11	3.987293E-11
-1.340000E+0	1.547650E-9	1.547650E-9	3.941049E-11	3.941049E-11
-1.330000E+0	1.570060E-9	1.570060E-9	3.998116E-11	3.998116E-11
-1.320000E+0	1.570380E-9	1.570380E-9	3.998930E-11	3.998930E-11
-1.310000E+0	1.543230E-9	1.543230E-9	3.929794E-11	3.929794E-11
-1.300000E+0	1.572150E-9	1.572150E-9	4.003438E-11	4.003438E-11
-1.290000E+0	1.562760E-9	1.562760E-9	3.979526E-11	3.979526E-11
-1.280000E+0	1.546710E-9	1.546710E-9	3.938655E-11	3.938655E-11
-1.270000E+0	1.569380E-9	1.569380E-9	3.996384E-11	3.996384E-11
-1.260000E+0	1.587470E-9	1.587470E-9	4.042450E-11	4.042450E-11
-1.250000E+0	1.579300E-9	1.579300E-9	4.021645E-11	4.021645E-11
-1.240000E+0	1.569270E-9	1.569270E-9	3.996104E-11	3.996104E-11
-1.230000E+0	1.587800E-9	1.587800E-9	4.043290E-11	4.043290E-11
-1.220000E+0	1.605980E-9	1.605980E-9	4.089585E-11	4.089585E-11
-1.210000E+0	1.581080E-9	1.581080E-9	4.026178E-11	4.026178E-11
-1.200000E+0	1.605040E-9	1.605040E-9	4.087191E-11	4.087191E-11
-1.190000E+0	1.575710E-9	1.575710E-9	4.012503E-11	4.012503E-11
-1.180000E+0	1.565870E-9	1.565870E-9	3.987446E-11	3.987446E-11
-1.170000E+0	1.608110E-9	1.608110E-9	4.095009E-11	4.095009E-11
-1.160000E+0	1.599520E-9	1.599520E-9	4.073135E-11	4.073135E-11
-1.150000E+0	1.586460E-9	1.586460E-9	4.039878E-11	4.039878E-11
-1.140000E+0	1.604010E-9	1.604010E-9	4.084568E-11	4.084568E-11
-1.130000E+0	1.600200E-9	1.600200E-9	4.074866E-11	4.074866E-11
-1.120000E+0	1.612930E-9	1.612930E-9	4.107283E-11	4.107283E-11
-1.110000E+0	1.613590E-9	1.613590E-9	4.108964E-11	4.108964E-11
-1.100000E+0	1.637750E-9	1.637750E-9	4.170486E-11	4.170486E-11
-1.090000E+0	1.622830E-9	1.622830E-9	4.132493E-11	4.132493E-11
-1.080000E+0	1.626140E-9	1.626140E-9	4.140922E-11	4.140922E-11
-1.070000E+0	1.654090E-9	1.654090E-9	4.212096E-11	4.212096E-11
-1.060000E+0	1.626080E-9	1.626080E-9	4.140769E-11	4.140769E-11
-1.050000E+0	1.641510E-9	1.641510E-9	4.180061E-11	4.180061E-11
-1.040000E+0	1.644580E-9	1.644580E-9	4.187879E-11	4.187879E-11
-1.030000E+0	1.682550E-9	1.682550E-9	4.284568E-11	4.284568E-11
-1.020000E+0	1.652730E-9	1.652730E-9	4.208632E-11	4.208632E-11
-1.010000E+0	1.695520E-9	1.695520E-9	4.317596E-11	4.317596E-11
-1.000000E+0	1.702680E-9	1.702680E-9	4.335829E-11	4.335829E-11
-9.900000E-1	1.687120E-9	1.687120E-9	4.296206E-11	4.296206E-11
-9.800000E-1	1.720520E-9	1.720520E-9	4.381258E-11	4.381258E-11
-9.700000E-1	1.744130E-9	1.744130E-9	4.441380E-11	4.441380E-11
-9.600000E-1	1.727980E-9	1.727980E-9	4.400255E-11	4.400255E-11
-9.500000E-1	1.725660E-9	1.725660E-9	4.394347E-11	4.394347E-11
-9.400000E-1	1.753990E-9	1.753990E-9	4.466488E-11	4.466488E-11
-9.300000E-1	1.738840E-9	1.738840E-9	4.427909E-11	4.427909E-11
-9.200000E-1	1.736430E-9	1.736430E-9	4.421772E-11	4.421772E-11
-9.100000E-1	1.756440E-9	1.756440E-9	4.472727E-11	4.472727E-11
-9.000000E-1	1.788190E-9	1.788190E-9	4.553578E-11	4.553578E-11
-8.900000E-1	1.778880E-9	1.778880E-9	4.529870E-11	4.529870E-11
-8.800000E-1	1.815350E-9	1.815350E-9	4.622740E-11	4.622740E-11
-8.700000E-1	1.820240E-9	1.820240E-9	4.635192E-11	4.635192E-11
-8.600000E-1	1.832360E-9	1.832360E-9	4.666055E-11	4.666055E-11
-8.500000E-1	1.841600E-9	1.841600E-9	4.689585E-11	4.689585E-11
-8.400000E-1	1.867180E-9	1.867180E-9	4.754724E-11	4.754724E-11
-8.300000E-1	1.864120E-9	1.864120E-9	4.746931E-11	4.746931E-11
-8.200000E-1	1.885170E-9	1.885170E-9	4.800535E-11	4.800535E-11
-8.100000E-1	1.904030E-9	1.904030E-9	4.848561E-11	4.848561E-11
-8.000000E-1	1.901500E-9	1.901500E-9	4.842119E-11	4.842119E-11
-7.900000E-1	1.921760E-9	1.921760E-9	4.893710E-11	4.893710E-11
-7.800000E-1	1.938470E-9	1.938470E-9	4.936262E-11	4.936262E-11
-7.700000E-1	1.944970E-9	1.944970E-9	4.952814E-11	4.952814E-11
-7.600000E-1	1.947070E-9	1.947070E-9	4.958161E-11	4.958161E-11
-7.500000E-1	1.980420E-9	1.980420E-9	5.043086E-11	5.043086E-11
-7.400000E-1	2.002770E-9	2.002770E-9	5.100000E-11	5.100000E-11
-7.300000E-1	1.992930E-9	1.992930E-9	5.074943E-11	5.074943E-11
-7.200000E-1	2.022440E-9	2.022440E-9	5.150089E-11	5.150089E-11
-7.100000E-1	2.031760E-9	2.031760E-9	5.173822E-11	5.173822E-11
-7.000000E-1	2.041870E-9	2.041870E-9	5.199567E-11	5.199567E-11
-6.900000E-1	2.074430E-9	2.074430E-9	5.282480E-11	5.282480E-11
-6.800000E-1	2.098310E-9	2.098310E-9	5.343290E-11	5.343290E-11
-6.700000E-1	2.106440E-9	2.106440E-9	5.363993E-11	5.363993E-11
-6.600000E-1	2.124250E-9	2.124250E-9	5.409345E-11	5.409345E-11
-6.500000E-1	2.148720E-9	2.148720E-9	5.471658E-11	5.471658E-11
-6.400000E-1	2.160760E-9	2.160760E-9	5.502317E-11	5.502317E-11
-6.300000E-1	2.180510E-9	2.180510E-9	5.552610E-11	5.552610E-11
-6.200000E-1	2.221720E-9	2.221720E-9	5.657550E-11	5.657550E-11
-6.100000E-1	2.236930E-9	2.236930E-9	5.696282E-11	5.696282E-11
-6.000000E-1	2.263960E-9	2.263960E-9	5.765113E-11	5.765113E-11
-5.900000E-1	2.294250E-9	2.294250E-9	5.842246E-11	5.842246E-11
-5.800000E-1	2.312430E-9	2.312430E-9	5.888541E-11	5.888541E-11
-5.700000E-1	2.335210E-9	2.335210E-9	5.946549E-11	5.946549E-11
-5.600000E-1	2.362970E-9	2.362970E-9	6.017240E-11	6.017240E-11
-5.500000E-1	2.391970E-9	2.391970E-9	6.091087E-11	6.091087E-11
-5.400000E-1	2.416810E-9	2.416810E-9	6.154342E-11	6.154342E-11
-5.300000E-1	2.435250E-9	2.435250E-9	6.201299E-11	6.201299E-11
-5.200000E-1	2.471730E-9	2.471730E-9	6.294194E-11	6.294194E-11
-5.100000E-1	2.488610E-9	2.488610E-9	6.337178E-11	6.337178E-11
-5.000000E-1	2.511440E-9	2.511440E-9	6.395314E-11	6.395314E-11
-4.900000E-1	2.541660E-9	2.541660E-9	6.472269E-11	6.472269E-11
-4.800000E-1	2.589120E-9	2.589120E-9	6.593124E-11	6.593124E-11
-4.700000E-1	2.599220E-9	2.599220E-9	6.618844E-11	6.618844E-11
-4.600000E-1	2.624390E-9	2.624390E-9	6.682939E-11	6.682939E-11
-4.500000E-1	2.676510E-9	2.676510E-9	6.815661E-11	6.815661E-11
-4.400000E-1	2.713240E-9	2.713240E-9	6.909193E-11	6.909193E-11
-4.300000E-1	2.735900E-9	2.735900E-9	6.966896E-11	6.966896E-11
-4.200000E-1	2.762380E-9	2.762380E-9	7.034326E-11	7.034326E-11
-4.100000E-1	2.826140E-9	2.826140E-9	7.196690E-11	7.196690E-11
-4.000000E-1	2.841560E-9	2.841560E-9	7.235956E-11	7.235956E-11
-3.900000E-1	2.888270E-9	2.888270E-9	7.354902E-11	7.354902E-11
-3.800000E-1	2.926090E-9	2.926090E-9	7.451209E-11	7.451209E-11
-3.700000E-1	2.967980E-9	2.967980E-9	7.557881E-11	7.557881E-11
-3.600000E-1	3.014350E-9	3.014350E-9	7.675961E-11	7.675961E-11
-3.500000E-1	3.070050E-9	3.070050E-9	7.817800E-11	7.817800E-11
-3.400000E-1	3.103400E-9	3.103400E-9	7.902725E-11	7.902725E-11
-3.300000E-1	3.151320E-9	3.151320E-9	8.024752E-11	8.024752E-11
-3.200000E-1	3.201340E-9	3.201340E-9	8.152126E-11	8.152126E-11
-3.100000E-1	3.231810E-9	3.231810E-9	8.229717E-11	8.229717E-11
-3.000000E-1	3.265960E-9	3.265960E-9	8.316679E-11	8.316679E-11
-2.900000E-1	3.326570E-9	3.326570E-9	8.471021E-11	8.471021E-11
-2.800000E-1	3.380340E-9	3.380340E-9	8.607945E-11	8.607945E-11
-2.700000E-1	3.421070E-9	3.421070E-9	8.711663E-11	8.711663E-11
-2.600000E-1	3.475670E-9	3.475670E-9	8.850700E-11	8.850700E-11
-2.500000E-1	3.538420E-9	3.538420E-9	9.010491E-11	9.010491E-11
-2.400000E-1	3.582940E-9	3.582940E-9	9.123860E-11	9.123860E-11
-2.300000E-1	3.660270E-9	3.660270E-9	9.320779E-11	9.320779E-11
-2.200000E-1	3.741630E-9	3.741630E-9	9.527960E-11	9.527960E-11
-2.100000E-1	3.791540E-9	3.791540E-9	9.655055E-11	9.655055E-11
-2.000000E-1	3.853310E-9	3.853310E-9	9.812350E-11	9.812350E-11
-1.900000E-1	3.905600E-9	3.905600E-9	9.945505E-11	9.945505E-11
-1.800000E-1	3.969580E-9	3.969580E-9	1.010843E-10	1.010843E-10
-1.700000E-1	4.034290E-9	4.034290E-9	1.027321E-10	1.027321E-10
-1.600000E-1	4.109310E-9	4.109310E-9	1.046425E-10	1.046425E-10
-1.500000E-1	4.183300E-9	4.183300E-9	1.065266E-10	1.065266E-10
-1.400000E-1	4.246090E-9	4.246090E-9	1.081255E-10	1.081255E-10
-1.300000E-1	4.338280E-9	4.338280E-9	1.104731E-10	1.104731E-10
-1.200000E-1	4.408540E-9	4.408540E-9	1.122623E-10	1.122623E-10
-1.100000E-1	4.481900E-9	4.481900E-9	1.141304E-10	1.141304E-10
-1.000000E-1	4.554040E-9	4.554040E-9	1.159674E-10	1.159674E-10
-9.000000E-2	4.651430E-9	4.651430E-9	1.184474E-10	1.184474E-10
-8.000000E-2	4.730040E-9	4.730040E-9	1.204492E-10	1.204492E-10
-7.000000E-2	4.820070E-9	4.820070E-9	1.227418E-10	1.227418E-10
-6.000000E-2	4.913170E-9	4.913170E-9	1.251126E-10	1.251126E-10
-5.000000E-2	5.008150E-9	5.008150E-9	1.275312E-10	1.275312E-10
-4.000000E-2	5.103210E-9	5.103210E-9	1.299519E-10	1.299519E-10
-3.000000E-2	5.199190E-9	5.199190E-9	1.323960E-10	1.323960E-10
-2.000000E-2	5.317080E-9	5.317080E-9	1.353980E-10	1.353980E-10
-1.000000E-2	5.406680E-9	5.406680E-9	1.376797E-10	1.376797E-10
0.000000E+0	5.504670E-9	5.504670E-9	1.401749E-10	1.401749E-10
1.000000E-2	5.619180E-9	5.619180E-9	1.430909E-10	1.430909E-10
2.000000E-2	5.737670E-9	5.737670E-9	1.461082E-10	1.461082E-10
3.000000E-2	5.843400E-9	5.843400E-9	1.488006E-10	1.488006E-10
4.000000E-2	5.961410E-9	5.961410E-9	1.518057E-10	1.518057E-10
5.000000E-2	6.087350E-9	6.087350E-9	1.550127E-10	1.550127E-10
6.000000E-2	6.205090E-9	6.205090E-9	1.580109E-10	1.580109E-10
7.000000E-2	6.338000E-9	6.338000E-9	1.613955E-10	1.613955E-10
8.000000E-2	6.470960E-9	6.470960E-9	1.647813E-10	1.647813E-10
9.000000E-2	6.606300E-9	6.606300E-9	1.682277E-10	1.682277E-10
1.000000E-1	6.735270E-9	6.735270E-9	1.715118E-10	1.715118E-10
1.100000E-1	6.900500E-9	6.900500E-9	1.757194E-10	1.757194E-10
1.200000E-1	7.049620E-9	7.049620E-9	1.795167E-10	1.795167E-10
1.300000E-1	7.188580E-9	7.188580E-9	1.830553E-10	1.830553E-10
1.400000E-1	7.364810E-9	7.364810E-9	1.875429E-10	1.875429E-10
1.500000E-1	7.516010E-9	7.516010E-9	1.913932E-10	1.913932E-10
1.600000E-1	7.713580E-9	7.713580E-9	1.964242E-10	1.964242E-10
1.700000E-1	7.883600E-9	7.883600E-9	2.007538E-10	2.007538E-10
1.800000E-1	8.063340E-9	8.063340E-9	2.053308E-10	2.053308E-10
1.900000E-1	8.252050E-9	8.252050E-9	2.101362E-10	2.101362E-10
2.000000E-1	8.433320E-9	8.433320E-9	2.147522E-10	2.147522E-10
2.100000E-1	8.624590E-9	8.624590E-9	2.196229E-10	2.196229E-10
2.200000E-1	8.833100E-9	8.833100E-9	2.249325E-10	2.249325E-10
2.300000E-1	9.043590E-9	9.043590E-9	2.302926E-10	2.302926E-10
2.400000E-1	9.236560E-9	9.236560E-9	2.352065E-10	2.352065E-10
2.500000E-1	9.459900E-9	9.459900E-9	2.408938E-10	2.408938E-10
2.600000E-1	1.054360E-8	1.054360E-8	2.684899E-10	2.684899E-10
2.700000E-1	1.103860E-8	1.103860E-8	2.810950E-10	2.810950E-10
2.800000E-1	1.149720E-8	1.149720E-8	2.927731E-10	2.927731E-10
2.900000E-1	1.194180E-8	1.194180E-8	3.040947E-10	3.040947E-10
3.000000E-1	1.240530E-8	1.240530E-8	3.158976E-10	3.158976E-10
3.100000E-1	1.286610E-8	1.286610E-8	3.276318E-10	3.276318E-10
3.200000E-1	1.335070E-8	1.335070E-8	3.399720E-10	3.399720E-10
3.300000E-1	1.386030E-8	1.386030E-8	3.529488E-10	3.529488E-10
3.400000E-1	1.439780E-8	1.439780E-8	3.666361E-10	3.666361E-10
3.500000E-1	1.493300E-8	1.493300E-8	3.802648E-10	3.802648E-10
3.600000E-1	1.549990E-8	1.549990E-8	3.947008E-10	3.947008E-10
3.700000E-1	1.608400E-8	1.608400E-8	4.095747E-10	4.095747E-10
3.800000E-1	1.668510E-8	1.668510E-8	4.248816E-10	4.248816E-10
3.900000E-1	1.733140E-8	1.733140E-8	4.413394E-10	4.413394E-10
4.000000E-1	1.747880E-8	1.747880E-8	4.450929E-10	4.450929E-10
4.100000E-1	1.862450E-8	1.862450E-8	4.742679E-10	4.742679E-10
4.200000E-1	1.836360E-8	1.836360E-8	4.676241E-10	4.676241E-10
4.300000E-1	1.885060E-8	1.885060E-8	4.800255E-10	4.800255E-10
4.400000E-1	1.941600E-8	1.941600E-8	4.944232E-10	4.944232E-10
4.500000E-1	1.994690E-8	1.994690E-8	5.079424E-10	5.079424E-10
4.600000E-1	2.058200E-8	2.058200E-8	5.241151E-10	5.241151E-10
4.700000E-1	2.119600E-8	2.119600E-8	5.397504E-10	5.397504E-10
4.800000E-1	2.189600E-8	2.189600E-8	5.575758E-10	5.575758E-10
4.900000E-1	2.260840E-8	2.260840E-8	5.757168E-10	5.757168E-10
5.000000E-1	2.337090E-8	2.337090E-8	5.951337E-10	5.951337E-10
5.100000E-1	2.416380E-8	2.416380E-8	6.153247E-10	6.153247E-10
5.200000E-1	2.496650E-8	2.496650E-8	6.357652E-10	6.357652E-10
5.300000E-1	2.592090E-8	2.592090E-8	6.600687E-10	6.600687E-10
5.400000E-1	2.683650E-8	2.683650E-8	6.833843E-10	6.833843E-10
5.500000E-1	2.780150E-8	2.780150E-8	7.079577E-10	7.079577E-10
5.600000E-1	2.879840E-8	2.879840E-8	7.333435E-10	7.333435E-10
5.700000E-1	2.986060E-8	2.986060E-8	7.603921E-10	7.603921E-10
5.800000E-1	3.098550E-8	3.098550E-8	7.890374E-10	7.890374E-10
5.900000E-1	3.215960E-8	3.215960E-8	8.189356E-10	8.189356E-10
6.000000E-1	3.339150E-8	3.339150E-8	8.503056E-10	8.503056E-10
6.100000E-1	3.468890E-8	3.468890E-8	8.833435E-10	8.833435E-10
6.200000E-1	3.603590E-8	3.603590E-8	9.176445E-10	9.176445E-10
6.300000E-1	3.746690E-8	3.746690E-8	9.540845E-10	9.540845E-10
6.400000E-1	3.898610E-8	3.898610E-8	9.927706E-10	9.927706E-10
6.500000E-1	4.054440E-8	4.054440E-8	1.032452E-9	1.032452E-9
6.600000E-1	4.221320E-8	4.221320E-8	1.074948E-9	1.074948E-9
6.700000E-1	4.396550E-8	4.396550E-8	1.119570E-9	1.119570E-9
6.800000E-1	4.578370E-8	4.578370E-8	1.165870E-9	1.165870E-9
6.900000E-1	4.772050E-8	4.772050E-8	1.215190E-9	1.215190E-9
7.000000E-1	4.973980E-8	4.973980E-8	1.266611E-9	1.266611E-9
7.100000E-1	5.186530E-8	5.186530E-8	1.320736E-9	1.320736E-9
7.200000E-1	5.407520E-8	5.407520E-8	1.377010E-9	1.377010E-9
7.300000E-1	5.639060E-8	5.639060E-8	1.435971E-9	1.435971E-9
7.400000E-1	5.882180E-8	5.882180E-8	1.497881E-9	1.497881E-9
7.500000E-1	6.134410E-8	6.134410E-8	1.562111E-9	1.562111E-9
7.600000E-1	6.401080E-8	6.401080E-8	1.630018E-9	1.630018E-9
7.700000E-1	6.673980E-8	6.673980E-8	1.699511E-9	1.699511E-9
7.800000E-1	6.962220E-8	6.962220E-8	1.772911E-9	1.772911E-9
7.900000E-1	7.257670E-8	7.257670E-8	1.848146E-9	1.848146E-9
8.000000E-1	7.566160E-8	7.566160E-8	1.926702E-9	1.926702E-9
8.100000E-1	7.884250E-8	7.884250E-8	2.007703E-9	2.007703E-9
8.200000E-1	8.212760E-8	8.212760E-8	2.091357E-9	2.091357E-9
8.300000E-1	8.553480E-8	8.553480E-8	2.178121E-9	2.178121E-9
8.400000E-1	8.899200E-8	8.899200E-8	2.266157E-9	2.266157E-9
8.500000E-1	9.254240E-8	9.254240E-8	2.356567E-9	2.356567E-9
8.600000E-1	9.617500E-8	9.617500E-8	2.449071E-9	2.449071E-9
8.700000E-1	9.991600E-8	9.991600E-8	2.544334E-9	2.544334E-9
8.800000E-1	1.047190E-7	1.047190E-7	2.666641E-9	2.666641E-9
8.900000E-1	1.093570E-7	1.093570E-7	2.784747E-9	2.784747E-9
9.000000E-1	1.147400E-7	1.147400E-7	2.921823E-9	2.921823E-9
9.100000E-1	1.199640E-7	1.199640E-7	3.054851E-9	3.054851E-9
9.200000E-1	1.255000E-7	1.255000E-7	3.195824E-9	3.195824E-9
9.300000E-1	1.313400E-7	1.313400E-7	3.344538E-9	3.344538E-9
9.400000E-1	1.374420E-7	1.374420E-7	3.499924E-9	3.499924E-9
9.500000E-1	1.438630E-7	1.438630E-7	3.663433E-9	3.663433E-9
9.600000E-1	1.505700E-7	1.505700E-7	3.834225E-9	3.834225E-9
9.700000E-1	1.575760E-7	1.575760E-7	4.012630E-9	4.012630E-9
9.800000E-1	1.648600E-7	1.648600E-7	4.198116E-9	4.198116E-9
9.900000E-1	1.724670E-7	1.724670E-7	4.391826E-9	4.391826E-9
1.000000E+0	1.802900E-7	1.802900E-7	4.591036E-9	4.591036E-9
1.010000E+0	1.883870E-7	1.883870E-7	4.797224E-9	4.797224E-9
1.020000E+0	1.967520E-7	1.967520E-7	5.010237E-9	5.010237E-9
1.030000E+0	2.053680E-7	2.053680E-7	5.229641E-9	5.229641E-9
1.040000E+0	2.141990E-7	2.141990E-7	5.454520E-9	5.454520E-9
1.050000E+0	2.232220E-7	2.232220E-7	5.684288E-9	5.684288E-9
1.060000E+0	2.324570E-7	2.324570E-7	5.919455E-9	5.919455E-9
1.070000E+0	2.418770E-7	2.418770E-7	6.159333E-9	6.159333E-9
1.080000E+0	2.514390E-7	2.514390E-7	6.402827E-9	6.402827E-9
1.090000E+0	2.611700E-7	2.611700E-7	6.650624E-9	6.650624E-9
1.100000E+0	2.709750E-7	2.709750E-7	6.900305E-9	6.900305E-9
1.110000E+0	2.808200E-7	2.808200E-7	7.151006E-9	7.151006E-9
1.120000E+0	2.907340E-7	2.907340E-7	7.403463E-9	7.403463E-9
1.130000E+0	3.006710E-7	3.006710E-7	7.656506E-9	7.656506E-9
1.140000E+0	3.105900E-7	3.105900E-7	7.909091E-9	7.909091E-9
1.150000E+0	3.204670E-7	3.204670E-7	8.160606E-9	8.160606E-9
1.160000E+0	3.303430E-7	3.303430E-7	8.412096E-9	8.412096E-9
1.170000E+0	3.400940E-7	3.400940E-7	8.660402E-9	8.660402E-9
1.180000E+0	3.497660E-7	3.497660E-7	8.906697E-9	8.906697E-9
1.190000E+0	3.592840E-7	3.592840E-7	9.149070E-9	9.149070E-9
1.200000E+0	3.686630E-7	3.686630E-7	9.387904E-9	9.387904E-9
1.210000E+0	3.778560E-7	3.778560E-7	9.622001E-9	9.622001E-9
1.220000E+0	3.868640E-7	3.868640E-7	9.851388E-9	9.851388E-9
1.230000E+0	3.956990E-7	3.956990E-7	1.007637E-8	1.007637E-8
1.240000E+0	4.042740E-7	4.042740E-7	1.029473E-8	1.029473E-8
1.250000E+0	4.126760E-7	4.126760E-7	1.050868E-8	1.050868E-8
1.260000E+0	4.221760E-7	4.221760E-7	1.075060E-8	1.075060E-8
1.270000E+0	4.302030E-7	4.302030E-7	1.095500E-8	1.095500E-8
1.280000E+0	4.379700E-7	4.379700E-7	1.115279E-8	1.115279E-8
1.290000E+0	4.455290E-7	4.455290E-7	1.134528E-8	1.134528E-8
1.300000E+0	4.526920E-7	4.526920E-7	1.152768E-8	1.152768E-8
1.310000E+0	4.596520E-7	4.596520E-7	1.170491E-8	1.170491E-8
1.320000E+0	4.663460E-7	4.663460E-7	1.187538E-8	1.187538E-8
1.330000E+0	4.727580E-7	4.727580E-7	1.203866E-8	1.203866E-8
1.340000E+0	4.789490E-7	4.789490E-7	1.219631E-8	1.219631E-8
1.350000E+0	4.848990E-7	4.848990E-7	1.234782E-8	1.234782E-8
1.360000E+0	4.906320E-7	4.906320E-7	1.249381E-8	1.249381E-8
1.370000E+0	4.961030E-7	4.961030E-7	1.263313E-8	1.263313E-8
1.380000E+0	5.014520E-7	5.014520E-7	1.276934E-8	1.276934E-8
1.390000E+0	5.064850E-7	5.064850E-7	1.289750E-8	1.289750E-8
1.400000E+0	5.112890E-7	5.112890E-7	1.301984E-8	1.301984E-8
1.410000E+0	5.158960E-7	5.158960E-7	1.313715E-8	1.313715E-8
1.420000E+0	5.203030E-7	5.203030E-7	1.324938E-8	1.324938E-8
1.430000E+0	5.244780E-7	5.244780E-7	1.335569E-8	1.335569E-8
1.440000E+0	5.284680E-7	5.284680E-7	1.345730E-8	1.345730E-8
1.450000E+0	5.323510E-7	5.323510E-7	1.355618E-8	1.355618E-8
1.460000E+0	5.360520E-7	5.360520E-7	1.365042E-8	1.365042E-8
1.470000E+0	5.395960E-7	5.395960E-7	1.374067E-8	1.374067E-8
1.480000E+0	5.430730E-7	5.430730E-7	1.382921E-8	1.382921E-8
1.490000E+0	5.462880E-7	5.462880E-7	1.391108E-8	1.391108E-8
1.500000E+0	5.493660E-7	5.493660E-7	1.398946E-8	1.398946E-8
1.510000E+0	5.523340E-7	5.523340E-7	1.406504E-8	1.406504E-8
1.520000E+0	5.551800E-7	5.551800E-7	1.413751E-8	1.413751E-8
1.530000E+0	5.578660E-7	5.578660E-7	1.420591E-8	1.420591E-8
1.540000E+0	5.604820E-7	5.604820E-7	1.427252E-8	1.427252E-8
1.550000E+0	5.629870E-7	5.629870E-7	1.433631E-8	1.433631E-8
1.560000E+0	5.654150E-7	5.654150E-7	1.439814E-8	1.439814E-8
1.570000E+0	5.677280E-7	5.677280E-7	1.445704E-8	1.445704E-8
1.580000E+0	5.702130E-7	5.702130E-7	1.452032E-8	1.452032E-8
1.590000E+0	5.723510E-7	5.723510E-7	1.457476E-8	1.457476E-8
1.600000E+0	5.744130E-7	5.744130E-7	1.462727E-8	1.462727E-8
1.610000E+0	5.764140E-7	5.764140E-7	1.467823E-8	1.467823E-8
1.620000E+0	5.783410E-7	5.783410E-7	1.472730E-8	1.472730E-8
1.630000E+0	5.817320E-7	5.817320E-7	1.481365E-8	1.481365E-8
1.640000E+0	5.836380E-7	5.836380E-7	1.486218E-8	1.486218E-8
1.650000E+0	5.854670E-7	5.854670E-7	1.490876E-8	1.490876E-8
1.660000E+0	5.871920E-7	5.871920E-7	1.495269E-8	1.495269E-8
1.670000E+0	5.888820E-7	5.888820E-7	1.499572E-8	1.499572E-8
1.680000E+0	5.906220E-7	5.906220E-7	1.504003E-8	1.504003E-8
1.690000E+0	5.922040E-7	5.922040E-7	1.508032E-8	1.508032E-8
1.700000E+0	5.937580E-7	5.937580E-7	1.511989E-8	1.511989E-8
1.710000E+0	5.952830E-7	5.952830E-7	1.515872E-8	1.515872E-8
1.720000E+0	5.968010E-7	5.968010E-7	1.519738E-8	1.519738E-8
1.730000E+0	5.982790E-7	5.982790E-7	1.523501E-8	1.523501E-8
1.740000E+0	5.997510E-7	5.997510E-7	1.527250E-8	1.527250E-8
1.750000E+0	6.012260E-7	6.012260E-7	1.531006E-8	1.531006E-8
1.760000E+0	6.026880E-7	6.026880E-7	1.534729E-8	1.534729E-8
1.770000E+0	6.041360E-7	6.041360E-7	1.538416E-8	1.538416E-8
1.780000E+0	6.056580E-7	6.056580E-7	1.542292E-8	1.542292E-8
1.790000E+0	6.070460E-7	6.070460E-7	1.545826E-8	1.545826E-8
1.800000E+0	6.084690E-7	6.084690E-7	1.549450E-8	1.549450E-8
1.810000E+0	6.098490E-7	6.098490E-7	1.552964E-8	1.552964E-8
1.820000E+0	6.112590E-7	6.112590E-7	1.556555E-8	1.556555E-8
1.830000E+0	6.126170E-7	6.126170E-7	1.560013E-8	1.560013E-8
1.840000E+0	6.139900E-7	6.139900E-7	1.563509E-8	1.563509E-8
1.850000E+0	6.153870E-7	6.153870E-7	1.567066E-8	1.567066E-8
1.860000E+0	6.167730E-7	6.167730E-7	1.570596E-8	1.570596E-8
1.870000E+0	6.181730E-7	6.181730E-7	1.574161E-8	1.574161E-8
1.880000E+0	6.196230E-7	6.196230E-7	1.577853E-8	1.577853E-8
1.890000E+0	6.209840E-7	6.209840E-7	1.581319E-8	1.581319E-8
1.900000E+0	6.223550E-7	6.223550E-7	1.584810E-8	1.584810E-8
1.910000E+0	6.236930E-7	6.236930E-7	1.588217E-8	1.588217E-8
1.920000E+0	6.250220E-7	6.250220E-7	1.591602E-8	1.591602E-8
1.930000E+0	6.263600E-7	6.263600E-7	1.595009E-8	1.595009E-8
1.940000E+0	6.276730E-7	6.276730E-7	1.598352E-8	1.598352E-8
1.950000E+0	6.290160E-7	6.290160E-7	1.601772E-8	1.601772E-8
1.960000E+0	6.303360E-7	6.303360E-7	1.605134E-8	1.605134E-8
1.970000E+0	6.316570E-7	6.316570E-7	1.608498E-8	1.608498E-8
1.980000E+0	6.329120E-7	6.329120E-7	1.611693E-8	1.611693E-8
1.990000E+0	6.341740E-7	6.341740E-7	1.614907E-8	1.614907E-8
2.000000E+0	6.369320E-7	6.369320E-7	1.621930E-8	1.621930E-8
2.010000E+0	6.382490E-7	6.382490E-7	1.625284E-8	1.625284E-8
2.020000E+0	6.394530E-7	6.394530E-7	1.628350E-8	1.628350E-8
2.030000E+0	6.406730E-7	6.406730E-7	1.631457E-8	1.631457E-8
2.040000E+0	6.418360E-7	6.418360E-7	1.634418E-8	1.634418E-8
2.050000E+0	6.429950E-7	6.429950E-7	1.637369E-8	1.637369E-8
2.060000E+0	6.441520E-7	6.441520E-7	1.640316E-8	1.640316E-8
2.070000E+0	6.453390E-7	6.453390E-7	1.643338E-8	1.643338E-8
2.080000E+0	6.464030E-7	6.464030E-7	1.646048E-8	1.646048E-8
2.090000E+0	6.474570E-7	6.474570E-7	1.648732E-8	1.648732E-8
2.100000E+0	6.485300E-7	6.485300E-7	1.651464E-8	1.651464E-8
2.110000E+0	6.495610E-7	6.495610E-7	1.654090E-8	1.654090E-8
2.120000E+0	6.505220E-7	6.505220E-7	1.656537E-8	1.656537E-8
2.130000E+0	6.515020E-7	6.515020E-7	1.659032E-8	1.659032E-8
2.140000E+0	6.524530E-7	6.524530E-7	1.661454E-8	1.661454E-8
2.150000E+0	6.534050E-7	6.534050E-7	1.663878E-8	1.663878E-8
2.160000E+0	6.543650E-7	6.543650E-7	1.666323E-8	1.666323E-8
2.170000E+0	6.553400E-7	6.553400E-7	1.668806E-8	1.668806E-8
2.180000E+0	6.561990E-7	6.561990E-7	1.670993E-8	1.670993E-8
2.190000E+0	6.570650E-7	6.570650E-7	1.673198E-8	1.673198E-8
2.200000E+0	6.578560E-7	6.578560E-7	1.675213E-8	1.675213E-8
2.210000E+0	6.586450E-7	6.586450E-7	1.677222E-8	1.677222E-8
2.220000E+0	6.594230E-7	6.594230E-7	1.679203E-8	1.679203E-8
2.230000E+0	6.601600E-7	6.601600E-7	1.681080E-8	1.681080E-8
2.240000E+0	6.609170E-7	6.609170E-7	1.683007E-8	1.683007E-8
2.250000E+0	6.616270E-7	6.616270E-7	1.684815E-8	1.684815E-8
2.260000E+0	6.623240E-7	6.623240E-7	1.686590E-8	1.686590E-8
2.270000E+0	6.630860E-7	6.630860E-7	1.688531E-8	1.688531E-8
2.280000E+0	6.637330E-7	6.637330E-7	1.690178E-8	1.690178E-8
2.290000E+0	6.643330E-7	6.643330E-7	1.691706E-8	1.691706E-8
2.300000E+0	6.649100E-7	6.649100E-7	1.693175E-8	1.693175E-8
2.310000E+0	6.654810E-7	6.654810E-7	1.694629E-8	1.694629E-8
2.320000E+0	6.660190E-7	6.660190E-7	1.695999E-8	1.695999E-8
2.330000E+0	6.665090E-7	6.665090E-7	1.697247E-8	1.697247E-8
2.340000E+0	6.670260E-7	6.670260E-7	1.698564E-8	1.698564E-8
2.350000E+0	6.674900E-7	6.674900E-7	1.699745E-8	1.699745E-8
2.360000E+0	6.679610E-7	6.679610E-7	1.700945E-8	1.700945E-8
2.370000E+0	6.696890E-7	6.696890E-7	1.705345E-8	1.705345E-8
2.380000E+0	6.701270E-7	6.701270E-7	1.706460E-8	1.706460E-8
2.390000E+0	6.705260E-7	6.705260E-7	1.707476E-8	1.707476E-8
2.400000E+0	6.708360E-7	6.708360E-7	1.708266E-8	1.708266E-8
2.410000E+0	6.711320E-7	6.711320E-7	1.709020E-8	1.709020E-8
2.420000E+0	6.713160E-7	6.713160E-7	1.709488E-8	1.709488E-8
2.430000E+0	6.715410E-7	6.715410E-7	1.710061E-8	1.710061E-8
2.440000E+0	6.717710E-7	6.717710E-7	1.710647E-8	1.710647E-8
2.450000E+0	6.719370E-7	6.719370E-7	1.711069E-8	1.711069E-8
2.460000E+0	6.721950E-7	6.721950E-7	1.711726E-8	1.711726E-8
2.470000E+0	6.723160E-7	6.723160E-7	1.712035E-8	1.712035E-8
2.480000E+0	6.724070E-7	6.724070E-7	1.712266E-8	1.712266E-8
2.490000E+0	6.725280E-7	6.725280E-7	1.712574E-8	1.712574E-8
2.500000E+0	6.726230E-7	6.726230E-7	1.712816E-8	1.712816E-8
2.510000E+0	6.726900E-7	6.726900E-7	1.712987E-8	1.712987E-8
2.520000E+0	6.727860E-7	6.727860E-7	1.713231E-8	1.713231E-8
2.530000E+0	6.729050E-7	6.729050E-7	1.713534E-8	1.713534E-8
2.540000E+0	6.730950E-7	6.730950E-7	1.714018E-8	1.714018E-8
2.550000E+0	6.732560E-7	6.732560E-7	1.714428E-8	1.714428E-8
2.560000E+0	6.735550E-7	6.735550E-7	1.715190E-8	1.715190E-8
2.570000E+0	6.737980E-7	6.737980E-7	1.715808E-8	1.715808E-8
2.580000E+0	6.741100E-7	6.741100E-7	1.716603E-8	1.716603E-8
2.590000E+0	6.745360E-7	6.745360E-7	1.717688E-8	1.717688E-8
2.600000E+0	6.750300E-7	6.750300E-7	1.718946E-8	1.718946E-8
2.610000E+0	6.756540E-7	6.756540E-7	1.720535E-8	1.720535E-8
2.620000E+0	6.763740E-7	6.763740E-7	1.722368E-8	1.722368E-8
2.630000E+0	6.772510E-7	6.772510E-7	1.724601E-8	1.724601E-8
2.640000E+0	6.783170E-7	6.783170E-7	1.727316E-8	1.727316E-8
2.650000E+0	6.795710E-7	6.795710E-7	1.730509E-8	1.730509E-8
2.660000E+0	6.811180E-7	6.811180E-7	1.734449E-8	1.734449E-8
2.670000E+0	6.827850E-7	6.827850E-7	1.738694E-8	1.738694E-8
2.680000E+0	6.846920E-7	6.846920E-7	1.743550E-8	1.743550E-8
2.690000E+0	6.869040E-7	6.869040E-7	1.749183E-8	1.749183E-8
2.700000E+0	6.893810E-7	6.893810E-7	1.755490E-8	1.755490E-8
2.710000E+0	6.921790E-7	6.921790E-7	1.762615E-8	1.762615E-8
2.720000E+0	6.953070E-7	6.953070E-7	1.770581E-8	1.770581E-8
2.730000E+0	7.001320E-7	7.001320E-7	1.782867E-8	1.782867E-8
2.740000E+0	7.041310E-7	7.041310E-7	1.793051E-8	1.793051E-8
2.750000E+0	7.084810E-7	7.084810E-7	1.804128E-8	1.804128E-8
2.760000E+0	7.132220E-7	7.132220E-7	1.816201E-8	1.816201E-8
2.770000E+0	7.183570E-7	7.183570E-7	1.829277E-8	1.829277E-8
2.780000E+0	7.239140E-7	7.239140E-7	1.843428E-8	1.843428E-8
2.790000E+0	7.299230E-7	7.299230E-7	1.858729E-8	1.858729E-8
2.800000E+0	7.363760E-7	7.363760E-7	1.875162E-8	1.875162E-8
2.810000E+0	7.432660E-7	7.432660E-7	1.892707E-8	1.892707E-8
2.820000E+0	7.506660E-7	7.506660E-7	1.911551E-8	1.911551E-8
2.830000E+0	7.585480E-7	7.585480E-7	1.931622E-8	1.931622E-8
2.840000E+0	7.668560E-7	7.668560E-7	1.952778E-8	1.952778E-8
2.850000E+0	7.756280E-7	7.756280E-7	1.975116E-8	1.975116E-8
2.860000E+0	7.849360E-7	7.849360E-7	1.998818E-8	1.998818E-8
2.870000E+0	7.946130E-7	7.946130E-7	2.023461E-8	2.023461E-8
2.880000E+0	8.046940E-7	8.046940E-7	2.049132E-8	2.049132E-8
2.890000E+0	8.151650E-7	8.151650E-7	2.075796E-8	2.075796E-8
2.900000E+0	8.260270E-7	8.260270E-7	2.103456E-8	2.103456E-8
2.910000E+0	8.371830E-7	8.371830E-7	2.131864E-8	2.131864E-8
2.920000E+0	8.487200E-7	8.487200E-7	2.161243E-8	2.161243E-8
2.930000E+0	8.605880E-7	8.605880E-7	2.191464E-8	2.191464E-8
2.940000E+0	8.726850E-7	8.726850E-7	2.222269E-8	2.222269E-8
2.950000E+0	8.850610E-7	8.850610E-7	2.253784E-8	2.253784E-8
2.960000E+0	8.977080E-7	8.977080E-7	2.285989E-8	2.285989E-8
2.970000E+0	9.104620E-7	9.104620E-7	2.318467E-8	2.318467E-8
2.980000E+0	9.233940E-7	9.233940E-7	2.351398E-8	2.351398E-8
2.990000E+0	9.364010E-7	9.364010E-7	2.384520E-8	2.384520E-8
3.000000E+0	9.495170E-7	9.495170E-7	2.417920E-8	2.417920E-8
3.010000E+0	9.626680E-7	9.626680E-7	2.451408E-8	2.451408E-8
3.020000E+0	9.758960E-7	9.758960E-7	2.485093E-8	2.485093E-8
3.030000E+0	9.891610E-7	9.891610E-7	2.518872E-8	2.518872E-8
3.040000E+0	1.002381E-6	1.002381E-6	2.552536E-8	2.552536E-8
3.050000E+0	1.015699E-6	1.015699E-6	2.586450E-8	2.586450E-8
3.060000E+0	1.028770E-6	1.028770E-6	2.619735E-8	2.619735E-8
3.070000E+0	1.041765E-6	1.041765E-6	2.652827E-8	2.652827E-8
3.080000E+0	1.054662E-6	1.054662E-6	2.685668E-8	2.685668E-8
3.090000E+0	1.067447E-6	1.067447E-6	2.718225E-8	2.718225E-8
3.100000E+0	1.081855E-6	1.081855E-6	2.754915E-8	2.754915E-8
3.110000E+0	1.082260E-6	1.082260E-6	2.755946E-8	2.755946E-8
3.120000E+0	1.090410E-6	1.090410E-6	2.776700E-8	2.776700E-8
3.130000E+0	1.100360E-6	1.100360E-6	2.802037E-8	2.802037E-8
3.140000E+0	1.110770E-6	1.110770E-6	2.828546E-8	2.828546E-8
3.150000E+0	1.121360E-6	1.121360E-6	2.855513E-8	2.855513E-8
3.160000E+0	1.131850E-6	1.131850E-6	2.882226E-8	2.882226E-8
3.170000E+0	1.142290E-6	1.142290E-6	2.908811E-8	2.908811E-8
3.180000E+0	1.152630E-6	1.152630E-6	2.935141E-8	2.935141E-8
3.190000E+0	1.162770E-6	1.162770E-6	2.960963E-8	2.960963E-8
3.200000E+0	1.172650E-6	1.172650E-6	2.986122E-8	2.986122E-8
3.210000E+0	1.182370E-6	1.182370E-6	3.010873E-8	3.010873E-8
3.220000E+0	1.191860E-6	1.191860E-6	3.035039E-8	3.035039E-8
3.230000E+0	1.201130E-6	1.201130E-6	3.058645E-8	3.058645E-8
3.240000E+0	1.210160E-6	1.210160E-6	3.081640E-8	3.081640E-8
3.250000E+0	1.219070E-6	1.219070E-6	3.104329E-8	3.104329E-8
3.260000E+0	1.227590E-6	1.227590E-6	3.126025E-8	3.126025E-8
3.270000E+0	1.235850E-6	1.235850E-6	3.147059E-8	3.147059E-8
3.280000E+0	1.243840E-6	1.243840E-6	3.167405E-8	3.167405E-8
3.290000E+0	1.251570E-6	1.251570E-6	3.187089E-8	3.187089E-8
3.300000E+0	1.259000E-6	1.259000E-6	3.206010E-8	3.206010E-8
3.310000E+0	1.266200E-6	1.266200E-6	3.224344E-8	3.224344E-8
3.320000E+0	1.273190E-6	1.273190E-6	3.242144E-8	3.242144E-8
3.330000E+0	1.279870E-6	1.279870E-6	3.259155E-8	3.259155E-8
3.340000E+0	1.286320E-6	1.286320E-6	3.275579E-8	3.275579E-8
3.350000E+0	1.292690E-6	1.292690E-6	3.291800E-8	3.291800E-8
3.360000E+0	1.298590E-6	1.298590E-6	3.306825E-8	3.306825E-8
3.370000E+0	1.304340E-6	1.304340E-6	3.321467E-8	3.321467E-8
3.380000E+0	1.309840E-6	1.309840E-6	3.335472E-8	3.335472E-8
3.390000E+0	1.315080E-6	1.315080E-6	3.348816E-8	3.348816E-8
3.400000E+0	1.320130E-6	1.320130E-6	3.361676E-8	3.361676E-8
3.410000E+0	1.324940E-6	1.324940E-6	3.373924E-8	3.373924E-8
3.420000E+0	1.329560E-6	1.329560E-6	3.385689E-8	3.385689E-8
3.430000E+0	1.334000E-6	1.334000E-6	3.396995E-8	3.396995E-8
3.440000E+0	1.338250E-6	1.338250E-6	3.407818E-8	3.407818E-8
3.450000E+0	1.342420E-6	1.342420E-6	3.418436E-8	3.418436E-8
3.460000E+0	1.346330E-6	1.346330E-6	3.428393E-8	3.428393E-8
3.470000E+0	1.352140E-6	1.352140E-6	3.443188E-8	3.443188E-8
3.480000E+0	1.355990E-6	1.355990E-6	3.452992E-8	3.452992E-8
3.490000E+0	1.359440E-6	1.359440E-6	3.461777E-8	3.461777E-8
3.500000E+0	1.362650E-6	1.362650E-6	3.469952E-8	3.469952E-8
