

13:51:07	24/03/21


Ell Cont: 5,0x10,0

SMU1	V name:		V1
	I name:		I1
	Mode:		V
	Function:	VAR1
SMU2	V name:		V2
	I name:		I2
	Mode:		common
	Function:	const.
SMU3	off
SMU4	off
VMUs	off

Primary Source (VAR1):	single
	Sweep Spacing:	linear
	Start:		-0.500000
	Stop:		0.500000
	Step:		0.010000
	Compliance:	0.050000
Power Compliance OFF

Timing:		Integration Time:	medium
	Delay Time (sec):	0.000000
	Hold Time (sec):	0.000000
	Wait Time (sec):	1.000000

Secondary Source (VAR2):	OFF


   V1	   I1	Abs(I)	J (A\µm²)	Abs(J)
-5.000000E-1	-7.971300E-9	7.971300E-9	-2.029870E-10	2.029870E-10
-4.900000E-1	-7.018700E-10	7.018700E-10	-1.787293E-11	1.787293E-11
-4.800000E-1	1.678090E-9	1.678090E-9	4.273211E-11	4.273211E-11
-4.700000E-1	2.785080E-9	2.785080E-9	7.092131E-11	7.092131E-11
-4.600000E-1	3.508670E-9	3.508670E-9	8.934734E-11	8.934734E-11
-4.500000E-1	4.027560E-9	4.027560E-9	1.025607E-10	1.025607E-10
-4.400000E-1	4.413700E-9	4.413700E-9	1.123937E-10	1.123937E-10
-4.300000E-1	4.768240E-9	4.768240E-9	1.214219E-10	1.214219E-10
-4.200000E-1	5.051200E-9	5.051200E-9	1.286274E-10	1.286274E-10
-4.100000E-1	5.336100E-9	5.336100E-9	1.358824E-10	1.358824E-10
-4.000000E-1	5.616760E-9	5.616760E-9	1.430293E-10	1.430293E-10
-3.900000E-1	5.880830E-9	5.880830E-9	1.497538E-10	1.497538E-10
-3.800000E-1	6.134140E-9	6.134140E-9	1.562042E-10	1.562042E-10
-3.700000E-1	6.418570E-9	6.418570E-9	1.634472E-10	1.634472E-10
-3.600000E-1	6.666740E-9	6.666740E-9	1.697667E-10	1.697667E-10
-3.500000E-1	6.953970E-9	6.953970E-9	1.770810E-10	1.770810E-10
-3.400000E-1	7.220250E-9	7.220250E-9	1.838617E-10	1.838617E-10
-3.300000E-1	7.543960E-9	7.543960E-9	1.921049E-10	1.921049E-10
-3.200000E-1	7.839970E-9	7.839970E-9	1.996427E-10	1.996427E-10
-3.100000E-1	8.154470E-9	8.154470E-9	2.076514E-10	2.076514E-10
-3.000000E-1	8.464030E-9	8.464030E-9	2.155342E-10	2.155342E-10
-2.900000E-1	8.910600E-9	8.910600E-9	2.269060E-10	2.269060E-10
-2.800000E-1	9.277300E-9	9.277300E-9	2.362439E-10	2.362439E-10
-2.700000E-1	9.912600E-9	9.912600E-9	2.524217E-10	2.524217E-10
-2.600000E-1	1.044220E-8	1.044220E-8	2.659078E-10	2.659078E-10
-2.500000E-1	1.095820E-8	1.095820E-8	2.790476E-10	2.790476E-10
-2.400000E-1	1.148920E-8	1.148920E-8	2.925694E-10	2.925694E-10
-2.300000E-1	1.204260E-8	1.204260E-8	3.066616E-10	3.066616E-10
-2.200000E-1	1.263500E-8	1.263500E-8	3.217469E-10	3.217469E-10
-2.100000E-1	1.322190E-8	1.322190E-8	3.366921E-10	3.366921E-10
-2.000000E-1	1.385450E-8	1.385450E-8	3.528011E-10	3.528011E-10
-1.900000E-1	1.452680E-8	1.452680E-8	3.699211E-10	3.699211E-10
-1.800000E-1	1.522520E-8	1.522520E-8	3.877056E-10	3.877056E-10
-1.700000E-1	1.595680E-8	1.595680E-8	4.063356E-10	4.063356E-10
-1.600000E-1	1.675210E-8	1.675210E-8	4.265877E-10	4.265877E-10
-1.500000E-1	1.757030E-8	1.757030E-8	4.474230E-10	4.474230E-10
-1.400000E-1	1.844680E-8	1.844680E-8	4.697428E-10	4.697428E-10
-1.300000E-1	1.936560E-8	1.936560E-8	4.931398E-10	4.931398E-10
-1.200000E-1	2.035380E-8	2.035380E-8	5.183040E-10	5.183040E-10
-1.100000E-1	2.137600E-8	2.137600E-8	5.443341E-10	5.443341E-10
-1.000000E-1	2.247030E-8	2.247030E-8	5.722001E-10	5.722001E-10
-9.000000E-2	2.363350E-8	2.363350E-8	6.018207E-10	6.018207E-10
-8.000000E-2	2.485540E-8	2.485540E-8	6.329361E-10	6.329361E-10
-7.000000E-2	2.616270E-8	2.616270E-8	6.662261E-10	6.662261E-10
-6.000000E-2	2.752940E-8	2.752940E-8	7.010288E-10	7.010288E-10
-5.000000E-2	2.899870E-8	2.899870E-8	7.384441E-10	7.384441E-10
-4.000000E-2	3.054600E-8	3.054600E-8	7.778457E-10	7.778457E-10
-3.000000E-2	3.218900E-8	3.218900E-8	8.196842E-10	8.196842E-10
-2.000000E-2	3.393760E-8	3.393760E-8	8.642119E-10	8.642119E-10
-1.000000E-2	3.575450E-8	3.575450E-8	9.104787E-10	9.104787E-10
0.000000E+0	3.770200E-8	3.770200E-8	9.600713E-10	9.600713E-10
1.000000E-2	3.973380E-8	3.973380E-8	1.011811E-9	1.011811E-9
2.000000E-2	4.190030E-8	4.190030E-8	1.066980E-9	1.066980E-9
3.000000E-2	4.417000E-8	4.417000E-8	1.124777E-9	1.124777E-9
4.000000E-2	4.659010E-8	4.659010E-8	1.186404E-9	1.186404E-9
5.000000E-2	4.911240E-8	4.911240E-8	1.250634E-9	1.250634E-9
6.000000E-2	5.175320E-8	5.175320E-8	1.317881E-9	1.317881E-9
7.000000E-2	5.454490E-8	5.454490E-8	1.388971E-9	1.388971E-9
8.000000E-2	5.745110E-8	5.745110E-8	1.462977E-9	1.462977E-9
9.000000E-2	6.053690E-8	6.053690E-8	1.541556E-9	1.541556E-9
1.000000E-1	6.373660E-8	6.373660E-8	1.623035E-9	1.623035E-9
1.100000E-1	6.706360E-8	6.706360E-8	1.707757E-9	1.707757E-9
1.200000E-1	7.052470E-8	7.052470E-8	1.795893E-9	1.795893E-9
1.300000E-1	7.416750E-8	7.416750E-8	1.888655E-9	1.888655E-9
1.400000E-1	7.792200E-8	7.792200E-8	1.984263E-9	1.984263E-9
1.500000E-1	8.186100E-8	8.186100E-8	2.084568E-9	2.084568E-9
1.600000E-1	8.595990E-8	8.595990E-8	2.188946E-9	2.188946E-9
1.700000E-1	9.016630E-8	9.016630E-8	2.296061E-9	2.296061E-9
1.800000E-1	9.455680E-8	9.455680E-8	2.407863E-9	2.407863E-9
1.900000E-1	9.905210E-8	9.905210E-8	2.522335E-9	2.522335E-9
2.000000E-1	1.038310E-7	1.038310E-7	2.644028E-9	2.644028E-9
2.100000E-1	1.112310E-7	1.112310E-7	2.832467E-9	2.832467E-9
2.200000E-1	1.176730E-7	1.176730E-7	2.996511E-9	2.996511E-9
2.300000E-1	1.244390E-7	1.244390E-7	3.168806E-9	3.168806E-9
2.400000E-1	1.316780E-7	1.316780E-7	3.353145E-9	3.353145E-9
2.500000E-1	1.392400E-7	1.392400E-7	3.545709E-9	3.545709E-9
2.600000E-1	1.472920E-7	1.472920E-7	3.750751E-9	3.750751E-9
2.700000E-1	1.557430E-7	1.557430E-7	3.965954E-9	3.965954E-9
2.800000E-1	1.645050E-7	1.645050E-7	4.189076E-9	4.189076E-9
2.900000E-1	1.737550E-7	1.737550E-7	4.424624E-9	4.424624E-9
3.000000E-1	1.832840E-7	1.832840E-7	4.667278E-9	4.667278E-9
3.100000E-1	1.933150E-7	1.933150E-7	4.922714E-9	4.922714E-9
3.200000E-1	2.036120E-7	2.036120E-7	5.184925E-9	5.184925E-9
3.300000E-1	2.143700E-7	2.143700E-7	5.458874E-9	5.458874E-9
3.400000E-1	2.253610E-7	2.253610E-7	5.738757E-9	5.738757E-9
3.500000E-1	2.368130E-7	2.368130E-7	6.030379E-9	6.030379E-9
3.600000E-1	2.484580E-7	2.484580E-7	6.326916E-9	6.326916E-9
3.700000E-1	2.605140E-7	2.605140E-7	6.633919E-9	6.633919E-9
3.800000E-1	2.728740E-7	2.728740E-7	6.948663E-9	6.948663E-9
3.900000E-1	2.853470E-7	2.853470E-7	7.266285E-9	7.266285E-9
4.000000E-1	2.981570E-7	2.981570E-7	7.592488E-9	7.592488E-9
4.100000E-1	3.110090E-7	3.110090E-7	7.919761E-9	7.919761E-9
4.200000E-1	3.242150E-7	3.242150E-7	8.256048E-9	8.256048E-9
4.300000E-1	3.373620E-7	3.373620E-7	8.590833E-9	8.590833E-9
4.400000E-1	3.507950E-7	3.507950E-7	8.932900E-9	8.932900E-9
4.500000E-1	3.641190E-7	3.641190E-7	9.272192E-9	9.272192E-9
4.600000E-1	3.776090E-7	3.776090E-7	9.615712E-9	9.615712E-9
4.700000E-1	3.909700E-7	3.909700E-7	9.955946E-9	9.955946E-9
4.800000E-1	4.044740E-7	4.044740E-7	1.029982E-8	1.029982E-8
4.900000E-1	4.179090E-7	4.179090E-7	1.064194E-8	1.064194E-8
5.000000E-1	4.310580E-7	4.310580E-7	1.097678E-8	1.097678E-8
