

14:06:33	24/03/21


Ell Cont: 5,0x10,0

SMU1	V name:		V1
	I name:		I1
	Mode:		V
	Function:	VAR1
SMU2	V name:		V2
	I name:		I2
	Mode:		common
	Function:	const.
SMU3	off
SMU4	off
VMUs	off

Primary Source (VAR1):	single
	Sweep Spacing:	linear
	Start:		-5.000000
	Stop:		5.000000
	Step:		0.010000
	Compliance:	0.050000
Power Compliance OFF

Timing:		Integration Time:	medium
	Delay Time (sec):	0.000000
	Hold Time (sec):	0.000000
	Wait Time (sec):	1.000000

Secondary Source (VAR2):	OFF


   V1	   I1	Abs(I)	J (A\um²)	Abs(J)
-5.000000E+0	-1.415900E-5	1.415900E-5	-3.605551E-7	3.605551E-7
-4.990000E+0	-1.086060E-5	1.086060E-5	-2.765623E-7	2.765623E-7
-4.980000E+0	-8.322360E-6	8.322360E-6	-2.119267E-7	2.119267E-7
-4.970000E+0	-6.738410E-6	6.738410E-6	-1.715918E-7	1.715918E-7
-4.960000E+0	-5.579170E-6	5.579170E-6	-1.420721E-7	1.420721E-7
-4.950000E+0	-4.726770E-6	4.726770E-6	-1.203659E-7	1.203659E-7
-4.940000E+0	-4.098080E-6	4.098080E-6	-1.043565E-7	1.043565E-7
-4.930000E+0	-3.632480E-6	3.632480E-6	-9.250013E-8	9.250013E-8
-4.920000E+0	-3.285400E-6	3.285400E-6	-8.366183E-8	8.366183E-8
-4.910000E+0	-3.023390E-6	3.023390E-6	-7.698981E-8	7.698981E-8
-4.900000E+0	-2.821800E-6	2.821800E-6	-7.185638E-8	7.185638E-8
-4.890000E+0	-2.663340E-6	2.663340E-6	-6.782124E-8	6.782124E-8
-4.880000E+0	-2.534960E-6	2.534960E-6	-6.455207E-8	6.455207E-8
-4.870000E+0	-2.428230E-6	2.428230E-6	-6.183422E-8	6.183422E-8
-4.860000E+0	-2.336930E-6	2.336930E-6	-5.950929E-8	5.950929E-8
-4.850000E+0	-2.256870E-6	2.256870E-6	-5.747059E-8	5.747059E-8
-4.840000E+0	-2.185040E-6	2.185040E-6	-5.564146E-8	5.564146E-8
-4.830000E+0	-2.119310E-6	2.119310E-6	-5.396766E-8	5.396766E-8
-4.820000E+0	-2.058290E-6	2.058290E-6	-5.241380E-8	5.241380E-8
-4.810000E+0	-2.000590E-6	2.000590E-6	-5.094449E-8	5.094449E-8
-4.800000E+0	-1.941710E-6	1.941710E-6	-4.944512E-8	4.944512E-8
-4.790000E+0	-1.889470E-6	1.889470E-6	-4.811485E-8	4.811485E-8
-4.780000E+0	-1.838830E-6	1.838830E-6	-4.682531E-8	4.682531E-8
-4.770000E+0	-1.789710E-6	1.789710E-6	-4.557448E-8	4.557448E-8
-4.760000E+0	-1.741800E-6	1.741800E-6	-4.435447E-8	4.435447E-8
-4.750000E+0	-1.694910E-6	1.694910E-6	-4.316043E-8	4.316043E-8
-4.740000E+0	-1.648930E-6	1.648930E-6	-4.198956E-8	4.198956E-8
-4.730000E+0	-1.603740E-6	1.603740E-6	-4.083881E-8	4.083881E-8
-4.720000E+0	-1.559260E-6	1.559260E-6	-3.970614E-8	3.970614E-8
-4.710000E+0	-1.514990E-6	1.514990E-6	-3.857881E-8	3.857881E-8
-4.700000E+0	-1.472110E-6	1.472110E-6	-3.748689E-8	3.748689E-8
-4.690000E+0	-1.429800E-6	1.429800E-6	-3.640947E-8	3.640947E-8
-4.680000E+0	-1.388120E-6	1.388120E-6	-3.534810E-8	3.534810E-8
-4.670000E+0	-1.347090E-6	1.347090E-6	-3.430328E-8	3.430328E-8
-4.660000E+0	-1.306710E-6	1.306710E-6	-3.327502E-8	3.327502E-8
-4.650000E+0	-1.266900E-6	1.266900E-6	-3.226127E-8	3.226127E-8
-4.640000E+0	-1.227730E-6	1.227730E-6	-3.126381E-8	3.126381E-8
-4.630000E+0	-1.189170E-6	1.189170E-6	-3.028189E-8	3.028189E-8
-4.620000E+0	-1.151200E-6	1.151200E-6	-2.931500E-8	2.931500E-8
-4.610000E+0	-1.113730E-6	1.113730E-6	-2.836083E-8	2.836083E-8
-4.600000E+0	-1.077150E-6	1.077150E-6	-2.742934E-8	2.742934E-8
-4.590000E+0	-1.041150E-6	1.041150E-6	-2.651260E-8	2.651260E-8
-4.580000E+0	-1.008586E-6	1.008586E-6	-2.568337E-8	2.568337E-8
-4.570000E+0	-9.722650E-7	9.722650E-7	-2.475847E-8	2.475847E-8
-4.560000E+0	-9.381310E-7	9.381310E-7	-2.388925E-8	2.388925E-8
-4.550000E+0	-9.047680E-7	9.047680E-7	-2.303967E-8	2.303967E-8
-4.540000E+0	-8.720330E-7	8.720330E-7	-2.220609E-8	2.220609E-8
-4.530000E+0	-8.401110E-7	8.401110E-7	-2.139320E-8	2.139320E-8
-4.520000E+0	-8.088640E-7	8.088640E-7	-2.059750E-8	2.059750E-8
-4.510000E+0	-7.782090E-7	7.782090E-7	-1.981688E-8	1.981688E-8
-4.500000E+0	-7.484940E-7	7.484940E-7	-1.906020E-8	1.906020E-8
-4.490000E+0	-7.194670E-7	7.194670E-7	-1.832103E-8	1.832103E-8
-4.480000E+0	-6.912060E-7	6.912060E-7	-1.760137E-8	1.760137E-8
-4.470000E+0	-6.636500E-7	6.636500E-7	-1.689967E-8	1.689967E-8
-4.460000E+0	-6.368820E-7	6.368820E-7	-1.621803E-8	1.621803E-8
-4.450000E+0	-6.108030E-7	6.108030E-7	-1.555393E-8	1.555393E-8
-4.440000E+0	-5.854240E-7	5.854240E-7	-1.490766E-8	1.490766E-8
-4.430000E+0	-5.608390E-7	5.608390E-7	-1.428161E-8	1.428161E-8
-4.420000E+0	-5.347950E-7	5.347950E-7	-1.361841E-8	1.361841E-8
-4.410000E+0	-5.118160E-7	5.118160E-7	-1.303326E-8	1.303326E-8
-4.400000E+0	-4.895520E-7	4.895520E-7	-1.246631E-8	1.246631E-8
-4.390000E+0	-4.679350E-7	4.679350E-7	-1.191584E-8	1.191584E-8
-4.380000E+0	-4.470710E-7	4.470710E-7	-1.138454E-8	1.138454E-8
-4.370000E+0	-4.269110E-7	4.269110E-7	-1.087117E-8	1.087117E-8
-4.360000E+0	-4.074400E-7	4.074400E-7	-1.037535E-8	1.037535E-8
-4.350000E+0	-3.886500E-7	3.886500E-7	-9.896868E-9	9.896868E-9
-4.340000E+0	-3.705360E-7	3.705360E-7	-9.435600E-9	9.435600E-9
-4.330000E+0	-3.530880E-7	3.530880E-7	-8.991291E-9	8.991291E-9
-4.320000E+0	-3.363290E-7	3.363290E-7	-8.564528E-9	8.564528E-9
-4.310000E+0	-3.202550E-7	3.202550E-7	-8.155207E-9	8.155207E-9
-4.300000E+0	-3.048110E-7	3.048110E-7	-7.761930E-9	7.761930E-9
-4.290000E+0	-2.899710E-7	2.899710E-7	-7.384034E-9	7.384034E-9
-4.280000E+0	-2.757530E-7	2.757530E-7	-7.021976E-9	7.021976E-9
-4.270000E+0	-2.621550E-7	2.621550E-7	-6.675707E-9	6.675707E-9
-4.260000E+0	-2.491220E-7	2.491220E-7	-6.343825E-9	6.343825E-9
-4.250000E+0	-2.366330E-7	2.366330E-7	-6.025796E-9	6.025796E-9
-4.240000E+0	-2.247090E-7	2.247090E-7	-5.722154E-9	5.722154E-9
-4.230000E+0	-2.133290E-7	2.133290E-7	-5.432366E-9	5.432366E-9
-4.220000E+0	-2.023810E-7	2.023810E-7	-5.153578E-9	5.153578E-9
-4.210000E+0	-1.920560E-7	1.920560E-7	-4.890654E-9	4.890654E-9
-4.200000E+0	-1.821810E-7	1.821810E-7	-4.639190E-9	4.639190E-9
-4.190000E+0	-1.727820E-7	1.727820E-7	-4.399847E-9	4.399847E-9
-4.180000E+0	-1.638410E-7	1.638410E-7	-4.172167E-9	4.172167E-9
-4.170000E+0	-1.553590E-7	1.553590E-7	-3.956175E-9	3.956175E-9
-4.160000E+0	-1.472670E-7	1.472670E-7	-3.750115E-9	3.750115E-9
-4.150000E+0	-1.395880E-7	1.395880E-7	-3.554571E-9	3.554571E-9
-4.140000E+0	-1.322730E-7	1.322730E-7	-3.368296E-9	3.368296E-9
-4.130000E+0	-1.253430E-7	1.253430E-7	-3.191826E-9	3.191826E-9
-4.120000E+0	-1.187420E-7	1.187420E-7	-3.023733E-9	3.023733E-9
-4.110000E+0	-1.125310E-7	1.125310E-7	-2.865572E-9	2.865572E-9
-4.100000E+0	-1.066420E-7	1.066420E-7	-2.715610E-9	2.715610E-9
-4.090000E+0	-1.015728E-7	1.015728E-7	-2.586524E-9	2.586524E-9
-4.080000E+0	-9.602820E-8	9.602820E-8	-2.445332E-9	2.445332E-9
-4.070000E+0	-9.098110E-8	9.098110E-8	-2.316809E-9	2.316809E-9
-4.060000E+0	-8.622060E-8	8.622060E-8	-2.195584E-9	2.195584E-9
-4.050000E+0	-8.173740E-8	8.173740E-8	-2.081421E-9	2.081421E-9
-4.040000E+0	-7.705560E-8	7.705560E-8	-1.962200E-9	1.962200E-9
-4.030000E+0	-7.311670E-8	7.311670E-8	-1.861897E-9	1.861897E-9
-4.020000E+0	-6.935260E-8	6.935260E-8	-1.766045E-9	1.766045E-9
-4.010000E+0	-6.579720E-8	6.579720E-8	-1.675508E-9	1.675508E-9
-4.000000E+0	-6.245840E-8	6.245840E-8	-1.590486E-9	1.590486E-9
-3.990000E+0	-5.930550E-8	5.930550E-8	-1.510199E-9	1.510199E-9
-3.980000E+0	-5.632880E-8	5.632880E-8	-1.434398E-9	1.434398E-9
-3.970000E+0	-5.350960E-8	5.350960E-8	-1.362608E-9	1.362608E-9
-3.960000E+0	-5.085120E-8	5.085120E-8	-1.294912E-9	1.294912E-9
-3.950000E+0	-4.833740E-8	4.833740E-8	-1.230899E-9	1.230899E-9
-3.940000E+0	-4.596560E-8	4.596560E-8	-1.170502E-9	1.170502E-9
-3.930000E+0	-4.372410E-8	4.372410E-8	-1.113422E-9	1.113422E-9
-3.920000E+0	-4.163350E-8	4.163350E-8	-1.060186E-9	1.060186E-9
-3.910000E+0	-3.966670E-8	3.966670E-8	-1.010102E-9	1.010102E-9
-3.900000E+0	-3.778970E-8	3.778970E-8	-9.623045E-10	9.623045E-10
-3.890000E+0	-3.602380E-8	3.602380E-8	-9.173364E-10	9.173364E-10
-3.880000E+0	-3.435160E-8	3.435160E-8	-8.747543E-10	8.747543E-10
-3.870000E+0	-3.279210E-8	3.279210E-8	-8.350420E-10	8.350420E-10
-3.860000E+0	-3.131750E-8	3.131750E-8	-7.974917E-10	7.974917E-10
-3.850000E+0	-2.991350E-8	2.991350E-8	-7.617392E-10	7.617392E-10
-3.840000E+0	-2.858080E-8	2.858080E-8	-7.278024E-10	7.278024E-10
-3.830000E+0	-2.734700E-8	2.734700E-8	-6.963840E-10	6.963840E-10
-3.820000E+0	-2.615170E-8	2.615170E-8	-6.659460E-10	6.659460E-10
-3.810000E+0	-2.507910E-8	2.507910E-8	-6.386325E-10	6.386325E-10
-3.800000E+0	-2.403060E-8	2.403060E-8	-6.119328E-10	6.119328E-10
-3.790000E+0	-2.303840E-8	2.303840E-8	-5.866667E-10	5.866667E-10
-3.780000E+0	-2.210890E-8	2.210890E-8	-5.629972E-10	5.629972E-10
-3.770000E+0	-2.123960E-8	2.123960E-8	-5.408607E-10	5.408607E-10
-3.760000E+0	-2.039960E-8	2.039960E-8	-5.194703E-10	5.194703E-10
-3.750000E+0	-1.961910E-8	1.961910E-8	-4.995951E-10	4.995951E-10
-3.740000E+0	-1.888500E-8	1.888500E-8	-4.809014E-10	4.809014E-10
-3.730000E+0	-1.817560E-8	1.817560E-8	-4.628368E-10	4.628368E-10
-3.720000E+0	-1.751850E-8	1.751850E-8	-4.461039E-10	4.461039E-10
-3.710000E+0	-1.689980E-8	1.689980E-8	-4.303489E-10	4.303489E-10
-3.700000E+0	-1.630210E-8	1.630210E-8	-4.151286E-10	4.151286E-10
-3.690000E+0	-1.575010E-8	1.575010E-8	-4.010721E-10	4.010721E-10
-3.680000E+0	-1.521630E-8	1.521630E-8	-3.874790E-10	3.874790E-10
-3.670000E+0	-1.470040E-8	1.470040E-8	-3.743417E-10	3.743417E-10
-3.660000E+0	-1.415900E-8	1.415900E-8	-3.605551E-10	3.605551E-10
-3.650000E+0	-1.373900E-8	1.373900E-8	-3.498599E-10	3.498599E-10
-3.640000E+0	-1.332220E-8	1.332220E-8	-3.392462E-10	3.392462E-10
-3.630000E+0	-1.303960E-8	1.303960E-8	-3.320499E-10	3.320499E-10
-3.620000E+0	-1.264970E-8	1.264970E-8	-3.221212E-10	3.221212E-10
-3.610000E+0	-1.230060E-8	1.230060E-8	-3.132315E-10	3.132315E-10
-3.600000E+0	-1.194850E-8	1.194850E-8	-3.042653E-10	3.042653E-10
-3.590000E+0	-1.162040E-8	1.162040E-8	-2.959104E-10	2.959104E-10
-3.580000E+0	-1.134830E-8	1.134830E-8	-2.889814E-10	2.889814E-10
-3.570000E+0	-1.100640E-8	1.100640E-8	-2.802750E-10	2.802750E-10
-3.560000E+0	-1.083590E-8	1.083590E-8	-2.759333E-10	2.759333E-10
-3.550000E+0	-1.049810E-8	1.049810E-8	-2.673313E-10	2.673313E-10
-3.540000E+0	-1.033530E-8	1.033530E-8	-2.631856E-10	2.631856E-10
-3.530000E+0	-1.017320E-8	1.017320E-8	-2.590578E-10	2.590578E-10
-3.520000E+0	-9.955100E-9	9.955100E-9	-2.535039E-10	2.535039E-10
-3.510000E+0	-9.729000E-9	9.729000E-9	-2.477464E-10	2.477464E-10
-3.500000E+0	-9.639400E-9	9.639400E-9	-2.454647E-10	2.454647E-10
-3.490000E+0	-9.367170E-9	9.367170E-9	-2.385325E-10	2.385325E-10
-3.480000E+0	-9.159200E-9	9.159200E-9	-2.332366E-10	2.332366E-10
-3.470000E+0	-8.957900E-9	8.957900E-9	-2.281105E-10	2.281105E-10
-3.460000E+0	-8.766980E-9	8.766980E-9	-2.232488E-10	2.232488E-10
-3.450000E+0	-8.605050E-9	8.605050E-9	-2.191253E-10	2.191253E-10
-3.440000E+0	-8.396130E-9	8.396130E-9	-2.138052E-10	2.138052E-10
-3.430000E+0	-8.221770E-9	8.221770E-9	-2.093652E-10	2.093652E-10
-3.420000E+0	-8.050550E-9	8.050550E-9	-2.050051E-10	2.050051E-10
-3.410000E+0	-7.889660E-9	7.889660E-9	-2.009081E-10	2.009081E-10
-3.400000E+0	-7.733860E-9	7.733860E-9	-1.969407E-10	1.969407E-10
-3.390000E+0	-7.575440E-9	7.575440E-9	-1.929065E-10	1.929065E-10
-3.380000E+0	-7.416330E-9	7.416330E-9	-1.888548E-10	1.888548E-10
-3.370000E+0	-7.264980E-9	7.264980E-9	-1.850008E-10	1.850008E-10
-3.360000E+0	-7.144060E-9	7.144060E-9	-1.819216E-10	1.819216E-10
-3.350000E+0	-7.004610E-9	7.004610E-9	-1.783705E-10	1.783705E-10
-3.340000E+0	-6.854740E-9	6.854740E-9	-1.745541E-10	1.745541E-10
-3.330000E+0	-6.730580E-9	6.730580E-9	-1.713924E-10	1.713924E-10
-3.320000E+0	-6.597860E-9	6.597860E-9	-1.680127E-10	1.680127E-10
-3.310000E+0	-6.481030E-9	6.481030E-9	-1.650377E-10	1.650377E-10
-3.300000E+0	-6.356850E-9	6.356850E-9	-1.618755E-10	1.618755E-10
-3.290000E+0	-6.250870E-9	6.250870E-9	-1.591767E-10	1.591767E-10
-3.280000E+0	-6.114340E-9	6.114340E-9	-1.557000E-10	1.557000E-10
-3.270000E+0	-5.996200E-9	5.996200E-9	-1.526916E-10	1.526916E-10
-3.260000E+0	-5.876970E-9	5.876970E-9	-1.496555E-10	1.496555E-10
-3.250000E+0	-5.772560E-9	5.772560E-9	-1.469967E-10	1.469967E-10
-3.240000E+0	-5.676310E-9	5.676310E-9	-1.445457E-10	1.445457E-10
-3.230000E+0	-5.570970E-9	5.570970E-9	-1.418633E-10	1.418633E-10
-3.220000E+0	-5.463420E-9	5.463420E-9	-1.391245E-10	1.391245E-10
-3.210000E+0	-5.368920E-9	5.368920E-9	-1.367181E-10	1.367181E-10
-3.200000E+0	-5.275500E-9	5.275500E-9	-1.343392E-10	1.343392E-10
-3.190000E+0	-5.175360E-9	5.175360E-9	-1.317892E-10	1.317892E-10
-3.180000E+0	-5.094350E-9	5.094350E-9	-1.297263E-10	1.297263E-10
-3.170000E+0	-4.975640E-9	4.975640E-9	-1.267033E-10	1.267033E-10
-3.160000E+0	-4.900230E-9	4.900230E-9	-1.247830E-10	1.247830E-10
-3.150000E+0	-4.806460E-9	4.806460E-9	-1.223952E-10	1.223952E-10
-3.140000E+0	-4.728910E-9	4.728910E-9	-1.204204E-10	1.204204E-10
-3.130000E+0	-4.637230E-9	4.637230E-9	-1.180858E-10	1.180858E-10
-3.120000E+0	-4.548450E-9	4.548450E-9	-1.158251E-10	1.158251E-10
-3.110000E+0	-4.451520E-9	4.451520E-9	-1.133568E-10	1.133568E-10
-3.100000E+0	-4.381610E-9	4.381610E-9	-1.115765E-10	1.115765E-10
-3.090000E+0	-4.301430E-9	4.301430E-9	-1.095348E-10	1.095348E-10
-3.080000E+0	-4.232510E-9	4.232510E-9	-1.077797E-10	1.077797E-10
-3.070000E+0	-4.141720E-9	4.141720E-9	-1.054678E-10	1.054678E-10
-3.060000E+0	-4.063190E-9	4.063190E-9	-1.034680E-10	1.034680E-10
-3.050000E+0	-3.992990E-9	3.992990E-9	-1.016804E-10	1.016804E-10
-3.040000E+0	-3.915010E-9	3.915010E-9	-9.969468E-11	9.969468E-11
-3.030000E+0	-3.839220E-9	3.839220E-9	-9.776470E-11	9.776470E-11
-3.020000E+0	-3.775690E-9	3.775690E-9	-9.614693E-11	9.614693E-11
-3.010000E+0	-3.694730E-9	3.694730E-9	-9.408531E-11	9.408531E-11
-3.000000E+0	-3.771920E-9	3.771920E-9	-9.605093E-11	9.605093E-11
-2.990000E+0	-3.631880E-9	3.631880E-9	-9.248485E-11	9.248485E-11
-2.980000E+0	-3.526300E-9	3.526300E-9	-8.979628E-11	8.979628E-11
-2.970000E+0	-3.589130E-9	3.589130E-9	-9.139623E-11	9.139623E-11
-2.960000E+0	-3.429830E-9	3.429830E-9	-8.733970E-11	8.733970E-11
-2.950000E+0	-3.465740E-9	3.465740E-9	-8.825414E-11	8.825414E-11
-2.940000E+0	-3.314340E-9	3.314340E-9	-8.439878E-11	8.439878E-11
-2.930000E+0	-3.334740E-9	3.334740E-9	-8.491826E-11	8.491826E-11
-2.920000E+0	-3.304310E-9	3.304310E-9	-8.414337E-11	8.414337E-11
-2.910000E+0	-3.264510E-9	3.264510E-9	-8.312987E-11	8.312987E-11
-2.900000E+0	-3.192020E-9	3.192020E-9	-8.128393E-11	8.128393E-11
-2.890000E+0	-3.120720E-9	3.120720E-9	-7.946830E-11	7.946830E-11
-2.880000E+0	-3.065970E-9	3.065970E-9	-7.807410E-11	7.807410E-11
-2.870000E+0	-3.009680E-9	3.009680E-9	-7.664069E-11	7.664069E-11
-2.860000E+0	-2.937870E-9	2.937870E-9	-7.481207E-11	7.481207E-11
-2.850000E+0	-2.901030E-9	2.901030E-9	-7.387395E-11	7.387395E-11
-2.840000E+0	-2.845440E-9	2.845440E-9	-7.245836E-11	7.245836E-11
-2.830000E+0	-2.786170E-9	2.786170E-9	-7.094907E-11	7.094907E-11
-2.820000E+0	-2.704410E-9	2.704410E-9	-6.886707E-11	6.886707E-11
-2.810000E+0	-2.652380E-9	2.652380E-9	-6.754214E-11	6.754214E-11
-2.800000E+0	-2.615660E-9	2.615660E-9	-6.660708E-11	6.660708E-11
-2.790000E+0	-2.564460E-9	2.564460E-9	-6.530328E-11	6.530328E-11
-2.780000E+0	-2.505370E-9	2.505370E-9	-6.379857E-11	6.379857E-11
-2.770000E+0	-2.431720E-9	2.431720E-9	-6.192310E-11	6.192310E-11
-2.760000E+0	-2.384130E-9	2.384130E-9	-6.071123E-11	6.071123E-11
-2.750000E+0	-2.339720E-9	2.339720E-9	-5.958034E-11	5.958034E-11
-2.740000E+0	-2.279410E-9	2.279410E-9	-5.804456E-11	5.804456E-11
-2.730000E+0	-2.232010E-9	2.232010E-9	-5.683753E-11	5.683753E-11
-2.720000E+0	-2.163760E-9	2.163760E-9	-5.509957E-11	5.509957E-11
-2.710000E+0	-2.134960E-9	2.134960E-9	-5.436618E-11	5.436618E-11
-2.700000E+0	-2.082530E-9	2.082530E-9	-5.303107E-11	5.303107E-11
-2.690000E+0	-2.030640E-9	2.030640E-9	-5.170970E-11	5.170970E-11
-2.680000E+0	-1.983630E-9	1.983630E-9	-5.051260E-11	5.051260E-11
-2.670000E+0	-1.932350E-9	1.932350E-9	-4.920677E-11	4.920677E-11
-2.660000E+0	-1.899130E-9	1.899130E-9	-4.836083E-11	4.836083E-11
-2.650000E+0	-1.847090E-9	1.847090E-9	-4.703565E-11	4.703565E-11
-2.640000E+0	-1.807700E-9	1.807700E-9	-4.603259E-11	4.603259E-11
-2.630000E+0	-1.751530E-9	1.751530E-9	-4.460224E-11	4.460224E-11
-2.620000E+0	-1.715370E-9	1.715370E-9	-4.368144E-11	4.368144E-11
-2.610000E+0	-1.677060E-9	1.677060E-9	-4.270588E-11	4.270588E-11
-2.600000E+0	-1.629690E-9	1.629690E-9	-4.149962E-11	4.149962E-11
-2.590000E+0	-1.584370E-9	1.584370E-9	-4.034556E-11	4.034556E-11
-2.580000E+0	-1.549740E-9	1.549740E-9	-3.946371E-11	3.946371E-11
-2.570000E+0	-1.501580E-9	1.501580E-9	-3.823733E-11	3.823733E-11
-2.560000E+0	-1.480800E-9	1.480800E-9	-3.770817E-11	3.770817E-11
-2.550000E+0	-1.421700E-9	1.421700E-9	-3.620321E-11	3.620321E-11
-2.540000E+0	-1.392460E-9	1.392460E-9	-3.545862E-11	3.545862E-11
-2.530000E+0	-1.348250E-9	1.348250E-9	-3.433282E-11	3.433282E-11
-2.520000E+0	-1.299360E-9	1.299360E-9	-3.308785E-11	3.308785E-11
-2.510000E+0	-1.266510E-9	1.266510E-9	-3.225134E-11	3.225134E-11
-2.500000E+0	-1.237030E-9	1.237030E-9	-3.150064E-11	3.150064E-11
-2.490000E+0	-1.197520E-9	1.197520E-9	-3.049452E-11	3.049452E-11
-2.480000E+0	-1.164170E-9	1.164170E-9	-2.964528E-11	2.964528E-11
-2.470000E+0	-1.126740E-9	1.126740E-9	-2.869213E-11	2.869213E-11
-2.460000E+0	-1.093140E-9	1.093140E-9	-2.783652E-11	2.783652E-11
-2.450000E+0	-1.052380E-9	1.052380E-9	-2.679857E-11	2.679857E-11
-2.440000E+0	-1.029950E-9	1.029950E-9	-2.622740E-11	2.622740E-11
-2.430000E+0	-9.978900E-10	9.978900E-10	-2.541100E-11	2.541100E-11
-2.420000E+0	-9.615700E-10	9.615700E-10	-2.448612E-11	2.448612E-11
-2.410000E+0	-9.364000E-10	9.364000E-10	-2.384517E-11	2.384517E-11
-2.400000E+0	-9.024800E-10	9.024800E-10	-2.298141E-11	2.298141E-11
-2.390000E+0	-8.728200E-10	8.728200E-10	-2.222613E-11	2.222613E-11
-2.380000E+0	-8.494900E-10	8.494900E-10	-2.163203E-11	2.163203E-11
-2.370000E+0	-8.217100E-10	8.217100E-10	-2.092462E-11	2.092462E-11
-2.360000E+0	-7.891900E-10	7.891900E-10	-2.009651E-11	2.009651E-11
-2.350000E+0	-7.733500E-10	7.733500E-10	-1.969315E-11	1.969315E-11
-2.340000E+0	-7.555800E-10	7.555800E-10	-1.924064E-11	1.924064E-11
-2.330000E+0	-7.068500E-10	7.068500E-10	-1.799975E-11	1.799975E-11
-2.320000E+0	-7.035900E-10	7.035900E-10	-1.791673E-11	1.791673E-11
-2.310000E+0	-6.786400E-10	6.786400E-10	-1.728139E-11	1.728139E-11
-2.300000E+0	-6.333100E-10	6.333100E-10	-1.612707E-11	1.612707E-11
-2.290000E+0	-6.287500E-10	6.287500E-10	-1.601095E-11	1.601095E-11
-2.280000E+0	-6.075400E-10	6.075400E-10	-1.547084E-11	1.547084E-11
-2.270000E+0	-5.848800E-10	5.848800E-10	-1.489381E-11	1.489381E-11
-2.260000E+0	-5.651400E-10	5.651400E-10	-1.439114E-11	1.439114E-11
-2.250000E+0	-5.510900E-10	5.510900E-10	-1.403336E-11	1.403336E-11
-2.240000E+0	-5.291200E-10	5.291200E-10	-1.347390E-11	1.347390E-11
-2.230000E+0	-5.012300E-10	5.012300E-10	-1.276369E-11	1.276369E-11
-2.220000E+0	-4.819100E-10	4.819100E-10	-1.227171E-11	1.227171E-11
-2.210000E+0	-4.604800E-10	4.604800E-10	-1.172600E-11	1.172600E-11
-2.200000E+0	-4.441400E-10	4.441400E-10	-1.130991E-11	1.130991E-11
-2.190000E+0	-4.213800E-10	4.213800E-10	-1.073033E-11	1.073033E-11
-2.180000E+0	-4.021300E-10	4.021300E-10	-1.024013E-11	1.024013E-11
-2.170000E+0	-3.848700E-10	3.848700E-10	-9.800611E-12	9.800611E-12
-2.160000E+0	-3.661900E-10	3.661900E-10	-9.324930E-12	9.324930E-12
-2.150000E+0	-3.485500E-10	3.485500E-10	-8.875732E-12	8.875732E-12
-2.140000E+0	-3.247100E-10	3.247100E-10	-8.268653E-12	8.268653E-12
-2.130000E+0	-3.020300E-10	3.020300E-10	-7.691113E-12	7.691113E-12
-2.120000E+0	-2.851000E-10	2.851000E-10	-7.259995E-12	7.259995E-12
-2.110000E+0	-2.702400E-10	2.702400E-10	-6.881589E-12	6.881589E-12
-2.100000E+0	-2.522800E-10	2.522800E-10	-6.424242E-12	6.424242E-12
-2.090000E+0	-2.357100E-10	2.357100E-10	-6.002292E-12	6.002292E-12
-2.080000E+0	-2.189600E-10	2.189600E-10	-5.575758E-12	5.575758E-12
-2.070000E+0	-2.015900E-10	2.015900E-10	-5.133435E-12	5.133435E-12
-2.060000E+0	-1.866500E-10	1.866500E-10	-4.752992E-12	4.752992E-12
-2.050000E+0	-1.701200E-10	1.701200E-10	-4.332060E-12	4.332060E-12
-2.040000E+0	-1.571500E-10	1.571500E-10	-4.001782E-12	4.001782E-12
-2.030000E+0	-1.420200E-10	1.420200E-10	-3.616501E-12	3.616501E-12
-2.020000E+0	-1.250400E-10	1.250400E-10	-3.184110E-12	3.184110E-12
-2.010000E+0	-1.157300E-10	1.157300E-10	-2.947033E-12	2.947033E-12
-2.000000E+0	-9.420000E-11	9.420000E-11	-2.398778E-12	2.398778E-12
-1.990000E+0	-8.353000E-11	8.353000E-11	-2.127069E-12	2.127069E-12
-1.980000E+0	-7.226000E-11	7.226000E-11	-1.840081E-12	1.840081E-12
-1.970000E+0	-5.482000E-11	5.482000E-11	-1.395977E-12	1.395977E-12
-1.960000E+0	-4.584000E-11	4.584000E-11	-1.167303E-12	1.167303E-12
-1.950000E+0	-3.005000E-11	3.005000E-11	-7.652152E-13	7.652152E-13
-1.940000E+0	-1.671000E-11	1.671000E-11	-4.255157E-13	4.255157E-13
-1.930000E+0	-1.610000E-12	1.610000E-12	-4.099822E-14	4.099822E-14
-1.920000E+0	8.620000E-12	8.620000E-12	2.195060E-13	2.195060E-13
-1.910000E+0	1.876000E-11	1.876000E-11	4.777184E-13	4.777184E-13
-1.900000E+0	3.162000E-11	3.162000E-11	8.051948E-13	8.051948E-13
-1.890000E+0	4.653000E-11	4.653000E-11	1.184874E-12	1.184874E-12
-1.880000E+0	5.938000E-11	5.938000E-11	1.512096E-12	1.512096E-12
-1.870000E+0	6.420000E-11	6.420000E-11	1.634836E-12	1.634836E-12
-1.860000E+0	6.894000E-11	6.894000E-11	1.755539E-12	1.755539E-12
-1.850000E+0	8.265000E-11	8.265000E-11	2.104660E-12	2.104660E-12
-1.840000E+0	9.484000E-11	9.484000E-11	2.415075E-12	2.415075E-12
-1.830000E+0	1.061900E-10	1.061900E-10	2.704100E-12	2.704100E-12
-1.820000E+0	1.189400E-10	1.189400E-10	3.028775E-12	3.028775E-12
-1.810000E+0	1.294900E-10	1.294900E-10	3.297428E-12	3.297428E-12
-1.800000E+0	1.389400E-10	1.389400E-10	3.538070E-12	3.538070E-12
-1.790000E+0	1.466900E-10	1.466900E-10	3.735421E-12	3.735421E-12
-1.780000E+0	1.636100E-10	1.636100E-10	4.166285E-12	4.166285E-12
-1.770000E+0	1.736100E-10	1.736100E-10	4.420932E-12	4.420932E-12
-1.760000E+0	1.867800E-10	1.867800E-10	4.756302E-12	4.756302E-12
-1.750000E+0	1.988000E-10	1.988000E-10	5.062389E-12	5.062389E-12
-1.740000E+0	2.095200E-10	2.095200E-10	5.335370E-12	5.335370E-12
-1.730000E+0	2.158400E-10	2.158400E-10	5.496308E-12	5.496308E-12
-1.720000E+0	2.243000E-10	2.243000E-10	5.711739E-12	5.711739E-12
-1.710000E+0	2.349500E-10	2.349500E-10	5.982939E-12	5.982939E-12
-1.700000E+0	2.447200E-10	2.447200E-10	6.231729E-12	6.231729E-12
-1.690000E+0	2.534400E-10	2.534400E-10	6.453781E-12	6.453781E-12
-1.680000E+0	2.674600E-10	2.674600E-10	6.810797E-12	6.810797E-12
-1.670000E+0	2.735700E-10	2.735700E-10	6.966386E-12	6.966386E-12
-1.660000E+0	2.865700E-10	2.865700E-10	7.297428E-12	7.297428E-12
-1.650000E+0	2.963600E-10	2.963600E-10	7.546728E-12	7.546728E-12
-1.640000E+0	3.087600E-10	3.087600E-10	7.862490E-12	7.862490E-12
-1.630000E+0	3.157100E-10	3.157100E-10	8.039470E-12	8.039470E-12
-1.620000E+0	3.248900E-10	3.248900E-10	8.273236E-12	8.273236E-12
-1.610000E+0	3.371500E-10	3.371500E-10	8.585434E-12	8.585434E-12
-1.600000E+0	3.486600E-10	3.486600E-10	8.878533E-12	8.878533E-12
-1.590000E+0	3.561500E-10	3.561500E-10	9.069264E-12	9.069264E-12
-1.580000E+0	3.661400E-10	3.661400E-10	9.323657E-12	9.323657E-12
-1.570000E+0	3.801700E-10	3.801700E-10	9.680927E-12	9.680927E-12
-1.560000E+0	3.888000E-10	3.888000E-10	9.900687E-12	9.900687E-12
-1.550000E+0	3.956700E-10	3.956700E-10	1.007563E-11	1.007563E-11
-1.540000E+0	4.071300E-10	4.071300E-10	1.036746E-11	1.036746E-11
-1.530000E+0	4.172500E-10	4.172500E-10	1.062516E-11	1.062516E-11
-1.520000E+0	4.290400E-10	4.290400E-10	1.092539E-11	1.092539E-11
-1.510000E+0	4.398500E-10	4.398500E-10	1.120066E-11	1.120066E-11
-1.500000E+0	4.477800E-10	4.477800E-10	1.140260E-11	1.140260E-11
-1.490000E+0	4.614600E-10	4.614600E-10	1.175095E-11	1.175095E-11
-1.480000E+0	4.685900E-10	4.685900E-10	1.193252E-11	1.193252E-11
-1.470000E+0	4.781300E-10	4.781300E-10	1.217545E-11	1.217545E-11
-1.460000E+0	4.913200E-10	4.913200E-10	1.251133E-11	1.251133E-11
-1.450000E+0	5.008700E-10	5.008700E-10	1.275452E-11	1.275452E-11
-1.440000E+0	5.014300E-10	5.014300E-10	1.276878E-11	1.276878E-11
-1.430000E+0	5.217100E-10	5.217100E-10	1.328520E-11	1.328520E-11
-1.420000E+0	5.306900E-10	5.306900E-10	1.351388E-11	1.351388E-11
-1.410000E+0	5.421200E-10	5.421200E-10	1.380494E-11	1.380494E-11
-1.400000E+0	5.494700E-10	5.494700E-10	1.399211E-11	1.399211E-11
-1.390000E+0	5.620100E-10	5.620100E-10	1.431143E-11	1.431143E-11
-1.380000E+0	5.717800E-10	5.717800E-10	1.456022E-11	1.456022E-11
-1.370000E+0	5.861600E-10	5.861600E-10	1.492641E-11	1.492641E-11
-1.360000E+0	5.974800E-10	5.974800E-10	1.521467E-11	1.521467E-11
-1.350000E+0	6.079500E-10	6.079500E-10	1.548128E-11	1.548128E-11
-1.340000E+0	6.201900E-10	6.201900E-10	1.579297E-11	1.579297E-11
-1.330000E+0	6.290000E-10	6.290000E-10	1.601732E-11	1.601732E-11
-1.320000E+0	6.403300E-10	6.403300E-10	1.630583E-11	1.630583E-11
-1.310000E+0	6.513700E-10	6.513700E-10	1.658696E-11	1.658696E-11
-1.300000E+0	6.635100E-10	6.635100E-10	1.689610E-11	1.689610E-11
-1.290000E+0	6.727800E-10	6.727800E-10	1.713216E-11	1.713216E-11
-1.280000E+0	6.868200E-10	6.868200E-10	1.748969E-11	1.748969E-11
-1.270000E+0	6.987100E-10	6.987100E-10	1.779246E-11	1.779246E-11
-1.260000E+0	7.384300E-10	7.384300E-10	1.880392E-11	1.880392E-11
-1.250000E+0	7.161100E-10	7.161100E-10	1.823555E-11	1.823555E-11
-1.240000E+0	7.317800E-10	7.317800E-10	1.863458E-11	1.863458E-11
-1.230000E+0	7.666100E-10	7.666100E-10	1.952152E-11	1.952152E-11
-1.220000E+0	7.829900E-10	7.829900E-10	1.993863E-11	1.993863E-11
-1.210000E+0	7.913300E-10	7.913300E-10	2.015101E-11	2.015101E-11
-1.200000E+0	8.116500E-10	8.116500E-10	2.066845E-11	2.066845E-11
-1.190000E+0	8.492400E-10	8.492400E-10	2.162567E-11	2.162567E-11
-1.180000E+0	8.583100E-10	8.583100E-10	2.185663E-11	2.185663E-11
-1.170000E+0	8.746900E-10	8.746900E-10	2.227375E-11	2.227375E-11
-1.160000E+0	8.951900E-10	8.951900E-10	2.279577E-11	2.279577E-11
-1.150000E+0	9.165600E-10	9.165600E-10	2.333995E-11	2.333995E-11
-1.140000E+0	9.234400E-10	9.234400E-10	2.351515E-11	2.351515E-11
-1.130000E+0	9.585300E-10	9.585300E-10	2.440871E-11	2.440871E-11
-1.120000E+0	9.680700E-10	9.680700E-10	2.465164E-11	2.465164E-11
-1.110000E+0	9.862000E-10	9.862000E-10	2.511332E-11	2.511332E-11
-1.100000E+0	1.008150E-9	1.008150E-9	2.567227E-11	2.567227E-11
-1.090000E+0	1.031410E-9	1.031410E-9	2.626458E-11	2.626458E-11
-1.080000E+0	1.034670E-9	1.034670E-9	2.634759E-11	2.634759E-11
-1.070000E+0	1.066500E-9	1.066500E-9	2.715814E-11	2.715814E-11
-1.060000E+0	1.097820E-9	1.097820E-9	2.795569E-11	2.795569E-11
-1.050000E+0	1.097740E-9	1.097740E-9	2.795365E-11	2.795365E-11
-1.040000E+0	1.109890E-9	1.109890E-9	2.826305E-11	2.826305E-11
-1.030000E+0	1.148500E-9	1.148500E-9	2.924624E-11	2.924624E-11
-1.020000E+0	1.157150E-9	1.157150E-9	2.946651E-11	2.946651E-11
-1.010000E+0	1.180180E-9	1.180180E-9	3.005297E-11	3.005297E-11
-1.000000E+0	1.194330E-9	1.194330E-9	3.041329E-11	3.041329E-11
-9.900000E-1	1.208670E-9	1.208670E-9	3.077846E-11	3.077846E-11
-9.800000E-1	1.231990E-9	1.231990E-9	3.137229E-11	3.137229E-11
-9.700000E-1	1.247420E-9	1.247420E-9	3.176521E-11	3.176521E-11
-9.600000E-1	1.258530E-9	1.258530E-9	3.204813E-11	3.204813E-11
-9.500000E-1	1.291050E-9	1.291050E-9	3.287624E-11	3.287624E-11
-9.400000E-1	1.311320E-9	1.311320E-9	3.339241E-11	3.339241E-11
-9.300000E-1	1.342050E-9	1.342050E-9	3.417494E-11	3.417494E-11
-9.200000E-1	1.326060E-9	1.326060E-9	3.376776E-11	3.376776E-11
-9.100000E-1	1.379650E-9	1.379650E-9	3.513242E-11	3.513242E-11
-9.000000E-1	1.397750E-9	1.397750E-9	3.559333E-11	3.559333E-11
-8.900000E-1	1.391170E-9	1.391170E-9	3.542577E-11	3.542577E-11
-8.800000E-1	1.418470E-9	1.418470E-9	3.612096E-11	3.612096E-11
-8.700000E-1	1.441310E-9	1.441310E-9	3.670257E-11	3.670257E-11
-8.600000E-1	1.447050E-9	1.447050E-9	3.684874E-11	3.684874E-11
-8.500000E-1	1.469580E-9	1.469580E-9	3.742246E-11	3.742246E-11
-8.400000E-1	1.493940E-9	1.493940E-9	3.804278E-11	3.804278E-11
-8.300000E-1	1.512730E-9	1.512730E-9	3.852126E-11	3.852126E-11
-8.200000E-1	1.538860E-9	1.538860E-9	3.918666E-11	3.918666E-11
-8.100000E-1	1.550770E-9	1.550770E-9	3.948994E-11	3.948994E-11
-8.000000E-1	1.552640E-9	1.552640E-9	3.953756E-11	3.953756E-11
-7.900000E-1	1.574930E-9	1.574930E-9	4.010517E-11	4.010517E-11
-7.800000E-1	1.596690E-9	1.596690E-9	4.065928E-11	4.065928E-11
-7.700000E-1	1.618880E-9	1.618880E-9	4.122434E-11	4.122434E-11
-7.600000E-1	1.631660E-9	1.631660E-9	4.154978E-11	4.154978E-11
-7.500000E-1	1.661420E-9	1.661420E-9	4.230761E-11	4.230761E-11
-7.400000E-1	1.670010E-9	1.670010E-9	4.252636E-11	4.252636E-11
-7.300000E-1	1.688040E-9	1.688040E-9	4.298548E-11	4.298548E-11
-7.200000E-1	1.715340E-9	1.715340E-9	4.368067E-11	4.368067E-11
-7.100000E-1	1.729610E-9	1.729610E-9	4.404405E-11	4.404405E-11
-7.000000E-1	1.739120E-9	1.739120E-9	4.428622E-11	4.428622E-11
-6.900000E-1	1.760930E-9	1.760930E-9	4.484161E-11	4.484161E-11
-6.800000E-1	1.770670E-9	1.770670E-9	4.508964E-11	4.508964E-11
-6.700000E-1	1.797600E-9	1.797600E-9	4.577540E-11	4.577540E-11
-6.600000E-1	1.811560E-9	1.811560E-9	4.613089E-11	4.613089E-11
-6.500000E-1	1.833940E-9	1.833940E-9	4.670079E-11	4.670079E-11
-6.400000E-1	1.852930E-9	1.852930E-9	4.718436E-11	4.718436E-11
-6.300000E-1	1.869120E-9	1.869120E-9	4.759664E-11	4.759664E-11
-6.200000E-1	1.870860E-9	1.870860E-9	4.764095E-11	4.764095E-11
-6.100000E-1	1.903690E-9	1.903690E-9	4.847695E-11	4.847695E-11
-6.000000E-1	1.943070E-9	1.943070E-9	4.947975E-11	4.947975E-11
-5.900000E-1	1.940590E-9	1.940590E-9	4.941660E-11	4.941660E-11
-5.800000E-1	1.958910E-9	1.958910E-9	4.988312E-11	4.988312E-11
-5.700000E-1	1.979540E-9	1.979540E-9	5.040845E-11	5.040845E-11
-5.600000E-1	1.996200E-9	1.996200E-9	5.083270E-11	5.083270E-11
-5.500000E-1	2.021780E-9	2.021780E-9	5.148408E-11	5.148408E-11
-5.400000E-1	2.030290E-9	2.030290E-9	5.170079E-11	5.170079E-11
-5.300000E-1	2.042690E-9	2.042690E-9	5.201655E-11	5.201655E-11
-5.200000E-1	2.073660E-9	2.073660E-9	5.280519E-11	5.280519E-11
-5.100000E-1	2.094560E-9	2.094560E-9	5.333741E-11	5.333741E-11
-5.000000E-1	2.100400E-9	2.100400E-9	5.348612E-11	5.348612E-11
-4.900000E-1	2.116600E-9	2.116600E-9	5.389865E-11	5.389865E-11
-4.800000E-1	2.150840E-9	2.150840E-9	5.477056E-11	5.477056E-11
-4.700000E-1	2.162650E-9	2.162650E-9	5.507130E-11	5.507130E-11
-4.600000E-1	2.165470E-9	2.165470E-9	5.514311E-11	5.514311E-11
-4.500000E-1	2.193770E-9	2.193770E-9	5.586376E-11	5.586376E-11
-4.400000E-1	2.203590E-9	2.203590E-9	5.611383E-11	5.611383E-11
-4.300000E-1	2.235160E-9	2.235160E-9	5.691775E-11	5.691775E-11
-4.200000E-1	2.250290E-9	2.250290E-9	5.730303E-11	5.730303E-11
-4.100000E-1	2.262330E-9	2.262330E-9	5.760962E-11	5.760962E-11
-4.000000E-1	2.281500E-9	2.281500E-9	5.809778E-11	5.809778E-11
-3.900000E-1	2.291840E-9	2.291840E-9	5.836109E-11	5.836109E-11
-3.800000E-1	2.309350E-9	2.309350E-9	5.880698E-11	5.880698E-11
-3.700000E-1	2.322650E-9	2.322650E-9	5.914566E-11	5.914566E-11
-3.600000E-1	2.343660E-9	2.343660E-9	5.968067E-11	5.968067E-11
-3.500000E-1	2.383030E-9	2.383030E-9	6.068322E-11	6.068322E-11
-3.400000E-1	2.381190E-9	2.381190E-9	6.063636E-11	6.063636E-11
-3.300000E-1	2.398350E-9	2.398350E-9	6.107334E-11	6.107334E-11
-3.200000E-1	2.407430E-9	2.407430E-9	6.130456E-11	6.130456E-11
-3.100000E-1	2.434050E-9	2.434050E-9	6.198243E-11	6.198243E-11
-3.000000E-1	2.450770E-9	2.450770E-9	6.240820E-11	6.240820E-11
-2.900000E-1	2.467210E-9	2.467210E-9	6.282684E-11	6.282684E-11
-2.800000E-1	2.483280E-9	2.483280E-9	6.323606E-11	6.323606E-11
-2.700000E-1	2.515760E-9	2.515760E-9	6.406315E-11	6.406315E-11
-2.600000E-1	2.522890E-9	2.522890E-9	6.424472E-11	6.424472E-11
-2.500000E-1	2.540570E-9	2.540570E-9	6.469493E-11	6.469493E-11
-2.400000E-1	2.566860E-9	2.566860E-9	6.536440E-11	6.536440E-11
-2.300000E-1	2.571980E-9	2.571980E-9	6.549478E-11	6.549478E-11
-2.200000E-1	2.607900E-9	2.607900E-9	6.640947E-11	6.640947E-11
-2.100000E-1	2.620800E-9	2.620800E-9	6.673797E-11	6.673797E-11
-2.000000E-1	2.645620E-9	2.645620E-9	6.737000E-11	6.737000E-11
-1.900000E-1	2.642030E-9	2.642030E-9	6.727858E-11	6.727858E-11
-1.800000E-1	2.677290E-9	2.677290E-9	6.817647E-11	6.817647E-11
-1.700000E-1	2.695000E-9	2.695000E-9	6.862745E-11	6.862745E-11
-1.600000E-1	2.717150E-9	2.717150E-9	6.919149E-11	6.919149E-11
-1.500000E-1	2.728900E-9	2.728900E-9	6.949070E-11	6.949070E-11
-1.400000E-1	2.783320E-9	2.783320E-9	7.087650E-11	7.087650E-11
-1.300000E-1	2.767210E-9	2.767210E-9	7.046626E-11	7.046626E-11
-1.200000E-1	2.780830E-9	2.780830E-9	7.081309E-11	7.081309E-11
-1.100000E-1	2.795500E-9	2.795500E-9	7.118666E-11	7.118666E-11
-1.000000E-1	2.825190E-9	2.825190E-9	7.194270E-11	7.194270E-11
-9.000000E-2	2.827570E-9	2.827570E-9	7.200331E-11	7.200331E-11
-8.000000E-2	2.860430E-9	2.860430E-9	7.284008E-11	7.284008E-11
-7.000000E-2	2.886810E-9	2.886810E-9	7.351184E-11	7.351184E-11
-6.000000E-2	2.885360E-9	2.885360E-9	7.347492E-11	7.347492E-11
-5.000000E-2	2.910690E-9	2.910690E-9	7.411994E-11	7.411994E-11
-4.000000E-2	2.936320E-9	2.936320E-9	7.477260E-11	7.477260E-11
-3.000000E-2	2.956730E-9	2.956730E-9	7.529233E-11	7.529233E-11
-2.000000E-2	2.971760E-9	2.971760E-9	7.567507E-11	7.567507E-11
-1.000000E-2	3.007930E-9	3.007930E-9	7.659613E-11	7.659613E-11
0.000000E+0	3.009500E-9	3.009500E-9	7.663611E-11	7.663611E-11
1.000000E-2	3.026450E-9	3.026450E-9	7.706774E-11	7.706774E-11
2.000000E-2	3.056530E-9	3.056530E-9	7.783371E-11	7.783371E-11
3.000000E-2	3.065970E-9	3.065970E-9	7.807410E-11	7.807410E-11
4.000000E-2	3.097100E-9	3.097100E-9	7.886682E-11	7.886682E-11
5.000000E-2	3.129980E-9	3.129980E-9	7.970410E-11	7.970410E-11
6.000000E-2	3.083640E-9	3.083640E-9	7.852406E-11	7.852406E-11
7.000000E-2	3.158140E-9	3.158140E-9	8.042119E-11	8.042119E-11
8.000000E-2	3.182510E-9	3.182510E-9	8.104176E-11	8.104176E-11
9.000000E-2	3.196280E-9	3.196280E-9	8.139241E-11	8.139241E-11
1.000000E-1	3.229550E-9	3.229550E-9	8.223962E-11	8.223962E-11
1.100000E-1	3.240050E-9	3.240050E-9	8.250700E-11	8.250700E-11
1.200000E-1	3.268980E-9	3.268980E-9	8.324370E-11	8.324370E-11
1.300000E-1	3.295060E-9	3.295060E-9	8.390782E-11	8.390782E-11
1.400000E-1	3.323330E-9	3.323330E-9	8.462770E-11	8.462770E-11
1.500000E-1	3.337200E-9	3.337200E-9	8.498090E-11	8.498090E-11
1.600000E-1	3.362310E-9	3.362310E-9	8.562032E-11	8.562032E-11
1.700000E-1	3.403500E-9	3.403500E-9	8.666921E-11	8.666921E-11
1.800000E-1	3.416590E-9	3.416590E-9	8.700255E-11	8.700255E-11
1.900000E-1	3.429190E-9	3.429190E-9	8.732340E-11	8.732340E-11
2.000000E-1	3.464350E-9	3.464350E-9	8.821874E-11	8.821874E-11
2.100000E-1	3.486290E-9	3.486290E-9	8.877744E-11	8.877744E-11
2.200000E-1	3.493710E-9	3.493710E-9	8.896639E-11	8.896639E-11
2.300000E-1	3.540500E-9	3.540500E-9	9.015788E-11	9.015788E-11
2.400000E-1	3.548140E-9	3.548140E-9	9.035243E-11	9.035243E-11
2.500000E-1	3.588010E-9	3.588010E-9	9.136771E-11	9.136771E-11
2.600000E-1	3.589510E-9	3.589510E-9	9.140591E-11	9.140591E-11
2.700000E-1	3.617970E-9	3.617970E-9	9.213063E-11	9.213063E-11
2.800000E-1	3.640210E-9	3.640210E-9	9.269697E-11	9.269697E-11
2.900000E-1	3.675700E-9	3.675700E-9	9.360071E-11	9.360071E-11
3.000000E-1	3.711640E-9	3.711640E-9	9.451591E-11	9.451591E-11
3.100000E-1	3.729720E-9	3.729720E-9	9.497632E-11	9.497632E-11
3.200000E-1	3.753260E-9	3.753260E-9	9.557576E-11	9.557576E-11
3.300000E-1	3.782530E-9	3.782530E-9	9.632111E-11	9.632111E-11
3.400000E-1	3.812040E-9	3.812040E-9	9.707257E-11	9.707257E-11
3.500000E-1	3.846460E-9	3.846460E-9	9.794907E-11	9.794907E-11
3.600000E-1	3.874620E-9	3.874620E-9	9.866616E-11	9.866616E-11
3.700000E-1	3.896580E-9	3.896580E-9	9.922536E-11	9.922536E-11
3.800000E-1	3.919370E-9	3.919370E-9	9.980570E-11	9.980570E-11
3.900000E-1	3.955290E-9	3.955290E-9	1.007204E-10	1.007204E-10
4.000000E-1	3.984020E-9	3.984020E-9	1.014520E-10	1.014520E-10
4.100000E-1	4.009160E-9	4.009160E-9	1.020922E-10	1.020922E-10
4.200000E-1	4.038640E-9	4.038640E-9	1.028429E-10	1.028429E-10
4.300000E-1	4.073580E-9	4.073580E-9	1.037326E-10	1.037326E-10
4.400000E-1	4.148140E-9	4.148140E-9	1.056313E-10	1.056313E-10
4.500000E-1	4.142830E-9	4.142830E-9	1.054961E-10	1.054961E-10
4.600000E-1	4.178680E-9	4.178680E-9	1.064090E-10	1.064090E-10
4.700000E-1	4.248410E-9	4.248410E-9	1.081846E-10	1.081846E-10
4.800000E-1	4.240750E-9	4.240750E-9	1.079896E-10	1.079896E-10
4.900000E-1	4.286830E-9	4.286830E-9	1.091630E-10	1.091630E-10
5.000000E-1	4.319780E-9	4.319780E-9	1.100020E-10	1.100020E-10
5.100000E-1	4.371470E-9	4.371470E-9	1.113183E-10	1.113183E-10
5.200000E-1	4.399670E-9	4.399670E-9	1.120364E-10	1.120364E-10
5.300000E-1	4.437540E-9	4.437540E-9	1.130008E-10	1.130008E-10
5.400000E-1	4.488280E-9	4.488280E-9	1.142928E-10	1.142928E-10
5.500000E-1	4.524200E-9	4.524200E-9	1.152075E-10	1.152075E-10
5.600000E-1	4.574130E-9	4.574130E-9	1.164790E-10	1.164790E-10
5.700000E-1	4.609510E-9	4.609510E-9	1.173799E-10	1.173799E-10
5.800000E-1	4.642970E-9	4.642970E-9	1.182320E-10	1.182320E-10
5.900000E-1	4.699180E-9	4.699180E-9	1.196634E-10	1.196634E-10
6.000000E-1	4.738700E-9	4.738700E-9	1.206697E-10	1.206697E-10
6.100000E-1	4.778720E-9	4.778720E-9	1.216888E-10	1.216888E-10
6.200000E-1	4.830070E-9	4.830070E-9	1.229964E-10	1.229964E-10
6.300000E-1	4.874410E-9	4.874410E-9	1.241255E-10	1.241255E-10
6.400000E-1	4.914780E-9	4.914780E-9	1.251536E-10	1.251536E-10
6.500000E-1	4.965770E-9	4.965770E-9	1.264520E-10	1.264520E-10
6.600000E-1	5.023380E-9	5.023380E-9	1.279190E-10	1.279190E-10
6.700000E-1	5.017590E-9	5.017590E-9	1.277716E-10	1.277716E-10
6.800000E-1	5.113720E-9	5.113720E-9	1.302195E-10	1.302195E-10
6.900000E-1	5.166820E-9	5.166820E-9	1.315717E-10	1.315717E-10
7.000000E-1	5.227650E-9	5.227650E-9	1.331207E-10	1.331207E-10
7.100000E-1	5.284230E-9	5.284230E-9	1.345615E-10	1.345615E-10
7.200000E-1	5.334200E-9	5.334200E-9	1.358340E-10	1.358340E-10
7.300000E-1	5.395030E-9	5.395030E-9	1.373830E-10	1.373830E-10
7.400000E-1	5.452260E-9	5.452260E-9	1.388403E-10	1.388403E-10
7.500000E-1	5.504170E-9	5.504170E-9	1.401622E-10	1.401622E-10
7.600000E-1	5.556350E-9	5.556350E-9	1.414910E-10	1.414910E-10
7.700000E-1	5.606550E-9	5.606550E-9	1.427693E-10	1.427693E-10
7.800000E-1	5.687210E-9	5.687210E-9	1.448233E-10	1.448233E-10
7.900000E-1	5.735720E-9	5.735720E-9	1.460586E-10	1.460586E-10
8.000000E-1	5.853240E-9	5.853240E-9	1.490512E-10	1.490512E-10
8.100000E-1	5.889290E-9	5.889290E-9	1.499692E-10	1.499692E-10
8.200000E-1	5.943330E-9	5.943330E-9	1.513453E-10	1.513453E-10
8.300000E-1	6.004500E-9	6.004500E-9	1.529030E-10	1.529030E-10
8.400000E-1	6.090540E-9	6.090540E-9	1.550940E-10	1.550940E-10
8.500000E-1	6.164710E-9	6.164710E-9	1.569827E-10	1.569827E-10
8.600000E-1	6.228040E-9	6.228040E-9	1.585954E-10	1.585954E-10
8.700000E-1	6.305440E-9	6.305440E-9	1.605663E-10	1.605663E-10
8.800000E-1	6.425520E-9	6.425520E-9	1.636241E-10	1.636241E-10
8.900000E-1	6.451080E-9	6.451080E-9	1.642750E-10	1.642750E-10
9.000000E-1	6.551860E-9	6.551860E-9	1.668414E-10	1.668414E-10
9.100000E-1	6.631360E-9	6.631360E-9	1.688658E-10	1.688658E-10
9.200000E-1	6.709660E-9	6.709660E-9	1.708597E-10	1.708597E-10
9.300000E-1	6.794400E-9	6.794400E-9	1.730176E-10	1.730176E-10
9.400000E-1	6.868190E-9	6.868190E-9	1.748966E-10	1.748966E-10
9.500000E-1	6.965430E-9	6.965430E-9	1.773728E-10	1.773728E-10
9.600000E-1	7.048570E-9	7.048570E-9	1.794899E-10	1.794899E-10
9.700000E-1	7.134460E-9	7.134460E-9	1.816771E-10	1.816771E-10
9.800000E-1	7.231520E-9	7.231520E-9	1.841487E-10	1.841487E-10
9.900000E-1	7.326970E-9	7.326970E-9	1.865793E-10	1.865793E-10
1.000000E+0	7.419720E-9	7.419720E-9	1.889412E-10	1.889412E-10
1.010000E+0	7.505100E-9	7.505100E-9	1.911154E-10	1.911154E-10
1.020000E+0	7.620770E-9	7.620770E-9	1.940609E-10	1.940609E-10
1.030000E+0	7.728050E-9	7.728050E-9	1.967927E-10	1.967927E-10
1.040000E+0	7.829970E-9	7.829970E-9	1.993881E-10	1.993881E-10
1.050000E+0	7.935320E-9	7.935320E-9	2.020708E-10	2.020708E-10
1.060000E+0	8.039250E-9	8.039250E-9	2.047173E-10	2.047173E-10
1.070000E+0	8.151710E-9	8.151710E-9	2.075811E-10	2.075811E-10
1.080000E+0	8.267740E-9	8.267740E-9	2.105358E-10	2.105358E-10
1.090000E+0	8.374000E-9	8.374000E-9	2.132417E-10	2.132417E-10
1.100000E+0	8.507390E-9	8.507390E-9	2.166384E-10	2.166384E-10
1.110000E+0	8.624940E-9	8.624940E-9	2.196318E-10	2.196318E-10
1.120000E+0	8.740500E-9	8.740500E-9	2.225745E-10	2.225745E-10
1.130000E+0	8.854950E-9	8.854950E-9	2.254889E-10	2.254889E-10
1.140000E+0	8.985740E-9	8.985740E-9	2.288195E-10	2.288195E-10
1.150000E+0	9.113800E-9	9.113800E-9	2.320805E-10	2.320805E-10
1.160000E+0	9.241180E-9	9.241180E-9	2.353242E-10	2.353242E-10
1.170000E+0	9.381350E-9	9.381350E-9	2.388936E-10	2.388936E-10
1.180000E+0	9.508750E-9	9.508750E-9	2.421378E-10	2.421378E-10
1.190000E+0	9.645560E-9	9.645560E-9	2.456216E-10	2.456216E-10
1.200000E+0	9.822000E-9	9.822000E-9	2.501146E-10	2.501146E-10
1.210000E+0	1.046580E-8	1.046580E-8	2.665088E-10	2.665088E-10
1.220000E+0	1.075260E-8	1.075260E-8	2.738121E-10	2.738121E-10
1.230000E+0	1.102650E-8	1.102650E-8	2.807869E-10	2.807869E-10
1.240000E+0	1.128930E-8	1.128930E-8	2.874790E-10	2.874790E-10
1.250000E+0	1.156950E-8	1.156950E-8	2.946142E-10	2.946142E-10
1.260000E+0	1.190040E-8	1.190040E-8	3.030405E-10	3.030405E-10
1.270000E+0	1.213640E-8	1.213640E-8	3.090502E-10	3.090502E-10
1.280000E+0	1.240760E-8	1.240760E-8	3.159562E-10	3.159562E-10
1.290000E+0	1.270370E-8	1.270370E-8	3.234963E-10	3.234963E-10
1.300000E+0	1.300960E-8	1.300960E-8	3.312860E-10	3.312860E-10
1.310000E+0	1.330200E-8	1.330200E-8	3.387319E-10	3.387319E-10
1.320000E+0	1.360470E-8	1.360470E-8	3.464400E-10	3.464400E-10
1.330000E+0	1.391850E-8	1.391850E-8	3.544309E-10	3.544309E-10
1.340000E+0	1.424680E-8	1.424680E-8	3.627909E-10	3.627909E-10
1.350000E+0	1.457060E-8	1.457060E-8	3.710364E-10	3.710364E-10
1.360000E+0	1.491170E-8	1.491170E-8	3.797224E-10	3.797224E-10
1.370000E+0	1.525340E-8	1.525340E-8	3.884237E-10	3.884237E-10
1.380000E+0	1.561360E-8	1.561360E-8	3.975961E-10	3.975961E-10
1.390000E+0	1.597820E-8	1.597820E-8	4.068806E-10	4.068806E-10
1.400000E+0	1.636140E-8	1.636140E-8	4.166387E-10	4.166387E-10
1.410000E+0	1.674360E-8	1.674360E-8	4.263713E-10	4.263713E-10
1.420000E+0	1.714010E-8	1.714010E-8	4.364680E-10	4.364680E-10
1.430000E+0	1.753430E-8	1.753430E-8	4.465062E-10	4.465062E-10
1.440000E+0	1.794270E-8	1.794270E-8	4.569060E-10	4.569060E-10
1.450000E+0	1.835790E-8	1.835790E-8	4.674790E-10	4.674790E-10
1.460000E+0	1.876020E-8	1.876020E-8	4.777234E-10	4.777234E-10
1.470000E+0	1.925130E-8	1.925130E-8	4.902292E-10	4.902292E-10
1.480000E+0	1.969850E-8	1.969850E-8	5.016170E-10	5.016170E-10
1.490000E+0	2.017820E-8	2.017820E-8	5.138324E-10	5.138324E-10
1.500000E+0	2.065550E-8	2.065550E-8	5.259868E-10	5.259868E-10
1.510000E+0	2.118980E-8	2.118980E-8	5.395926E-10	5.395926E-10
1.520000E+0	2.167450E-8	2.167450E-8	5.519353E-10	5.519353E-10
1.530000E+0	2.220160E-8	2.220160E-8	5.653578E-10	5.653578E-10
1.540000E+0	2.273760E-8	2.273760E-8	5.790069E-10	5.790069E-10
1.550000E+0	2.328630E-8	2.328630E-8	5.929794E-10	5.929794E-10
1.560000E+0	2.386080E-8	2.386080E-8	6.076089E-10	6.076089E-10
1.570000E+0	2.445090E-8	2.445090E-8	6.226356E-10	6.226356E-10
1.580000E+0	2.506580E-8	2.506580E-8	6.382939E-10	6.382939E-10
1.590000E+0	2.567400E-8	2.567400E-8	6.537815E-10	6.537815E-10
1.600000E+0	2.631760E-8	2.631760E-8	6.701706E-10	6.701706E-10
1.610000E+0	2.696970E-8	2.696970E-8	6.867762E-10	6.867762E-10
1.620000E+0	2.763420E-8	2.763420E-8	7.036975E-10	7.036975E-10
1.630000E+0	2.842690E-8	2.842690E-8	7.238834E-10	7.238834E-10
1.640000E+0	2.911000E-8	2.911000E-8	7.412783E-10	7.412783E-10
1.650000E+0	2.984710E-8	2.984710E-8	7.600484E-10	7.600484E-10
1.660000E+0	3.062320E-8	3.062320E-8	7.798116E-10	7.798116E-10
1.670000E+0	3.140690E-8	3.140690E-8	7.997683E-10	7.997683E-10
1.680000E+0	3.221760E-8	3.221760E-8	8.204125E-10	8.204125E-10
1.690000E+0	3.303970E-8	3.303970E-8	8.413471E-10	8.413471E-10
1.700000E+0	3.390540E-8	3.390540E-8	8.633919E-10	8.633919E-10
1.710000E+0	3.479580E-8	3.479580E-8	8.860657E-10	8.860657E-10
1.720000E+0	3.570260E-8	3.570260E-8	9.091571E-10	9.091571E-10
1.730000E+0	3.665330E-8	3.665330E-8	9.333664E-10	9.333664E-10
1.740000E+0	3.762210E-8	3.762210E-8	9.580367E-10	9.580367E-10
1.750000E+0	3.862570E-8	3.862570E-8	9.835931E-10	9.835931E-10
1.760000E+0	3.965150E-8	3.965150E-8	1.009715E-9	1.009715E-9
1.770000E+0	4.072490E-8	4.072490E-8	1.037049E-9	1.037049E-9
1.780000E+0	4.183650E-8	4.183650E-8	1.065355E-9	1.065355E-9
1.790000E+0	4.295960E-8	4.295960E-8	1.093955E-9	1.093955E-9
1.800000E+0	4.413310E-8	4.413310E-8	1.123838E-9	1.123838E-9
1.810000E+0	4.533360E-8	4.533360E-8	1.154408E-9	1.154408E-9
1.820000E+0	4.658170E-8	4.658170E-8	1.186190E-9	1.186190E-9
1.830000E+0	4.789180E-8	4.789180E-8	1.219552E-9	1.219552E-9
1.840000E+0	4.920520E-8	4.920520E-8	1.252997E-9	1.252997E-9
1.850000E+0	5.057670E-8	5.057670E-8	1.287922E-9	1.287922E-9
1.860000E+0	5.200420E-8	5.200420E-8	1.324273E-9	1.324273E-9
1.870000E+0	5.343950E-8	5.343950E-8	1.360822E-9	1.360822E-9
1.880000E+0	5.495250E-8	5.495250E-8	1.399351E-9	1.399351E-9
1.890000E+0	5.624440E-8	5.624440E-8	1.432249E-9	1.432249E-9
1.900000E+0	5.769370E-8	5.769370E-8	1.469155E-9	1.469155E-9
1.910000E+0	5.920730E-8	5.920730E-8	1.507698E-9	1.507698E-9
1.920000E+0	6.067210E-8	6.067210E-8	1.544999E-9	1.544999E-9
1.930000E+0	6.209320E-8	6.209320E-8	1.581187E-9	1.581187E-9
1.940000E+0	6.350450E-8	6.350450E-8	1.617125E-9	1.617125E-9
1.950000E+0	6.488820E-8	6.488820E-8	1.652361E-9	1.652361E-9
1.960000E+0	6.626420E-8	6.626420E-8	1.687400E-9	1.687400E-9
1.970000E+0	6.759870E-8	6.759870E-8	1.721383E-9	1.721383E-9
1.980000E+0	6.893150E-8	6.893150E-8	1.755322E-9	1.755322E-9
1.990000E+0	7.025540E-8	7.025540E-8	1.789035E-9	1.789035E-9
2.000000E+0	7.171820E-8	7.171820E-8	1.826285E-9	1.826285E-9
2.010000E+0	7.303250E-8	7.303250E-8	1.859753E-9	1.859753E-9
2.020000E+0	7.431450E-8	7.431450E-8	1.892399E-9	1.892399E-9
2.030000E+0	7.561040E-8	7.561040E-8	1.925399E-9	1.925399E-9
2.040000E+0	7.691300E-8	7.691300E-8	1.958569E-9	1.958569E-9
2.050000E+0	7.827310E-8	7.827310E-8	1.993203E-9	1.993203E-9
2.060000E+0	7.961400E-8	7.961400E-8	2.027349E-9	2.027349E-9
2.070000E+0	8.099960E-8	8.099960E-8	2.062633E-9	2.062633E-9
2.080000E+0	8.239750E-8	8.239750E-8	2.098230E-9	2.098230E-9
2.090000E+0	8.390380E-8	8.390380E-8	2.136588E-9	2.136588E-9
2.100000E+0	8.543450E-8	8.543450E-8	2.175567E-9	2.175567E-9
2.110000E+0	8.702490E-8	8.702490E-8	2.216066E-9	2.216066E-9
2.120000E+0	8.867270E-8	8.867270E-8	2.258026E-9	2.258026E-9
2.130000E+0	9.046270E-8	9.046270E-8	2.303608E-9	2.303608E-9
2.140000E+0	9.229020E-8	9.229020E-8	2.350145E-9	2.350145E-9
2.150000E+0	9.424160E-8	9.424160E-8	2.399837E-9	2.399837E-9
2.160000E+0	9.627000E-8	9.627000E-8	2.451490E-9	2.451490E-9
2.170000E+0	9.842270E-8	9.842270E-8	2.506308E-9	2.506308E-9
2.180000E+0	1.006380E-7	1.006380E-7	2.562720E-9	2.562720E-9
2.190000E+0	1.036490E-7	1.036490E-7	2.639394E-9	2.639394E-9
2.200000E+0	1.064840E-7	1.064840E-7	2.711586E-9	2.711586E-9
2.210000E+0	1.094770E-7	1.094770E-7	2.787802E-9	2.787802E-9
2.220000E+0	1.126270E-7	1.126270E-7	2.868016E-9	2.868016E-9
2.230000E+0	1.159510E-7	1.159510E-7	2.952661E-9	2.952661E-9
2.240000E+0	1.194450E-7	1.194450E-7	3.041635E-9	3.041635E-9
2.250000E+0	1.231080E-7	1.231080E-7	3.134912E-9	3.134912E-9
2.260000E+0	1.269510E-7	1.269510E-7	3.232773E-9	3.232773E-9
2.270000E+0	1.309860E-7	1.309860E-7	3.335523E-9	3.335523E-9
2.280000E+0	1.351880E-7	1.351880E-7	3.442526E-9	3.442526E-9
2.290000E+0	1.395770E-7	1.395770E-7	3.554291E-9	3.554291E-9
2.300000E+0	1.441660E-7	1.441660E-7	3.671148E-9	3.671148E-9
2.310000E+0	1.489460E-7	1.489460E-7	3.792870E-9	3.792870E-9
2.320000E+0	1.539550E-7	1.539550E-7	3.920423E-9	3.920423E-9
2.330000E+0	1.591430E-7	1.591430E-7	4.052534E-9	4.052534E-9
2.340000E+0	1.645370E-7	1.645370E-7	4.189890E-9	4.189890E-9
2.350000E+0	1.701670E-7	1.701670E-7	4.333257E-9	4.333257E-9
2.360000E+0	1.760280E-7	1.760280E-7	4.482506E-9	4.482506E-9
2.370000E+0	1.824860E-7	1.824860E-7	4.646957E-9	4.646957E-9
2.380000E+0	1.887940E-7	1.887940E-7	4.807588E-9	4.807588E-9
2.390000E+0	1.953380E-7	1.953380E-7	4.974230E-9	4.974230E-9
2.400000E+0	2.021000E-7	2.021000E-7	5.146422E-9	5.146422E-9
2.410000E+0	2.090250E-7	2.090250E-7	5.322765E-9	5.322765E-9
2.420000E+0	2.161700E-7	2.161700E-7	5.504711E-9	5.504711E-9
2.430000E+0	2.235570E-7	2.235570E-7	5.692819E-9	5.692819E-9
2.440000E+0	2.312410E-7	2.312410E-7	5.888490E-9	5.888490E-9
2.450000E+0	2.390580E-7	2.390580E-7	6.087548E-9	6.087548E-9
2.460000E+0	2.471840E-7	2.471840E-7	6.294474E-9	6.294474E-9
2.470000E+0	2.554020E-7	2.554020E-7	6.503743E-9	6.503743E-9
2.480000E+0	2.637940E-7	2.637940E-7	6.717443E-9	6.717443E-9
2.490000E+0	2.723580E-7	2.723580E-7	6.935523E-9	6.935523E-9
2.500000E+0	2.810750E-7	2.810750E-7	7.157499E-9	7.157499E-9
2.510000E+0	2.899200E-7	2.899200E-7	7.382735E-9	7.382735E-9
2.520000E+0	2.989020E-7	2.989020E-7	7.611459E-9	7.611459E-9
2.530000E+0	3.078850E-7	3.078850E-7	7.840209E-9	7.840209E-9
2.540000E+0	3.170600E-7	3.170600E-7	8.073848E-9	8.073848E-9
2.550000E+0	3.263160E-7	3.263160E-7	8.309549E-9	8.309549E-9
2.560000E+0	3.356840E-7	3.356840E-7	8.548103E-9	8.548103E-9
2.570000E+0	3.450940E-7	3.450940E-7	8.787726E-9	8.787726E-9
2.580000E+0	3.544770E-7	3.544770E-7	9.026661E-9	9.026661E-9
2.590000E+0	3.638400E-7	3.638400E-7	9.265088E-9	9.265088E-9
2.600000E+0	3.731890E-7	3.731890E-7	9.503158E-9	9.503158E-9
2.610000E+0	3.824660E-7	3.824660E-7	9.739394E-9	9.739394E-9
2.620000E+0	3.916790E-7	3.916790E-7	9.974000E-9	9.974000E-9
2.630000E+0	4.008740E-7	4.008740E-7	1.020815E-8	1.020815E-8
2.640000E+0	4.099490E-7	4.099490E-7	1.043924E-8	1.043924E-8
2.650000E+0	4.189230E-7	4.189230E-7	1.066776E-8	1.066776E-8
2.660000E+0	4.278240E-7	4.278240E-7	1.089442E-8	1.089442E-8
2.670000E+0	4.365200E-7	4.365200E-7	1.111586E-8	1.111586E-8
2.680000E+0	4.450620E-7	4.450620E-7	1.133338E-8	1.133338E-8
2.690000E+0	4.534610E-7	4.534610E-7	1.154726E-8	1.154726E-8
2.700000E+0	4.616890E-7	4.616890E-7	1.175679E-8	1.175679E-8
2.710000E+0	4.697190E-7	4.697190E-7	1.196127E-8	1.196127E-8
2.720000E+0	4.775840E-7	4.775840E-7	1.216155E-8	1.216155E-8
2.730000E+0	4.862390E-7	4.862390E-7	1.238195E-8	1.238195E-8
2.740000E+0	4.938290E-7	4.938290E-7	1.257522E-8	1.257522E-8
2.750000E+0	5.011730E-7	5.011730E-7	1.276224E-8	1.276224E-8
2.760000E+0	5.082800E-7	5.082800E-7	1.294321E-8	1.294321E-8
2.770000E+0	5.151730E-7	5.151730E-7	1.311874E-8	1.311874E-8
2.780000E+0	5.218370E-7	5.218370E-7	1.328844E-8	1.328844E-8
2.790000E+0	5.282940E-7	5.282940E-7	1.345286E-8	1.345286E-8
2.800000E+0	5.345240E-7	5.345240E-7	1.361151E-8	1.361151E-8
2.810000E+0	5.405300E-7	5.405300E-7	1.376445E-8	1.376445E-8
2.820000E+0	5.463570E-7	5.463570E-7	1.391283E-8	1.391283E-8
2.830000E+0	5.520000E-7	5.520000E-7	1.405653E-8	1.405653E-8
2.840000E+0	5.574510E-7	5.574510E-7	1.419534E-8	1.419534E-8
2.850000E+0	5.627160E-7	5.627160E-7	1.432941E-8	1.432941E-8
2.860000E+0	5.678680E-7	5.678680E-7	1.446061E-8	1.446061E-8
2.870000E+0	5.727580E-7	5.727580E-7	1.458513E-8	1.458513E-8
2.880000E+0	5.774990E-7	5.774990E-7	1.470586E-8	1.470586E-8
2.890000E+0	5.820720E-7	5.820720E-7	1.482231E-8	1.482231E-8
2.900000E+0	5.864720E-7	5.864720E-7	1.493435E-8	1.493435E-8
2.910000E+0	5.907190E-7	5.907190E-7	1.504250E-8	1.504250E-8
2.920000E+0	5.948390E-7	5.948390E-7	1.514742E-8	1.514742E-8
2.930000E+0	5.988510E-7	5.988510E-7	1.524958E-8	1.524958E-8
2.940000E+0	6.027040E-7	6.027040E-7	1.534770E-8	1.534770E-8
2.950000E+0	6.064360E-7	6.064360E-7	1.544273E-8	1.544273E-8
2.960000E+0	6.100810E-7	6.100810E-7	1.553555E-8	1.553555E-8
2.970000E+0	6.135880E-7	6.135880E-7	1.562485E-8	1.562485E-8
2.980000E+0	6.169620E-7	6.169620E-7	1.571077E-8	1.571077E-8
2.990000E+0	6.202260E-7	6.202260E-7	1.579389E-8	1.579389E-8
3.000000E+0	6.234190E-7	6.234190E-7	1.587520E-8	1.587520E-8
3.010000E+0	6.264560E-7	6.264560E-7	1.595253E-8	1.595253E-8
3.020000E+0	6.294580E-7	6.294580E-7	1.602898E-8	1.602898E-8
3.030000E+0	6.323860E-7	6.323860E-7	1.610354E-8	1.610354E-8
3.040000E+0	6.352480E-7	6.352480E-7	1.617642E-8	1.617642E-8
3.050000E+0	6.380920E-7	6.380920E-7	1.624884E-8	1.624884E-8
3.060000E+0	6.408100E-7	6.408100E-7	1.631805E-8	1.631805E-8
3.070000E+0	6.434580E-7	6.434580E-7	1.638548E-8	1.638548E-8
3.080000E+0	6.460260E-7	6.460260E-7	1.645088E-8	1.645088E-8
3.090000E+0	6.485610E-7	6.485610E-7	1.651543E-8	1.651543E-8
3.100000E+0	6.522180E-7	6.522180E-7	1.660856E-8	1.660856E-8
3.110000E+0	6.547660E-7	6.547660E-7	1.667344E-8	1.667344E-8
3.120000E+0	6.571910E-7	6.571910E-7	1.673519E-8	1.673519E-8
3.130000E+0	6.595790E-7	6.595790E-7	1.679600E-8	1.679600E-8
3.140000E+0	6.618970E-7	6.618970E-7	1.685503E-8	1.685503E-8
3.150000E+0	6.641690E-7	6.641690E-7	1.691288E-8	1.691288E-8
3.160000E+0	6.663720E-7	6.663720E-7	1.696898E-8	1.696898E-8
3.170000E+0	6.685020E-7	6.685020E-7	1.702322E-8	1.702322E-8
3.180000E+0	6.705980E-7	6.705980E-7	1.707660E-8	1.707660E-8
3.190000E+0	6.726620E-7	6.726620E-7	1.712916E-8	1.712916E-8
3.200000E+0	6.746560E-7	6.746560E-7	1.717993E-8	1.717993E-8
3.210000E+0	6.766440E-7	6.766440E-7	1.723056E-8	1.723056E-8
3.220000E+0	6.786080E-7	6.786080E-7	1.728057E-8	1.728057E-8
3.230000E+0	6.805280E-7	6.805280E-7	1.732946E-8	1.732946E-8
3.240000E+0	6.824530E-7	6.824530E-7	1.737848E-8	1.737848E-8
3.250000E+0	6.843860E-7	6.843860E-7	1.742771E-8	1.742771E-8
3.260000E+0	6.862250E-7	6.862250E-7	1.747454E-8	1.747454E-8
3.270000E+0	6.880660E-7	6.880660E-7	1.752142E-8	1.752142E-8
3.280000E+0	6.898510E-7	6.898510E-7	1.756687E-8	1.756687E-8
3.290000E+0	6.916220E-7	6.916220E-7	1.761197E-8	1.761197E-8
3.300000E+0	6.933220E-7	6.933220E-7	1.765526E-8	1.765526E-8
3.310000E+0	6.950180E-7	6.950180E-7	1.769845E-8	1.769845E-8
3.320000E+0	6.967160E-7	6.967160E-7	1.774169E-8	1.774169E-8
3.330000E+0	6.981720E-7	6.981720E-7	1.777876E-8	1.777876E-8
3.340000E+0	6.998200E-7	6.998200E-7	1.782073E-8	1.782073E-8
3.350000E+0	7.015130E-7	7.015130E-7	1.786384E-8	1.786384E-8
3.360000E+0	7.030490E-7	7.030490E-7	1.790295E-8	1.790295E-8
3.370000E+0	7.045760E-7	7.045760E-7	1.794184E-8	1.794184E-8
3.380000E+0	7.061780E-7	7.061780E-7	1.798263E-8	1.798263E-8
3.390000E+0	7.076050E-7	7.076050E-7	1.801897E-8	1.801897E-8
3.400000E+0	7.089960E-7	7.089960E-7	1.805439E-8	1.805439E-8
3.410000E+0	7.103880E-7	7.103880E-7	1.808984E-8	1.808984E-8
3.420000E+0	7.117200E-7	7.117200E-7	1.812376E-8	1.812376E-8
3.430000E+0	7.130160E-7	7.130160E-7	1.815676E-8	1.815676E-8
3.440000E+0	7.143010E-7	7.143010E-7	1.818948E-8	1.818948E-8
3.450000E+0	7.155940E-7	7.155940E-7	1.822241E-8	1.822241E-8
3.460000E+0	7.167650E-7	7.167650E-7	1.825223E-8	1.825223E-8
3.470000E+0	7.191100E-7	7.191100E-7	1.831194E-8	1.831194E-8
3.480000E+0	7.203170E-7	7.203170E-7	1.834268E-8	1.834268E-8
3.490000E+0	7.214290E-7	7.214290E-7	1.837100E-8	1.837100E-8
3.500000E+0	7.224430E-7	7.224430E-7	1.839682E-8	1.839682E-8
3.510000E+0	7.233970E-7	7.233970E-7	1.842111E-8	1.842111E-8
3.520000E+0	7.243370E-7	7.243370E-7	1.844505E-8	1.844505E-8
3.530000E+0	7.251560E-7	7.251560E-7	1.846590E-8	1.846590E-8
3.540000E+0	7.260080E-7	7.260080E-7	1.848760E-8	1.848760E-8
3.550000E+0	7.266970E-7	7.266970E-7	1.850514E-8	1.850514E-8
3.560000E+0	7.273700E-7	7.273700E-7	1.852228E-8	1.852228E-8
3.570000E+0	7.279710E-7	7.279710E-7	1.853759E-8	1.853759E-8
3.580000E+0	7.285260E-7	7.285260E-7	1.855172E-8	1.855172E-8
3.590000E+0	7.289910E-7	7.289910E-7	1.856356E-8	1.856356E-8
3.600000E+0	7.294350E-7	7.294350E-7	1.857487E-8	1.857487E-8
3.610000E+0	7.298030E-7	7.298030E-7	1.858424E-8	1.858424E-8
3.620000E+0	7.301320E-7	7.301320E-7	1.859262E-8	1.859262E-8
3.630000E+0	7.303960E-7	7.303960E-7	1.859934E-8	1.859934E-8
3.640000E+0	7.306790E-7	7.306790E-7	1.860654E-8	1.860654E-8
3.650000E+0	7.308070E-7	7.308070E-7	1.860980E-8	1.860980E-8
3.660000E+0	7.308870E-7	7.308870E-7	1.861184E-8	1.861184E-8
3.670000E+0	7.309090E-7	7.309090E-7	1.861240E-8	1.861240E-8
3.680000E+0	7.308400E-7	7.308400E-7	1.861064E-8	1.861064E-8
3.690000E+0	7.307340E-7	7.307340E-7	1.860794E-8	1.860794E-8
3.700000E+0	7.305360E-7	7.305360E-7	1.860290E-8	1.860290E-8
3.710000E+0	7.302740E-7	7.302740E-7	1.859623E-8	1.859623E-8
3.720000E+0	7.299650E-7	7.299650E-7	1.858836E-8	1.858836E-8
3.730000E+0	7.295790E-7	7.295790E-7	1.857853E-8	1.857853E-8
3.740000E+0	7.292160E-7	7.292160E-7	1.856929E-8	1.856929E-8
3.750000E+0	7.286420E-7	7.286420E-7	1.855467E-8	1.855467E-8
3.760000E+0	7.280420E-7	7.280420E-7	1.853939E-8	1.853939E-8
3.770000E+0	7.273450E-7	7.273450E-7	1.852164E-8	1.852164E-8
3.780000E+0	7.265710E-7	7.265710E-7	1.850194E-8	1.850194E-8
3.790000E+0	7.257140E-7	7.257140E-7	1.848011E-8	1.848011E-8
3.800000E+0	7.247870E-7	7.247870E-7	1.845651E-8	1.845651E-8
3.810000E+0	7.237820E-7	7.237820E-7	1.843091E-8	1.843091E-8
3.820000E+0	7.227240E-7	7.227240E-7	1.840397E-8	1.840397E-8
3.830000E+0	7.215730E-7	7.215730E-7	1.837466E-8	1.837466E-8
3.840000E+0	7.214960E-7	7.214960E-7	1.837270E-8	1.837270E-8
3.850000E+0	7.203220E-7	7.203220E-7	1.834281E-8	1.834281E-8
3.860000E+0	7.189800E-7	7.189800E-7	1.830863E-8	1.830863E-8
3.870000E+0	7.175160E-7	7.175160E-7	1.827135E-8	1.827135E-8
3.880000E+0	7.159830E-7	7.159830E-7	1.823231E-8	1.823231E-8
3.890000E+0	7.143260E-7	7.143260E-7	1.819012E-8	1.819012E-8
3.900000E+0	7.126020E-7	7.126020E-7	1.814622E-8	1.814622E-8
3.910000E+0	7.108040E-7	7.108040E-7	1.810043E-8	1.810043E-8
3.920000E+0	7.089090E-7	7.089090E-7	1.805218E-8	1.805218E-8
3.930000E+0	7.069500E-7	7.069500E-7	1.800229E-8	1.800229E-8
3.940000E+0	7.048500E-7	7.048500E-7	1.794882E-8	1.794882E-8
3.950000E+0	7.026960E-7	7.026960E-7	1.789396E-8	1.789396E-8
3.960000E+0	7.004920E-7	7.004920E-7	1.783784E-8	1.783784E-8
3.970000E+0	6.982310E-7	6.982310E-7	1.778026E-8	1.778026E-8
3.980000E+0	6.958790E-7	6.958790E-7	1.772037E-8	1.772037E-8
3.990000E+0	6.934580E-7	6.934580E-7	1.765872E-8	1.765872E-8
4.000000E+0	6.909910E-7	6.909910E-7	1.759590E-8	1.759590E-8
4.010000E+0	6.885080E-7	6.885080E-7	1.753267E-8	1.753267E-8
4.020000E+0	6.859550E-7	6.859550E-7	1.746766E-8	1.746766E-8
4.030000E+0	6.833800E-7	6.833800E-7	1.740209E-8	1.740209E-8
4.040000E+0	6.808370E-7	6.808370E-7	1.733733E-8	1.733733E-8
4.050000E+0	6.782110E-7	6.782110E-7	1.727046E-8	1.727046E-8
4.060000E+0	6.755950E-7	6.755950E-7	1.720384E-8	1.720384E-8
4.070000E+0	6.729230E-7	6.729230E-7	1.713580E-8	1.713580E-8
4.080000E+0	6.702050E-7	6.702050E-7	1.706659E-8	1.706659E-8
4.090000E+0	6.675840E-7	6.675840E-7	1.699985E-8	1.699985E-8
4.100000E+0	6.650100E-7	6.650100E-7	1.693430E-8	1.693430E-8
4.110000E+0	6.625270E-7	6.625270E-7	1.687107E-8	1.687107E-8
4.120000E+0	6.600790E-7	6.600790E-7	1.680873E-8	1.680873E-8
4.130000E+0	6.577680E-7	6.577680E-7	1.674989E-8	1.674989E-8
4.140000E+0	6.555360E-7	6.555360E-7	1.669305E-8	1.669305E-8
4.150000E+0	6.533920E-7	6.533920E-7	1.663845E-8	1.663845E-8
4.160000E+0	6.513590E-7	6.513590E-7	1.658668E-8	1.658668E-8
4.170000E+0	6.494950E-7	6.494950E-7	1.653922E-8	1.653922E-8
4.180000E+0	6.479150E-7	6.479150E-7	1.649898E-8	1.649898E-8
4.190000E+0	6.464150E-7	6.464150E-7	1.646078E-8	1.646078E-8
4.200000E+0	6.460460E-7	6.460460E-7	1.645139E-8	1.645139E-8
4.210000E+0	6.451200E-7	6.451200E-7	1.642781E-8	1.642781E-8
4.220000E+0	6.444140E-7	6.444140E-7	1.640983E-8	1.640983E-8
4.230000E+0	6.440560E-7	6.440560E-7	1.640071E-8	1.640071E-8
4.240000E+0	6.439120E-7	6.439120E-7	1.639705E-8	1.639705E-8
4.250000E+0	6.441120E-7	6.441120E-7	1.640214E-8	1.640214E-8
4.260000E+0	6.446830E-7	6.446830E-7	1.641668E-8	1.641668E-8
4.270000E+0	6.456440E-7	6.456440E-7	1.644115E-8	1.644115E-8
4.280000E+0	6.470030E-7	6.470030E-7	1.647576E-8	1.647576E-8
4.290000E+0	6.488180E-7	6.488180E-7	1.652198E-8	1.652198E-8
4.300000E+0	6.511040E-7	6.511040E-7	1.658019E-8	1.658019E-8
4.310000E+0	6.538700E-7	6.538700E-7	1.665062E-8	1.665062E-8
4.320000E+0	6.571760E-7	6.571760E-7	1.673481E-8	1.673481E-8
4.330000E+0	6.609990E-7	6.609990E-7	1.683216E-8	1.683216E-8
4.340000E+0	6.653370E-7	6.653370E-7	1.694263E-8	1.694263E-8
4.350000E+0	6.702350E-7	6.702350E-7	1.706735E-8	1.706735E-8
4.360000E+0	6.757090E-7	6.757090E-7	1.720675E-8	1.720675E-8
4.370000E+0	6.817510E-7	6.817510E-7	1.736061E-8	1.736061E-8
4.380000E+0	6.883400E-7	6.883400E-7	1.752839E-8	1.752839E-8
4.390000E+0	6.955260E-7	6.955260E-7	1.771138E-8	1.771138E-8
4.400000E+0	7.032960E-7	7.032960E-7	1.790924E-8	1.790924E-8
4.410000E+0	7.116020E-7	7.116020E-7	1.812075E-8	1.812075E-8
4.420000E+0	7.204760E-7	7.204760E-7	1.834673E-8	1.834673E-8
4.430000E+0	7.299660E-7	7.299660E-7	1.858839E-8	1.858839E-8
4.440000E+0	7.398800E-7	7.398800E-7	1.884085E-8	1.884085E-8
4.450000E+0	7.503120E-7	7.503120E-7	1.910649E-8	1.910649E-8
4.460000E+0	7.612030E-7	7.612030E-7	1.938383E-8	1.938383E-8
4.470000E+0	7.725410E-7	7.725410E-7	1.967255E-8	1.967255E-8
4.480000E+0	7.842960E-7	7.842960E-7	1.997189E-8	1.997189E-8
4.490000E+0	7.964020E-7	7.964020E-7	2.028016E-8	2.028016E-8
4.500000E+0	8.089070E-7	8.089070E-7	2.059860E-8	2.059860E-8
4.510000E+0	8.217270E-7	8.217270E-7	2.092506E-8	2.092506E-8
4.520000E+0	8.348350E-7	8.348350E-7	2.125885E-8	2.125885E-8
4.530000E+0	8.482500E-7	8.482500E-7	2.160046E-8	2.160046E-8
4.540000E+0	8.618110E-7	8.618110E-7	2.194579E-8	2.194579E-8
4.550000E+0	8.755790E-7	8.755790E-7	2.229638E-8	2.229638E-8
4.560000E+0	8.894570E-7	8.894570E-7	2.264978E-8	2.264978E-8
4.570000E+0	9.046410E-7	9.046410E-7	2.303644E-8	2.303644E-8
4.580000E+0	9.189300E-7	9.189300E-7	2.340031E-8	2.340031E-8
4.590000E+0	9.331700E-7	9.331700E-7	2.376292E-8	2.376292E-8
4.600000E+0	9.474250E-7	9.474250E-7	2.412592E-8	2.412592E-8
4.610000E+0	9.616580E-7	9.616580E-7	2.448836E-8	2.448836E-8
4.620000E+0	9.758290E-7	9.758290E-7	2.484922E-8	2.484922E-8
4.630000E+0	9.899930E-7	9.899930E-7	2.520991E-8	2.520991E-8
4.640000E+0	1.004000E-6	1.004000E-6	2.556659E-8	2.556659E-8
4.650000E+0	1.017884E-6	1.017884E-6	2.592014E-8	2.592014E-8
4.660000E+0	1.031580E-6	1.031580E-6	2.626891E-8	2.626891E-8
4.670000E+0	1.045170E-6	1.045170E-6	2.661497E-8	2.661497E-8
4.680000E+0	1.058492E-6	1.058492E-6	2.695421E-8	2.695421E-8
4.690000E+0	1.071656E-6	1.071656E-6	2.728943E-8	2.728943E-8
4.700000E+0	1.084608E-6	1.084608E-6	2.761925E-8	2.761925E-8
4.710000E+0	1.097147E-6	1.097147E-6	2.793855E-8	2.793855E-8
4.720000E+0	1.109814E-6	1.109814E-6	2.826112E-8	2.826112E-8
4.730000E+0	1.116040E-6	1.116040E-6	2.841966E-8	2.841966E-8
4.740000E+0	1.124270E-6	1.124270E-6	2.862923E-8	2.862923E-8
4.750000E+0	1.133970E-6	1.133970E-6	2.887624E-8	2.887624E-8
4.760000E+0	1.143940E-6	1.143940E-6	2.913012E-8	2.913012E-8
4.770000E+0	1.153890E-6	1.153890E-6	2.938350E-8	2.938350E-8
4.780000E+0	1.163770E-6	1.163770E-6	2.963509E-8	2.963509E-8
4.790000E+0	1.173530E-6	1.173530E-6	2.988363E-8	2.988363E-8
4.800000E+0	1.183050E-6	1.183050E-6	3.012605E-8	3.012605E-8
4.810000E+0	1.192250E-6	1.192250E-6	3.036033E-8	3.036033E-8
4.820000E+0	1.201410E-6	1.201410E-6	3.059358E-8	3.059358E-8
4.830000E+0	1.210250E-6	1.210250E-6	3.081869E-8	3.081869E-8
4.840000E+0	1.218860E-6	1.218860E-6	3.103794E-8	3.103794E-8
4.850000E+0	1.227210E-6	1.227210E-6	3.125057E-8	3.125057E-8
4.860000E+0	1.235410E-6	1.235410E-6	3.145938E-8	3.145938E-8
4.870000E+0	1.243170E-6	1.243170E-6	3.165699E-8	3.165699E-8
4.880000E+0	1.250750E-6	1.250750E-6	3.185001E-8	3.185001E-8
4.890000E+0	1.258050E-6	1.258050E-6	3.203590E-8	3.203590E-8
4.900000E+0	1.265110E-6	1.265110E-6	3.221569E-8	3.221569E-8
4.910000E+0	1.271900E-6	1.271900E-6	3.238859E-8	3.238859E-8
4.920000E+0	1.278530E-6	1.278530E-6	3.255742E-8	3.255742E-8
4.930000E+0	1.284800E-6	1.284800E-6	3.271709E-8	3.271709E-8
4.940000E+0	1.292370E-6	1.292370E-6	3.290985E-8	3.290985E-8
4.950000E+0	1.298410E-6	1.298410E-6	3.306366E-8	3.306366E-8
4.960000E+0	1.304080E-6	1.304080E-6	3.320805E-8	3.320805E-8
4.970000E+0	1.309440E-6	1.309440E-6	3.334454E-8	3.334454E-8
4.980000E+0	1.314560E-6	1.314560E-6	3.347492E-8	3.347492E-8
4.990000E+0	1.319510E-6	1.319510E-6	3.360097E-8	3.360097E-8
5.000000E+0	1.324160E-6	1.324160E-6	3.371938E-8	3.371938E-8
