

13:39:19	24/03/21


Ell Cont: 5,0x10,0

SMU1	V name:		V1
	I name:		I1
	Mode:		V
	Function:	VAR1
SMU2	V name:		V2
	I name:		I2
	Mode:		common
	Function:	const.
SMU3	off
SMU4	off
VMUs	off

Primary Source (VAR1):	single
	Sweep Spacing:	linear
	Start:		-0.500000
	Stop:		0.500000
	Step:		0.010000
	Compliance:	0.050000
Power Compliance OFF

Timing:		Integration Time:	medium
	Delay Time (sec):	0.000000
	Hold Time (sec):	0.000000
	Wait Time (sec):	1.000000

Secondary Source (VAR2):	OFF


   V1	   I1	Abs(I)	J (A\µm²)	Abs(J)
-5.000000E-1	-2.833380E-9	2.833380E-9	-7.215126E-11	7.215126E-11
-4.900000E-1	1.885400E-10	1.885400E-10	4.801120E-12	4.801120E-12
-4.800000E-1	1.045690E-9	1.045690E-9	2.662821E-11	2.662821E-11
-4.700000E-1	1.396840E-9	1.396840E-9	3.557015E-11	3.557015E-11
-4.600000E-1	1.668740E-9	1.668740E-9	4.249402E-11	4.249402E-11
-4.500000E-1	1.874050E-9	1.874050E-9	4.772218E-11	4.772218E-11
-4.400000E-1	2.038790E-9	2.038790E-9	5.191724E-11	5.191724E-11
-4.300000E-1	2.197650E-9	2.197650E-9	5.596257E-11	5.596257E-11
-4.200000E-1	2.328700E-9	2.328700E-9	5.929972E-11	5.929972E-11
-4.100000E-1	2.454740E-9	2.454740E-9	6.250929E-11	6.250929E-11
-4.000000E-1	2.561140E-9	2.561140E-9	6.521874E-11	6.521874E-11
-3.900000E-1	2.697990E-9	2.697990E-9	6.870359E-11	6.870359E-11
-3.800000E-1	2.813470E-9	2.813470E-9	7.164426E-11	7.164426E-11
-3.700000E-1	2.937690E-9	2.937690E-9	7.480749E-11	7.480749E-11
-3.600000E-1	3.063940E-9	3.063940E-9	7.802241E-11	7.802241E-11
-3.500000E-1	3.164490E-9	3.164490E-9	8.058289E-11	8.058289E-11
-3.400000E-1	3.339520E-9	3.339520E-9	8.503998E-11	8.503998E-11
-3.300000E-1	3.451320E-9	3.451320E-9	8.788694E-11	8.788694E-11
-3.200000E-1	3.602620E-9	3.602620E-9	9.173975E-11	9.173975E-11
-3.100000E-1	3.740610E-9	3.740610E-9	9.525363E-11	9.525363E-11
-3.000000E-1	3.912040E-9	3.912040E-9	9.961905E-11	9.961905E-11
-2.900000E-1	4.069390E-9	4.069390E-9	1.036259E-10	1.036259E-10
-2.800000E-1	4.238880E-9	4.238880E-9	1.079419E-10	1.079419E-10
-2.700000E-1	4.423360E-9	4.423360E-9	1.126397E-10	1.126397E-10
-2.600000E-1	4.612310E-9	4.612310E-9	1.174512E-10	1.174512E-10
-2.500000E-1	4.805130E-9	4.805130E-9	1.223613E-10	1.223613E-10
-2.400000E-1	5.023890E-9	5.023890E-9	1.279320E-10	1.279320E-10
-2.300000E-1	5.232470E-9	5.232470E-9	1.332434E-10	1.332434E-10
-2.200000E-1	5.489540E-9	5.489540E-9	1.397897E-10	1.397897E-10
-2.100000E-1	5.723310E-9	5.723310E-9	1.457425E-10	1.457425E-10
-2.000000E-1	5.988420E-9	5.988420E-9	1.524935E-10	1.524935E-10
-1.900000E-1	6.279210E-9	6.279210E-9	1.598984E-10	1.598984E-10
-1.800000E-1	6.553960E-9	6.553960E-9	1.668948E-10	1.668948E-10
-1.700000E-1	6.864390E-9	6.864390E-9	1.747998E-10	1.747998E-10
-1.600000E-1	7.233510E-9	7.233510E-9	1.841994E-10	1.841994E-10
-1.500000E-1	7.570110E-9	7.570110E-9	1.927708E-10	1.927708E-10
-1.400000E-1	7.938390E-9	7.938390E-9	2.021490E-10	2.021490E-10
-1.300000E-1	8.328350E-9	8.328350E-9	2.120792E-10	2.120792E-10
-1.200000E-1	8.753660E-9	8.753660E-9	2.229096E-10	2.229096E-10
-1.100000E-1	9.158400E-9	9.158400E-9	2.332162E-10	2.332162E-10
-1.000000E-1	9.729000E-9	9.729000E-9	2.477464E-10	2.477464E-10
-9.000000E-2	1.031800E-8	1.031800E-8	2.627451E-10	2.627451E-10
-8.000000E-2	1.091920E-8	1.091920E-8	2.780545E-10	2.780545E-10
-7.000000E-2	1.155860E-8	1.155860E-8	2.943366E-10	2.943366E-10
-6.000000E-2	1.222540E-8	1.222540E-8	3.113165E-10	3.113165E-10
-5.000000E-2	1.294850E-8	1.294850E-8	3.297301E-10	3.297301E-10
-4.000000E-2	1.370540E-8	1.370540E-8	3.490043E-10	3.490043E-10
-3.000000E-2	1.451690E-8	1.451690E-8	3.696690E-10	3.696690E-10
-2.000000E-2	1.538120E-8	1.538120E-8	3.916781E-10	3.916781E-10
-1.000000E-2	1.627730E-8	1.627730E-8	4.144971E-10	4.144971E-10
0.000000E+0	1.723590E-8	1.723590E-8	4.389076E-10	4.389076E-10
1.000000E-2	1.826170E-8	1.826170E-8	4.650293E-10	4.650293E-10
2.000000E-2	1.934930E-8	1.934930E-8	4.927247E-10	4.927247E-10
3.000000E-2	2.049170E-8	2.049170E-8	5.218156E-10	5.218156E-10
4.000000E-2	2.169570E-8	2.169570E-8	5.524752E-10	5.524752E-10
5.000000E-2	2.296160E-8	2.296160E-8	5.847110E-10	5.847110E-10
6.000000E-2	2.430920E-8	2.430920E-8	6.190272E-10	6.190272E-10
7.000000E-2	2.571100E-8	2.571100E-8	6.547237E-10	6.547237E-10
8.000000E-2	2.718710E-8	2.718710E-8	6.923122E-10	6.923122E-10
9.000000E-2	2.874170E-8	2.874170E-8	7.318997E-10	7.318997E-10
1.000000E-1	3.035910E-8	3.035910E-8	7.730863E-10	7.730863E-10
1.100000E-1	3.206090E-8	3.206090E-8	8.164222E-10	8.164222E-10
1.200000E-1	3.382740E-8	3.382740E-8	8.614056E-10	8.614056E-10
1.300000E-1	3.568770E-8	3.568770E-8	9.087777E-10	9.087777E-10
1.400000E-1	3.759440E-8	3.759440E-8	9.573313E-10	9.573313E-10
1.500000E-1	3.961740E-8	3.961740E-8	1.008846E-9	1.008846E-9
1.600000E-1	4.171140E-8	4.171140E-8	1.062170E-9	1.062170E-9
1.700000E-1	4.386200E-8	4.386200E-8	1.116934E-9	1.116934E-9
1.800000E-1	4.611260E-8	4.611260E-8	1.174245E-9	1.174245E-9
1.900000E-1	4.841040E-8	4.841040E-8	1.232758E-9	1.232758E-9
2.000000E-1	5.082040E-8	5.082040E-8	1.294128E-9	1.294128E-9
2.100000E-1	5.327040E-8	5.327040E-8	1.356516E-9	1.356516E-9
2.200000E-1	5.581850E-8	5.581850E-8	1.421403E-9	1.421403E-9
2.300000E-1	5.840900E-8	5.840900E-8	1.487369E-9	1.487369E-9
2.400000E-1	6.107440E-8	6.107440E-8	1.555243E-9	1.555243E-9
2.500000E-1	6.380110E-8	6.380110E-8	1.624678E-9	1.624678E-9
2.600000E-1	6.659580E-8	6.659580E-8	1.695844E-9	1.695844E-9
2.700000E-1	6.944610E-8	6.944610E-8	1.768426E-9	1.768426E-9
2.800000E-1	7.230620E-8	7.230620E-8	1.841258E-9	1.841258E-9
2.900000E-1	7.523610E-8	7.523610E-8	1.915867E-9	1.915867E-9
3.000000E-1	7.816730E-8	7.816730E-8	1.990509E-9	1.990509E-9
3.100000E-1	8.116150E-8	8.116150E-8	2.066756E-9	2.066756E-9
3.200000E-1	8.408180E-8	8.408180E-8	2.141120E-9	2.141120E-9
3.300000E-1	8.703680E-8	8.703680E-8	2.216369E-9	2.216369E-9
3.400000E-1	8.995230E-8	8.995230E-8	2.290611E-9	2.290611E-9
3.500000E-1	9.290990E-8	9.290990E-8	2.365926E-9	2.365926E-9
3.600000E-1	9.581610E-8	9.581610E-8	2.439931E-9	2.439931E-9
3.700000E-1	9.873810E-8	9.873810E-8	2.514339E-9	2.514339E-9
3.800000E-1	1.018210E-7	1.018210E-7	2.592844E-9	2.592844E-9
3.900000E-1	1.073140E-7	1.073140E-7	2.732722E-9	2.732722E-9
4.000000E-1	1.126570E-7	1.126570E-7	2.868780E-9	2.868780E-9
4.100000E-1	1.182170E-7	1.182170E-7	3.010364E-9	3.010364E-9
4.200000E-1	1.241050E-7	1.241050E-7	3.160300E-9	3.160300E-9
4.300000E-1	1.301620E-7	1.301620E-7	3.314540E-9	3.314540E-9
4.400000E-1	1.364900E-7	1.364900E-7	3.475681E-9	3.475681E-9
4.500000E-1	1.429670E-7	1.429670E-7	3.640616E-9	3.640616E-9
4.600000E-1	1.496680E-7	1.496680E-7	3.811255E-9	3.811255E-9
4.700000E-1	1.564790E-7	1.564790E-7	3.984696E-9	3.984696E-9
4.800000E-1	1.635260E-7	1.635260E-7	4.164146E-9	4.164146E-9
4.900000E-1	1.706680E-7	1.706680E-7	4.346015E-9	4.346015E-9
5.000000E-1	1.778420E-7	1.778420E-7	4.528699E-9	4.528699E-9
