

13:51:50	24/03/21


Ell Cont: 5,0x10,0

SMU1	V name:		V1
	I name:		I1
	Mode:		V
	Function:	VAR1
SMU2	V name:		V2
	I name:		I2
	Mode:		common
	Function:	const.
SMU3	off
SMU4	off
VMUs	off

Primary Source (VAR1):	single
	Sweep Spacing:	linear
	Start:		-0.500000
	Stop:		0.500000
	Step:		0.010000
	Compliance:	0.050000
Power Compliance OFF

Timing:		Integration Time:	medium
	Delay Time (sec):	0.000000
	Hold Time (sec):	0.000000
	Wait Time (sec):	1.000000

Secondary Source (VAR2):	OFF


   V1	   I1	Abs(I)	J (A\um²)	Abs(J)
-5.000000E-1	-4.894520E-9	4.894520E-9	-1.246376E-10	1.246376E-10
-4.900000E-1	5.927800E-10	5.927800E-10	1.509498E-11	1.509498E-11
-4.800000E-1	2.066780E-9	2.066780E-9	5.263000E-11	5.263000E-11
-4.700000E-1	2.771950E-9	2.771950E-9	7.058696E-11	7.058696E-11
-4.600000E-1	3.309400E-9	3.309400E-9	8.427298E-11	8.427298E-11
-4.500000E-1	3.683350E-9	3.683350E-9	9.379552E-11	9.379552E-11
-4.400000E-1	4.028560E-9	4.028560E-9	1.025862E-10	1.025862E-10
-4.300000E-1	4.331110E-9	4.331110E-9	1.102906E-10	1.102906E-10
-4.200000E-1	4.569180E-9	4.569180E-9	1.163529E-10	1.163529E-10
-4.100000E-1	4.824750E-9	4.824750E-9	1.228610E-10	1.228610E-10
-4.000000E-1	5.075120E-9	5.075120E-9	1.292366E-10	1.292366E-10
-3.900000E-1	5.312670E-9	5.312670E-9	1.352857E-10	1.352857E-10
-3.800000E-1	5.558550E-9	5.558550E-9	1.415470E-10	1.415470E-10
-3.700000E-1	5.809840E-9	5.809840E-9	1.479460E-10	1.479460E-10
-3.600000E-1	6.029800E-9	6.029800E-9	1.535472E-10	1.535472E-10
-3.500000E-1	6.296220E-9	6.296220E-9	1.603315E-10	1.603315E-10
-3.400000E-1	6.577770E-9	6.577770E-9	1.675011E-10	1.675011E-10
-3.300000E-1	6.829860E-9	6.829860E-9	1.739205E-10	1.739205E-10
-3.200000E-1	7.120440E-9	7.120440E-9	1.813201E-10	1.813201E-10
-3.100000E-1	7.405000E-9	7.405000E-9	1.885663E-10	1.885663E-10
-3.000000E-1	7.713640E-9	7.713640E-9	1.964258E-10	1.964258E-10
-2.900000E-1	8.033030E-9	8.033030E-9	2.045589E-10	2.045589E-10
-2.800000E-1	8.375100E-9	8.375100E-9	2.132697E-10	2.132697E-10
-2.700000E-1	8.698430E-9	8.698430E-9	2.215032E-10	2.215032E-10
-2.600000E-1	9.158100E-9	9.158100E-9	2.332086E-10	2.332086E-10
-2.500000E-1	9.746600E-9	9.746600E-9	2.481945E-10	2.481945E-10
-2.400000E-1	1.028760E-8	1.028760E-8	2.619710E-10	2.619710E-10
-2.300000E-1	1.081450E-8	1.081450E-8	2.753883E-10	2.753883E-10
-2.200000E-1	1.136010E-8	1.136010E-8	2.892819E-10	2.892819E-10
-2.100000E-1	1.191840E-8	1.191840E-8	3.034989E-10	3.034989E-10
-2.000000E-1	1.250700E-8	1.250700E-8	3.184874E-10	3.184874E-10
-1.900000E-1	1.311520E-8	1.311520E-8	3.339750E-10	3.339750E-10
-1.800000E-1	1.376600E-8	1.376600E-8	3.505475E-10	3.505475E-10
-1.700000E-1	1.444100E-8	1.444100E-8	3.677362E-10	3.677362E-10
-1.600000E-1	1.516750E-8	1.516750E-8	3.862363E-10	3.862363E-10
-1.500000E-1	1.593970E-8	1.593970E-8	4.059002E-10	4.059002E-10
-1.400000E-1	1.672640E-8	1.672640E-8	4.259333E-10	4.259333E-10
-1.300000E-1	1.758270E-8	1.758270E-8	4.477387E-10	4.477387E-10
-1.200000E-1	1.847340E-8	1.847340E-8	4.704202E-10	4.704202E-10
-1.100000E-1	1.942670E-8	1.942670E-8	4.946957E-10	4.946957E-10
-1.000000E-1	2.042590E-8	2.042590E-8	5.201400E-10	5.201400E-10
-9.000000E-2	2.149900E-8	2.149900E-8	5.474663E-10	5.474663E-10
-8.000000E-2	2.263670E-8	2.263670E-8	5.764375E-10	5.764375E-10
-7.000000E-2	2.384070E-8	2.384070E-8	6.070970E-10	6.070970E-10
-6.000000E-2	2.510870E-8	2.510870E-8	6.393863E-10	6.393863E-10
-5.000000E-2	2.646780E-8	2.646780E-8	6.739954E-10	6.739954E-10
-4.000000E-2	2.789440E-8	2.789440E-8	7.103234E-10	7.103234E-10
-3.000000E-2	2.941330E-8	2.941330E-8	7.490018E-10	7.490018E-10
-2.000000E-2	3.101780E-8	3.101780E-8	7.898599E-10	7.898599E-10
-1.000000E-2	3.270860E-8	3.270860E-8	8.329157E-10	8.329157E-10
0.000000E+0	3.451320E-8	3.451320E-8	8.788694E-10	8.788694E-10
1.000000E-2	3.640420E-8	3.640420E-8	9.270232E-10	9.270232E-10
2.000000E-2	3.842550E-8	3.842550E-8	9.784950E-10	9.784950E-10
3.000000E-2	4.052790E-8	4.052790E-8	1.032032E-9	1.032032E-9
4.000000E-2	4.276420E-8	4.276420E-8	1.088979E-9	1.088979E-9
5.000000E-2	4.512600E-8	4.512600E-8	1.149121E-9	1.149121E-9
6.000000E-2	4.757880E-8	4.757880E-8	1.211581E-9	1.211581E-9
7.000000E-2	5.018410E-8	5.018410E-8	1.277925E-9	1.277925E-9
8.000000E-2	5.289550E-8	5.289550E-8	1.346970E-9	1.346970E-9
9.000000E-2	5.577240E-8	5.577240E-8	1.420229E-9	1.420229E-9
1.000000E-1	5.874590E-8	5.874590E-8	1.495949E-9	1.495949E-9
1.100000E-1	6.188400E-8	6.188400E-8	1.575859E-9	1.575859E-9
1.200000E-1	6.513010E-8	6.513010E-8	1.658520E-9	1.658520E-9
1.300000E-1	6.853400E-8	6.853400E-8	1.745200E-9	1.745200E-9
1.400000E-1	7.205790E-8	7.205790E-8	1.834935E-9	1.834935E-9
1.500000E-1	7.574470E-8	7.574470E-8	1.928818E-9	1.928818E-9
1.600000E-1	7.957450E-8	7.957450E-8	2.026343E-9	2.026343E-9
1.700000E-1	8.350240E-8	8.350240E-8	2.126366E-9	2.126366E-9
1.800000E-1	8.761220E-8	8.761220E-8	2.231021E-9	2.231021E-9
1.900000E-1	9.179670E-8	9.179670E-8	2.337578E-9	2.337578E-9
2.000000E-1	9.618410E-8	9.618410E-8	2.449302E-9	2.449302E-9
2.100000E-1	1.007420E-7	1.007420E-7	2.565368E-9	2.565368E-9
2.200000E-1	1.078880E-7	1.078880E-7	2.747339E-9	2.747339E-9
2.300000E-1	1.140470E-7	1.140470E-7	2.904176E-9	2.904176E-9
2.400000E-1	1.206690E-7	1.206690E-7	3.072804E-9	3.072804E-9
2.500000E-1	1.276000E-7	1.276000E-7	3.249300E-9	3.249300E-9
2.600000E-1	1.350290E-7	1.350290E-7	3.438477E-9	3.438477E-9
2.700000E-1	1.428130E-7	1.428130E-7	3.636695E-9	3.636695E-9
2.800000E-1	1.509050E-7	1.509050E-7	3.842755E-9	3.842755E-9
2.900000E-1	1.594620E-7	1.594620E-7	4.060657E-9	4.060657E-9
3.000000E-1	1.682980E-7	1.682980E-7	4.285663E-9	4.285663E-9
3.100000E-1	1.775690E-7	1.775690E-7	4.521747E-9	4.521747E-9
3.200000E-1	1.871320E-7	1.871320E-7	4.765266E-9	4.765266E-9
3.300000E-1	1.971300E-7	1.971300E-7	5.019862E-9	5.019862E-9
3.400000E-1	2.073370E-7	2.073370E-7	5.279781E-9	5.279781E-9
3.500000E-1	2.179880E-7	2.179880E-7	5.551006E-9	5.551006E-9
3.600000E-1	2.288300E-7	2.288300E-7	5.827094E-9	5.827094E-9
3.700000E-1	2.400970E-7	2.400970E-7	6.114006E-9	6.114006E-9
3.800000E-1	2.515500E-7	2.515500E-7	6.405653E-9	6.405653E-9
3.900000E-1	2.631920E-7	2.631920E-7	6.702113E-9	6.702113E-9
4.000000E-1	2.751570E-7	2.751570E-7	7.006799E-9	7.006799E-9
4.100000E-1	2.870790E-7	2.870790E-7	7.310390E-9	7.310390E-9
4.200000E-1	2.993720E-7	2.993720E-7	7.623427E-9	7.623427E-9
4.300000E-1	3.116460E-7	3.116460E-7	7.935982E-9	7.935982E-9
4.400000E-1	3.241410E-7	3.241410E-7	8.254163E-9	8.254163E-9
4.500000E-1	3.365750E-7	3.365750E-7	8.570792E-9	8.570792E-9
4.600000E-1	3.492590E-7	3.492590E-7	8.893787E-9	8.893787E-9
4.700000E-1	3.616710E-7	3.616710E-7	9.209855E-9	9.209855E-9
4.800000E-1	3.742790E-7	3.742790E-7	9.530914E-9	9.530914E-9
4.900000E-1	3.868240E-7	3.868240E-7	9.850369E-9	9.850369E-9
5.000000E-1	3.991050E-7	3.991050E-7	1.016310E-8	1.016310E-8
