

13:42:14	24/03/21


Ell Cont: 5,0x10,0

SMU1	V name:		V1
	I name:		I1
	Mode:		V
	Function:	VAR1
SMU2	V name:		V2
	I name:		I2
	Mode:		common
	Function:	const.
SMU3	off
SMU4	off
VMUs	off

Primary Source (VAR1):	single
	Sweep Spacing:	linear
	Start:		-0.500000
	Stop:		0.500000
	Step:		0.010000
	Compliance:	0.050000
Power Compliance OFF

Timing:		Integration Time:	medium
	Delay Time (sec):	0.000000
	Hold Time (sec):	0.000000
	Wait Time (sec):	1.000000

Secondary Source (VAR2):	OFF


   V1	   I1	Abs(I)	J (A\µm²)	Abs(J)
-5.000000E-1	-2.397590E-9	2.397590E-9	-6.105398E-11	6.105398E-11
-4.900000E-1	6.475000E-11	6.475000E-11	1.648841E-12	1.648841E-12
-4.800000E-1	7.055800E-10	7.055800E-10	1.796740E-11	1.796740E-11
-4.700000E-1	9.865900E-10	9.865900E-10	2.512325E-11	2.512325E-11
-4.600000E-1	1.196970E-9	1.196970E-9	3.048052E-11	3.048052E-11
-4.500000E-1	1.357040E-9	1.357040E-9	3.455666E-11	3.455666E-11
-4.400000E-1	1.492150E-9	1.492150E-9	3.799720E-11	3.799720E-11
-4.300000E-1	1.607760E-9	1.607760E-9	4.094118E-11	4.094118E-11
-4.200000E-1	1.726960E-9	1.726960E-9	4.397657E-11	4.397657E-11
-4.100000E-1	1.818260E-9	1.818260E-9	4.630150E-11	4.630150E-11
-4.000000E-1	1.914750E-9	1.914750E-9	4.875859E-11	4.875859E-11
-3.900000E-1	2.021750E-9	2.021750E-9	5.148332E-11	5.148332E-11
-3.800000E-1	2.106850E-9	2.106850E-9	5.365037E-11	5.365037E-11
-3.700000E-1	2.209780E-9	2.209780E-9	5.627145E-11	5.627145E-11
-3.600000E-1	2.299430E-9	2.299430E-9	5.855437E-11	5.855437E-11
-3.500000E-1	2.408940E-9	2.408940E-9	6.134301E-11	6.134301E-11
-3.400000E-1	2.517750E-9	2.517750E-9	6.411383E-11	6.411383E-11
-3.300000E-1	2.621660E-9	2.621660E-9	6.675987E-11	6.675987E-11
-3.200000E-1	2.739410E-9	2.739410E-9	6.975834E-11	6.975834E-11
-3.100000E-1	2.868160E-9	2.868160E-9	7.303692E-11	7.303692E-11
-3.000000E-1	2.979900E-9	2.979900E-9	7.588235E-11	7.588235E-11
-2.900000E-1	3.109430E-9	3.109430E-9	7.918080E-11	7.918080E-11
-2.800000E-1	3.235980E-9	3.235980E-9	8.240336E-11	8.240336E-11
-2.700000E-1	3.371130E-9	3.371130E-9	8.584492E-11	8.584492E-11
-2.600000E-1	3.518400E-9	3.518400E-9	8.959511E-11	8.959511E-11
-2.500000E-1	3.682910E-9	3.682910E-9	9.378431E-11	9.378431E-11
-2.400000E-1	3.834600E-9	3.834600E-9	9.764706E-11	9.764706E-11
-2.300000E-1	4.011060E-9	4.011060E-9	1.021406E-10	1.021406E-10
-2.200000E-1	4.196570E-9	4.196570E-9	1.068645E-10	1.068645E-10
-2.100000E-1	4.389180E-9	4.389180E-9	1.117693E-10	1.117693E-10
-2.000000E-1	4.597350E-9	4.597350E-9	1.170703E-10	1.170703E-10
-1.900000E-1	4.810730E-9	4.810730E-9	1.225039E-10	1.225039E-10
-1.800000E-1	5.043190E-9	5.043190E-9	1.284235E-10	1.284235E-10
-1.700000E-1	5.290550E-9	5.290550E-9	1.347224E-10	1.347224E-10
-1.600000E-1	5.537470E-9	5.537470E-9	1.410102E-10	1.410102E-10
-1.500000E-1	5.822660E-9	5.822660E-9	1.482725E-10	1.482725E-10
-1.400000E-1	6.113090E-9	6.113090E-9	1.556682E-10	1.556682E-10
-1.300000E-1	6.419520E-9	6.419520E-9	1.634714E-10	1.634714E-10
-1.200000E-1	6.750830E-9	6.750830E-9	1.719081E-10	1.719081E-10
-1.100000E-1	7.106000E-9	7.106000E-9	1.809524E-10	1.809524E-10
-1.000000E-1	7.415740E-9	7.415740E-9	1.888398E-10	1.888398E-10
-9.000000E-2	7.871720E-9	7.871720E-9	2.004512E-10	2.004512E-10
-8.000000E-2	8.275880E-9	8.275880E-9	2.107431E-10	2.107431E-10
-7.000000E-2	8.725750E-9	8.725750E-9	2.221989E-10	2.221989E-10
-6.000000E-2	9.162170E-9	9.162170E-9	2.333122E-10	2.333122E-10
-5.000000E-2	9.731700E-9	9.731700E-9	2.478151E-10	2.478151E-10
-4.000000E-2	1.137910E-8	1.137910E-8	2.897657E-10	2.897657E-10
-3.000000E-2	1.214790E-8	1.214790E-8	3.093430E-10	3.093430E-10
-2.000000E-2	1.292850E-8	1.292850E-8	3.292208E-10	3.292208E-10
-1.000000E-2	1.371760E-8	1.371760E-8	3.493150E-10	3.493150E-10
0.000000E+0	1.457420E-8	1.457420E-8	3.711281E-10	3.711281E-10
1.000000E-2	1.547780E-8	1.547780E-8	3.941380E-10	3.941380E-10
2.000000E-2	1.645030E-8	1.645030E-8	4.189025E-10	4.189025E-10
3.000000E-2	1.749680E-8	1.749680E-8	4.455513E-10	4.455513E-10
4.000000E-2	1.863990E-8	1.863990E-8	4.746600E-10	4.746600E-10
5.000000E-2	1.984520E-8	1.984520E-8	5.053527E-10	5.053527E-10
6.000000E-2	2.110760E-8	2.110760E-8	5.374994E-10	5.374994E-10
7.000000E-2	2.249040E-8	2.249040E-8	5.727120E-10	5.727120E-10
8.000000E-2	2.390410E-8	2.390410E-8	6.087115E-10	6.087115E-10
9.000000E-2	2.549980E-8	2.549980E-8	6.493455E-10	6.493455E-10
1.000000E-1	2.718800E-8	2.718800E-8	6.923351E-10	6.923351E-10
1.100000E-1	2.897590E-8	2.897590E-8	7.378635E-10	7.378635E-10
1.200000E-1	3.075990E-8	3.075990E-8	7.832926E-10	7.832926E-10
1.300000E-1	3.275240E-8	3.275240E-8	8.340311E-10	8.340311E-10
1.400000E-1	3.484970E-8	3.484970E-8	8.874382E-10	8.874382E-10
1.500000E-1	3.706020E-8	3.706020E-8	9.437280E-10	9.437280E-10
1.600000E-1	3.936990E-8	3.936990E-8	1.002544E-9	1.002544E-9
1.700000E-1	4.185900E-8	4.185900E-8	1.065928E-9	1.065928E-9
1.800000E-1	4.439240E-8	4.439240E-8	1.130441E-9	1.130441E-9
1.900000E-1	4.707360E-8	4.707360E-8	1.198717E-9	1.198717E-9
2.000000E-1	4.996390E-8	4.996390E-8	1.272317E-9	1.272317E-9
2.100000E-1	5.126810E-8	5.126810E-8	1.305528E-9	1.305528E-9
2.200000E-1	5.309340E-8	5.309340E-8	1.352009E-9	1.352009E-9
2.300000E-1	5.496630E-8	5.496630E-8	1.399702E-9	1.399702E-9
2.400000E-1	5.693410E-8	5.693410E-8	1.449812E-9	1.449812E-9
2.500000E-1	5.892710E-8	5.892710E-8	1.500563E-9	1.500563E-9
2.600000E-1	6.092930E-8	6.092930E-8	1.551548E-9	1.551548E-9
2.700000E-1	6.296740E-8	6.296740E-8	1.603448E-9	1.603448E-9
2.800000E-1	6.491150E-8	6.491150E-8	1.652954E-9	1.652954E-9
2.900000E-1	6.702000E-8	6.702000E-8	1.706646E-9	1.706646E-9
3.000000E-1	6.910790E-8	6.910790E-8	1.759814E-9	1.759814E-9
3.100000E-1	7.123960E-8	7.123960E-8	1.814097E-9	1.814097E-9
3.200000E-1	7.346750E-8	7.346750E-8	1.870830E-9	1.870830E-9
3.300000E-1	7.538440E-8	7.538440E-8	1.919643E-9	1.919643E-9
3.400000E-1	7.745930E-8	7.745930E-8	1.972480E-9	1.972480E-9
3.500000E-1	7.936190E-8	7.936190E-8	2.020929E-9	2.020929E-9
3.600000E-1	8.175340E-8	8.175340E-8	2.081828E-9	2.081828E-9
3.700000E-1	8.373740E-8	8.373740E-8	2.132350E-9	2.132350E-9
3.800000E-1	8.560220E-8	8.560220E-8	2.179837E-9	2.179837E-9
3.900000E-1	8.760010E-8	8.760010E-8	2.230713E-9	2.230713E-9
4.000000E-1	8.991680E-8	8.991680E-8	2.289707E-9	2.289707E-9
4.100000E-1	9.142750E-8	9.142750E-8	2.328177E-9	2.328177E-9
4.200000E-1	9.356030E-8	9.356030E-8	2.382488E-9	2.382488E-9
4.300000E-1	9.504260E-8	9.504260E-8	2.420234E-9	2.420234E-9
4.400000E-1	9.696160E-8	9.696160E-8	2.469101E-9	2.469101E-9
4.500000E-1	9.870180E-8	9.870180E-8	2.513415E-9	2.513415E-9
4.600000E-1	1.003920E-7	1.003920E-7	2.556455E-9	2.556455E-9
4.700000E-1	1.056000E-7	1.056000E-7	2.689076E-9	2.689076E-9
4.800000E-1	1.102870E-7	1.102870E-7	2.808429E-9	2.808429E-9
4.900000E-1	1.148080E-7	1.148080E-7	2.923555E-9	2.923555E-9
5.000000E-1	1.197370E-7	1.197370E-7	3.049071E-9	3.049071E-9
