

13:47:39	24/03/21


Ell Cont: 5,0x10,0

SMU1	V name:		V1
	I name:		I1
	Mode:		V
	Function:	VAR1
SMU2	V name:		V2
	I name:		I2
	Mode:		common
	Function:	const.
SMU3	off
SMU4	off
VMUs	off

Primary Source (VAR1):	single
	Sweep Spacing:	linear
	Start:		-0.500000
	Stop:		0.500000
	Step:		0.010000
	Compliance:	0.050000
Power Compliance OFF

Timing:		Integration Time:	medium
	Delay Time (sec):	0.000000
	Hold Time (sec):	0.000000
	Wait Time (sec):	1.000000

Secondary Source (VAR2):	OFF


   V1	   I1	Abs(I)	J (A\um²)	Abs(J)
-5.000000E-1	-1.358140E-7	1.358140E-7	-3.458467E-9	3.458467E-9
-4.900000E-1	-1.292880E-7	1.292880E-7	-3.292284E-9	3.292284E-9
-4.800000E-1	-1.274020E-7	1.274020E-7	-3.244258E-9	3.244258E-9
-4.700000E-1	-1.210810E-7	1.210810E-7	-3.083295E-9	3.083295E-9
-4.600000E-1	-1.147620E-7	1.147620E-7	-2.922383E-9	2.922383E-9
-4.500000E-1	-1.119000E-7	1.119000E-7	-2.849503E-9	2.849503E-9
-4.400000E-1	-9.913500E-8	9.913500E-8	-2.524446E-9	2.524446E-9
-4.300000E-1	-9.844050E-8	9.844050E-8	-2.506761E-9	2.506761E-9
-4.200000E-1	-9.353750E-8	9.353750E-8	-2.381907E-9	2.381907E-9
-4.100000E-1	-9.463140E-8	9.463140E-8	-2.409763E-9	2.409763E-9
-4.000000E-1	-9.270690E-8	9.270690E-8	-2.360756E-9	2.360756E-9
-3.900000E-1	-8.886530E-8	8.886530E-8	-2.262931E-9	2.262931E-9
-3.800000E-1	-8.798310E-8	8.798310E-8	-2.240466E-9	2.240466E-9
-3.700000E-1	-8.338850E-8	8.338850E-8	-2.123466E-9	2.123466E-9
-3.600000E-1	-7.973750E-8	7.973750E-8	-2.030494E-9	2.030494E-9
-3.500000E-1	-7.593720E-8	7.593720E-8	-1.933720E-9	1.933720E-9
-3.400000E-1	-7.953250E-8	7.953250E-8	-2.025274E-9	2.025274E-9
-3.300000E-1	-7.473440E-8	7.473440E-8	-1.903091E-9	1.903091E-9
-3.200000E-1	-7.466940E-8	7.466940E-8	-1.901436E-9	1.901436E-9
-3.100000E-1	-6.747250E-8	6.747250E-8	-1.718169E-9	1.718169E-9
-3.000000E-1	-6.268140E-8	6.268140E-8	-1.596165E-9	1.596165E-9
-2.900000E-1	-5.835830E-8	5.835830E-8	-1.486078E-9	1.486078E-9
-2.800000E-1	-5.774360E-8	5.774360E-8	-1.470425E-9	1.470425E-9
-2.700000E-1	-5.628250E-8	5.628250E-8	-1.433219E-9	1.433219E-9
-2.600000E-1	-4.777670E-8	4.777670E-8	-1.216621E-9	1.216621E-9
-2.500000E-1	-4.405760E-8	4.405760E-8	-1.121915E-9	1.121915E-9
-2.400000E-1	-4.169110E-8	4.169110E-8	-1.061653E-9	1.061653E-9
-2.300000E-1	-3.943690E-8	3.943690E-8	-1.004250E-9	1.004250E-9
-2.200000E-1	-3.719430E-8	3.719430E-8	-9.471428E-10	9.471428E-10
-2.100000E-1	-3.596800E-8	3.596800E-8	-9.159154E-10	9.159154E-10
-2.000000E-1	-3.007860E-8	3.007860E-8	-7.659435E-10	7.659435E-10
-1.900000E-1	-2.649540E-8	2.649540E-8	-6.746982E-10	6.746982E-10
-1.800000E-1	-2.674690E-8	2.674690E-8	-6.811026E-10	6.811026E-10
-1.700000E-1	-2.523810E-8	2.523810E-8	-6.426814E-10	6.426814E-10
-1.600000E-1	-2.367250E-8	2.367250E-8	-6.028138E-10	6.028138E-10
-1.500000E-1	-2.262170E-8	2.262170E-8	-5.760555E-10	5.760555E-10
-1.400000E-1	-2.052540E-8	2.052540E-8	-5.226738E-10	5.226738E-10
-1.300000E-1	-1.871260E-8	1.871260E-8	-4.765113E-10	4.765113E-10
-1.200000E-1	-1.597620E-8	1.597620E-8	-4.068296E-10	4.068296E-10
-1.100000E-1	-1.451710E-8	1.451710E-8	-3.696740E-10	3.696740E-10
-1.000000E-1	-1.363230E-8	1.363230E-8	-3.471429E-10	3.471429E-10
-9.000000E-2	-1.230870E-8	1.230870E-8	-3.134377E-10	3.134377E-10
-8.000000E-2	-1.081360E-8	1.081360E-8	-2.753654E-10	2.753654E-10
-7.000000E-2	-9.448810E-9	9.448810E-9	-2.406114E-10	2.406114E-10
-6.000000E-2	-7.883100E-9	7.883100E-9	-2.007410E-10	2.007410E-10
-5.000000E-2	-6.423180E-9	6.423180E-9	-1.635646E-10	1.635646E-10
-4.000000E-2	-5.056370E-9	5.056370E-9	-1.287591E-10	1.287591E-10
-3.000000E-2	-3.657910E-9	3.657910E-9	-9.314769E-11	9.314769E-11
-2.000000E-2	-2.415080E-9	2.415080E-9	-6.149936E-11	6.149936E-11
-1.000000E-2	-1.163670E-9	1.163670E-9	-2.963254E-11	2.963254E-11
0.000000E+0	9.453000E-11	9.453000E-11	2.407181E-12	2.407181E-12
1.000000E-2	1.543630E-9	1.543630E-9	3.930812E-11	3.930812E-11
2.000000E-2	3.018420E-9	3.018420E-9	7.686325E-11	7.686325E-11
3.000000E-2	4.699400E-9	4.699400E-9	1.196690E-10	1.196690E-10
4.000000E-2	6.014940E-9	6.014940E-9	1.531688E-10	1.531688E-10
5.000000E-2	7.761360E-9	7.761360E-9	1.976409E-10	1.976409E-10
6.000000E-2	9.217220E-9	9.217220E-9	2.347140E-10	2.347140E-10
7.000000E-2	1.097450E-8	1.097450E-8	2.794627E-10	2.794627E-10
8.000000E-2	1.305970E-8	1.305970E-8	3.325617E-10	3.325617E-10
9.000000E-2	1.439560E-8	1.439560E-8	3.665801E-10	3.665801E-10
1.000000E-1	1.627350E-8	1.627350E-8	4.144003E-10	4.144003E-10
1.100000E-1	1.892340E-8	1.892340E-8	4.818793E-10	4.818793E-10
1.200000E-1	2.112260E-8	2.112260E-8	5.378813E-10	5.378813E-10
1.300000E-1	2.276430E-8	2.276430E-8	5.796868E-10	5.796868E-10
1.400000E-1	2.506860E-8	2.506860E-8	6.383652E-10	6.383652E-10
1.500000E-1	2.684910E-8	2.684910E-8	6.837051E-10	6.837051E-10
1.600000E-1	2.947350E-8	2.947350E-8	7.505348E-10	7.505348E-10
1.700000E-1	3.207020E-8	3.207020E-8	8.166590E-10	8.166590E-10
1.800000E-1	3.112500E-8	3.112500E-8	7.925898E-10	7.925898E-10
1.900000E-1	3.411710E-8	3.411710E-8	8.687828E-10	8.687828E-10
2.000000E-1	3.593140E-8	3.593140E-8	9.149834E-10	9.149834E-10
2.100000E-1	3.840220E-8	3.840220E-8	9.779017E-10	9.779017E-10
2.200000E-1	4.118440E-8	4.118440E-8	1.048750E-9	1.048750E-9
2.300000E-1	4.151110E-8	4.151110E-8	1.057069E-9	1.057069E-9
2.400000E-1	4.355850E-8	4.355850E-8	1.109205E-9	1.109205E-9
2.500000E-1	4.911070E-8	4.911070E-8	1.250591E-9	1.250591E-9
2.600000E-1	4.839200E-8	4.839200E-8	1.232289E-9	1.232289E-9
2.700000E-1	5.072720E-8	5.072720E-8	1.291755E-9	1.291755E-9
2.800000E-1	5.508000E-8	5.508000E-8	1.402597E-9	1.402597E-9
2.900000E-1	5.834190E-8	5.834190E-8	1.485661E-9	1.485661E-9
3.000000E-1	6.087290E-8	6.087290E-8	1.550112E-9	1.550112E-9
3.100000E-1	6.334160E-8	6.334160E-8	1.612977E-9	1.612977E-9
3.200000E-1	6.527350E-8	6.527350E-8	1.662172E-9	1.662172E-9
3.300000E-1	6.843640E-8	6.843640E-8	1.742715E-9	1.742715E-9
3.400000E-1	7.300280E-8	7.300280E-8	1.858997E-9	1.858997E-9
3.500000E-1	8.615460E-8	8.615460E-8	2.193904E-9	2.193904E-9
3.600000E-1	8.331180E-8	8.331180E-8	2.121513E-9	2.121513E-9
3.700000E-1	8.858170E-8	8.858170E-8	2.255709E-9	2.255709E-9
3.800000E-1	9.373330E-8	9.373330E-8	2.386893E-9	2.386893E-9
3.900000E-1	9.632500E-8	9.632500E-8	2.452890E-9	2.452890E-9
4.000000E-1	1.001128E-7	1.001128E-7	2.549346E-9	2.549346E-9
4.100000E-1	1.033321E-7	1.033321E-7	2.631324E-9	2.631324E-9
4.200000E-1	1.085489E-7	1.085489E-7	2.764169E-9	2.764169E-9
4.300000E-1	1.165490E-7	1.165490E-7	2.967889E-9	2.967889E-9
4.400000E-1	1.147980E-7	1.147980E-7	2.923300E-9	2.923300E-9
4.500000E-1	1.257390E-7	1.257390E-7	3.201910E-9	3.201910E-9
4.600000E-1	1.317190E-7	1.317190E-7	3.354189E-9	3.354189E-9
4.700000E-1	1.334740E-7	1.334740E-7	3.398880E-9	3.398880E-9
4.800000E-1	1.354480E-7	1.354480E-7	3.449147E-9	3.449147E-9
4.900000E-1	1.389350E-7	1.389350E-7	3.537942E-9	3.537942E-9
5.000000E-1	1.447500E-7	1.447500E-7	3.686020E-9	3.686020E-9
