

13:44:16	24/03/21


Ell Cont: 5,0x10,0

SMU1	V name:		V1
	I name:		I1
	Mode:		V
	Function:	VAR1
SMU2	V name:		V2
	I name:		I2
	Mode:		common
	Function:	const.
SMU3	off
SMU4	off
VMUs	off

Primary Source (VAR1):	single
	Sweep Spacing:	linear
	Start:		-0.500000
	Stop:		0.500000
	Step:		0.010000
	Compliance:	0.050000
Power Compliance OFF

Timing:		Integration Time:	medium
	Delay Time (sec):	0.000000
	Hold Time (sec):	0.000000
	Wait Time (sec):	1.000000

Secondary Source (VAR2):	OFF


   V1	   I1	Abs(I)	J (A\µm²)	Abs(J)
-5.000000E-1	-2.954940E-9	2.954940E-9	-7.524675E-11	7.524675E-11
-4.900000E-1	-1.740240E-9	1.740240E-9	-4.431474E-11	4.431474E-11
-4.800000E-1	-6.259100E-10	6.259100E-10	-1.593863E-11	1.593863E-11
-4.700000E-1	5.853600E-10	5.853600E-10	1.490603E-11	1.490603E-11
-4.600000E-1	1.730530E-9	1.730530E-9	4.406748E-11	4.406748E-11
-4.500000E-1	2.271810E-9	2.271810E-9	5.785103E-11	5.785103E-11
-4.400000E-1	2.890790E-9	2.890790E-9	7.361319E-11	7.361319E-11
-4.300000E-1	3.342960E-9	3.342960E-9	8.512758E-11	8.512758E-11
-4.200000E-1	3.854220E-9	3.854220E-9	9.814668E-11	9.814668E-11
-4.100000E-1	4.427660E-9	4.427660E-9	1.127492E-10	1.127492E-10
-4.000000E-1	4.849570E-9	4.849570E-9	1.234930E-10	1.234930E-10
-3.900000E-1	5.301210E-9	5.301210E-9	1.349939E-10	1.349939E-10
-3.800000E-1	5.766440E-9	5.766440E-9	1.468408E-10	1.468408E-10
-3.700000E-1	6.069840E-9	6.069840E-9	1.545668E-10	1.545668E-10
-3.600000E-1	6.376170E-9	6.376170E-9	1.623675E-10	1.623675E-10
-3.500000E-1	6.784230E-9	6.784230E-9	1.727586E-10	1.727586E-10
-3.400000E-1	7.256200E-9	7.256200E-9	1.847772E-10	1.847772E-10
-3.300000E-1	8.265770E-9	8.265770E-9	2.104856E-10	2.104856E-10
-3.200000E-1	7.836300E-9	7.836300E-9	1.995493E-10	1.995493E-10
-3.100000E-1	8.782900E-9	8.782900E-9	2.236542E-10	2.236542E-10
-3.000000E-1	8.235630E-9	8.235630E-9	2.097181E-10	2.097181E-10
-2.900000E-1	9.446990E-9	9.446990E-9	2.405651E-10	2.405651E-10
-2.800000E-1	8.861420E-9	8.861420E-9	2.256537E-10	2.256537E-10
-2.700000E-1	9.373120E-9	9.373120E-9	2.386840E-10	2.386840E-10
-2.600000E-1	9.440990E-9	9.440990E-9	2.404123E-10	2.404123E-10
-2.500000E-1	9.475740E-9	9.475740E-9	2.412972E-10	2.412972E-10
-2.400000E-1	9.817680E-9	9.817680E-9	2.500046E-10	2.500046E-10
-2.300000E-1	9.789000E-9	9.789000E-9	2.492743E-10	2.492743E-10
-2.200000E-1	1.026680E-8	1.026680E-8	2.614413E-10	2.614413E-10
-2.100000E-1	1.050552E-8	1.050552E-8	2.675202E-10	2.675202E-10
-2.000000E-1	1.010020E-8	1.010020E-8	2.571989E-10	2.571989E-10
-1.900000E-1	1.055810E-8	1.055810E-8	2.688592E-10	2.688592E-10
-1.800000E-1	1.127240E-8	1.127240E-8	2.870486E-10	2.870486E-10
-1.700000E-1	1.156680E-8	1.156680E-8	2.945455E-10	2.945455E-10
-1.600000E-1	1.196710E-8	1.196710E-8	3.047390E-10	3.047390E-10
-1.500000E-1	1.270220E-8	1.270220E-8	3.234581E-10	3.234581E-10
-1.400000E-1	1.311220E-8	1.311220E-8	3.338986E-10	3.338986E-10
-1.300000E-1	1.320180E-8	1.320180E-8	3.361803E-10	3.361803E-10
-1.200000E-1	1.380760E-8	1.380760E-8	3.516068E-10	3.516068E-10
-1.100000E-1	1.452760E-8	1.452760E-8	3.699414E-10	3.699414E-10
-1.000000E-1	1.480500E-8	1.480500E-8	3.770053E-10	3.770053E-10
-9.000000E-2	1.544390E-8	1.544390E-8	3.932748E-10	3.932748E-10
-8.000000E-2	1.590040E-8	1.590040E-8	4.048994E-10	4.048994E-10
-7.000000E-2	1.618290E-8	1.618290E-8	4.120932E-10	4.120932E-10
-6.000000E-2	1.696790E-8	1.696790E-8	4.320830E-10	4.320830E-10
-5.000000E-2	1.712690E-8	1.712690E-8	4.361319E-10	4.361319E-10
-4.000000E-2	1.744280E-8	1.744280E-8	4.441762E-10	4.441762E-10
-3.000000E-2	1.833160E-8	1.833160E-8	4.668093E-10	4.668093E-10
-2.000000E-2	1.879310E-8	1.879310E-8	4.785612E-10	4.785612E-10
-1.000000E-2	1.926900E-8	1.926900E-8	4.906799E-10	4.906799E-10
0.000000E+0	1.997520E-8	1.997520E-8	5.086631E-10	5.086631E-10
1.000000E-2	2.003510E-8	2.003510E-8	5.101884E-10	5.101884E-10
2.000000E-2	2.088300E-8	2.088300E-8	5.317800E-10	5.317800E-10
3.000000E-2	2.171660E-8	2.171660E-8	5.530074E-10	5.530074E-10
4.000000E-2	2.198850E-8	2.198850E-8	5.599312E-10	5.599312E-10
5.000000E-2	2.284740E-8	2.284740E-8	5.818029E-10	5.818029E-10
6.000000E-2	2.355380E-8	2.355380E-8	5.997912E-10	5.997912E-10
7.000000E-2	2.395190E-8	2.395190E-8	6.099287E-10	6.099287E-10
8.000000E-2	2.447400E-8	2.447400E-8	6.232238E-10	6.232238E-10
9.000000E-2	2.527290E-8	2.527290E-8	6.435676E-10	6.435676E-10
1.000000E-1	2.629210E-8	2.629210E-8	6.695213E-10	6.695213E-10
1.100000E-1	2.664490E-8	2.664490E-8	6.785052E-10	6.785052E-10
1.200000E-1	2.769400E-8	2.769400E-8	7.052203E-10	7.052203E-10
1.300000E-1	2.842090E-8	2.842090E-8	7.237306E-10	7.237306E-10
1.400000E-1	2.907480E-8	2.907480E-8	7.403820E-10	7.403820E-10
1.500000E-1	2.961520E-8	2.961520E-8	7.541431E-10	7.541431E-10
1.600000E-1	3.078180E-8	3.078180E-8	7.838503E-10	7.838503E-10
1.700000E-1	3.118580E-8	3.118580E-8	7.941380E-10	7.941380E-10
1.800000E-1	3.232920E-8	3.232920E-8	8.232544E-10	8.232544E-10
1.900000E-1	3.351060E-8	3.351060E-8	8.533384E-10	8.533384E-10
2.000000E-1	3.437400E-8	3.437400E-8	8.753247E-10	8.753247E-10
2.100000E-1	3.508630E-8	3.508630E-8	8.934632E-10	8.934632E-10
2.200000E-1	3.548530E-8	3.548530E-8	9.036236E-10	9.036236E-10
2.300000E-1	3.686350E-8	3.686350E-8	9.387191E-10	9.387191E-10
2.400000E-1	3.782970E-8	3.782970E-8	9.633231E-10	9.633231E-10
2.500000E-1	3.876100E-8	3.876100E-8	9.870384E-10	9.870384E-10
2.600000E-1	3.999100E-8	3.999100E-8	1.018360E-9	1.018360E-9
2.700000E-1	4.097210E-8	4.097210E-8	1.043344E-9	1.043344E-9
2.800000E-1	4.137640E-8	4.137640E-8	1.053639E-9	1.053639E-9
2.900000E-1	4.267100E-8	4.267100E-8	1.086606E-9	1.086606E-9
3.000000E-1	4.331090E-8	4.331090E-8	1.102900E-9	1.102900E-9
3.100000E-1	4.508400E-8	4.508400E-8	1.148052E-9	1.148052E-9
3.200000E-1	4.625550E-8	4.625550E-8	1.177884E-9	1.177884E-9
3.300000E-1	4.691930E-8	4.691930E-8	1.194787E-9	1.194787E-9
3.400000E-1	4.832120E-8	4.832120E-8	1.230486E-9	1.230486E-9
3.500000E-1	5.004580E-8	5.004580E-8	1.274403E-9	1.274403E-9
3.600000E-1	5.090920E-8	5.090920E-8	1.296389E-9	1.296389E-9
3.700000E-1	5.161270E-8	5.161270E-8	1.314304E-9	1.314304E-9
3.800000E-1	5.244100E-8	5.244100E-8	1.335396E-9	1.335396E-9
3.900000E-1	5.435820E-8	5.435820E-8	1.384217E-9	1.384217E-9
4.000000E-1	5.548480E-8	5.548480E-8	1.412906E-9	1.412906E-9
4.100000E-1	5.697200E-8	5.697200E-8	1.450777E-9	1.450777E-9
4.200000E-1	5.787170E-8	5.787170E-8	1.473687E-9	1.473687E-9
4.300000E-1	6.005950E-8	6.005950E-8	1.529399E-9	1.529399E-9
4.400000E-1	6.103910E-8	6.103910E-8	1.554344E-9	1.554344E-9
4.500000E-1	6.164730E-8	6.164730E-8	1.569832E-9	1.569832E-9
4.600000E-1	6.320370E-8	6.320370E-8	1.609465E-9	1.609465E-9
4.700000E-1	6.447210E-8	6.447210E-8	1.641765E-9	1.641765E-9
4.800000E-1	6.640090E-8	6.640090E-8	1.690881E-9	1.690881E-9
4.900000E-1	6.728770E-8	6.728770E-8	1.713463E-9	1.713463E-9
5.000000E-1	6.901440E-8	6.901440E-8	1.757433E-9	1.757433E-9
