

13:43:41	24/03/21


Ell Cont: 5,0x10,0

SMU1	V name:		V1
	I name:		I1
	Mode:		V
	Function:	VAR1
SMU2	V name:		V2
	I name:		I2
	Mode:		common
	Function:	const.
SMU3	off
SMU4	off
VMUs	off

Primary Source (VAR1):	single
	Sweep Spacing:	linear
	Start:		-0.500000
	Stop:		0.500000
	Step:		0.010000
	Compliance:	0.050000
Power Compliance OFF

Timing:		Integration Time:	medium
	Delay Time (sec):	0.000000
	Hold Time (sec):	0.000000
	Wait Time (sec):	1.000000

Secondary Source (VAR2):	OFF


   V1	   I1	Abs(I)	J (A\um²)	Abs(J)
-5.000000E-1	-3.054640E-9	3.054640E-9	-7.778559E-11	7.778559E-11
-4.900000E-1	2.375400E-9	2.375400E-9	6.048892E-11	6.048892E-11
-4.800000E-1	4.102820E-9	4.102820E-9	1.044772E-10	1.044772E-10
-4.700000E-1	4.988860E-9	4.988860E-9	1.270400E-10	1.270400E-10
-4.600000E-1	5.595540E-9	5.595540E-9	1.424889E-10	1.424889E-10
-4.500000E-1	6.068830E-9	6.068830E-9	1.545411E-10	1.545411E-10
-4.400000E-1	6.468700E-9	6.468700E-9	1.647237E-10	1.647237E-10
-4.300000E-1	6.732250E-9	6.732250E-9	1.714349E-10	1.714349E-10
-4.200000E-1	7.131770E-9	7.131770E-9	1.816086E-10	1.816086E-10
-4.100000E-1	7.387780E-9	7.387780E-9	1.881278E-10	1.881278E-10
-4.000000E-1	7.735950E-9	7.735950E-9	1.969939E-10	1.969939E-10
-3.900000E-1	8.022920E-9	8.022920E-9	2.043015E-10	2.043015E-10
-3.800000E-1	8.325250E-9	8.325250E-9	2.120003E-10	2.120003E-10
-3.700000E-1	8.751450E-9	8.751450E-9	2.228533E-10	2.228533E-10
-3.600000E-1	8.986110E-9	8.986110E-9	2.288289E-10	2.288289E-10
-3.500000E-1	9.801000E-9	9.801000E-9	2.495798E-10	2.495798E-10
-3.400000E-1	1.620830E-8	1.620830E-8	4.127400E-10	4.127400E-10
-3.300000E-1	1.721230E-8	1.721230E-8	4.383066E-10	4.383066E-10
-3.200000E-1	1.784920E-8	1.784920E-8	4.545251E-10	4.545251E-10
-3.100000E-1	1.862980E-8	1.862980E-8	4.744028E-10	4.744028E-10
-3.000000E-1	1.936880E-8	1.936880E-8	4.932213E-10	4.932213E-10
-2.900000E-1	1.971330E-8	1.971330E-8	5.019939E-10	5.019939E-10
-2.800000E-1	2.057440E-8	2.057440E-8	5.239216E-10	5.239216E-10
-2.700000E-1	2.137240E-8	2.137240E-8	5.442424E-10	5.442424E-10
-2.600000E-1	2.223130E-8	2.223130E-8	5.661141E-10	5.661141E-10
-2.500000E-1	2.293810E-8	2.293810E-8	5.841125E-10	5.841125E-10
-2.400000E-1	2.378630E-8	2.378630E-8	6.057117E-10	6.057117E-10
-2.300000E-1	2.466670E-8	2.466670E-8	6.281309E-10	6.281309E-10
-2.200000E-1	2.573680E-8	2.573680E-8	6.553807E-10	6.553807E-10
-2.100000E-1	2.663500E-8	2.663500E-8	6.782531E-10	6.782531E-10
-2.000000E-1	2.769320E-8	2.769320E-8	7.051999E-10	7.051999E-10
-1.900000E-1	2.870590E-8	2.870590E-8	7.309880E-10	7.309880E-10
-1.800000E-1	2.989200E-8	2.989200E-8	7.611917E-10	7.611917E-10
-1.700000E-1	3.116620E-8	3.116620E-8	7.936389E-10	7.936389E-10
-1.600000E-1	3.239010E-8	3.239010E-8	8.248052E-10	8.248052E-10
-1.500000E-1	3.371610E-8	3.371610E-8	8.585714E-10	8.585714E-10
-1.400000E-1	3.528650E-8	3.528650E-8	8.985612E-10	8.985612E-10
-1.300000E-1	3.698030E-8	3.698030E-8	9.416934E-10	9.416934E-10
-1.200000E-1	3.853020E-8	3.853020E-8	9.811612E-10	9.811612E-10
-1.100000E-1	4.015940E-8	4.015940E-8	1.022648E-9	1.022648E-9
-1.000000E-1	4.200490E-8	4.200490E-8	1.069643E-9	1.069643E-9
-9.000000E-2	4.415770E-8	4.415770E-8	1.124464E-9	1.124464E-9
-8.000000E-2	4.620660E-8	4.620660E-8	1.176639E-9	1.176639E-9
-7.000000E-2	4.856800E-8	4.856800E-8	1.236771E-9	1.236771E-9
-6.000000E-2	5.086590E-8	5.086590E-8	1.295286E-9	1.295286E-9
-5.000000E-2	5.355570E-8	5.355570E-8	1.363781E-9	1.363781E-9
-4.000000E-2	5.615000E-8	5.615000E-8	1.429845E-9	1.429845E-9
-3.000000E-2	5.896420E-8	5.896420E-8	1.501507E-9	1.501507E-9
-2.000000E-2	6.186780E-8	6.186780E-8	1.575447E-9	1.575447E-9
-1.000000E-2	6.482880E-8	6.482880E-8	1.650848E-9	1.650848E-9
0.000000E+0	6.762980E-8	6.762980E-8	1.722175E-9	1.722175E-9
1.000000E-2	6.550100E-8	6.550100E-8	1.667965E-9	1.667965E-9
2.000000E-2	6.681270E-8	6.681270E-8	1.701367E-9	1.701367E-9
3.000000E-2	7.614170E-8	7.614170E-8	1.938928E-9	1.938928E-9
4.000000E-2	7.370050E-8	7.370050E-8	1.876763E-9	1.876763E-9
5.000000E-2	7.701240E-8	7.701240E-8	1.961100E-9	1.961100E-9
6.000000E-2	7.970650E-8	7.970650E-8	2.029705E-9	2.029705E-9
7.000000E-2	8.331660E-8	8.331660E-8	2.121635E-9	2.121635E-9
8.000000E-2	8.749070E-8	8.749070E-8	2.227927E-9	2.227927E-9
9.000000E-2	9.351890E-8	9.351890E-8	2.381434E-9	2.381434E-9
1.000000E-1	9.432000E-8	9.432000E-8	2.401833E-9	2.401833E-9
1.100000E-1	1.042210E-7	1.042210E-7	2.653960E-9	2.653960E-9
1.200000E-1	1.143290E-7	1.143290E-7	2.911357E-9	2.911357E-9
1.300000E-1	1.116980E-7	1.116980E-7	2.844360E-9	2.844360E-9
1.400000E-1	1.209990E-7	1.209990E-7	3.081207E-9	3.081207E-9
1.500000E-1	1.280250E-7	1.280250E-7	3.260122E-9	3.260122E-9
1.600000E-1	1.338360E-7	1.338360E-7	3.408098E-9	3.408098E-9
1.700000E-1	1.394020E-7	1.394020E-7	3.549834E-9	3.549834E-9
1.800000E-1	1.466870E-7	1.466870E-7	3.735345E-9	3.735345E-9
1.900000E-1	1.537170E-7	1.537170E-7	3.914362E-9	3.914362E-9
2.000000E-1	1.605580E-7	1.605580E-7	4.088566E-9	4.088566E-9
2.100000E-1	1.683870E-7	1.683870E-7	4.287930E-9	4.287930E-9
2.200000E-1	1.760520E-7	1.760520E-7	4.483117E-9	4.483117E-9
2.300000E-1	1.837680E-7	1.837680E-7	4.679603E-9	4.679603E-9
2.400000E-1	1.921940E-7	1.921940E-7	4.894169E-9	4.894169E-9
2.500000E-1	2.003660E-7	2.003660E-7	5.102266E-9	5.102266E-9
2.600000E-1	2.087230E-7	2.087230E-7	5.315075E-9	5.315075E-9
2.700000E-1	2.173990E-7	2.173990E-7	5.536007E-9	5.536007E-9
2.800000E-1	2.261870E-7	2.261870E-7	5.759791E-9	5.759791E-9
2.900000E-1	2.348370E-7	2.348370E-7	5.980061E-9	5.980061E-9
3.000000E-1	2.446990E-7	2.446990E-7	6.231194E-9	6.231194E-9
3.100000E-1	2.540990E-7	2.540990E-7	6.470563E-9	6.470563E-9
3.200000E-1	2.621480E-7	2.621480E-7	6.675528E-9	6.675528E-9
3.300000E-1	2.726340E-7	2.726340E-7	6.942551E-9	6.942551E-9
3.400000E-1	2.806300E-7	2.806300E-7	7.146167E-9	7.146167E-9
3.500000E-1	2.914580E-7	2.914580E-7	7.421900E-9	7.421900E-9
3.600000E-1	3.023920E-7	3.023920E-7	7.700331E-9	7.700331E-9
3.700000E-1	3.126130E-7	3.126130E-7	7.960606E-9	7.960606E-9
3.800000E-1	3.221190E-7	3.221190E-7	8.202674E-9	8.202674E-9
3.900000E-1	3.327540E-7	3.327540E-7	8.473491E-9	8.473491E-9
4.000000E-1	3.434760E-7	3.434760E-7	8.746524E-9	8.746524E-9
4.100000E-1	3.531960E-7	3.531960E-7	8.994041E-9	8.994041E-9
4.200000E-1	3.601090E-7	3.601090E-7	9.170079E-9	9.170079E-9
4.300000E-1	3.735790E-7	3.735790E-7	9.513089E-9	9.513089E-9
4.400000E-1	3.817560E-7	3.817560E-7	9.721314E-9	9.721314E-9
4.500000E-1	3.874600E-7	3.874600E-7	9.866565E-9	9.866565E-9
4.600000E-1	3.970800E-7	3.970800E-7	1.011154E-8	1.011154E-8
4.700000E-1	4.076580E-7	4.076580E-7	1.038090E-8	1.038090E-8
4.800000E-1	4.133780E-7	4.133780E-7	1.052656E-8	1.052656E-8
4.900000E-1	4.260680E-7	4.260680E-7	1.084971E-8	1.084971E-8
5.000000E-1	4.239330E-7	4.239330E-7	1.079534E-8	1.079534E-8
