

13:54:41	24/03/21


Ell Cont: 5,0x10,0

SMU1	V name:		V1
	I name:		I1
	Mode:		V
	Function:	VAR1
SMU2	V name:		V2
	I name:		I2
	Mode:		common
	Function:	const.
SMU3	off
SMU4	off
VMUs	off

Primary Source (VAR1):	single
	Sweep Spacing:	linear
	Start:		-0.500000
	Stop:		0.500000
	Step:		0.010000
	Compliance:	0.050000
Power Compliance OFF

Timing:		Integration Time:	medium
	Delay Time (sec):	0.000000
	Hold Time (sec):	0.000000
	Wait Time (sec):	1.000000

Secondary Source (VAR2):	OFF


   V1	   I1	Abs(I)	J (A\µm²)	Abs(J)
-5.000000E-1	-2.629310E-8	2.629310E-8	-6.695467E-10	6.695467E-10
-4.900000E-1	-1.481120E-8	1.481120E-8	-3.771632E-10	3.771632E-10
-4.800000E-1	-9.260000E-9	9.260000E-9	-2.358034E-10	2.358034E-10
-4.700000E-1	-3.716280E-9	3.716280E-9	-9.463407E-11	9.463407E-11
-4.600000E-1	-7.736800E-10	7.736800E-10	-1.970155E-11	1.970155E-11
-4.500000E-1	1.230450E-9	1.230450E-9	3.133308E-11	3.133308E-11
-4.400000E-1	2.725140E-9	2.725140E-9	6.939496E-11	6.939496E-11
-4.300000E-1	3.579560E-9	3.579560E-9	9.115253E-11	9.115253E-11
-4.200000E-1	4.881190E-9	4.881190E-9	1.242982E-10	1.242982E-10
-4.100000E-1	5.628470E-9	5.628470E-9	1.433275E-10	1.433275E-10
-4.000000E-1	6.063100E-9	6.063100E-9	1.543952E-10	1.543952E-10
-3.900000E-1	6.584410E-9	6.584410E-9	1.676702E-10	1.676702E-10
-3.800000E-1	7.004810E-9	7.004810E-9	1.783756E-10	1.783756E-10
-3.700000E-1	6.872350E-9	6.872350E-9	1.750025E-10	1.750025E-10
-3.600000E-1	8.170250E-9	8.170250E-9	2.080532E-10	2.080532E-10
-3.500000E-1	8.338640E-9	8.338640E-9	2.123412E-10	2.123412E-10
-3.400000E-1	8.714470E-9	8.714470E-9	2.219116E-10	2.219116E-10
-3.300000E-1	8.750230E-9	8.750230E-9	2.228223E-10	2.228223E-10
-3.200000E-1	7.465160E-9	7.465160E-9	1.900983E-10	1.900983E-10
-3.100000E-1	8.477590E-9	8.477590E-9	2.158795E-10	2.158795E-10
-3.000000E-1	9.036330E-9	9.036330E-9	2.301077E-10	2.301077E-10
-2.900000E-1	9.669340E-9	9.669340E-9	2.462271E-10	2.462271E-10
-2.800000E-1	8.020660E-9	8.020660E-9	2.042439E-10	2.042439E-10
-2.700000E-1	9.748860E-9	9.748860E-9	2.482521E-10	2.482521E-10
-2.600000E-1	7.071860E-9	7.071860E-9	1.800830E-10	1.800830E-10
-2.500000E-1	9.085820E-9	9.085820E-9	2.313680E-10	2.313680E-10
-2.400000E-1	8.373920E-9	8.373920E-9	2.132396E-10	2.132396E-10
-2.300000E-1	1.007247E-8	1.007247E-8	2.564927E-10	2.564927E-10
-2.200000E-1	9.241730E-9	9.241730E-9	2.353382E-10	2.353382E-10
-2.100000E-1	8.357500E-9	8.357500E-9	2.128215E-10	2.128215E-10
-2.000000E-1	1.030228E-8	1.030228E-8	2.623448E-10	2.623448E-10
-1.900000E-1	1.019610E-8	1.019610E-8	2.596409E-10	2.596409E-10
-1.800000E-1	1.179880E-8	1.179880E-8	3.004533E-10	3.004533E-10
-1.700000E-1	1.317070E-8	1.317070E-8	3.353883E-10	3.353883E-10
-1.600000E-1	1.441110E-8	1.441110E-8	3.669748E-10	3.669748E-10
-1.500000E-1	1.480370E-8	1.480370E-8	3.769722E-10	3.769722E-10
-1.400000E-1	1.570700E-8	1.570700E-8	3.999745E-10	3.999745E-10
-1.300000E-1	1.576120E-8	1.576120E-8	4.013547E-10	4.013547E-10
-1.200000E-1	1.683780E-8	1.683780E-8	4.287700E-10	4.287700E-10
-1.100000E-1	1.711190E-8	1.711190E-8	4.357499E-10	4.357499E-10
-1.000000E-1	1.752340E-8	1.752340E-8	4.462287E-10	4.462287E-10
-9.000000E-2	1.805580E-8	1.805580E-8	4.597861E-10	4.597861E-10
-8.000000E-2	1.875810E-8	1.875810E-8	4.776700E-10	4.776700E-10
-7.000000E-2	1.929560E-8	1.929560E-8	4.913573E-10	4.913573E-10
-6.000000E-2	1.969980E-8	1.969980E-8	5.016501E-10	5.016501E-10
-5.000000E-2	2.010690E-8	2.010690E-8	5.120168E-10	5.120168E-10
-4.000000E-2	2.088570E-8	2.088570E-8	5.318487E-10	5.318487E-10
-3.000000E-2	2.170050E-8	2.170050E-8	5.525974E-10	5.525974E-10
-2.000000E-2	2.272020E-8	2.272020E-8	5.785638E-10	5.785638E-10
-1.000000E-2	2.278550E-8	2.278550E-8	5.802266E-10	5.802266E-10
0.000000E+0	2.345820E-8	2.345820E-8	5.973568E-10	5.973568E-10
1.000000E-2	2.414280E-8	2.414280E-8	6.147899E-10	6.147899E-10
2.000000E-2	2.503770E-8	2.503770E-8	6.375783E-10	6.375783E-10
3.000000E-2	2.578340E-8	2.578340E-8	6.565673E-10	6.565673E-10
4.000000E-2	2.594200E-8	2.594200E-8	6.606061E-10	6.606061E-10
5.000000E-2	2.672000E-8	2.672000E-8	6.804176E-10	6.804176E-10
6.000000E-2	2.829080E-8	2.829080E-8	7.204176E-10	7.204176E-10
7.000000E-2	2.887000E-8	2.887000E-8	7.351668E-10	7.351668E-10
8.000000E-2	2.925930E-8	2.925930E-8	7.450802E-10	7.450802E-10
9.000000E-2	3.030660E-8	3.030660E-8	7.717494E-10	7.717494E-10
1.000000E-1	3.123140E-8	3.123140E-8	7.952992E-10	7.952992E-10
1.100000E-1	3.258380E-8	3.258380E-8	8.297377E-10	8.297377E-10
1.200000E-1	3.378710E-8	3.378710E-8	8.603794E-10	8.603794E-10
1.300000E-1	3.466600E-8	3.466600E-8	8.827604E-10	8.827604E-10
1.400000E-1	3.562970E-8	3.562970E-8	9.073007E-10	9.073007E-10
1.500000E-1	3.740660E-8	3.740660E-8	9.525490E-10	9.525490E-10
1.600000E-1	4.218910E-8	4.218910E-8	1.074334E-9	1.074334E-9
1.700000E-1	4.235800E-8	4.235800E-8	1.078635E-9	1.078635E-9
1.800000E-1	4.369880E-8	4.369880E-8	1.112778E-9	1.112778E-9
1.900000E-1	4.182160E-8	4.182160E-8	1.064976E-9	1.064976E-9
2.000000E-1	4.393950E-8	4.393950E-8	1.118908E-9	1.118908E-9
2.100000E-1	4.636350E-8	4.636350E-8	1.180634E-9	1.180634E-9
2.200000E-1	4.630840E-8	4.630840E-8	1.179231E-9	1.179231E-9
2.300000E-1	4.847900E-8	4.847900E-8	1.234505E-9	1.234505E-9
2.400000E-1	5.231680E-8	5.231680E-8	1.332233E-9	1.332233E-9
2.500000E-1	5.264160E-8	5.264160E-8	1.340504E-9	1.340504E-9
2.600000E-1	5.426930E-8	5.426930E-8	1.381953E-9	1.381953E-9
2.700000E-1	5.605080E-8	5.605080E-8	1.427319E-9	1.427319E-9
2.800000E-1	5.749030E-8	5.749030E-8	1.463975E-9	1.463975E-9
2.900000E-1	5.963290E-8	5.963290E-8	1.518536E-9	1.518536E-9
3.000000E-1	6.218400E-8	6.218400E-8	1.583499E-9	1.583499E-9
3.100000E-1	6.557090E-8	6.557090E-8	1.669745E-9	1.669745E-9
3.200000E-1	6.774550E-8	6.774550E-8	1.725121E-9	1.725121E-9
3.300000E-1	7.009830E-8	7.009830E-8	1.785034E-9	1.785034E-9
3.400000E-1	7.189840E-8	7.189840E-8	1.830873E-9	1.830873E-9
3.500000E-1	7.337350E-8	7.337350E-8	1.868436E-9	1.868436E-9
3.600000E-1	7.504480E-8	7.504480E-8	1.910996E-9	1.910996E-9
3.700000E-1	7.855290E-8	7.855290E-8	2.000328E-9	2.000328E-9
3.800000E-1	8.053230E-8	8.053230E-8	2.050733E-9	2.050733E-9
3.900000E-1	8.308160E-8	8.308160E-8	2.115651E-9	2.115651E-9
4.000000E-1	8.517710E-8	8.517710E-8	2.169012E-9	2.169012E-9
4.100000E-1	9.069360E-8	9.069360E-8	2.309488E-9	2.309488E-9
4.200000E-1	9.351160E-8	9.351160E-8	2.381248E-9	2.381248E-9
4.300000E-1	9.364840E-8	9.364840E-8	2.384731E-9	2.384731E-9
4.400000E-1	9.888720E-8	9.888720E-8	2.518136E-9	2.518136E-9
4.500000E-1	1.016416E-7	1.016416E-7	2.588276E-9	2.588276E-9
4.600000E-1	1.057218E-7	1.057218E-7	2.692177E-9	2.692177E-9
4.700000E-1	1.075190E-7	1.075190E-7	2.737942E-9	2.737942E-9
4.800000E-1	1.146040E-7	1.146040E-7	2.918360E-9	2.918360E-9
4.900000E-1	1.147200E-7	1.147200E-7	2.921314E-9	2.921314E-9
5.000000E-1	1.160870E-7	1.160870E-7	2.956124E-9	2.956124E-9
