

13:55:43	24/03/21


Ell Cont: 5,0x10,0

SMU1	V name:		V1
	I name:		I1
	Mode:		V
	Function:	VAR1
SMU2	V name:		V2
	I name:		I2
	Mode:		common
	Function:	const.
SMU3	off
SMU4	off
VMUs	off

Primary Source (VAR1):	single
	Sweep Spacing:	linear
	Start:		-0.500000
	Stop:		0.500000
	Step:		0.010000
	Compliance:	0.050000
Power Compliance OFF

Timing:		Integration Time:	medium
	Delay Time (sec):	0.000000
	Hold Time (sec):	0.000000
	Wait Time (sec):	1.000000

Secondary Source (VAR2):	OFF


   V1	   I1	Abs(I)	J (A\µm²)	Abs(J)
-5.000000E-1	5.223000E-10	5.223000E-10	1.330023E-11	1.330023E-11
-4.900000E-1	5.590700E-10	5.590700E-10	1.423657E-11	1.423657E-11
-4.800000E-1	6.049400E-10	6.049400E-10	1.540463E-11	1.540463E-11
-4.700000E-1	6.089300E-10	6.089300E-10	1.550624E-11	1.550624E-11
-4.600000E-1	6.590200E-10	6.590200E-10	1.678177E-11	1.678177E-11
-4.500000E-1	6.740400E-10	6.740400E-10	1.716425E-11	1.716425E-11
-4.400000E-1	7.124400E-10	7.124400E-10	1.814209E-11	1.814209E-11
-4.300000E-1	7.398500E-10	7.398500E-10	1.884008E-11	1.884008E-11
-4.200000E-1	7.732800E-10	7.732800E-10	1.969137E-11	1.969137E-11
-4.100000E-1	8.219100E-10	8.219100E-10	2.092972E-11	2.092972E-11
-4.000000E-1	8.369700E-10	8.369700E-10	2.131322E-11	2.131322E-11
-3.900000E-1	8.444300E-10	8.444300E-10	2.150318E-11	2.150318E-11
-3.800000E-1	8.897400E-10	8.897400E-10	2.265699E-11	2.265699E-11
-3.700000E-1	9.138300E-10	9.138300E-10	2.327044E-11	2.327044E-11
-3.600000E-1	9.647900E-10	9.647900E-10	2.456812E-11	2.456812E-11
-3.500000E-1	9.600600E-10	9.600600E-10	2.444767E-11	2.444767E-11
-3.400000E-1	9.800600E-10	9.800600E-10	2.495696E-11	2.495696E-11
-3.300000E-1	9.930500E-10	9.930500E-10	2.528775E-11	2.528775E-11
-3.200000E-1	1.052950E-9	1.052950E-9	2.681309E-11	2.681309E-11
-3.100000E-1	1.082160E-9	1.082160E-9	2.755691E-11	2.755691E-11
-3.000000E-1	1.089360E-9	1.089360E-9	2.774026E-11	2.774026E-11
-2.900000E-1	1.132960E-9	1.132960E-9	2.885052E-11	2.885052E-11
-2.800000E-1	1.137630E-9	1.137630E-9	2.896944E-11	2.896944E-11
-2.700000E-1	1.200940E-9	1.200940E-9	3.058161E-11	3.058161E-11
-2.600000E-1	1.227730E-9	1.227730E-9	3.126381E-11	3.126381E-11
-2.500000E-1	1.250730E-9	1.250730E-9	3.184950E-11	3.184950E-11
-2.400000E-1	1.278130E-9	1.278130E-9	3.254724E-11	3.254724E-11
-2.300000E-1	1.344820E-9	1.344820E-9	3.424548E-11	3.424548E-11
-2.200000E-1	1.363440E-9	1.363440E-9	3.471963E-11	3.471963E-11
-2.100000E-1	1.398180E-9	1.398180E-9	3.560428E-11	3.560428E-11
-2.000000E-1	1.409770E-9	1.409770E-9	3.589941E-11	3.589941E-11
-1.900000E-1	1.413880E-9	1.413880E-9	3.600407E-11	3.600407E-11
-1.800000E-1	1.487200E-9	1.487200E-9	3.787115E-11	3.787115E-11
-1.700000E-1	1.442590E-9	1.442590E-9	3.673517E-11	3.673517E-11
-1.600000E-1	1.458250E-9	1.458250E-9	3.713394E-11	3.713394E-11
-1.500000E-1	1.530530E-9	1.530530E-9	3.897453E-11	3.897453E-11
-1.400000E-1	1.558370E-9	1.558370E-9	3.968347E-11	3.968347E-11
-1.300000E-1	1.585630E-9	1.585630E-9	4.037764E-11	4.037764E-11
-1.200000E-1	1.650080E-9	1.650080E-9	4.201884E-11	4.201884E-11
-1.100000E-1	1.667920E-9	1.667920E-9	4.247313E-11	4.247313E-11
-1.000000E-1	1.632420E-9	1.632420E-9	4.156914E-11	4.156914E-11
-9.000000E-2	1.681680E-9	1.681680E-9	4.282353E-11	4.282353E-11
-8.000000E-2	1.745210E-9	1.745210E-9	4.444130E-11	4.444130E-11
-7.000000E-2	1.770120E-9	1.770120E-9	4.507563E-11	4.507563E-11
-6.000000E-2	1.725690E-9	1.725690E-9	4.394423E-11	4.394423E-11
-5.000000E-2	1.738450E-9	1.738450E-9	4.426916E-11	4.426916E-11
-4.000000E-2	1.721440E-9	1.721440E-9	4.383601E-11	4.383601E-11
-3.000000E-2	1.760340E-9	1.760340E-9	4.482658E-11	4.482658E-11
-2.000000E-2	1.819100E-9	1.819100E-9	4.632289E-11	4.632289E-11
-1.000000E-2	1.850860E-9	1.850860E-9	4.713165E-11	4.713165E-11
0.000000E+0	1.932520E-9	1.932520E-9	4.921110E-11	4.921110E-11
1.000000E-2	1.932990E-9	1.932990E-9	4.922307E-11	4.922307E-11
2.000000E-2	1.999310E-9	1.999310E-9	5.091189E-11	5.091189E-11
3.000000E-2	2.033330E-9	2.033330E-9	5.177820E-11	5.177820E-11
4.000000E-2	2.069860E-9	2.069860E-9	5.270843E-11	5.270843E-11
5.000000E-2	2.090690E-9	2.090690E-9	5.323886E-11	5.323886E-11
6.000000E-2	2.135710E-9	2.135710E-9	5.438528E-11	5.438528E-11
7.000000E-2	2.182230E-9	2.182230E-9	5.556990E-11	5.556990E-11
8.000000E-2	2.208530E-9	2.208530E-9	5.623962E-11	5.623962E-11
9.000000E-2	2.209010E-9	2.209010E-9	5.625185E-11	5.625185E-11
1.000000E-1	2.207520E-9	2.207520E-9	5.621390E-11	5.621390E-11
1.100000E-1	2.269840E-9	2.269840E-9	5.780087E-11	5.780087E-11
1.200000E-1	2.351210E-9	2.351210E-9	5.987293E-11	5.987293E-11
1.300000E-1	2.357350E-9	2.357350E-9	6.002928E-11	6.002928E-11
1.400000E-1	2.397130E-9	2.397130E-9	6.104227E-11	6.104227E-11
1.500000E-1	2.497490E-9	2.497490E-9	6.359791E-11	6.359791E-11
1.600000E-1	2.522750E-9	2.522750E-9	6.424115E-11	6.424115E-11
1.700000E-1	2.609340E-9	2.609340E-9	6.644614E-11	6.644614E-11
1.800000E-1	2.582070E-9	2.582070E-9	6.575172E-11	6.575172E-11
1.900000E-1	2.638880E-9	2.638880E-9	6.719837E-11	6.719837E-11
2.000000E-1	2.631870E-9	2.631870E-9	6.701986E-11	6.701986E-11
2.100000E-1	2.816380E-9	2.816380E-9	7.171836E-11	7.171836E-11
2.200000E-1	2.808710E-9	2.808710E-9	7.152304E-11	7.152304E-11
2.300000E-1	2.917730E-9	2.917730E-9	7.429921E-11	7.429921E-11
2.400000E-1	2.888570E-9	2.888570E-9	7.355666E-11	7.355666E-11
2.500000E-1	2.896600E-9	2.896600E-9	7.376114E-11	7.376114E-11
2.600000E-1	2.945450E-9	2.945450E-9	7.500509E-11	7.500509E-11
2.700000E-1	2.999170E-9	2.999170E-9	7.637306E-11	7.637306E-11
2.800000E-1	3.000530E-9	3.000530E-9	7.640769E-11	7.640769E-11
2.900000E-1	3.012480E-9	3.012480E-9	7.671199E-11	7.671199E-11
3.000000E-1	2.996350E-9	2.996350E-9	7.630125E-11	7.630125E-11
3.100000E-1	3.042960E-9	3.042960E-9	7.748816E-11	7.748816E-11
3.200000E-1	3.157250E-9	3.157250E-9	8.039852E-11	8.039852E-11
3.300000E-1	3.127370E-9	3.127370E-9	7.963764E-11	7.963764E-11
3.400000E-1	3.178750E-9	3.178750E-9	8.094601E-11	8.094601E-11
3.500000E-1	3.224940E-9	3.224940E-9	8.212223E-11	8.212223E-11
3.600000E-1	3.172730E-9	3.172730E-9	8.079272E-11	8.079272E-11
3.700000E-1	3.217590E-9	3.217590E-9	8.193506E-11	8.193506E-11
3.800000E-1	3.239950E-9	3.239950E-9	8.250446E-11	8.250446E-11
3.900000E-1	3.271530E-9	3.271530E-9	8.330863E-11	8.330863E-11
4.000000E-1	3.340710E-9	3.340710E-9	8.507028E-11	8.507028E-11
4.100000E-1	3.361980E-9	3.361980E-9	8.561192E-11	8.561192E-11
4.200000E-1	3.401430E-9	3.401430E-9	8.661650E-11	8.661650E-11
4.300000E-1	3.417720E-9	3.417720E-9	8.703132E-11	8.703132E-11
4.400000E-1	3.471110E-9	3.471110E-9	8.839088E-11	8.839088E-11
4.500000E-1	3.518450E-9	3.518450E-9	8.959638E-11	8.959638E-11
4.600000E-1	3.657350E-9	3.657350E-9	9.313343E-11	9.313343E-11
4.700000E-1	3.801260E-9	3.801260E-9	9.679806E-11	9.679806E-11
4.800000E-1	3.885560E-9	3.885560E-9	9.894474E-11	9.894474E-11
4.900000E-1	3.965440E-9	3.965440E-9	1.009789E-10	1.009789E-10
5.000000E-1	3.930120E-9	3.930120E-9	1.000794E-10	1.000794E-10
