

13:49:25	24/03/21


Ell Cont: 5,0x10,0

SMU1	V name:		V1
	I name:		I1
	Mode:		V
	Function:	VAR1
SMU2	V name:		V2
	I name:		I2
	Mode:		common
	Function:	const.
SMU3	off
SMU4	off
VMUs	off

Primary Source (VAR1):	single
	Sweep Spacing:	linear
	Start:		-0.500000
	Stop:		0.500000
	Step:		0.010000
	Compliance:	0.050000
Power Compliance OFF

Timing:		Integration Time:	medium
	Delay Time (sec):	0.000000
	Hold Time (sec):	0.000000
	Wait Time (sec):	1.000000

Secondary Source (VAR2):	OFF


   V1	   I1	Abs(I)	J (A\um²)	Abs(J)
-5.000000E-1	-4.292800E-9	4.292800E-9	-1.093150E-10	1.093150E-10
-4.900000E-1	-8.717100E-10	8.717100E-10	-2.219786E-11	2.219786E-11
-4.800000E-1	4.229400E-10	4.229400E-10	1.077005E-11	1.077005E-11
-4.700000E-1	1.086740E-9	1.086740E-9	2.767354E-11	2.767354E-11
-4.600000E-1	1.409060E-9	1.409060E-9	3.588133E-11	3.588133E-11
-4.500000E-1	1.698890E-9	1.698890E-9	4.326178E-11	4.326178E-11
-4.400000E-1	1.905400E-9	1.905400E-9	4.852050E-11	4.852050E-11
-4.300000E-1	2.092970E-9	2.092970E-9	5.329692E-11	5.329692E-11
-4.200000E-1	2.271480E-9	2.271480E-9	5.784263E-11	5.784263E-11
-4.100000E-1	2.439170E-9	2.439170E-9	6.211281E-11	6.211281E-11
-4.000000E-1	2.580130E-9	2.580130E-9	6.570232E-11	6.570232E-11
-3.900000E-1	2.726870E-9	2.726870E-9	6.943901E-11	6.943901E-11
-3.800000E-1	2.875270E-9	2.875270E-9	7.321798E-11	7.321798E-11
-3.700000E-1	3.013280E-9	3.013280E-9	7.673236E-11	7.673236E-11
-3.600000E-1	3.147430E-9	3.147430E-9	8.014846E-11	8.014846E-11
-3.500000E-1	3.289620E-9	3.289620E-9	8.376929E-11	8.376929E-11
-3.400000E-1	3.430800E-9	3.430800E-9	8.736440E-11	8.736440E-11
-3.300000E-1	3.582010E-9	3.582010E-9	9.121492E-11	9.121492E-11
-3.200000E-1	3.746970E-9	3.746970E-9	9.541558E-11	9.541558E-11
-3.100000E-1	3.900370E-9	3.900370E-9	9.932187E-11	9.932187E-11
-3.000000E-1	4.058440E-9	4.058440E-9	1.033471E-10	1.033471E-10
-2.900000E-1	4.212810E-9	4.212810E-9	1.072781E-10	1.072781E-10
-2.800000E-1	4.408280E-9	4.408280E-9	1.122557E-10	1.122557E-10
-2.700000E-1	4.576460E-9	4.576460E-9	1.165383E-10	1.165383E-10
-2.600000E-1	4.778600E-9	4.778600E-9	1.216858E-10	1.216858E-10
-2.500000E-1	4.994210E-9	4.994210E-9	1.271762E-10	1.271762E-10
-2.400000E-1	5.216500E-9	5.216500E-9	1.328368E-10	1.328368E-10
-2.300000E-1	5.442620E-9	5.442620E-9	1.385949E-10	1.385949E-10
-2.200000E-1	5.675670E-9	5.675670E-9	1.445294E-10	1.445294E-10
-2.100000E-1	5.925340E-9	5.925340E-9	1.508872E-10	1.508872E-10
-2.000000E-1	6.191830E-9	6.191830E-9	1.576733E-10	1.576733E-10
-1.900000E-1	6.452940E-9	6.452940E-9	1.643224E-10	1.643224E-10
-1.800000E-1	6.757460E-9	6.757460E-9	1.720769E-10	1.720769E-10
-1.700000E-1	7.055280E-9	7.055280E-9	1.796608E-10	1.796608E-10
-1.600000E-1	7.416600E-9	7.416600E-9	1.888617E-10	1.888617E-10
-1.500000E-1	7.733830E-9	7.733830E-9	1.969399E-10	1.969399E-10
-1.400000E-1	8.142760E-9	8.142760E-9	2.073532E-10	2.073532E-10
-1.300000E-1	8.522650E-9	8.522650E-9	2.170270E-10	2.170270E-10
-1.200000E-1	8.917830E-9	8.917830E-9	2.270901E-10	2.270901E-10
-1.100000E-1	9.347700E-9	9.347700E-9	2.380367E-10	2.380367E-10
-1.000000E-1	9.956400E-9	9.956400E-9	2.535370E-10	2.535370E-10
-9.000000E-2	1.050380E-8	1.050380E-8	2.674764E-10	2.674764E-10
-8.000000E-2	1.111170E-8	1.111170E-8	2.829565E-10	2.829565E-10
-7.000000E-2	1.174080E-8	1.174080E-8	2.989763E-10	2.989763E-10
-6.000000E-2	1.240280E-8	1.240280E-8	3.158340E-10	3.158340E-10
-5.000000E-2	1.309940E-8	1.309940E-8	3.335727E-10	3.335727E-10
-4.000000E-2	1.385880E-8	1.385880E-8	3.529106E-10	3.529106E-10
-3.000000E-2	1.460990E-8	1.460990E-8	3.720372E-10	3.720372E-10
-2.000000E-2	1.551070E-8	1.551070E-8	3.949758E-10	3.949758E-10
-1.000000E-2	1.636780E-8	1.636780E-8	4.168016E-10	4.168016E-10
0.000000E+0	1.732300E-8	1.732300E-8	4.411255E-10	4.411255E-10
1.000000E-2	1.833130E-8	1.833130E-8	4.668016E-10	4.668016E-10
2.000000E-2	1.940000E-8	1.940000E-8	4.940158E-10	4.940158E-10
3.000000E-2	2.052400E-8	2.052400E-8	5.226381E-10	5.226381E-10
4.000000E-2	2.173150E-8	2.173150E-8	5.533868E-10	5.533868E-10
5.000000E-2	2.301100E-8	2.301100E-8	5.859689E-10	5.859689E-10
6.000000E-2	2.435310E-8	2.435310E-8	6.201451E-10	6.201451E-10
7.000000E-2	2.577960E-8	2.577960E-8	6.564706E-10	6.564706E-10
8.000000E-2	2.727870E-8	2.727870E-8	6.946448E-10	6.946448E-10
9.000000E-2	2.886510E-8	2.886510E-8	7.350420E-10	7.350420E-10
1.000000E-1	3.052350E-8	3.052350E-8	7.772727E-10	7.772727E-10
1.100000E-1	3.227770E-8	3.227770E-8	8.219429E-10	8.219429E-10
1.200000E-1	3.410640E-8	3.410640E-8	8.685103E-10	8.685103E-10
1.300000E-1	3.604240E-8	3.604240E-8	9.178100E-10	9.178100E-10
1.400000E-1	3.806110E-8	3.806110E-8	9.692157E-10	9.692157E-10
1.500000E-1	4.019510E-8	4.019510E-8	1.023557E-9	1.023557E-9
1.600000E-1	4.242190E-8	4.242190E-8	1.080262E-9	1.080262E-9
1.700000E-1	4.471760E-8	4.471760E-8	1.138722E-9	1.138722E-9
1.800000E-1	4.713470E-8	4.713470E-8	1.200272E-9	1.200272E-9
1.900000E-1	4.961330E-8	4.961330E-8	1.263389E-9	1.263389E-9
2.000000E-1	5.223420E-8	5.223420E-8	1.330130E-9	1.330130E-9
2.100000E-1	5.491450E-8	5.491450E-8	1.398383E-9	1.398383E-9
2.200000E-1	5.773310E-8	5.773310E-8	1.470158E-9	1.470158E-9
2.300000E-1	6.061130E-8	6.061130E-8	1.543450E-9	1.543450E-9
2.400000E-1	6.361950E-8	6.361950E-8	1.620053E-9	1.620053E-9
2.500000E-1	6.667510E-8	6.667510E-8	1.697863E-9	1.697863E-9
2.600000E-1	6.983810E-8	6.983810E-8	1.778408E-9	1.778408E-9
2.700000E-1	7.312920E-8	7.312920E-8	1.862215E-9	1.862215E-9
2.800000E-1	7.641880E-8	7.641880E-8	1.945984E-9	1.945984E-9
2.900000E-1	7.981940E-8	7.981940E-8	2.032580E-9	2.032580E-9
3.000000E-1	8.320920E-8	8.320920E-8	2.118900E-9	2.118900E-9
3.100000E-1	8.666800E-8	8.666800E-8	2.206977E-9	2.206977E-9
3.200000E-1	9.016100E-8	9.016100E-8	2.295926E-9	2.295926E-9
3.300000E-1	9.371430E-8	9.371430E-8	2.386409E-9	2.386409E-9
3.400000E-1	9.722260E-8	9.722260E-8	2.475747E-9	2.475747E-9
3.500000E-1	1.009920E-7	1.009920E-7	2.571734E-9	2.571734E-9
3.600000E-1	1.069400E-7	1.069400E-7	2.723198E-9	2.723198E-9
3.700000E-1	1.125780E-7	1.125780E-7	2.866768E-9	2.866768E-9
3.800000E-1	1.185490E-7	1.185490E-7	3.018818E-9	3.018818E-9
3.900000E-1	1.247860E-7	1.247860E-7	3.177642E-9	3.177642E-9
4.000000E-1	1.313570E-7	1.313570E-7	3.344971E-9	3.344971E-9
4.100000E-1	1.381330E-7	1.381330E-7	3.517520E-9	3.517520E-9
4.200000E-1	1.452220E-7	1.452220E-7	3.698039E-9	3.698039E-9
4.300000E-1	1.524500E-7	1.524500E-7	3.882098E-9	3.882098E-9
4.400000E-1	1.600040E-7	1.600040E-7	4.074459E-9	4.074459E-9
4.500000E-1	1.676690E-7	1.676690E-7	4.269646E-9	4.269646E-9
4.600000E-1	1.756100E-7	1.756100E-7	4.471861E-9	4.471861E-9
4.700000E-1	1.836490E-7	1.836490E-7	4.676572E-9	4.676572E-9
4.800000E-1	1.919180E-7	1.919180E-7	4.887140E-9	4.887140E-9
4.900000E-1	2.003060E-7	2.003060E-7	5.100738E-9	5.100738E-9
5.000000E-1	2.087160E-7	2.087160E-7	5.314897E-9	5.314897E-9
