

14:22:42	19/03/21


Ell Cont: 5,0x10,0

SMU1	V name:		V1
	I name:		I1
	Mode:		V
	Function:	VAR1
SMU2	V name:		V2
	I name:		I2
	Mode:		common
	Function:	const.
SMU3	off
SMU4	off
VMUs	off

Primary Source (VAR1):	single
	Sweep Spacing:	linear
	Start:		-0.500000
	Stop:		0.500000
	Step:		0.010000
	Compliance:	0.050000
Power Compliance OFF

Timing:		Integration Time:	medium
	Delay Time (sec):	0.000000
	Hold Time (sec):	0.000000
	Wait Time (sec):	1.000000

Secondary Source (VAR2):	OFF


   V1	   I1	Abs(I)	J (A\µm²)	Abs(J)
-5.000000E-1	-8.223180E-3	8.223180E-3	-2.094011E-4	2.094011E-4
-4.900000E-1	-8.297890E-3	8.297890E-3	-2.113035E-4	2.113035E-4
-4.800000E-1	-8.166810E-3	8.166810E-3	-2.079656E-4	2.079656E-4
-4.700000E-1	-8.051510E-3	8.051510E-3	-2.050295E-4	2.050295E-4
-4.600000E-1	-7.897120E-3	7.897120E-3	-2.010980E-4	2.010980E-4
-4.500000E-1	-7.722660E-3	7.722660E-3	-1.966555E-4	1.966555E-4
-4.400000E-1	-7.596510E-3	7.596510E-3	-1.934431E-4	1.934431E-4
-4.300000E-1	-7.464160E-3	7.464160E-3	-1.900728E-4	1.900728E-4
-4.200000E-1	-7.312930E-3	7.312930E-3	-1.862218E-4	1.862218E-4
-4.100000E-1	-7.166500E-3	7.166500E-3	-1.824930E-4	1.824930E-4
-4.000000E-1	-7.004830E-3	7.004830E-3	-1.783761E-4	1.783761E-4
-3.900000E-1	-6.851140E-3	6.851140E-3	-1.744624E-4	1.744624E-4
-3.800000E-1	-6.711560E-3	6.711560E-3	-1.709081E-4	1.709081E-4
-3.700000E-1	-6.552570E-3	6.552570E-3	-1.668594E-4	1.668594E-4
-3.600000E-1	-6.396850E-3	6.396850E-3	-1.628941E-4	1.628941E-4
-3.500000E-1	-6.232430E-3	6.232430E-3	-1.587072E-4	1.587072E-4
-3.400000E-1	-6.065540E-3	6.065540E-3	-1.544573E-4	1.544573E-4
-3.300000E-1	-5.880880E-3	5.880880E-3	-1.497550E-4	1.497550E-4
-3.200000E-1	-5.689200E-3	5.689200E-3	-1.448739E-4	1.448739E-4
-3.100000E-1	-5.480730E-3	5.480730E-3	-1.395653E-4	1.395653E-4
-3.000000E-1	-5.257080E-3	5.257080E-3	-1.338701E-4	1.338701E-4
-2.900000E-1	-5.075050E-3	5.075050E-3	-1.292348E-4	1.292348E-4
-2.800000E-1	-4.915990E-3	4.915990E-3	-1.251844E-4	1.251844E-4
-2.700000E-1	-4.759960E-3	4.759960E-3	-1.212111E-4	1.212111E-4
-2.600000E-1	-4.596030E-3	4.596030E-3	-1.170367E-4	1.170367E-4
-2.500000E-1	-4.441290E-3	4.441290E-3	-1.130963E-4	1.130963E-4
-2.400000E-1	-4.271650E-3	4.271650E-3	-1.087764E-4	1.087764E-4
-2.300000E-1	-4.107100E-3	4.107100E-3	-1.045862E-4	1.045862E-4
-2.200000E-1	-3.941720E-3	3.941720E-3	-1.003748E-4	1.003748E-4
-2.100000E-1	-3.774500E-3	3.774500E-3	-9.611663E-5	9.611663E-5
-2.000000E-1	-3.600990E-3	3.600990E-3	-9.169824E-5	9.169824E-5
-1.900000E-1	-3.437860E-3	3.437860E-3	-8.754418E-5	8.754418E-5
-1.800000E-1	-3.267750E-3	3.267750E-3	-8.321237E-5	8.321237E-5
-1.700000E-1	-3.098670E-3	3.098670E-3	-7.890680E-5	7.890680E-5
-1.600000E-1	-2.918660E-3	2.918660E-3	-7.432289E-5	7.432289E-5
-1.500000E-1	-2.742080E-3	2.742080E-3	-6.982633E-5	6.982633E-5
-1.400000E-1	-2.569150E-3	2.569150E-3	-6.542271E-5	6.542271E-5
-1.300000E-1	-2.390920E-3	2.390920E-3	-6.088413E-5	6.088413E-5
-1.200000E-1	-2.213040E-3	2.213040E-3	-5.635447E-5	5.635447E-5
-1.100000E-1	-2.035480E-3	2.035480E-3	-5.183295E-5	5.183295E-5
-1.000000E-1	-1.857070E-3	1.857070E-3	-4.728979E-5	4.728979E-5
-9.000000E-2	-1.670780E-3	1.670780E-3	-4.254596E-5	4.254596E-5
-8.000000E-2	-1.486230E-3	1.486230E-3	-3.784645E-5	3.784645E-5
-7.000000E-2	-1.298090E-3	1.298090E-3	-3.305551E-5	3.305551E-5
-6.000000E-2	-1.116580E-3	1.116580E-3	-2.843341E-5	2.843341E-5
-5.000000E-2	-9.325130E-4	9.325130E-4	-2.374619E-5	2.374619E-5
-4.000000E-2	-7.491560E-4	7.491560E-4	-1.907706E-5	1.907706E-5
-3.000000E-2	-5.648120E-4	5.648120E-4	-1.438279E-5	1.438279E-5
-2.000000E-2	-3.766500E-4	3.766500E-4	-9.591291E-6	9.591291E-6
-1.000000E-2	-1.893920E-4	1.893920E-4	-4.822816E-6	4.822816E-6
0.000000E+0	-9.677200E-7	9.677200E-7	-2.464273E-8	2.464273E-8
1.000000E-2	1.860920E-4	1.860920E-4	4.738783E-6	4.738783E-6
2.000000E-2	3.742980E-4	3.742980E-4	9.531398E-6	9.531398E-6
3.000000E-2	5.590500E-4	5.590500E-4	1.423606E-5	1.423606E-5
4.000000E-2	7.469000E-4	7.469000E-4	1.901961E-5	1.901961E-5
5.000000E-2	9.377870E-4	9.377870E-4	2.388049E-5	2.388049E-5
6.000000E-2	1.125624E-3	1.125624E-3	2.866371E-5	2.866371E-5
7.000000E-2	1.313300E-3	1.313300E-3	3.344283E-5	3.344283E-5
8.000000E-2	1.504060E-3	1.504060E-3	3.830048E-5	3.830048E-5
9.000000E-2	1.700820E-3	1.700820E-3	4.331092E-5	4.331092E-5
1.000000E-1	1.897760E-3	1.897760E-3	4.832595E-5	4.832595E-5
1.100000E-1	2.088050E-3	2.088050E-3	5.317163E-5	5.317163E-5
1.200000E-1	2.274660E-3	2.274660E-3	5.792361E-5	5.792361E-5
1.300000E-1	2.461200E-3	2.461200E-3	6.267380E-5	6.267380E-5
1.400000E-1	2.641280E-3	2.641280E-3	6.725948E-5	6.725948E-5
1.500000E-1	2.824480E-3	2.824480E-3	7.192462E-5	7.192462E-5
1.600000E-1	3.004530E-3	3.004530E-3	7.650955E-5	7.650955E-5
1.700000E-1	3.181250E-3	3.181250E-3	8.100968E-5	8.100968E-5
1.800000E-1	3.351000E-3	3.351000E-3	8.533231E-5	8.533231E-5
1.900000E-1	3.518490E-3	3.518490E-3	8.959740E-5	8.959740E-5
2.000000E-1	3.660120E-3	3.660120E-3	9.320397E-5	9.320397E-5
2.100000E-1	3.781040E-3	3.781040E-3	9.628317E-5	9.628317E-5
2.200000E-1	3.904510E-3	3.904510E-3	9.942730E-5	9.942730E-5
2.300000E-1	4.062230E-3	4.062230E-3	1.034436E-4	1.034436E-4
2.400000E-1	4.231400E-3	4.231400E-3	1.077515E-4	1.077515E-4
2.500000E-1	4.389270E-3	4.389270E-3	1.117716E-4	1.117716E-4
2.600000E-1	4.561640E-3	4.561640E-3	1.161609E-4	1.161609E-4
2.700000E-1	4.738020E-3	4.738020E-3	1.206524E-4	1.206524E-4
2.800000E-1	4.886860E-3	4.886860E-3	1.244426E-4	1.244426E-4
2.900000E-1	5.046030E-3	5.046030E-3	1.284958E-4	1.284958E-4
3.000000E-1	5.192280E-3	5.192280E-3	1.322200E-4	1.322200E-4
3.100000E-1	5.327470E-3	5.327470E-3	1.356626E-4	1.356626E-4
3.200000E-1	5.464290E-3	5.464290E-3	1.391467E-4	1.391467E-4
3.300000E-1	5.603890E-3	5.603890E-3	1.427016E-4	1.427016E-4
3.400000E-1	5.732920E-3	5.732920E-3	1.459873E-4	1.459873E-4
3.500000E-1	5.852620E-3	5.852620E-3	1.490354E-4	1.490354E-4
3.600000E-1	5.994290E-3	5.994290E-3	1.526430E-4	1.526430E-4
3.700000E-1	6.132190E-3	6.132190E-3	1.561546E-4	1.561546E-4
3.800000E-1	6.293540E-3	6.293540E-3	1.602633E-4	1.602633E-4
3.900000E-1	6.441230E-3	6.441230E-3	1.640242E-4	1.640242E-4
4.000000E-1	6.593250E-3	6.593250E-3	1.678953E-4	1.678953E-4
4.100000E-1	6.761820E-3	6.761820E-3	1.721879E-4	1.721879E-4
4.200000E-1	6.906650E-3	6.906650E-3	1.758760E-4	1.758760E-4
4.300000E-1	7.050930E-3	7.050930E-3	1.795500E-4	1.795500E-4
4.400000E-1	7.175720E-3	7.175720E-3	1.827278E-4	1.827278E-4
4.500000E-1	7.350890E-3	7.350890E-3	1.871884E-4	1.871884E-4
4.600000E-1	7.475350E-3	7.475350E-3	1.903578E-4	1.903578E-4
4.700000E-1	7.602600E-3	7.602600E-3	1.935982E-4	1.935982E-4
4.800000E-1	7.735030E-3	7.735030E-3	1.969705E-4	1.969705E-4
4.900000E-1	7.874810E-3	7.874810E-3	2.005299E-4	2.005299E-4
5.000000E-1	7.996460E-3	7.996460E-3	2.036277E-4	2.036277E-4
