

14:28:16	19/03/21


Ell Cont: 5,0x10,0

SMU1	V name:		V1
	I name:		I1
	Mode:		V
	Function:	VAR1
SMU2	V name:		V2
	I name:		I2
	Mode:		common
	Function:	const.
SMU3	off
SMU4	off
VMUs	off

Primary Source (VAR1):	single
	Sweep Spacing:	linear
	Start:		-0.500000
	Stop:		0.500000
	Step:		0.010000
	Compliance:	0.050000
Power Compliance OFF

Timing:		Integration Time:	medium
	Delay Time (sec):	0.000000
	Hold Time (sec):	0.000000
	Wait Time (sec):	1.000000

Secondary Source (VAR2):	OFF


   V1	   I1	Abs(I)	J (A\um²)	Abs(J)
-5.000000E-1	-1.409350E-3	1.409350E-3	-3.588872E-5	3.588872E-5
-4.900000E-1	-1.377620E-3	1.377620E-3	-3.508072E-5	3.508072E-5
-4.800000E-1	-1.346380E-3	1.346380E-3	-3.428520E-5	3.428520E-5
-4.700000E-1	-1.314670E-3	1.314670E-3	-3.347772E-5	3.347772E-5
-4.600000E-1	-1.282940E-3	1.282940E-3	-3.266972E-5	3.266972E-5
-4.500000E-1	-1.251890E-3	1.251890E-3	-3.187904E-5	3.187904E-5
-4.400000E-1	-1.220720E-3	1.220720E-3	-3.108531E-5	3.108531E-5
-4.300000E-1	-1.189500E-3	1.189500E-3	-3.029030E-5	3.029030E-5
-4.200000E-1	-1.159250E-3	1.159250E-3	-2.951999E-5	2.951999E-5
-4.100000E-1	-1.129360E-3	1.129360E-3	-2.875885E-5	2.875885E-5
-4.000000E-1	-1.098730E-3	1.098730E-3	-2.797886E-5	2.797886E-5
-3.900000E-1	-1.068560E-3	1.068560E-3	-2.721059E-5	2.721059E-5
-3.800000E-1	-1.038440E-3	1.038440E-3	-2.644360E-5	2.644360E-5
-3.700000E-1	-1.008430E-3	1.008430E-3	-2.567940E-5	2.567940E-5
-3.600000E-1	-9.786100E-4	9.786100E-4	-2.492004E-5	2.492004E-5
-3.500000E-1	-9.488860E-4	9.488860E-4	-2.416313E-5	2.416313E-5
-3.400000E-1	-9.194080E-4	9.194080E-4	-2.341248E-5	2.341248E-5
-3.300000E-1	-8.896480E-4	8.896480E-4	-2.265465E-5	2.265465E-5
-3.200000E-1	-8.606500E-4	8.606500E-4	-2.191622E-5	2.191622E-5
-3.100000E-1	-8.312330E-4	8.312330E-4	-2.116712E-5	2.116712E-5
-3.000000E-1	-8.024630E-4	8.024630E-4	-2.043450E-5	2.043450E-5
-2.900000E-1	-7.738210E-4	7.738210E-4	-1.970514E-5	1.970514E-5
-2.800000E-1	-7.448630E-4	7.448630E-4	-1.896774E-5	1.896774E-5
-2.700000E-1	-7.164810E-4	7.164810E-4	-1.824500E-5	1.824500E-5
-2.600000E-1	-6.881910E-4	6.881910E-4	-1.752460E-5	1.752460E-5
-2.500000E-1	-6.601030E-4	6.601030E-4	-1.680935E-5	1.680935E-5
-2.400000E-1	-6.321010E-4	6.321010E-4	-1.609628E-5	1.609628E-5
-2.300000E-1	-6.045810E-4	6.045810E-4	-1.539549E-5	1.539549E-5
-2.200000E-1	-5.768940E-4	5.768940E-4	-1.469045E-5	1.469045E-5
-2.100000E-1	-5.493670E-4	5.493670E-4	-1.398948E-5	1.398948E-5
-2.000000E-1	-5.217310E-4	5.217310E-4	-1.328574E-5	1.328574E-5
-1.900000E-1	-4.945650E-4	4.945650E-4	-1.259396E-5	1.259396E-5
-1.800000E-1	-4.672590E-4	4.672590E-4	-1.189862E-5	1.189862E-5
-1.700000E-1	-4.403780E-4	4.403780E-4	-1.121411E-5	1.121411E-5
-1.600000E-1	-4.134970E-4	4.134970E-4	-1.052959E-5	1.052959E-5
-1.500000E-1	-3.867160E-4	3.867160E-4	-9.847619E-6	9.847619E-6
-1.400000E-1	-3.602670E-4	3.602670E-4	-9.174102E-6	9.174102E-6
-1.300000E-1	-3.339230E-4	3.339230E-4	-8.503259E-6	8.503259E-6
-1.200000E-1	-3.078920E-4	3.078920E-4	-7.840387E-6	7.840387E-6
-1.100000E-1	-2.816490E-4	2.816490E-4	-7.172116E-6	7.172116E-6
-1.000000E-1	-2.557020E-4	2.557020E-4	-6.511383E-6	6.511383E-6
-9.000000E-2	-2.297240E-4	2.297240E-4	-5.849860E-6	5.849860E-6
-8.000000E-2	-2.040240E-4	2.040240E-4	-5.195416E-6	5.195416E-6
-7.000000E-2	-1.782730E-4	1.782730E-4	-4.539674E-6	4.539674E-6
-6.000000E-2	-1.528030E-4	1.528030E-4	-3.891087E-6	3.891087E-6
-5.000000E-2	-1.271870E-4	1.271870E-4	-3.238783E-6	3.238783E-6
-4.000000E-2	-1.018550E-4	1.018550E-4	-2.593710E-6	2.593710E-6
-3.000000E-2	-7.634980E-5	7.634980E-5	-1.944227E-6	1.944227E-6
-2.000000E-2	-5.086350E-5	5.086350E-5	-1.295225E-6	1.295225E-6
-1.000000E-2	-2.558990E-5	2.558990E-5	-6.516399E-7	6.516399E-7
0.000000E+0	-1.085431E-7	1.085431E-7	-2.764021E-9	2.764021E-9
1.000000E-2	2.508410E-5	2.508410E-5	6.387599E-7	6.387599E-7
2.000000E-2	5.054770E-5	5.054770E-5	1.287184E-6	1.287184E-6
3.000000E-2	7.582330E-5	7.582330E-5	1.930820E-6	1.930820E-6
4.000000E-2	1.013372E-4	1.013372E-4	2.580525E-6	2.580525E-6
5.000000E-2	1.268980E-4	1.268980E-4	3.231423E-6	3.231423E-6
6.000000E-2	1.523390E-4	1.523390E-4	3.879272E-6	3.879272E-6
7.000000E-2	1.781310E-4	1.781310E-4	4.536058E-6	4.536058E-6
8.000000E-2	2.038130E-4	2.038130E-4	5.190043E-6	5.190043E-6
9.000000E-2	2.296660E-4	2.296660E-4	5.848383E-6	5.848383E-6
1.000000E-1	2.556010E-4	2.556010E-4	6.508811E-6	6.508811E-6
1.100000E-1	2.818560E-4	2.818560E-4	7.177387E-6	7.177387E-6
1.200000E-1	3.079190E-4	3.079190E-4	7.841075E-6	7.841075E-6
1.300000E-1	3.343270E-4	3.343270E-4	8.513547E-6	8.513547E-6
1.400000E-1	3.606440E-4	3.606440E-4	9.183702E-6	9.183702E-6
1.500000E-1	3.874670E-4	3.874670E-4	9.866743E-6	9.866743E-6
1.600000E-1	4.143660E-4	4.143660E-4	1.055172E-5	1.055172E-5
1.700000E-1	4.412370E-4	4.412370E-4	1.123598E-5	1.123598E-5
1.800000E-1	4.684240E-4	4.684240E-4	1.192829E-5	1.192829E-5
1.900000E-1	4.955860E-4	4.955860E-4	1.261996E-5	1.261996E-5
2.000000E-1	5.231930E-4	5.231930E-4	1.332297E-5	1.332297E-5
2.100000E-1	5.505190E-4	5.505190E-4	1.401882E-5	1.401882E-5
2.200000E-1	5.784260E-4	5.784260E-4	1.472946E-5	1.472946E-5
2.300000E-1	6.063310E-4	6.063310E-4	1.544006E-5	1.544006E-5
2.400000E-1	6.344530E-4	6.344530E-4	1.615618E-5	1.615618E-5
2.500000E-1	6.628000E-4	6.628000E-4	1.687802E-5	1.687802E-5
2.600000E-1	6.910950E-4	6.910950E-4	1.759855E-5	1.759855E-5
2.700000E-1	7.195760E-4	7.195760E-4	1.832381E-5	1.832381E-5
2.800000E-1	7.480820E-4	7.480820E-4	1.904971E-5	1.904971E-5
2.900000E-1	7.771040E-4	7.771040E-4	1.978874E-5	1.978874E-5
3.000000E-1	8.056640E-4	8.056640E-4	2.051602E-5	2.051602E-5
3.100000E-1	8.347770E-4	8.347770E-4	2.125737E-5	2.125737E-5
3.200000E-1	8.638600E-4	8.638600E-4	2.199796E-5	2.199796E-5
3.300000E-1	8.932930E-4	8.932930E-4	2.274747E-5	2.274747E-5
3.400000E-1	9.227020E-4	9.227020E-4	2.349636E-5	2.349636E-5
3.500000E-1	9.525300E-4	9.525300E-4	2.425592E-5	2.425592E-5
3.600000E-1	9.823340E-4	9.823340E-4	2.501487E-5	2.501487E-5
3.700000E-1	1.012441E-3	1.012441E-3	2.578154E-5	2.578154E-5
3.800000E-1	1.043085E-3	1.043085E-3	2.656188E-5	2.656188E-5
3.900000E-1	1.073624E-3	1.073624E-3	2.733955E-5	2.733955E-5
4.000000E-1	1.104694E-3	1.104694E-3	2.813074E-5	2.813074E-5
4.100000E-1	1.135404E-3	1.135404E-3	2.891276E-5	2.891276E-5
4.200000E-1	1.165230E-3	1.165230E-3	2.967227E-5	2.967227E-5
4.300000E-1	1.195790E-3	1.195790E-3	3.045047E-5	3.045047E-5
4.400000E-1	1.227480E-3	1.227480E-3	3.125745E-5	3.125745E-5
4.500000E-1	1.258420E-3	1.258420E-3	3.204533E-5	3.204533E-5
4.600000E-1	1.289400E-3	1.289400E-3	3.283422E-5	3.283422E-5
4.700000E-1	1.321530E-3	1.321530E-3	3.365241E-5	3.365241E-5
4.800000E-1	1.353040E-3	1.353040E-3	3.445480E-5	3.445480E-5
4.900000E-1	1.385390E-3	1.385390E-3	3.527858E-5	3.527858E-5
5.000000E-1	1.416520E-3	1.416520E-3	3.607130E-5	3.607130E-5
