

14:37:34	19/03/21


Ell Cont: 5,0x10,0

SMU1	V name:		V1
	I name:		I1
	Mode:		V
	Function:	VAR1
SMU2	V name:		V2
	I name:		I2
	Mode:		common
	Function:	const.
SMU3	off
SMU4	off
VMUs	off

Primary Source (VAR1):	single
	Sweep Spacing:	linear
	Start:		-0.500000
	Stop:		0.500000
	Step:		0.010000
	Compliance:	0.050000
Power Compliance OFF

Timing:		Integration Time:	medium
	Delay Time (sec):	0.000000
	Hold Time (sec):	0.000000
	Wait Time (sec):	1.000000

Secondary Source (VAR2):	OFF


   V1	   I1	Abs(I)	J (A\µm²)	Abs(J)
-5.000000E-1	-1.243550E-3	1.243550E-3	-3.166667E-5	3.166667E-5
-4.900000E-1	-1.216070E-3	1.216070E-3	-3.096690E-5	3.096690E-5
-4.800000E-1	-1.188500E-3	1.188500E-3	-3.026483E-5	3.026483E-5
-4.700000E-1	-1.161310E-3	1.161310E-3	-2.957245E-5	2.957245E-5
-4.600000E-1	-1.134190E-3	1.134190E-3	-2.888184E-5	2.888184E-5
-4.500000E-1	-1.107070E-3	1.107070E-3	-2.819124E-5	2.819124E-5
-4.400000E-1	-1.080160E-3	1.080160E-3	-2.750598E-5	2.750598E-5
-4.300000E-1	-1.053090E-3	1.053090E-3	-2.681665E-5	2.681665E-5
-4.200000E-1	-1.026320E-3	1.026320E-3	-2.613496E-5	2.613496E-5
-4.100000E-1	-9.995410E-4	9.995410E-4	-2.545304E-5	2.545304E-5
-4.000000E-1	-9.731480E-4	9.731480E-4	-2.478095E-5	2.478095E-5
-3.900000E-1	-9.465640E-4	9.465640E-4	-2.410400E-5	2.410400E-5
-3.800000E-1	-9.203900E-4	9.203900E-4	-2.343748E-5	2.343748E-5
-3.700000E-1	-8.941180E-4	8.941180E-4	-2.276847E-5	2.276847E-5
-3.600000E-1	-8.680530E-4	8.680530E-4	-2.210474E-5	2.210474E-5
-3.500000E-1	-8.420730E-4	8.420730E-4	-2.144316E-5	2.144316E-5
-3.400000E-1	-8.162770E-4	8.162770E-4	-2.078627E-5	2.078627E-5
-3.300000E-1	-7.903100E-4	7.903100E-4	-2.012503E-5	2.012503E-5
-3.200000E-1	-7.647870E-4	7.647870E-4	-1.947510E-5	1.947510E-5
-3.100000E-1	-7.391710E-4	7.391710E-4	-1.882279E-5	1.882279E-5
-3.000000E-1	-7.138110E-4	7.138110E-4	-1.817701E-5	1.817701E-5
-2.900000E-1	-6.883450E-4	6.883450E-4	-1.752852E-5	1.752852E-5
-2.800000E-1	-6.631130E-4	6.631130E-4	-1.688599E-5	1.688599E-5
-2.700000E-1	-6.381640E-4	6.381640E-4	-1.625067E-5	1.625067E-5
-2.600000E-1	-6.131170E-4	6.131170E-4	-1.561286E-5	1.561286E-5
-2.500000E-1	-5.884340E-4	5.884340E-4	-1.498431E-5	1.498431E-5
-2.400000E-1	-5.636210E-4	5.636210E-4	-1.435246E-5	1.435246E-5
-2.300000E-1	-5.391130E-4	5.391130E-4	-1.372837E-5	1.372837E-5
-2.200000E-1	-5.146030E-4	5.146030E-4	-1.310423E-5	1.310423E-5
-2.100000E-1	-4.902850E-4	4.902850E-4	-1.248498E-5	1.248498E-5
-2.000000E-1	-4.659450E-4	4.659450E-4	-1.186516E-5	1.186516E-5
-1.900000E-1	-4.419590E-4	4.419590E-4	-1.125437E-5	1.125437E-5
-1.800000E-1	-4.178300E-4	4.178300E-4	-1.063993E-5	1.063993E-5
-1.700000E-1	-3.940240E-4	3.940240E-4	-1.003372E-5	1.003372E-5
-1.600000E-1	-3.701200E-4	3.701200E-4	-9.425006E-6	9.425006E-6
-1.500000E-1	-3.463280E-4	3.463280E-4	-8.819149E-6	8.819149E-6
-1.400000E-1	-3.227980E-4	3.227980E-4	-8.219964E-6	8.219964E-6
-1.300000E-1	-2.992490E-4	2.992490E-4	-7.620295E-6	7.620295E-6
-1.200000E-1	-2.759500E-4	2.759500E-4	-7.026993E-6	7.026993E-6
-1.100000E-1	-2.525520E-4	2.525520E-4	-6.431169E-6	6.431169E-6
-1.000000E-1	-2.294350E-4	2.294350E-4	-5.842501E-6	5.842501E-6
-9.000000E-2	-2.062420E-4	2.062420E-4	-5.251897E-6	5.251897E-6
-8.000000E-2	-1.832370E-4	1.832370E-4	-4.666081E-6	4.666081E-6
-7.000000E-2	-1.601640E-4	1.601640E-4	-4.078533E-6	4.078533E-6
-6.000000E-2	-1.372990E-4	1.372990E-4	-3.496282E-6	3.496282E-6
-5.000000E-2	-1.143140E-4	1.143140E-4	-2.910975E-6	2.910975E-6
-4.000000E-2	-9.152600E-5	9.152600E-5	-2.330685E-6	2.330685E-6
-3.000000E-2	-6.862880E-5	6.862880E-5	-1.747614E-6	1.747614E-6
-2.000000E-2	-4.572140E-5	4.572140E-5	-1.164283E-6	1.164283E-6
-1.000000E-2	-2.300950E-5	2.300950E-5	-5.859307E-7	5.859307E-7
0.000000E+0	-9.898280E-8	9.898280E-8	-2.520570E-9	2.520570E-9
1.000000E-2	2.257650E-5	2.257650E-5	5.749045E-7	5.749045E-7
2.000000E-2	4.548760E-5	4.548760E-5	1.158330E-6	1.158330E-6
3.000000E-2	6.824740E-5	6.824740E-5	1.737902E-6	1.737902E-6
4.000000E-2	9.122600E-5	9.122600E-5	2.323046E-6	2.323046E-6
5.000000E-2	1.142550E-4	1.142550E-4	2.909473E-6	2.909473E-6
6.000000E-2	1.371900E-4	1.371900E-4	3.493506E-6	3.493506E-6
7.000000E-2	1.603550E-4	1.603550E-4	4.083397E-6	4.083397E-6
8.000000E-2	1.834320E-4	1.834320E-4	4.671047E-6	4.671047E-6
9.000000E-2	2.067260E-4	2.067260E-4	5.264222E-6	5.264222E-6
1.000000E-1	2.299900E-4	2.299900E-4	5.856633E-6	5.856633E-6
1.100000E-1	2.534970E-4	2.534970E-4	6.455233E-6	6.455233E-6
1.200000E-1	2.769240E-4	2.769240E-4	7.051795E-6	7.051795E-6
1.300000E-1	3.006630E-4	3.006630E-4	7.656302E-6	7.656302E-6
1.400000E-1	3.243200E-4	3.243200E-4	8.258722E-6	8.258722E-6
1.500000E-1	3.482760E-4	3.482760E-4	8.868755E-6	8.868755E-6
1.600000E-1	3.724060E-4	3.724060E-4	9.483219E-6	9.483219E-6
1.700000E-1	3.963740E-4	3.963740E-4	1.009356E-5	1.009356E-5
1.800000E-1	4.207330E-4	4.207330E-4	1.071385E-5	1.071385E-5
1.900000E-1	4.449690E-4	4.449690E-4	1.133102E-5	1.133102E-5
2.000000E-1	4.695200E-4	4.695200E-4	1.195620E-5	1.195620E-5
2.100000E-1	4.939870E-4	4.939870E-4	1.257925E-5	1.257925E-5
2.200000E-1	5.188490E-4	5.188490E-4	1.321235E-5	1.321235E-5
2.300000E-1	5.435770E-4	5.435770E-4	1.384204E-5	1.384204E-5
2.400000E-1	5.685940E-4	5.685940E-4	1.447909E-5	1.447909E-5
2.500000E-1	5.937130E-4	5.937130E-4	1.511874E-5	1.511874E-5
2.600000E-1	6.191150E-4	6.191150E-4	1.576560E-5	1.576560E-5
2.700000E-1	6.445350E-4	6.445350E-4	1.641291E-5	1.641291E-5
2.800000E-1	6.699510E-4	6.699510E-4	1.706012E-5	1.706012E-5
2.900000E-1	6.956820E-4	6.956820E-4	1.771536E-5	1.771536E-5
3.000000E-1	7.212960E-4	7.212960E-4	1.836761E-5	1.836761E-5
3.100000E-1	7.474130E-4	7.474130E-4	1.903267E-5	1.903267E-5
3.200000E-1	7.733620E-4	7.733620E-4	1.969346E-5	1.969346E-5
3.300000E-1	7.995920E-4	7.995920E-4	2.036140E-5	2.036140E-5
3.400000E-1	8.257690E-4	8.257690E-4	2.102799E-5	2.102799E-5
3.500000E-1	8.523000E-4	8.523000E-4	2.170359E-5	2.170359E-5
3.600000E-1	8.787130E-4	8.787130E-4	2.237619E-5	2.237619E-5
3.700000E-1	9.055820E-4	9.055820E-4	2.306040E-5	2.306040E-5
3.800000E-1	9.325440E-4	9.325440E-4	2.374698E-5	2.374698E-5
3.900000E-1	9.593880E-4	9.593880E-4	2.443056E-5	2.443056E-5
4.000000E-1	9.864220E-4	9.864220E-4	2.511897E-5	2.511897E-5
4.100000E-1	1.013677E-3	1.013677E-3	2.581301E-5	2.581301E-5
4.200000E-1	1.041145E-3	1.041145E-3	2.651248E-5	2.651248E-5
4.300000E-1	1.068456E-3	1.068456E-3	2.720794E-5	2.720794E-5
4.400000E-1	1.096084E-3	1.096084E-3	2.791148E-5	2.791148E-5
4.500000E-1	1.123442E-3	1.123442E-3	2.860815E-5	2.860815E-5
4.600000E-1	1.151520E-3	1.151520E-3	2.932315E-5	2.932315E-5
4.700000E-1	1.179290E-3	1.179290E-3	3.003030E-5	3.003030E-5
4.800000E-1	1.207450E-3	1.207450E-3	3.074739E-5	3.074739E-5
4.900000E-1	1.235820E-3	1.235820E-3	3.146982E-5	3.146982E-5
5.000000E-1	1.264000E-3	1.264000E-3	3.218742E-5	3.218742E-5
