

14:32:09	19/03/21


Ell Cont: 5,0x10,0

SMU1	V name:		V1
	I name:		I1
	Mode:		V
	Function:	VAR1
SMU2	V name:		V2
	I name:		I2
	Mode:		common
	Function:	const.
SMU3	off
SMU4	off
VMUs	off

Primary Source (VAR1):	single
	Sweep Spacing:	linear
	Start:		-0.500000
	Stop:		0.500000
	Step:		0.010000
	Compliance:	0.050000
Power Compliance OFF

Timing:		Integration Time:	medium
	Delay Time (sec):	0.000000
	Hold Time (sec):	0.000000
	Wait Time (sec):	1.000000

Secondary Source (VAR2):	OFF


   V1	   I1	Abs(I)	J (A\µm²)	Abs(J)
-5.000000E-1	-1.171070E-3	1.171070E-3	-2.982098E-5	2.982098E-5
-4.900000E-1	-1.144770E-3	1.144770E-3	-2.915126E-5	2.915126E-5
-4.800000E-1	-1.118500E-3	1.118500E-3	-2.848230E-5	2.848230E-5
-4.700000E-1	-1.092350E-3	1.092350E-3	-2.781640E-5	2.781640E-5
-4.600000E-1	-1.066240E-3	1.066240E-3	-2.715151E-5	2.715151E-5
-4.500000E-1	-1.040370E-3	1.040370E-3	-2.649274E-5	2.649274E-5
-4.400000E-1	-1.014360E-3	1.014360E-3	-2.583040E-5	2.583040E-5
-4.300000E-1	-9.885500E-4	9.885500E-4	-2.517316E-5	2.517316E-5
-4.200000E-1	-9.630760E-4	9.630760E-4	-2.452447E-5	2.452447E-5
-4.100000E-1	-9.372810E-4	9.372810E-4	-2.386761E-5	2.386761E-5
-4.000000E-1	-9.121280E-4	9.121280E-4	-2.322709E-5	2.322709E-5
-3.900000E-1	-8.867860E-4	8.867860E-4	-2.258177E-5	2.258177E-5
-3.800000E-1	-8.617000E-4	8.617000E-4	-2.194296E-5	2.194296E-5
-3.700000E-1	-8.365130E-4	8.365130E-4	-2.130158E-5	2.130158E-5
-3.600000E-1	-8.116840E-4	8.116840E-4	-2.066931E-5	2.066931E-5
-3.500000E-1	-7.869040E-4	7.869040E-4	-2.003830E-5	2.003830E-5
-3.400000E-1	-7.623980E-4	7.623980E-4	-1.941426E-5	1.941426E-5
-3.300000E-1	-7.377500E-4	7.377500E-4	-1.878661E-5	1.878661E-5
-3.200000E-1	-7.134970E-4	7.134970E-4	-1.816901E-5	1.816901E-5
-3.100000E-1	-6.892250E-4	6.892250E-4	-1.755093E-5	1.755093E-5
-3.000000E-1	-6.651870E-4	6.651870E-4	-1.693881E-5	1.693881E-5
-2.900000E-1	-6.412710E-4	6.412710E-4	-1.632979E-5	1.632979E-5
-2.800000E-1	-6.175480E-4	6.175480E-4	-1.572569E-5	1.572569E-5
-2.700000E-1	-5.941110E-4	5.941110E-4	-1.512888E-5	1.512888E-5
-2.600000E-1	-5.705110E-4	5.705110E-4	-1.452791E-5	1.452791E-5
-2.500000E-1	-5.471350E-4	5.471350E-4	-1.393265E-5	1.393265E-5
-2.400000E-1	-5.237380E-4	5.237380E-4	-1.333685E-5	1.333685E-5
-2.300000E-1	-5.007460E-4	5.007460E-4	-1.275136E-5	1.275136E-5
-2.200000E-1	-4.776350E-4	4.776350E-4	-1.216285E-5	1.216285E-5
-2.100000E-1	-4.549120E-4	4.549120E-4	-1.158421E-5	1.158421E-5
-2.000000E-1	-4.321240E-4	4.321240E-4	-1.100392E-5	1.100392E-5
-1.900000E-1	-4.095950E-4	4.095950E-4	-1.043023E-5	1.043023E-5
-1.800000E-1	-3.869730E-4	3.869730E-4	-9.854163E-6	9.854163E-6
-1.700000E-1	-3.647720E-4	3.647720E-4	-9.288821E-6	9.288821E-6
-1.600000E-1	-3.424870E-4	3.424870E-4	-8.721339E-6	8.721339E-6
-1.500000E-1	-3.202390E-4	3.202390E-4	-8.154800E-6	8.154800E-6
-1.400000E-1	-2.983750E-4	2.983750E-4	-7.598039E-6	7.598039E-6
-1.300000E-1	-2.764690E-4	2.764690E-4	-7.040209E-6	7.040209E-6
-1.200000E-1	-2.548060E-4	2.548060E-4	-6.488566E-6	6.488566E-6
-1.100000E-1	-2.330600E-4	2.330600E-4	-5.934810E-6	5.934810E-6
-1.000000E-1	-2.116120E-4	2.116120E-4	-5.388643E-6	5.388643E-6
-9.000000E-2	-1.901680E-4	1.901680E-4	-4.842577E-6	4.842577E-6
-8.000000E-2	-1.688930E-4	1.688930E-4	-4.300815E-6	4.300815E-6
-7.000000E-2	-1.475790E-4	1.475790E-4	-3.758060E-6	3.758060E-6
-6.000000E-2	-1.264930E-4	1.264930E-4	-3.221110E-6	3.221110E-6
-5.000000E-2	-1.052690E-4	1.052690E-4	-2.680647E-6	2.680647E-6
-4.000000E-2	-8.425540E-5	8.425540E-5	-2.145541E-6	2.145541E-6
-3.000000E-2	-6.315840E-5	6.315840E-5	-1.608312E-6	1.608312E-6
-2.000000E-2	-4.207800E-5	4.207800E-5	-1.071505E-6	1.071505E-6
-1.000000E-2	-2.117820E-5	2.117820E-5	-5.392972E-7	5.392972E-7
0.000000E+0	-9.927350E-8	9.927350E-8	-2.527973E-9	2.527973E-9
1.000000E-2	2.075460E-5	2.075460E-5	5.285103E-7	5.285103E-7
2.000000E-2	4.182020E-5	4.182020E-5	1.064940E-6	1.064940E-6
3.000000E-2	6.275880E-5	6.275880E-5	1.598136E-6	1.598136E-6
4.000000E-2	8.390860E-5	8.390860E-5	2.136710E-6	2.136710E-6
5.000000E-2	1.051201E-4	1.051201E-4	2.676855E-6	2.676855E-6
6.000000E-2	1.261990E-4	1.261990E-4	3.213624E-6	3.213624E-6
7.000000E-2	1.475330E-4	1.475330E-4	3.756888E-6	3.756888E-6
8.000000E-2	1.688060E-4	1.688060E-4	4.298599E-6	4.298599E-6
9.000000E-2	1.903240E-4	1.903240E-4	4.846549E-6	4.846549E-6
1.000000E-1	2.118000E-4	2.118000E-4	5.393430E-6	5.393430E-6
1.100000E-1	2.335820E-4	2.335820E-4	5.948103E-6	5.948103E-6
1.200000E-1	2.552680E-4	2.552680E-4	6.500331E-6	6.500331E-6
1.300000E-1	2.772470E-4	2.772470E-4	7.060020E-6	7.060020E-6
1.400000E-1	2.992400E-4	2.992400E-4	7.620066E-6	7.620066E-6
1.500000E-1	3.215430E-4	3.215430E-4	8.188006E-6	8.188006E-6
1.600000E-1	3.439980E-4	3.439980E-4	8.759817E-6	8.759817E-6
1.700000E-1	3.663500E-4	3.663500E-4	9.329004E-6	9.329004E-6
1.800000E-1	3.890860E-4	3.890860E-4	9.907970E-6	9.907970E-6
1.900000E-1	4.116980E-4	4.116980E-4	1.048378E-5	1.048378E-5
2.000000E-1	4.345690E-4	4.345690E-4	1.106618E-5	1.106618E-5
2.100000E-1	4.574900E-4	4.574900E-4	1.164986E-5	1.164986E-5
2.200000E-1	4.807340E-4	4.807340E-4	1.224176E-5	1.224176E-5
2.300000E-1	5.039410E-4	5.039410E-4	1.283272E-5	1.283272E-5
2.400000E-1	5.274600E-4	5.274600E-4	1.343163E-5	1.343163E-5
2.500000E-1	5.510690E-4	5.510690E-4	1.403282E-5	1.403282E-5
2.600000E-1	5.748730E-4	5.748730E-4	1.463899E-5	1.463899E-5
2.700000E-1	5.987720E-4	5.987720E-4	1.524757E-5	1.524757E-5
2.800000E-1	6.226080E-4	6.226080E-4	1.585455E-5	1.585455E-5
2.900000E-1	6.468090E-4	6.468090E-4	1.647082E-5	1.647082E-5
3.000000E-1	6.709160E-4	6.709160E-4	1.708470E-5	1.708470E-5
3.100000E-1	6.954050E-4	6.954050E-4	1.770830E-5	1.770830E-5
3.200000E-1	7.198930E-4	7.198930E-4	1.833188E-5	1.833188E-5
3.300000E-1	7.445870E-4	7.445870E-4	1.896071E-5	1.896071E-5
3.400000E-1	7.690710E-4	7.690710E-4	1.958419E-5	1.958419E-5
3.500000E-1	7.940360E-4	7.940360E-4	2.021991E-5	2.021991E-5
3.600000E-1	8.191420E-4	8.191420E-4	2.085923E-5	2.085923E-5
3.700000E-1	8.445390E-4	8.445390E-4	2.150596E-5	2.150596E-5
3.800000E-1	8.698490E-4	8.698490E-4	2.215047E-5	2.215047E-5
3.900000E-1	8.952890E-4	8.952890E-4	2.279829E-5	2.279829E-5
4.000000E-1	9.209410E-4	9.209410E-4	2.345151E-5	2.345151E-5
4.100000E-1	9.464040E-4	9.464040E-4	2.409992E-5	2.409992E-5
4.200000E-1	9.722030E-4	9.722030E-4	2.475689E-5	2.475689E-5
4.300000E-1	9.980220E-4	9.980220E-4	2.541436E-5	2.541436E-5
4.400000E-1	1.024185E-3	1.024185E-3	2.608060E-5	2.608060E-5
4.500000E-1	1.050254E-3	1.050254E-3	2.674444E-5	2.674444E-5
4.600000E-1	1.076725E-3	1.076725E-3	2.741851E-5	2.741851E-5
4.700000E-1	1.103287E-3	1.103287E-3	2.809491E-5	2.809491E-5
4.800000E-1	1.129895E-3	1.129895E-3	2.877247E-5	2.877247E-5
4.900000E-1	1.156910E-3	1.156910E-3	2.946040E-5	2.946040E-5
5.000000E-1	1.183910E-3	1.183910E-3	3.014795E-5	3.014795E-5
