

14:49:36	23/02/21


Ell Cont: 5,0x10,0

SMU1	V name:		V1
	I name:		I1
	Mode:		V
	Function:	VAR1
SMU2	V name:		V2
	I name:		I2
	Mode:		common
	Function:	const.
SMU3	off
SMU4	off
VMUs	off

Primary Source (VAR1):	single
	Sweep Spacing:	linear
	Start:		-0.500000
	Stop:		0.500000
	Step:		0.010000
	Compliance:	0.050000
Power Compliance OFF

Timing:		Integration Time:	medium
	Delay Time (sec):	0.000000
	Hold Time (sec):	0.000000
	Wait Time (sec):	1.000000

Secondary Source (VAR2):	OFF


   V1	   I1	Abs(I)	J (A\um²)	Abs(J)
-5.000000E-1	-1.220250E-4	1.220250E-4	-3.107334E-6	3.107334E-6
-4.900000E-1	-1.115360E-4	1.115360E-4	-2.840234E-6	2.840234E-6
-4.800000E-1	-1.085350E-4	1.085350E-4	-2.763815E-6	2.763815E-6
-4.700000E-1	-1.057010E-4	1.057010E-4	-2.691648E-6	2.691648E-6
-4.600000E-1	-1.042290E-4	1.042290E-4	-2.654163E-6	2.654163E-6
-4.500000E-1	-1.008910E-4	1.008910E-4	-2.569162E-6	2.569162E-6
-4.400000E-1	-9.843780E-5	9.843780E-5	-2.506692E-6	2.506692E-6
-4.300000E-1	-9.493890E-5	9.493890E-5	-2.417594E-6	2.417594E-6
-4.200000E-1	-9.259200E-5	9.259200E-5	-2.357830E-6	2.357830E-6
-4.100000E-1	-9.058720E-5	9.058720E-5	-2.306779E-6	2.306779E-6
-4.000000E-1	-8.736820E-5	8.736820E-5	-2.224808E-6	2.224808E-6
-3.900000E-1	-8.489040E-5	8.489040E-5	-2.161711E-6	2.161711E-6
-3.800000E-1	-8.245200E-5	8.245200E-5	-2.099618E-6	2.099618E-6
-3.700000E-1	-7.961340E-5	7.961340E-5	-2.027334E-6	2.027334E-6
-3.600000E-1	-7.738490E-5	7.738490E-5	-1.970586E-6	1.970586E-6
-3.500000E-1	-7.495500E-5	7.495500E-5	-1.908709E-6	1.908709E-6
-3.400000E-1	-7.213450E-5	7.213450E-5	-1.836886E-6	1.836886E-6
-3.300000E-1	-6.995120E-5	6.995120E-5	-1.781288E-6	1.781288E-6
-3.200000E-1	-6.758840E-5	6.758840E-5	-1.721120E-6	1.721120E-6
-3.100000E-1	-6.532650E-5	6.532650E-5	-1.663522E-6	1.663522E-6
-3.000000E-1	-6.318800E-5	6.318800E-5	-1.609065E-6	1.609065E-6
-2.900000E-1	-5.996990E-5	5.996990E-5	-1.527117E-6	1.527117E-6
-2.800000E-1	-5.760760E-5	5.760760E-5	-1.466962E-6	1.466962E-6
-2.700000E-1	-5.548280E-5	5.548280E-5	-1.412855E-6	1.412855E-6
-2.600000E-1	-5.327420E-5	5.327420E-5	-1.356613E-6	1.356613E-6
-2.500000E-1	-5.076000E-5	5.076000E-5	-1.292590E-6	1.292590E-6
-2.400000E-1	-4.870280E-5	4.870280E-5	-1.240204E-6	1.240204E-6
-2.300000E-1	-4.660340E-5	4.660340E-5	-1.186743E-6	1.186743E-6
-2.200000E-1	-4.381340E-5	4.381340E-5	-1.115696E-6	1.115696E-6
-2.100000E-1	-4.181900E-5	4.181900E-5	-1.064910E-6	1.064910E-6
-2.000000E-1	-3.967290E-5	3.967290E-5	-1.010260E-6	1.010260E-6
-1.900000E-1	-3.761620E-5	3.761620E-5	-9.578864E-7	9.578864E-7
-1.800000E-1	-3.537210E-5	3.537210E-5	-9.007410E-7	9.007410E-7
-1.700000E-1	-3.341630E-5	3.341630E-5	-8.509371E-7	8.509371E-7
-1.600000E-1	-3.110830E-5	3.110830E-5	-7.921645E-7	7.921645E-7
-1.500000E-1	-2.900790E-5	2.900790E-5	-7.386784E-7	7.386784E-7
-1.400000E-1	-2.701660E-5	2.701660E-5	-6.879705E-7	6.879705E-7
-1.300000E-1	-2.485210E-5	2.485210E-5	-6.328520E-7	6.328520E-7
-1.200000E-1	-2.268910E-5	2.268910E-5	-5.777718E-7	5.777718E-7
-1.100000E-1	-2.070740E-5	2.070740E-5	-5.273084E-7	5.273084E-7
-1.000000E-1	-1.889430E-5	1.889430E-5	-4.811383E-7	4.811383E-7
-9.000000E-2	-1.653950E-5	1.653950E-5	-4.211739E-7	4.211739E-7
-8.000000E-2	-1.473660E-5	1.473660E-5	-3.752636E-7	3.752636E-7
-7.000000E-2	-1.266980E-5	1.266980E-5	-3.226330E-7	3.226330E-7
-6.000000E-2	-1.074250E-5	1.074250E-5	-2.735549E-7	2.735549E-7
-5.000000E-2	-8.552850E-6	8.552850E-6	-2.177960E-7	2.177960E-7
-4.000000E-2	-6.819340E-6	6.819340E-6	-1.736527E-7	1.736527E-7
-3.000000E-2	-5.033360E-6	5.033360E-6	-1.281732E-7	1.281732E-7
-2.000000E-2	-3.348480E-6	3.348480E-6	-8.526814E-8	8.526814E-8
-1.000000E-2	-1.664440E-6	1.664440E-6	-4.238452E-8	4.238452E-8
0.000000E+0	-1.076040E-8	1.076040E-8	-2.740107E-10	2.740107E-10
1.000000E-2	1.408260E-6	1.408260E-6	3.586096E-8	3.586096E-8
2.000000E-2	2.804150E-6	2.804150E-6	7.140693E-8	7.140693E-8
3.000000E-2	4.257950E-6	4.257950E-6	1.084276E-7	1.084276E-7
4.000000E-2	5.735240E-6	5.735240E-6	1.460463E-7	1.460463E-7
5.000000E-2	7.272840E-6	7.272840E-6	1.852009E-7	1.852009E-7
6.000000E-2	8.229830E-6	8.229830E-6	2.095704E-7	2.095704E-7
7.000000E-2	9.694630E-6	9.694630E-6	2.468711E-7	2.468711E-7
8.000000E-2	6.077450E-6	6.077450E-6	1.547606E-7	1.547606E-7
9.000000E-2	6.595370E-6	6.595370E-6	1.679493E-7	1.679493E-7
1.000000E-1	7.356510E-6	7.356510E-6	1.873315E-7	1.873315E-7
1.100000E-1	8.147810E-6	8.147810E-6	2.074818E-7	2.074818E-7
1.200000E-1	8.942770E-6	8.942770E-6	2.277252E-7	2.277252E-7
1.300000E-1	9.769320E-6	9.769320E-6	2.487731E-7	2.487731E-7
1.400000E-1	1.059075E-5	1.059075E-5	2.696906E-7	2.696906E-7
1.500000E-1	1.147800E-5	1.147800E-5	2.922842E-7	2.922842E-7
1.600000E-1	1.233970E-5	1.233970E-5	3.142271E-7	3.142271E-7
1.700000E-1	1.319850E-5	1.319850E-5	3.360963E-7	3.360963E-7
1.800000E-1	1.408020E-5	1.408020E-5	3.585485E-7	3.585485E-7
1.900000E-1	1.497460E-5	1.497460E-5	3.813242E-7	3.813242E-7
2.000000E-1	1.588230E-5	1.588230E-5	4.044385E-7	4.044385E-7
2.100000E-1	1.679030E-5	1.679030E-5	4.275605E-7	4.275605E-7
2.200000E-1	1.772420E-5	1.772420E-5	4.513420E-7	4.513420E-7
2.300000E-1	1.863680E-5	1.863680E-5	4.745811E-7	4.745811E-7
2.400000E-1	1.960140E-5	1.960140E-5	4.991444E-7	4.991444E-7
2.500000E-1	2.056530E-5	2.056530E-5	5.236898E-7	5.236898E-7
2.600000E-1	2.153760E-5	2.153760E-5	5.484492E-7	5.484492E-7
2.700000E-1	2.252780E-5	2.252780E-5	5.736644E-7	5.736644E-7
2.800000E-1	2.352970E-5	2.352970E-5	5.991775E-7	5.991775E-7
2.900000E-1	2.456530E-5	2.456530E-5	6.255488E-7	6.255488E-7
3.000000E-1	2.560120E-5	2.560120E-5	6.519277E-7	6.519277E-7
3.100000E-1	2.666900E-5	2.666900E-5	6.791189E-7	6.791189E-7
3.200000E-1	2.769890E-5	2.769890E-5	7.053450E-7	7.053450E-7
3.300000E-1	2.870990E-5	2.870990E-5	7.310899E-7	7.310899E-7
3.400000E-1	2.980130E-5	2.980130E-5	7.588821E-7	7.588821E-7
3.500000E-1	3.092280E-5	3.092280E-5	7.874408E-7	7.874408E-7
3.600000E-1	3.199950E-5	3.199950E-5	8.148587E-7	8.148587E-7
3.700000E-1	3.313170E-5	3.313170E-5	8.436898E-7	8.436898E-7
3.800000E-1	3.425140E-5	3.425140E-5	8.722027E-7	8.722027E-7
3.900000E-1	3.543460E-5	3.543460E-5	9.023326E-7	9.023326E-7
4.000000E-1	3.651650E-5	3.651650E-5	9.298829E-7	9.298829E-7
4.100000E-1	3.766020E-5	3.766020E-5	9.590069E-7	9.590069E-7
4.200000E-1	3.891220E-5	3.891220E-5	9.908887E-7	9.908887E-7
4.300000E-1	4.019210E-5	4.019210E-5	1.023481E-6	1.023481E-6
4.400000E-1	4.163150E-5	4.163150E-5	1.060135E-6	1.060135E-6
4.500000E-1	4.288730E-5	4.288730E-5	1.092114E-6	1.092114E-6
4.600000E-1	4.405400E-5	4.405400E-5	1.121823E-6	1.121823E-6
4.700000E-1	4.544260E-5	4.544260E-5	1.157184E-6	1.157184E-6
4.800000E-1	4.696830E-5	4.696830E-5	1.196035E-6	1.196035E-6
4.900000E-1	4.829320E-5	4.829320E-5	1.229773E-6	1.229773E-6
5.000000E-1	5.079560E-5	5.079560E-5	1.293496E-6	1.293496E-6
