

14:35:13	23/02/21


Ell Cont: 5,0x10,0

SMU1	V name:		V1
	I name:		I1
	Mode:		V
	Function:	VAR1
SMU2	V name:		V2
	I name:		I2
	Mode:		common
	Function:	const.
SMU3	off
SMU4	off
VMUs	off

Primary Source (VAR1):	single
	Sweep Spacing:	linear
	Start:		-0.500000
	Stop:		0.500000
	Step:		0.010000
	Compliance:	0.050000
Power Compliance OFF

Timing:		Integration Time:	medium
	Delay Time (sec):	0.000000
	Hold Time (sec):	0.000000
	Wait Time (sec):	1.000000

Secondary Source (VAR2):	OFF


   V1	   I1	Abs(I)	J (A\µm²)	Abs(J)
-5.000000E-1	-1.288690E-8	1.288690E-8	-3.281614E-10	3.281614E-10
-4.900000E-1	-8.522600E-9	8.522600E-9	-2.170257E-10	2.170257E-10
-4.800000E-1	-9.464680E-9	9.464680E-9	-2.410155E-10	2.410155E-10
-4.700000E-1	-9.590270E-9	9.590270E-9	-2.442136E-10	2.442136E-10
-4.600000E-1	-1.519870E-8	1.519870E-8	-3.870308E-10	3.870308E-10
-4.500000E-1	-1.078210E-8	1.078210E-8	-2.745633E-10	2.745633E-10
-4.400000E-1	-1.016510E-8	1.016510E-8	-2.588515E-10	2.588515E-10
-4.300000E-1	-9.021460E-9	9.021460E-9	-2.297291E-10	2.297291E-10
-4.200000E-1	-6.075300E-9	6.075300E-9	-1.547059E-10	1.547059E-10
-4.100000E-1	-5.747970E-9	5.747970E-9	-1.463705E-10	1.463705E-10
-4.000000E-1	-5.985700E-9	5.985700E-9	-1.524242E-10	1.524242E-10
-3.900000E-1	-4.283970E-9	4.283970E-9	-1.090901E-10	1.090901E-10
-3.800000E-1	-2.984830E-9	2.984830E-9	-7.600789E-11	7.600789E-11
-3.700000E-1	-4.144980E-9	4.144980E-9	-1.055508E-10	1.055508E-10
-3.600000E-1	-4.091890E-9	4.091890E-9	-1.041989E-10	1.041989E-10
-3.500000E-1	-3.598080E-9	3.598080E-9	-9.162414E-11	9.162414E-11
-3.400000E-1	-2.827630E-9	2.827630E-9	-7.200484E-11	7.200484E-11
-3.300000E-1	-3.332110E-9	3.332110E-9	-8.485128E-11	8.485128E-11
-3.200000E-1	-4.017110E-9	4.017110E-9	-1.022946E-10	1.022946E-10
-3.100000E-1	-3.099700E-9	3.099700E-9	-7.893303E-11	7.893303E-11
-3.000000E-1	-3.212970E-9	3.212970E-9	-8.181742E-11	8.181742E-11
-2.900000E-1	-1.783790E-9	1.783790E-9	-4.542373E-11	4.542373E-11
-2.800000E-1	-2.172460E-9	2.172460E-9	-5.532111E-11	5.532111E-11
-2.700000E-1	-2.355880E-9	2.355880E-9	-5.999185E-11	5.999185E-11
-2.600000E-1	-2.456510E-9	2.456510E-9	-6.255437E-11	6.255437E-11
-2.500000E-1	-2.284890E-9	2.284890E-9	-5.818411E-11	5.818411E-11
-2.400000E-1	-1.913460E-9	1.913460E-9	-4.872574E-11	4.872574E-11
-2.300000E-1	-2.022960E-9	2.022960E-9	-5.151413E-11	5.151413E-11
-2.200000E-1	-1.670790E-9	1.670790E-9	-4.254622E-11	4.254622E-11
-2.100000E-1	-1.377630E-9	1.377630E-9	-3.508098E-11	3.508098E-11
-2.000000E-1	-1.448060E-9	1.448060E-9	-3.687446E-11	3.687446E-11
-1.900000E-1	-1.838590E-9	1.838590E-9	-4.681920E-11	4.681920E-11
-1.800000E-1	-1.450200E-9	1.450200E-9	-3.692895E-11	3.692895E-11
-1.700000E-1	-1.148230E-9	1.148230E-9	-2.923937E-11	2.923937E-11
-1.600000E-1	-1.109420E-9	1.109420E-9	-2.825108E-11	2.825108E-11
-1.500000E-1	-8.839000E-10	8.839000E-10	-2.250828E-11	2.250828E-11
-1.400000E-1	-9.018200E-10	9.018200E-10	-2.296460E-11	2.296460E-11
-1.300000E-1	-5.194200E-10	5.194200E-10	-1.322689E-11	1.322689E-11
-1.200000E-1	-3.813000E-10	3.813000E-10	-9.709702E-12	9.709702E-12
-1.100000E-1	-3.383200E-10	3.383200E-10	-8.615228E-12	8.615228E-12
-1.000000E-1	-4.799600E-10	4.799600E-10	-1.222205E-11	1.222205E-11
-9.000000E-2	-2.093900E-10	2.093900E-10	-5.332060E-12	5.332060E-12
-8.000000E-2	-2.239200E-10	2.239200E-10	-5.702063E-12	5.702063E-12
-7.000000E-2	-1.377500E-10	1.377500E-10	-3.507767E-12	3.507767E-12
-6.000000E-2	-4.540000E-11	4.540000E-11	-1.156099E-12	1.156099E-12
-5.000000E-2	-4.912000E-11	4.912000E-11	-1.250828E-12	1.250828E-12
-4.000000E-2	-6.112000E-11	6.112000E-11	-1.556404E-12	1.556404E-12
-3.000000E-2	-3.534000E-11	3.534000E-11	-8.999236E-13	8.999236E-13
-2.000000E-2	-4.365000E-11	4.365000E-11	-1.111536E-12	1.111536E-12
-1.000000E-2	-1.796000E-11	1.796000E-11	-4.573466E-13	4.573466E-13
0.000000E+0	4.500000E-13	4.500000E-13	1.145913E-14	1.145913E-14
1.000000E-2	4.307000E-11	4.307000E-11	1.096766E-12	1.096766E-12
2.000000E-2	9.297000E-11	9.297000E-11	2.367456E-12	2.367456E-12
3.000000E-2	4.503000E-11	4.503000E-11	1.146677E-12	1.146677E-12
4.000000E-2	7.775000E-11	7.775000E-11	1.979883E-12	1.979883E-12
5.000000E-2	9.562000E-11	9.562000E-11	2.434938E-12	2.434938E-12
6.000000E-2	1.988400E-10	1.988400E-10	5.063407E-12	5.063407E-12
7.000000E-2	2.841100E-10	2.841100E-10	7.234785E-12	7.234785E-12
8.000000E-2	1.989400E-10	1.989400E-10	5.065954E-12	5.065954E-12
9.000000E-2	2.673800E-10	2.673800E-10	6.808760E-12	6.808760E-12
1.000000E-1	4.108500E-10	4.108500E-10	1.046218E-11	1.046218E-11
1.100000E-1	4.565800E-10	4.565800E-10	1.162669E-11	1.162669E-11
1.200000E-1	6.454400E-10	6.454400E-10	1.643596E-11	1.643596E-11
1.300000E-1	1.016350E-9	1.016350E-9	2.588108E-11	2.588108E-11
1.400000E-1	1.096800E-9	1.096800E-9	2.792972E-11	2.792972E-11
1.500000E-1	7.677100E-10	7.677100E-10	1.954953E-11	1.954953E-11
1.600000E-1	1.022180E-9	1.022180E-9	2.602954E-11	2.602954E-11
1.700000E-1	1.011360E-9	1.011360E-9	2.575401E-11	2.575401E-11
1.800000E-1	1.025200E-9	1.025200E-9	2.610644E-11	2.610644E-11
1.900000E-1	8.082100E-10	8.082100E-10	2.058085E-11	2.058085E-11
2.000000E-1	1.408570E-9	1.408570E-9	3.586886E-11	3.586886E-11
2.100000E-1	1.234560E-9	1.234560E-9	3.143774E-11	3.143774E-11
2.200000E-1	1.340610E-9	1.340610E-9	3.413827E-11	3.413827E-11
2.300000E-1	2.233500E-9	2.233500E-9	5.687548E-11	5.687548E-11
2.400000E-1	1.748020E-9	1.748020E-9	4.451286E-11	4.451286E-11
2.500000E-1	1.763260E-9	1.763260E-9	4.490094E-11	4.490094E-11
2.600000E-1	2.659920E-9	2.659920E-9	6.773415E-11	6.773415E-11
2.700000E-1	3.237280E-9	3.237280E-9	8.243646E-11	8.243646E-11
2.800000E-1	1.271610E-9	1.271610E-9	3.238121E-11	3.238121E-11
2.900000E-1	1.909210E-9	1.909210E-9	4.861752E-11	4.861752E-11
3.000000E-1	1.539110E-9	1.539110E-9	3.919302E-11	3.919302E-11
3.100000E-1	1.928970E-9	1.928970E-9	4.912070E-11	4.912070E-11
3.200000E-1	1.918300E-9	1.918300E-9	4.884899E-11	4.884899E-11
3.300000E-1	2.858670E-9	2.858670E-9	7.279526E-11	7.279526E-11
3.400000E-1	2.403370E-9	2.403370E-9	6.120117E-11	6.120117E-11
3.500000E-1	2.730680E-9	2.730680E-9	6.953603E-11	6.953603E-11
3.600000E-1	3.298810E-9	3.298810E-9	8.400331E-11	8.400331E-11
3.700000E-1	2.855370E-9	2.855370E-9	7.271123E-11	7.271123E-11
3.800000E-1	3.317150E-9	3.317150E-9	8.447033E-11	8.447033E-11
3.900000E-1	3.729610E-9	3.729610E-9	9.497352E-11	9.497352E-11
4.000000E-1	2.401440E-9	2.401440E-9	6.115202E-11	6.115202E-11
4.100000E-1	3.098300E-9	3.098300E-9	7.889738E-11	7.889738E-11
4.200000E-1	4.431990E-9	4.431990E-9	1.128594E-10	1.128594E-10
4.300000E-1	4.762630E-9	4.762630E-9	1.212791E-10	1.212791E-10
4.400000E-1	4.703460E-9	4.703460E-9	1.197723E-10	1.197723E-10
4.500000E-1	5.997440E-9	5.997440E-9	1.527232E-10	1.527232E-10
4.600000E-1	5.610240E-9	5.610240E-9	1.428633E-10	1.428633E-10
4.700000E-1	8.072040E-9	8.072040E-9	2.055523E-10	2.055523E-10
4.800000E-1	2.500260E-8	2.500260E-8	6.366845E-10	6.366845E-10
4.900000E-1	2.641850E-8	2.641850E-8	6.727400E-10	6.727400E-10
5.000000E-1	3.589300E-8	3.589300E-8	9.140056E-10	9.140056E-10
