

14:48:01	23/02/21


Ell Cont: 5,0x10,0

SMU1	V name:		V1
	I name:		I1
	Mode:		V
	Function:	VAR1
SMU2	V name:		V2
	I name:		I2
	Mode:		common
	Function:	const.
SMU3	off
SMU4	off
VMUs	off

Primary Source (VAR1):	single
	Sweep Spacing:	linear
	Start:		-0.500000
	Stop:		0.500000
	Step:		0.010000
	Compliance:	0.050000
Power Compliance OFF

Timing:		Integration Time:	medium
	Delay Time (sec):	0.000000
	Hold Time (sec):	0.000000
	Wait Time (sec):	1.000000

Secondary Source (VAR2):	OFF


   V1	   I1	Abs(I)	J (A\um²)	Abs(J)
-5.000000E-1	-5.326990E-5	5.326990E-5	-1.356504E-6	1.356504E-6
-4.900000E-1	-5.183310E-5	5.183310E-5	-1.319916E-6	1.319916E-6
-4.800000E-1	-5.040990E-5	5.040990E-5	-1.283675E-6	1.283675E-6
-4.700000E-1	-4.900490E-5	4.900490E-5	-1.247897E-6	1.247897E-6
-4.600000E-1	-4.761190E-5	4.761190E-5	-1.212424E-6	1.212424E-6
-4.500000E-1	-4.624900E-5	4.624900E-5	-1.177718E-6	1.177718E-6
-4.400000E-1	-4.488980E-5	4.488980E-5	-1.143107E-6	1.143107E-6
-4.300000E-1	-4.354690E-5	4.354690E-5	-1.108910E-6	1.108910E-6
-4.200000E-1	-4.222730E-5	4.222730E-5	-1.075307E-6	1.075307E-6
-4.100000E-1	-4.090990E-5	4.090990E-5	-1.041760E-6	1.041760E-6
-4.000000E-1	-3.962340E-5	3.962340E-5	-1.008999E-6	1.008999E-6
-3.900000E-1	-3.834340E-5	3.834340E-5	-9.764044E-7	9.764044E-7
-3.800000E-1	-3.708340E-5	3.708340E-5	-9.443188E-7	9.443188E-7
-3.700000E-1	-3.583230E-5	3.583230E-5	-9.124599E-7	9.124599E-7
-3.600000E-1	-3.459940E-5	3.459940E-5	-8.810644E-7	8.810644E-7
-3.500000E-1	-3.338010E-5	3.338010E-5	-8.500153E-7	8.500153E-7
-3.400000E-1	-3.219120E-5	3.219120E-5	-8.197403E-7	8.197403E-7
-3.300000E-1	-3.100040E-5	3.100040E-5	-7.894168E-7	7.894168E-7
-3.200000E-1	-2.982550E-5	2.982550E-5	-7.594983E-7	7.594983E-7
-3.100000E-1	-2.866270E-5	2.866270E-5	-7.298879E-7	7.298879E-7
-3.000000E-1	-2.752520E-5	2.752520E-5	-7.009218E-7	7.009218E-7
-2.900000E-1	-2.639010E-5	2.639010E-5	-6.720168E-7	6.720168E-7
-2.800000E-1	-2.527390E-5	2.527390E-5	-6.435931E-7	6.435931E-7
-2.700000E-1	-2.417760E-5	2.417760E-5	-6.156761E-7	6.156761E-7
-2.600000E-1	-2.309130E-5	2.309130E-5	-5.880137E-7	5.880137E-7
-2.500000E-1	-2.202680E-5	2.202680E-5	-5.609065E-7	5.609065E-7
-2.400000E-1	-2.096840E-5	2.096840E-5	-5.339547E-7	5.339547E-7
-2.300000E-1	-1.993720E-5	1.993720E-5	-5.076954E-7	5.076954E-7
-2.200000E-1	-1.890650E-5	1.890650E-5	-4.814489E-7	4.814489E-7
-2.100000E-1	-1.790530E-5	1.790530E-5	-4.559536E-7	4.559536E-7
-2.000000E-1	-1.690930E-5	1.690930E-5	-4.305908E-7	4.305908E-7
-1.900000E-1	-1.593750E-5	1.593750E-5	-4.058442E-7	4.058442E-7
-1.800000E-1	-1.496430E-5	1.496430E-5	-3.810619E-7	3.810619E-7
-1.700000E-1	-1.402170E-5	1.402170E-5	-3.570588E-7	3.570588E-7
-1.600000E-1	-1.308490E-5	1.308490E-5	-3.332035E-7	3.332035E-7
-1.500000E-1	-1.216690E-5	1.216690E-5	-3.098268E-7	3.098268E-7
-1.400000E-1	-1.126670E-5	1.126670E-5	-2.869035E-7	2.869035E-7
-1.300000E-1	-1.037820E-5	1.037820E-5	-2.642781E-7	2.642781E-7
-1.200000E-1	-9.512630E-6	9.512630E-6	-2.422366E-7	2.422366E-7
-1.100000E-1	-8.653660E-6	8.653660E-6	-2.203631E-7	2.203631E-7
-1.000000E-1	-7.812000E-6	7.812000E-6	-1.989305E-7	1.989305E-7
-9.000000E-2	-6.981690E-6	6.981690E-6	-1.777869E-7	1.777869E-7
-8.000000E-2	-6.171300E-6	6.171300E-6	-1.571505E-7	1.571505E-7
-7.000000E-2	-5.367700E-6	5.367700E-6	-1.366870E-7	1.366870E-7
-6.000000E-2	-4.581040E-6	4.581040E-6	-1.166550E-7	1.166550E-7
-5.000000E-2	-3.798800E-6	3.798800E-6	-9.673542E-8	9.673542E-8
-4.000000E-2	-3.031190E-6	3.031190E-6	-7.718844E-8	7.718844E-8
-3.000000E-2	-2.267080E-6	2.267080E-6	-5.773058E-8	5.773058E-8
-2.000000E-2	-1.507000E-6	1.507000E-6	-3.837535E-8	3.837535E-8
-1.000000E-2	-7.582680E-7	7.582680E-7	-1.930909E-8	1.930909E-8
0.000000E+0	-2.343070E-9	2.343070E-9	-5.966565E-11	5.966565E-11
1.000000E-2	7.417980E-7	7.417980E-7	1.888969E-8	1.888969E-8
2.000000E-2	1.497380E-6	1.497380E-6	3.813038E-8	3.813038E-8
3.000000E-2	2.250510E-6	2.250510E-6	5.730863E-8	5.730863E-8
4.000000E-2	3.015710E-6	3.015710E-6	7.679424E-8	7.679424E-8
5.000000E-2	3.782060E-6	3.782060E-6	9.630914E-8	9.630914E-8
6.000000E-2	4.564450E-6	4.564450E-6	1.162325E-7	1.162325E-7
7.000000E-2	5.355920E-6	5.355920E-6	1.363871E-7	1.363871E-7
8.000000E-2	6.153630E-6	6.153630E-6	1.567005E-7	1.567005E-7
9.000000E-2	6.971720E-6	6.971720E-6	1.775330E-7	1.775330E-7
1.000000E-1	7.794790E-6	7.794790E-6	1.984922E-7	1.984922E-7
1.100000E-1	8.635960E-6	8.635960E-6	2.199124E-7	2.199124E-7
1.200000E-1	9.489320E-6	9.489320E-6	2.416430E-7	2.416430E-7
1.300000E-1	1.036362E-5	1.036362E-5	2.639068E-7	2.639068E-7
1.400000E-1	1.124218E-5	1.124218E-5	2.862791E-7	2.862791E-7
1.500000E-1	1.214810E-5	1.214810E-5	3.093481E-7	3.093481E-7
1.600000E-1	1.307100E-5	1.307100E-5	3.328495E-7	3.328495E-7
1.700000E-1	1.399710E-5	1.399710E-5	3.564324E-7	3.564324E-7
1.800000E-1	1.494730E-5	1.494730E-5	3.806290E-7	3.806290E-7
1.900000E-1	1.590630E-5	1.590630E-5	4.050497E-7	4.050497E-7
2.000000E-1	1.688250E-5	1.688250E-5	4.299083E-7	4.299083E-7
2.100000E-1	1.787250E-5	1.787250E-5	4.551184E-7	4.551184E-7
2.200000E-1	1.888490E-5	1.888490E-5	4.808989E-7	4.808989E-7
2.300000E-1	1.990650E-5	1.990650E-5	5.069137E-7	5.069137E-7
2.400000E-1	2.094530E-5	2.094530E-5	5.333664E-7	5.333664E-7
2.500000E-1	2.199490E-5	2.199490E-5	5.600942E-7	5.600942E-7
2.600000E-1	2.306850E-5	2.306850E-5	5.874331E-7	5.874331E-7
2.700000E-1	2.415670E-5	2.415670E-5	6.151439E-7	6.151439E-7
2.800000E-1	2.524600E-5	2.524600E-5	6.428826E-7	6.428826E-7
2.900000E-1	2.636850E-5	2.636850E-5	6.714668E-7	6.714668E-7
3.000000E-1	2.748650E-5	2.748650E-5	6.999363E-7	6.999363E-7
3.100000E-1	2.863810E-5	2.863810E-5	7.292615E-7	7.292615E-7
3.200000E-1	2.979030E-5	2.979030E-5	7.586020E-7	7.586020E-7
3.300000E-1	3.096410E-5	3.096410E-5	7.884925E-7	7.884925E-7
3.400000E-1	3.215220E-5	3.215220E-5	8.187471E-7	8.187471E-7
3.500000E-1	3.336200E-5	3.336200E-5	8.495544E-7	8.495544E-7
3.600000E-1	3.457760E-5	3.457760E-5	8.805093E-7	8.805093E-7
3.700000E-1	3.581270E-5	3.581270E-5	9.119608E-7	9.119608E-7
3.800000E-1	3.705970E-5	3.705970E-5	9.437153E-7	9.437153E-7
3.900000E-1	3.832610E-5	3.832610E-5	9.759638E-7	9.759638E-7
4.000000E-1	3.960790E-5	3.960790E-5	1.008605E-6	1.008605E-6
4.100000E-1	4.088550E-5	4.088550E-5	1.041138E-6	1.041138E-6
4.200000E-1	4.220550E-5	4.220550E-5	1.074752E-6	1.074752E-6
4.300000E-1	4.350500E-5	4.350500E-5	1.107843E-6	1.107843E-6
4.400000E-1	4.484780E-5	4.484780E-5	1.142037E-6	1.142037E-6
4.500000E-1	4.620700E-5	4.620700E-5	1.176649E-6	1.176649E-6
4.600000E-1	4.759170E-5	4.759170E-5	1.211910E-6	1.211910E-6
4.700000E-1	4.896670E-5	4.896670E-5	1.246924E-6	1.246924E-6
4.800000E-1	5.036470E-5	5.036470E-5	1.282524E-6	1.282524E-6
4.900000E-1	5.178850E-5	5.178850E-5	1.318780E-6	1.318780E-6
5.000000E-1	5.321010E-5	5.321010E-5	1.354981E-6	1.354981E-6
