

14:37:16	23/02/21


Ell Cont: 5,0x10,0

SMU1	V name:		V1
	I name:		I1
	Mode:		V
	Function:	VAR1
SMU2	V name:		V2
	I name:		I2
	Mode:		common
	Function:	const.
SMU3	off
SMU4	off
VMUs	off

Primary Source (VAR1):	single
	Sweep Spacing:	linear
	Start:		-0.500000
	Stop:		0.500000
	Step:		0.010000
	Compliance:	0.050000
Power Compliance OFF

Timing:		Integration Time:	medium
	Delay Time (sec):	0.000000
	Hold Time (sec):	0.000000
	Wait Time (sec):	1.000000

Secondary Source (VAR2):	OFF


   V1	   I1	Abs(I)	J (A\µm²)	Abs(J)
-5.000000E-1	-1.363890E-5	1.363890E-5	-3.473109E-7	3.473109E-7
-4.900000E-1	-1.330220E-5	1.330220E-5	-3.387369E-7	3.387369E-7
-4.800000E-1	-1.294080E-5	1.294080E-5	-3.295340E-7	3.295340E-7
-4.700000E-1	-1.263270E-5	1.263270E-5	-3.216883E-7	3.216883E-7
-4.600000E-1	-1.223410E-5	1.223410E-5	-3.115381E-7	3.115381E-7
-4.500000E-1	-1.190290E-5	1.190290E-5	-3.031041E-7	3.031041E-7
-4.400000E-1	-1.155580E-5	1.155580E-5	-2.942653E-7	2.942653E-7
-4.300000E-1	-1.127870E-5	1.127870E-5	-2.872091E-7	2.872091E-7
-4.200000E-1	-1.097910E-5	1.097910E-5	-2.795798E-7	2.795798E-7
-4.100000E-1	-1.062990E-5	1.062990E-5	-2.706875E-7	2.706875E-7
-4.000000E-1	-1.032760E-5	1.032760E-5	-2.629896E-7	2.629896E-7
-3.900000E-1	-1.003830E-5	1.003830E-5	-2.556226E-7	2.556226E-7
-3.800000E-1	-9.750440E-6	9.750440E-6	-2.482923E-7	2.482923E-7
-3.700000E-1	-9.467050E-6	9.467050E-6	-2.410759E-7	2.410759E-7
-3.600000E-1	-9.165150E-6	9.165150E-6	-2.333881E-7	2.333881E-7
-3.500000E-1	-8.826080E-6	8.826080E-6	-2.247538E-7	2.247538E-7
-3.400000E-1	-8.562230E-6	8.562230E-6	-2.180349E-7	2.180349E-7
-3.300000E-1	-8.312330E-6	8.312330E-6	-2.116712E-7	2.116712E-7
-3.200000E-1	-1.098427E-5	1.098427E-5	-2.797115E-7	2.797115E-7
-3.100000E-1	-1.030490E-5	1.030490E-5	-2.624115E-7	2.624115E-7
-3.000000E-1	-7.478690E-6	7.478690E-6	-1.904428E-7	1.904428E-7
-2.900000E-1	-7.195720E-6	7.195720E-6	-1.832371E-7	1.832371E-7
-2.800000E-1	-6.938800E-6	6.938800E-6	-1.766947E-7	1.766947E-7
-2.700000E-1	-6.647210E-6	6.647210E-6	-1.692694E-7	1.692694E-7
-2.600000E-1	-6.373690E-6	6.373690E-6	-1.623043E-7	1.623043E-7
-2.500000E-1	-6.123370E-6	6.123370E-6	-1.559300E-7	1.559300E-7
-2.400000E-1	-5.843270E-6	5.843270E-6	-1.487973E-7	1.487973E-7
-2.300000E-1	-5.573190E-6	5.573190E-6	-1.419198E-7	1.419198E-7
-2.200000E-1	-5.313530E-6	5.313530E-6	-1.353076E-7	1.353076E-7
-2.100000E-1	-5.041340E-6	5.041340E-6	-1.283764E-7	1.283764E-7
-2.000000E-1	-4.789520E-6	4.789520E-6	-1.219638E-7	1.219638E-7
-1.900000E-1	-4.523450E-6	4.523450E-6	-1.151884E-7	1.151884E-7
-1.800000E-1	-4.266240E-6	4.266240E-6	-1.086387E-7	1.086387E-7
-1.700000E-1	-4.019380E-6	4.019380E-6	-1.023524E-7	1.023524E-7
-1.600000E-1	-3.761090E-6	3.761090E-6	-9.577515E-8	9.577515E-8
-1.500000E-1	-3.514980E-6	3.514980E-6	-8.950802E-8	8.950802E-8
-1.400000E-1	-3.264640E-6	3.264640E-6	-8.313318E-8	8.313318E-8
-1.300000E-1	-3.019710E-6	3.019710E-6	-7.689610E-8	7.689610E-8
-1.200000E-1	-2.782890E-6	2.782890E-6	-7.086555E-8	7.086555E-8
-1.100000E-1	-2.538880E-6	2.538880E-6	-6.465190E-8	6.465190E-8
-1.000000E-1	-2.306190E-6	2.306190E-6	-5.872651E-8	5.872651E-8
-9.000000E-2	-2.063640E-6	2.063640E-6	-5.255004E-8	5.255004E-8
-8.000000E-2	-1.833660E-6	1.833660E-6	-4.669366E-8	4.669366E-8
-7.000000E-2	-1.604010E-6	1.604010E-6	-4.084568E-8	4.084568E-8
-6.000000E-2	-1.370700E-6	1.370700E-6	-3.490451E-8	3.490451E-8
-5.000000E-2	-1.139250E-6	1.139250E-6	-2.901069E-8	2.901069E-8
-4.000000E-2	-9.088740E-7	9.088740E-7	-2.314423E-8	2.314423E-8
-3.000000E-2	-6.806810E-7	6.806810E-7	-1.733336E-8	1.733336E-8
-2.000000E-2	-4.540790E-7	4.540790E-7	-1.156300E-8	1.156300E-8
-1.000000E-2	-2.277900E-7	2.277900E-7	-5.800611E-9	5.800611E-9
0.000000E+0	-1.357490E-9	1.357490E-9	-3.456812E-11	3.456812E-11
1.000000E-2	2.233400E-7	2.233400E-7	5.687293E-9	5.687293E-9
2.000000E-2	4.505230E-7	4.505230E-7	1.147245E-8	1.147245E-8
3.000000E-2	6.759370E-7	6.759370E-7	1.721255E-8	1.721255E-8
4.000000E-2	9.057360E-7	9.057360E-7	2.306432E-8	2.306432E-8
5.000000E-2	1.131068E-6	1.131068E-6	2.880234E-8	2.880234E-8
6.000000E-2	1.364940E-6	1.364940E-6	3.475783E-8	3.475783E-8
7.000000E-2	1.597980E-6	1.597980E-6	4.069213E-8	4.069213E-8
8.000000E-2	1.829440E-6	1.829440E-6	4.658620E-8	4.658620E-8
9.000000E-2	2.058830E-6	2.058830E-6	5.242755E-8	5.242755E-8
1.000000E-1	2.294190E-6	2.294190E-6	5.842093E-8	5.842093E-8
1.100000E-1	2.529340E-6	2.529340E-6	6.440896E-8	6.440896E-8
1.200000E-1	2.764820E-6	2.764820E-6	7.040540E-8	7.040540E-8
1.300000E-1	2.999110E-6	2.999110E-6	7.637153E-8	7.637153E-8
1.400000E-1	3.238420E-6	3.238420E-6	8.246549E-8	8.246549E-8
1.500000E-1	3.491910E-6	3.491910E-6	8.892055E-8	8.892055E-8
1.600000E-1	3.733610E-6	3.733610E-6	9.507537E-8	9.507537E-8
1.700000E-1	3.984340E-6	3.984340E-6	1.014601E-7	1.014601E-7
1.800000E-1	4.224510E-6	4.224510E-6	1.075760E-7	1.075760E-7
1.900000E-1	4.469700E-6	4.469700E-6	1.138197E-7	1.138197E-7
2.000000E-1	4.719120E-6	4.719120E-6	1.201711E-7	1.201711E-7
2.100000E-1	4.954480E-6	4.954480E-6	1.261645E-7	1.261645E-7
2.200000E-1	5.190740E-6	5.190740E-6	1.321808E-7	1.321808E-7
2.300000E-1	5.434590E-6	5.434590E-6	1.383904E-7	1.383904E-7
2.400000E-1	5.676880E-6	5.676880E-6	1.445602E-7	1.445602E-7
2.500000E-1	5.960020E-6	5.960020E-6	1.517703E-7	1.517703E-7
2.600000E-1	6.190210E-6	6.190210E-6	1.576320E-7	1.576320E-7
2.700000E-1	6.445990E-6	6.445990E-6	1.641454E-7	1.641454E-7
2.800000E-1	6.706420E-6	6.706420E-6	1.707772E-7	1.707772E-7
2.900000E-1	6.954440E-6	6.954440E-6	1.770929E-7	1.770929E-7
3.000000E-1	7.206920E-6	7.206920E-6	1.835223E-7	1.835223E-7
3.100000E-1	7.477230E-6	7.477230E-6	1.904057E-7	1.904057E-7
3.200000E-1	7.753850E-6	7.753850E-6	1.974497E-7	1.974497E-7
3.300000E-1	8.022880E-6	8.022880E-6	2.043005E-7	2.043005E-7
3.400000E-1	8.303620E-6	8.303620E-6	2.114495E-7	2.114495E-7
3.500000E-1	8.549190E-6	8.549190E-6	2.177028E-7	2.177028E-7
3.600000E-1	8.820960E-6	8.820960E-6	2.246234E-7	2.246234E-7
3.700000E-1	9.076810E-6	9.076810E-6	2.311385E-7	2.311385E-7
3.800000E-1	9.395520E-6	9.395520E-6	2.392544E-7	2.392544E-7
3.900000E-1	9.643360E-6	9.643360E-6	2.455656E-7	2.455656E-7
4.000000E-1	9.925990E-6	9.925990E-6	2.527627E-7	2.527627E-7
4.100000E-1	1.018575E-5	1.018575E-5	2.593774E-7	2.593774E-7
4.200000E-1	1.048459E-5	1.048459E-5	2.669873E-7	2.669873E-7
4.300000E-1	1.076062E-5	1.076062E-5	2.740163E-7	2.740163E-7
4.400000E-1	1.099306E-5	1.099306E-5	2.799353E-7	2.799353E-7
4.500000E-1	1.135193E-5	1.135193E-5	2.890738E-7	2.890738E-7
4.600000E-1	1.159960E-5	1.159960E-5	2.953807E-7	2.953807E-7
4.700000E-1	1.190550E-5	1.190550E-5	3.031704E-7	3.031704E-7
4.800000E-1	1.224850E-5	1.224850E-5	3.119048E-7	3.119048E-7
4.900000E-1	1.254630E-5	1.254630E-5	3.194882E-7	3.194882E-7
5.000000E-1	1.284110E-5	1.284110E-5	3.269952E-7	3.269952E-7
