

14:50:27	23/02/21


Ell Cont: 5,0x10,0

SMU1	V name:		V1
	I name:		I1
	Mode:		V
	Function:	VAR1
SMU2	V name:		V2
	I name:		I2
	Mode:		common
	Function:	const.
SMU3	off
SMU4	off
VMUs	off

Primary Source (VAR1):	single
	Sweep Spacing:	linear
	Start:		-0.500000
	Stop:		0.500000
	Step:		0.010000
	Compliance:	0.050000
Power Compliance OFF

Timing:		Integration Time:	medium
	Delay Time (sec):	0.000000
	Hold Time (sec):	0.000000
	Wait Time (sec):	1.000000

Secondary Source (VAR2):	OFF


   V1	   I1	Abs(I)	J (A\um²)	Abs(J)
-5.000000E-1	-2.305690E-4	2.305690E-4	-5.871378E-6	5.871378E-6
-4.900000E-1	-2.237530E-4	2.237530E-4	-5.697810E-6	5.697810E-6
-4.800000E-1	-2.170280E-4	2.170280E-4	-5.526560E-6	5.526560E-6
-4.700000E-1	-2.104290E-4	2.104290E-4	-5.358518E-6	5.358518E-6
-4.600000E-1	-2.038760E-4	2.038760E-4	-5.191648E-6	5.191648E-6
-4.500000E-1	-1.974940E-4	1.974940E-4	-5.029132E-6	5.029132E-6
-4.400000E-1	-1.911600E-4	1.911600E-4	-4.867838E-6	4.867838E-6
-4.300000E-1	-1.849240E-4	1.849240E-4	-4.709040E-6	4.709040E-6
-4.200000E-1	-1.788310E-4	1.788310E-4	-4.553883E-6	4.553883E-6
-4.100000E-1	-1.727680E-4	1.727680E-4	-4.399491E-6	4.399491E-6
-4.000000E-1	-1.668560E-4	1.668560E-4	-4.248943E-6	4.248943E-6
-3.900000E-1	-1.609870E-4	1.609870E-4	-4.099491E-6	4.099491E-6
-3.800000E-1	-1.552450E-4	1.552450E-4	-3.953272E-6	3.953272E-6
-3.700000E-1	-1.495600E-4	1.495600E-4	-3.808505E-6	3.808505E-6
-3.600000E-1	-1.440040E-4	1.440040E-4	-3.667023E-6	3.667023E-6
-3.500000E-1	-1.384880E-4	1.384880E-4	-3.526560E-6	3.526560E-6
-3.400000E-1	-1.331220E-4	1.331220E-4	-3.389916E-6	3.389916E-6
-3.300000E-1	-1.277780E-4	1.277780E-4	-3.253832E-6	3.253832E-6
-3.200000E-1	-1.225700E-4	1.225700E-4	-3.121212E-6	3.121212E-6
-3.100000E-1	-1.174380E-4	1.174380E-4	-2.990527E-6	2.990527E-6
-3.000000E-1	-1.124190E-4	1.124190E-4	-2.862720E-6	2.862720E-6
-2.900000E-1	-1.074490E-4	1.074490E-4	-2.736160E-6	2.736160E-6
-2.800000E-1	-1.025590E-4	1.025590E-4	-2.611637E-6	2.611637E-6
-2.700000E-1	-9.779380E-5	9.779380E-5	-2.490293E-6	2.490293E-6
-2.600000E-1	-9.309940E-5	9.309940E-5	-2.370751E-6	2.370751E-6
-2.500000E-1	-8.852800E-5	8.852800E-5	-2.254342E-6	2.254342E-6
-2.400000E-1	-8.400270E-5	8.400270E-5	-2.139106E-6	2.139106E-6
-2.300000E-1	-7.958980E-5	7.958980E-5	-2.026733E-6	2.026733E-6
-2.200000E-1	-7.523510E-5	7.523510E-5	-1.915842E-6	1.915842E-6
-2.100000E-1	-7.100030E-5	7.100030E-5	-1.808004E-6	1.808004E-6
-2.000000E-1	-6.682850E-5	6.682850E-5	-1.701770E-6	1.701770E-6
-1.900000E-1	-6.277250E-5	6.277250E-5	-1.598485E-6	1.598485E-6
-1.800000E-1	-5.876730E-5	5.876730E-5	-1.496493E-6	1.496493E-6
-1.700000E-1	-5.488020E-5	5.488020E-5	-1.397510E-6	1.397510E-6
-1.600000E-1	-5.105810E-5	5.105810E-5	-1.300181E-6	1.300181E-6
-1.500000E-1	-4.730910E-5	4.730910E-5	-1.204714E-6	1.204714E-6
-1.400000E-1	-4.367730E-5	4.367730E-5	-1.112231E-6	1.112231E-6
-1.300000E-1	-4.010350E-5	4.010350E-5	-1.021225E-6	1.021225E-6
-1.200000E-1	-3.663760E-5	3.663760E-5	-9.329666E-7	9.329666E-7
-1.100000E-1	-3.323050E-5	3.323050E-5	-8.462057E-7	8.462057E-7
-1.000000E-1	-2.992560E-5	2.992560E-5	-7.620474E-7	7.620474E-7
-9.000000E-2	-2.667400E-5	2.667400E-5	-6.792462E-7	6.792462E-7
-8.000000E-2	-2.351960E-5	2.351960E-5	-5.989203E-7	5.989203E-7
-7.000000E-2	-2.040940E-5	2.040940E-5	-5.197199E-7	5.197199E-7
-6.000000E-2	-1.738050E-5	1.738050E-5	-4.425898E-7	4.425898E-7
-5.000000E-2	-1.439010E-5	1.439010E-5	-3.664400E-7	3.664400E-7
-4.000000E-2	-1.146630E-5	1.146630E-5	-2.919862E-7	2.919862E-7
-3.000000E-2	-8.563750E-6	8.563750E-6	-2.180736E-7	2.180736E-7
-2.000000E-2	-5.690330E-6	5.690330E-6	-1.449027E-7	1.449027E-7
-1.000000E-2	-2.860030E-6	2.860030E-6	-7.282989E-8	7.282989E-8
0.000000E+0	-1.993050E-8	1.993050E-8	-5.075248E-10	5.075248E-10
1.000000E-2	2.797160E-6	2.797160E-6	7.122893E-8	7.122893E-8
2.000000E-2	5.649520E-6	5.649520E-6	1.438635E-7	1.438635E-7
3.000000E-2	8.500340E-6	8.500340E-6	2.164589E-7	2.164589E-7
4.000000E-2	1.140150E-5	1.140150E-5	2.903361E-7	2.903361E-7
5.000000E-2	1.432450E-5	1.432450E-5	3.647695E-7	3.647695E-7
6.000000E-2	1.731940E-5	1.731940E-5	4.410339E-7	4.410339E-7
7.000000E-2	2.037260E-5	2.037260E-5	5.187828E-7	5.187828E-7
8.000000E-2	2.345740E-5	2.345740E-5	5.973364E-7	5.973364E-7
9.000000E-2	2.664170E-5	2.664170E-5	6.784237E-7	6.784237E-7
1.000000E-1	2.987320E-5	2.987320E-5	7.607130E-7	7.607130E-7
1.100000E-1	3.320520E-5	3.320520E-5	8.455615E-7	8.455615E-7
1.200000E-1	3.659240E-5	3.659240E-5	9.318156E-7	9.318156E-7
1.300000E-1	4.008650E-5	4.008650E-5	1.020792E-6	1.020792E-6
1.400000E-1	4.363480E-5	4.363480E-5	1.111148E-6	1.111148E-6
1.500000E-1	4.730020E-5	4.730020E-5	1.204487E-6	1.204487E-6
1.600000E-1	5.105770E-5	5.105770E-5	1.300171E-6	1.300171E-6
1.700000E-1	5.485780E-5	5.485780E-5	1.396939E-6	1.396939E-6
1.800000E-1	5.878540E-5	5.878540E-5	1.496954E-6	1.496954E-6
1.900000E-1	6.275770E-5	6.275770E-5	1.598108E-6	1.598108E-6
2.000000E-1	6.685880E-5	6.685880E-5	1.702541E-6	1.702541E-6
2.100000E-1	7.100590E-5	7.100590E-5	1.808146E-6	1.808146E-6
2.200000E-1	7.527330E-5	7.527330E-5	1.916814E-6	1.916814E-6
2.300000E-1	7.960340E-5	7.960340E-5	2.027079E-6	2.027079E-6
2.400000E-1	8.403660E-5	8.403660E-5	2.139969E-6	2.139969E-6
2.500000E-1	8.854240E-5	8.854240E-5	2.254708E-6	2.254708E-6
2.600000E-1	9.317520E-5	9.317520E-5	2.372681E-6	2.372681E-6
2.700000E-1	9.789100E-5	9.789100E-5	2.492768E-6	2.492768E-6
2.800000E-1	1.026596E-4	1.026596E-4	2.614199E-6	2.614199E-6
2.900000E-1	1.075637E-4	1.075637E-4	2.739081E-6	2.739081E-6
3.000000E-1	1.124979E-4	1.124979E-4	2.864729E-6	2.864729E-6
3.100000E-1	1.175710E-4	1.175710E-4	2.993914E-6	2.993914E-6
3.200000E-1	1.226910E-4	1.226910E-4	3.124293E-6	3.124293E-6
3.300000E-1	1.279350E-4	1.279350E-4	3.257830E-6	3.257830E-6
3.400000E-1	1.332190E-4	1.332190E-4	3.392386E-6	3.392386E-6
3.500000E-1	1.386430E-4	1.386430E-4	3.530507E-6	3.530507E-6
3.600000E-1	1.441120E-4	1.441120E-4	3.669773E-6	3.669773E-6
3.700000E-1	1.497290E-4	1.497290E-4	3.812809E-6	3.812809E-6
3.800000E-1	1.554220E-4	1.554220E-4	3.957779E-6	3.957779E-6
3.900000E-1	1.611680E-4	1.611680E-4	4.104100E-6	4.104100E-6
4.000000E-1	1.670590E-4	1.670590E-4	4.254113E-6	4.254113E-6
4.100000E-1	1.729900E-4	1.729900E-4	4.405144E-6	4.405144E-6
4.200000E-1	1.790510E-4	1.790510E-4	4.559486E-6	4.559486E-6
4.300000E-1	1.851740E-4	1.851740E-4	4.715406E-6	4.715406E-6
4.400000E-1	1.914290E-4	1.914290E-4	4.874688E-6	4.874688E-6
4.500000E-1	1.977440E-4	1.977440E-4	5.035498E-6	5.035498E-6
4.600000E-1	2.041890E-4	2.041890E-4	5.199618E-6	5.199618E-6
4.700000E-1	2.106840E-4	2.106840E-4	5.365011E-6	5.365011E-6
4.800000E-1	2.173450E-4	2.173450E-4	5.534632E-6	5.534632E-6
4.900000E-1	2.240890E-4	2.240890E-4	5.706366E-6	5.706366E-6
5.000000E-1	2.308450E-4	2.308450E-4	5.878406E-6	5.878406E-6
