

14:48:56	23/02/21


Ell Cont: 5,0x10,0

SMU1	V name:		V1
	I name:		I1
	Mode:		V
	Function:	VAR1
SMU2	V name:		V2
	I name:		I2
	Mode:		common
	Function:	const.
SMU3	off
SMU4	off
VMUs	off

Primary Source (VAR1):	single
	Sweep Spacing:	linear
	Start:		-0.500000
	Stop:		0.500000
	Step:		0.010000
	Compliance:	0.050000
Power Compliance OFF

Timing:		Integration Time:	medium
	Delay Time (sec):	0.000000
	Hold Time (sec):	0.000000
	Wait Time (sec):	1.000000

Secondary Source (VAR2):	OFF


   V1	   I1	Abs(I)	J (A\um²)	Abs(J)
-5.000000E-1	-1.420170E-4	1.420170E-4	-3.616425E-6	3.616425E-6
-4.900000E-1	-1.378130E-4	1.378130E-4	-3.509371E-6	3.509371E-6
-4.800000E-1	-1.336820E-4	1.336820E-4	-3.404176E-6	3.404176E-6
-4.700000E-1	-1.296300E-4	1.296300E-4	-3.300993E-6	3.300993E-6
-4.600000E-1	-1.255900E-4	1.255900E-4	-3.198116E-6	3.198116E-6
-4.500000E-1	-1.216660E-4	1.216660E-4	-3.098192E-6	3.098192E-6
-4.400000E-1	-1.177540E-4	1.177540E-4	-2.998574E-6	2.998574E-6
-4.300000E-1	-1.139040E-4	1.139040E-4	-2.900535E-6	2.900535E-6
-4.200000E-1	-1.101640E-4	1.101640E-4	-2.805297E-6	2.805297E-6
-4.100000E-1	-1.064160E-4	1.064160E-4	-2.709855E-6	2.709855E-6
-4.000000E-1	-1.027650E-4	1.027650E-4	-2.616883E-6	2.616883E-6
-3.900000E-1	-9.912940E-5	9.912940E-5	-2.524304E-6	2.524304E-6
-3.800000E-1	-9.559200E-5	9.559200E-5	-2.434225E-6	2.434225E-6
-3.700000E-1	-9.208700E-5	9.208700E-5	-2.344971E-6	2.344971E-6
-3.600000E-1	-8.865250E-5	8.865250E-5	-2.257512E-6	2.257512E-6
-3.500000E-1	-8.522800E-5	8.522800E-5	-2.170308E-6	2.170308E-6
-3.400000E-1	-8.191550E-5	8.191550E-5	-2.085956E-6	2.085956E-6
-3.300000E-1	-7.862240E-5	7.862240E-5	-2.002098E-6	2.002098E-6
-3.200000E-1	-7.540630E-5	7.540630E-5	-1.920201E-6	1.920201E-6
-3.100000E-1	-7.222560E-5	7.222560E-5	-1.839205E-6	1.839205E-6
-3.000000E-1	-6.912330E-5	6.912330E-5	-1.760206E-6	1.760206E-6
-2.900000E-1	-6.605210E-5	6.605210E-5	-1.681999E-6	1.681999E-6
-2.800000E-1	-6.302240E-5	6.302240E-5	-1.604848E-6	1.604848E-6
-2.700000E-1	-6.008180E-5	6.008180E-5	-1.529967E-6	1.529967E-6
-2.600000E-1	-5.716790E-5	5.716790E-5	-1.455765E-6	1.455765E-6
-2.500000E-1	-5.432480E-5	5.432480E-5	-1.383366E-6	1.383366E-6
-2.400000E-1	-5.151630E-5	5.151630E-5	-1.311849E-6	1.311849E-6
-2.300000E-1	-4.879680E-5	4.879680E-5	-1.242597E-6	1.242597E-6
-2.200000E-1	-4.611220E-5	4.611220E-5	-1.174235E-6	1.174235E-6
-2.100000E-1	-4.349380E-5	4.349380E-5	-1.107558E-6	1.107558E-6
-2.000000E-1	-4.090670E-5	4.090670E-5	-1.041678E-6	1.041678E-6
-1.900000E-1	-3.839980E-5	3.839980E-5	-9.778406E-7	9.778406E-7
-1.800000E-1	-3.592100E-5	3.592100E-5	-9.147186E-7	9.147186E-7
-1.700000E-1	-3.352440E-5	3.352440E-5	-8.536898E-7	8.536898E-7
-1.600000E-1	-3.115800E-5	3.115800E-5	-7.934301E-7	7.934301E-7
-1.500000E-1	-2.885340E-5	2.885340E-5	-7.347441E-7	7.347441E-7
-1.400000E-1	-2.662260E-5	2.662260E-5	-6.779373E-7	6.779373E-7
-1.300000E-1	-2.442480E-5	2.442480E-5	-6.219710E-7	6.219710E-7
-1.200000E-1	-2.229450E-5	2.229450E-5	-5.677234E-7	5.677234E-7
-1.100000E-1	-2.020320E-5	2.020320E-5	-5.144691E-7	5.144691E-7
-1.000000E-1	-1.818000E-5	1.818000E-5	-4.629488E-7	4.629488E-7
-9.000000E-2	-1.619000E-5	1.619000E-5	-4.122740E-7	4.122740E-7
-8.000000E-2	-1.426450E-5	1.426450E-5	-3.632417E-7	3.632417E-7
-7.000000E-2	-1.237040E-5	1.237040E-5	-3.150089E-7	3.150089E-7
-6.000000E-2	-1.052720E-5	1.052720E-5	-2.680723E-7	2.680723E-7
-5.000000E-2	-8.711190E-6	8.711190E-6	-2.218281E-7	2.218281E-7
-4.000000E-2	-6.937880E-6	6.937880E-6	-1.766712E-7	1.766712E-7
-3.000000E-2	-5.179480E-6	5.179480E-6	-1.318941E-7	1.318941E-7
-2.000000E-2	-3.440170E-6	3.440170E-6	-8.760300E-8	8.760300E-8
-1.000000E-2	-1.728950E-6	1.728950E-6	-4.402725E-8	4.402725E-8
0.000000E+0	-1.179680E-8	1.179680E-8	-3.004023E-10	3.004023E-10
1.000000E-2	1.692440E-6	1.692440E-6	4.309753E-8	4.309753E-8
2.000000E-2	3.417200E-6	3.417200E-6	8.701808E-8	8.701808E-8
3.000000E-2	5.142610E-6	5.142610E-6	1.309552E-7	1.309552E-7
4.000000E-2	6.902530E-6	6.902530E-6	1.757711E-7	1.757711E-7
5.000000E-2	8.677280E-6	8.677280E-6	2.209646E-7	2.209646E-7
6.000000E-2	1.049730E-5	1.049730E-5	2.673109E-7	2.673109E-7
7.000000E-2	1.235100E-5	1.235100E-5	3.145149E-7	3.145149E-7
8.000000E-2	1.423720E-5	1.423720E-5	3.625465E-7	3.625465E-7
9.000000E-2	1.617690E-5	1.617690E-5	4.119404E-7	4.119404E-7
1.000000E-1	1.815060E-5	1.815060E-5	4.622001E-7	4.622001E-7
1.100000E-1	2.019080E-5	2.019080E-5	5.141533E-7	5.141533E-7
1.200000E-1	2.226470E-5	2.226470E-5	5.669646E-7	5.669646E-7
1.300000E-1	2.441460E-5	2.441460E-5	6.217112E-7	6.217112E-7
1.400000E-1	2.660000E-5	2.660000E-5	6.773618E-7	6.773618E-7
1.500000E-1	2.884700E-5	2.884700E-5	7.345811E-7	7.345811E-7
1.600000E-1	3.116470E-5	3.116470E-5	7.936007E-7	7.936007E-7
1.700000E-1	3.350980E-5	3.350980E-5	8.533180E-7	8.533180E-7
1.800000E-1	3.592710E-5	3.592710E-5	9.148739E-7	9.148739E-7
1.900000E-1	3.839480E-5	3.839480E-5	9.777133E-7	9.777133E-7
2.000000E-1	4.092940E-5	4.092940E-5	1.042256E-6	1.042256E-6
2.100000E-1	4.349080E-5	4.349080E-5	1.107482E-6	1.107482E-6
2.200000E-1	4.613970E-5	4.613970E-5	1.174935E-6	1.174935E-6
2.300000E-1	4.881590E-5	4.881590E-5	1.243084E-6	1.243084E-6
2.400000E-1	5.157380E-5	5.157380E-5	1.313313E-6	1.313313E-6
2.500000E-1	5.437290E-5	5.437290E-5	1.384591E-6	1.384591E-6
2.600000E-1	5.724430E-5	5.724430E-5	1.457711E-6	1.457711E-6
2.700000E-1	6.015330E-5	6.015330E-5	1.531788E-6	1.531788E-6
2.800000E-1	6.310370E-5	6.310370E-5	1.606919E-6	1.606919E-6
2.900000E-1	6.614300E-5	6.614300E-5	1.684314E-6	1.684314E-6
3.000000E-1	6.918150E-5	6.918150E-5	1.761688E-6	1.761688E-6
3.100000E-1	7.232340E-5	7.232340E-5	1.841696E-6	1.841696E-6
3.200000E-1	7.550550E-5	7.550550E-5	1.922727E-6	1.922727E-6
3.300000E-1	7.874940E-5	7.874940E-5	2.005332E-6	2.005332E-6
3.400000E-1	8.204960E-5	8.204960E-5	2.089371E-6	2.089371E-6
3.500000E-1	8.538920E-5	8.538920E-5	2.174413E-6	2.174413E-6
3.600000E-1	8.878060E-5	8.878060E-5	2.260774E-6	2.260774E-6
3.700000E-1	9.225700E-5	9.225700E-5	2.349300E-6	2.349300E-6
3.800000E-1	9.577130E-5	9.577130E-5	2.438790E-6	2.438790E-6
3.900000E-1	9.932040E-5	9.932040E-5	2.529167E-6	2.529167E-6
4.000000E-1	1.029396E-4	1.029396E-4	2.621329E-6	2.621329E-6
4.100000E-1	1.066138E-4	1.066138E-4	2.714892E-6	2.714892E-6
4.200000E-1	1.103550E-4	1.103550E-4	2.810160E-6	2.810160E-6
4.300000E-1	1.141510E-4	1.141510E-4	2.906825E-6	2.906825E-6
4.400000E-1	1.180100E-4	1.180100E-4	3.005093E-6	3.005093E-6
4.500000E-1	1.219090E-4	1.219090E-4	3.104380E-6	3.104380E-6
4.600000E-1	1.258810E-4	1.258810E-4	3.205526E-6	3.205526E-6
4.700000E-1	1.298700E-4	1.298700E-4	3.307105E-6	3.307105E-6
4.800000E-1	1.339670E-4	1.339670E-4	3.411434E-6	3.411434E-6
4.900000E-1	1.380870E-4	1.380870E-4	3.516348E-6	3.516348E-6
5.000000E-1	1.422470E-4	1.422470E-4	3.622282E-6	3.622282E-6
