

14:44:20	23/02/21


Ell Cont: 5,0x10,0

SMU1	V name:		V1
	I name:		I1
	Mode:		V
	Function:	VAR1
SMU2	V name:		V2
	I name:		I2
	Mode:		common
	Function:	const.
SMU3	off
SMU4	off
VMUs	off

Primary Source (VAR1):	single
	Sweep Spacing:	linear
	Start:		-0.500000
	Stop:		0.500000
	Step:		0.010000
	Compliance:	0.050000
Power Compliance OFF

Timing:		Integration Time:	medium
	Delay Time (sec):	0.000000
	Hold Time (sec):	0.000000
	Wait Time (sec):	1.000000

Secondary Source (VAR2):	OFF


   V1	   I1	Abs(I)	J (A\um²)	Abs(J)
-5.000000E-1	-4.339630E-4	4.339630E-4	-1.105075E-5	1.105075E-5
-4.900000E-1	-4.213890E-4	4.213890E-4	-1.073056E-5	1.073056E-5
-4.800000E-1	-4.089100E-4	4.089100E-4	-1.041278E-5	1.041278E-5
-4.700000E-1	-3.966950E-4	3.966950E-4	-1.010173E-5	1.010173E-5
-4.600000E-1	-3.845450E-4	3.845450E-4	-9.792335E-6	9.792335E-6
-4.500000E-1	-3.726850E-4	3.726850E-4	-9.490323E-6	9.490323E-6
-4.400000E-1	-3.609040E-4	3.609040E-4	-9.190323E-6	9.190323E-6
-4.300000E-1	-3.493040E-4	3.493040E-4	-8.894932E-6	8.894932E-6
-4.200000E-1	-3.379360E-4	3.379360E-4	-8.605449E-6	8.605449E-6
-4.100000E-1	-3.266920E-4	3.266920E-4	-8.319124E-6	8.319124E-6
-4.000000E-1	-3.156830E-4	3.156830E-4	-8.038783E-6	8.038783E-6
-3.900000E-1	-3.047550E-4	3.047550E-4	-7.760504E-6	7.760504E-6
-3.800000E-1	-2.940920E-4	2.940920E-4	-7.488974E-6	7.488974E-6
-3.700000E-1	-2.834940E-4	2.834940E-4	-7.219098E-6	7.219098E-6
-3.600000E-1	-2.731540E-4	2.731540E-4	-6.955793E-6	6.955793E-6
-3.500000E-1	-2.629070E-4	2.629070E-4	-6.694856E-6	6.694856E-6
-3.400000E-1	-2.528940E-4	2.528940E-4	-6.439878E-6	6.439878E-6
-3.300000E-1	-2.429690E-4	2.429690E-4	-6.187140E-6	6.187140E-6
-3.200000E-1	-2.333040E-4	2.333040E-4	-5.941024E-6	5.941024E-6
-3.100000E-1	-2.236860E-4	2.236860E-4	-5.696104E-6	5.696104E-6
-3.000000E-1	-2.143280E-4	2.143280E-4	-5.457805E-6	5.457805E-6
-2.900000E-1	-2.050750E-4	2.050750E-4	-5.222180E-6	5.222180E-6
-2.800000E-1	-1.959680E-4	1.959680E-4	-4.990272E-6	4.990272E-6
-2.700000E-1	-1.870890E-4	1.870890E-4	-4.764171E-6	4.764171E-6
-2.600000E-1	-1.782940E-4	1.782940E-4	-4.540209E-6	4.540209E-6
-2.500000E-1	-1.697440E-4	1.697440E-4	-4.322485E-6	4.322485E-6
-2.400000E-1	-1.612560E-4	1.612560E-4	-4.106341E-6	4.106341E-6
-2.300000E-1	-1.530150E-4	1.530150E-4	-3.896486E-6	3.896486E-6
-2.200000E-1	-1.448440E-4	1.448440E-4	-3.688414E-6	3.688414E-6
-2.100000E-1	-1.369060E-4	1.369060E-4	-3.486274E-6	3.486274E-6
-2.000000E-1	-1.290470E-4	1.290470E-4	-3.286147E-6	3.286147E-6
-1.900000E-1	-1.214050E-4	1.214050E-4	-3.091546E-6	3.091546E-6
-1.800000E-1	-1.138510E-4	1.138510E-4	-2.899185E-6	2.899185E-6
-1.700000E-1	-1.065040E-4	1.065040E-4	-2.712096E-6	2.712096E-6
-1.600000E-1	-9.925660E-5	9.925660E-5	-2.527543E-6	2.527543E-6
-1.500000E-1	-9.213830E-5	9.213830E-5	-2.346277E-6	2.346277E-6
-1.400000E-1	-8.523890E-5	8.523890E-5	-2.170586E-6	2.170586E-6
-1.300000E-1	-7.841600E-5	7.841600E-5	-1.996842E-6	1.996842E-6
-1.200000E-1	-7.178530E-5	7.178530E-5	-1.827993E-6	1.827993E-6
-1.100000E-1	-6.523990E-5	6.523990E-5	-1.661317E-6	1.661317E-6
-1.000000E-1	-5.886780E-5	5.886780E-5	-1.499053E-6	1.499053E-6
-9.000000E-2	-5.256190E-5	5.256190E-5	-1.338475E-6	1.338475E-6
-8.000000E-2	-4.642950E-5	4.642950E-5	-1.182315E-6	1.182315E-6
-7.000000E-2	-4.035730E-5	4.035730E-5	-1.027688E-6	1.027688E-6
-6.000000E-2	-3.442360E-5	3.442360E-5	-8.765877E-7	8.765877E-7
-5.000000E-2	-2.853620E-5	2.853620E-5	-7.266667E-7	7.266667E-7
-4.000000E-2	-2.276740E-5	2.276740E-5	-5.797657E-7	5.797657E-7
-3.000000E-2	-1.702110E-5	1.702110E-5	-4.334377E-7	4.334377E-7
-2.000000E-2	-1.131880E-5	1.131880E-5	-2.882302E-7	2.882302E-7
-1.000000E-2	-5.690490E-6	5.690490E-6	-1.449068E-7	1.449068E-7
0.000000E+0	-3.841810E-8	3.841810E-8	-9.783066E-10	9.783066E-10
1.000000E-2	5.564910E-6	5.564910E-6	1.417089E-7	1.417089E-7
2.000000E-2	1.123113E-5	1.123113E-5	2.859977E-7	2.859977E-7
3.000000E-2	1.688150E-5	1.688150E-5	4.298829E-7	4.298829E-7
4.000000E-2	2.262430E-5	2.262430E-5	5.761217E-7	5.761217E-7
5.000000E-2	2.838100E-5	2.838100E-5	7.227145E-7	7.227145E-7
6.000000E-2	3.425720E-5	3.425720E-5	8.723504E-7	8.723504E-7
7.000000E-2	4.021830E-5	4.021830E-5	1.024148E-6	1.024148E-6
8.000000E-2	4.623150E-5	4.623150E-5	1.177273E-6	1.177273E-6
9.000000E-2	5.239440E-5	5.239440E-5	1.334209E-6	1.334209E-6
1.000000E-1	5.863110E-5	5.863110E-5	1.493025E-6	1.493025E-6
1.100000E-1	6.503090E-5	6.503090E-5	1.655994E-6	1.655994E-6
1.200000E-1	7.150650E-5	7.150650E-5	1.820894E-6	1.820894E-6
1.300000E-1	7.816950E-5	7.816950E-5	1.990565E-6	1.990565E-6
1.400000E-1	8.490920E-5	8.490920E-5	2.162190E-6	2.162190E-6
1.500000E-1	9.185820E-5	9.185820E-5	2.339144E-6	2.339144E-6
1.600000E-1	9.894620E-5	9.894620E-5	2.519638E-6	2.519638E-6
1.700000E-1	1.061073E-4	1.061073E-4	2.701994E-6	2.701994E-6
1.800000E-1	1.134770E-4	1.134770E-4	2.889661E-6	2.889661E-6
1.900000E-1	1.209510E-4	1.209510E-4	3.079985E-6	3.079985E-6
2.000000E-1	1.286150E-4	1.286150E-4	3.275146E-6	3.275146E-6
2.100000E-1	1.363700E-4	1.363700E-4	3.472625E-6	3.472625E-6
2.200000E-1	1.443550E-4	1.443550E-4	3.675961E-6	3.675961E-6
2.300000E-1	1.524250E-4	1.524250E-4	3.881462E-6	3.881462E-6
2.400000E-1	1.606880E-4	1.606880E-4	4.091877E-6	4.091877E-6
2.500000E-1	1.690510E-4	1.690510E-4	4.304838E-6	4.304838E-6
2.600000E-1	1.776450E-4	1.776450E-4	4.523682E-6	4.523682E-6
2.700000E-1	1.863890E-4	1.863890E-4	4.746346E-6	4.746346E-6
2.800000E-1	1.952290E-4	1.952290E-4	4.971454E-6	4.971454E-6
2.900000E-1	2.042960E-4	2.042960E-4	5.202343E-6	5.202343E-6
3.000000E-1	2.134490E-4	2.134490E-4	5.435421E-6	5.435421E-6
3.100000E-1	2.228420E-4	2.228420E-4	5.674612E-6	5.674612E-6
3.200000E-1	2.323040E-4	2.323040E-4	5.915559E-6	5.915559E-6
3.300000E-1	2.420230E-4	2.420230E-4	6.163051E-6	6.163051E-6
3.400000E-1	2.518000E-4	2.518000E-4	6.412019E-6	6.412019E-6
3.500000E-1	2.618440E-4	2.618440E-4	6.667787E-6	6.667787E-6
3.600000E-1	2.719690E-4	2.719690E-4	6.925617E-6	6.925617E-6
3.700000E-1	2.823370E-4	2.823370E-4	7.189636E-6	7.189636E-6
3.800000E-1	2.928650E-4	2.928650E-4	7.457728E-6	7.457728E-6
3.900000E-1	3.035030E-4	3.035030E-4	7.728622E-6	7.728622E-6
4.000000E-1	3.143710E-4	3.143710E-4	8.005373E-6	8.005373E-6
4.100000E-1	3.253090E-4	3.253090E-4	8.283906E-6	8.283906E-6
4.200000E-1	3.365080E-4	3.365080E-4	8.569086E-6	8.569086E-6
4.300000E-1	3.478300E-4	3.478300E-4	8.857397E-6	8.857397E-6
4.400000E-1	3.593160E-4	3.593160E-4	9.149885E-6	9.149885E-6
4.500000E-1	3.709500E-4	3.709500E-4	9.446142E-6	9.446142E-6
4.600000E-1	3.828260E-4	3.828260E-4	9.748561E-6	9.748561E-6
4.700000E-1	3.948230E-4	3.948230E-4	1.005406E-5	1.005406E-5
4.800000E-1	4.070320E-4	4.070320E-4	1.036496E-5	1.036496E-5
4.900000E-1	4.194580E-4	4.194580E-4	1.068139E-5	1.068139E-5
5.000000E-1	4.319220E-4	4.319220E-4	1.099878E-5	1.099878E-5
