

14:51:53	23/02/21


Ell Cont: 5,0x10,0

SMU1	V name:		V1
	I name:		I1
	Mode:		V
	Function:	VAR1
SMU2	V name:		V2
	I name:		I2
	Mode:		common
	Function:	const.
SMU3	off
SMU4	off
VMUs	off

Primary Source (VAR1):	single
	Sweep Spacing:	linear
	Start:		-0.500000
	Stop:		0.500000
	Step:		0.010000
	Compliance:	0.050000
Power Compliance OFF

Timing:		Integration Time:	medium
	Delay Time (sec):	0.000000
	Hold Time (sec):	0.000000
	Wait Time (sec):	1.000000

Secondary Source (VAR2):	OFF


   V1	   I1	Abs(I)	J (A\um²)	Abs(J)
-5.000000E-1	-1.333760E-4	1.333760E-4	-3.396384E-6	3.396384E-6
-4.900000E-1	-1.299820E-4	1.299820E-4	-3.309957E-6	3.309957E-6
-4.800000E-1	-1.265950E-4	1.265950E-4	-3.223708E-6	3.223708E-6
-4.700000E-1	-1.232680E-4	1.232680E-4	-3.138986E-6	3.138986E-6
-4.600000E-1	-1.199410E-4	1.199410E-4	-3.054265E-6	3.054265E-6
-4.500000E-1	-1.166690E-4	1.166690E-4	-2.970945E-6	2.970945E-6
-4.400000E-1	-1.134160E-4	1.134160E-4	-2.888108E-6	2.888108E-6
-4.300000E-1	-1.101810E-4	1.101810E-4	-2.805730E-6	2.805730E-6
-4.200000E-1	-1.069880E-4	1.069880E-4	-2.724421E-6	2.724421E-6
-4.100000E-1	-1.038150E-4	1.038150E-4	-2.643621E-6	2.643621E-6
-4.000000E-1	-1.007070E-4	1.007070E-4	-2.564477E-6	2.564477E-6
-3.900000E-1	-9.758000E-5	9.758000E-5	-2.484848E-6	2.484848E-6
-3.800000E-1	-9.452630E-5	9.452630E-5	-2.407087E-6	2.407087E-6
-3.700000E-1	-9.147980E-5	9.147980E-5	-2.329509E-6	2.329509E-6
-3.600000E-1	-8.847700E-5	8.847700E-5	-2.253043E-6	2.253043E-6
-3.500000E-1	-8.549700E-5	8.549700E-5	-2.177158E-6	2.177158E-6
-3.400000E-1	-8.255610E-5	8.255610E-5	-2.102269E-6	2.102269E-6
-3.300000E-1	-7.963220E-5	7.963220E-5	-2.027813E-6	2.027813E-6
-3.200000E-1	-7.675960E-5	7.675960E-5	-1.954663E-6	1.954663E-6
-3.100000E-1	-7.389430E-5	7.389430E-5	-1.881698E-6	1.881698E-6
-3.000000E-1	-7.107860E-5	7.107860E-5	-1.809997E-6	1.809997E-6
-2.900000E-1	-6.827390E-5	6.827390E-5	-1.738577E-6	1.738577E-6
-2.800000E-1	-6.550020E-5	6.550020E-5	-1.667945E-6	1.667945E-6
-2.700000E-1	-6.277340E-5	6.277340E-5	-1.598508E-6	1.598508E-6
-2.600000E-1	-6.007160E-5	6.007160E-5	-1.529707E-6	1.529707E-6
-2.500000E-1	-5.741670E-5	5.741670E-5	-1.462101E-6	1.462101E-6
-2.400000E-1	-5.477760E-5	5.477760E-5	-1.394897E-6	1.394897E-6
-2.300000E-1	-5.218550E-5	5.218550E-5	-1.328890E-6	1.328890E-6
-2.200000E-1	-4.959850E-5	4.959850E-5	-1.263012E-6	1.263012E-6
-2.100000E-1	-4.706920E-5	4.706920E-5	-1.198605E-6	1.198605E-6
-2.000000E-1	-4.455560E-5	4.455560E-5	-1.134596E-6	1.134596E-6
-1.900000E-1	-4.209020E-5	4.209020E-5	-1.071816E-6	1.071816E-6
-1.800000E-1	-3.963700E-5	3.963700E-5	-1.009346E-6	1.009346E-6
-1.700000E-1	-3.722810E-5	3.722810E-5	-9.480036E-7	9.480036E-7
-1.600000E-1	-3.483060E-5	3.483060E-5	-8.869519E-7	8.869519E-7
-1.500000E-1	-3.247030E-5	3.247030E-5	-8.268475E-7	8.268475E-7
-1.400000E-1	-3.015080E-5	3.015080E-5	-7.677820E-7	7.677820E-7
-1.300000E-1	-2.784340E-5	2.784340E-5	-7.090247E-7	7.090247E-7
-1.200000E-1	-2.558370E-5	2.558370E-5	-6.514820E-7	6.514820E-7
-1.100000E-1	-2.333570E-5	2.333570E-5	-5.942373E-7	5.942373E-7
-1.000000E-1	-2.112800E-5	2.112800E-5	-5.380188E-7	5.380188E-7
-9.000000E-2	-1.892730E-5	1.892730E-5	-4.819786E-7	4.819786E-7
-8.000000E-2	-1.676910E-5	1.676910E-5	-4.270206E-7	4.270206E-7
-7.000000E-2	-1.461740E-5	1.461740E-5	-3.722282E-7	3.722282E-7
-6.000000E-2	-1.250110E-5	1.250110E-5	-3.183371E-7	3.183371E-7
-5.000000E-2	-1.038640E-5	1.038640E-5	-2.644869E-7	2.644869E-7
-4.000000E-2	-8.301580E-6	8.301580E-6	-2.113975E-7	2.113975E-7
-3.000000E-2	-6.215860E-6	6.215860E-6	-1.582852E-7	1.582852E-7
-2.000000E-2	-4.137670E-6	4.137670E-6	-1.053647E-7	1.053647E-7
-1.000000E-2	-2.082280E-6	2.082280E-6	-5.302470E-8	5.302470E-8
0.000000E+0	-1.510870E-8	1.510870E-8	-3.847390E-10	3.847390E-10
1.000000E-2	2.035100E-6	2.035100E-6	5.182327E-8	5.182327E-8
2.000000E-2	4.105020E-6	4.105020E-6	1.045332E-7	1.045332E-7
3.000000E-2	6.165170E-6	6.165170E-6	1.569944E-7	1.569944E-7
4.000000E-2	8.249150E-6	8.249150E-6	2.100624E-7	2.100624E-7
5.000000E-2	1.032927E-5	1.032927E-5	2.630321E-7	2.630321E-7
6.000000E-2	1.244210E-5	1.244210E-5	3.168347E-7	3.168347E-7
7.000000E-2	1.457010E-5	1.457010E-5	3.710237E-7	3.710237E-7
8.000000E-2	1.669900E-5	1.669900E-5	4.252355E-7	4.252355E-7
9.000000E-2	1.886710E-5	1.886710E-5	4.804456E-7	4.804456E-7
1.000000E-1	2.104180E-5	2.104180E-5	5.358238E-7	5.358238E-7
1.100000E-1	2.325830E-5	2.325830E-5	5.922664E-7	5.922664E-7
1.200000E-1	2.548730E-5	2.548730E-5	6.490272E-7	6.490272E-7
1.300000E-1	2.775690E-5	2.775690E-5	7.068220E-7	7.068220E-7
1.400000E-1	3.003670E-5	3.003670E-5	7.648765E-7	7.648765E-7
1.500000E-1	3.236240E-5	3.236240E-5	8.240998E-7	8.240998E-7
1.600000E-1	3.471620E-5	3.471620E-5	8.840387E-7	8.840387E-7
1.700000E-1	3.708360E-5	3.708360E-5	9.443239E-7	9.443239E-7
1.800000E-1	3.949330E-5	3.949330E-5	1.005686E-6	1.005686E-6
1.900000E-1	4.192500E-5	4.192500E-5	1.067609E-6	1.067609E-6
2.000000E-1	4.439900E-5	4.439900E-5	1.130609E-6	1.130609E-6
2.100000E-1	4.688210E-5	4.688210E-5	1.193840E-6	1.193840E-6
2.200000E-1	4.942000E-5	4.942000E-5	1.258467E-6	1.258467E-6
2.300000E-1	5.197490E-5	5.197490E-5	1.323527E-6	1.323527E-6
2.400000E-1	5.456960E-5	5.456960E-5	1.389600E-6	1.389600E-6
2.500000E-1	5.717920E-5	5.717920E-5	1.456053E-6	1.456053E-6
2.600000E-1	5.983860E-5	5.983860E-5	1.523774E-6	1.523774E-6
2.700000E-1	6.253870E-5	6.253870E-5	1.592531E-6	1.592531E-6
2.800000E-1	6.523720E-5	6.523720E-5	1.661248E-6	1.661248E-6
2.900000E-1	6.799530E-5	6.799530E-5	1.731482E-6	1.731482E-6
3.000000E-1	7.075310E-5	7.075310E-5	1.801709E-6	1.801709E-6
3.100000E-1	7.357750E-5	7.357750E-5	1.873631E-6	1.873631E-6
3.200000E-1	7.640530E-5	7.640530E-5	1.945640E-6	1.945640E-6
3.300000E-1	7.927890E-5	7.927890E-5	2.018816E-6	2.018816E-6
3.400000E-1	8.216430E-5	8.216430E-5	2.092292E-6	2.092292E-6
3.500000E-1	8.510810E-5	8.510810E-5	2.167255E-6	2.167255E-6
3.600000E-1	8.805770E-5	8.805770E-5	2.242366E-6	2.242366E-6
3.700000E-1	9.105080E-5	9.105080E-5	2.318584E-6	2.318584E-6
3.800000E-1	9.409190E-5	9.409190E-5	2.396025E-6	2.396025E-6
3.900000E-1	9.711930E-5	9.711930E-5	2.473117E-6	2.473117E-6
4.000000E-1	1.001968E-4	1.001968E-4	2.551485E-6	2.551485E-6
4.100000E-1	1.033044E-4	1.033044E-4	2.630619E-6	2.630619E-6
4.200000E-1	1.064401E-4	1.064401E-4	2.710469E-6	2.710469E-6
4.300000E-1	1.095967E-4	1.095967E-4	2.790850E-6	2.790850E-6
4.400000E-1	1.128243E-4	1.128243E-4	2.873040E-6	2.873040E-6
4.500000E-1	1.160480E-4	1.160480E-4	2.955131E-6	2.955131E-6
4.600000E-1	1.193250E-4	1.193250E-4	3.038579E-6	3.038579E-6
4.700000E-1	1.226120E-4	1.226120E-4	3.122282E-6	3.122282E-6
4.800000E-1	1.259430E-4	1.259430E-4	3.207105E-6	3.207105E-6
4.900000E-1	1.292980E-4	1.292980E-4	3.292539E-6	3.292539E-6
5.000000E-1	1.326680E-4	1.326680E-4	3.378355E-6	3.378355E-6
