

14:42:03	23/02/21


Ell Cont: 5,0x10,0

SMU1	V name:		V1
	I name:		I1
	Mode:		V
	Function:	VAR1
SMU2	V name:		V2
	I name:		I2
	Mode:		common
	Function:	const.
SMU3	off
SMU4	off
VMUs	off

Primary Source (VAR1):	single
	Sweep Spacing:	linear
	Start:		-0.500000
	Stop:		0.500000
	Step:		0.010000
	Compliance:	0.050000
Power Compliance OFF

Timing:		Integration Time:	medium
	Delay Time (sec):	0.000000
	Hold Time (sec):	0.000000
	Wait Time (sec):	1.000000

Secondary Source (VAR2):	OFF


   V1	   I1	Abs(I)	J (A\um²)	Abs(J)
-5.000000E-1	-1.964350E-5	1.964350E-5	-5.002164E-7	5.002164E-7
-4.900000E-1	-1.911790E-5	1.911790E-5	-4.868322E-7	4.868322E-7
-4.800000E-1	-1.859160E-5	1.859160E-5	-4.734301E-7	4.734301E-7
-4.700000E-1	-1.809270E-5	1.809270E-5	-4.607257E-7	4.607257E-7
-4.600000E-1	-1.759100E-5	1.759100E-5	-4.479501E-7	4.479501E-7
-4.500000E-1	-1.709210E-5	1.709210E-5	-4.352457E-7	4.352457E-7
-4.400000E-1	-1.659370E-5	1.659370E-5	-4.225541E-7	4.225541E-7
-4.300000E-1	-1.610680E-5	1.610680E-5	-4.101553E-7	4.101553E-7
-4.200000E-1	-1.562250E-5	1.562250E-5	-3.978228E-7	3.978228E-7
-4.100000E-1	-1.514880E-5	1.514880E-5	-3.857601E-7	3.857601E-7
-4.000000E-1	-1.467530E-5	1.467530E-5	-3.737026E-7	3.737026E-7
-3.900000E-1	-1.420720E-5	1.420720E-5	-3.617825E-7	3.617825E-7
-3.800000E-1	-1.375020E-5	1.375020E-5	-3.501451E-7	3.501451E-7
-3.700000E-1	-1.329660E-5	1.329660E-5	-3.385943E-7	3.385943E-7
-3.600000E-1	-1.284500E-5	1.284500E-5	-3.270945E-7	3.270945E-7
-3.500000E-1	-1.239820E-5	1.239820E-5	-3.157168E-7	3.157168E-7
-3.400000E-1	-1.196080E-5	1.196080E-5	-3.045786E-7	3.045786E-7
-3.300000E-1	-1.151750E-5	1.151750E-5	-2.932900E-7	2.932900E-7
-3.200000E-1	-1.108770E-5	1.108770E-5	-2.823453E-7	2.823453E-7
-3.100000E-1	-1.065810E-5	1.065810E-5	-2.714057E-7	2.714057E-7
-3.000000E-1	-1.023990E-5	1.023990E-5	-2.607563E-7	2.607563E-7
-2.900000E-1	-9.827160E-6	9.827160E-6	-2.502460E-7	2.502460E-7
-2.800000E-1	-9.413550E-6	9.413550E-6	-2.397135E-7	2.397135E-7
-2.700000E-1	-9.010580E-6	9.010580E-6	-2.294520E-7	2.294520E-7
-2.600000E-1	-8.608560E-6	8.608560E-6	-2.192147E-7	2.192147E-7
-2.500000E-1	-8.214400E-6	8.214400E-6	-2.091775E-7	2.091775E-7
-2.400000E-1	-7.823150E-6	7.823150E-6	-1.992144E-7	1.992144E-7
-2.300000E-1	-7.441740E-6	7.441740E-6	-1.895019E-7	1.895019E-7
-2.200000E-1	-7.058600E-6	7.058600E-6	-1.797454E-7	1.797454E-7
-2.100000E-1	-6.688390E-6	6.688390E-6	-1.703181E-7	1.703181E-7
-2.000000E-1	-6.318390E-6	6.318390E-6	-1.608961E-7	1.608961E-7
-1.900000E-1	-5.957120E-6	5.957120E-6	-1.516965E-7	1.516965E-7
-1.800000E-1	-5.596840E-6	5.596840E-6	-1.425220E-7	1.425220E-7
-1.700000E-1	-5.243510E-6	5.243510E-6	-1.335246E-7	1.335246E-7
-1.600000E-1	-4.899440E-6	4.899440E-6	-1.247629E-7	1.247629E-7
-1.500000E-1	-4.556790E-6	4.556790E-6	-1.160374E-7	1.160374E-7
-1.400000E-1	-4.222010E-6	4.222010E-6	-1.075123E-7	1.075123E-7
-1.300000E-1	-3.889410E-6	3.889410E-6	-9.904278E-8	9.904278E-8
-1.200000E-1	-3.564570E-6	3.564570E-6	-9.077082E-8	9.077082E-8
-1.100000E-1	-3.243730E-6	3.243730E-6	-8.260071E-8	8.260071E-8
-1.000000E-1	-2.929900E-6	2.929900E-6	-7.460912E-8	7.460912E-8
-9.000000E-2	-2.620290E-6	2.620290E-6	-6.672498E-8	6.672498E-8
-8.000000E-2	-2.316990E-6	2.316990E-6	-5.900153E-8	5.900153E-8
-7.000000E-2	-2.015170E-6	2.015170E-6	-5.131576E-8	5.131576E-8
-6.000000E-2	-1.720590E-6	1.720590E-6	-4.381436E-8	4.381436E-8
-5.000000E-2	-1.426150E-6	1.426150E-6	-3.631653E-8	3.631653E-8
-4.000000E-2	-1.137990E-6	1.137990E-6	-2.897861E-8	2.897861E-8
-3.000000E-2	-8.516660E-7	8.516660E-7	-2.168745E-8	2.168745E-8
-2.000000E-2	-5.655020E-7	5.655020E-7	-1.440036E-8	1.440036E-8
-1.000000E-2	-2.836410E-7	2.836410E-7	-7.222842E-9	7.222842E-9
0.000000E+0	-1.306260E-9	1.306260E-9	-3.326356E-11	3.326356E-11
1.000000E-2	2.790570E-7	2.790570E-7	7.106111E-9	7.106111E-9
2.000000E-2	5.640020E-7	5.640020E-7	1.436216E-8	1.436216E-8
3.000000E-2	8.470520E-7	8.470520E-7	2.156995E-8	2.156995E-8
4.000000E-2	1.134247E-6	1.134247E-6	2.888329E-8	2.888329E-8
5.000000E-2	1.421330E-6	1.421330E-6	3.619379E-8	3.619379E-8
6.000000E-2	1.716200E-6	1.716200E-6	4.370257E-8	4.370257E-8
7.000000E-2	2.012520E-6	2.012520E-6	5.124828E-8	5.124828E-8
8.000000E-2	2.311620E-6	2.311620E-6	5.886478E-8	5.886478E-8
9.000000E-2	2.617820E-6	2.617820E-6	6.666208E-8	6.666208E-8
1.000000E-1	2.926560E-6	2.926560E-6	7.452406E-8	7.452406E-8
1.100000E-1	3.240450E-6	3.240450E-6	8.251719E-8	8.251719E-8
1.200000E-1	3.558670E-6	3.558670E-6	9.062057E-8	9.062057E-8
1.300000E-1	3.884280E-6	3.884280E-6	9.891215E-8	9.891215E-8
1.400000E-1	4.213020E-6	4.213020E-6	1.072834E-7	1.072834E-7
1.500000E-1	4.548630E-6	4.548630E-6	1.158296E-7	1.158296E-7
1.600000E-1	4.890500E-6	4.890500E-6	1.245353E-7	1.245353E-7
1.700000E-1	5.235800E-6	5.235800E-6	1.333282E-7	1.333282E-7
1.800000E-1	5.587620E-6	5.587620E-6	1.422872E-7	1.422872E-7
1.900000E-1	5.942900E-6	5.942900E-6	1.513344E-7	1.513344E-7
2.000000E-1	6.306550E-6	6.306550E-6	1.605946E-7	1.605946E-7
2.100000E-1	6.675150E-6	6.675150E-6	1.699809E-7	1.699809E-7
2.200000E-1	7.046620E-6	7.046620E-6	1.794403E-7	1.794403E-7
2.300000E-1	7.424880E-6	7.424880E-6	1.890726E-7	1.890726E-7
2.400000E-1	7.811950E-6	7.811950E-6	1.989292E-7	1.989292E-7
2.500000E-1	8.199820E-6	8.199820E-6	2.088062E-7	2.088062E-7
2.600000E-1	8.591440E-6	8.591440E-6	2.187787E-7	2.187787E-7
2.700000E-1	8.993860E-6	8.993860E-6	2.290262E-7	2.290262E-7
2.800000E-1	9.394570E-6	9.394570E-6	2.392302E-7	2.392302E-7
2.900000E-1	9.809240E-6	9.809240E-6	2.497897E-7	2.497897E-7
3.000000E-1	1.022135E-5	1.022135E-5	2.602839E-7	2.602839E-7
3.100000E-1	1.064089E-5	1.064089E-5	2.709674E-7	2.709674E-7
3.200000E-1	1.106336E-5	1.106336E-5	2.817255E-7	2.817255E-7
3.300000E-1	1.149860E-5	1.149860E-5	2.928088E-7	2.928088E-7
3.400000E-1	1.193300E-5	1.193300E-5	3.038706E-7	3.038706E-7
3.500000E-1	1.237820E-5	1.237820E-5	3.152075E-7	3.152075E-7
3.600000E-1	1.282430E-5	1.282430E-5	3.265674E-7	3.265674E-7
3.700000E-1	1.327040E-5	1.327040E-5	3.379272E-7	3.379272E-7
3.800000E-1	1.372740E-5	1.372740E-5	3.495645E-7	3.495645E-7
3.900000E-1	1.419270E-5	1.419270E-5	3.614133E-7	3.614133E-7
4.000000E-1	1.466040E-5	1.466040E-5	3.733231E-7	3.733231E-7
4.100000E-1	1.512100E-5	1.512100E-5	3.850522E-7	3.850522E-7
4.200000E-1	1.560120E-5	1.560120E-5	3.972804E-7	3.972804E-7
4.300000E-1	1.608240E-5	1.608240E-5	4.095340E-7	4.095340E-7
4.400000E-1	1.657650E-5	1.657650E-5	4.221161E-7	4.221161E-7
4.500000E-1	1.706320E-5	1.706320E-5	4.345098E-7	4.345098E-7
4.600000E-1	1.756890E-5	1.756890E-5	4.473873E-7	4.473873E-7
4.700000E-1	1.806700E-5	1.806700E-5	4.600713E-7	4.600713E-7
4.800000E-1	1.857800E-5	1.857800E-5	4.730838E-7	4.730838E-7
4.900000E-1	1.909230E-5	1.909230E-5	4.861803E-7	4.861803E-7
5.000000E-1	1.961070E-5	1.961070E-5	4.993812E-7	4.993812E-7
