

14:47:25	23/02/21


Ell Cont: 5,0x10,0

SMU1	V name:		V1
	I name:		I1
	Mode:		V
	Function:	VAR1
SMU2	V name:		V2
	I name:		I2
	Mode:		common
	Function:	const.
SMU3	off
SMU4	off
VMUs	off

Primary Source (VAR1):	single
	Sweep Spacing:	linear
	Start:		-0.500000
	Stop:		0.500000
	Step:		0.010000
	Compliance:	0.050000
Power Compliance OFF

Timing:		Integration Time:	medium
	Delay Time (sec):	0.000000
	Hold Time (sec):	0.000000
	Wait Time (sec):	1.000000

Secondary Source (VAR2):	OFF


   V1	   I1	Abs(I)	J (A\um²)	Abs(J)
-5.000000E-1	-2.875920E-5	2.875920E-5	-7.323453E-7	7.323453E-7
-4.900000E-1	-2.797680E-5	2.797680E-5	-7.124217E-7	7.124217E-7
-4.800000E-1	-2.719820E-5	2.719820E-5	-6.925948E-7	6.925948E-7
-4.700000E-1	-2.643960E-5	2.643960E-5	-6.732773E-7	6.732773E-7
-4.600000E-1	-2.568490E-5	2.568490E-5	-6.540591E-7	6.540591E-7
-4.500000E-1	-2.494150E-5	2.494150E-5	-6.351286E-7	6.351286E-7
-4.400000E-1	-2.419880E-5	2.419880E-5	-6.162159E-7	6.162159E-7
-4.300000E-1	-2.347020E-5	2.347020E-5	-5.976623E-7	5.976623E-7
-4.200000E-1	-2.275000E-5	2.275000E-5	-5.793226E-7	5.793226E-7
-4.100000E-1	-2.203650E-5	2.203650E-5	-5.611535E-7	5.611535E-7
-4.000000E-1	-2.133990E-5	2.133990E-5	-5.434148E-7	5.434148E-7
-3.900000E-1	-2.064150E-5	2.064150E-5	-5.256302E-7	5.256302E-7
-3.800000E-1	-1.995800E-5	1.995800E-5	-5.082251E-7	5.082251E-7
-3.700000E-1	-1.928090E-5	1.928090E-5	-4.909829E-7	4.909829E-7
-3.600000E-1	-1.861190E-5	1.861190E-5	-4.739470E-7	4.739470E-7
-3.500000E-1	-1.795120E-5	1.795120E-5	-4.571225E-7	4.571225E-7
-3.400000E-1	-1.730060E-5	1.730060E-5	-4.405551E-7	4.405551E-7
-3.300000E-1	-1.665500E-5	1.665500E-5	-4.241151E-7	4.241151E-7
-3.200000E-1	-1.602720E-5	1.602720E-5	-4.081283E-7	4.081283E-7
-3.100000E-1	-1.539630E-5	1.539630E-5	-3.920626E-7	3.920626E-7
-3.000000E-1	-1.477960E-5	1.477960E-5	-3.763585E-7	3.763585E-7
-2.900000E-1	-1.416750E-5	1.416750E-5	-3.607716E-7	3.607716E-7
-2.800000E-1	-1.356350E-5	1.356350E-5	-3.453909E-7	3.453909E-7
-2.700000E-1	-1.297400E-5	1.297400E-5	-3.303794E-7	3.303794E-7
-2.600000E-1	-1.239440E-5	1.239440E-5	-3.156201E-7	3.156201E-7
-2.500000E-1	-1.181980E-5	1.181980E-5	-3.009880E-7	3.009880E-7
-2.400000E-1	-1.125050E-5	1.125050E-5	-2.864910E-7	2.864910E-7
-2.300000E-1	-1.069600E-5	1.069600E-5	-2.723708E-7	2.723708E-7
-2.200000E-1	-1.014320E-5	1.014320E-5	-2.582939E-7	2.582939E-7
-2.100000E-1	-9.603840E-6	9.603840E-6	-2.445592E-7	2.445592E-7
-2.000000E-1	-9.069040E-6	9.069040E-6	-2.309407E-7	2.309407E-7
-1.900000E-1	-8.548060E-6	8.548060E-6	-2.176740E-7	2.176740E-7
-1.800000E-1	-8.032000E-6	8.032000E-6	-2.045327E-7	2.045327E-7
-1.700000E-1	-7.529280E-6	7.529280E-6	-1.917311E-7	1.917311E-7
-1.600000E-1	-7.026280E-6	7.026280E-6	-1.789223E-7	1.789223E-7
-1.500000E-1	-6.533090E-6	6.533090E-6	-1.663634E-7	1.663634E-7
-1.400000E-1	-6.052570E-6	6.052570E-6	-1.541271E-7	1.541271E-7
-1.300000E-1	-5.576420E-6	5.576420E-6	-1.420020E-7	1.420020E-7
-1.200000E-1	-5.111930E-6	5.111930E-6	-1.301739E-7	1.301739E-7
-1.100000E-1	-4.652780E-6	4.652780E-6	-1.184818E-7	1.184818E-7
-1.000000E-1	-4.203080E-6	4.203080E-6	-1.070303E-7	1.070303E-7
-9.000000E-2	-3.759020E-6	3.759020E-6	-9.572243E-8	9.572243E-8
-8.000000E-2	-3.323300E-6	3.323300E-6	-8.462694E-8	8.462694E-8
-7.000000E-2	-2.891300E-6	2.891300E-6	-7.362618E-8	7.362618E-8
-6.000000E-2	-2.469330E-6	2.469330E-6	-6.288082E-8	6.288082E-8
-5.000000E-2	-2.048430E-6	2.048430E-6	-5.216272E-8	5.216272E-8
-4.000000E-2	-1.635150E-6	1.635150E-6	-4.163865E-8	4.163865E-8
-3.000000E-2	-1.222480E-6	1.222480E-6	-3.113012E-8	3.113012E-8
-2.000000E-2	-8.135650E-7	8.135650E-7	-2.071721E-8	2.071721E-8
-1.000000E-2	-4.080820E-7	4.080820E-7	-1.039170E-8	1.039170E-8
0.000000E+0	-1.651470E-9	1.651470E-9	-4.205424E-11	4.205424E-11
1.000000E-2	4.004590E-7	4.004590E-7	1.019758E-8	1.019758E-8
2.000000E-2	8.092350E-7	8.092350E-7	2.060695E-8	2.060695E-8
3.000000E-2	1.214490E-6	1.214490E-6	3.092666E-8	3.092666E-8
4.000000E-2	1.627840E-6	1.627840E-6	4.145251E-8	4.145251E-8
5.000000E-2	2.039720E-6	2.039720E-6	5.194092E-8	5.194092E-8
6.000000E-2	2.460250E-6	2.460250E-6	6.264960E-8	6.264960E-8
7.000000E-2	2.885080E-6	2.885080E-6	7.346779E-8	7.346779E-8
8.000000E-2	3.313310E-6	3.313310E-6	8.437255E-8	8.437255E-8
9.000000E-2	3.750740E-6	3.750740E-6	9.551159E-8	9.551159E-8
1.000000E-1	4.190960E-6	4.190960E-6	1.067217E-7	1.067217E-7
1.100000E-1	4.643630E-6	4.643630E-6	1.182488E-7	1.182488E-7
1.200000E-1	5.097850E-6	5.097850E-6	1.298154E-7	1.298154E-7
1.300000E-1	5.564280E-6	5.564280E-6	1.416929E-7	1.416929E-7
1.400000E-1	6.035240E-6	6.035240E-6	1.536858E-7	1.536858E-7
1.500000E-1	6.518710E-6	6.518710E-6	1.659972E-7	1.659972E-7
1.600000E-1	7.009150E-6	7.009150E-6	1.784861E-7	1.784861E-7
1.700000E-1	7.503260E-6	7.503260E-6	1.910685E-7	1.910685E-7
1.800000E-1	8.010920E-6	8.010920E-6	2.039959E-7	2.039959E-7
1.900000E-1	8.523820E-6	8.523820E-6	2.170568E-7	2.170568E-7
2.000000E-1	9.048390E-6	9.048390E-6	2.304148E-7	2.304148E-7
2.100000E-1	9.571570E-6	9.571570E-6	2.437375E-7	2.437375E-7
2.200000E-1	1.011514E-5	1.011514E-5	2.575793E-7	2.575793E-7
2.300000E-1	1.065961E-5	1.065961E-5	2.714441E-7	2.714441E-7
2.400000E-1	1.121786E-5	1.121786E-5	2.856598E-7	2.856598E-7
2.500000E-1	1.177840E-5	1.177840E-5	2.999338E-7	2.999338E-7
2.600000E-1	1.235170E-5	1.235170E-5	3.145327E-7	3.145327E-7
2.700000E-1	1.293070E-5	1.293070E-5	3.292768E-7	3.292768E-7
2.800000E-1	1.351840E-5	1.351840E-5	3.442424E-7	3.442424E-7
2.900000E-1	1.411840E-5	1.411840E-5	3.595213E-7	3.595213E-7
3.000000E-1	1.472410E-5	1.472410E-5	3.749452E-7	3.749452E-7
3.100000E-1	1.534620E-5	1.534620E-5	3.907869E-7	3.907869E-7
3.200000E-1	1.596040E-5	1.596040E-5	4.064273E-7	4.064273E-7
3.300000E-1	1.659780E-5	1.659780E-5	4.226585E-7	4.226585E-7
3.400000E-1	1.723450E-5	1.723450E-5	4.388719E-7	4.388719E-7
3.500000E-1	1.788710E-5	1.788710E-5	4.554902E-7	4.554902E-7
3.600000E-1	1.854340E-5	1.854340E-5	4.722027E-7	4.722027E-7
3.700000E-1	1.921410E-5	1.921410E-5	4.892819E-7	4.892819E-7
3.800000E-1	1.989210E-5	1.989210E-5	5.065470E-7	5.065470E-7
3.900000E-1	2.057490E-5	2.057490E-5	5.239343E-7	5.239343E-7
4.000000E-1	2.126270E-5	2.126270E-5	5.414489E-7	5.414489E-7
4.100000E-1	2.196130E-5	2.196130E-5	5.592386E-7	5.592386E-7
4.200000E-1	2.266930E-5	2.266930E-5	5.772676E-7	5.772676E-7
4.300000E-1	2.338770E-5	2.338770E-5	5.955615E-7	5.955615E-7
4.400000E-1	2.411550E-5	2.411550E-5	6.140947E-7	6.140947E-7
4.500000E-1	2.484680E-5	2.484680E-5	6.327171E-7	6.327171E-7
4.600000E-1	2.559200E-5	2.559200E-5	6.516934E-7	6.516934E-7
4.700000E-1	2.633980E-5	2.633980E-5	6.707359E-7	6.707359E-7
4.800000E-1	2.710450E-5	2.710450E-5	6.902088E-7	6.902088E-7
4.900000E-1	2.787210E-5	2.787210E-5	7.097555E-7	7.097555E-7
5.000000E-1	2.865180E-5	2.865180E-5	7.296104E-7	7.296104E-7
