

14:28:40	23/02/21


Ell Cont: 5,0x10,0

SMU1	V name:		V1
	I name:		I1
	Mode:		V
	Function:	VAR1
SMU2	V name:		V2
	I name:		I2
	Mode:		common
	Function:	const.
SMU3	off
SMU4	off
VMUs	off

Primary Source (VAR1):	single
	Sweep Spacing:	linear
	Start:		-0.500000
	Stop:		0.500000
	Step:		0.010000
	Compliance:	0.050000
Power Compliance OFF

Timing:		Integration Time:	medium
	Delay Time (sec):	0.000000
	Hold Time (sec):	0.000000
	Wait Time (sec):	1.000000

Secondary Source (VAR2):	OFF


   V1	   I1	Abs(I)	J (A\µm²)	Abs(J)
-5.000000E-1	-5.502130E-3	5.502130E-3	-1.401103E-4	1.401103E-4
-4.900000E-1	-5.395000E-3	5.395000E-3	-1.373822E-4	1.373822E-4
-4.800000E-1	-5.280530E-3	5.280530E-3	-1.344673E-4	1.344673E-4
-4.700000E-1	-5.171660E-3	5.171660E-3	-1.316949E-4	1.316949E-4
-4.600000E-1	-5.062190E-3	5.062190E-3	-1.289073E-4	1.289073E-4
-4.500000E-1	-4.955120E-3	4.955120E-3	-1.261808E-4	1.261808E-4
-4.400000E-1	-4.846170E-3	4.846170E-3	-1.234064E-4	1.234064E-4
-4.300000E-1	-4.733800E-3	4.733800E-3	-1.205449E-4	1.205449E-4
-4.200000E-1	-4.636010E-3	4.636010E-3	-1.180547E-4	1.180547E-4
-4.100000E-1	-4.521880E-3	4.521880E-3	-1.151485E-4	1.151485E-4
-4.000000E-1	-4.411330E-3	4.411330E-3	-1.123333E-4	1.123333E-4
-3.900000E-1	-4.299130E-3	4.299130E-3	-1.094762E-4	1.094762E-4
-3.800000E-1	-4.193930E-3	4.193930E-3	-1.067973E-4	1.067973E-4
-3.700000E-1	-4.090470E-3	4.090470E-3	-1.041627E-4	1.041627E-4
-3.600000E-1	-3.987780E-3	3.987780E-3	-1.015477E-4	1.015477E-4
-3.500000E-1	-3.876090E-3	3.876090E-3	-9.870359E-5	9.870359E-5
-3.400000E-1	-3.766380E-3	3.766380E-3	-9.590985E-5	9.590985E-5
-3.300000E-1	-3.655670E-3	3.655670E-3	-9.309065E-5	9.309065E-5
-3.200000E-1	-3.548640E-3	3.548640E-3	-9.036516E-5	9.036516E-5
-3.100000E-1	-3.433870E-3	3.433870E-3	-8.744258E-5	8.744258E-5
-3.000000E-1	-3.324780E-3	3.324780E-3	-8.466463E-5	8.466463E-5
-2.900000E-1	-3.214350E-3	3.214350E-3	-8.185256E-5	8.185256E-5
-2.800000E-1	-3.101250E-3	3.101250E-3	-7.897250E-5	7.897250E-5
-2.700000E-1	-2.989390E-3	2.989390E-3	-7.612401E-5	7.612401E-5
-2.600000E-1	-2.879030E-3	2.879030E-3	-7.331372E-5	7.331372E-5
-2.500000E-1	-2.770020E-3	2.770020E-3	-7.053781E-5	7.053781E-5
-2.400000E-1	-2.660010E-3	2.660010E-3	-6.773644E-5	6.773644E-5
-2.300000E-1	-2.549500E-3	2.549500E-3	-6.492233E-5	6.492233E-5
-2.200000E-1	-2.441630E-3	2.441630E-3	-6.217545E-5	6.217545E-5
-2.100000E-1	-2.329450E-3	2.329450E-3	-5.931882E-5	5.931882E-5
-2.000000E-1	-2.221630E-3	2.221630E-3	-5.657321E-5	5.657321E-5
-1.900000E-1	-2.111740E-3	2.111740E-3	-5.377489E-5	5.377489E-5
-1.800000E-1	-1.999180E-3	1.999180E-3	-5.090858E-5	5.090858E-5
-1.700000E-1	-1.887940E-3	1.887940E-3	-4.807588E-5	4.807588E-5
-1.600000E-1	-1.773900E-3	1.773900E-3	-4.517189E-5	4.517189E-5
-1.500000E-1	-1.663050E-3	1.663050E-3	-4.234912E-5	4.234912E-5
-1.400000E-1	-1.553700E-3	1.553700E-3	-3.956455E-5	3.956455E-5
-1.300000E-1	-1.441470E-3	1.441470E-3	-3.670665E-5	3.670665E-5
-1.200000E-1	-1.331100E-3	1.331100E-3	-3.389610E-5	3.389610E-5
-1.100000E-1	-1.218360E-3	1.218360E-3	-3.102521E-5	3.102521E-5
-1.000000E-1	-1.108440E-3	1.108440E-3	-2.822613E-5	2.822613E-5
-9.000000E-2	-9.989160E-4	9.989160E-4	-2.543713E-5	2.543713E-5
-8.000000E-2	-8.880200E-4	8.880200E-4	-2.261319E-5	2.261319E-5
-7.000000E-2	-7.770270E-4	7.770270E-4	-1.978678E-5	1.978678E-5
-6.000000E-2	-6.676470E-4	6.676470E-4	-1.700145E-5	1.700145E-5
-5.000000E-2	-5.563230E-4	5.563230E-4	-1.416662E-5	1.416662E-5
-4.000000E-2	-4.457330E-4	4.457330E-4	-1.135047E-5	1.135047E-5
-3.000000E-2	-3.338740E-4	3.338740E-4	-8.502012E-6	8.502012E-6
-2.000000E-2	-2.222340E-4	2.222340E-4	-5.659129E-6	5.659129E-6
-1.000000E-2	-1.119930E-4	1.119930E-4	-2.851872E-6	2.851872E-6
0.000000E+0	-7.903500E-7	7.903500E-7	-2.012605E-8	2.012605E-8
1.000000E-2	1.096740E-4	1.096740E-4	2.792819E-6	2.792819E-6
2.000000E-2	2.207070E-4	2.207070E-4	5.620244E-6	5.620244E-6
3.000000E-2	3.310560E-4	3.310560E-4	8.430252E-6	8.430252E-6
4.000000E-2	4.417770E-4	4.417770E-4	1.124973E-5	1.124973E-5
5.000000E-2	5.523620E-4	5.523620E-4	1.406575E-5	1.406575E-5
6.000000E-2	6.636490E-4	6.636490E-4	1.689964E-5	1.689964E-5
7.000000E-2	7.749240E-4	7.749240E-4	1.973323E-5	1.973323E-5
8.000000E-2	8.859310E-4	8.859310E-4	2.255999E-5	2.255999E-5
9.000000E-2	9.974610E-4	9.974610E-4	2.540008E-5	2.540008E-5
1.000000E-1	1.109230E-3	1.109230E-3	2.824624E-5	2.824624E-5
1.100000E-1	1.220900E-3	1.220900E-3	3.108989E-5	3.108989E-5
1.200000E-1	1.326190E-3	1.326190E-3	3.377107E-5	3.377107E-5
1.300000E-1	1.438360E-3	1.438360E-3	3.662745E-5	3.662745E-5
1.400000E-1	1.550150E-3	1.550150E-3	3.947415E-5	3.947415E-5
1.500000E-1	1.661830E-3	1.661830E-3	4.231805E-5	4.231805E-5
1.600000E-1	1.772580E-3	1.772580E-3	4.513827E-5	4.513827E-5
1.700000E-1	1.879410E-3	1.879410E-3	4.785867E-5	4.785867E-5
1.800000E-1	1.991820E-3	1.991820E-3	5.072116E-5	5.072116E-5
1.900000E-1	2.099920E-3	2.099920E-3	5.347390E-5	5.347390E-5
2.000000E-1	2.211630E-3	2.211630E-3	5.631856E-5	5.631856E-5
2.100000E-1	2.318150E-3	2.318150E-3	5.903107E-5	5.903107E-5
2.200000E-1	2.432430E-3	2.432430E-3	6.194118E-5	6.194118E-5
2.300000E-1	2.546110E-3	2.546110E-3	6.483601E-5	6.483601E-5
2.400000E-1	2.655650E-3	2.655650E-3	6.762541E-5	6.762541E-5
2.500000E-1	2.767660E-3	2.767660E-3	7.047772E-5	7.047772E-5
2.600000E-1	2.880890E-3	2.880890E-3	7.336109E-5	7.336109E-5
2.700000E-1	2.978630E-3	2.978630E-3	7.585001E-5	7.585001E-5
2.800000E-1	3.086330E-3	3.086330E-3	7.859256E-5	7.859256E-5
2.900000E-1	3.195620E-3	3.195620E-3	8.137560E-5	8.137560E-5
3.000000E-1	3.297750E-3	3.297750E-3	8.397632E-5	8.397632E-5
3.100000E-1	3.411950E-3	3.411950E-3	8.688439E-5	8.688439E-5
3.200000E-1	3.509240E-3	3.509240E-3	8.936185E-5	8.936185E-5
3.300000E-1	3.607920E-3	3.607920E-3	9.187471E-5	9.187471E-5
3.400000E-1	3.705810E-3	3.705810E-3	9.436745E-5	9.436745E-5
3.500000E-1	3.818700E-3	3.818700E-3	9.724217E-5	9.724217E-5
3.600000E-1	3.925500E-3	3.925500E-3	9.996180E-5	9.996180E-5
3.700000E-1	4.021980E-3	4.021980E-3	1.024186E-4	1.024186E-4
3.800000E-1	4.124050E-3	4.124050E-3	1.050178E-4	1.050178E-4
3.900000E-1	4.235920E-3	4.235920E-3	1.078666E-4	1.078666E-4
4.000000E-1	4.336750E-3	4.336750E-3	1.104342E-4	1.104342E-4
4.100000E-1	4.448030E-3	4.448030E-3	1.132679E-4	1.132679E-4
4.200000E-1	4.543740E-3	4.543740E-3	1.157051E-4	1.157051E-4
4.300000E-1	4.634510E-3	4.634510E-3	1.180166E-4	1.180166E-4
4.400000E-1	4.714060E-3	4.714060E-3	1.200423E-4	1.200423E-4
4.500000E-1	4.793210E-3	4.793210E-3	1.220578E-4	1.220578E-4
4.600000E-1	4.881750E-3	4.881750E-3	1.243125E-4	1.243125E-4
4.700000E-1	4.941570E-3	4.941570E-3	1.258358E-4	1.258358E-4
4.800000E-1	4.932350E-3	4.932350E-3	1.256010E-4	1.256010E-4
4.900000E-1	4.973740E-3	4.973740E-3	1.266550E-4	1.266550E-4
5.000000E-1	4.997630E-3	4.997630E-3	1.272633E-4	1.272633E-4
