

15:22:25	26/03/21


Ell Cont: 5,0x10,0

SMU1	V name:		V1
	I name:		I1
	Mode:		V
	Function:	VAR1
SMU2	V name:		V2
	I name:		I2
	Mode:		common
	Function:	const.
SMU3	off
SMU4	off
VMUs	off

Primary Source (VAR1):	single
	Sweep Spacing:	linear
	Start:		-0.500000
	Stop:		0.500000
	Step:		0.010000
	Compliance:	0.050000
Power Compliance OFF

Timing:		Integration Time:	medium
	Delay Time (sec):	0.000000
	Hold Time (sec):	0.000000
	Wait Time (sec):	1.000000

Secondary Source (VAR2):	OFF


   V1	   I1	Abs(I)	J (A\µm²)	Abs(J)
-5.000000E-1	-7.970650E-8	7.970650E-8	-2.029705E-9	2.029705E-9
-4.900000E-1	-7.060600E-8	7.060600E-8	-1.797963E-9	1.797963E-9
-4.800000E-1	-6.542090E-8	6.542090E-8	-1.665926E-9	1.665926E-9
-4.700000E-1	-6.134890E-8	6.134890E-8	-1.562233E-9	1.562233E-9
-4.600000E-1	-5.774870E-8	5.774870E-8	-1.470555E-9	1.470555E-9
-4.500000E-1	-5.442580E-8	5.442580E-8	-1.385938E-9	1.385938E-9
-4.400000E-1	-5.186220E-8	5.186220E-8	-1.320657E-9	1.320657E-9
-4.300000E-1	-4.932970E-8	4.932970E-8	-1.256168E-9	1.256168E-9
-4.200000E-1	-4.682750E-8	4.682750E-8	-1.192450E-9	1.192450E-9
-4.100000E-1	-4.449370E-8	4.449370E-8	-1.133020E-9	1.133020E-9
-4.000000E-1	-4.240660E-8	4.240660E-8	-1.079873E-9	1.079873E-9
-3.900000E-1	-4.008740E-8	4.008740E-8	-1.020815E-9	1.020815E-9
-3.800000E-1	-3.823100E-8	3.823100E-8	-9.735421E-10	9.735421E-10
-3.700000E-1	-3.630300E-8	3.630300E-8	-9.244461E-10	9.244461E-10
-3.600000E-1	-3.443950E-8	3.443950E-8	-8.769926E-10	8.769926E-10
-3.500000E-1	-3.253310E-8	3.253310E-8	-8.284466E-10	8.284466E-10
-3.400000E-1	-3.086750E-8	3.086750E-8	-7.860326E-10	7.860326E-10
-3.300000E-1	-2.907650E-8	2.907650E-8	-7.404253E-10	7.404253E-10
-3.200000E-1	-2.744740E-8	2.744740E-8	-6.989407E-10	6.989407E-10
-3.100000E-1	-2.593670E-8	2.593670E-8	-6.604711E-10	6.604711E-10
-3.000000E-1	-2.449730E-8	2.449730E-8	-6.238172E-10	6.238172E-10
-2.900000E-1	-2.292730E-8	2.292730E-8	-5.838375E-10	5.838375E-10
-2.800000E-1	-2.155390E-8	2.155390E-8	-5.488643E-10	5.488643E-10
-2.700000E-1	-2.040570E-8	2.040570E-8	-5.196257E-10	5.196257E-10
-2.600000E-1	-1.913640E-8	1.913640E-8	-4.873033E-10	4.873033E-10
-2.500000E-1	-1.777540E-8	1.777540E-8	-4.526458E-10	4.526458E-10
-2.400000E-1	-1.644610E-8	1.644610E-8	-4.187955E-10	4.187955E-10
-2.300000E-1	-1.523570E-8	1.523570E-8	-3.879730E-10	3.879730E-10
-2.200000E-1	-1.396700E-8	1.396700E-8	-3.556659E-10	3.556659E-10
-2.100000E-1	-1.308610E-8	1.308610E-8	-3.332340E-10	3.332340E-10
-2.000000E-1	-1.184740E-8	1.184740E-8	-3.016909E-10	3.016909E-10
-1.900000E-1	-1.115030E-8	1.115030E-8	-2.839394E-10	2.839394E-10
-1.800000E-1	-1.053610E-8	1.053610E-8	-2.682990E-10	2.682990E-10
-1.700000E-1	-1.025540E-8	1.025540E-8	-2.611510E-10	2.611510E-10
-1.600000E-1	-9.583200E-9	9.583200E-9	-2.440336E-10	2.440336E-10
-1.500000E-1	-8.577350E-9	8.577350E-9	-2.184199E-10	2.184199E-10
-1.400000E-1	-8.145450E-9	8.145450E-9	-2.074217E-10	2.074217E-10
-1.300000E-1	-7.417730E-9	7.417730E-9	-1.888905E-10	1.888905E-10
-1.200000E-1	-6.614110E-9	6.614110E-9	-1.684265E-10	1.684265E-10
-1.100000E-1	-5.757050E-9	5.757050E-9	-1.466017E-10	1.466017E-10
-1.000000E-1	-5.078780E-9	5.078780E-9	-1.293298E-10	1.293298E-10
-9.000000E-2	-4.332640E-9	4.332640E-9	-1.103295E-10	1.103295E-10
-8.000000E-2	-3.648190E-9	3.648190E-9	-9.290018E-11	9.290018E-11
-7.000000E-2	-2.907650E-9	2.907650E-9	-7.404253E-11	7.404253E-11
-6.000000E-2	-2.255910E-9	2.255910E-9	-5.744614E-11	5.744614E-11
-5.000000E-2	-1.600010E-9	1.600010E-9	-4.074382E-11	4.074382E-11
-4.000000E-2	-9.214800E-10	9.214800E-10	-2.346524E-11	2.346524E-11
-3.000000E-2	-3.596300E-10	3.596300E-10	-9.157881E-12	9.157881E-12
-2.000000E-2	2.765700E-10	2.765700E-10	7.042781E-12	7.042781E-12
-1.000000E-2	1.001130E-9	1.001130E-9	2.549351E-11	2.549351E-11
0.000000E+0	1.606550E-9	1.606550E-9	4.091036E-11	4.091036E-11
1.000000E-2	2.230900E-9	2.230900E-9	5.680927E-11	5.680927E-11
2.000000E-2	2.854740E-9	2.854740E-9	7.269519E-11	7.269519E-11
3.000000E-2	3.512560E-9	3.512560E-9	8.944640E-11	8.944640E-11
4.000000E-2	4.165530E-9	4.165530E-9	1.060741E-10	1.060741E-10
5.000000E-2	4.861390E-9	4.861390E-9	1.237940E-10	1.237940E-10
6.000000E-2	5.541170E-9	5.541170E-9	1.411044E-10	1.411044E-10
7.000000E-2	6.237330E-9	6.237330E-9	1.588319E-10	1.588319E-10
8.000000E-2	6.962540E-9	6.962540E-9	1.772992E-10	1.772992E-10
9.000000E-2	7.820930E-9	7.820930E-9	1.991579E-10	1.991579E-10
1.000000E-1	8.587530E-9	8.587530E-9	2.186791E-10	2.186791E-10
1.100000E-1	9.509100E-9	9.509100E-9	2.421467E-10	2.421467E-10
1.200000E-1	1.052010E-8	1.052010E-8	2.678915E-10	2.678915E-10
1.300000E-1	1.145910E-8	1.145910E-8	2.918029E-10	2.918029E-10
1.400000E-1	1.243820E-8	1.243820E-8	3.167354E-10	3.167354E-10
1.500000E-1	1.344940E-8	1.344940E-8	3.424854E-10	3.424854E-10
1.600000E-1	1.453170E-8	1.453170E-8	3.700458E-10	3.700458E-10
1.700000E-1	1.558670E-8	1.558670E-8	3.969111E-10	3.969111E-10
1.800000E-1	1.677920E-8	1.677920E-8	4.272778E-10	4.272778E-10
1.900000E-1	1.790460E-8	1.790460E-8	4.559358E-10	4.559358E-10
2.000000E-1	1.911080E-8	1.911080E-8	4.866514E-10	4.866514E-10
2.100000E-1	2.039830E-8	2.039830E-8	5.194372E-10	5.194372E-10
2.200000E-1	2.170290E-8	2.170290E-8	5.526585E-10	5.526585E-10
2.300000E-1	2.309650E-8	2.309650E-8	5.881462E-10	5.881462E-10
2.400000E-1	2.446220E-8	2.446220E-8	6.229233E-10	6.229233E-10
2.500000E-1	2.590440E-8	2.590440E-8	6.596486E-10	6.596486E-10
2.600000E-1	2.738710E-8	2.738710E-8	6.974051E-10	6.974051E-10
2.700000E-1	2.893500E-8	2.893500E-8	7.368220E-10	7.368220E-10
2.800000E-1	3.046940E-8	3.046940E-8	7.758951E-10	7.758951E-10
2.900000E-1	3.225370E-8	3.225370E-8	8.213318E-10	8.213318E-10
3.000000E-1	3.382420E-8	3.382420E-8	8.613242E-10	8.613242E-10
3.100000E-1	3.552610E-8	3.552610E-8	9.046626E-10	9.046626E-10
3.200000E-1	3.736030E-8	3.736030E-8	9.513700E-10	9.513700E-10
3.300000E-1	3.920620E-8	3.920620E-8	9.983753E-10	9.983753E-10
3.400000E-1	4.119440E-8	4.119440E-8	1.049004E-9	1.049004E-9
3.500000E-1	4.333170E-8	4.333170E-8	1.103430E-9	1.103430E-9
3.600000E-1	4.551610E-8	4.551610E-8	1.159055E-9	1.159055E-9
3.700000E-1	4.768600E-8	4.768600E-8	1.214311E-9	1.214311E-9
3.800000E-1	5.002260E-8	5.002260E-8	1.273812E-9	1.273812E-9
3.900000E-1	5.233560E-8	5.233560E-8	1.332712E-9	1.332712E-9
4.000000E-1	5.483380E-8	5.483380E-8	1.396328E-9	1.396328E-9
4.100000E-1	5.716190E-8	5.716190E-8	1.455612E-9	1.455612E-9
4.200000E-1	5.972950E-8	5.972950E-8	1.520996E-9	1.520996E-9
4.300000E-1	6.260870E-8	6.260870E-8	1.594314E-9	1.594314E-9
4.400000E-1	6.538310E-8	6.538310E-8	1.664963E-9	1.664963E-9
4.500000E-1	6.815230E-8	6.815230E-8	1.735480E-9	1.735480E-9
4.600000E-1	7.098370E-8	7.098370E-8	1.807581E-9	1.807581E-9
4.700000E-1	7.405510E-8	7.405510E-8	1.885793E-9	1.885793E-9
4.800000E-1	7.723680E-8	7.723680E-8	1.966814E-9	1.966814E-9
4.900000E-1	8.044960E-8	8.044960E-8	2.048627E-9	2.048627E-9
5.000000E-1	8.346520E-8	8.346520E-8	2.125419E-9	2.125419E-9
