

15:49:45	26/03/21


Ell Cont: 5,0x10,0

SMU1	V name:		V1
	I name:		I1
	Mode:		V
	Function:	VAR1
SMU2	V name:		V2
	I name:		I2
	Mode:		common
	Function:	const.
SMU3	off
SMU4	off
VMUs	off

Primary Source (VAR1):	single
	Sweep Spacing:	linear
	Start:		-0.500000
	Stop:		0.500000
	Step:		0.010000
	Compliance:	0.050000
Power Compliance OFF

Timing:		Integration Time:	medium
	Delay Time (sec):	0.000000
	Hold Time (sec):	0.000000
	Wait Time (sec):	1.000000

Secondary Source (VAR2):	OFF


   V1	   I1	Abs(I)	J (A\µm²)	Abs(J)
-5.000000E-1	-1.526830E-8	1.526830E-8	-3.888032E-10	3.888032E-10
-4.900000E-1	-4.871690E-9	4.871690E-9	-1.240563E-10	1.240563E-10
-4.800000E-1	-1.567140E-9	1.567140E-9	-3.990680E-11	3.990680E-11
-4.700000E-1	2.820300E-10	2.820300E-10	7.181818E-12	7.181818E-12
-4.600000E-1	1.533220E-9	1.533220E-9	3.904303E-11	3.904303E-11
-4.500000E-1	2.224240E-9	2.224240E-9	5.663967E-11	5.663967E-11
-4.400000E-1	2.800390E-9	2.800390E-9	7.131118E-11	7.131118E-11
-4.300000E-1	3.352160E-9	3.352160E-9	8.536185E-11	8.536185E-11
-4.200000E-1	3.754630E-9	3.754630E-9	9.561064E-11	9.561064E-11
-4.100000E-1	4.192300E-9	4.192300E-9	1.067558E-10	1.067558E-10
-4.000000E-1	4.598170E-9	4.598170E-9	1.170912E-10	1.170912E-10
-3.900000E-1	4.912520E-9	4.912520E-9	1.250960E-10	1.250960E-10
-3.800000E-1	5.341180E-9	5.341180E-9	1.360117E-10	1.360117E-10
-3.700000E-1	5.679590E-9	5.679590E-9	1.446292E-10	1.446292E-10
-3.600000E-1	6.003130E-9	6.003130E-9	1.528681E-10	1.528681E-10
-3.500000E-1	6.419160E-9	6.419160E-9	1.634622E-10	1.634622E-10
-3.400000E-1	6.776960E-9	6.776960E-9	1.725735E-10	1.725735E-10
-3.300000E-1	7.155650E-9	7.155650E-9	1.822167E-10	1.822167E-10
-3.200000E-1	7.507390E-9	7.507390E-9	1.911737E-10	1.911737E-10
-3.100000E-1	7.926110E-9	7.926110E-9	2.018363E-10	2.018363E-10
-3.000000E-1	8.526700E-9	8.526700E-9	2.171301E-10	2.171301E-10
-2.900000E-1	8.981900E-9	8.981900E-9	2.287217E-10	2.287217E-10
-2.800000E-1	9.833300E-9	9.833300E-9	2.504023E-10	2.504023E-10
-2.700000E-1	1.047660E-8	1.047660E-8	2.667838E-10	2.667838E-10
-2.600000E-1	1.117350E-8	1.117350E-8	2.845302E-10	2.845302E-10
-2.500000E-1	1.183230E-8	1.183230E-8	3.013063E-10	3.013063E-10
-2.400000E-1	1.254800E-8	1.254800E-8	3.195314E-10	3.195314E-10
-2.300000E-1	1.328610E-8	1.328610E-8	3.383270E-10	3.383270E-10
-2.200000E-1	1.407450E-8	1.407450E-8	3.584034E-10	3.584034E-10
-2.100000E-1	1.489030E-8	1.489030E-8	3.791775E-10	3.791775E-10
-2.000000E-1	1.578410E-8	1.578410E-8	4.019379E-10	4.019379E-10
-1.900000E-1	1.671330E-8	1.671330E-8	4.255997E-10	4.255997E-10
-1.800000E-1	1.773150E-8	1.773150E-8	4.515279E-10	4.515279E-10
-1.700000E-1	1.877520E-8	1.877520E-8	4.781054E-10	4.781054E-10
-1.600000E-1	1.993360E-8	1.993360E-8	5.076038E-10	5.076038E-10
-1.500000E-1	2.115680E-8	2.115680E-8	5.387522E-10	5.387522E-10
-1.400000E-1	2.248930E-8	2.248930E-8	5.726840E-10	5.726840E-10
-1.300000E-1	2.391170E-8	2.391170E-8	6.089050E-10	6.089050E-10
-1.200000E-1	2.542920E-8	2.542920E-8	6.475477E-10	6.475477E-10
-1.100000E-1	2.707280E-8	2.707280E-8	6.894016E-10	6.894016E-10
-1.000000E-1	2.885910E-8	2.885910E-8	7.348892E-10	7.348892E-10
-9.000000E-2	3.077860E-8	3.077860E-8	7.837688E-10	7.837688E-10
-8.000000E-2	3.282920E-8	3.282920E-8	8.359867E-10	8.359867E-10
-7.000000E-2	3.502900E-8	3.502900E-8	8.920041E-10	8.920041E-10
-6.000000E-2	3.745100E-8	3.745100E-8	9.536796E-10	9.536796E-10
-5.000000E-2	4.001200E-8	4.001200E-8	1.018895E-9	1.018895E-9
-4.000000E-2	4.279250E-8	4.279250E-8	1.089700E-9	1.089700E-9
-3.000000E-2	4.577200E-8	4.577200E-8	1.165572E-9	1.165572E-9
-2.000000E-2	4.899310E-8	4.899310E-8	1.247596E-9	1.247596E-9
-1.000000E-2	5.241190E-8	5.241190E-8	1.334655E-9	1.334655E-9
0.000000E+0	5.610650E-8	5.610650E-8	1.428737E-9	1.428737E-9
1.000000E-2	5.998020E-8	5.998020E-8	1.527380E-9	1.527380E-9
2.000000E-2	6.415590E-8	6.415590E-8	1.633713E-9	1.633713E-9
3.000000E-2	6.855430E-8	6.855430E-8	1.745717E-9	1.745717E-9
4.000000E-2	7.323820E-8	7.323820E-8	1.864991E-9	1.864991E-9
5.000000E-2	7.820370E-8	7.820370E-8	1.991436E-9	1.991436E-9
6.000000E-2	8.336230E-8	8.336230E-8	2.122799E-9	2.122799E-9
7.000000E-2	8.883090E-8	8.883090E-8	2.262055E-9	2.262055E-9
8.000000E-2	9.451750E-8	9.451750E-8	2.406863E-9	2.406863E-9
9.000000E-2	1.005710E-7	1.005710E-7	2.561013E-9	2.561013E-9
1.000000E-1	1.079363E-7	1.079363E-7	2.748569E-9	2.748569E-9
1.100000E-1	1.144000E-7	1.144000E-7	2.913165E-9	2.913165E-9
1.200000E-1	1.219600E-7	1.219600E-7	3.105679E-9	3.105679E-9
1.300000E-1	1.303550E-7	1.303550E-7	3.319455E-9	3.319455E-9
1.400000E-1	1.390110E-7	1.390110E-7	3.539878E-9	3.539878E-9
1.500000E-1	1.487590E-7	1.487590E-7	3.788108E-9	3.788108E-9
1.600000E-1	1.600290E-7	1.600290E-7	4.075095E-9	4.075095E-9
1.700000E-1	1.699410E-7	1.699410E-7	4.327502E-9	4.327502E-9
1.800000E-1	1.811790E-7	1.811790E-7	4.613675E-9	4.613675E-9
1.900000E-1	1.930670E-7	1.930670E-7	4.916399E-9	4.916399E-9
2.000000E-1	2.058010E-7	2.058010E-7	5.240667E-9	5.240667E-9
2.100000E-1	2.190670E-7	2.190670E-7	5.578482E-9	5.578482E-9
2.200000E-1	2.331310E-7	2.331310E-7	5.936618E-9	5.936618E-9
2.300000E-1	2.476640E-7	2.476640E-7	6.306697E-9	6.306697E-9
2.400000E-1	2.629110E-7	2.629110E-7	6.694958E-9	6.694958E-9
2.500000E-1	2.785650E-7	2.785650E-7	7.093583E-9	7.093583E-9
2.600000E-1	2.948920E-7	2.948920E-7	7.509345E-9	7.509345E-9
2.700000E-1	3.116950E-7	3.116950E-7	7.937229E-9	7.937229E-9
2.800000E-1	3.287450E-7	3.287450E-7	8.371403E-9	8.371403E-9
2.900000E-1	3.463590E-7	3.463590E-7	8.819939E-9	8.819939E-9
3.000000E-1	3.640660E-7	3.640660E-7	9.270843E-9	9.270843E-9
3.100000E-1	3.823040E-7	3.823040E-7	9.735269E-9	9.735269E-9
3.200000E-1	4.004770E-7	4.004770E-7	1.019804E-8	1.019804E-8
3.300000E-1	4.190150E-7	4.190150E-7	1.067010E-8	1.067010E-8
3.400000E-1	4.373730E-7	4.373730E-7	1.113759E-8	1.113759E-8
3.500000E-1	4.559630E-7	4.559630E-7	1.161098E-8	1.161098E-8
3.600000E-1	4.742390E-7	4.742390E-7	1.207637E-8	1.207637E-8
3.700000E-1	4.925950E-7	4.925950E-7	1.254380E-8	1.254380E-8
3.800000E-1	5.107570E-7	5.107570E-7	1.300629E-8	1.300629E-8
3.900000E-1	5.283940E-7	5.283940E-7	1.345541E-8	1.345541E-8
4.000000E-1	5.459480E-7	5.459480E-7	1.390242E-8	1.390242E-8
4.100000E-1	5.628300E-7	5.628300E-7	1.433231E-8	1.433231E-8
4.200000E-1	5.795200E-7	5.795200E-7	1.475732E-8	1.475732E-8
4.300000E-1	5.954700E-7	5.954700E-7	1.516348E-8	1.516348E-8
4.400000E-1	6.110950E-7	6.110950E-7	1.556137E-8	1.556137E-8
4.500000E-1	6.258930E-7	6.258930E-7	1.593820E-8	1.593820E-8
4.600000E-1	6.403540E-7	6.403540E-7	1.630644E-8	1.630644E-8
4.700000E-1	6.539130E-7	6.539130E-7	1.665172E-8	1.665172E-8
4.800000E-1	6.670860E-7	6.670860E-7	1.698717E-8	1.698717E-8
4.900000E-1	6.795880E-7	6.795880E-7	1.730553E-8	1.730553E-8
5.000000E-1	6.911260E-7	6.911260E-7	1.759934E-8	1.759934E-8
