

15:26:34	26/03/21


Ell Cont: 5,0x10,0

SMU1	V name:		V1
	I name:		I1
	Mode:		V
	Function:	VAR1
SMU2	V name:		V2
	I name:		I2
	Mode:		common
	Function:	const.
SMU3	off
SMU4	off
VMUs	off

Primary Source (VAR1):	single
	Sweep Spacing:	linear
	Start:		-0.500000
	Stop:		0.500000
	Step:		0.010000
	Compliance:	0.050000
Power Compliance OFF

Timing:		Integration Time:	medium
	Delay Time (sec):	0.000000
	Hold Time (sec):	0.000000
	Wait Time (sec):	1.000000

Secondary Source (VAR2):	OFF


   V1	   I1	Abs(I)	J (A\um²)	Abs(J)
-5.000000E-1	-7.283750E-8	7.283750E-8	-1.854787E-9	1.854787E-9
-4.900000E-1	-6.536280E-8	6.536280E-8	-1.664446E-9	1.664446E-9
-4.800000E-1	-6.107500E-8	6.107500E-8	-1.555258E-9	1.555258E-9
-4.700000E-1	-5.767400E-8	5.767400E-8	-1.468653E-9	1.468653E-9
-4.600000E-1	-5.481590E-8	5.481590E-8	-1.395872E-9	1.395872E-9
-4.500000E-1	-5.222250E-8	5.222250E-8	-1.329832E-9	1.329832E-9
-4.400000E-1	-4.980670E-8	4.980670E-8	-1.268314E-9	1.268314E-9
-4.300000E-1	-4.782150E-8	4.782150E-8	-1.217762E-9	1.217762E-9
-4.200000E-1	-4.584360E-8	4.584360E-8	-1.167395E-9	1.167395E-9
-4.100000E-1	-4.393970E-8	4.393970E-8	-1.118913E-9	1.118913E-9
-4.000000E-1	-4.197510E-8	4.197510E-8	-1.068885E-9	1.068885E-9
-3.900000E-1	-4.038030E-8	4.038030E-8	-1.028273E-9	1.028273E-9
-3.800000E-1	-3.874880E-8	3.874880E-8	-9.867278E-10	9.867278E-10
-3.700000E-1	-3.830570E-8	3.830570E-8	-9.754443E-10	9.754443E-10
-3.600000E-1	-3.740530E-8	3.740530E-8	-9.525159E-10	9.525159E-10
-3.500000E-1	-3.531830E-8	3.531830E-8	-8.993710E-10	8.993710E-10
-3.400000E-1	-3.445980E-8	3.445980E-8	-8.775095E-10	8.775095E-10
-3.300000E-1	-3.296900E-8	3.296900E-8	-8.395467E-10	8.395467E-10
-3.200000E-1	-3.155310E-8	3.155310E-8	-8.034912E-10	8.034912E-10
-3.100000E-1	-3.015710E-8	3.015710E-8	-7.679424E-10	7.679424E-10
-3.000000E-1	-2.875750E-8	2.875750E-8	-7.323020E-10	7.323020E-10
-2.900000E-1	-2.760900E-8	2.760900E-8	-7.030558E-10	7.030558E-10
-2.800000E-1	-2.617570E-8	2.617570E-8	-6.665572E-10	6.665572E-10
-2.700000E-1	-2.478180E-8	2.478180E-8	-6.310619E-10	6.310619E-10
-2.600000E-1	-2.364700E-8	2.364700E-8	-6.021645E-10	6.021645E-10
-2.500000E-1	-2.239980E-8	2.239980E-8	-5.704049E-10	5.704049E-10
-2.400000E-1	-2.118290E-8	2.118290E-8	-5.394169E-10	5.394169E-10
-2.300000E-1	-2.007400E-8	2.007400E-8	-5.111790E-10	5.111790E-10
-2.200000E-1	-1.888970E-8	1.888970E-8	-4.810211E-10	4.810211E-10
-2.100000E-1	-1.772880E-8	1.772880E-8	-4.514591E-10	4.514591E-10
-2.000000E-1	-1.666330E-8	1.666330E-8	-4.243265E-10	4.243265E-10
-1.900000E-1	-1.554120E-8	1.554120E-8	-3.957525E-10	3.957525E-10
-1.800000E-1	-1.448460E-8	1.448460E-8	-3.688464E-10	3.688464E-10
-1.700000E-1	-1.347300E-8	1.347300E-8	-3.430863E-10	3.430863E-10
-1.600000E-1	-1.242790E-8	1.242790E-8	-3.164731E-10	3.164731E-10
-1.500000E-1	-1.141930E-8	1.141930E-8	-2.907894E-10	2.907894E-10
-1.400000E-1	-1.048820E-8	1.048820E-8	-2.670792E-10	2.670792E-10
-1.300000E-1	-9.573000E-9	9.573000E-9	-2.437739E-10	2.437739E-10
-1.200000E-1	-8.784400E-9	8.784400E-9	-2.236924E-10	2.236924E-10
-1.100000E-1	-7.816440E-9	7.816440E-9	-1.990435E-10	1.990435E-10
-1.000000E-1	-6.912520E-9	6.912520E-9	-1.760255E-10	1.760255E-10
-9.000000E-2	-6.057060E-9	6.057060E-9	-1.542414E-10	1.542414E-10
-8.000000E-2	-5.161640E-9	5.161640E-9	-1.314398E-10	1.314398E-10
-7.000000E-2	-4.271230E-9	4.271230E-9	-1.087657E-10	1.087657E-10
-6.000000E-2	-3.431730E-9	3.431730E-9	-8.738808E-11	8.738808E-11
-5.000000E-2	-2.523600E-9	2.523600E-9	-6.426280E-11	6.426280E-11
-4.000000E-2	-1.673190E-9	1.673190E-9	-4.260733E-11	4.260733E-11
-3.000000E-2	-8.218400E-10	8.218400E-10	-2.092793E-11	2.092793E-11
-2.000000E-2	-7.343000E-11	7.343000E-11	-1.869875E-12	1.869875E-12
-1.000000E-2	8.466600E-10	8.466600E-10	2.155997E-11	2.155997E-11
0.000000E+0	1.655550E-9	1.655550E-9	4.215814E-11	4.215814E-11
1.000000E-2	2.521470E-9	2.521470E-9	6.420856E-11	6.420856E-11
2.000000E-2	3.382670E-9	3.382670E-9	8.613878E-11	8.613878E-11
3.000000E-2	4.244370E-9	4.244370E-9	1.080817E-10	1.080817E-10
4.000000E-2	5.129060E-9	5.129060E-9	1.306101E-10	1.306101E-10
5.000000E-2	6.001540E-9	6.001540E-9	1.528276E-10	1.528276E-10
6.000000E-2	6.905650E-9	6.905650E-9	1.758505E-10	1.758505E-10
7.000000E-2	7.838180E-9	7.838180E-9	1.995971E-10	1.995971E-10
8.000000E-2	8.693300E-9	8.693300E-9	2.213725E-10	2.213725E-10
9.000000E-2	9.977500E-9	9.977500E-9	2.540744E-10	2.540744E-10
1.000000E-1	1.092730E-8	1.092730E-8	2.782608E-10	2.782608E-10
1.100000E-1	1.197590E-8	1.197590E-8	3.049631E-10	3.049631E-10
1.200000E-1	1.308230E-8	1.308230E-8	3.331373E-10	3.331373E-10
1.300000E-1	1.416070E-8	1.416070E-8	3.605984E-10	3.605984E-10
1.400000E-1	1.525550E-8	1.525550E-8	3.884772E-10	3.884772E-10
1.500000E-1	1.636110E-8	1.636110E-8	4.166310E-10	4.166310E-10
1.600000E-1	1.751050E-8	1.751050E-8	4.459002E-10	4.459002E-10
1.700000E-1	1.875260E-8	1.875260E-8	4.775299E-10	4.775299E-10
1.800000E-1	2.002210E-8	2.002210E-8	5.098574E-10	5.098574E-10
1.900000E-1	2.119880E-8	2.119880E-8	5.398217E-10	5.398217E-10
2.000000E-1	2.248050E-8	2.248050E-8	5.724599E-10	5.724599E-10
2.100000E-1	2.394560E-8	2.394560E-8	6.097683E-10	6.097683E-10
2.200000E-1	2.541190E-8	2.541190E-8	6.471072E-10	6.471072E-10
2.300000E-1	2.682480E-8	2.682480E-8	6.830863E-10	6.830863E-10
2.400000E-1	2.831360E-8	2.831360E-8	7.209982E-10	7.209982E-10
2.500000E-1	2.988040E-8	2.988040E-8	7.608963E-10	7.608963E-10
2.600000E-1	3.143520E-8	3.143520E-8	8.004889E-10	8.004889E-10
2.700000E-1	3.309980E-8	3.309980E-8	8.428775E-10	8.428775E-10
2.800000E-1	3.483730E-8	3.483730E-8	8.871225E-10	8.871225E-10
2.900000E-1	3.664330E-8	3.664330E-8	9.331118E-10	9.331118E-10
3.000000E-1	3.844460E-8	3.844460E-8	9.789814E-10	9.789814E-10
3.100000E-1	4.040980E-8	4.040980E-8	1.029025E-9	1.029025E-9
3.200000E-1	4.233630E-8	4.233630E-8	1.078082E-9	1.078082E-9
3.300000E-1	4.432330E-8	4.432330E-8	1.128681E-9	1.128681E-9
3.400000E-1	4.654420E-8	4.654420E-8	1.185236E-9	1.185236E-9
3.500000E-1	4.880200E-8	4.880200E-8	1.242730E-9	1.242730E-9
3.600000E-1	5.108580E-8	5.108580E-8	1.300886E-9	1.300886E-9
3.700000E-1	5.339240E-8	5.339240E-8	1.359623E-9	1.359623E-9
3.800000E-1	5.585770E-8	5.585770E-8	1.422401E-9	1.422401E-9
3.900000E-1	5.843650E-8	5.843650E-8	1.488070E-9	1.488070E-9
4.000000E-1	6.101540E-8	6.101540E-8	1.553741E-9	1.553741E-9
4.100000E-1	6.382880E-8	6.382880E-8	1.625383E-9	1.625383E-9
4.200000E-1	6.653990E-8	6.653990E-8	1.694421E-9	1.694421E-9
4.300000E-1	6.951850E-8	6.951850E-8	1.770270E-9	1.770270E-9
4.400000E-1	7.253630E-8	7.253630E-8	1.847117E-9	1.847117E-9
4.500000E-1	7.582150E-8	7.582150E-8	1.930774E-9	1.930774E-9
4.600000E-1	7.896880E-8	7.896880E-8	2.010919E-9	2.010919E-9
4.700000E-1	8.220300E-8	8.220300E-8	2.093277E-9	2.093277E-9
4.800000E-1	8.579760E-8	8.579760E-8	2.184813E-9	2.184813E-9
4.900000E-1	8.925190E-8	8.925190E-8	2.272776E-9	2.272776E-9
5.000000E-1	9.289800E-8	9.289800E-8	2.365623E-9	2.365623E-9
