

15:46:33	26/03/21


Ell Cont: 5,0x10,0

SMU1	V name:		V1
	I name:		I1
	Mode:		V
	Function:	VAR1
SMU2	V name:		V2
	I name:		I2
	Mode:		common
	Function:	const.
SMU3	off
SMU4	off
VMUs	off

Primary Source (VAR1):	single
	Sweep Spacing:	linear
	Start:		-0.500000
	Stop:		0.500000
	Step:		0.010000
	Compliance:	0.050000
Power Compliance OFF

Timing:		Integration Time:	medium
	Delay Time (sec):	0.000000
	Hold Time (sec):	0.000000
	Wait Time (sec):	1.000000

Secondary Source (VAR2):	OFF


   V1	   I1	Abs(I)	J (A\µm²)	Abs(J)
-5.000000E-1	-1.493010E-8	1.493010E-8	-3.801910E-10	3.801910E-10
-4.900000E-1	-2.447430E-9	2.447430E-9	-6.232315E-11	6.232315E-11
-4.800000E-1	1.505380E-9	1.505380E-9	3.833410E-11	3.833410E-11
-4.700000E-1	3.332540E-9	3.332540E-9	8.486223E-11	8.486223E-11
-4.600000E-1	4.517270E-9	4.517270E-9	1.150311E-10	1.150311E-10
-4.500000E-1	5.372850E-9	5.372850E-9	1.368182E-10	1.368182E-10
-4.400000E-1	6.011190E-9	6.011190E-9	1.530733E-10	1.530733E-10
-4.300000E-1	6.587740E-9	6.587740E-9	1.677550E-10	1.677550E-10
-4.200000E-1	7.076150E-9	7.076150E-9	1.801923E-10	1.801923E-10
-4.100000E-1	7.554550E-9	7.554550E-9	1.923746E-10	1.923746E-10
-4.000000E-1	7.974160E-9	7.974160E-9	2.030598E-10	2.030598E-10
-3.900000E-1	8.446750E-9	8.446750E-9	2.150942E-10	2.150942E-10
-3.800000E-1	9.272200E-9	9.272200E-9	2.361141E-10	2.361141E-10
-3.700000E-1	9.848900E-9	9.848900E-9	2.507996E-10	2.507996E-10
-3.600000E-1	1.043810E-8	1.043810E-8	2.658034E-10	2.658034E-10
-3.500000E-1	1.101930E-8	1.101930E-8	2.806035E-10	2.806035E-10
-3.400000E-1	1.158710E-8	1.158710E-8	2.950624E-10	2.950624E-10
-3.300000E-1	1.218710E-8	1.218710E-8	3.103412E-10	3.103412E-10
-3.200000E-1	1.275940E-8	1.275940E-8	3.249147E-10	3.249147E-10
-3.100000E-1	1.338680E-8	1.338680E-8	3.408913E-10	3.408913E-10
-3.000000E-1	1.403170E-8	1.403170E-8	3.573135E-10	3.573135E-10
-2.900000E-1	1.465950E-8	1.465950E-8	3.733002E-10	3.733002E-10
-2.800000E-1	1.534500E-8	1.534500E-8	3.907563E-10	3.907563E-10
-2.700000E-1	1.610090E-8	1.610090E-8	4.100051E-10	4.100051E-10
-2.600000E-1	1.683170E-8	1.683170E-8	4.286147E-10	4.286147E-10
-2.500000E-1	1.760440E-8	1.760440E-8	4.482913E-10	4.482913E-10
-2.400000E-1	1.842610E-8	1.842610E-8	4.692157E-10	4.692157E-10
-2.300000E-1	1.926570E-8	1.926570E-8	4.905959E-10	4.905959E-10
-2.200000E-1	2.018710E-8	2.018710E-8	5.140591E-10	5.140591E-10
-2.100000E-1	2.109200E-8	2.109200E-8	5.371021E-10	5.371021E-10
-2.000000E-1	2.210680E-8	2.210680E-8	5.629437E-10	5.629437E-10
-1.900000E-1	2.312430E-8	2.312430E-8	5.888541E-10	5.888541E-10
-1.800000E-1	2.422550E-8	2.422550E-8	6.168958E-10	6.168958E-10
-1.700000E-1	2.535520E-8	2.535520E-8	6.456633E-10	6.456633E-10
-1.600000E-1	2.656820E-8	2.656820E-8	6.765521E-10	6.765521E-10
-1.500000E-1	2.784870E-8	2.784870E-8	7.091597E-10	7.091597E-10
-1.400000E-1	2.917330E-8	2.917330E-8	7.428902E-10	7.428902E-10
-1.300000E-1	3.060100E-8	3.060100E-8	7.792462E-10	7.792462E-10
-1.200000E-1	3.206670E-8	3.206670E-8	8.165699E-10	8.165699E-10
-1.100000E-1	3.362750E-8	3.362750E-8	8.563152E-10	8.563152E-10
-1.000000E-1	3.528390E-8	3.528390E-8	8.984950E-10	8.984950E-10
-9.000000E-2	3.700580E-8	3.700580E-8	9.423427E-10	9.423427E-10
-8.000000E-2	3.881850E-8	3.881850E-8	9.885027E-10	9.885027E-10
-7.000000E-2	4.077080E-8	4.077080E-8	1.038217E-9	1.038217E-9
-6.000000E-2	4.277680E-8	4.277680E-8	1.089300E-9	1.089300E-9
-5.000000E-2	4.491410E-8	4.491410E-8	1.143725E-9	1.143725E-9
-4.000000E-2	4.715240E-8	4.715240E-8	1.200723E-9	1.200723E-9
-3.000000E-2	4.953160E-8	4.953160E-8	1.261309E-9	1.261309E-9
-2.000000E-2	5.199470E-8	5.199470E-8	1.324031E-9	1.324031E-9
-1.000000E-2	5.459890E-8	5.459890E-8	1.390346E-9	1.390346E-9
0.000000E+0	5.734060E-8	5.734060E-8	1.460163E-9	1.460163E-9
1.000000E-2	6.019810E-8	6.019810E-8	1.532928E-9	1.532928E-9
2.000000E-2	6.322660E-8	6.322660E-8	1.610048E-9	1.610048E-9
3.000000E-2	6.631740E-8	6.631740E-8	1.688755E-9	1.688755E-9
4.000000E-2	6.965150E-8	6.965150E-8	1.773657E-9	1.773657E-9
5.000000E-2	7.306870E-8	7.306870E-8	1.860675E-9	1.860675E-9
6.000000E-2	7.661750E-8	7.661750E-8	1.951044E-9	1.951044E-9
7.000000E-2	8.035750E-8	8.035750E-8	2.046282E-9	2.046282E-9
8.000000E-2	8.419750E-8	8.419750E-8	2.144067E-9	2.144067E-9
9.000000E-2	8.823630E-8	8.823630E-8	2.246914E-9	2.246914E-9
1.000000E-1	9.238830E-8	9.238830E-8	2.352643E-9	2.352643E-9
1.100000E-1	9.673810E-8	9.673810E-8	2.463410E-9	2.463410E-9
1.200000E-1	1.013210E-7	1.013210E-7	2.580112E-9	2.580112E-9
1.300000E-1	1.076778E-7	1.076778E-7	2.741986E-9	2.741986E-9
1.400000E-1	1.120200E-7	1.120200E-7	2.852559E-9	2.852559E-9
1.500000E-1	1.201540E-7	1.201540E-7	3.059689E-9	3.059689E-9
1.600000E-1	1.269450E-7	1.269450E-7	3.232620E-9	3.232620E-9
1.700000E-1	1.339960E-7	1.339960E-7	3.412172E-9	3.412172E-9
1.800000E-1	1.415890E-7	1.415890E-7	3.605526E-9	3.605526E-9
1.900000E-1	1.494710E-7	1.494710E-7	3.806239E-9	3.806239E-9
2.000000E-1	1.578390E-7	1.578390E-7	4.019328E-9	4.019328E-9
2.100000E-1	1.665470E-7	1.665470E-7	4.241075E-9	4.241075E-9
2.200000E-1	1.757420E-7	1.757420E-7	4.475223E-9	4.475223E-9
2.300000E-1	1.852180E-7	1.852180E-7	4.716527E-9	4.716527E-9
2.400000E-1	1.952120E-7	1.952120E-7	4.971021E-9	4.971021E-9
2.500000E-1	2.054620E-7	2.054620E-7	5.232035E-9	5.232035E-9
2.600000E-1	2.162090E-7	2.162090E-7	5.505704E-9	5.505704E-9
2.700000E-1	2.273060E-7	2.273060E-7	5.788286E-9	5.788286E-9
2.800000E-1	2.386280E-7	2.386280E-7	6.076598E-9	6.076598E-9
2.900000E-1	2.504170E-7	2.504170E-7	6.376802E-9	6.376802E-9
3.000000E-1	2.623280E-7	2.623280E-7	6.680112E-9	6.680112E-9
3.100000E-1	2.746520E-7	2.746520E-7	6.993939E-9	6.993939E-9
3.200000E-1	2.870750E-7	2.870750E-7	7.310288E-9	7.310288E-9
3.300000E-1	2.998270E-7	2.998270E-7	7.635014E-9	7.635014E-9
3.400000E-1	3.125880E-7	3.125880E-7	7.959969E-9	7.959969E-9
3.500000E-1	3.256390E-7	3.256390E-7	8.292310E-9	8.292310E-9
3.600000E-1	3.385880E-7	3.385880E-7	8.622052E-9	8.622052E-9
3.700000E-1	3.517430E-7	3.517430E-7	8.957041E-9	8.957041E-9
3.800000E-1	3.648920E-7	3.648920E-7	9.291877E-9	9.291877E-9
3.900000E-1	3.778230E-7	3.778230E-7	9.621161E-9	9.621161E-9
4.000000E-1	3.908050E-7	3.908050E-7	9.951744E-9	9.951744E-9
4.100000E-1	4.035170E-7	4.035170E-7	1.027545E-8	1.027545E-8
4.200000E-1	4.162290E-7	4.162290E-7	1.059916E-8	1.059916E-8
4.300000E-1	4.285450E-7	4.285450E-7	1.091278E-8	1.091278E-8
4.400000E-1	4.408090E-7	4.408090E-7	1.122508E-8	1.122508E-8
4.500000E-1	4.526390E-7	4.526390E-7	1.152633E-8	1.152633E-8
4.600000E-1	4.643830E-7	4.643830E-7	1.182539E-8	1.182539E-8
4.700000E-1	4.755660E-7	4.755660E-7	1.211016E-8	1.211016E-8
4.800000E-1	4.866420E-7	4.866420E-7	1.239221E-8	1.239221E-8
4.900000E-1	4.973590E-7	4.973590E-7	1.266511E-8	1.266511E-8
5.000000E-1	5.075200E-7	5.075200E-7	1.292386E-8	1.292386E-8
