

15:40:10	26/03/21


Ell Cont: 5,0x10,0

SMU1	V name:		V1
	I name:		I1
	Mode:		V
	Function:	VAR1
SMU2	V name:		V2
	I name:		I2
	Mode:		common
	Function:	const.
SMU3	off
SMU4	off
VMUs	off

Primary Source (VAR1):	single
	Sweep Spacing:	linear
	Start:		-0.500000
	Stop:		0.500000
	Step:		0.010000
	Compliance:	0.050000
Power Compliance OFF

Timing:		Integration Time:	medium
	Delay Time (sec):	0.000000
	Hold Time (sec):	0.000000
	Wait Time (sec):	1.000000

Secondary Source (VAR2):	OFF


   V1	   I1	Abs(I)	J (A\µm²)	Abs(J)
-5.000000E-1	-2.058560E-8	2.058560E-8	-5.242068E-10	5.242068E-10
-4.900000E-1	-1.369980E-8	1.369980E-8	-3.488617E-10	3.488617E-10
-4.800000E-1	-1.059510E-8	1.059510E-8	-2.698014E-10	2.698014E-10
-4.700000E-1	-8.209260E-9	8.209260E-9	-2.090466E-10	2.090466E-10
-4.600000E-1	-6.590130E-9	6.590130E-9	-1.678159E-10	1.678159E-10
-4.500000E-1	-5.553400E-9	5.553400E-9	-1.414158E-10	1.414158E-10
-4.400000E-1	-4.553460E-9	4.553460E-9	-1.159526E-10	1.159526E-10
-4.300000E-1	-3.928530E-9	3.928530E-9	-1.000390E-10	1.000390E-10
-4.200000E-1	-3.323190E-9	3.323190E-9	-8.462414E-11	8.462414E-11
-4.100000E-1	-2.820320E-9	2.820320E-9	-7.181869E-11	7.181869E-11
-4.000000E-1	-2.435690E-9	2.435690E-9	-6.202419E-11	6.202419E-11
-3.900000E-1	-2.069350E-9	2.069350E-9	-5.269544E-11	5.269544E-11
-3.800000E-1	-1.735260E-9	1.735260E-9	-4.418793E-11	4.418793E-11
-3.700000E-1	-1.431520E-9	1.431520E-9	-3.645327E-11	3.645327E-11
-3.600000E-1	-1.167100E-9	1.167100E-9	-2.971989E-11	2.971989E-11
-3.500000E-1	-9.054800E-10	9.054800E-10	-2.305780E-11	2.305780E-11
-3.400000E-1	-7.145000E-10	7.145000E-10	-1.819455E-11	1.819455E-11
-3.300000E-1	-4.961900E-10	4.961900E-10	-1.263534E-11	1.263534E-11
-3.200000E-1	-3.450800E-10	3.450800E-10	-8.787369E-12	8.787369E-12
-3.100000E-1	-2.086900E-10	2.086900E-10	-5.314235E-12	5.314235E-12
-3.000000E-1	-4.571000E-11	4.571000E-11	-1.163993E-12	1.163993E-12
-2.900000E-1	8.783000E-11	8.783000E-11	2.236567E-12	2.236567E-12
-2.800000E-1	2.232200E-10	2.232200E-10	5.684237E-12	5.684237E-12
-2.700000E-1	4.312200E-10	4.312200E-10	1.098090E-11	1.098090E-11
-2.600000E-1	5.544800E-10	5.544800E-10	1.411968E-11	1.411968E-11
-2.500000E-1	6.812000E-10	6.812000E-10	1.734657E-11	1.734657E-11
-2.400000E-1	8.291500E-10	8.291500E-10	2.111408E-11	2.111408E-11
-2.300000E-1	9.781400E-10	9.781400E-10	2.490807E-11	2.490807E-11
-2.200000E-1	1.077480E-9	1.077480E-9	2.743774E-11	2.743774E-11
-2.100000E-1	1.236670E-9	1.236670E-9	3.149147E-11	3.149147E-11
-2.000000E-1	1.342830E-9	1.342830E-9	3.419480E-11	3.419480E-11
-1.900000E-1	1.492680E-9	1.492680E-9	3.801069E-11	3.801069E-11
-1.800000E-1	1.589950E-9	1.589950E-9	4.048765E-11	4.048765E-11
-1.700000E-1	1.736350E-9	1.736350E-9	4.421569E-11	4.421569E-11
-1.600000E-1	1.837010E-9	1.837010E-9	4.677897E-11	4.677897E-11
-1.500000E-1	1.974640E-9	1.974640E-9	5.028368E-11	5.028368E-11
-1.400000E-1	2.105760E-9	2.105760E-9	5.362261E-11	5.362261E-11
-1.300000E-1	2.251060E-9	2.251060E-9	5.732264E-11	5.732264E-11
-1.200000E-1	2.368900E-9	2.368900E-9	6.032340E-11	6.032340E-11
-1.100000E-1	2.537730E-9	2.537730E-9	6.462261E-11	6.462261E-11
-1.000000E-1	2.659880E-9	2.659880E-9	6.773313E-11	6.773313E-11
-9.000000E-2	2.848590E-9	2.848590E-9	7.253858E-11	7.253858E-11
-8.000000E-2	2.983810E-9	2.983810E-9	7.598192E-11	7.598192E-11
-7.000000E-2	3.184440E-9	3.184440E-9	8.109091E-11	8.109091E-11
-6.000000E-2	3.354610E-9	3.354610E-9	8.542424E-11	8.542424E-11
-5.000000E-2	3.567190E-9	3.567190E-9	9.083753E-11	9.083753E-11
-4.000000E-2	3.787410E-9	3.787410E-9	9.644538E-11	9.644538E-11
-3.000000E-2	4.016600E-9	4.016600E-9	1.022816E-10	1.022816E-10
-2.000000E-2	4.284650E-9	4.284650E-9	1.091075E-10	1.091075E-10
-1.000000E-2	4.555750E-9	4.555750E-9	1.160109E-10	1.160109E-10
0.000000E+0	4.878830E-9	4.878830E-9	1.242381E-10	1.242381E-10
1.000000E-2	5.230840E-9	5.230840E-9	1.332019E-10	1.332019E-10
2.000000E-2	5.599280E-9	5.599280E-9	1.425842E-10	1.425842E-10
3.000000E-2	6.027730E-9	6.027730E-9	1.534945E-10	1.534945E-10
4.000000E-2	6.514010E-9	6.514010E-9	1.658775E-10	1.658775E-10
5.000000E-2	7.007630E-9	7.007630E-9	1.784474E-10	1.784474E-10
6.000000E-2	7.550400E-9	7.550400E-9	1.922689E-10	1.922689E-10
7.000000E-2	8.198290E-9	8.198290E-9	2.087672E-10	2.087672E-10
8.000000E-2	8.862700E-9	8.862700E-9	2.256863E-10	2.256863E-10
9.000000E-2	9.806700E-9	9.806700E-9	2.497250E-10	2.497250E-10
1.000000E-1	1.071430E-8	1.071430E-8	2.728368E-10	2.728368E-10
1.100000E-1	1.171520E-8	1.171520E-8	2.983244E-10	2.983244E-10
1.200000E-1	1.279740E-8	1.279740E-8	3.258823E-10	3.258823E-10
1.300000E-1	1.398860E-8	1.398860E-8	3.562159E-10	3.562159E-10
1.400000E-1	1.529170E-8	1.529170E-8	3.893990E-10	3.893990E-10
1.500000E-1	1.673400E-8	1.673400E-8	4.261268E-10	4.261268E-10
1.600000E-1	1.829400E-8	1.829400E-8	4.658518E-10	4.658518E-10
1.700000E-1	1.998750E-8	1.998750E-8	5.089763E-10	5.089763E-10
1.800000E-1	2.185980E-8	2.185980E-8	5.566539E-10	5.566539E-10
1.900000E-1	2.386370E-8	2.386370E-8	6.076827E-10	6.076827E-10
2.000000E-1	2.605080E-8	2.605080E-8	6.633766E-10	6.633766E-10
2.100000E-1	2.840230E-8	2.840230E-8	7.232569E-10	7.232569E-10
2.200000E-1	3.095550E-8	3.095550E-8	7.882735E-10	7.882735E-10
2.300000E-1	3.365230E-8	3.365230E-8	8.569468E-10	8.569468E-10
2.400000E-1	3.656410E-8	3.656410E-8	9.310950E-10	9.310950E-10
2.500000E-1	3.964960E-8	3.964960E-8	1.009666E-9	1.009666E-9
2.600000E-1	4.293890E-8	4.293890E-8	1.093428E-9	1.093428E-9
2.700000E-1	4.644000E-8	4.644000E-8	1.182582E-9	1.182582E-9
2.800000E-1	5.012570E-8	5.012570E-8	1.276437E-9	1.276437E-9
2.900000E-1	5.402570E-8	5.402570E-8	1.375750E-9	1.375750E-9
3.000000E-1	5.808420E-8	5.808420E-8	1.479099E-9	1.479099E-9
3.100000E-1	6.241010E-8	6.241010E-8	1.589256E-9	1.589256E-9
3.200000E-1	6.687720E-8	6.687720E-8	1.703010E-9	1.703010E-9
3.300000E-1	7.163970E-8	7.163970E-8	1.824286E-9	1.824286E-9
3.400000E-1	7.647250E-8	7.647250E-8	1.947352E-9	1.947352E-9
3.500000E-1	8.155640E-8	8.155640E-8	2.076812E-9	2.076812E-9
3.600000E-1	8.677110E-8	8.677110E-8	2.209603E-9	2.209603E-9
3.700000E-1	9.223700E-8	9.223700E-8	2.348790E-9	2.348790E-9
3.800000E-1	9.789320E-8	9.789320E-8	2.492824E-9	2.492824E-9
3.900000E-1	1.037510E-7	1.037510E-7	2.641991E-9	2.641991E-9
4.000000E-1	1.116060E-7	1.116060E-7	2.842017E-9	2.842017E-9
4.100000E-1	1.191960E-7	1.191960E-7	3.035294E-9	3.035294E-9
4.200000E-1	1.274520E-7	1.274520E-7	3.245531E-9	3.245531E-9
4.300000E-1	1.361850E-7	1.361850E-7	3.467914E-9	3.467914E-9
4.400000E-1	1.454780E-7	1.454780E-7	3.704558E-9	3.704558E-9
4.500000E-1	1.551370E-7	1.551370E-7	3.950522E-9	3.950522E-9
4.600000E-1	1.653440E-7	1.653440E-7	4.210440E-9	4.210440E-9
4.700000E-1	1.758950E-7	1.758950E-7	4.479119E-9	4.479119E-9
4.800000E-1	1.869670E-7	1.869670E-7	4.761064E-9	4.761064E-9
4.900000E-1	1.983320E-7	1.983320E-7	5.050471E-9	5.050471E-9
5.000000E-1	2.099360E-7	2.099360E-7	5.345964E-9	5.345964E-9
