

15:29:40	26/03/21


Ell Cont: 5,0x10,0

SMU1	V name:		V1
	I name:		I1
	Mode:		V
	Function:	VAR1
SMU2	V name:		V2
	I name:		I2
	Mode:		common
	Function:	const.
SMU3	off
SMU4	off
VMUs	off

Primary Source (VAR1):	single
	Sweep Spacing:	linear
	Start:		-0.500000
	Stop:		0.500000
	Step:		0.010000
	Compliance:	0.050000
Power Compliance OFF

Timing:		Integration Time:	medium
	Delay Time (sec):	0.000000
	Hold Time (sec):	0.000000
	Wait Time (sec):	1.000000

Secondary Source (VAR2):	OFF


   V1	   I1	Abs(I)	J (A\um²)	Abs(J)
-5.000000E-1	-2.158160E-8	2.158160E-8	-5.495696E-10	5.495696E-10
-4.900000E-1	-1.269570E-8	1.269570E-8	-3.232926E-10	3.232926E-10
-4.800000E-1	-8.070600E-9	8.070600E-9	-2.055157E-10	2.055157E-10
-4.700000E-1	-5.823440E-9	5.823440E-9	-1.482923E-10	1.482923E-10
-4.600000E-1	-4.369480E-9	4.369480E-9	-1.112676E-10	1.112676E-10
-4.500000E-1	-3.298990E-9	3.298990E-9	-8.400789E-11	8.400789E-11
-4.400000E-1	-2.508660E-9	2.508660E-9	-6.388235E-11	6.388235E-11
-4.300000E-1	-1.903770E-9	1.903770E-9	-4.847899E-11	4.847899E-11
-4.200000E-1	-1.380920E-9	1.380920E-9	-3.516476E-11	3.516476E-11
-4.100000E-1	-9.684400E-10	9.684400E-10	-2.466106E-11	2.466106E-11
-4.000000E-1	-6.109200E-10	6.109200E-10	-1.555691E-11	1.555691E-11
-3.900000E-1	-3.347500E-10	3.347500E-10	-8.524319E-12	8.524319E-12
-3.800000E-1	-2.963000E-11	2.963000E-11	-7.545200E-13	7.545200E-13
-3.700000E-1	2.208500E-10	2.208500E-10	5.623886E-12	5.623886E-12
-3.600000E-1	5.785800E-10	5.785800E-10	1.473338E-11	1.473338E-11
-3.500000E-1	7.371000E-10	7.371000E-10	1.877005E-11	1.877005E-11
-3.400000E-1	9.667700E-10	9.667700E-10	2.461854E-11	2.461854E-11
-3.300000E-1	1.151170E-9	1.151170E-9	2.931423E-11	2.931423E-11
-3.200000E-1	1.337440E-9	1.337440E-9	3.405755E-11	3.405755E-11
-3.100000E-1	1.518880E-9	1.518880E-9	3.867787E-11	3.867787E-11
-3.000000E-1	1.676040E-9	1.676040E-9	4.267991E-11	4.267991E-11
-2.900000E-1	1.863790E-9	1.863790E-9	4.746091E-11	4.746091E-11
-2.800000E-1	2.007140E-9	2.007140E-9	5.111128E-11	5.111128E-11
-2.700000E-1	2.205800E-9	2.205800E-9	5.617010E-11	5.617010E-11
-2.600000E-1	2.341550E-9	2.341550E-9	5.962694E-11	5.962694E-11
-2.500000E-1	2.522410E-9	2.522410E-9	6.423249E-11	6.423249E-11
-2.400000E-1	2.666140E-9	2.666140E-9	6.789254E-11	6.789254E-11
-2.300000E-1	2.841060E-9	2.841060E-9	7.234683E-11	7.234683E-11
-2.200000E-1	3.028210E-9	3.028210E-9	7.711255E-11	7.711255E-11
-2.100000E-1	3.222450E-9	3.222450E-9	8.205882E-11	8.205882E-11
-2.000000E-1	3.410140E-9	3.410140E-9	8.683830E-11	8.683830E-11
-1.900000E-1	3.608060E-9	3.608060E-9	9.187828E-11	9.187828E-11
-1.800000E-1	3.798750E-9	3.798750E-9	9.673415E-11	9.673415E-11
-1.700000E-1	4.023450E-9	4.023450E-9	1.024561E-10	1.024561E-10
-1.600000E-1	4.267100E-9	4.267100E-9	1.086606E-10	1.086606E-10
-1.500000E-1	4.510550E-9	4.510550E-9	1.148599E-10	1.148599E-10
-1.400000E-1	4.785510E-9	4.785510E-9	1.218617E-10	1.218617E-10
-1.300000E-1	5.054690E-9	5.054690E-9	1.287163E-10	1.287163E-10
-1.200000E-1	5.350040E-9	5.350040E-9	1.362373E-10	1.362373E-10
-1.100000E-1	5.730300E-9	5.730300E-9	1.459205E-10	1.459205E-10
-1.000000E-1	6.075310E-9	6.075310E-9	1.547061E-10	1.547061E-10
-9.000000E-2	6.455750E-9	6.455750E-9	1.643939E-10	1.643939E-10
-8.000000E-2	6.870210E-9	6.870210E-9	1.749480E-10	1.749480E-10
-7.000000E-2	7.341910E-9	7.341910E-9	1.869598E-10	1.869598E-10
-6.000000E-2	7.846840E-9	7.846840E-9	1.998177E-10	1.998177E-10
-5.000000E-2	8.441110E-9	8.441110E-9	2.149506E-10	2.149506E-10
-4.000000E-2	9.319400E-9	9.319400E-9	2.373160E-10	2.373160E-10
-3.000000E-2	1.003410E-8	1.003410E-8	2.555157E-10	2.555157E-10
-2.000000E-2	1.089100E-8	1.089100E-8	2.773364E-10	2.773364E-10
-1.000000E-2	1.181140E-8	1.181140E-8	3.007741E-10	3.007741E-10
0.000000E+0	1.279800E-8	1.279800E-8	3.258976E-10	3.258976E-10
1.000000E-2	1.388660E-8	1.388660E-8	3.536185E-10	3.536185E-10
2.000000E-2	1.507390E-8	1.507390E-8	3.838528E-10	3.838528E-10
3.000000E-2	1.636570E-8	1.636570E-8	4.167481E-10	4.167481E-10
4.000000E-2	1.779100E-8	1.779100E-8	4.530430E-10	4.530430E-10
5.000000E-2	1.935910E-8	1.935910E-8	4.929743E-10	4.929743E-10
6.000000E-2	2.104330E-8	2.104330E-8	5.358620E-10	5.358620E-10
7.000000E-2	2.289220E-8	2.289220E-8	5.829437E-10	5.829437E-10
8.000000E-2	2.489590E-8	2.489590E-8	6.339674E-10	6.339674E-10
9.000000E-2	2.707400E-8	2.707400E-8	6.894321E-10	6.894321E-10
1.000000E-1	2.942980E-8	2.942980E-8	7.494219E-10	7.494219E-10
1.100000E-1	3.199560E-8	3.199560E-8	8.147593E-10	8.147593E-10
1.200000E-1	3.469410E-8	3.469410E-8	8.834759E-10	8.834759E-10
1.300000E-1	3.763180E-8	3.763180E-8	9.582837E-10	9.582837E-10
1.400000E-1	4.072400E-8	4.072400E-8	1.037026E-9	1.037026E-9
1.500000E-1	4.404700E-8	4.404700E-8	1.121645E-9	1.121645E-9
1.600000E-1	4.754880E-8	4.754880E-8	1.210817E-9	1.210817E-9
1.700000E-1	5.118800E-8	5.118800E-8	1.303489E-9	1.303489E-9
1.800000E-1	5.505250E-8	5.505250E-8	1.401897E-9	1.401897E-9
1.900000E-1	5.906050E-8	5.906050E-8	1.503960E-9	1.503960E-9
2.000000E-1	6.327170E-8	6.327170E-8	1.611197E-9	1.611197E-9
2.100000E-1	6.760600E-8	6.760600E-8	1.721569E-9	1.721569E-9
2.200000E-1	7.212790E-8	7.212790E-8	1.836718E-9	1.836718E-9
2.300000E-1	7.669620E-8	7.669620E-8	1.953048E-9	1.953048E-9
2.400000E-1	8.142680E-8	8.142680E-8	2.073512E-9	2.073512E-9
2.500000E-1	8.622270E-8	8.622270E-8	2.195638E-9	2.195638E-9
2.600000E-1	9.117810E-8	9.117810E-8	2.321826E-9	2.321826E-9
2.700000E-1	9.619080E-8	9.619080E-8	2.449473E-9	2.449473E-9
2.800000E-1	1.013610E-7	1.013610E-7	2.581131E-9	2.581131E-9
2.900000E-1	1.092370E-7	1.092370E-7	2.781691E-9	2.781691E-9
3.000000E-1	1.162770E-7	1.162770E-7	2.960963E-9	2.960963E-9
3.100000E-1	1.238690E-7	1.238690E-7	3.154291E-9	3.154291E-9
3.200000E-1	1.316950E-7	1.316950E-7	3.353578E-9	3.353578E-9
3.300000E-1	1.399660E-7	1.399660E-7	3.564197E-9	3.564197E-9
3.400000E-1	1.484870E-7	1.484870E-7	3.781182E-9	3.781182E-9
3.500000E-1	1.573590E-7	1.573590E-7	4.007105E-9	4.007105E-9
3.600000E-1	1.664110E-7	1.664110E-7	4.237611E-9	4.237611E-9
3.700000E-1	1.757800E-7	1.757800E-7	4.476190E-9	4.476190E-9
3.800000E-1	1.853510E-7	1.853510E-7	4.719913E-9	4.719913E-9
3.900000E-1	1.950000E-7	1.950000E-7	4.965623E-9	4.965623E-9
4.000000E-1	2.048700E-7	2.048700E-7	5.216959E-9	5.216959E-9
4.100000E-1	2.147610E-7	2.147610E-7	5.468831E-9	5.468831E-9
4.200000E-1	2.248470E-7	2.248470E-7	5.725668E-9	5.725668E-9
4.300000E-1	2.349270E-7	2.349270E-7	5.982353E-9	5.982353E-9
4.400000E-1	2.450990E-7	2.450990E-7	6.241380E-9	6.241380E-9
4.500000E-1	2.551860E-7	2.551860E-7	6.498243E-9	6.498243E-9
4.600000E-1	2.653600E-7	2.653600E-7	6.757321E-9	6.757321E-9
4.700000E-1	2.753630E-7	2.753630E-7	7.012045E-9	7.012045E-9
4.800000E-1	2.854810E-7	2.854810E-7	7.269697E-9	7.269697E-9
4.900000E-1	2.954600E-7	2.954600E-7	7.523809E-9	7.523809E-9
5.000000E-1	3.052050E-7	3.052050E-7	7.771963E-9	7.771963E-9
