

15:45:49	26/03/21


Ell Cont: 5,0x10,0

SMU1	V name:		V1
	I name:		I1
	Mode:		V
	Function:	VAR1
SMU2	V name:		V2
	I name:		I2
	Mode:		common
	Function:	const.
SMU3	off
SMU4	off
VMUs	off

Primary Source (VAR1):	single
	Sweep Spacing:	linear
	Start:		-0.500000
	Stop:		0.500000
	Step:		0.010000
	Compliance:	0.050000
Power Compliance OFF

Timing:		Integration Time:	medium
	Delay Time (sec):	0.000000
	Hold Time (sec):	0.000000
	Wait Time (sec):	1.000000

Secondary Source (VAR2):	OFF


   V1	   I1	Abs(I)	J (A\um²)	Abs(J)
-5.000000E-1	-6.278730E-8	6.278730E-8	-1.598862E-9	1.598862E-9
-4.900000E-1	-5.654610E-8	5.654610E-8	-1.439931E-9	1.439931E-9
-4.800000E-1	-5.309820E-8	5.309820E-8	-1.352131E-9	1.352131E-9
-4.700000E-1	-5.044050E-8	5.044050E-8	-1.284454E-9	1.284454E-9
-4.600000E-1	-4.792750E-8	4.792750E-8	-1.220461E-9	1.220461E-9
-4.500000E-1	-4.574380E-8	4.574380E-8	-1.164854E-9	1.164854E-9
-4.400000E-1	-4.373080E-8	4.373080E-8	-1.113593E-9	1.113593E-9
-4.300000E-1	-4.173150E-8	4.173150E-8	-1.062681E-9	1.062681E-9
-4.200000E-1	-3.992360E-8	3.992360E-8	-1.016644E-9	1.016644E-9
-4.100000E-1	-3.826980E-8	3.826980E-8	-9.745302E-10	9.745302E-10
-4.000000E-1	-3.657250E-8	3.657250E-8	-9.313089E-10	9.313089E-10
-3.900000E-1	-3.509060E-8	3.509060E-8	-8.935727E-10	8.935727E-10
-3.800000E-1	-3.366510E-8	3.366510E-8	-8.572727E-10	8.572727E-10
-3.700000E-1	-3.218390E-8	3.218390E-8	-8.195544E-10	8.195544E-10
-3.600000E-1	-3.077180E-8	3.077180E-8	-7.835956E-10	7.835956E-10
-3.500000E-1	-2.933260E-8	2.933260E-8	-7.469468E-10	7.469468E-10
-3.400000E-1	-2.808920E-8	2.808920E-8	-7.152839E-10	7.152839E-10
-3.300000E-1	-2.674590E-8	2.674590E-8	-6.810772E-10	6.810772E-10
-3.200000E-1	-2.552200E-8	2.552200E-8	-6.499109E-10	6.499109E-10
-3.100000E-1	-2.428560E-8	2.428560E-8	-6.184263E-10	6.184263E-10
-3.000000E-1	-2.299240E-8	2.299240E-8	-5.854953E-10	5.854953E-10
-2.900000E-1	-2.183520E-8	2.183520E-8	-5.560275E-10	5.560275E-10
-2.800000E-1	-2.100460E-8	2.100460E-8	-5.348765E-10	5.348765E-10
-2.700000E-1	-1.990930E-8	1.990930E-8	-5.069850E-10	5.069850E-10
-2.600000E-1	-1.880880E-8	1.880880E-8	-4.789610E-10	4.789610E-10
-2.500000E-1	-1.776370E-8	1.776370E-8	-4.523478E-10	4.523478E-10
-2.400000E-1	-1.663200E-8	1.663200E-8	-4.235294E-10	4.235294E-10
-2.300000E-1	-1.558800E-8	1.558800E-8	-3.969442E-10	3.969442E-10
-2.200000E-1	-1.463330E-8	1.463330E-8	-3.726330E-10	3.726330E-10
-2.100000E-1	-1.362690E-8	1.362690E-8	-3.470053E-10	3.470053E-10
-2.000000E-1	-1.262040E-8	1.262040E-8	-3.213751E-10	3.213751E-10
-1.900000E-1	-1.191060E-8	1.191060E-8	-3.033002E-10	3.033002E-10
-1.800000E-1	-1.089450E-8	1.089450E-8	-2.774255E-10	2.774255E-10
-1.700000E-1	-1.036100E-8	1.036100E-8	-2.638401E-10	2.638401E-10
-1.600000E-1	-9.710800E-9	9.710800E-9	-2.472829E-10	2.472829E-10
-1.500000E-1	-9.277200E-9	9.277200E-9	-2.362414E-10	2.362414E-10
-1.400000E-1	-8.440800E-9	8.440800E-9	-2.149427E-10	2.149427E-10
-1.300000E-1	-7.868100E-9	7.868100E-9	-2.003591E-10	2.003591E-10
-1.200000E-1	-7.180080E-9	7.180080E-9	-1.828388E-10	1.828388E-10
-1.100000E-1	-6.450080E-9	6.450080E-9	-1.642496E-10	1.642496E-10
-1.000000E-1	-5.689460E-9	5.689460E-9	-1.448806E-10	1.448806E-10
-9.000000E-2	-4.928670E-9	4.928670E-9	-1.255073E-10	1.255073E-10
-8.000000E-2	-4.213920E-9	4.213920E-9	-1.073063E-10	1.073063E-10
-7.000000E-2	-3.482340E-9	3.482340E-9	-8.867685E-11	8.867685E-11
-6.000000E-2	-2.814720E-9	2.814720E-9	-7.167609E-11	7.167609E-11
-5.000000E-2	-2.108060E-9	2.108060E-9	-5.368118E-11	5.368118E-11
-4.000000E-2	-1.407500E-9	1.407500E-9	-3.584161E-11	3.584161E-11
-3.000000E-2	-7.374400E-10	7.374400E-10	-1.877871E-11	1.877871E-11
-2.000000E-2	-1.111600E-10	1.111600E-10	-2.830660E-12	2.830660E-12
-1.000000E-2	6.272400E-10	6.272400E-10	1.597250E-11	1.597250E-11
0.000000E+0	1.275220E-9	1.275220E-9	3.247313E-11	3.247313E-11
1.000000E-2	1.946270E-9	1.946270E-9	4.956124E-11	4.956124E-11
2.000000E-2	2.641840E-9	2.641840E-9	6.727375E-11	6.727375E-11
3.000000E-2	3.327450E-9	3.327450E-9	8.473262E-11	8.473262E-11
4.000000E-2	4.041470E-9	4.041470E-9	1.029149E-10	1.029149E-10
5.000000E-2	4.726470E-9	4.726470E-9	1.203583E-10	1.203583E-10
6.000000E-2	5.476340E-9	5.476340E-9	1.394535E-10	1.394535E-10
7.000000E-2	6.229160E-9	6.229160E-9	1.586239E-10	1.586239E-10
8.000000E-2	6.944000E-9	6.944000E-9	1.768271E-10	1.768271E-10
9.000000E-2	7.751390E-9	7.751390E-9	1.973871E-10	1.973871E-10
1.000000E-1	8.501770E-9	8.501770E-9	2.164953E-10	2.164953E-10
1.100000E-1	9.323000E-9	9.323000E-9	2.374077E-10	2.374077E-10
1.200000E-1	1.023880E-8	1.023880E-8	2.607283E-10	2.607283E-10
1.300000E-1	1.116910E-8	1.116910E-8	2.844181E-10	2.844181E-10
1.400000E-1	1.207230E-8	1.207230E-8	3.074179E-10	3.074179E-10
1.500000E-1	1.305390E-8	1.305390E-8	3.324141E-10	3.324141E-10
1.600000E-1	1.399180E-8	1.399180E-8	3.562974E-10	3.562974E-10
1.700000E-1	1.492190E-8	1.492190E-8	3.799822E-10	3.799822E-10
1.800000E-1	1.601180E-8	1.601180E-8	4.077362E-10	4.077362E-10
1.900000E-1	1.697120E-8	1.697120E-8	4.321670E-10	4.321670E-10
2.000000E-1	1.803280E-8	1.803280E-8	4.592004E-10	4.592004E-10
2.100000E-1	1.917000E-8	1.917000E-8	4.881589E-10	4.881589E-10
2.200000E-1	2.028350E-8	2.028350E-8	5.165139E-10	5.165139E-10
2.300000E-1	2.141940E-8	2.141940E-8	5.454393E-10	5.454393E-10
2.400000E-1	2.260040E-8	2.260040E-8	5.755131E-10	5.755131E-10
2.500000E-1	2.385740E-8	2.385740E-8	6.075223E-10	6.075223E-10
2.600000E-1	2.499390E-8	2.499390E-8	6.364629E-10	6.364629E-10
2.700000E-1	2.630490E-8	2.630490E-8	6.698472E-10	6.698472E-10
2.800000E-1	2.762690E-8	2.762690E-8	7.035116E-10	7.035116E-10
2.900000E-1	2.897720E-8	2.897720E-8	7.378966E-10	7.378966E-10
3.000000E-1	3.031040E-8	3.031040E-8	7.718462E-10	7.718462E-10
3.100000E-1	3.193080E-8	3.193080E-8	8.131092E-10	8.131092E-10
3.200000E-1	3.341730E-8	3.341730E-8	8.509626E-10	8.509626E-10
3.300000E-1	3.503060E-8	3.503060E-8	8.920448E-10	8.920448E-10
3.400000E-1	3.664680E-8	3.664680E-8	9.332009E-10	9.332009E-10
3.500000E-1	3.835280E-8	3.835280E-8	9.766437E-10	9.766437E-10
3.600000E-1	4.032410E-8	4.032410E-8	1.026842E-9	1.026842E-9
3.700000E-1	4.206310E-8	4.206310E-8	1.071126E-9	1.071126E-9
3.800000E-1	4.403730E-8	4.403730E-8	1.121398E-9	1.121398E-9
3.900000E-1	4.585600E-8	4.585600E-8	1.167711E-9	1.167711E-9
4.000000E-1	4.797070E-8	4.797070E-8	1.221561E-9	1.221561E-9
4.100000E-1	5.010590E-8	5.010590E-8	1.275933E-9	1.275933E-9
4.200000E-1	5.225770E-8	5.225770E-8	1.330728E-9	1.330728E-9
4.300000E-1	5.452930E-8	5.452930E-8	1.388574E-9	1.388574E-9
4.400000E-1	5.699890E-8	5.699890E-8	1.451462E-9	1.451462E-9
4.500000E-1	5.932190E-8	5.932190E-8	1.510616E-9	1.510616E-9
4.600000E-1	6.188720E-8	6.188720E-8	1.575941E-9	1.575941E-9
4.700000E-1	6.450220E-8	6.450220E-8	1.642531E-9	1.642531E-9
4.800000E-1	6.721320E-8	6.721320E-8	1.711566E-9	1.711566E-9
4.900000E-1	7.004140E-8	7.004140E-8	1.783585E-9	1.783585E-9
5.000000E-1	7.315110E-8	7.315110E-8	1.862773E-9	1.862773E-9
