

13:12:13	23/02/21


Ell Cont: 5,0x10,0

SMU1	V name:		V1
	I name:		I1
	Mode:		V
	Function:	VAR1
SMU2	V name:		V2
	I name:		I2
	Mode:		common
	Function:	const.
SMU3	off
SMU4	off
VMUs	off

Primary Source (VAR1):	single
	Sweep Spacing:	linear
	Start:		-0.500000
	Stop:		0.500000
	Step:		0.010000
	Compliance:	0.050000
Power Compliance OFF

Timing:		Integration Time:	medium
	Delay Time (sec):	0.000000
	Hold Time (sec):	0.000000
	Wait Time (sec):	1.000000

Secondary Source (VAR2):	OFF


   V1	   I1	Abs(I)	J (A\µm²)	Abs(J)
-5.000000E-1	-1.917380E-9	1.917380E-9	-4.882557E-11	4.882557E-11
-4.900000E-1	-9.487300E-10	9.487300E-10	-2.415915E-11	2.415915E-11
-4.800000E-1	-4.788900E-10	4.788900E-10	-1.219481E-11	1.219481E-11
-4.700000E-1	-1.756600E-10	1.756600E-10	-4.473135E-12	4.473135E-12
-4.600000E-1	-3.514000E-11	3.514000E-11	-8.948306E-13	8.948306E-13
-4.500000E-1	4.309000E-11	4.309000E-11	1.097275E-12	1.097275E-12
-4.400000E-1	9.518000E-11	9.518000E-11	2.423733E-12	2.423733E-12
-4.300000E-1	1.336400E-10	1.336400E-10	3.403107E-12	3.403107E-12
-4.200000E-1	1.632800E-10	1.632800E-10	4.157881E-12	4.157881E-12
-4.100000E-1	1.878700E-10	1.878700E-10	4.784059E-12	4.784059E-12
-4.000000E-1	2.088800E-10	2.088800E-10	5.319073E-12	5.319073E-12
-3.900000E-1	2.281100E-10	2.281100E-10	5.808760E-12	5.808760E-12
-3.800000E-1	2.457200E-10	2.457200E-10	6.257194E-12	6.257194E-12
-3.700000E-1	2.628100E-10	2.628100E-10	6.692386E-12	6.692386E-12
-3.600000E-1	2.778000E-10	2.778000E-10	7.074102E-12	7.074102E-12
-3.500000E-1	2.958800E-10	2.958800E-10	7.534505E-12	7.534505E-12
-3.400000E-1	3.070200E-10	3.070200E-10	7.818182E-12	7.818182E-12
-3.300000E-1	3.229400E-10	3.229400E-10	8.223580E-12	8.223580E-12
-3.200000E-1	3.389900E-10	3.389900E-10	8.632289E-12	8.632289E-12
-3.100000E-1	3.569000E-10	3.569000E-10	9.088363E-12	9.088363E-12
-3.000000E-1	3.739900E-10	3.739900E-10	9.523555E-12	9.523555E-12
-2.900000E-1	3.897600E-10	3.897600E-10	9.925134E-12	9.925134E-12
-2.800000E-1	4.065700E-10	4.065700E-10	1.035320E-11	1.035320E-11
-2.700000E-1	4.242200E-10	4.242200E-10	1.080265E-11	1.080265E-11
-2.600000E-1	4.435300E-10	4.435300E-10	1.129437E-11	1.129437E-11
-2.500000E-1	4.612600E-10	4.612600E-10	1.174586E-11	1.174586E-11
-2.400000E-1	4.824700E-10	4.824700E-10	1.228597E-11	1.228597E-11
-2.300000E-1	5.051500E-10	5.051500E-10	1.286351E-11	1.286351E-11
-2.200000E-1	5.289100E-10	5.289100E-10	1.346855E-11	1.346855E-11
-2.100000E-1	5.525900E-10	5.525900E-10	1.407156E-11	1.407156E-11
-2.000000E-1	5.788200E-10	5.788200E-10	1.473950E-11	1.473950E-11
-1.900000E-1	6.072000E-10	6.072000E-10	1.546218E-11	1.546218E-11
-1.800000E-1	6.363600E-10	6.363600E-10	1.620474E-11	1.620474E-11
-1.700000E-1	6.683400E-10	6.683400E-10	1.701910E-11	1.701910E-11
-1.600000E-1	7.020300E-10	7.020300E-10	1.787701E-11	1.787701E-11
-1.500000E-1	7.384300E-10	7.384300E-10	1.880392E-11	1.880392E-11
-1.400000E-1	7.760500E-10	7.760500E-10	1.976190E-11	1.976190E-11
-1.300000E-1	8.450100E-10	8.450100E-10	2.151795E-11	2.151795E-11
-1.200000E-1	1.045730E-9	1.045730E-9	2.662923E-11	2.662923E-11
-1.100000E-1	1.133270E-9	1.133270E-9	2.885842E-11	2.885842E-11
-1.000000E-1	1.209930E-9	1.209930E-9	3.081054E-11	3.081054E-11
-9.000000E-2	1.285290E-9	1.285290E-9	3.272956E-11	3.272956E-11
-8.000000E-2	1.360280E-9	1.360280E-9	3.463916E-11	3.463916E-11
-7.000000E-2	1.439530E-9	1.439530E-9	3.665724E-11	3.665724E-11
-6.000000E-2	1.518270E-9	1.518270E-9	3.866234E-11	3.866234E-11
-5.000000E-2	1.606460E-9	1.606460E-9	4.090807E-11	4.090807E-11
-4.000000E-2	1.692980E-9	1.692980E-9	4.311128E-11	4.311128E-11
-3.000000E-2	1.791840E-9	1.791840E-9	4.562872E-11	4.562872E-11
-2.000000E-2	1.893660E-9	1.893660E-9	4.822154E-11	4.822154E-11
-1.000000E-2	1.998030E-9	1.998030E-9	5.087930E-11	5.087930E-11
0.000000E+0	2.133290E-9	2.133290E-9	5.432366E-11	5.432366E-11
1.000000E-2	2.244360E-9	2.244360E-9	5.715202E-11	5.715202E-11
2.000000E-2	2.385790E-9	2.385790E-9	6.075350E-11	6.075350E-11
3.000000E-2	2.530480E-9	2.530480E-9	6.443799E-11	6.443799E-11
4.000000E-2	2.686960E-9	2.686960E-9	6.842271E-11	6.842271E-11
5.000000E-2	2.844110E-9	2.844110E-9	7.242450E-11	7.242450E-11
6.000000E-2	3.023460E-9	3.023460E-9	7.699160E-11	7.699160E-11
7.000000E-2	3.211730E-9	3.211730E-9	8.178584E-11	8.178584E-11
8.000000E-2	3.411390E-9	3.411390E-9	8.687013E-11	8.687013E-11
9.000000E-2	3.628530E-9	3.628530E-9	9.239954E-11	9.239954E-11
1.000000E-1	3.855760E-9	3.855760E-9	9.818589E-11	9.818589E-11
1.100000E-1	4.105600E-9	4.105600E-9	1.045480E-10	1.045480E-10
1.200000E-1	4.366340E-9	4.366340E-9	1.111877E-10	1.111877E-10
1.300000E-1	4.649620E-9	4.649620E-9	1.184013E-10	1.184013E-10
1.400000E-1	4.950090E-9	4.950090E-9	1.260527E-10	1.260527E-10
1.500000E-1	5.095960E-9	5.095960E-9	1.297673E-10	1.297673E-10
1.600000E-1	5.399040E-9	5.399040E-9	1.374851E-10	1.374851E-10
1.700000E-1	5.728060E-9	5.728060E-9	1.458635E-10	1.458635E-10
1.800000E-1	6.080670E-9	6.080670E-9	1.548426E-10	1.548426E-10
1.900000E-1	6.449810E-9	6.449810E-9	1.642427E-10	1.642427E-10
2.000000E-1	6.848980E-9	6.848980E-9	1.744074E-10	1.744074E-10
2.100000E-1	7.266810E-9	7.266810E-9	1.850474E-10	1.850474E-10
2.200000E-1	7.708540E-9	7.708540E-9	1.962959E-10	1.962959E-10
2.300000E-1	8.179310E-9	8.179310E-9	2.082839E-10	2.082839E-10
2.400000E-1	8.663190E-9	8.663190E-9	2.206058E-10	2.206058E-10
2.500000E-1	9.175910E-9	9.175910E-9	2.336621E-10	2.336621E-10
2.600000E-1	9.732600E-9	9.732600E-9	2.478380E-10	2.478380E-10
2.700000E-1	1.140200E-8	1.140200E-8	2.903489E-10	2.903489E-10
2.800000E-1	1.206460E-8	1.206460E-8	3.072218E-10	3.072218E-10
2.900000E-1	1.277070E-8	1.277070E-8	3.252024E-10	3.252024E-10
3.000000E-1	1.350150E-8	1.350150E-8	3.438121E-10	3.438121E-10
3.100000E-1	1.429980E-8	1.429980E-8	3.641406E-10	3.641406E-10
3.200000E-1	1.513200E-8	1.513200E-8	3.853323E-10	3.853323E-10
3.300000E-1	1.603690E-8	1.603690E-8	4.083753E-10	4.083753E-10
3.400000E-1	1.698040E-8	1.698040E-8	4.324013E-10	4.324013E-10
3.500000E-1	1.799860E-8	1.799860E-8	4.583295E-10	4.583295E-10
3.600000E-1	1.904970E-8	1.904970E-8	4.850955E-10	4.850955E-10
3.700000E-1	2.019220E-8	2.019220E-8	5.141889E-10	5.141889E-10
3.800000E-1	2.138610E-8	2.138610E-8	5.445913E-10	5.445913E-10
3.900000E-1	2.262440E-8	2.262440E-8	5.761243E-10	5.761243E-10
4.000000E-1	2.394670E-8	2.394670E-8	6.097963E-10	6.097963E-10
4.100000E-1	2.530860E-8	2.530860E-8	6.444767E-10	6.444767E-10
4.200000E-1	2.675720E-8	2.675720E-8	6.813649E-10	6.813649E-10
4.300000E-1	2.824770E-8	2.824770E-8	7.193201E-10	7.193201E-10
4.400000E-1	2.982170E-8	2.982170E-8	7.594016E-10	7.594016E-10
4.500000E-1	3.143500E-8	3.143500E-8	8.004838E-10	8.004838E-10
4.600000E-1	3.312640E-8	3.312640E-8	8.435549E-10	8.435549E-10
4.700000E-1	3.485340E-8	3.485340E-8	8.875325E-10	8.875325E-10
4.800000E-1	3.666770E-8	3.666770E-8	9.337331E-10	9.337331E-10
4.900000E-1	3.852220E-8	3.852220E-8	9.809575E-10	9.809575E-10
5.000000E-1	4.040910E-8	4.040910E-8	1.029007E-9	1.029007E-9
