

14:36:04	23/02/21


Ell Cont: 5,0x10,0

SMU1	V name:		V1
	I name:		I1
	Mode:		V
	Function:	VAR1
SMU2	V name:		V2
	I name:		I2
	Mode:		common
	Function:	const.
SMU3	off
SMU4	off
VMUs	off

Primary Source (VAR1):	single
	Sweep Spacing:	linear
	Start:		-0.500000
	Stop:		0.500000
	Step:		0.010000
	Compliance:	0.050000
Power Compliance OFF

Timing:		Integration Time:	medium
	Delay Time (sec):	0.000000
	Hold Time (sec):	0.000000
	Wait Time (sec):	1.000000

Secondary Source (VAR2):	OFF


   V1	   I1	Abs(I)	J (A\µm²)	Abs(J)
-5.000000E-1	-1.683840E-6	1.683840E-6	-4.287853E-8	4.287853E-8
-4.900000E-1	-1.605210E-6	1.605210E-6	-4.087624E-8	4.087624E-8
-4.800000E-1	-1.556610E-6	1.556610E-6	-3.963866E-8	3.963866E-8
-4.700000E-1	-1.642080E-6	1.642080E-6	-4.181513E-8	4.181513E-8
-4.600000E-1	-1.589060E-6	1.589060E-6	-4.046499E-8	4.046499E-8
-4.500000E-1	-1.505560E-6	1.505560E-6	-3.833868E-8	3.833868E-8
-4.400000E-1	-1.473540E-6	1.473540E-6	-3.752330E-8	3.752330E-8
-4.300000E-1	-1.415090E-6	1.415090E-6	-3.603489E-8	3.603489E-8
-4.200000E-1	-1.381960E-6	1.381960E-6	-3.519124E-8	3.519124E-8
-4.100000E-1	-1.332260E-6	1.332260E-6	-3.392564E-8	3.392564E-8
-4.000000E-1	-1.381400E-6	1.381400E-6	-3.517698E-8	3.517698E-8
-3.900000E-1	-1.328750E-6	1.328750E-6	-3.383626E-8	3.383626E-8
-3.800000E-1	-1.293560E-6	1.293560E-6	-3.294016E-8	3.294016E-8
-3.700000E-1	-1.239800E-6	1.239800E-6	-3.157117E-8	3.157117E-8
-3.600000E-1	-1.188960E-6	1.188960E-6	-3.027655E-8	3.027655E-8
-3.500000E-1	-1.182520E-6	1.182520E-6	-3.011255E-8	3.011255E-8
-3.400000E-1	-1.097020E-6	1.097020E-6	-2.793532E-8	2.793532E-8
-3.300000E-1	-1.061680E-6	1.061680E-6	-2.703540E-8	2.703540E-8
-3.200000E-1	-1.021230E-6	1.021230E-6	-2.600535E-8	2.600535E-8
-3.100000E-1	-1.006241E-6	1.006241E-6	-2.562366E-8	2.562366E-8
-3.000000E-1	-9.663010E-7	9.663010E-7	-2.460660E-8	2.460660E-8
-2.900000E-1	-9.199170E-7	9.199170E-7	-2.342544E-8	2.342544E-8
-2.800000E-1	-8.911350E-7	8.911350E-7	-2.269251E-8	2.269251E-8
-2.700000E-1	-8.613300E-7	8.613300E-7	-2.193354E-8	2.193354E-8
-2.600000E-1	-8.366890E-7	8.366890E-7	-2.130606E-8	2.130606E-8
-2.500000E-1	-7.951790E-7	7.951790E-7	-2.024902E-8	2.024902E-8
-2.400000E-1	-7.602750E-7	7.602750E-7	-1.936020E-8	1.936020E-8
-2.300000E-1	-7.078200E-7	7.078200E-7	-1.802445E-8	1.802445E-8
-2.200000E-1	-6.888520E-7	6.888520E-7	-1.754143E-8	1.754143E-8
-2.100000E-1	-6.508400E-7	6.508400E-7	-1.657347E-8	1.657347E-8
-2.000000E-1	-5.974240E-7	5.974240E-7	-1.521324E-8	1.521324E-8
-1.900000E-1	-5.845890E-7	5.845890E-7	-1.488640E-8	1.488640E-8
-1.800000E-1	-5.493060E-7	5.493060E-7	-1.398793E-8	1.398793E-8
-1.700000E-1	-5.147640E-7	5.147640E-7	-1.310833E-8	1.310833E-8
-1.600000E-1	-4.813110E-7	4.813110E-7	-1.225646E-8	1.225646E-8
-1.500000E-1	-4.293570E-7	4.293570E-7	-1.093346E-8	1.093346E-8
-1.400000E-1	-4.022020E-7	4.022020E-7	-1.024197E-8	1.024197E-8
-1.300000E-1	-3.861670E-7	3.861670E-7	-9.833639E-9	9.833639E-9
-1.200000E-1	-3.787930E-7	3.787930E-7	-9.645862E-9	9.645862E-9
-1.100000E-1	-3.479800E-7	3.479800E-7	-8.861217E-9	8.861217E-9
-1.000000E-1	-3.179720E-7	3.179720E-7	-8.097071E-9	8.097071E-9
-9.000000E-2	-2.835190E-7	2.835190E-7	-7.219735E-9	7.219735E-9
-8.000000E-2	-2.518460E-7	2.518460E-7	-6.413191E-9	6.413191E-9
-7.000000E-2	-2.181310E-7	2.181310E-7	-5.554647E-9	5.554647E-9
-6.000000E-2	-1.881800E-7	1.881800E-7	-4.791953E-9	4.791953E-9
-5.000000E-2	-1.511420E-7	1.511420E-7	-3.848790E-9	3.848790E-9
-4.000000E-2	-1.231840E-7	1.231840E-7	-3.136847E-9	3.136847E-9
-3.000000E-2	-9.092500E-8	9.092500E-8	-2.315381E-9	2.315381E-9
-2.000000E-2	-5.978510E-8	5.978510E-8	-1.522411E-9	1.522411E-9
-1.000000E-2	-3.001400E-8	3.001400E-8	-7.642984E-10	7.642984E-10
0.000000E+0	-1.807800E-10	1.807800E-10	-4.603514E-12	4.603514E-12
1.000000E-2	3.105320E-8	3.105320E-8	7.907614E-10	7.907614E-10
2.000000E-2	6.287590E-8	6.287590E-8	1.601118E-9	1.601118E-9
3.000000E-2	9.336660E-8	9.336660E-8	2.377555E-9	2.377555E-9
4.000000E-2	1.257920E-7	1.257920E-7	3.203259E-9	3.203259E-9
5.000000E-2	1.562670E-7	1.562670E-7	3.979297E-9	3.979297E-9
6.000000E-2	1.887700E-7	1.887700E-7	4.806977E-9	4.806977E-9
7.000000E-2	2.152990E-7	2.152990E-7	5.482531E-9	5.482531E-9
8.000000E-2	2.437280E-7	2.437280E-7	6.206468E-9	6.206468E-9
9.000000E-2	2.555510E-7	2.555510E-7	6.507537E-9	6.507537E-9
1.000000E-1	3.004960E-7	3.004960E-7	7.652050E-9	7.652050E-9
1.100000E-1	3.296940E-7	3.296940E-7	8.395569E-9	8.395569E-9
1.200000E-1	3.586560E-7	3.586560E-7	9.133079E-9	9.133079E-9
1.300000E-1	3.890070E-7	3.890070E-7	9.905959E-9	9.905959E-9
1.400000E-1	4.291560E-7	4.291560E-7	1.092834E-8	1.092834E-8
1.500000E-1	4.558180E-7	4.558180E-7	1.160728E-8	1.160728E-8
1.600000E-1	4.855140E-7	4.855140E-7	1.236348E-8	1.236348E-8
1.700000E-1	5.150900E-7	5.150900E-7	1.311663E-8	1.311663E-8
1.800000E-1	5.618030E-7	5.618030E-7	1.430616E-8	1.430616E-8
1.900000E-1	5.968100E-7	5.968100E-7	1.519761E-8	1.519761E-8
2.000000E-1	6.342350E-7	6.342350E-7	1.615062E-8	1.615062E-8
2.100000E-1	6.505980E-7	6.505980E-7	1.656730E-8	1.656730E-8
2.200000E-1	6.958810E-7	6.958810E-7	1.772042E-8	1.772042E-8
2.300000E-1	7.001860E-7	7.001860E-7	1.783005E-8	1.783005E-8
2.400000E-1	7.330310E-7	7.330310E-7	1.866644E-8	1.866644E-8
2.500000E-1	7.848600E-7	7.848600E-7	1.998625E-8	1.998625E-8
2.600000E-1	8.357950E-7	8.357950E-7	2.128329E-8	2.128329E-8
2.700000E-1	8.773640E-7	8.773640E-7	2.234184E-8	2.234184E-8
2.800000E-1	8.633200E-7	8.633200E-7	2.198421E-8	2.198421E-8
2.900000E-1	9.031620E-7	9.031620E-7	2.299878E-8	2.299878E-8
3.000000E-1	9.349010E-7	9.349010E-7	2.380700E-8	2.380700E-8
3.100000E-1	9.682310E-7	9.682310E-7	2.465574E-8	2.465574E-8
3.200000E-1	1.000707E-6	1.000707E-6	2.548273E-8	2.548273E-8
3.300000E-1	1.029247E-6	1.029247E-6	2.620950E-8	2.620950E-8
3.400000E-1	1.067474E-6	1.067474E-6	2.718294E-8	2.718294E-8
3.500000E-1	1.109903E-6	1.109903E-6	2.826338E-8	2.826338E-8
3.600000E-1	1.144180E-6	1.144180E-6	2.913624E-8	2.913624E-8
3.700000E-1	1.177050E-6	1.177050E-6	2.997326E-8	2.997326E-8
3.800000E-1	1.213730E-6	1.213730E-6	3.090731E-8	3.090731E-8
3.900000E-1	1.248240E-6	1.248240E-6	3.178610E-8	3.178610E-8
4.000000E-1	1.267810E-6	1.267810E-6	3.228444E-8	3.228444E-8
4.100000E-1	1.275380E-6	1.275380E-6	3.247721E-8	3.247721E-8
4.200000E-1	1.328770E-6	1.328770E-6	3.383677E-8	3.383677E-8
4.300000E-1	1.395620E-6	1.395620E-6	3.553909E-8	3.553909E-8
4.400000E-1	1.682840E-6	1.682840E-6	4.285307E-8	4.285307E-8
4.500000E-1	2.046340E-6	2.046340E-6	5.210950E-8	5.210950E-8
4.600000E-1	2.590760E-6	2.590760E-6	6.597301E-8	6.597301E-8
4.700000E-1	2.691780E-6	2.691780E-6	6.854545E-8	6.854545E-8
4.800000E-1	2.276950E-6	2.276950E-6	5.798192E-8	5.798192E-8
4.900000E-1	2.207830E-6	2.207830E-6	5.622180E-8	5.622180E-8
5.000000E-1	2.289670E-6	2.289670E-6	5.830583E-8	5.830583E-8
