

14:36:53	23/02/21


Ell Cont: 5,0x10,0

SMU1	V name:		V1
	I name:		I1
	Mode:		V
	Function:	VAR1
SMU2	V name:		V2
	I name:		I2
	Mode:		common
	Function:	const.
SMU3	off
SMU4	off
VMUs	off

Primary Source (VAR1):	single
	Sweep Spacing:	linear
	Start:		-0.500000
	Stop:		0.500000
	Step:		0.010000
	Compliance:	0.050000
Power Compliance OFF

Timing:		Integration Time:	medium
	Delay Time (sec):	0.000000
	Hold Time (sec):	0.000000
	Wait Time (sec):	1.000000

Secondary Source (VAR2):	OFF


   V1	   I1	Abs(I)	J (A\µm²)	Abs(J)
-5.000000E-1	-1.001120E-9	1.001120E-9	-2.549325E-11	2.549325E-11
-4.900000E-1	-3.186600E-10	3.186600E-10	-8.114591E-12	8.114591E-12
-4.800000E-1	-2.601490E-9	2.601490E-9	-6.624624E-11	6.624624E-11
-4.700000E-1	-8.667390E-9	8.667390E-9	-2.207128E-10	2.207128E-10
-4.600000E-1	-9.728090E-8	9.728090E-8	-2.477232E-9	2.477232E-9
-4.500000E-1	-1.964610E-7	1.964610E-7	-5.002827E-9	5.002827E-9
-4.400000E-1	-9.493500E-8	9.493500E-8	-2.417494E-9	2.417494E-9
-4.300000E-1	-5.974660E-8	5.974660E-8	-1.521431E-9	1.521431E-9
-4.200000E-1	-5.931240E-8	5.931240E-8	-1.510374E-9	1.510374E-9
-4.100000E-1	-6.022730E-8	6.022730E-8	-1.533672E-9	1.533672E-9
-4.000000E-1	-1.051238E-7	1.051238E-7	-2.676949E-9	2.676949E-9
-3.900000E-1	-5.199240E-6	5.199240E-6	-1.323972E-7	1.323972E-7
-3.800000E-1	-4.619210E-6	4.619210E-6	-1.176269E-7	1.176269E-7
-3.700000E-1	-1.739160E-6	1.739160E-6	-4.428724E-8	4.428724E-8
-3.600000E-1	-3.527880E-7	3.527880E-7	-8.983652E-9	8.983652E-9
-3.500000E-1	-2.287880E-7	2.287880E-7	-5.826025E-9	5.826025E-9
-3.400000E-1	-5.596780E-7	5.596780E-7	-1.425205E-8	1.425205E-8
-3.300000E-1	-4.871370E-7	4.871370E-7	-1.240481E-8	1.240481E-8
-3.200000E-1	-2.486730E-7	2.486730E-7	-6.332391E-9	6.332391E-9
-3.100000E-1	-6.443520E-7	6.443520E-7	-1.640825E-8	1.640825E-8
-3.000000E-1	-2.237580E-6	2.237580E-6	-5.697937E-8	5.697937E-8
-2.900000E-1	-3.563620E-6	3.563620E-6	-9.074662E-8	9.074662E-8
-2.800000E-1	-3.705520E-6	3.705520E-6	-9.436007E-8	9.436007E-8
-2.700000E-1	-2.163180E-6	2.163180E-6	-5.508480E-8	5.508480E-8
-2.600000E-1	-2.838860E-6	2.838860E-6	-7.229081E-8	7.229081E-8
-2.500000E-1	-2.385830E-6	2.385830E-6	-6.075452E-8	6.075452E-8
-2.400000E-1	-2.344550E-6	2.344550E-6	-5.970334E-8	5.970334E-8
-2.300000E-1	-2.029730E-6	2.029730E-6	-5.168653E-8	5.168653E-8
-2.200000E-1	-1.853060E-6	1.853060E-6	-4.718767E-8	4.718767E-8
-2.100000E-1	-1.565100E-6	1.565100E-6	-3.985485E-8	3.985485E-8
-2.000000E-1	-1.223410E-6	1.223410E-6	-3.115381E-8	3.115381E-8
-1.900000E-1	-8.715500E-7	8.715500E-7	-2.219379E-8	2.219379E-8
-1.800000E-1	-2.224270E-6	2.224270E-6	-5.664044E-8	5.664044E-8
-1.700000E-1	-2.435520E-6	2.435520E-6	-6.201986E-8	6.201986E-8
-1.600000E-1	-2.401580E-6	2.401580E-6	-6.115559E-8	6.115559E-8
-1.500000E-1	-2.346650E-6	2.346650E-6	-5.975681E-8	5.975681E-8
-1.400000E-1	-2.153380E-6	2.153380E-6	-5.483524E-8	5.483524E-8
-1.300000E-1	-1.968990E-6	1.968990E-6	-5.013980E-8	5.013980E-8
-1.200000E-1	-1.754820E-6	1.754820E-6	-4.468602E-8	4.468602E-8
-1.100000E-1	-1.710790E-6	1.710790E-6	-4.356481E-8	4.356481E-8
-1.000000E-1	-1.588840E-6	1.588840E-6	-4.045938E-8	4.045938E-8
-9.000000E-2	-1.459210E-6	1.459210E-6	-3.715839E-8	3.715839E-8
-8.000000E-2	-1.304850E-6	1.304850E-6	-3.322765E-8	3.322765E-8
-7.000000E-2	-1.139820E-6	1.139820E-6	-2.902521E-8	2.902521E-8
-6.000000E-2	-9.678830E-7	9.678830E-7	-2.464688E-8	2.464688E-8
-5.000000E-2	-7.972500E-7	7.972500E-7	-2.030176E-8	2.030176E-8
-4.000000E-2	-6.330400E-7	6.330400E-7	-1.612019E-8	1.612019E-8
-3.000000E-2	-4.658810E-7	4.658810E-7	-1.186353E-8	1.186353E-8
-2.000000E-2	-3.188100E-7	3.188100E-7	-8.118411E-9	8.118411E-9
-1.000000E-2	-1.609160E-7	1.609160E-7	-4.097683E-9	4.097683E-9
0.000000E+0	-1.170530E-9	1.170530E-9	-2.980723E-11	2.980723E-11
1.000000E-2	1.552880E-7	1.552880E-7	3.954367E-9	3.954367E-9
2.000000E-2	3.101680E-7	3.101680E-7	7.898345E-9	7.898345E-9
3.000000E-2	4.563970E-7	4.563970E-7	1.162203E-8	1.162203E-8
4.000000E-2	6.000310E-7	6.000310E-7	1.527963E-8	1.527963E-8
5.000000E-2	7.397730E-7	7.397730E-7	1.883812E-8	1.883812E-8
6.000000E-2	9.226930E-7	9.226930E-7	2.349613E-8	2.349613E-8
7.000000E-2	1.089747E-6	1.089747E-6	2.775011E-8	2.775011E-8
8.000000E-2	1.241290E-6	1.241290E-6	3.160912E-8	3.160912E-8
9.000000E-2	1.397350E-6	1.397350E-6	3.558314E-8	3.558314E-8
1.000000E-1	1.560330E-6	1.560330E-6	3.973338E-8	3.973338E-8
1.100000E-1	1.730120E-6	1.730120E-6	4.405704E-8	4.405704E-8
1.200000E-1	1.849840E-6	1.849840E-6	4.710568E-8	4.710568E-8
1.300000E-1	2.002490E-6	2.002490E-6	5.099287E-8	5.099287E-8
1.400000E-1	2.110570E-6	2.110570E-6	5.374510E-8	5.374510E-8
1.500000E-1	2.187450E-6	2.187450E-6	5.570283E-8	5.570283E-8
1.600000E-1	2.370940E-6	2.370940E-6	6.037535E-8	6.037535E-8
1.700000E-1	2.640850E-6	2.640850E-6	6.724853E-8	6.724853E-8
1.800000E-1	2.862270E-6	2.862270E-6	7.288694E-8	7.288694E-8
1.900000E-1	3.081020E-6	3.081020E-6	7.845735E-8	7.845735E-8
2.000000E-1	3.255490E-6	3.255490E-6	8.290018E-8	8.290018E-8
2.100000E-1	3.451790E-6	3.451790E-6	8.789890E-8	8.789890E-8
2.200000E-1	3.629740E-6	3.629740E-6	9.243035E-8	9.243035E-8
2.300000E-1	3.802240E-6	3.802240E-6	9.682302E-8	9.682302E-8
2.400000E-1	3.985070E-6	3.985070E-6	1.014787E-7	1.014787E-7
2.500000E-1	4.158440E-6	4.158440E-6	1.058936E-7	1.058936E-7
2.600000E-1	4.308120E-6	4.308120E-6	1.097051E-7	1.097051E-7
2.700000E-1	4.500250E-6	4.500250E-6	1.145977E-7	1.145977E-7
2.800000E-1	4.727310E-6	4.727310E-6	1.203797E-7	1.203797E-7
2.900000E-1	4.920830E-6	4.920830E-6	1.253076E-7	1.253076E-7
3.000000E-1	5.113960E-6	5.113960E-6	1.302256E-7	1.302256E-7
3.100000E-1	5.308340E-6	5.308340E-6	1.351755E-7	1.351755E-7
3.200000E-1	5.487270E-6	5.487270E-6	1.397319E-7	1.397319E-7
3.300000E-1	5.682590E-6	5.682590E-6	1.447056E-7	1.447056E-7
3.400000E-1	5.889570E-6	5.889570E-6	1.499763E-7	1.499763E-7
3.500000E-1	6.093440E-6	6.093440E-6	1.551678E-7	1.551678E-7
3.600000E-1	6.298310E-6	6.298310E-6	1.603848E-7	1.603848E-7
3.700000E-1	6.505100E-6	6.505100E-6	1.656506E-7	1.656506E-7
3.800000E-1	6.743060E-6	6.743060E-6	1.717102E-7	1.717102E-7
3.900000E-1	6.950580E-6	6.950580E-6	1.769947E-7	1.769947E-7
4.000000E-1	7.142560E-6	7.142560E-6	1.818834E-7	1.818834E-7
4.100000E-1	7.252110E-6	7.252110E-6	1.846730E-7	1.846730E-7
4.200000E-1	7.395210E-6	7.395210E-6	1.883170E-7	1.883170E-7
4.300000E-1	7.412500E-6	7.412500E-6	1.887573E-7	1.887573E-7
4.400000E-1	7.259180E-6	7.259180E-6	1.848531E-7	1.848531E-7
4.500000E-1	6.939120E-6	6.939120E-6	1.767028E-7	1.767028E-7
4.600000E-1	5.180310E-6	5.180310E-6	1.319152E-7	1.319152E-7
4.700000E-1	2.436040E-6	2.436040E-6	6.203310E-8	6.203310E-8
4.800000E-1	9.099190E-7	9.099190E-7	2.317084E-8	2.317084E-8
4.900000E-1	1.341020E-6	1.341020E-6	3.414871E-8	3.414871E-8
5.000000E-1	1.655180E-6	1.655180E-6	4.214871E-8	4.214871E-8
