

11:07:23	04/03/21


Ell Cont: 5,0x10,0

SMU1	V name:		V1
	I name:		I1
	Mode:		V
	Function:	VAR1
SMU2	V name:		V2
	I name:		I2
	Mode:		common
	Function:	const.
SMU3	off
SMU4	off
VMUs	off

Primary Source (VAR1):	single
	Sweep Spacing:	linear
	Start:		-0.500000
	Stop:		0.500000
	Step:		0.010000
	Compliance:	0.050000
Power Compliance OFF

Timing:		Integration Time:	medium
	Delay Time (sec):	0.000000
	Hold Time (sec):	0.000000
	Wait Time (sec):	1.000000

Secondary Source (VAR2):	OFF


   V1	   I1	Abs(I)	J (A\um²)	Abs(J)
-5.000000E-1	-2.407840E-3	2.407840E-3	-6.131500E-5	6.131500E-5
-4.900000E-1	-2.434320E-3	2.434320E-3	-6.198930E-5	6.198930E-5
-4.800000E-1	-2.433490E-3	2.433490E-3	-6.196817E-5	6.196817E-5
-4.700000E-1	-2.384970E-3	2.384970E-3	-6.073262E-5	6.073262E-5
-4.600000E-1	-2.336240E-3	2.336240E-3	-5.949172E-5	5.949172E-5
-4.500000E-1	-2.291330E-3	2.291330E-3	-5.834810E-5	5.834810E-5
-4.400000E-1	-2.240350E-3	2.240350E-3	-5.704991E-5	5.704991E-5
-4.300000E-1	-2.184760E-3	2.184760E-3	-5.563433E-5	5.563433E-5
-4.200000E-1	-2.133920E-3	2.133920E-3	-5.433970E-5	5.433970E-5
-4.100000E-1	-2.083360E-3	2.083360E-3	-5.305220E-5	5.305220E-5
-4.000000E-1	-2.032290E-3	2.032290E-3	-5.175172E-5	5.175172E-5
-3.900000E-1	-1.978950E-3	1.978950E-3	-5.039343E-5	5.039343E-5
-3.800000E-1	-1.925800E-3	1.925800E-3	-4.903998E-5	4.903998E-5
-3.700000E-1	-1.874760E-3	1.874760E-3	-4.774026E-5	4.774026E-5
-3.600000E-1	-1.823320E-3	1.823320E-3	-4.643035E-5	4.643035E-5
-3.500000E-1	-1.771380E-3	1.771380E-3	-4.510772E-5	4.510772E-5
-3.400000E-1	-1.718470E-3	1.718470E-3	-4.376038E-5	4.376038E-5
-3.300000E-1	-1.668070E-3	1.668070E-3	-4.247695E-5	4.247695E-5
-3.200000E-1	-1.616740E-3	1.616740E-3	-4.116985E-5	4.116985E-5
-3.100000E-1	-1.563620E-3	1.563620E-3	-3.981716E-5	3.981716E-5
-3.000000E-1	-1.513080E-3	1.513080E-3	-3.853018E-5	3.853018E-5
-2.900000E-1	-1.460840E-3	1.460840E-3	-3.719990E-5	3.719990E-5
-2.800000E-1	-1.410270E-3	1.410270E-3	-3.591215E-5	3.591215E-5
-2.700000E-1	-1.359450E-3	1.359450E-3	-3.461803E-5	3.461803E-5
-2.600000E-1	-1.308020E-3	1.308020E-3	-3.330838E-5	3.330838E-5
-2.500000E-1	-1.257250E-3	1.257250E-3	-3.201553E-5	3.201553E-5
-2.400000E-1	-1.207240E-3	1.207240E-3	-3.074204E-5	3.074204E-5
-2.300000E-1	-1.156290E-3	1.156290E-3	-2.944461E-5	2.944461E-5
-2.200000E-1	-1.105850E-3	1.105850E-3	-2.816017E-5	2.816017E-5
-2.100000E-1	-1.055630E-3	1.055630E-3	-2.688133E-5	2.688133E-5
-2.000000E-1	-1.005380E-3	1.005380E-3	-2.560173E-5	2.560173E-5
-1.900000E-1	-9.536770E-4	9.536770E-4	-2.428513E-5	2.428513E-5
-1.800000E-1	-9.036140E-4	9.036140E-4	-2.301029E-5	2.301029E-5
-1.700000E-1	-8.534480E-4	8.534480E-4	-2.173282E-5	2.173282E-5
-1.600000E-1	-8.024280E-4	8.024280E-4	-2.043361E-5	2.043361E-5
-1.500000E-1	-7.516870E-4	7.516870E-4	-1.914151E-5	1.914151E-5
-1.400000E-1	-7.019680E-4	7.019680E-4	-1.787543E-5	1.787543E-5
-1.300000E-1	-6.511450E-4	6.511450E-4	-1.658123E-5	1.658123E-5
-1.200000E-1	-6.016420E-4	6.016420E-4	-1.532065E-5	1.532065E-5
-1.100000E-1	-5.511750E-4	5.511750E-4	-1.403552E-5	1.403552E-5
-1.000000E-1	-5.009990E-4	5.009990E-4	-1.275780E-5	1.275780E-5
-9.000000E-2	-4.507160E-4	4.507160E-4	-1.147736E-5	1.147736E-5
-8.000000E-2	-4.009470E-4	4.009470E-4	-1.021001E-5	1.021001E-5
-7.000000E-2	-3.505210E-4	3.505210E-4	-8.925923E-6	8.925923E-6
-6.000000E-2	-3.007470E-4	3.007470E-4	-7.658441E-6	7.658441E-6
-5.000000E-2	-2.503760E-4	2.503760E-4	-6.375758E-6	6.375758E-6
-4.000000E-2	-2.006030E-4	2.006030E-4	-5.108301E-6	5.108301E-6
-3.000000E-2	-1.504630E-4	1.504630E-4	-3.831500E-6	3.831500E-6
-2.000000E-2	-1.003030E-4	1.003030E-4	-2.554189E-6	2.554189E-6
-1.000000E-2	-5.051210E-5	5.051210E-5	-1.286277E-6	1.286277E-6
0.000000E+0	-1.847100E-7	1.847100E-7	-4.703590E-9	4.703590E-9
1.000000E-2	4.945100E-5	4.945100E-5	1.259256E-6	1.259256E-6
2.000000E-2	9.965010E-5	9.965010E-5	2.537563E-6	2.537563E-6
3.000000E-2	1.494630E-4	1.494630E-4	3.806035E-6	3.806035E-6
4.000000E-2	1.997240E-4	1.997240E-4	5.085918E-6	5.085918E-6
5.000000E-2	2.495580E-4	2.495580E-4	6.354927E-6	6.354927E-6
6.000000E-2	2.995490E-4	2.995490E-4	7.627935E-6	7.627935E-6
7.000000E-2	3.499360E-4	3.499360E-4	8.911026E-6	8.911026E-6
8.000000E-2	3.996880E-4	3.996880E-4	1.017795E-5	1.017795E-5
9.000000E-2	4.497880E-4	4.497880E-4	1.145373E-5	1.145373E-5
1.000000E-1	5.001870E-4	5.001870E-4	1.273713E-5	1.273713E-5
1.100000E-1	5.496800E-4	5.496800E-4	1.399745E-5	1.399745E-5
1.200000E-1	5.998360E-4	5.998360E-4	1.527466E-5	1.527466E-5
1.300000E-1	6.498930E-4	6.498930E-4	1.654935E-5	1.654935E-5
1.400000E-1	6.999430E-4	6.999430E-4	1.782386E-5	1.782386E-5
1.500000E-1	7.506780E-4	7.506780E-4	1.911581E-5	1.911581E-5
1.600000E-1	8.009050E-4	8.009050E-4	2.039483E-5	2.039483E-5
1.700000E-1	8.530220E-4	8.530220E-4	2.172198E-5	2.172198E-5
1.800000E-1	9.036130E-4	9.036130E-4	2.301026E-5	2.301026E-5
1.900000E-1	9.560530E-4	9.560530E-4	2.434563E-5	2.434563E-5
2.000000E-1	1.006365E-3	1.006365E-3	2.562681E-5	2.562681E-5
2.100000E-1	1.058400E-3	1.058400E-3	2.695187E-5	2.695187E-5
2.200000E-1	1.108554E-3	1.108554E-3	2.822903E-5	2.822903E-5
2.300000E-1	1.160120E-3	1.160120E-3	2.954214E-5	2.954214E-5
2.400000E-1	1.209940E-3	1.209940E-3	3.081080E-5	3.081080E-5
2.500000E-1	1.261200E-3	1.261200E-3	3.211612E-5	3.211612E-5
2.600000E-1	1.311800E-3	1.311800E-3	3.340463E-5	3.340463E-5
2.700000E-1	1.363540E-3	1.363540E-3	3.472218E-5	3.472218E-5
2.800000E-1	1.413600E-3	1.413600E-3	3.599694E-5	3.599694E-5
2.900000E-1	1.466840E-3	1.466840E-3	3.735269E-5	3.735269E-5
3.000000E-1	1.522050E-3	1.522050E-3	3.875859E-5	3.875859E-5
3.100000E-1	1.572920E-3	1.572920E-3	4.005398E-5	4.005398E-5
3.200000E-1	1.624980E-3	1.624980E-3	4.137968E-5	4.137968E-5
3.300000E-1	1.677840E-3	1.677840E-3	4.272574E-5	4.272574E-5
3.400000E-1	1.729910E-3	1.729910E-3	4.405169E-5	4.405169E-5
3.500000E-1	1.779350E-3	1.779350E-3	4.531067E-5	4.531067E-5
3.600000E-1	1.828760E-3	1.828760E-3	4.656888E-5	4.656888E-5
3.700000E-1	1.881690E-3	1.881690E-3	4.791673E-5	4.791673E-5
3.800000E-1	1.931570E-3	1.931570E-3	4.918691E-5	4.918691E-5
3.900000E-1	1.979140E-3	1.979140E-3	5.039827E-5	5.039827E-5
4.000000E-1	2.033830E-3	2.033830E-3	5.179093E-5	5.179093E-5
4.100000E-1	2.089310E-3	2.089310E-3	5.320372E-5	5.320372E-5
4.200000E-1	2.145980E-3	2.145980E-3	5.464680E-5	5.464680E-5
4.300000E-1	2.199610E-3	2.199610E-3	5.601248E-5	5.601248E-5
4.400000E-1	2.254590E-3	2.254590E-3	5.741253E-5	5.741253E-5
4.500000E-1	2.318100E-3	2.318100E-3	5.902979E-5	5.902979E-5
4.600000E-1	2.370340E-3	2.370340E-3	6.036007E-5	6.036007E-5
4.700000E-1	2.425490E-3	2.425490E-3	6.176445E-5	6.176445E-5
4.800000E-1	2.480410E-3	2.480410E-3	6.316297E-5	6.316297E-5
4.900000E-1	2.549960E-3	2.549960E-3	6.493405E-5	6.493405E-5
5.000000E-1	2.627680E-3	2.627680E-3	6.691316E-5	6.691316E-5
