

11:03:05	04/03/21


Ell Cont: 5,0x10,0

SMU1	V name:		V1
	I name:		I1
	Mode:		V
	Function:	VAR1
SMU2	V name:		V2
	I name:		I2
	Mode:		common
	Function:	const.
SMU3	off
SMU4	off
VMUs	off

Primary Source (VAR1):	single
	Sweep Spacing:	linear
	Start:		-0.500000
	Stop:		0.500000
	Step:		0.010000
	Compliance:	0.050000
Power Compliance OFF

Timing:		Integration Time:	medium
	Delay Time (sec):	0.000000
	Hold Time (sec):	0.000000
	Wait Time (sec):	1.000000

Secondary Source (VAR2):	OFF


   V1	   I1	Abs(I)	J (A\um²)	Abs(J)
-5.000000E-1	-9.713870E-5	9.713870E-5	-2.473611E-6	2.473611E-6
-4.900000E-1	-9.599030E-5	9.599030E-5	-2.444367E-6	2.444367E-6
-4.800000E-1	-9.474270E-5	9.474270E-5	-2.412597E-6	2.412597E-6
-4.700000E-1	-9.272420E-5	9.272420E-5	-2.361197E-6	2.361197E-6
-4.600000E-1	-8.907680E-5	8.907680E-5	-2.268317E-6	2.268317E-6
-4.500000E-1	-8.702620E-5	8.702620E-5	-2.216099E-6	2.216099E-6
-4.400000E-1	-8.485150E-5	8.485150E-5	-2.160721E-6	2.160721E-6
-4.300000E-1	-8.224570E-5	8.224570E-5	-2.094365E-6	2.094365E-6
-4.200000E-1	-8.016140E-5	8.016140E-5	-2.041288E-6	2.041288E-6
-4.100000E-1	-7.801040E-5	7.801040E-5	-1.986514E-6	1.986514E-6
-4.000000E-1	-7.580240E-5	7.580240E-5	-1.930288E-6	1.930288E-6
-3.900000E-1	-7.396680E-5	7.396680E-5	-1.883545E-6	1.883545E-6
-3.800000E-1	-7.185300E-5	7.185300E-5	-1.829717E-6	1.829717E-6
-3.700000E-1	-7.014110E-5	7.014110E-5	-1.786124E-6	1.786124E-6
-3.600000E-1	-6.801350E-5	6.801350E-5	-1.731945E-6	1.731945E-6
-3.500000E-1	-6.608560E-5	6.608560E-5	-1.682852E-6	1.682852E-6
-3.400000E-1	-6.407420E-5	6.407420E-5	-1.631632E-6	1.631632E-6
-3.300000E-1	-6.218830E-5	6.218830E-5	-1.583608E-6	1.583608E-6
-3.200000E-1	-6.010550E-5	6.010550E-5	-1.530570E-6	1.530570E-6
-3.100000E-1	-5.809660E-5	5.809660E-5	-1.479414E-6	1.479414E-6
-3.000000E-1	-5.619360E-5	5.619360E-5	-1.430955E-6	1.430955E-6
-2.900000E-1	-5.426060E-5	5.426060E-5	-1.381732E-6	1.381732E-6
-2.800000E-1	-5.228360E-5	5.228360E-5	-1.331388E-6	1.331388E-6
-2.700000E-1	-5.031250E-5	5.031250E-5	-1.281194E-6	1.281194E-6
-2.600000E-1	-4.845870E-5	4.845870E-5	-1.233988E-6	1.233988E-6
-2.500000E-1	-4.653940E-5	4.653940E-5	-1.185113E-6	1.185113E-6
-2.400000E-1	-4.461200E-5	4.461200E-5	-1.136033E-6	1.136033E-6
-2.300000E-1	-4.265090E-5	4.265090E-5	-1.086094E-6	1.086094E-6
-2.200000E-1	-4.072590E-5	4.072590E-5	-1.037074E-6	1.037074E-6
-2.100000E-1	-3.879500E-5	3.879500E-5	-9.879042E-7	9.879042E-7
-2.000000E-1	-3.680040E-5	3.680040E-5	-9.371123E-7	9.371123E-7
-1.900000E-1	-3.507270E-5	3.507270E-5	-8.931169E-7	8.931169E-7
-1.800000E-1	-3.314730E-5	3.314730E-5	-8.440871E-7	8.440871E-7
-1.700000E-1	-3.127700E-5	3.127700E-5	-7.964604E-7	7.964604E-7
-1.600000E-1	-2.939920E-5	2.939920E-5	-7.486427E-7	7.486427E-7
-1.500000E-1	-2.748270E-5	2.748270E-5	-6.998396E-7	6.998396E-7
-1.400000E-1	-2.560700E-5	2.560700E-5	-6.520754E-7	6.520754E-7
-1.300000E-1	-2.381750E-5	2.381750E-5	-6.065062E-7	6.065062E-7
-1.200000E-1	-2.193640E-5	2.193640E-5	-5.586045E-7	5.586045E-7
-1.100000E-1	-2.008860E-5	2.008860E-5	-5.115508E-7	5.115508E-7
-1.000000E-1	-1.820840E-5	1.820840E-5	-4.636720E-7	4.636720E-7
-9.000000E-2	-1.632560E-5	1.632560E-5	-4.157270E-7	4.157270E-7
-8.000000E-2	-1.453750E-5	1.453750E-5	-3.701935E-7	3.701935E-7
-7.000000E-2	-1.271770E-5	1.271770E-5	-3.238528E-7	3.238528E-7
-6.000000E-2	-1.090250E-5	1.090250E-5	-2.776292E-7	2.776292E-7
-5.000000E-2	-9.100660E-6	9.100660E-6	-2.317459E-7	2.317459E-7
-4.000000E-2	-7.288650E-6	7.288650E-6	-1.856035E-7	1.856035E-7
-3.000000E-2	-5.456570E-6	5.456570E-6	-1.389501E-7	1.389501E-7
-2.000000E-2	-3.637760E-6	3.637760E-6	-9.263458E-8	9.263458E-8
-1.000000E-2	-1.830160E-6	1.830160E-6	-4.660453E-8	4.660453E-8
0.000000E+0	-1.148940E-8	1.148940E-8	-2.925745E-10	2.925745E-10
1.000000E-2	1.790230E-6	1.790230E-6	4.558773E-8	4.558773E-8
2.000000E-2	3.605280E-6	3.605280E-6	9.180749E-8	9.180749E-8
3.000000E-2	5.405420E-6	5.405420E-6	1.376476E-7	1.376476E-7
4.000000E-2	7.234900E-6	7.234900E-6	1.842348E-7	1.842348E-7
5.000000E-2	9.032620E-6	9.032620E-6	2.300132E-7	2.300132E-7
6.000000E-2	1.083861E-5	1.083861E-5	2.760023E-7	2.760023E-7
7.000000E-2	1.259300E-5	1.259300E-5	3.206774E-7	3.206774E-7
8.000000E-2	1.439160E-5	1.439160E-5	3.664782E-7	3.664782E-7
9.000000E-2	1.620550E-5	1.620550E-5	4.126687E-7	4.126687E-7
1.000000E-1	1.798970E-5	1.798970E-5	4.581029E-7	4.581029E-7
1.100000E-1	1.977640E-5	1.977640E-5	5.036007E-7	5.036007E-7
1.200000E-1	2.157270E-5	2.157270E-5	5.493430E-7	5.493430E-7
1.300000E-1	2.342040E-5	2.342040E-5	5.963942E-7	5.963942E-7
1.400000E-1	2.521990E-5	2.521990E-5	6.422180E-7	6.422180E-7
1.500000E-1	2.705720E-5	2.705720E-5	6.890043E-7	6.890043E-7
1.600000E-1	2.888860E-5	2.888860E-5	7.356404E-7	7.356404E-7
1.700000E-1	3.080060E-5	3.080060E-5	7.843290E-7	7.843290E-7
1.800000E-1	3.255020E-5	3.255020E-5	8.288821E-7	8.288821E-7
1.900000E-1	3.441970E-5	3.441970E-5	8.764884E-7	8.764884E-7
2.000000E-1	3.624190E-5	3.624190E-5	9.228902E-7	9.228902E-7
2.100000E-1	3.813280E-5	3.813280E-5	9.710415E-7	9.710415E-7
2.200000E-1	3.991190E-5	3.991190E-5	1.016346E-6	1.016346E-6
2.300000E-1	4.184020E-5	4.184020E-5	1.065449E-6	1.065449E-6
2.400000E-1	4.369430E-5	4.369430E-5	1.112664E-6	1.112664E-6
2.500000E-1	4.556520E-5	4.556520E-5	1.160306E-6	1.160306E-6
2.600000E-1	4.750140E-5	4.750140E-5	1.209610E-6	1.209610E-6
2.700000E-1	4.940810E-5	4.940810E-5	1.258164E-6	1.258164E-6
2.800000E-1	5.097850E-5	5.097850E-5	1.298154E-6	1.298154E-6
2.900000E-1	5.287120E-5	5.287120E-5	1.346351E-6	1.346351E-6
3.000000E-1	5.476490E-5	5.476490E-5	1.394573E-6	1.394573E-6
3.100000E-1	5.666950E-5	5.666950E-5	1.443074E-6	1.443074E-6
3.200000E-1	5.859240E-5	5.859240E-5	1.492040E-6	1.492040E-6
3.300000E-1	6.058140E-5	6.058140E-5	1.542689E-6	1.542689E-6
3.400000E-1	6.282590E-5	6.282590E-5	1.599845E-6	1.599845E-6
3.500000E-1	6.480520E-5	6.480520E-5	1.650247E-6	1.650247E-6
3.600000E-1	6.701780E-5	6.701780E-5	1.706590E-6	1.706590E-6
3.700000E-1	6.896790E-5	6.896790E-5	1.756249E-6	1.756249E-6
3.800000E-1	7.014000E-5	7.014000E-5	1.786096E-6	1.786096E-6
3.900000E-1	7.192810E-5	7.192810E-5	1.831630E-6	1.831630E-6
4.000000E-1	7.403550E-5	7.403550E-5	1.885294E-6	1.885294E-6
4.100000E-1	7.589040E-5	7.589040E-5	1.932529E-6	1.932529E-6
4.200000E-1	7.772480E-5	7.772480E-5	1.979241E-6	1.979241E-6
4.300000E-1	7.979760E-5	7.979760E-5	2.032024E-6	2.032024E-6
4.400000E-1	8.196190E-5	8.196190E-5	2.087138E-6	2.087138E-6
4.500000E-1	8.436980E-5	8.436980E-5	2.148454E-6	2.148454E-6
4.600000E-1	8.582070E-5	8.582070E-5	2.185401E-6	2.185401E-6
4.700000E-1	8.797500E-5	8.797500E-5	2.240260E-6	2.240260E-6
4.800000E-1	9.110980E-5	9.110980E-5	2.320087E-6	2.320087E-6
4.900000E-1	9.273620E-5	9.273620E-5	2.361502E-6	2.361502E-6
5.000000E-1	9.425520E-5	9.425520E-5	2.400183E-6	2.400183E-6
