

11:01:45	04/03/21


Ell Cont: 5,0x10,0

SMU1	V name:		V1
	I name:		I1
	Mode:		V
	Function:	VAR1
SMU2	V name:		V2
	I name:		I2
	Mode:		common
	Function:	const.
SMU3	off
SMU4	off
VMUs	off

Primary Source (VAR1):	single
	Sweep Spacing:	linear
	Start:		-0.500000
	Stop:		0.500000
	Step:		0.010000
	Compliance:	0.050000
Power Compliance OFF

Timing:		Integration Time:	medium
	Delay Time (sec):	0.000000
	Hold Time (sec):	0.000000
	Wait Time (sec):	1.000000

Secondary Source (VAR2):	OFF


   V1	   I1	Abs(I)	J (A\um²)	Abs(J)
-5.000000E-1	-2.077110E-2	2.077110E-2	-5.289305E-4	5.289305E-4
-4.900000E-1	-1.956570E-2	1.956570E-2	-4.982353E-4	4.982353E-4
-4.800000E-1	-1.896080E-2	1.896080E-2	-4.828317E-4	4.828317E-4
-4.700000E-1	-1.842450E-2	1.842450E-2	-4.691749E-4	4.691749E-4
-4.600000E-1	-1.795090E-2	1.795090E-2	-4.571148E-4	4.571148E-4
-4.500000E-1	-1.751720E-2	1.751720E-2	-4.460708E-4	4.460708E-4
-4.400000E-1	-1.711960E-2	1.711960E-2	-4.359460E-4	4.359460E-4
-4.300000E-1	-1.674810E-2	1.674810E-2	-4.264859E-4	4.264859E-4
-4.200000E-1	-1.639540E-2	1.639540E-2	-4.175045E-4	4.175045E-4
-4.100000E-1	-1.602880E-2	1.602880E-2	-4.081691E-4	4.081691E-4
-4.000000E-1	-1.567320E-2	1.567320E-2	-3.991138E-4	3.991138E-4
-3.900000E-1	-1.532080E-2	1.532080E-2	-3.901401E-4	3.901401E-4
-3.800000E-1	-1.495710E-2	1.495710E-2	-3.808785E-4	3.808785E-4
-3.700000E-1	-1.459910E-2	1.459910E-2	-3.717622E-4	3.717622E-4
-3.600000E-1	-1.422330E-2	1.422330E-2	-3.621925E-4	3.621925E-4
-3.500000E-1	-1.386440E-2	1.386440E-2	-3.530532E-4	3.530532E-4
-3.400000E-1	-1.349820E-2	1.349820E-2	-3.437280E-4	3.437280E-4
-3.300000E-1	-1.311880E-2	1.311880E-2	-3.340667E-4	3.340667E-4
-3.200000E-1	-1.273990E-2	1.273990E-2	-3.244181E-4	3.244181E-4
-3.100000E-1	-1.234410E-2	1.234410E-2	-3.143392E-4	3.143392E-4
-3.000000E-1	-1.195870E-2	1.195870E-2	-3.045251E-4	3.045251E-4
-2.900000E-1	-1.156360E-2	1.156360E-2	-2.944640E-4	2.944640E-4
-2.800000E-1	-1.117670E-2	1.117670E-2	-2.846117E-4	2.846117E-4
-2.700000E-1	-1.078540E-2	1.078540E-2	-2.746473E-4	2.746473E-4
-2.600000E-1	-1.039780E-2	1.039780E-2	-2.647772E-4	2.647772E-4
-2.500000E-1	-1.000340E-2	1.000340E-2	-2.547339E-4	2.547339E-4
-2.400000E-1	-9.607440E-3	9.607440E-3	-2.446509E-4	2.446509E-4
-2.300000E-1	-9.210500E-3	9.210500E-3	-2.345429E-4	2.345429E-4
-2.200000E-1	-8.807700E-3	8.807700E-3	-2.242857E-4	2.242857E-4
-2.100000E-1	-8.411280E-3	8.411280E-3	-2.141910E-4	2.141910E-4
-2.000000E-1	-8.008030E-3	8.008030E-3	-2.039223E-4	2.039223E-4
-1.900000E-1	-7.617240E-3	7.617240E-3	-1.939710E-4	1.939710E-4
-1.800000E-1	-7.217580E-3	7.217580E-3	-1.837937E-4	1.837937E-4
-1.700000E-1	-6.823940E-3	6.823940E-3	-1.737698E-4	1.737698E-4
-1.600000E-1	-6.420220E-3	6.420220E-3	-1.634892E-4	1.634892E-4
-1.500000E-1	-6.021770E-3	6.021770E-3	-1.533428E-4	1.533428E-4
-1.400000E-1	-5.623900E-3	5.623900E-3	-1.432111E-4	1.432111E-4
-1.300000E-1	-5.221880E-3	5.221880E-3	-1.329738E-4	1.329738E-4
-1.200000E-1	-4.823730E-3	4.823730E-3	-1.228350E-4	1.228350E-4
-1.100000E-1	-4.423050E-3	4.423050E-3	-1.126318E-4	1.126318E-4
-1.000000E-1	-4.024370E-3	4.024370E-3	-1.024795E-4	1.024795E-4
-9.000000E-2	-3.623800E-3	3.623800E-3	-9.227909E-5	9.227909E-5
-8.000000E-2	-3.223130E-3	3.223130E-3	-8.207614E-5	8.207614E-5
-7.000000E-2	-2.820330E-3	2.820330E-3	-7.181894E-5	7.181894E-5
-6.000000E-2	-2.419530E-3	2.419530E-3	-6.161268E-5	6.161268E-5
-5.000000E-2	-2.017350E-3	2.017350E-3	-5.137128E-5	5.137128E-5
-4.000000E-2	-1.616140E-3	1.616140E-3	-4.115457E-5	4.115457E-5
-3.000000E-2	-1.213020E-3	1.213020E-3	-3.088923E-5	3.088923E-5
-2.000000E-2	-8.085330E-4	8.085330E-4	-2.058908E-5	2.058908E-5
-1.000000E-2	-4.071520E-4	4.071520E-4	-1.036802E-5	1.036802E-5
0.000000E+0	-2.319180E-6	2.319180E-6	-5.905729E-8	5.905729E-8
1.000000E-2	3.997450E-4	3.997450E-4	1.017940E-5	1.017940E-5
2.000000E-2	8.058400E-4	8.058400E-4	2.052050E-5	2.052050E-5
3.000000E-2	1.208870E-3	1.208870E-3	3.078355E-5	3.078355E-5
4.000000E-2	1.615290E-3	1.615290E-3	4.113293E-5	4.113293E-5
5.000000E-2	2.019740E-3	2.019740E-3	5.143214E-5	5.143214E-5
6.000000E-2	2.427820E-3	2.427820E-3	6.182378E-5	6.182378E-5
7.000000E-2	2.837360E-3	2.837360E-3	7.225261E-5	7.225261E-5
8.000000E-2	3.243130E-3	3.243130E-3	8.258543E-5	8.258543E-5
9.000000E-2	3.655960E-3	3.655960E-3	9.309804E-5	9.309804E-5
1.000000E-1	4.067870E-3	4.067870E-3	1.035872E-4	1.035872E-4
1.100000E-1	4.481470E-3	4.481470E-3	1.141194E-4	1.141194E-4
1.200000E-1	4.910420E-3	4.910420E-3	1.250425E-4	1.250425E-4
1.300000E-1	5.333640E-3	5.333640E-3	1.358197E-4	1.358197E-4
1.400000E-1	5.798830E-3	5.798830E-3	1.476656E-4	1.476656E-4
1.500000E-1	6.346830E-3	6.346830E-3	1.616203E-4	1.616203E-4
1.600000E-1	6.954050E-3	6.954050E-3	1.770830E-4	1.770830E-4
1.700000E-1	7.507030E-3	7.507030E-3	1.911645E-4	1.911645E-4
1.800000E-1	8.024760E-3	8.024760E-3	2.043484E-4	2.043484E-4
1.900000E-1	8.517340E-3	8.517340E-3	2.168918E-4	2.168918E-4
2.000000E-1	9.058840E-3	9.058840E-3	2.306809E-4	2.306809E-4
2.100000E-1	9.561000E-3	9.561000E-3	2.434683E-4	2.434683E-4
2.200000E-1	1.008407E-2	1.008407E-2	2.567881E-4	2.567881E-4
2.300000E-1	1.063168E-2	1.063168E-2	2.707329E-4	2.707329E-4
2.400000E-1	1.126542E-2	1.126542E-2	2.868709E-4	2.868709E-4
2.500000E-1	1.192470E-2	1.192470E-2	3.036593E-4	3.036593E-4
2.600000E-1	1.250070E-2	1.250070E-2	3.183270E-4	3.183270E-4
2.700000E-1	1.304490E-2	1.304490E-2	3.321849E-4	3.321849E-4
2.800000E-1	1.398970E-2	1.398970E-2	3.562439E-4	3.562439E-4
2.900000E-1	1.545010E-2	1.545010E-2	3.934326E-4	3.934326E-4
3.000000E-1	1.644800E-2	1.644800E-2	4.188439E-4	4.188439E-4
3.100000E-1	1.721840E-2	1.721840E-2	4.384619E-4	4.384619E-4
3.200000E-1	1.782560E-2	1.782560E-2	4.539241E-4	4.539241E-4
3.300000E-1	1.956520E-2	1.956520E-2	4.982226E-4	4.982226E-4
3.400000E-1	2.034800E-2	2.034800E-2	5.181563E-4	5.181563E-4
3.500000E-1	2.099770E-2	2.099770E-2	5.347008E-4	5.347008E-4
3.600000E-1	2.162150E-2	2.162150E-2	5.505857E-4	5.505857E-4
3.700000E-1	2.230390E-2	2.230390E-2	5.679628E-4	5.679628E-4
3.800000E-1	2.317330E-2	2.317330E-2	5.901019E-4	5.901019E-4
3.900000E-1	2.394030E-2	2.394030E-2	6.096333E-4	6.096333E-4
4.000000E-1	2.467540E-2	2.467540E-2	6.283524E-4	6.283524E-4
4.100000E-1	2.575670E-2	2.575670E-2	6.558874E-4	6.558874E-4
4.200000E-1	2.669780E-2	2.669780E-2	6.798523E-4	6.798523E-4
4.300000E-1	2.753120E-2	2.753120E-2	7.010746E-4	7.010746E-4
4.400000E-1	2.959750E-2	2.959750E-2	7.536924E-4	7.536924E-4
4.500000E-1	3.055010E-2	3.055010E-2	7.779501E-4	7.779501E-4
4.600000E-1	3.132800E-2	3.132800E-2	7.977591E-4	7.977591E-4
4.700000E-1	3.211420E-2	3.211420E-2	8.177795E-4	8.177795E-4
4.800000E-1	3.292570E-2	3.292570E-2	8.384441E-4	8.384441E-4
4.900000E-1	3.379730E-2	3.379730E-2	8.606392E-4	8.606392E-4
5.000000E-1	3.470400E-2	3.470400E-2	8.837280E-4	8.837280E-4
