

11:11:10	04/03/21


Ell Cont: 5,0x10,0

SMU1	V name:		V1
	I name:		I1
	Mode:		V
	Function:	VAR1
SMU2	V name:		V2
	I name:		I2
	Mode:		common
	Function:	const.
SMU3	off
SMU4	off
VMUs	off

Primary Source (VAR1):	single
	Sweep Spacing:	linear
	Start:		-0.500000
	Stop:		0.500000
	Step:		0.010000
	Compliance:	0.050000
Power Compliance OFF

Timing:		Integration Time:	medium
	Delay Time (sec):	0.000000
	Hold Time (sec):	0.000000
	Wait Time (sec):	1.000000

Secondary Source (VAR2):	OFF


   V1	   I1	Abs(I)	J (A\um²)	Abs(J)
-5.000000E-1	-4.873100E-4	4.873100E-4	-1.240922E-5	1.240922E-5
-4.900000E-1	-4.753880E-4	4.753880E-4	-1.210563E-5	1.210563E-5
-4.800000E-1	-4.649490E-4	4.649490E-4	-1.183980E-5	1.183980E-5
-4.700000E-1	-4.546940E-4	4.546940E-4	-1.157866E-5	1.157866E-5
-4.600000E-1	-4.439400E-4	4.439400E-4	-1.130481E-5	1.130481E-5
-4.500000E-1	-4.339090E-4	4.339090E-4	-1.104938E-5	1.104938E-5
-4.400000E-1	-4.241710E-4	4.241710E-4	-1.080140E-5	1.080140E-5
-4.300000E-1	-4.139870E-4	4.139870E-4	-1.054207E-5	1.054207E-5
-4.200000E-1	-4.054710E-4	4.054710E-4	-1.032521E-5	1.032521E-5
-4.100000E-1	-3.950560E-4	3.950560E-4	-1.005999E-5	1.005999E-5
-4.000000E-1	-3.860260E-4	3.860260E-4	-9.830048E-6	9.830048E-6
-3.900000E-1	-3.762250E-4	3.762250E-4	-9.580468E-6	9.580468E-6
-3.800000E-1	-3.661340E-4	3.661340E-4	-9.323504E-6	9.323504E-6
-3.700000E-1	-3.565680E-4	3.565680E-4	-9.079908E-6	9.079908E-6
-3.600000E-1	-3.468470E-4	3.468470E-4	-8.832366E-6	8.832366E-6
-3.500000E-1	-3.371260E-4	3.371260E-4	-8.584823E-6	8.584823E-6
-3.400000E-1	-3.272830E-4	3.272830E-4	-8.334174E-6	8.334174E-6
-3.300000E-1	-3.172280E-4	3.172280E-4	-8.078126E-6	8.078126E-6
-3.200000E-1	-3.075400E-4	3.075400E-4	-7.831423E-6	7.831423E-6
-3.100000E-1	-2.978900E-4	2.978900E-4	-7.585689E-6	7.585689E-6
-3.000000E-1	-2.883510E-4	2.883510E-4	-7.342781E-6	7.342781E-6
-2.900000E-1	-2.786710E-4	2.786710E-4	-7.096282E-6	7.096282E-6
-2.800000E-1	-2.688290E-4	2.688290E-4	-6.845658E-6	6.845658E-6
-2.700000E-1	-2.591960E-4	2.591960E-4	-6.600356E-6	6.600356E-6
-2.600000E-1	-2.494760E-4	2.494760E-4	-6.352839E-6	6.352839E-6
-2.500000E-1	-2.401850E-4	2.401850E-4	-6.116246E-6	6.116246E-6
-2.400000E-1	-2.305190E-4	2.305190E-4	-5.870104E-6	5.870104E-6
-2.300000E-1	-2.205650E-4	2.205650E-4	-5.616628E-6	5.616628E-6
-2.200000E-1	-2.111160E-4	2.111160E-4	-5.376012E-6	5.376012E-6
-2.100000E-1	-2.012470E-4	2.012470E-4	-5.124701E-6	5.124701E-6
-2.000000E-1	-1.914830E-4	1.914830E-4	-4.876063E-6	4.876063E-6
-1.900000E-1	-1.818970E-4	1.818970E-4	-4.631958E-6	4.631958E-6
-1.800000E-1	-1.722530E-4	1.722530E-4	-4.386376E-6	4.386376E-6
-1.700000E-1	-1.627930E-4	1.627930E-4	-4.145480E-6	4.145480E-6
-1.600000E-1	-1.530840E-4	1.530840E-4	-3.898243E-6	3.898243E-6
-1.500000E-1	-1.435260E-4	1.435260E-4	-3.654851E-6	3.654851E-6
-1.400000E-1	-1.339710E-4	1.339710E-4	-3.411535E-6	3.411535E-6
-1.300000E-1	-1.243240E-4	1.243240E-4	-3.165877E-6	3.165877E-6
-1.200000E-1	-1.146970E-4	1.146970E-4	-2.920728E-6	2.920728E-6
-1.100000E-1	-1.051310E-4	1.051310E-4	-2.677133E-6	2.677133E-6
-1.000000E-1	-9.557850E-5	9.557850E-5	-2.433881E-6	2.433881E-6
-9.000000E-2	-8.601840E-5	8.601840E-5	-2.190435E-6	2.190435E-6
-8.000000E-2	-7.658550E-5	7.658550E-5	-1.950229E-6	1.950229E-6
-7.000000E-2	-6.698500E-5	6.698500E-5	-1.705755E-6	1.705755E-6
-6.000000E-2	-5.745230E-5	5.745230E-5	-1.463007E-6	1.463007E-6
-5.000000E-2	-4.789410E-5	4.789410E-5	-1.219610E-6	1.219610E-6
-4.000000E-2	-3.837760E-5	3.837760E-5	-9.772753E-7	9.772753E-7
-3.000000E-2	-2.874470E-5	2.874470E-5	-7.319761E-7	7.319761E-7
-2.000000E-2	-1.915470E-5	1.915470E-5	-4.877693E-7	4.877693E-7
-1.000000E-2	-9.638850E-6	9.638850E-6	-2.454507E-7	2.454507E-7
0.000000E+0	-5.649780E-8	5.649780E-8	-1.438701E-9	1.438701E-9
1.000000E-2	9.470750E-6	9.470750E-6	2.411701E-7	2.411701E-7
2.000000E-2	1.903300E-5	1.903300E-5	4.846702E-7	4.846702E-7
3.000000E-2	2.853520E-5	2.853520E-5	7.266412E-7	7.266412E-7
4.000000E-2	3.811590E-5	3.811590E-5	9.706111E-7	9.706111E-7
5.000000E-2	4.756730E-5	4.756730E-5	1.211289E-6	1.211289E-6
6.000000E-2	5.717070E-5	5.717070E-5	1.455836E-6	1.455836E-6
7.000000E-2	6.674360E-5	6.674360E-5	1.699608E-6	1.699608E-6
8.000000E-2	7.597080E-5	7.597080E-5	1.934576E-6	1.934576E-6
9.000000E-2	8.555190E-5	8.555190E-5	2.178556E-6	2.178556E-6
1.000000E-1	9.509640E-5	9.509640E-5	2.421604E-6	2.421604E-6
1.100000E-1	1.045609E-4	1.045609E-4	2.662615E-6	2.662615E-6
1.200000E-1	1.141260E-4	1.141260E-4	2.906188E-6	2.906188E-6
1.300000E-1	1.237970E-4	1.237970E-4	3.152457E-6	3.152457E-6
1.400000E-1	1.334360E-4	1.334360E-4	3.397912E-6	3.397912E-6
1.500000E-1	1.430480E-4	1.430480E-4	3.642679E-6	3.642679E-6
1.600000E-1	1.526990E-4	1.526990E-4	3.888439E-6	3.888439E-6
1.700000E-1	1.622600E-4	1.622600E-4	4.131907E-6	4.131907E-6
1.800000E-1	1.719410E-4	1.719410E-4	4.378431E-6	4.378431E-6
1.900000E-1	1.817670E-4	1.817670E-4	4.628648E-6	4.628648E-6
2.000000E-1	1.914140E-4	1.914140E-4	4.874306E-6	4.874306E-6
2.100000E-1	2.009420E-4	2.009420E-4	5.116934E-6	5.116934E-6
2.200000E-1	2.110120E-4	2.110120E-4	5.373364E-6	5.373364E-6
2.300000E-1	2.207170E-4	2.207170E-4	5.620499E-6	5.620499E-6
2.400000E-1	2.303300E-4	2.303300E-4	5.865292E-6	5.865292E-6
2.500000E-1	2.397660E-4	2.397660E-4	6.105577E-6	6.105577E-6
2.600000E-1	2.494540E-4	2.494540E-4	6.352279E-6	6.352279E-6
2.700000E-1	2.588610E-4	2.588610E-4	6.591826E-6	6.591826E-6
2.800000E-1	2.697550E-4	2.697550E-4	6.869239E-6	6.869239E-6
2.900000E-1	2.804970E-4	2.804970E-4	7.142781E-6	7.142781E-6
3.000000E-1	2.901210E-4	2.901210E-4	7.387853E-6	7.387853E-6
3.100000E-1	2.998380E-4	2.998380E-4	7.635294E-6	7.635294E-6
3.200000E-1	3.080530E-4	3.080530E-4	7.844487E-6	7.844487E-6
3.300000E-1	3.177870E-4	3.177870E-4	8.092360E-6	8.092360E-6
3.400000E-1	3.274210E-4	3.274210E-4	8.337688E-6	8.337688E-6
3.500000E-1	3.366970E-4	3.366970E-4	8.573899E-6	8.573899E-6
3.600000E-1	3.466710E-4	3.466710E-4	8.827884E-6	8.827884E-6
3.700000E-1	3.565620E-4	3.565620E-4	9.079755E-6	9.079755E-6
3.800000E-1	3.662880E-4	3.662880E-4	9.327425E-6	9.327425E-6
3.900000E-1	3.763480E-4	3.763480E-4	9.583601E-6	9.583601E-6
4.000000E-1	3.877260E-4	3.877260E-4	9.873338E-6	9.873338E-6
4.100000E-1	3.962030E-4	3.962030E-4	1.008920E-5	1.008920E-5
4.200000E-1	4.078370E-4	4.078370E-4	1.038546E-5	1.038546E-5
4.300000E-1	4.183190E-4	4.183190E-4	1.065238E-5	1.065238E-5
4.400000E-1	4.278400E-4	4.278400E-4	1.089483E-5	1.089483E-5
4.500000E-1	4.402980E-4	4.402980E-4	1.121207E-5	1.121207E-5
4.600000E-1	4.506120E-4	4.506120E-4	1.147471E-5	1.147471E-5
4.700000E-1	4.600790E-4	4.600790E-4	1.171579E-5	1.171579E-5
4.800000E-1	4.676220E-4	4.676220E-4	1.190787E-5	1.190787E-5
4.900000E-1	4.773690E-4	4.773690E-4	1.215607E-5	1.215607E-5
5.000000E-1	4.875510E-4	4.875510E-4	1.241536E-5	1.241536E-5
