

10:55:09	04/03/21


Ell Cont: 5,0x10,0

SMU1	V name:		V1
	I name:		I1
	Mode:		V
	Function:	VAR1
SMU2	V name:		V2
	I name:		I2
	Mode:		common
	Function:	const.
SMU3	off
SMU4	off
VMUs	off

Primary Source (VAR1):	single
	Sweep Spacing:	linear
	Start:		-0.500000
	Stop:		0.500000
	Step:		0.010000
	Compliance:	0.050000
Power Compliance OFF

Timing:		Integration Time:	medium
	Delay Time (sec):	0.000000
	Hold Time (sec):	0.000000
	Wait Time (sec):	1.000000

Secondary Source (VAR2):	OFF


   V1	   I1	Abs(I)	J (A\um²)	Abs(J)
-5.000000E-1	-2.316560E-5	2.316560E-5	-5.899058E-7	5.899058E-7
-4.900000E-1	-2.266890E-5	2.266890E-5	-5.772574E-7	5.772574E-7
-4.800000E-1	-2.216950E-5	2.216950E-5	-5.645404E-7	5.645404E-7
-4.700000E-1	-2.166680E-5	2.166680E-5	-5.517392E-7	5.517392E-7
-4.600000E-1	-2.115610E-5	2.115610E-5	-5.387344E-7	5.387344E-7
-4.500000E-1	-2.065920E-5	2.065920E-5	-5.260810E-7	5.260810E-7
-4.400000E-1	-2.016680E-5	2.016680E-5	-5.135421E-7	5.135421E-7
-4.300000E-1	-1.966780E-5	1.966780E-5	-5.008352E-7	5.008352E-7
-4.200000E-1	-1.917380E-5	1.917380E-5	-4.882557E-7	4.882557E-7
-4.100000E-1	-1.869550E-5	1.869550E-5	-4.760759E-7	4.760759E-7
-4.000000E-1	-1.821410E-5	1.821410E-5	-4.638172E-7	4.638172E-7
-3.900000E-1	-1.774400E-5	1.774400E-5	-4.518462E-7	4.518462E-7
-3.800000E-1	-1.724260E-5	1.724260E-5	-4.390782E-7	4.390782E-7
-3.700000E-1	-1.675050E-5	1.675050E-5	-4.265470E-7	4.265470E-7
-3.600000E-1	-1.627750E-5	1.627750E-5	-4.145022E-7	4.145022E-7
-3.500000E-1	-1.581000E-5	1.581000E-5	-4.025974E-7	4.025974E-7
-3.400000E-1	-1.535870E-5	1.535870E-5	-3.911052E-7	3.911052E-7
-3.300000E-1	-1.484880E-5	1.484880E-5	-3.781207E-7	3.781207E-7
-3.200000E-1	-1.436510E-5	1.436510E-5	-3.658034E-7	3.658034E-7
-3.100000E-1	-1.389530E-5	1.389530E-5	-3.538401E-7	3.538401E-7
-3.000000E-1	-1.343380E-5	1.343380E-5	-3.420881E-7	3.420881E-7
-2.900000E-1	-1.296130E-5	1.296130E-5	-3.300560E-7	3.300560E-7
-2.800000E-1	-1.249360E-5	1.249360E-5	-3.181462E-7	3.181462E-7
-2.700000E-1	-1.201820E-5	1.201820E-5	-3.060402E-7	3.060402E-7
-2.600000E-1	-1.154240E-5	1.154240E-5	-2.939241E-7	2.939241E-7
-2.500000E-1	-1.075570E-5	1.075570E-5	-2.738910E-7	2.738910E-7
-2.400000E-1	-1.030460E-5	1.030460E-5	-2.624039E-7	2.624039E-7
-2.300000E-1	-9.843980E-6	9.843980E-6	-2.506743E-7	2.506743E-7
-2.200000E-1	-9.387480E-6	9.387480E-6	-2.390497E-7	2.390497E-7
-2.100000E-1	-8.943550E-6	8.943550E-6	-2.277451E-7	2.277451E-7
-2.000000E-1	-8.529780E-6	8.529780E-6	-2.172086E-7	2.172086E-7
-1.900000E-1	-8.098470E-6	8.098470E-6	-2.062254E-7	2.062254E-7
-1.800000E-1	-7.655250E-6	7.655250E-6	-1.949389E-7	1.949389E-7
-1.700000E-1	-7.232500E-6	7.232500E-6	-1.841737E-7	1.841737E-7
-1.600000E-1	-6.789500E-6	6.789500E-6	-1.728928E-7	1.728928E-7
-1.500000E-1	-6.358430E-6	6.358430E-6	-1.619157E-7	1.619157E-7
-1.400000E-1	-5.923000E-6	5.923000E-6	-1.508276E-7	1.508276E-7
-1.300000E-1	-5.494210E-6	5.494210E-6	-1.399086E-7	1.399086E-7
-1.200000E-1	-5.071200E-6	5.071200E-6	-1.291367E-7	1.291367E-7
-1.100000E-1	-4.640230E-6	4.640230E-6	-1.181622E-7	1.181622E-7
-1.000000E-1	-4.210210E-6	4.210210E-6	-1.072119E-7	1.072119E-7
-9.000000E-2	-3.785520E-6	3.785520E-6	-9.639725E-8	9.639725E-8
-8.000000E-2	-3.362350E-6	3.362350E-6	-8.562134E-8	8.562134E-8
-7.000000E-2	-2.944490E-6	2.944490E-6	-7.498065E-8	7.498065E-8
-6.000000E-2	-2.523210E-6	2.523210E-6	-6.425286E-8	6.425286E-8
-5.000000E-2	-2.099260E-6	2.099260E-6	-5.345709E-8	5.345709E-8
-4.000000E-2	-1.681730E-6	1.681730E-6	-4.282480E-8	4.282480E-8
-3.000000E-2	-1.258240E-6	1.258240E-6	-3.204074E-8	3.204074E-8
-2.000000E-2	-8.388360E-7	8.388360E-7	-2.136073E-8	2.136073E-8
-1.000000E-2	-4.220670E-7	4.220670E-7	-1.074782E-8	1.074782E-8
0.000000E+0	-1.713340E-9	1.713340E-9	-4.362974E-11	4.362974E-11
1.000000E-2	4.139600E-7	4.139600E-7	1.054138E-8	1.054138E-8
2.000000E-2	8.337940E-7	8.337940E-7	2.123234E-8	2.123234E-8
3.000000E-2	1.252650E-6	1.252650E-6	3.189840E-8	3.189840E-8
4.000000E-2	1.673410E-6	1.673410E-6	4.261294E-8	4.261294E-8
5.000000E-2	2.091360E-6	2.091360E-6	5.325592E-8	5.325592E-8
6.000000E-2	2.509600E-6	2.509600E-6	6.390629E-8	6.390629E-8
7.000000E-2	2.933000E-6	2.933000E-6	7.468806E-8	7.468806E-8
8.000000E-2	3.357280E-6	3.357280E-6	8.549223E-8	8.549223E-8
9.000000E-2	3.779440E-6	3.779440E-6	9.624242E-8	9.624242E-8
1.000000E-1	4.197340E-6	4.197340E-6	1.068841E-7	1.068841E-7
1.100000E-1	4.624510E-6	4.624510E-6	1.177619E-7	1.177619E-7
1.200000E-1	5.050440E-6	5.050440E-6	1.286081E-7	1.286081E-7
1.300000E-1	5.478370E-6	5.478370E-6	1.395052E-7	1.395052E-7
1.400000E-1	5.895650E-6	5.895650E-6	1.501311E-7	1.501311E-7
1.500000E-1	6.340010E-6	6.340010E-6	1.614466E-7	1.614466E-7
1.600000E-1	6.773220E-6	6.773220E-6	1.724782E-7	1.724782E-7
1.700000E-1	7.203880E-6	7.203880E-6	1.834449E-7	1.834449E-7
1.800000E-1	7.628260E-6	7.628260E-6	1.942516E-7	1.942516E-7
1.900000E-1	8.065770E-6	8.065770E-6	2.053927E-7	2.053927E-7
2.000000E-1	8.506750E-6	8.506750E-6	2.166221E-7	2.166221E-7
2.100000E-1	8.947580E-6	8.947580E-6	2.278477E-7	2.278477E-7
2.200000E-1	9.384990E-6	9.384990E-6	2.389862E-7	2.389862E-7
2.300000E-1	9.829250E-6	9.829250E-6	2.502992E-7	2.502992E-7
2.400000E-1	1.027357E-5	1.027357E-5	2.616137E-7	2.616137E-7
2.500000E-1	1.071304E-5	1.071304E-5	2.728047E-7	2.728047E-7
2.600000E-1	1.116879E-5	1.116879E-5	2.844102E-7	2.844102E-7
2.700000E-1	1.161420E-5	1.161420E-5	2.957525E-7	2.957525E-7
2.800000E-1	1.208530E-5	1.208530E-5	3.077489E-7	3.077489E-7
2.900000E-1	1.252670E-5	1.252670E-5	3.189890E-7	3.189890E-7
3.000000E-1	1.297480E-5	1.297480E-5	3.303998E-7	3.303998E-7
3.100000E-1	1.342620E-5	1.342620E-5	3.418946E-7	3.418946E-7
3.200000E-1	1.385990E-5	1.385990E-5	3.529386E-7	3.529386E-7
3.300000E-1	1.432200E-5	1.432200E-5	3.647059E-7	3.647059E-7
3.400000E-1	1.477190E-5	1.477190E-5	3.761625E-7	3.761625E-7
3.500000E-1	1.524710E-5	1.524710E-5	3.882633E-7	3.882633E-7
3.600000E-1	1.570130E-5	1.570130E-5	3.998294E-7	3.998294E-7
3.700000E-1	1.616960E-5	1.616960E-5	4.117545E-7	4.117545E-7
3.800000E-1	1.666550E-5	1.666550E-5	4.243825E-7	4.243825E-7
3.900000E-1	1.713890E-5	1.713890E-5	4.364375E-7	4.364375E-7
4.000000E-1	1.757320E-5	1.757320E-5	4.474968E-7	4.474968E-7
4.100000E-1	1.806790E-5	1.806790E-5	4.600942E-7	4.600942E-7
4.200000E-1	1.849730E-5	1.849730E-5	4.710288E-7	4.710288E-7
4.300000E-1	1.893520E-5	1.893520E-5	4.821798E-7	4.821798E-7
4.400000E-1	1.938440E-5	1.938440E-5	4.936185E-7	4.936185E-7
4.500000E-1	1.984530E-5	1.984530E-5	5.053552E-7	5.053552E-7
4.600000E-1	2.035360E-5	2.035360E-5	5.182989E-7	5.182989E-7
4.700000E-1	2.084620E-5	2.084620E-5	5.308429E-7	5.308429E-7
4.800000E-1	2.132260E-5	2.132260E-5	5.429743E-7	5.429743E-7
4.900000E-1	2.179340E-5	2.179340E-5	5.549631E-7	5.549631E-7
5.000000E-1	2.231760E-5	2.231760E-5	5.683117E-7	5.683117E-7
