

10:57:24	04/03/21


Ell Cont: 5,0x10,0

SMU1	V name:		V1
	I name:		I1
	Mode:		V
	Function:	VAR1
SMU2	V name:		V2
	I name:		I2
	Mode:		common
	Function:	const.
SMU3	off
SMU4	off
VMUs	off

Primary Source (VAR1):	single
	Sweep Spacing:	linear
	Start:		-0.500000
	Stop:		0.500000
	Step:		0.010000
	Compliance:	0.050000
Power Compliance OFF

Timing:		Integration Time:	medium
	Delay Time (sec):	0.000000
	Hold Time (sec):	0.000000
	Wait Time (sec):	1.000000

Secondary Source (VAR2):	OFF


   V1	   I1	Abs(I)	J (A\um²)	Abs(J)
-5.000000E-1	-3.040720E-4	3.040720E-4	-7.743112E-6	7.743112E-6
-4.900000E-1	-2.966070E-4	2.966070E-4	-7.553017E-6	7.553017E-6
-4.800000E-1	-2.902260E-4	2.902260E-4	-7.390527E-6	7.390527E-6
-4.700000E-1	-2.837270E-4	2.837270E-4	-7.225032E-6	7.225032E-6
-4.600000E-1	-2.766710E-4	2.766710E-4	-7.045353E-6	7.045353E-6
-4.500000E-1	-2.704850E-4	2.704850E-4	-6.887828E-6	6.887828E-6
-4.400000E-1	-2.632290E-4	2.632290E-4	-6.703056E-6	6.703056E-6
-4.300000E-1	-2.559060E-4	2.559060E-4	-6.516577E-6	6.516577E-6
-4.200000E-1	-2.499630E-4	2.499630E-4	-6.365241E-6	6.365241E-6
-4.100000E-1	-2.437250E-4	2.437250E-4	-6.206392E-6	6.206392E-6
-4.000000E-1	-2.376060E-4	2.376060E-4	-6.050573E-6	6.050573E-6
-3.900000E-1	-2.317270E-4	2.317270E-4	-5.900866E-6	5.900866E-6
-3.800000E-1	-2.231740E-4	2.231740E-4	-5.683066E-6	5.683066E-6
-3.700000E-1	-2.183270E-4	2.183270E-4	-5.559638E-6	5.559638E-6
-3.600000E-1	-2.143180E-4	2.143180E-4	-5.457550E-6	5.457550E-6
-3.500000E-1	-2.059160E-4	2.059160E-4	-5.243596E-6	5.243596E-6
-3.400000E-1	-1.996200E-4	1.996200E-4	-5.083270E-6	5.083270E-6
-3.300000E-1	-1.924530E-4	1.924530E-4	-4.900764E-6	4.900764E-6
-3.200000E-1	-1.873070E-4	1.873070E-4	-4.769722E-6	4.769722E-6
-3.100000E-1	-1.818560E-4	1.818560E-4	-4.630914E-6	4.630914E-6
-3.000000E-1	-1.755570E-4	1.755570E-4	-4.470512E-6	4.470512E-6
-2.900000E-1	-1.685480E-4	1.685480E-4	-4.292029E-6	4.292029E-6
-2.800000E-1	-1.628710E-4	1.628710E-4	-4.147466E-6	4.147466E-6
-2.700000E-1	-1.568380E-4	1.568380E-4	-3.993837E-6	3.993837E-6
-2.600000E-1	-1.508710E-4	1.508710E-4	-3.841889E-6	3.841889E-6
-2.500000E-1	-1.448010E-4	1.448010E-4	-3.687319E-6	3.687319E-6
-2.400000E-1	-1.387870E-4	1.387870E-4	-3.534174E-6	3.534174E-6
-2.300000E-1	-1.327150E-4	1.327150E-4	-3.379552E-6	3.379552E-6
-2.200000E-1	-1.268460E-4	1.268460E-4	-3.230099E-6	3.230099E-6
-2.100000E-1	-1.211330E-4	1.211330E-4	-3.084619E-6	3.084619E-6
-2.000000E-1	-1.152500E-4	1.152500E-4	-2.934810E-6	2.934810E-6
-1.900000E-1	-1.088840E-4	1.088840E-4	-2.772702E-6	2.772702E-6
-1.800000E-1	-1.031980E-4	1.031980E-4	-2.627909E-6	2.627909E-6
-1.700000E-1	-9.757500E-5	9.757500E-5	-2.484721E-6	2.484721E-6
-1.600000E-1	-9.112160E-5	9.112160E-5	-2.320387E-6	2.320387E-6
-1.500000E-1	-8.525260E-5	8.525260E-5	-2.170935E-6	2.170935E-6
-1.400000E-1	-7.901290E-5	7.901290E-5	-2.012042E-6	2.012042E-6
-1.300000E-1	-7.316110E-5	7.316110E-5	-1.863028E-6	1.863028E-6
-1.200000E-1	-6.783570E-5	6.783570E-5	-1.727418E-6	1.727418E-6
-1.100000E-1	-6.230870E-5	6.230870E-5	-1.586674E-6	1.586674E-6
-1.000000E-1	-5.689130E-5	5.689130E-5	-1.448722E-6	1.448722E-6
-9.000000E-2	-5.087700E-5	5.087700E-5	-1.295569E-6	1.295569E-6
-8.000000E-2	-4.520800E-5	4.520800E-5	-1.151210E-6	1.151210E-6
-7.000000E-2	-3.957380E-5	3.957380E-5	-1.007736E-6	1.007736E-6
-6.000000E-2	-3.376500E-5	3.376500E-5	-8.598166E-7	8.598166E-7
-5.000000E-2	-2.825750E-5	2.825750E-5	-7.195696E-7	7.195696E-7
-4.000000E-2	-2.243220E-5	2.243220E-5	-5.712299E-7	5.712299E-7
-3.000000E-2	-1.677920E-5	1.677920E-5	-4.272778E-7	4.272778E-7
-2.000000E-2	-1.118080E-5	1.118080E-5	-2.847161E-7	2.847161E-7
-1.000000E-2	-5.616930E-6	5.616930E-6	-1.430336E-7	1.430336E-7
0.000000E+0	-3.158640E-8	3.158640E-8	-8.043392E-10	8.043392E-10
1.000000E-2	5.544850E-6	5.544850E-6	1.411981E-7	1.411981E-7
2.000000E-2	1.114592E-5	1.114592E-5	2.838279E-7	2.838279E-7
3.000000E-2	1.672750E-5	1.672750E-5	4.259613E-7	4.259613E-7
4.000000E-2	2.227360E-5	2.227360E-5	5.671912E-7	5.671912E-7
5.000000E-2	2.781830E-5	2.781830E-5	7.083855E-7	7.083855E-7
6.000000E-2	3.348690E-5	3.348690E-5	8.527349E-7	8.527349E-7
7.000000E-2	3.900770E-5	3.900770E-5	9.933206E-7	9.933206E-7
8.000000E-2	4.464480E-5	4.464480E-5	1.136868E-6	1.136868E-6
9.000000E-2	5.022290E-5	5.022290E-5	1.278913E-6	1.278913E-6
1.000000E-1	5.577270E-5	5.577270E-5	1.420237E-6	1.420237E-6
1.100000E-1	6.140420E-5	6.140420E-5	1.563641E-6	1.563641E-6
1.200000E-1	6.708940E-5	6.708940E-5	1.708414E-6	1.708414E-6
1.300000E-1	7.271800E-5	7.271800E-5	1.851744E-6	1.851744E-6
1.400000E-1	7.873360E-5	7.873360E-5	2.004930E-6	2.004930E-6
1.500000E-1	8.420020E-5	8.420020E-5	2.144135E-6	2.144135E-6
1.600000E-1	8.985140E-5	8.985140E-5	2.288042E-6	2.288042E-6
1.700000E-1	9.550950E-5	9.550950E-5	2.432124E-6	2.432124E-6
1.800000E-1	1.011700E-4	1.011700E-4	2.576267E-6	2.576267E-6
1.900000E-1	1.066080E-4	1.066080E-4	2.714744E-6	2.714744E-6
2.000000E-1	1.121703E-4	1.121703E-4	2.856387E-6	2.856387E-6
2.100000E-1	1.177950E-4	1.177950E-4	2.999618E-6	2.999618E-6
2.200000E-1	1.237800E-4	1.237800E-4	3.152024E-6	3.152024E-6
2.300000E-1	1.302280E-4	1.302280E-4	3.316221E-6	3.316221E-6
2.400000E-1	1.356540E-4	1.356540E-4	3.454393E-6	3.454393E-6
2.500000E-1	1.420590E-4	1.420590E-4	3.617494E-6	3.617494E-6
2.600000E-1	1.482430E-4	1.482430E-4	3.774968E-6	3.774968E-6
2.700000E-1	1.541240E-4	1.541240E-4	3.924726E-6	3.924726E-6
2.800000E-1	1.607170E-4	1.607170E-4	4.092615E-6	4.092615E-6
2.900000E-1	1.663390E-4	1.663390E-4	4.235778E-6	4.235778E-6
3.000000E-1	1.720680E-4	1.720680E-4	4.381665E-6	4.381665E-6
3.100000E-1	1.779860E-4	1.779860E-4	4.532366E-6	4.532366E-6
3.200000E-1	1.835120E-4	1.835120E-4	4.673084E-6	4.673084E-6
3.300000E-1	1.891400E-4	1.891400E-4	4.816399E-6	4.816399E-6
3.400000E-1	1.952200E-4	1.952200E-4	4.971225E-6	4.971225E-6
3.500000E-1	2.008760E-4	2.008760E-4	5.115253E-6	5.115253E-6
3.600000E-1	2.075770E-4	2.075770E-4	5.285892E-6	5.285892E-6
3.700000E-1	2.134960E-4	2.134960E-4	5.436618E-6	5.436618E-6
3.800000E-1	2.183310E-4	2.183310E-4	5.559740E-6	5.559740E-6
3.900000E-1	2.249470E-4	2.249470E-4	5.728215E-6	5.728215E-6
4.000000E-1	2.298430E-4	2.298430E-4	5.852890E-6	5.852890E-6
4.100000E-1	2.260630E-4	2.260630E-4	5.756633E-6	5.756633E-6
4.200000E-1	2.321700E-4	2.321700E-4	5.912147E-6	5.912147E-6
4.300000E-1	2.386740E-4	2.386740E-4	6.077769E-6	6.077769E-6
4.400000E-1	2.436190E-4	2.436190E-4	6.203692E-6	6.203692E-6
4.500000E-1	2.493870E-4	2.493870E-4	6.350573E-6	6.350573E-6
4.600000E-1	2.548850E-4	2.548850E-4	6.490578E-6	6.490578E-6
4.700000E-1	2.618410E-4	2.618410E-4	6.667711E-6	6.667711E-6
4.800000E-1	2.670430E-4	2.670430E-4	6.800178E-6	6.800178E-6
4.900000E-1	2.729560E-4	2.729560E-4	6.950751E-6	6.950751E-6
5.000000E-1	2.787380E-4	2.787380E-4	7.097988E-6	7.097988E-6
