

10:56:02	04/03/21


Ell Cont: 5,0x10,0

SMU1	V name:		V1
	I name:		I1
	Mode:		V
	Function:	VAR1
SMU2	V name:		V2
	I name:		I2
	Mode:		common
	Function:	const.
SMU3	off
SMU4	off
VMUs	off

Primary Source (VAR1):	single
	Sweep Spacing:	linear
	Start:		-0.500000
	Stop:		0.500000
	Step:		0.010000
	Compliance:	0.050000
Power Compliance OFF

Timing:		Integration Time:	medium
	Delay Time (sec):	0.000000
	Hold Time (sec):	0.000000
	Wait Time (sec):	1.000000

Secondary Source (VAR2):	OFF


   V1	   I1	Abs(I)	J (A\um²)	Abs(J)
-5.000000E-1	-7.255720E-5	7.255720E-5	-1.847650E-6	1.847650E-6
-4.900000E-1	-7.110990E-5	7.110990E-5	-1.810794E-6	1.810794E-6
-4.800000E-1	-6.982210E-5	6.982210E-5	-1.778001E-6	1.778001E-6
-4.700000E-1	-6.811530E-5	6.811530E-5	-1.734538E-6	1.734538E-6
-4.600000E-1	-6.662770E-5	6.662770E-5	-1.696656E-6	1.696656E-6
-4.500000E-1	-6.505400E-5	6.505400E-5	-1.656583E-6	1.656583E-6
-4.400000E-1	-6.379950E-5	6.379950E-5	-1.624637E-6	1.624637E-6
-4.300000E-1	-6.234720E-5	6.234720E-5	-1.587655E-6	1.587655E-6
-4.200000E-1	-6.063230E-5	6.063230E-5	-1.543985E-6	1.543985E-6
-4.100000E-1	-5.923860E-5	5.923860E-5	-1.508495E-6	1.508495E-6
-4.000000E-1	-5.782030E-5	5.782030E-5	-1.472378E-6	1.472378E-6
-3.900000E-1	-5.632390E-5	5.632390E-5	-1.434273E-6	1.434273E-6
-3.800000E-1	-5.491840E-5	5.491840E-5	-1.398482E-6	1.398482E-6
-3.700000E-1	-5.333420E-5	5.333420E-5	-1.358141E-6	1.358141E-6
-3.600000E-1	-5.186060E-5	5.186060E-5	-1.320616E-6	1.320616E-6
-3.500000E-1	-5.034110E-5	5.034110E-5	-1.281923E-6	1.281923E-6
-3.400000E-1	-4.885090E-5	4.885090E-5	-1.243975E-6	1.243975E-6
-3.300000E-1	-4.737100E-5	4.737100E-5	-1.206290E-6	1.206290E-6
-3.200000E-1	-4.586090E-5	4.586090E-5	-1.167835E-6	1.167835E-6
-3.100000E-1	-4.430040E-5	4.430040E-5	-1.128098E-6	1.128098E-6
-3.000000E-1	-4.297870E-5	4.297870E-5	-1.094441E-6	1.094441E-6
-2.900000E-1	-4.147180E-5	4.147180E-5	-1.056068E-6	1.056068E-6
-2.800000E-1	-4.012690E-5	4.012690E-5	-1.021821E-6	1.021821E-6
-2.700000E-1	-3.866710E-5	3.866710E-5	-9.846473E-7	9.846473E-7
-2.600000E-1	-3.717080E-5	3.717080E-5	-9.465444E-7	9.465444E-7
-2.500000E-1	-3.575400E-5	3.575400E-5	-9.104660E-7	9.104660E-7
-2.400000E-1	-3.428410E-5	3.428410E-5	-8.730354E-7	8.730354E-7
-2.300000E-1	-3.287450E-5	3.287450E-5	-8.371403E-7	8.371403E-7
-2.200000E-1	-3.130020E-5	3.130020E-5	-7.970512E-7	7.970512E-7
-2.100000E-1	-2.992390E-5	2.992390E-5	-7.620041E-7	7.620041E-7
-2.000000E-1	-2.845380E-5	2.845380E-5	-7.245684E-7	7.245684E-7
-1.900000E-1	-2.704060E-5	2.704060E-5	-6.885816E-7	6.885816E-7
-1.800000E-1	-2.560250E-5	2.560250E-5	-6.519608E-7	6.519608E-7
-1.700000E-1	-2.415460E-5	2.415460E-5	-6.150904E-7	6.150904E-7
-1.600000E-1	-2.272420E-5	2.272420E-5	-5.786656E-7	5.786656E-7
-1.500000E-1	-2.127780E-5	2.127780E-5	-5.418335E-7	5.418335E-7
-1.400000E-1	-1.985520E-5	1.985520E-5	-5.056073E-7	5.056073E-7
-1.300000E-1	-1.842190E-5	1.842190E-5	-4.691087E-7	4.691087E-7
-1.200000E-1	-1.698900E-5	1.698900E-5	-4.326203E-7	4.326203E-7
-1.100000E-1	-1.553860E-5	1.553860E-5	-3.956863E-7	3.956863E-7
-1.000000E-1	-1.406480E-5	1.406480E-5	-3.581563E-7	3.581563E-7
-9.000000E-2	-1.265360E-5	1.265360E-5	-3.222205E-7	3.222205E-7
-8.000000E-2	-1.123590E-5	1.123590E-5	-2.861192E-7	2.861192E-7
-7.000000E-2	-9.830840E-6	9.830840E-6	-2.503397E-7	2.503397E-7
-6.000000E-2	-8.473820E-6	8.473820E-6	-2.157835E-7	2.157835E-7
-5.000000E-2	-7.063470E-6	7.063470E-6	-1.798694E-7	1.798694E-7
-4.000000E-2	-5.637650E-6	5.637650E-6	-1.435612E-7	1.435612E-7
-3.000000E-2	-4.231220E-6	4.231220E-6	-1.077469E-7	1.077469E-7
-2.000000E-2	-2.818610E-6	2.818610E-6	-7.177515E-8	7.177515E-8
-1.000000E-2	-1.418040E-6	1.418040E-6	-3.611001E-8	3.611001E-8
0.000000E+0	-8.615200E-9	8.615200E-9	-2.193838E-10	2.193838E-10
1.000000E-2	1.390390E-6	1.390390E-6	3.540591E-8	3.540591E-8
2.000000E-2	2.801090E-6	2.801090E-6	7.132900E-8	7.132900E-8
3.000000E-2	4.202010E-6	4.202010E-6	1.070031E-7	1.070031E-7
4.000000E-2	5.610670E-6	5.610670E-6	1.428742E-7	1.428742E-7
5.000000E-2	6.998170E-6	6.998170E-6	1.782065E-7	1.782065E-7
6.000000E-2	8.421190E-6	8.421190E-6	2.144433E-7	2.144433E-7
7.000000E-2	9.803700E-6	9.803700E-6	2.496486E-7	2.496486E-7
8.000000E-2	1.119534E-5	1.119534E-5	2.850863E-7	2.850863E-7
9.000000E-2	1.265080E-5	1.265080E-5	3.221492E-7	3.221492E-7
1.000000E-1	1.403520E-5	1.403520E-5	3.574026E-7	3.574026E-7
1.100000E-1	1.544730E-5	1.544730E-5	3.933613E-7	3.933613E-7
1.200000E-1	1.685190E-5	1.685190E-5	4.291291E-7	4.291291E-7
1.300000E-1	1.834710E-5	1.834710E-5	4.672040E-7	4.672040E-7
1.400000E-1	1.976200E-5	1.976200E-5	5.032340E-7	5.032340E-7
1.500000E-1	2.120000E-5	2.120000E-5	5.398523E-7	5.398523E-7
1.600000E-1	2.266620E-5	2.266620E-5	5.771887E-7	5.771887E-7
1.700000E-1	2.410220E-5	2.410220E-5	6.137560E-7	6.137560E-7
1.800000E-1	2.548020E-5	2.548020E-5	6.488464E-7	6.488464E-7
1.900000E-1	2.683790E-5	2.683790E-5	6.834199E-7	6.834199E-7
2.000000E-1	2.829690E-5	2.829690E-5	7.205729E-7	7.205729E-7
2.100000E-1	2.975260E-5	2.975260E-5	7.576420E-7	7.576420E-7
2.200000E-1	3.110920E-5	3.110920E-5	7.921874E-7	7.921874E-7
2.300000E-1	3.253660E-5	3.253660E-5	8.285358E-7	8.285358E-7
2.400000E-1	3.394680E-5	3.394680E-5	8.644461E-7	8.644461E-7
2.500000E-1	3.537800E-5	3.537800E-5	9.008913E-7	9.008913E-7
2.600000E-1	3.679340E-5	3.679340E-5	9.369340E-7	9.369340E-7
2.700000E-1	3.823740E-5	3.823740E-5	9.737051E-7	9.737051E-7
2.800000E-1	3.952990E-5	3.952990E-5	1.006618E-6	1.006618E-6
2.900000E-1	4.101280E-5	4.101280E-5	1.044380E-6	1.044380E-6
3.000000E-1	4.241700E-5	4.241700E-5	1.080137E-6	1.080137E-6
3.100000E-1	4.397810E-5	4.397810E-5	1.119890E-6	1.119890E-6
3.200000E-1	4.543920E-5	4.543920E-5	1.157097E-6	1.157097E-6
3.300000E-1	4.687920E-5	4.687920E-5	1.193766E-6	1.193766E-6
3.400000E-1	4.843440E-5	4.843440E-5	1.233369E-6	1.233369E-6
3.500000E-1	4.975870E-5	4.975870E-5	1.267092E-6	1.267092E-6
3.600000E-1	5.111500E-5	5.111500E-5	1.301630E-6	1.301630E-6
3.700000E-1	5.252000E-5	5.252000E-5	1.337408E-6	1.337408E-6
3.800000E-1	5.376720E-5	5.376720E-5	1.369167E-6	1.369167E-6
3.900000E-1	5.544520E-5	5.544520E-5	1.411897E-6	1.411897E-6
4.000000E-1	5.692850E-5	5.692850E-5	1.449669E-6	1.449669E-6
4.100000E-1	5.844870E-5	5.844870E-5	1.488380E-6	1.488380E-6
4.200000E-1	5.986240E-5	5.986240E-5	1.524380E-6	1.524380E-6
4.300000E-1	6.115900E-5	6.115900E-5	1.557397E-6	1.557397E-6
4.400000E-1	6.285020E-5	6.285020E-5	1.600463E-6	1.600463E-6
4.500000E-1	6.426620E-5	6.426620E-5	1.636521E-6	1.636521E-6
4.600000E-1	6.567460E-5	6.567460E-5	1.672386E-6	1.672386E-6
4.700000E-1	6.717320E-5	6.717320E-5	1.710547E-6	1.710547E-6
4.800000E-1	6.873140E-5	6.873140E-5	1.750227E-6	1.750227E-6
4.900000E-1	7.020730E-5	7.020730E-5	1.787810E-6	1.787810E-6
5.000000E-1	7.168430E-5	7.168430E-5	1.825421E-6	1.825421E-6
