

11:06:11	04/03/21


Ell Cont: 5,0x10,0

SMU1	V name:		V1
	I name:		I1
	Mode:		V
	Function:	VAR1
SMU2	V name:		V2
	I name:		I2
	Mode:		common
	Function:	const.
SMU3	off
SMU4	off
VMUs	off

Primary Source (VAR1):	single
	Sweep Spacing:	linear
	Start:		-0.500000
	Stop:		0.500000
	Step:		0.010000
	Compliance:	0.050000
Power Compliance OFF

Timing:		Integration Time:	medium
	Delay Time (sec):	0.000000
	Hold Time (sec):	0.000000
	Wait Time (sec):	1.000000

Secondary Source (VAR2):	OFF


   V1	   I1	Abs(I)	J (A\um²)	Abs(J)
-5.000000E-1	-3.488270E-4	3.488270E-4	-8.882786E-6	8.882786E-6
-4.900000E-1	-3.377430E-4	3.377430E-4	-8.600535E-6	8.600535E-6
-4.800000E-1	-3.302380E-4	3.302380E-4	-8.409422E-6	8.409422E-6
-4.700000E-1	-3.208460E-4	3.208460E-4	-8.170257E-6	8.170257E-6
-4.600000E-1	-3.130390E-4	3.130390E-4	-7.971454E-6	7.971454E-6
-4.500000E-1	-3.042880E-4	3.042880E-4	-7.748612E-6	7.748612E-6
-4.400000E-1	-2.994220E-4	2.994220E-4	-7.624701E-6	7.624701E-6
-4.300000E-1	-2.958400E-4	2.958400E-4	-7.533486E-6	7.533486E-6
-4.200000E-1	-2.878730E-4	2.878730E-4	-7.330609E-6	7.330609E-6
-4.100000E-1	-2.806150E-4	2.806150E-4	-7.145786E-6	7.145786E-6
-4.000000E-1	-2.717820E-4	2.717820E-4	-6.920856E-6	6.920856E-6
-3.900000E-1	-2.634480E-4	2.634480E-4	-6.708632E-6	6.708632E-6
-3.800000E-1	-2.556950E-4	2.556950E-4	-6.511204E-6	6.511204E-6
-3.700000E-1	-2.481870E-4	2.481870E-4	-6.320015E-6	6.320015E-6
-3.600000E-1	-2.406430E-4	2.406430E-4	-6.127909E-6	6.127909E-6
-3.500000E-1	-2.334010E-4	2.334010E-4	-5.943494E-6	5.943494E-6
-3.400000E-1	-2.270680E-4	2.270680E-4	-5.782226E-6	5.782226E-6
-3.300000E-1	-2.194700E-4	2.194700E-4	-5.588745E-6	5.588745E-6
-3.200000E-1	-2.125950E-4	2.125950E-4	-5.413674E-6	5.413674E-6
-3.100000E-1	-2.059830E-4	2.059830E-4	-5.245302E-6	5.245302E-6
-3.000000E-1	-1.989420E-4	1.989420E-4	-5.066005E-6	5.066005E-6
-2.900000E-1	-1.913680E-4	1.913680E-4	-4.873135E-6	4.873135E-6
-2.800000E-1	-1.843960E-4	1.843960E-4	-4.695595E-6	4.695595E-6
-2.700000E-1	-1.779090E-4	1.779090E-4	-4.530405E-6	4.530405E-6
-2.600000E-1	-1.716750E-4	1.716750E-4	-4.371658E-6	4.371658E-6
-2.500000E-1	-1.644720E-4	1.644720E-4	-4.188235E-6	4.188235E-6
-2.400000E-1	-1.576410E-4	1.576410E-4	-4.014286E-6	4.014286E-6
-2.300000E-1	-1.509600E-4	1.509600E-4	-3.844156E-6	3.844156E-6
-2.200000E-1	-1.432430E-4	1.432430E-4	-3.647644E-6	3.647644E-6
-2.100000E-1	-1.373230E-4	1.373230E-4	-3.496893E-6	3.496893E-6
-2.000000E-1	-1.300730E-4	1.300730E-4	-3.312274E-6	3.312274E-6
-1.900000E-1	-1.201270E-4	1.201270E-4	-3.059002E-6	3.059002E-6
-1.800000E-1	-1.133970E-4	1.133970E-4	-2.887624E-6	2.887624E-6
-1.700000E-1	-1.064890E-4	1.064890E-4	-2.711714E-6	2.711714E-6
-1.600000E-1	-9.982700E-5	9.982700E-5	-2.542068E-6	2.542068E-6
-1.500000E-1	-9.334720E-5	9.334720E-5	-2.377061E-6	2.377061E-6
-1.400000E-1	-8.755100E-5	8.755100E-5	-2.229463E-6	2.229463E-6
-1.300000E-1	-8.126270E-5	8.126270E-5	-2.069333E-6	2.069333E-6
-1.200000E-1	-7.527150E-5	7.527150E-5	-1.916769E-6	1.916769E-6
-1.100000E-1	-6.870300E-5	6.870300E-5	-1.749503E-6	1.749503E-6
-1.000000E-1	-6.256180E-5	6.256180E-5	-1.593119E-6	1.593119E-6
-9.000000E-2	-5.584500E-5	5.584500E-5	-1.422078E-6	1.422078E-6
-8.000000E-2	-4.943600E-5	4.943600E-5	-1.258874E-6	1.258874E-6
-7.000000E-2	-4.322850E-5	4.322850E-5	-1.100802E-6	1.100802E-6
-6.000000E-2	-3.717190E-5	3.717190E-5	-9.465724E-7	9.465724E-7
-5.000000E-2	-3.090720E-5	3.090720E-5	-7.870435E-7	7.870435E-7
-4.000000E-2	-2.461390E-5	2.461390E-5	-6.267863E-7	6.267863E-7
-3.000000E-2	-1.850760E-5	1.850760E-5	-4.712911E-7	4.712911E-7
-2.000000E-2	-1.239210E-5	1.239210E-5	-3.155615E-7	3.155615E-7
-1.000000E-2	-6.210500E-6	6.210500E-6	-1.581487E-7	1.581487E-7
0.000000E+0	-3.906600E-8	3.906600E-8	-9.948052E-10	9.948052E-10
1.000000E-2	6.096760E-6	6.096760E-6	1.552524E-7	1.552524E-7
2.000000E-2	1.226030E-5	1.226030E-5	3.122052E-7	3.122052E-7
3.000000E-2	1.838810E-5	1.838810E-5	4.682480E-7	4.682480E-7
4.000000E-2	2.452680E-5	2.452680E-5	6.245684E-7	6.245684E-7
5.000000E-2	3.060930E-5	3.060930E-5	7.794576E-7	7.794576E-7
6.000000E-2	3.674390E-5	3.674390E-5	9.356735E-7	9.356735E-7
7.000000E-2	4.334480E-5	4.334480E-5	1.103764E-6	1.103764E-6
8.000000E-2	4.920230E-5	4.920230E-5	1.252923E-6	1.252923E-6
9.000000E-2	5.528610E-5	5.528610E-5	1.407846E-6	1.407846E-6
1.000000E-1	6.148820E-5	6.148820E-5	1.565780E-6	1.565780E-6
1.100000E-1	6.765210E-5	6.765210E-5	1.722743E-6	1.722743E-6
1.200000E-1	7.390560E-5	7.390560E-5	1.881986E-6	1.881986E-6
1.300000E-1	8.062700E-5	8.062700E-5	2.053145E-6	2.053145E-6
1.400000E-1	8.685330E-5	8.685330E-5	2.211696E-6	2.211696E-6
1.500000E-1	9.288460E-5	9.288460E-5	2.365281E-6	2.365281E-6
1.600000E-1	9.931410E-5	9.931410E-5	2.529007E-6	2.529007E-6
1.700000E-1	1.049416E-4	1.049416E-4	2.672310E-6	2.672310E-6
1.800000E-1	1.075852E-4	1.075852E-4	2.739628E-6	2.739628E-6
1.900000E-1	1.137207E-4	1.137207E-4	2.895867E-6	2.895867E-6
2.000000E-1	1.201450E-4	1.201450E-4	3.059460E-6	3.059460E-6
2.100000E-1	1.263920E-4	1.263920E-4	3.218538E-6	3.218538E-6
2.200000E-1	1.329410E-4	1.329410E-4	3.385307E-6	3.385307E-6
2.300000E-1	1.392350E-4	1.392350E-4	3.545582E-6	3.545582E-6
2.400000E-1	1.467800E-4	1.467800E-4	3.737713E-6	3.737713E-6
2.500000E-1	1.535040E-4	1.535040E-4	3.908938E-6	3.908938E-6
2.600000E-1	1.601960E-4	1.601960E-4	4.079348E-6	4.079348E-6
2.700000E-1	1.672520E-4	1.672520E-4	4.259027E-6	4.259027E-6
2.800000E-1	1.735040E-4	1.735040E-4	4.418233E-6	4.418233E-6
2.900000E-1	1.802890E-4	1.802890E-4	4.591011E-6	4.591011E-6
3.000000E-1	1.866210E-4	1.866210E-4	4.752254E-6	4.752254E-6
3.100000E-1	1.931410E-4	1.931410E-4	4.918284E-6	4.918284E-6
3.200000E-1	1.999340E-4	1.999340E-4	5.091266E-6	5.091266E-6
3.300000E-1	2.067440E-4	2.067440E-4	5.264680E-6	5.264680E-6
3.400000E-1	2.128770E-4	2.128770E-4	5.420856E-6	5.420856E-6
3.500000E-1	2.204870E-4	2.204870E-4	5.614642E-6	5.614642E-6
3.600000E-1	2.283010E-4	2.283010E-4	5.813624E-6	5.813624E-6
3.700000E-1	2.330430E-4	2.330430E-4	5.934377E-6	5.934377E-6
3.800000E-1	2.401150E-4	2.401150E-4	6.114464E-6	6.114464E-6
3.900000E-1	2.478790E-4	2.478790E-4	6.312172E-6	6.312172E-6
4.000000E-1	2.551730E-4	2.551730E-4	6.497912E-6	6.497912E-6
4.100000E-1	2.628170E-4	2.628170E-4	6.692564E-6	6.692564E-6
4.200000E-1	2.693840E-4	2.693840E-4	6.859791E-6	6.859791E-6
4.300000E-1	2.782120E-4	2.782120E-4	7.084594E-6	7.084594E-6
4.400000E-1	2.843890E-4	2.843890E-4	7.241889E-6	7.241889E-6
4.500000E-1	2.919080E-4	2.919080E-4	7.433359E-6	7.433359E-6
4.600000E-1	2.987220E-4	2.987220E-4	7.606875E-6	7.606875E-6
4.700000E-1	3.066770E-4	3.066770E-4	7.809447E-6	7.809447E-6
4.800000E-1	3.107730E-4	3.107730E-4	7.913751E-6	7.913751E-6
4.900000E-1	3.180890E-4	3.180890E-4	8.100051E-6	8.100051E-6
5.000000E-1	3.276930E-4	3.276930E-4	8.344614E-6	8.344614E-6
