

11:09:47	04/03/21


Ell Cont: 5,0x10,0

SMU1	V name:		V1
	I name:		I1
	Mode:		V
	Function:	VAR1
SMU2	V name:		V2
	I name:		I2
	Mode:		common
	Function:	const.
SMU3	off
SMU4	off
VMUs	off

Primary Source (VAR1):	single
	Sweep Spacing:	linear
	Start:		-0.500000
	Stop:		0.500000
	Step:		0.010000
	Compliance:	0.050000
Power Compliance OFF

Timing:		Integration Time:	medium
	Delay Time (sec):	0.000000
	Hold Time (sec):	0.000000
	Wait Time (sec):	1.000000

Secondary Source (VAR2):	OFF


   V1	   I1	Abs(I)	J (A\um²)	Abs(J)
-5.000000E-1	-2.805180E-6	2.805180E-6	-7.143315E-8	7.143315E-8
-4.900000E-1	-2.707630E-6	2.707630E-6	-6.894907E-8	6.894907E-8
-4.800000E-1	-2.655750E-6	2.655750E-6	-6.762796E-8	6.762796E-8
-4.700000E-1	-2.615280E-6	2.615280E-6	-6.659740E-8	6.659740E-8
-4.600000E-1	-2.572430E-6	2.572430E-6	-6.550624E-8	6.550624E-8
-4.500000E-1	-2.480520E-6	2.480520E-6	-6.316577E-8	6.316577E-8
-4.400000E-1	-2.475430E-6	2.475430E-6	-6.303616E-8	6.303616E-8
-4.300000E-1	-2.553950E-6	2.553950E-6	-6.503565E-8	6.503565E-8
-4.200000E-1	-2.457330E-6	2.457330E-6	-6.257525E-8	6.257525E-8
-4.100000E-1	-2.416300E-6	2.416300E-6	-6.153043E-8	6.153043E-8
-4.000000E-1	-2.339470E-6	2.339470E-6	-5.957397E-8	5.957397E-8
-3.900000E-1	-2.261460E-6	2.261460E-6	-5.758747E-8	5.758747E-8
-3.800000E-1	-2.199260E-6	2.199260E-6	-5.600356E-8	5.600356E-8
-3.700000E-1	-2.154540E-6	2.154540E-6	-5.486478E-8	5.486478E-8
-3.600000E-1	-2.101620E-6	2.101620E-6	-5.351719E-8	5.351719E-8
-3.500000E-1	-2.017230E-6	2.017230E-6	-5.136822E-8	5.136822E-8
-3.400000E-1	-1.986970E-6	1.986970E-6	-5.059766E-8	5.059766E-8
-3.300000E-1	-1.934330E-6	1.934330E-6	-4.925719E-8	4.925719E-8
-3.200000E-1	-1.862870E-6	1.862870E-6	-4.743748E-8	4.743748E-8
-3.100000E-1	-1.800210E-6	1.800210E-6	-4.584186E-8	4.584186E-8
-3.000000E-1	-1.734490E-6	1.734490E-6	-4.416832E-8	4.416832E-8
-2.900000E-1	-1.667750E-6	1.667750E-6	-4.246881E-8	4.246881E-8
-2.800000E-1	-1.618970E-6	1.618970E-6	-4.122664E-8	4.122664E-8
-2.700000E-1	-1.562340E-6	1.562340E-6	-3.978457E-8	3.978457E-8
-2.600000E-1	-1.513420E-6	1.513420E-6	-3.853883E-8	3.853883E-8
-2.500000E-1	-1.429900E-6	1.429900E-6	-3.641202E-8	3.641202E-8
-2.400000E-1	-1.371330E-6	1.371330E-6	-3.492055E-8	3.492055E-8
-2.300000E-1	-1.310060E-6	1.310060E-6	-3.336033E-8	3.336033E-8
-2.200000E-1	-1.244630E-6	1.244630E-6	-3.169417E-8	3.169417E-8
-2.100000E-1	-1.188440E-6	1.188440E-6	-3.026330E-8	3.026330E-8
-2.000000E-1	-1.133020E-6	1.133020E-6	-2.885205E-8	2.885205E-8
-1.900000E-1	-1.077100E-6	1.077100E-6	-2.742806E-8	2.742806E-8
-1.800000E-1	-1.024460E-6	1.024460E-6	-2.608760E-8	2.608760E-8
-1.700000E-1	-9.666380E-7	9.666380E-7	-2.461518E-8	2.461518E-8
-1.600000E-1	-9.066660E-7	9.066660E-7	-2.308801E-8	2.308801E-8
-1.500000E-1	-8.446380E-7	8.446380E-7	-2.150848E-8	2.150848E-8
-1.400000E-1	-7.853920E-7	7.853920E-7	-1.999980E-8	1.999980E-8
-1.300000E-1	-7.293580E-7	7.293580E-7	-1.857291E-8	1.857291E-8
-1.200000E-1	-6.723070E-7	6.723070E-7	-1.712012E-8	1.712012E-8
-1.100000E-1	-6.160520E-7	6.160520E-7	-1.568760E-8	1.568760E-8
-1.000000E-1	-5.506160E-7	5.506160E-7	-1.402129E-8	1.402129E-8
-9.000000E-2	-4.989680E-7	4.989680E-7	-1.270609E-8	1.270609E-8
-8.000000E-2	-4.434510E-7	4.434510E-7	-1.129236E-8	1.129236E-8
-7.000000E-2	-3.939230E-7	3.939230E-7	-1.003114E-8	1.003114E-8
-6.000000E-2	-3.362410E-7	3.362410E-7	-8.562287E-9	8.562287E-9
-5.000000E-2	-2.774770E-7	2.774770E-7	-7.065877E-9	7.065877E-9
-4.000000E-2	-2.237890E-7	2.237890E-7	-5.698727E-9	5.698727E-9
-3.000000E-2	-1.669030E-7	1.669030E-7	-4.250140E-9	4.250140E-9
-2.000000E-2	-1.118480E-7	1.118480E-7	-2.848179E-9	2.848179E-9
-1.000000E-2	-5.675900E-8	5.675900E-8	-1.445353E-9	1.445353E-9
0.000000E+0	-3.330100E-10	3.330100E-10	-8.480010E-12	8.480010E-12
1.000000E-2	5.278960E-8	5.278960E-8	1.344273E-9	1.344273E-9
2.000000E-2	1.060271E-7	1.060271E-7	2.699952E-9	2.699952E-9
3.000000E-2	1.608370E-7	1.608370E-7	4.095671E-9	4.095671E-9
4.000000E-2	2.131240E-7	2.131240E-7	5.427145E-9	5.427145E-9
5.000000E-2	2.686110E-7	2.686110E-7	6.840107E-9	6.840107E-9
6.000000E-2	3.239320E-7	3.239320E-7	8.248841E-9	8.248841E-9
7.000000E-2	3.817480E-7	3.817480E-7	9.721110E-9	9.721110E-9
8.000000E-2	4.395930E-7	4.395930E-7	1.119412E-8	1.119412E-8
9.000000E-2	5.085760E-7	5.085760E-7	1.295075E-8	1.295075E-8
1.000000E-1	5.798780E-7	5.798780E-7	1.476644E-8	1.476644E-8
1.100000E-1	6.389490E-7	6.389490E-7	1.627066E-8	1.627066E-8
1.200000E-1	6.869820E-7	6.869820E-7	1.749381E-8	1.749381E-8
1.300000E-1	7.121320E-7	7.121320E-7	1.813425E-8	1.813425E-8
1.400000E-1	7.692950E-7	7.692950E-7	1.958989E-8	1.958989E-8
1.500000E-1	8.240710E-7	8.240710E-7	2.098475E-8	2.098475E-8
1.600000E-1	8.801760E-7	8.801760E-7	2.241345E-8	2.241345E-8
1.700000E-1	9.398710E-7	9.398710E-7	2.393356E-8	2.393356E-8
1.800000E-1	9.904930E-7	9.904930E-7	2.522264E-8	2.522264E-8
1.900000E-1	1.045592E-6	1.045592E-6	2.662572E-8	2.662572E-8
2.000000E-1	1.104396E-6	1.104396E-6	2.812315E-8	2.812315E-8
2.100000E-1	1.177760E-6	1.177760E-6	2.999134E-8	2.999134E-8
2.200000E-1	1.252020E-6	1.252020E-6	3.188235E-8	3.188235E-8
2.300000E-1	1.312500E-6	1.312500E-6	3.342246E-8	3.342246E-8
2.400000E-1	1.328470E-6	1.328470E-6	3.382913E-8	3.382913E-8
2.500000E-1	1.394870E-6	1.394870E-6	3.551999E-8	3.551999E-8
2.600000E-1	1.457560E-6	1.457560E-6	3.711637E-8	3.711637E-8
2.700000E-1	1.529920E-6	1.529920E-6	3.895900E-8	3.895900E-8
2.800000E-1	1.629270E-6	1.629270E-6	4.148892E-8	4.148892E-8
2.900000E-1	1.673200E-6	1.673200E-6	4.260759E-8	4.260759E-8
3.000000E-1	1.722980E-6	1.722980E-6	4.387522E-8	4.387522E-8
3.100000E-1	1.789890E-6	1.789890E-6	4.557907E-8	4.557907E-8
3.200000E-1	1.845990E-6	1.845990E-6	4.700764E-8	4.700764E-8
3.300000E-1	1.907840E-6	1.907840E-6	4.858263E-8	4.858263E-8
3.400000E-1	1.978050E-6	1.978050E-6	5.037051E-8	5.037051E-8
3.500000E-1	2.036440E-6	2.036440E-6	5.185740E-8	5.185740E-8
3.600000E-1	2.076040E-6	2.076040E-6	5.286580E-8	5.286580E-8
3.700000E-1	2.147030E-6	2.147030E-6	5.467354E-8	5.467354E-8
3.800000E-1	2.202860E-6	2.202860E-6	5.609524E-8	5.609524E-8
3.900000E-1	2.284810E-6	2.284810E-6	5.818207E-8	5.818207E-8
4.000000E-1	2.341530E-6	2.341530E-6	5.962643E-8	5.962643E-8
4.100000E-1	2.463290E-6	2.463290E-6	6.272702E-8	6.272702E-8
4.200000E-1	2.499470E-6	2.499470E-6	6.364833E-8	6.364833E-8
4.300000E-1	2.515700E-6	2.515700E-6	6.406162E-8	6.406162E-8
4.400000E-1	2.583520E-6	2.583520E-6	6.578864E-8	6.578864E-8
4.500000E-1	2.659970E-6	2.659970E-6	6.773542E-8	6.773542E-8
4.600000E-1	2.726930E-6	2.726930E-6	6.944054E-8	6.944054E-8
4.700000E-1	2.793870E-6	2.793870E-6	7.114515E-8	7.114515E-8
4.800000E-1	2.826350E-6	2.826350E-6	7.197224E-8	7.197224E-8
4.900000E-1	2.922380E-6	2.922380E-6	7.441762E-8	7.441762E-8
5.000000E-1	3.007770E-6	3.007770E-6	7.659205E-8	7.659205E-8
