

12:35:43	03/03/21


Ell Cont: 5,0x10,0

SMU1	V name:		V1
	I name:		I1
	Mode:		V
	Function:	VAR1
SMU2	V name:		V2
	I name:		I2
	Mode:		common
	Function:	const.
SMU3	off
SMU4	off
VMUs	off

Primary Source (VAR1):	single
	Sweep Spacing:	linear
	Start:		-0.500000
	Stop:		0.500000
	Step:		0.010000
	Compliance:	0.050000
Power Compliance OFF

Timing:		Integration Time:	medium
	Delay Time (sec):	0.000000
	Hold Time (sec):	0.000000
	Wait Time (sec):	1.000000

Secondary Source (VAR2):	OFF


   V1	   I1	Abs(I)	J (A\um²)	Abs(J)
-5.000000E-1	-1.211400E-10	1.211400E-10	-3.084798E-12	3.084798E-12
-4.900000E-1	-1.249500E-10	1.249500E-10	-3.181818E-12	3.181818E-12
-4.800000E-1	-1.150300E-10	1.150300E-10	-2.929208E-12	2.929208E-12
-4.700000E-1	-1.063900E-10	1.063900E-10	-2.709193E-12	2.709193E-12
-4.600000E-1	-9.180000E-11	9.180000E-11	-2.337662E-12	2.337662E-12
-4.500000E-1	-1.075400E-10	1.075400E-10	-2.738477E-12	2.738477E-12
-4.400000E-1	-1.091800E-10	1.091800E-10	-2.780239E-12	2.780239E-12
-4.300000E-1	-1.070900E-10	1.070900E-10	-2.727018E-12	2.727018E-12
-4.200000E-1	-8.600000E-11	8.600000E-11	-2.189967E-12	2.189967E-12
-4.100000E-1	-8.984000E-11	8.984000E-11	-2.287751E-12	2.287751E-12
-4.000000E-1	-9.167000E-11	9.167000E-11	-2.334352E-12	2.334352E-12
-3.900000E-1	-8.394000E-11	8.394000E-11	-2.137510E-12	2.137510E-12
-3.800000E-1	-8.630000E-11	8.630000E-11	-2.197606E-12	2.197606E-12
-3.700000E-1	-8.186000E-11	8.186000E-11	-2.084543E-12	2.084543E-12
-3.600000E-1	-7.473000E-11	7.473000E-11	-1.902979E-12	1.902979E-12
-3.500000E-1	-7.230000E-11	7.230000E-11	-1.841100E-12	1.841100E-12
-3.400000E-1	-5.942000E-11	5.942000E-11	-1.513114E-12	1.513114E-12
-3.300000E-1	-6.495000E-11	6.495000E-11	-1.653934E-12	1.653934E-12
-3.200000E-1	-6.168000E-11	6.168000E-11	-1.570665E-12	1.570665E-12
-3.100000E-1	-5.653000E-11	5.653000E-11	-1.439521E-12	1.439521E-12
-3.000000E-1	-5.298000E-11	5.298000E-11	-1.349121E-12	1.349121E-12
-2.900000E-1	-5.063000E-11	5.063000E-11	-1.289279E-12	1.289279E-12
-2.800000E-1	-4.618000E-11	4.618000E-11	-1.175961E-12	1.175961E-12
-2.700000E-1	-4.202000E-11	4.202000E-11	-1.070028E-12	1.070028E-12
-2.600000E-1	-4.413000E-11	4.413000E-11	-1.123759E-12	1.123759E-12
-2.500000E-1	-4.085000E-11	4.085000E-11	-1.040234E-12	1.040234E-12
-2.400000E-1	-4.764000E-11	4.764000E-11	-1.213140E-12	1.213140E-12
-2.300000E-1	-4.519000E-11	4.519000E-11	-1.150751E-12	1.150751E-12
-2.200000E-1	-3.596000E-11	3.596000E-11	-9.157117E-13	9.157117E-13
-2.100000E-1	-3.303000E-11	3.303000E-11	-8.411001E-13	8.411001E-13
-2.000000E-1	-3.131000E-11	3.131000E-11	-7.973007E-13	7.973007E-13
-1.900000E-1	-2.831000E-11	2.831000E-11	-7.209065E-13	7.209065E-13
-1.800000E-1	-2.619000E-11	2.619000E-11	-6.669213E-13	6.669213E-13
-1.700000E-1	-2.462000E-11	2.462000E-11	-6.269417E-13	6.269417E-13
-1.600000E-1	-2.257000E-11	2.257000E-11	-5.747390E-13	5.747390E-13
-1.500000E-1	-1.966000E-11	1.966000E-11	-5.006366E-13	5.006366E-13
-1.400000E-1	-1.916000E-11	1.916000E-11	-4.879042E-13	4.879042E-13
-1.300000E-1	-1.828000E-11	1.828000E-11	-4.654953E-13	4.654953E-13
-1.200000E-1	-1.471000E-11	1.471000E-11	-3.745862E-13	3.745862E-13
-1.100000E-1	-1.399000E-11	1.399000E-11	-3.562516E-13	3.562516E-13
-1.000000E-1	-1.270000E-11	1.270000E-11	-3.234021E-13	3.234021E-13
-9.000000E-2	-1.194000E-11	1.194000E-11	-3.040489E-13	3.040489E-13
-8.000000E-2	-1.014000E-11	1.014000E-11	-2.582124E-13	2.582124E-13
-7.000000E-2	-8.660000E-12	8.660000E-12	-2.205246E-13	2.205246E-13
-6.000000E-2	-7.530000E-12	7.530000E-12	-1.917494E-13	1.917494E-13
-5.000000E-2	-6.540000E-12	6.540000E-12	-1.665393E-13	1.665393E-13
-4.000000E-2	-5.440000E-12	5.440000E-12	-1.385281E-13	1.385281E-13
-3.000000E-2	-3.000000E-12	3.000000E-12	-7.639419E-14	7.639419E-14
-2.000000E-2	-2.240000E-12	2.240000E-12	-5.704100E-14	5.704100E-14
-1.000000E-2	-7.500000E-13	7.500000E-13	-1.909855E-14	1.909855E-14
0.000000E+0	-1.100000E-13	1.100000E-13	-2.801120E-15	2.801120E-15
1.000000E-2	1.090000E-12	1.090000E-12	2.775656E-14	2.775656E-14
2.000000E-2	2.540000E-12	2.540000E-12	6.468042E-14	6.468042E-14
3.000000E-2	3.520000E-12	3.520000E-12	8.963585E-14	8.963585E-14
4.000000E-2	4.710000E-12	4.710000E-12	1.199389E-13	1.199389E-13
5.000000E-2	6.390000E-12	6.390000E-12	1.627196E-13	1.627196E-13
6.000000E-2	8.080000E-12	8.080000E-12	2.057550E-13	2.057550E-13
7.000000E-2	9.220000E-12	9.220000E-12	2.347848E-13	2.347848E-13
8.000000E-2	9.970000E-12	9.970000E-12	2.538834E-13	2.538834E-13
9.000000E-2	1.091000E-11	1.091000E-11	2.778202E-13	2.778202E-13
1.000000E-1	1.165000E-11	1.165000E-11	2.966641E-13	2.966641E-13
1.100000E-1	1.272000E-11	1.272000E-11	3.239114E-13	3.239114E-13
1.200000E-1	1.423000E-11	1.423000E-11	3.623631E-13	3.623631E-13
1.300000E-1	1.763000E-11	1.763000E-11	4.489432E-13	4.489432E-13
1.400000E-1	1.769000E-11	1.769000E-11	4.504711E-13	4.504711E-13
1.500000E-1	2.013000E-11	2.013000E-11	5.126050E-13	5.126050E-13
1.600000E-1	2.221000E-11	2.221000E-11	5.655717E-13	5.655717E-13
1.700000E-1	2.171000E-11	2.171000E-11	5.528393E-13	5.528393E-13
1.800000E-1	2.374000E-11	2.374000E-11	6.045327E-13	6.045327E-13
1.900000E-1	2.510000E-11	2.510000E-11	6.391647E-13	6.391647E-13
2.000000E-1	2.486000E-11	2.486000E-11	6.330532E-13	6.330532E-13
2.100000E-1	2.643000E-11	2.643000E-11	6.730328E-13	6.730328E-13
2.200000E-1	2.855000E-11	2.855000E-11	7.270181E-13	7.270181E-13
2.300000E-1	2.873000E-11	2.873000E-11	7.316017E-13	7.316017E-13
2.400000E-1	3.146000E-11	3.146000E-11	8.011204E-13	8.011204E-13
2.500000E-1	3.499000E-11	3.499000E-11	8.910109E-13	8.910109E-13
2.600000E-1	3.772000E-11	3.772000E-11	9.605297E-13	9.605297E-13
2.700000E-1	3.743000E-11	3.743000E-11	9.531449E-13	9.531449E-13
2.800000E-1	3.794000E-11	3.794000E-11	9.661319E-13	9.661319E-13
2.900000E-1	4.052000E-11	4.052000E-11	1.031831E-12	1.031831E-12
3.000000E-1	4.296000E-11	4.296000E-11	1.093965E-12	1.093965E-12
3.100000E-1	4.146000E-11	4.146000E-11	1.055768E-12	1.055768E-12
3.200000E-1	4.344000E-11	4.344000E-11	1.106188E-12	1.106188E-12
3.300000E-1	4.627000E-11	4.627000E-11	1.178253E-12	1.178253E-12
3.400000E-1	5.493000E-11	5.493000E-11	1.398778E-12	1.398778E-12
3.500000E-1	5.896000E-11	5.896000E-11	1.501401E-12	1.501401E-12
3.600000E-1	6.284000E-11	6.284000E-11	1.600204E-12	1.600204E-12
3.700000E-1	6.617000E-11	6.617000E-11	1.685001E-12	1.685001E-12
3.800000E-1	6.718000E-11	6.718000E-11	1.710721E-12	1.710721E-12
3.900000E-1	6.898000E-11	6.898000E-11	1.756557E-12	1.756557E-12
4.000000E-1	7.209000E-11	7.209000E-11	1.835752E-12	1.835752E-12
4.100000E-1	7.588000E-11	7.588000E-11	1.932264E-12	1.932264E-12
4.200000E-1	7.915000E-11	7.915000E-11	2.015533E-12	2.015533E-12
4.300000E-1	8.242000E-11	8.242000E-11	2.098803E-12	2.098803E-12
4.400000E-1	8.510000E-11	8.510000E-11	2.167049E-12	2.167049E-12
4.500000E-1	8.735000E-11	8.735000E-11	2.224344E-12	2.224344E-12
4.600000E-1	9.305000E-11	9.305000E-11	2.369493E-12	2.369493E-12
4.700000E-1	9.654000E-11	9.654000E-11	2.458365E-12	2.458365E-12
4.800000E-1	1.003900E-10	1.003900E-10	2.556404E-12	2.556404E-12
4.900000E-1	1.060600E-10	1.060600E-10	2.700789E-12	2.700789E-12
5.000000E-1	1.090000E-10	1.090000E-10	2.775656E-12	2.775656E-12
