

12:39:05	03/03/21


Ell Cont: 5,0x10,0

SMU1	V name:		V1
	I name:		I1
	Mode:		V
	Function:	VAR1
SMU2	V name:		V2
	I name:		I2
	Mode:		common
	Function:	const.
SMU3	off
SMU4	off
VMUs	off

Primary Source (VAR1):	single
	Sweep Spacing:	linear
	Start:		-0.500000
	Stop:		0.500000
	Step:		0.010000
	Compliance:	0.050000
Power Compliance OFF

Timing:		Integration Time:	medium
	Delay Time (sec):	0.000000
	Hold Time (sec):	0.000000
	Wait Time (sec):	1.000000

Secondary Source (VAR2):	OFF


   V1	   I1	Abs(I)	J (A\µm²)	Abs(J)
-5.000000E-1	-9.636000E-11	9.636000E-11	-2.453781E-12	2.453781E-12
-4.900000E-1	-1.496900E-10	1.496900E-10	-3.811816E-12	3.811816E-12
-4.800000E-1	-8.728000E-11	8.728000E-11	-2.222562E-12	2.222562E-12
-4.700000E-1	-1.704600E-10	1.704600E-10	-4.340718E-12	4.340718E-12
-4.600000E-1	-1.764500E-10	1.764500E-10	-4.493252E-12	4.493252E-12
-4.500000E-1	-1.625600E-10	1.625600E-10	-4.139547E-12	4.139547E-12
-4.400000E-1	-6.233000E-11	6.233000E-11	-1.587217E-12	1.587217E-12
-4.300000E-1	-8.230000E-11	8.230000E-11	-2.095747E-12	2.095747E-12
-4.200000E-1	-8.907000E-11	8.907000E-11	-2.268144E-12	2.268144E-12
-4.100000E-1	-1.252200E-10	1.252200E-10	-3.188694E-12	3.188694E-12
-4.000000E-1	-1.688700E-10	1.688700E-10	-4.300229E-12	4.300229E-12
-3.900000E-1	-1.319900E-10	1.319900E-10	-3.361090E-12	3.361090E-12
-3.800000E-1	-5.967000E-11	5.967000E-11	-1.519481E-12	1.519481E-12
-3.700000E-1	-4.522000E-11	4.522000E-11	-1.151515E-12	1.151515E-12
-3.600000E-1	-5.824000E-11	5.824000E-11	-1.483066E-12	1.483066E-12
-3.500000E-1	-5.503000E-11	5.503000E-11	-1.401324E-12	1.401324E-12
-3.400000E-1	-7.023000E-11	7.023000E-11	-1.788388E-12	1.788388E-12
-3.300000E-1	-9.163000E-11	9.163000E-11	-2.333333E-12	2.333333E-12
-3.200000E-1	-4.235000E-11	4.235000E-11	-1.078431E-12	1.078431E-12
-3.100000E-1	-4.388000E-11	4.388000E-11	-1.117392E-12	1.117392E-12
-3.000000E-1	-5.097000E-11	5.097000E-11	-1.297937E-12	1.297937E-12
-2.900000E-1	-5.095000E-11	5.095000E-11	-1.297428E-12	1.297428E-12
-2.800000E-1	-4.510000E-11	4.510000E-11	-1.148459E-12	1.148459E-12
-2.700000E-1	-4.343000E-11	4.343000E-11	-1.105933E-12	1.105933E-12
-2.600000E-1	-5.643000E-11	5.643000E-11	-1.436975E-12	1.436975E-12
-2.500000E-1	-4.997000E-11	4.997000E-11	-1.272473E-12	1.272473E-12
-2.400000E-1	-3.620000E-11	3.620000E-11	-9.218233E-13	9.218233E-13
-2.300000E-1	-4.808000E-11	4.808000E-11	-1.224344E-12	1.224344E-12
-2.200000E-1	-3.775000E-11	3.775000E-11	-9.612936E-13	9.612936E-13
-2.100000E-1	-3.008000E-11	3.008000E-11	-7.659791E-13	7.659791E-13
-2.000000E-1	-3.657000E-11	3.657000E-11	-9.312452E-13	9.312452E-13
-1.900000E-1	-4.297000E-11	4.297000E-11	-1.094219E-12	1.094219E-12
-1.800000E-1	-2.723000E-11	2.723000E-11	-6.934046E-13	6.934046E-13
-1.700000E-1	-2.423000E-11	2.423000E-11	-6.170104E-13	6.170104E-13
-1.600000E-1	-2.097000E-11	2.097000E-11	-5.339954E-13	5.339954E-13
-1.500000E-1	-1.706000E-11	1.706000E-11	-4.344283E-13	4.344283E-13
-1.400000E-1	-1.553000E-11	1.553000E-11	-3.954673E-13	3.954673E-13
-1.300000E-1	-9.520000E-12	9.520000E-12	-2.424242E-13	2.424242E-13
-1.200000E-1	-8.480000E-12	8.480000E-12	-2.159409E-13	2.159409E-13
-1.100000E-1	-7.840000E-12	7.840000E-12	-1.996435E-13	1.996435E-13
-1.000000E-1	-6.820000E-12	6.820000E-12	-1.736695E-13	1.736695E-13
-9.000000E-2	-6.680000E-12	6.680000E-12	-1.701044E-13	1.701044E-13
-8.000000E-2	-4.840000E-12	4.840000E-12	-1.232493E-13	1.232493E-13
-7.000000E-2	-6.440000E-12	6.440000E-12	-1.639929E-13	1.639929E-13
-6.000000E-2	-4.730000E-12	4.730000E-12	-1.204482E-13	1.204482E-13
-5.000000E-2	-4.870000E-12	4.870000E-12	-1.240132E-13	1.240132E-13
-4.000000E-2	-2.280000E-12	2.280000E-12	-5.805959E-14	5.805959E-14
-3.000000E-2	-2.610000E-12	2.610000E-12	-6.646295E-14	6.646295E-14
-2.000000E-2	-2.580000E-12	2.580000E-12	-6.569901E-14	6.569901E-14
-1.000000E-2	-1.310000E-12	1.310000E-12	-3.335880E-14	3.335880E-14
0.000000E+0	4.000000E-13	4.000000E-13	1.018589E-14	1.018589E-14
1.000000E-2	2.900000E-13	2.900000E-13	7.384772E-15	7.384772E-15
2.000000E-2	7.000000E-14	7.000000E-14	1.782531E-15	1.782531E-15
3.000000E-2	1.970000E-12	1.970000E-12	5.016552E-14	5.016552E-14
4.000000E-2	1.810000E-12	1.810000E-12	4.609116E-14	4.609116E-14
5.000000E-2	2.810000E-12	2.810000E-12	7.155589E-14	7.155589E-14
6.000000E-2	3.810000E-12	3.810000E-12	9.702063E-14	9.702063E-14
7.000000E-2	4.450000E-12	4.450000E-12	1.133181E-13	1.133181E-13
8.000000E-2	5.580000E-12	5.580000E-12	1.420932E-13	1.420932E-13
9.000000E-2	5.720000E-12	5.720000E-12	1.456583E-13	1.456583E-13
1.000000E-1	6.270000E-12	6.270000E-12	1.596639E-13	1.596639E-13
1.100000E-1	7.500000E-12	7.500000E-12	1.909855E-13	1.909855E-13
1.200000E-1	8.490000E-12	8.490000E-12	2.161956E-13	2.161956E-13
1.300000E-1	8.760000E-12	8.760000E-12	2.230710E-13	2.230710E-13
1.400000E-1	9.740000E-12	9.740000E-12	2.480265E-13	2.480265E-13
1.500000E-1	1.031000E-11	1.031000E-11	2.625414E-13	2.625414E-13
1.600000E-1	1.106000E-11	1.106000E-11	2.816399E-13	2.816399E-13
1.700000E-1	1.182000E-11	1.182000E-11	3.009931E-13	3.009931E-13
1.800000E-1	1.250000E-11	1.250000E-11	3.183091E-13	3.183091E-13
1.900000E-1	1.372000E-11	1.372000E-11	3.493761E-13	3.493761E-13
2.000000E-1	1.357000E-11	1.357000E-11	3.455564E-13	3.455564E-13
2.100000E-1	1.522000E-11	1.522000E-11	3.875732E-13	3.875732E-13
2.200000E-1	1.642000E-11	1.642000E-11	4.181309E-13	4.181309E-13
2.300000E-1	1.815000E-11	1.815000E-11	4.621849E-13	4.621849E-13
2.400000E-1	1.785000E-11	1.785000E-11	4.545454E-13	4.545454E-13
2.500000E-1	1.914000E-11	1.914000E-11	4.873950E-13	4.873950E-13
2.600000E-1	2.185000E-11	2.185000E-11	5.564044E-13	5.564044E-13
2.700000E-1	2.337000E-11	2.337000E-11	5.951108E-13	5.951108E-13
2.800000E-1	2.490000E-11	2.490000E-11	6.340718E-13	6.340718E-13
2.900000E-1	2.727000E-11	2.727000E-11	6.944232E-13	6.944232E-13
3.000000E-1	2.647000E-11	2.647000E-11	6.740514E-13	6.740514E-13
3.100000E-1	2.745000E-11	2.745000E-11	6.990069E-13	6.990069E-13
3.200000E-1	3.405000E-11	3.405000E-11	8.670741E-13	8.670741E-13
3.300000E-1	3.444000E-11	3.444000E-11	8.770053E-13	8.770053E-13
3.400000E-1	3.881000E-11	3.881000E-11	9.882862E-13	9.882862E-13
3.500000E-1	3.738000E-11	3.738000E-11	9.518716E-13	9.518716E-13
3.600000E-1	4.272000E-11	4.272000E-11	1.087853E-12	1.087853E-12
3.700000E-1	6.349000E-11	6.349000E-11	1.616756E-12	1.616756E-12
3.800000E-1	4.493000E-11	4.493000E-11	1.144130E-12	1.144130E-12
3.900000E-1	4.601000E-11	4.601000E-11	1.171632E-12	1.171632E-12
4.000000E-1	4.867000E-11	4.867000E-11	1.239368E-12	1.239368E-12
4.100000E-1	5.309000E-11	5.309000E-11	1.351923E-12	1.351923E-12
4.200000E-1	5.732000E-11	5.732000E-11	1.459638E-12	1.459638E-12
4.300000E-1	5.621000E-11	5.621000E-11	1.431373E-12	1.431373E-12
4.400000E-1	6.242000E-11	6.242000E-11	1.589509E-12	1.589509E-12
4.500000E-1	6.584000E-11	6.584000E-11	1.676598E-12	1.676598E-12
4.600000E-1	6.854000E-11	6.854000E-11	1.745353E-12	1.745353E-12
4.700000E-1	7.310000E-11	7.310000E-11	1.861472E-12	1.861472E-12
4.800000E-1	7.535000E-11	7.535000E-11	1.918767E-12	1.918767E-12
4.900000E-1	7.422000E-11	7.422000E-11	1.889992E-12	1.889992E-12
5.000000E-1	8.647000E-11	8.647000E-11	2.201935E-12	2.201935E-12
