

12:24:18	03/03/21


Ell Cont: 5,0x10,0

SMU1	V name:		V1
	I name:		I1
	Mode:		V
	Function:	VAR1
SMU2	V name:		V2
	I name:		I2
	Mode:		common
	Function:	const.
SMU3	off
SMU4	off
VMUs	off

Primary Source (VAR1):	single
	Sweep Spacing:	linear
	Start:		-0.500000
	Stop:		0.500000
	Step:		0.010000
	Compliance:	0.050000
Power Compliance OFF

Timing:		Integration Time:	medium
	Delay Time (sec):	0.000000
	Hold Time (sec):	0.000000
	Wait Time (sec):	1.000000

Secondary Source (VAR2):	OFF


   V1	   I1	Abs(I)	J (A\µm²)	Abs(J)
-5.000000E-1	-7.771870E-7	7.771870E-7	-1.979086E-8	1.979086E-8
-4.900000E-1	-7.732190E-7	7.732190E-7	-1.968981E-8	1.968981E-8
-4.800000E-1	-7.632680E-7	7.632680E-7	-1.943641E-8	1.943641E-8
-4.700000E-1	-7.565760E-7	7.565760E-7	-1.926600E-8	1.926600E-8
-4.600000E-1	-7.437550E-7	7.437550E-7	-1.893952E-8	1.893952E-8
-4.500000E-1	-7.030560E-7	7.030560E-7	-1.790313E-8	1.790313E-8
-4.400000E-1	-6.653560E-7	6.653560E-7	-1.694311E-8	1.694311E-8
-4.300000E-1	-6.459640E-7	6.459640E-7	-1.644930E-8	1.644930E-8
-4.200000E-1	-6.405370E-7	6.405370E-7	-1.631110E-8	1.631110E-8
-4.100000E-1	-6.205040E-7	6.205040E-7	-1.580097E-8	1.580097E-8
-4.000000E-1	-5.859900E-7	5.859900E-7	-1.492208E-8	1.492208E-8
-3.900000E-1	-5.994330E-7	5.994330E-7	-1.526440E-8	1.526440E-8
-3.800000E-1	-5.571290E-7	5.571290E-7	-1.418714E-8	1.418714E-8
-3.700000E-1	-5.388360E-7	5.388360E-7	-1.372131E-8	1.372131E-8
-3.600000E-1	-5.285020E-7	5.285020E-7	-1.345816E-8	1.345816E-8
-3.500000E-1	-5.025930E-7	5.025930E-7	-1.279840E-8	1.279840E-8
-3.400000E-1	-5.200360E-7	5.200360E-7	-1.324258E-8	1.324258E-8
-3.300000E-1	-4.588570E-7	4.588570E-7	-1.168467E-8	1.168467E-8
-3.200000E-1	-4.485830E-7	4.485830E-7	-1.142305E-8	1.142305E-8
-3.100000E-1	-4.490180E-7	4.490180E-7	-1.143412E-8	1.143412E-8
-3.000000E-1	-4.301890E-7	4.301890E-7	-1.095465E-8	1.095465E-8
-2.900000E-1	-4.008630E-7	4.008630E-7	-1.020787E-8	1.020787E-8
-2.800000E-1	-3.959170E-7	3.959170E-7	-1.008192E-8	1.008192E-8
-2.700000E-1	-3.728820E-7	3.728820E-7	-9.495340E-9	9.495340E-9
-2.600000E-1	-3.660050E-7	3.660050E-7	-9.320219E-9	9.320219E-9
-2.500000E-1	-3.489520E-7	3.489520E-7	-8.885969E-9	8.885969E-9
-2.400000E-1	-3.365670E-7	3.365670E-7	-8.570588E-9	8.570588E-9
-2.300000E-1	-3.092010E-7	3.092010E-7	-7.873720E-9	7.873720E-9
-2.200000E-1	-2.926590E-7	2.926590E-7	-7.452483E-9	7.452483E-9
-2.100000E-1	-2.914680E-7	2.914680E-7	-7.422154E-9	7.422154E-9
-2.000000E-1	-2.663050E-7	2.663050E-7	-6.781385E-9	6.781385E-9
-1.900000E-1	-2.448680E-7	2.448680E-7	-6.235498E-9	6.235498E-9
-1.800000E-1	-2.347840E-7	2.347840E-7	-5.978711E-9	5.978711E-9
-1.700000E-1	-2.236960E-7	2.236960E-7	-5.696358E-9	5.696358E-9
-1.600000E-1	-2.168510E-7	2.168510E-7	-5.522052E-9	5.522052E-9
-1.500000E-1	-1.926720E-7	1.926720E-7	-4.906341E-9	4.906341E-9
-1.400000E-1	-1.829860E-7	1.829860E-7	-4.659689E-9	4.659689E-9
-1.300000E-1	-1.638100E-7	1.638100E-7	-4.171378E-9	4.171378E-9
-1.200000E-1	-1.534850E-7	1.534850E-7	-3.908454E-9	3.908454E-9
-1.100000E-1	-1.549930E-7	1.549930E-7	-3.946855E-9	3.946855E-9
-1.000000E-1	-1.331560E-7	1.331560E-7	-3.390782E-9	3.390782E-9
-9.000000E-2	-1.223450E-7	1.223450E-7	-3.115483E-9	3.115483E-9
-8.000000E-2	-1.081720E-7	1.081720E-7	-2.754571E-9	2.754571E-9
-7.000000E-2	-9.433990E-8	9.433990E-8	-2.402340E-9	2.402340E-9
-6.000000E-2	-8.051730E-8	8.051730E-8	-2.050351E-9	2.050351E-9
-5.000000E-2	-6.571110E-8	6.571110E-8	-1.673315E-9	1.673315E-9
-4.000000E-2	-5.142290E-8	5.142290E-8	-1.309470E-9	1.309470E-9
-3.000000E-2	-3.919290E-8	3.919290E-8	-9.980367E-10	9.980367E-10
-2.000000E-2	-2.470130E-8	2.470130E-8	-6.290120E-10	6.290120E-10
-1.000000E-2	-1.250680E-8	1.250680E-8	-3.184823E-10	3.184823E-10
0.000000E+0	7.180000E-11	7.180000E-11	1.828368E-12	1.828368E-12
1.000000E-2	1.303140E-8	1.303140E-8	3.318411E-10	3.318411E-10
2.000000E-2	2.712150E-8	2.712150E-8	6.906417E-10	6.906417E-10
3.000000E-2	3.928280E-8	3.928280E-8	1.000326E-9	1.000326E-9
4.000000E-2	5.233000E-8	5.233000E-8	1.332569E-9	1.332569E-9
5.000000E-2	6.516090E-8	6.516090E-8	1.659305E-9	1.659305E-9
6.000000E-2	7.786320E-8	7.786320E-8	1.982765E-9	1.982765E-9
7.000000E-2	8.942260E-8	8.942260E-8	2.277122E-9	2.277122E-9
8.000000E-2	1.032860E-7	1.032860E-7	2.630150E-9	2.630150E-9
9.000000E-2	1.167110E-7	1.167110E-7	2.972014E-9	2.972014E-9
1.000000E-1	1.327990E-7	1.327990E-7	3.381691E-9	3.381691E-9
1.100000E-1	1.396800E-7	1.396800E-7	3.556914E-9	3.556914E-9
1.200000E-1	1.479860E-7	1.479860E-7	3.768424E-9	3.768424E-9
1.300000E-1	1.674980E-7	1.674980E-7	4.265292E-9	4.265292E-9
1.400000E-1	1.781440E-7	1.781440E-7	4.536389E-9	4.536389E-9
1.500000E-1	1.991910E-7	1.991910E-7	5.072345E-9	5.072345E-9
1.600000E-1	2.061120E-7	2.061120E-7	5.248587E-9	5.248587E-9
1.700000E-1	2.219410E-7	2.219410E-7	5.651668E-9	5.651668E-9
1.800000E-1	2.321460E-7	2.321460E-7	5.911535E-9	5.911535E-9
1.900000E-1	2.408410E-7	2.408410E-7	6.132951E-9	6.132951E-9
2.000000E-1	2.617410E-7	2.617410E-7	6.665164E-9	6.665164E-9
2.100000E-1	2.738760E-7	2.738760E-7	6.974179E-9	6.974179E-9
2.200000E-1	2.890310E-7	2.890310E-7	7.360097E-9	7.360097E-9
2.300000E-1	3.056560E-7	3.056560E-7	7.783448E-9	7.783448E-9
2.400000E-1	3.212080E-7	3.212080E-7	8.179475E-9	8.179475E-9
2.500000E-1	3.488820E-7	3.488820E-7	8.884186E-9	8.884186E-9
2.600000E-1	3.424690E-7	3.424690E-7	8.720881E-9	8.720881E-9
2.700000E-1	3.664600E-7	3.664600E-7	9.331805E-9	9.331805E-9
2.800000E-1	3.723020E-7	3.723020E-7	9.480570E-9	9.480570E-9
2.900000E-1	3.896230E-7	3.896230E-7	9.921645E-9	9.921645E-9
3.000000E-1	4.091970E-7	4.091970E-7	1.042009E-8	1.042009E-8
3.100000E-1	4.223390E-7	4.223390E-7	1.075475E-8	1.075475E-8
3.200000E-1	4.371960E-7	4.371960E-7	1.113308E-8	1.113308E-8
3.300000E-1	4.597560E-7	4.597560E-7	1.170756E-8	1.170756E-8
3.400000E-1	4.704030E-7	4.704030E-7	1.197869E-8	1.197869E-8
3.500000E-1	4.887020E-7	4.887020E-7	1.244466E-8	1.244466E-8
3.600000E-1	5.117650E-7	5.117650E-7	1.303196E-8	1.303196E-8
3.700000E-1	5.338000E-7	5.338000E-7	1.359307E-8	1.359307E-8
3.800000E-1	5.437060E-7	5.437060E-7	1.384533E-8	1.384533E-8
3.900000E-1	5.684570E-7	5.684570E-7	1.447560E-8	1.447560E-8
4.000000E-1	5.974960E-7	5.974960E-7	1.521507E-8	1.521507E-8
4.100000E-1	5.827270E-7	5.827270E-7	1.483899E-8	1.483899E-8
4.200000E-1	6.053390E-7	6.053390E-7	1.541479E-8	1.541479E-8
4.300000E-1	6.380860E-7	6.380860E-7	1.624869E-8	1.624869E-8
4.400000E-1	6.434140E-7	6.434140E-7	1.638436E-8	1.638436E-8
4.500000E-1	6.571060E-7	6.571060E-7	1.673303E-8	1.673303E-8
4.600000E-1	6.753900E-7	6.753900E-7	1.719862E-8	1.719862E-8
4.700000E-1	7.062890E-7	7.062890E-7	1.798546E-8	1.798546E-8
4.800000E-1	7.189300E-7	7.189300E-7	1.830736E-8	1.830736E-8
4.900000E-1	7.285440E-7	7.285440E-7	1.855218E-8	1.855218E-8
5.000000E-1	7.601020E-7	7.601020E-7	1.935579E-8	1.935579E-8
