

12:44:58	03/03/21


Ell Cont: 5,0x10,0

SMU1	V name:		V1
	I name:		I1
	Mode:		V
	Function:	VAR1
SMU2	V name:		V2
	I name:		I2
	Mode:		common
	Function:	const.
SMU3	off
SMU4	off
VMUs	off

Primary Source (VAR1):	single
	Sweep Spacing:	linear
	Start:		-0.500000
	Stop:		0.500000
	Step:		0.010000
	Compliance:	0.050000
Power Compliance OFF

Timing:		Integration Time:	medium
	Delay Time (sec):	0.000000
	Hold Time (sec):	0.000000
	Wait Time (sec):	1.000000

Secondary Source (VAR2):	OFF


   V1	   I1	Abs(I)	J (A\µm²)	Abs(J)
-5.000000E-1	-8.915290E-9	8.915290E-9	-2.270255E-10	2.270255E-10
-4.900000E-1	-6.360550E-9	6.360550E-9	-1.619697E-10	1.619697E-10
-4.800000E-1	-5.641290E-9	5.641290E-9	-1.436539E-10	1.436539E-10
-4.700000E-1	-5.648330E-9	5.648330E-9	-1.438332E-10	1.438332E-10
-4.600000E-1	-5.825650E-9	5.825650E-9	-1.483486E-10	1.483486E-10
-4.500000E-1	-6.875780E-9	6.875780E-9	-1.750899E-10	1.750899E-10
-4.400000E-1	-6.615530E-9	6.615530E-9	-1.684627E-10	1.684627E-10
-4.300000E-1	-7.049110E-9	7.049110E-9	-1.795037E-10	1.795037E-10
-4.200000E-1	-6.251440E-9	6.251440E-9	-1.591912E-10	1.591912E-10
-4.100000E-1	-6.200320E-9	6.200320E-9	-1.578895E-10	1.578895E-10
-4.000000E-1	-5.842500E-9	5.842500E-9	-1.487777E-10	1.487777E-10
-3.900000E-1	-5.434400E-9	5.434400E-9	-1.383855E-10	1.383855E-10
-3.800000E-1	-5.371500E-9	5.371500E-9	-1.367838E-10	1.367838E-10
-3.700000E-1	-5.310540E-9	5.310540E-9	-1.352315E-10	1.352315E-10
-3.600000E-1	-5.260010E-9	5.260010E-9	-1.339447E-10	1.339447E-10
-3.500000E-1	-4.679810E-9	4.679810E-9	-1.191701E-10	1.191701E-10
-3.400000E-1	-4.457580E-9	4.457580E-9	-1.135111E-10	1.135111E-10
-3.300000E-1	-4.034500E-9	4.034500E-9	-1.027375E-10	1.027375E-10
-3.200000E-1	-3.804980E-9	3.804980E-9	-9.689279E-11	9.689279E-11
-3.100000E-1	-3.716360E-9	3.716360E-9	-9.463611E-11	9.463611E-11
-3.000000E-1	-3.702760E-9	3.702760E-9	-9.428979E-11	9.428979E-11
-2.900000E-1	-3.690150E-9	3.690150E-9	-9.396868E-11	9.396868E-11
-2.800000E-1	-3.594470E-9	3.594470E-9	-9.153221E-11	9.153221E-11
-2.700000E-1	-3.311990E-9	3.311990E-9	-8.433893E-11	8.433893E-11
-2.600000E-1	-3.186920E-9	3.186920E-9	-8.115406E-11	8.115406E-11
-2.500000E-1	-2.921130E-9	2.921130E-9	-7.438579E-11	7.438579E-11
-2.400000E-1	-2.691830E-9	2.691830E-9	-6.854673E-11	6.854673E-11
-2.300000E-1	-2.680690E-9	2.680690E-9	-6.826305E-11	6.826305E-11
-2.200000E-1	-2.396300E-9	2.396300E-9	-6.102114E-11	6.102114E-11
-2.100000E-1	-2.270250E-9	2.270250E-9	-5.781131E-11	5.781131E-11
-2.000000E-1	-2.131380E-9	2.131380E-9	-5.427502E-11	5.427502E-11
-1.900000E-1	-2.029300E-9	2.029300E-9	-5.167558E-11	5.167558E-11
-1.800000E-1	-1.924160E-9	1.924160E-9	-4.899822E-11	4.899822E-11
-1.700000E-1	-1.805880E-9	1.805880E-9	-4.598625E-11	4.598625E-11
-1.600000E-1	-1.704860E-9	1.704860E-9	-4.341380E-11	4.341380E-11
-1.500000E-1	-1.579250E-9	1.579250E-9	-4.021518E-11	4.021518E-11
-1.400000E-1	-1.462390E-9	1.462390E-9	-3.723937E-11	3.723937E-11
-1.300000E-1	-1.354430E-9	1.354430E-9	-3.449020E-11	3.449020E-11
-1.200000E-1	-1.236240E-9	1.236240E-9	-3.148052E-11	3.148052E-11
-1.100000E-1	-1.136100E-9	1.136100E-9	-2.893048E-11	2.893048E-11
-1.000000E-1	-1.049710E-9	1.049710E-9	-2.673058E-11	2.673058E-11
-9.000000E-2	-9.153400E-10	9.153400E-10	-2.330889E-11	2.330889E-11
-8.000000E-2	-8.167600E-10	8.167600E-10	-2.079857E-11	2.079857E-11
-7.000000E-2	-7.094300E-10	7.094300E-10	-1.806544E-11	1.806544E-11
-6.000000E-2	-6.115700E-10	6.115700E-10	-1.557347E-11	1.557347E-11
-5.000000E-2	-5.131000E-10	5.131000E-10	-1.306595E-11	1.306595E-11
-4.000000E-2	-4.171900E-10	4.171900E-10	-1.062363E-11	1.062363E-11
-3.000000E-2	-3.184400E-10	3.184400E-10	-8.108989E-12	8.108989E-12
-2.000000E-2	-2.033600E-10	2.033600E-10	-5.178508E-12	5.178508E-12
-1.000000E-2	-1.038400E-10	1.038400E-10	-2.644258E-12	2.644258E-12
0.000000E+0	5.300000E-13	5.300000E-13	1.349631E-14	1.349631E-14
1.000000E-2	1.021400E-10	1.021400E-10	2.600968E-12	2.600968E-12
2.000000E-2	2.064900E-10	2.064900E-10	5.258212E-12	5.258212E-12
3.000000E-2	3.113400E-10	3.113400E-10	7.928189E-12	7.928189E-12
4.000000E-2	4.214800E-10	4.214800E-10	1.073287E-11	1.073287E-11
5.000000E-2	5.254400E-10	5.254400E-10	1.338019E-11	1.338019E-11
6.000000E-2	6.447900E-10	6.447900E-10	1.641940E-11	1.641940E-11
7.000000E-2	7.355800E-10	7.355800E-10	1.873135E-11	1.873135E-11
8.000000E-2	8.624700E-10	8.624700E-10	2.196257E-11	2.196257E-11
9.000000E-2	9.580100E-10	9.580100E-10	2.439547E-11	2.439547E-11
1.000000E-1	1.072130E-9	1.072130E-9	2.730150E-11	2.730150E-11
1.100000E-1	1.187240E-9	1.187240E-9	3.023275E-11	3.023275E-11
1.200000E-1	1.275680E-9	1.275680E-9	3.248485E-11	3.248485E-11
1.300000E-1	1.390130E-9	1.390130E-9	3.539929E-11	3.539929E-11
1.400000E-1	1.536930E-9	1.536930E-9	3.913751E-11	3.913751E-11
1.500000E-1	1.653260E-9	1.653260E-9	4.209982E-11	4.209982E-11
1.600000E-1	1.746680E-9	1.746680E-9	4.447874E-11	4.447874E-11
1.700000E-1	1.877520E-9	1.877520E-9	4.781054E-11	4.781054E-11
1.800000E-1	2.010810E-9	2.010810E-9	5.120474E-11	5.120474E-11
1.900000E-1	2.182960E-9	2.182960E-9	5.558849E-11	5.558849E-11
2.000000E-1	2.288550E-9	2.288550E-9	5.827731E-11	5.827731E-11
2.100000E-1	2.425930E-9	2.425930E-9	6.177565E-11	6.177565E-11
2.200000E-1	2.406030E-9	2.406030E-9	6.126891E-11	6.126891E-11
2.300000E-1	2.508510E-9	2.508510E-9	6.387853E-11	6.387853E-11
2.400000E-1	2.685600E-9	2.685600E-9	6.838808E-11	6.838808E-11
2.500000E-1	2.755750E-9	2.755750E-9	7.017443E-11	7.017443E-11
2.600000E-1	2.879130E-9	2.879130E-9	7.331627E-11	7.331627E-11
2.700000E-1	2.997500E-9	2.997500E-9	7.633053E-11	7.633053E-11
2.800000E-1	3.139640E-9	3.139640E-9	7.995009E-11	7.995009E-11
2.900000E-1	3.359170E-9	3.359170E-9	8.554036E-11	8.554036E-11
3.000000E-1	3.480330E-9	3.480330E-9	8.862567E-11	8.862567E-11
3.100000E-1	3.640320E-9	3.640320E-9	9.269977E-11	9.269977E-11
3.200000E-1	3.707590E-9	3.707590E-9	9.441278E-11	9.441278E-11
3.300000E-1	3.833720E-9	3.833720E-9	9.762465E-11	9.762465E-11
3.400000E-1	4.041160E-9	4.041160E-9	1.029071E-10	1.029071E-10
3.500000E-1	4.059990E-9	4.059990E-9	1.033866E-10	1.033866E-10
3.600000E-1	4.265830E-9	4.265830E-9	1.086282E-10	1.086282E-10
3.700000E-1	4.392340E-9	4.392340E-9	1.118498E-10	1.118498E-10
3.800000E-1	4.363780E-9	4.363780E-9	1.111225E-10	1.111225E-10
3.900000E-1	4.458970E-9	4.458970E-9	1.135465E-10	1.135465E-10
4.000000E-1	4.575450E-9	4.575450E-9	1.165126E-10	1.165126E-10
4.100000E-1	4.751540E-9	4.751540E-9	1.209967E-10	1.209967E-10
4.200000E-1	4.953150E-9	4.953150E-9	1.261306E-10	1.261306E-10
4.300000E-1	5.053570E-9	5.053570E-9	1.286878E-10	1.286878E-10
4.400000E-1	5.260160E-9	5.260160E-9	1.339486E-10	1.339486E-10
4.500000E-1	5.377800E-9	5.377800E-9	1.369442E-10	1.369442E-10
4.600000E-1	5.454020E-9	5.454020E-9	1.388852E-10	1.388852E-10
4.700000E-1	5.775780E-9	5.775780E-9	1.470787E-10	1.470787E-10
4.800000E-1	6.039230E-9	6.039230E-9	1.537874E-10	1.537874E-10
4.900000E-1	6.243690E-9	6.243690E-9	1.589939E-10	1.589939E-10
5.000000E-1	6.080520E-9	6.080520E-9	1.548388E-10	1.548388E-10
