

12:17:43	03/03/21


Ell Cont: 5,0x10,0

SMU1	V name:		V1
	I name:		I1
	Mode:		V
	Function:	VAR1
SMU2	V name:		V2
	I name:		I2
	Mode:		common
	Function:	const.
SMU3	off
SMU4	off
VMUs	off

Primary Source (VAR1):	single
	Sweep Spacing:	linear
	Start:		-0.500000
	Stop:		0.500000
	Step:		0.010000
	Compliance:	0.050000
Power Compliance OFF

Timing:		Integration Time:	medium
	Delay Time (sec):	0.000000
	Hold Time (sec):	0.000000
	Wait Time (sec):	1.000000

Secondary Source (VAR2):	OFF


   V1	   I1	Abs(I)	J (A\um²)	Abs(J)
-5.000000E-1	-4.680000E-12	4.680000E-12	-1.191749E-13	1.191749E-13
-4.900000E-1	-2.000000E-12	2.000000E-12	-5.092946E-14	5.092946E-14
-4.800000E-1	3.450000E-12	3.450000E-12	8.785332E-14	8.785332E-14
-4.700000E-1	4.850000E-12	4.850000E-12	1.235039E-13	1.235039E-13
-4.600000E-1	1.610000E-12	1.610000E-12	4.099822E-14	4.099822E-14
-4.500000E-1	8.370000E-12	8.370000E-12	2.131398E-13	2.131398E-13
-4.400000E-1	5.830000E-12	5.830000E-12	1.484594E-13	1.484594E-13
-4.300000E-1	-7.540000E-12	7.540000E-12	-1.920041E-13	1.920041E-13
-4.200000E-1	3.120000E-12	3.120000E-12	7.944996E-14	7.944996E-14
-4.100000E-1	-3.250000E-12	3.250000E-12	-8.276038E-14	8.276038E-14
-4.000000E-1	4.150000E-12	4.150000E-12	1.056786E-13	1.056786E-13
-3.900000E-1	1.084000E-11	1.084000E-11	2.760377E-13	2.760377E-13
-3.800000E-1	1.523000E-11	1.523000E-11	3.878279E-13	3.878279E-13
-3.700000E-1	8.790000E-12	8.790000E-12	2.238350E-13	2.238350E-13
-3.600000E-1	-3.440000E-12	3.440000E-12	-8.759867E-14	8.759867E-14
-3.500000E-1	-8.800000E-13	8.800000E-13	-2.240896E-14	2.240896E-14
-3.400000E-1	-1.900000E-13	1.900000E-13	-4.838299E-15	4.838299E-15
-3.300000E-1	-7.000000E-14	7.000000E-14	-1.782531E-15	1.782531E-15
-3.200000E-1	-8.100000E-13	8.100000E-13	-2.062643E-14	2.062643E-14
-3.100000E-1	-1.710000E-12	1.710000E-12	-4.354469E-14	4.354469E-14
-3.000000E-1	-3.200000E-13	3.200000E-13	-8.148714E-15	8.148714E-15
-2.900000E-1	-1.320000E-12	1.320000E-12	-3.361344E-14	3.361344E-14
-2.800000E-1	-1.900000E-12	1.900000E-12	-4.838299E-14	4.838299E-14
-2.700000E-1	-1.110000E-12	1.110000E-12	-2.826585E-14	2.826585E-14
-2.600000E-1	-5.200000E-13	5.200000E-13	-1.324166E-14	1.324166E-14
-2.500000E-1	-5.800000E-13	5.800000E-13	-1.476954E-14	1.476954E-14
-2.400000E-1	4.800000E-13	4.800000E-13	1.222307E-14	1.222307E-14
-2.300000E-1	2.700000E-13	2.700000E-13	6.875477E-15	6.875477E-15
-2.200000E-1	-3.300000E-13	3.300000E-13	-8.403361E-15	8.403361E-15
-2.100000E-1	-3.200000E-13	3.200000E-13	-8.148714E-15	8.148714E-15
-2.000000E-1	-4.000000E-13	4.000000E-13	-1.018589E-14	1.018589E-14
-1.900000E-1	-6.000000E-14	6.000000E-14	-1.527884E-15	1.527884E-15
-1.800000E-1	1.400000E-13	1.400000E-13	3.565062E-15	3.565062E-15
-1.700000E-1	6.900000E-13	6.900000E-13	1.757066E-14	1.757066E-14
-1.600000E-1	1.100000E-13	1.100000E-13	2.801120E-15	2.801120E-15
-1.500000E-1	-4.800000E-13	4.800000E-13	-1.222307E-14	1.222307E-14
-1.400000E-1	-3.200000E-13	3.200000E-13	-8.148714E-15	8.148714E-15
-1.300000E-1	3.400000E-13	3.400000E-13	8.658009E-15	8.658009E-15
-1.200000E-1	-9.800000E-13	9.800000E-13	-2.495544E-14	2.495544E-14
-1.100000E-1	-2.100000E-12	2.100000E-12	-5.347594E-14	5.347594E-14
-1.000000E-1	3.900000E-13	3.900000E-13	9.931245E-15	9.931245E-15
-9.000000E-2	-1.200000E-13	1.200000E-13	-3.055768E-15	3.055768E-15
-8.000000E-2	-1.000000E-14	1.000000E-14	-2.546473E-16	2.546473E-16
-7.000000E-2	-5.100000E-13	5.100000E-13	-1.298701E-14	1.298701E-14
-6.000000E-2	2.300000E-13	2.300000E-13	5.856888E-15	5.856888E-15
-5.000000E-2	-1.500000E-13	1.500000E-13	-3.819710E-15	3.819710E-15
-4.000000E-2	1.800000E-13	1.800000E-13	4.583652E-15	4.583652E-15
-3.000000E-2	-1.900000E-13	1.900000E-13	-4.838299E-15	4.838299E-15
-2.000000E-2	-5.500000E-13	5.500000E-13	-1.400560E-14	1.400560E-14
-1.000000E-2	1.600000E-13	1.600000E-13	4.074357E-15	4.074357E-15
0.000000E+0	-2.300000E-13	2.300000E-13	-5.856888E-15	5.856888E-15
1.000000E-2	-2.900000E-13	2.900000E-13	-7.384772E-15	7.384772E-15
2.000000E-2	-1.800000E-13	1.800000E-13	-4.583652E-15	4.583652E-15
3.000000E-2	3.300000E-13	3.300000E-13	8.403361E-15	8.403361E-15
4.000000E-2	2.700000E-13	2.700000E-13	6.875477E-15	6.875477E-15
5.000000E-2	-2.600000E-13	2.600000E-13	-6.620830E-15	6.620830E-15
6.000000E-2	6.000000E-14	6.000000E-14	1.527884E-15	1.527884E-15
7.000000E-2	3.400000E-13	3.400000E-13	8.658009E-15	8.658009E-15
8.000000E-2	-1.600000E-13	1.600000E-13	-4.074357E-15	4.074357E-15
9.000000E-2	1.900000E-13	1.900000E-13	4.838299E-15	4.838299E-15
1.000000E-1	-1.100000E-13	1.100000E-13	-2.801120E-15	2.801120E-15
1.100000E-1	-9.000000E-14	9.000000E-14	-2.291826E-15	2.291826E-15
1.200000E-1	6.100000E-13	6.100000E-13	1.553349E-14	1.553349E-14
1.300000E-1	2.600000E-13	2.600000E-13	6.620830E-15	6.620830E-15
1.400000E-1	5.000000E-14	5.000000E-14	1.273237E-15	1.273237E-15
1.500000E-1	-4.400000E-13	4.400000E-13	-1.120448E-14	1.120448E-14
1.600000E-1	2.900000E-13	2.900000E-13	7.384772E-15	7.384772E-15
1.700000E-1	-3.100000E-13	3.100000E-13	-7.894067E-15	7.894067E-15
1.800000E-1	5.700000E-13	5.700000E-13	1.451490E-14	1.451490E-14
1.900000E-1	-4.900000E-13	4.900000E-13	-1.247772E-14	1.247772E-14
2.000000E-1	2.100000E-13	2.100000E-13	5.347594E-15	5.347594E-15
2.100000E-1	-2.300000E-13	2.300000E-13	-5.856888E-15	5.856888E-15
2.200000E-1	4.000000E-14	4.000000E-14	1.018589E-15	1.018589E-15
2.300000E-1	-6.000000E-14	6.000000E-14	-1.527884E-15	1.527884E-15
2.400000E-1	7.000000E-14	7.000000E-14	1.782531E-15	1.782531E-15
2.500000E-1	2.300000E-13	2.300000E-13	5.856888E-15	5.856888E-15
2.600000E-1	-1.500000E-13	1.500000E-13	-3.819710E-15	3.819710E-15
2.700000E-1	1.700000E-13	1.700000E-13	4.329004E-15	4.329004E-15
2.800000E-1	2.500000E-13	2.500000E-13	6.366183E-15	6.366183E-15
2.900000E-1	1.100000E-13	1.100000E-13	2.801120E-15	2.801120E-15
3.000000E-1	1.000000E-14	1.000000E-14	2.546473E-16	2.546473E-16
3.100000E-1	-7.000000E-14	7.000000E-14	-1.782531E-15	1.782531E-15
3.200000E-1	-5.700000E-13	5.700000E-13	-1.451490E-14	1.451490E-14
3.300000E-1	0.000000E+0	0.000000E+0	0.000000E+0	0.000000E+0
3.400000E-1	5.800000E-13	5.800000E-13	1.476954E-14	1.476954E-14
3.500000E-1	-6.400000E-13	6.400000E-13	-1.629743E-14	1.629743E-14
3.600000E-1	7.700000E-13	7.700000E-13	1.960784E-14	1.960784E-14
3.700000E-1	7.600000E-13	7.600000E-13	1.935320E-14	1.935320E-14
3.800000E-1	-3.900000E-13	3.900000E-13	-9.931245E-15	9.931245E-15
3.900000E-1	6.600000E-13	6.600000E-13	1.680672E-14	1.680672E-14
4.000000E-1	2.400000E-13	2.400000E-13	6.111535E-15	6.111535E-15
4.100000E-1	-3.300000E-13	3.300000E-13	-8.403361E-15	8.403361E-15
4.200000E-1	6.000000E-14	6.000000E-14	1.527884E-15	1.527884E-15
4.300000E-1	-1.100000E-13	1.100000E-13	-2.801120E-15	2.801120E-15
4.400000E-1	3.900000E-13	3.900000E-13	9.931245E-15	9.931245E-15
4.500000E-1	1.300000E-13	1.300000E-13	3.310415E-15	3.310415E-15
4.600000E-1	-3.100000E-13	3.100000E-13	-7.894067E-15	7.894067E-15
4.700000E-1	4.100000E-13	4.100000E-13	1.044054E-14	1.044054E-14
4.800000E-1	-1.600000E-13	1.600000E-13	-4.074357E-15	4.074357E-15
4.900000E-1	3.000000E-14	3.000000E-14	7.639419E-16	7.639419E-16
5.000000E-1	6.100000E-13	6.100000E-13	1.553349E-14	1.553349E-14
