

12:08:17	03/03/21


Ell Cont: 5,0x10,0

SMU1	V name:		V1
	I name:		I1
	Mode:		V
	Function:	VAR1
SMU2	V name:		V2
	I name:		I2
	Mode:		common
	Function:	const.
SMU3	off
SMU4	off
VMUs	off

Primary Source (VAR1):	single
	Sweep Spacing:	linear
	Start:		-1.500000
	Stop:		1.500000
	Step:		0.010000
	Compliance:	0.050000
Power Compliance OFF

Timing:		Integration Time:	medium
	Delay Time (sec):	0.000000
	Hold Time (sec):	0.000000
	Wait Time (sec):	1.000000

Secondary Source (VAR2):	OFF


   V1	   I1	Abs(I)	J (A\µm²)	Abs(J)
-1.500000E+0	-4.998040E-2	4.998040E-2	-1.272737E-3	1.272737E-3
-1.490000E+0	-5.000100E-2	5.000100E-2	-1.273262E-3	1.273262E-3
-1.480000E+0	-4.989850E-2	4.989850E-2	-1.270652E-3	1.270652E-3
-1.470000E+0	-4.766450E-2	4.766450E-2	-1.213764E-3	1.213764E-3
-1.460000E+0	-5.000090E-2	5.000090E-2	-1.273259E-3	1.273259E-3
-1.450000E+0	-5.000040E-2	5.000040E-2	-1.273247E-3	1.273247E-3
-1.440000E+0	-5.000070E-2	5.000070E-2	-1.273254E-3	1.273254E-3
-1.430000E+0	-4.730020E-2	4.730020E-2	-1.204487E-3	1.204487E-3
-1.420000E+0	-2.802640E-2	2.802640E-2	-7.136847E-4	7.136847E-4
-1.410000E+0	-2.174480E-2	2.174480E-2	-5.537255E-4	5.537255E-4
-1.400000E+0	-1.889840E-2	1.889840E-2	-4.812427E-4	4.812427E-4
-1.390000E+0	-1.788270E-2	1.788270E-2	-4.553781E-4	4.553781E-4
-1.380000E+0	-2.522220E-2	2.522220E-2	-6.422765E-4	6.422765E-4
-1.370000E+0	-3.961830E-2	3.961830E-2	-1.008869E-3	1.008869E-3
-1.360000E+0	-1.885070E-2	1.885070E-2	-4.800280E-4	4.800280E-4
-1.350000E+0	-1.802480E-2	1.802480E-2	-4.589967E-4	4.589967E-4
-1.340000E+0	-1.743700E-2	1.743700E-2	-4.440285E-4	4.440285E-4
-1.330000E+0	-2.277980E-2	2.277980E-2	-5.800815E-4	5.800815E-4
-1.320000E+0	-2.109030E-2	2.109030E-2	-5.370588E-4	5.370588E-4
-1.310000E+0	-2.156720E-2	2.156720E-2	-5.492029E-4	5.492029E-4
-1.300000E+0	-2.092710E-2	2.092710E-2	-5.329030E-4	5.329030E-4
-1.290000E+0	-1.947760E-2	1.947760E-2	-4.959918E-4	4.959918E-4
-1.280000E+0	-1.865760E-2	1.865760E-2	-4.751108E-4	4.751108E-4
-1.270000E+0	-1.959760E-2	1.959760E-2	-4.990476E-4	4.990476E-4
-1.260000E+0	-1.802740E-2	1.802740E-2	-4.590629E-4	4.590629E-4
-1.250000E+0	-1.761310E-2	1.761310E-2	-4.485129E-4	4.485129E-4
-1.240000E+0	-2.010860E-2	2.010860E-2	-5.120601E-4	5.120601E-4
-1.230000E+0	-2.095720E-2	2.095720E-2	-5.336695E-4	5.336695E-4
-1.220000E+0	-2.144490E-2	2.144490E-2	-5.460886E-4	5.460886E-4
-1.210000E+0	-1.996560E-2	1.996560E-2	-5.084186E-4	5.084186E-4
-1.200000E+0	-1.928160E-2	1.928160E-2	-4.910008E-4	4.910008E-4
-1.190000E+0	-1.937670E-2	1.937670E-2	-4.934225E-4	4.934225E-4
-1.180000E+0	-1.816770E-2	1.816770E-2	-4.626356E-4	4.626356E-4
-1.170000E+0	-1.777170E-2	1.777170E-2	-4.525516E-4	4.525516E-4
-1.160000E+0	-1.767550E-2	1.767550E-2	-4.501019E-4	4.501019E-4
-1.150000E+0	-1.723020E-2	1.723020E-2	-4.387624E-4	4.387624E-4
-1.140000E+0	-1.689560E-2	1.689560E-2	-4.302419E-4	4.302419E-4
-1.130000E+0	-1.669970E-2	1.669970E-2	-4.252534E-4	4.252534E-4
-1.120000E+0	-1.609310E-2	1.609310E-2	-4.098065E-4	4.098065E-4
-1.110000E+0	-1.623070E-2	1.623070E-2	-4.133104E-4	4.133104E-4
-1.100000E+0	-1.676950E-2	1.676950E-2	-4.270308E-4	4.270308E-4
-1.090000E+0	-1.548690E-2	1.548690E-2	-3.943697E-4	3.943697E-4
-1.080000E+0	-1.586900E-2	1.586900E-2	-4.040998E-4	4.040998E-4
-1.070000E+0	-1.732580E-2	1.732580E-2	-4.411968E-4	4.411968E-4
-1.060000E+0	-1.756110E-2	1.756110E-2	-4.471887E-4	4.471887E-4
-1.050000E+0	-1.737560E-2	1.737560E-2	-4.424650E-4	4.424650E-4
-1.040000E+0	-1.643610E-2	1.643610E-2	-4.185409E-4	4.185409E-4
-1.030000E+0	-1.568930E-2	1.568930E-2	-3.995238E-4	3.995238E-4
-1.020000E+0	-1.494550E-2	1.494550E-2	-3.805831E-4	3.805831E-4
-1.010000E+0	-1.575400E-2	1.575400E-2	-4.011714E-4	4.011714E-4
-1.000000E+0	-1.565380E-2	1.565380E-2	-3.986198E-4	3.986198E-4
-9.900000E-1	-1.462440E-2	1.462440E-2	-3.724064E-4	3.724064E-4
-9.800000E-1	-1.441120E-2	1.441120E-2	-3.669773E-4	3.669773E-4
-9.700000E-1	-1.389890E-2	1.389890E-2	-3.539318E-4	3.539318E-4
-9.600000E-1	-1.403420E-2	1.403420E-2	-3.573771E-4	3.573771E-4
-9.500000E-1	-1.357290E-2	1.357290E-2	-3.456302E-4	3.456302E-4
-9.400000E-1	-1.340160E-2	1.340160E-2	-3.412681E-4	3.412681E-4
-9.300000E-1	-1.321860E-2	1.321860E-2	-3.366081E-4	3.366081E-4
-9.200000E-1	-1.305610E-2	1.305610E-2	-3.324701E-4	3.324701E-4
-9.100000E-1	-1.297780E-2	1.297780E-2	-3.304762E-4	3.304762E-4
-9.000000E-1	-1.286470E-2	1.286470E-2	-3.275961E-4	3.275961E-4
-8.900000E-1	-1.269370E-2	1.269370E-2	-3.232417E-4	3.232417E-4
-8.800000E-1	-1.254140E-2	1.254140E-2	-3.193634E-4	3.193634E-4
-8.700000E-1	-1.238350E-2	1.238350E-2	-3.153425E-4	3.153425E-4
-8.600000E-1	-1.222240E-2	1.222240E-2	-3.112401E-4	3.112401E-4
-8.500000E-1	-1.205740E-2	1.205740E-2	-3.070384E-4	3.070384E-4
-8.400000E-1	-1.179730E-2	1.179730E-2	-3.004151E-4	3.004151E-4
-8.300000E-1	-1.163780E-2	1.163780E-2	-2.963534E-4	2.963534E-4
-8.200000E-1	-1.148080E-2	1.148080E-2	-2.923555E-4	2.923555E-4
-8.100000E-1	-1.132670E-2	1.132670E-2	-2.884314E-4	2.884314E-4
-8.000000E-1	-1.115810E-2	1.115810E-2	-2.841380E-4	2.841380E-4
-7.900000E-1	-1.100350E-2	1.100350E-2	-2.802012E-4	2.802012E-4
-7.800000E-1	-1.085450E-2	1.085450E-2	-2.764069E-4	2.764069E-4
-7.700000E-1	-1.069820E-2	1.069820E-2	-2.724268E-4	2.724268E-4
-7.600000E-1	-1.054770E-2	1.054770E-2	-2.685943E-4	2.685943E-4
-7.500000E-1	-1.039610E-2	1.039610E-2	-2.647339E-4	2.647339E-4
-7.400000E-1	-1.024860E-2	1.024860E-2	-2.609778E-4	2.609778E-4
-7.300000E-1	-1.010050E-2	1.010050E-2	-2.572065E-4	2.572065E-4
-7.200000E-1	-9.943440E-3	9.943440E-3	-2.532070E-4	2.532070E-4
-7.100000E-1	-9.794230E-3	9.794230E-3	-2.494074E-4	2.494074E-4
-7.000000E-1	-9.646580E-3	9.646580E-3	-2.456476E-4	2.456476E-4
-6.900000E-1	-9.497210E-3	9.497210E-3	-2.418439E-4	2.418439E-4
-6.800000E-1	-9.355460E-3	9.355460E-3	-2.382343E-4	2.382343E-4
-6.700000E-1	-9.204730E-3	9.204730E-3	-2.343960E-4	2.343960E-4
-6.600000E-1	-9.058440E-3	9.058440E-3	-2.306707E-4	2.306707E-4
-6.500000E-1	-8.911300E-3	8.911300E-3	-2.269239E-4	2.269239E-4
-6.400000E-1	-8.762130E-3	8.762130E-3	-2.231253E-4	2.231253E-4
-6.300000E-1	-8.612020E-3	8.612020E-3	-2.193028E-4	2.193028E-4
-6.200000E-1	-8.469170E-3	8.469170E-3	-2.156651E-4	2.156651E-4
-6.100000E-1	-8.322230E-3	8.322230E-3	-2.119233E-4	2.119233E-4
-6.000000E-1	-8.184570E-3	8.184570E-3	-2.084179E-4	2.084179E-4
-5.900000E-1	-8.039180E-3	8.039180E-3	-2.047156E-4	2.047156E-4
-5.800000E-1	-7.892220E-3	7.892220E-3	-2.009733E-4	2.009733E-4
-5.700000E-1	-7.746210E-3	7.746210E-3	-1.972552E-4	1.972552E-4
-5.600000E-1	-7.602610E-3	7.602610E-3	-1.935984E-4	1.935984E-4
-5.500000E-1	-7.461780E-3	7.461780E-3	-1.900122E-4	1.900122E-4
-5.400000E-1	-7.315690E-3	7.315690E-3	-1.862921E-4	1.862921E-4
-5.300000E-1	-7.172130E-3	7.172130E-3	-1.826364E-4	1.826364E-4
-5.200000E-1	-7.030530E-3	7.030530E-3	-1.790306E-4	1.790306E-4
-5.100000E-1	-6.889250E-3	6.889250E-3	-1.754329E-4	1.754329E-4
-5.000000E-1	-6.742050E-3	6.742050E-3	-1.716845E-4	1.716845E-4
-4.900000E-1	-6.597360E-3	6.597360E-3	-1.680000E-4	1.680000E-4
-4.800000E-1	-6.452880E-3	6.452880E-3	-1.643209E-4	1.643209E-4
-4.700000E-1	-6.313520E-3	6.313520E-3	-1.607721E-4	1.607721E-4
-4.600000E-1	-6.174690E-3	6.174690E-3	-1.572368E-4	1.572368E-4
-4.500000E-1	-6.035530E-3	6.035530E-3	-1.536931E-4	1.536931E-4
-4.400000E-1	-5.893480E-3	5.893480E-3	-1.500759E-4	1.500759E-4
-4.300000E-1	-5.748990E-3	5.748990E-3	-1.463965E-4	1.463965E-4
-4.200000E-1	-5.608150E-3	5.608150E-3	-1.428100E-4	1.428100E-4
-4.100000E-1	-5.465220E-3	5.465220E-3	-1.391704E-4	1.391704E-4
-4.000000E-1	-5.331170E-3	5.331170E-3	-1.357568E-4	1.357568E-4
-3.900000E-1	-5.190280E-3	5.190280E-3	-1.321691E-4	1.321691E-4
-3.800000E-1	-5.052440E-3	5.052440E-3	-1.286590E-4	1.286590E-4
-3.700000E-1	-4.914890E-3	4.914890E-3	-1.251564E-4	1.251564E-4
-3.600000E-1	-4.775090E-3	4.775090E-3	-1.215964E-4	1.215964E-4
-3.500000E-1	-4.638290E-3	4.638290E-3	-1.181128E-4	1.181128E-4
-3.400000E-1	-4.499900E-3	4.499900E-3	-1.145887E-4	1.145887E-4
-3.300000E-1	-4.361450E-3	4.361450E-3	-1.110632E-4	1.110632E-4
-3.200000E-1	-4.226670E-3	4.226670E-3	-1.076310E-4	1.076310E-4
-3.100000E-1	-4.090070E-3	4.090070E-3	-1.041525E-4	1.041525E-4
-3.000000E-1	-3.955800E-3	3.955800E-3	-1.007334E-4	1.007334E-4
-2.900000E-1	-3.814590E-3	3.814590E-3	-9.713751E-5	9.713751E-5
-2.800000E-1	-3.674970E-3	3.674970E-3	-9.358212E-5	9.358212E-5
-2.700000E-1	-3.541210E-3	3.541210E-3	-9.017596E-5	9.017596E-5
-2.600000E-1	-3.411770E-3	3.411770E-3	-8.687981E-5	8.687981E-5
-2.500000E-1	-3.271040E-3	3.271040E-3	-8.329615E-5	8.329615E-5
-2.400000E-1	-3.137480E-3	3.137480E-3	-7.989508E-5	7.989508E-5
-2.300000E-1	-3.003070E-3	3.003070E-3	-7.647237E-5	7.647237E-5
-2.200000E-1	-2.868830E-3	2.868830E-3	-7.305398E-5	7.305398E-5
-2.100000E-1	-2.736240E-3	2.736240E-3	-6.967762E-5	6.967762E-5
-2.000000E-1	-2.604060E-3	2.604060E-3	-6.631169E-5	6.631169E-5
-1.900000E-1	-2.472100E-3	2.472100E-3	-6.295136E-5	6.295136E-5
-1.800000E-1	-2.339970E-3	2.339970E-3	-5.958671E-5	5.958671E-5
-1.700000E-1	-2.209050E-3	2.209050E-3	-5.625286E-5	5.625286E-5
-1.600000E-1	-2.077160E-3	2.077160E-3	-5.289432E-5	5.289432E-5
-1.500000E-1	-1.945090E-3	1.945090E-3	-4.953119E-5	4.953119E-5
-1.400000E-1	-1.814290E-3	1.814290E-3	-4.620041E-5	4.620041E-5
-1.300000E-1	-1.682700E-3	1.682700E-3	-4.284950E-5	4.284950E-5
-1.200000E-1	-1.551860E-3	1.551860E-3	-3.951770E-5	3.951770E-5
-1.100000E-1	-1.420200E-3	1.420200E-3	-3.616501E-5	3.616501E-5
-1.000000E-1	-1.290710E-3	1.290710E-3	-3.286758E-5	3.286758E-5
-9.000000E-2	-1.160350E-3	1.160350E-3	-2.954800E-5	2.954800E-5
-8.000000E-2	-1.031350E-3	1.031350E-3	-2.626305E-5	2.626305E-5
-7.000000E-2	-9.015390E-4	9.015390E-4	-2.295745E-5	2.295745E-5
-6.000000E-2	-7.731700E-4	7.731700E-4	-1.968857E-5	1.968857E-5
-5.000000E-2	-6.438010E-4	6.438010E-4	-1.639422E-5	1.639422E-5
-4.000000E-2	-5.153670E-4	5.153670E-4	-1.312368E-5	1.312368E-5
-3.000000E-2	-3.863630E-4	3.863630E-4	-9.838630E-6	9.838630E-6
-2.000000E-2	-2.574100E-4	2.574100E-4	-6.554876E-6	6.554876E-6
-1.000000E-2	-1.295100E-4	1.295100E-4	-3.297937E-6	3.297937E-6
0.000000E+0	-7.452900E-7	7.452900E-7	-1.897861E-8	1.897861E-8
1.000000E-2	1.266340E-4	1.266340E-4	3.224701E-6	3.224701E-6
2.000000E-2	2.551090E-4	2.551090E-4	6.496282E-6	6.496282E-6
3.000000E-2	3.825340E-4	3.825340E-4	9.741125E-6	9.741125E-6
4.000000E-2	5.110510E-4	5.110510E-4	1.301378E-5	1.301378E-5
5.000000E-2	6.384540E-4	6.384540E-4	1.625806E-5	1.625806E-5
6.000000E-2	7.668260E-4	7.668260E-4	1.952702E-5	1.952702E-5
7.000000E-2	8.950300E-4	8.950300E-4	2.279170E-5	2.279170E-5
8.000000E-2	1.022558E-3	1.022558E-3	2.603916E-5	2.603916E-5
9.000000E-2	1.151030E-3	1.151030E-3	2.931067E-5	2.931067E-5
1.000000E-1	1.279230E-3	1.279230E-3	3.257525E-5	3.257525E-5
1.100000E-1	1.407630E-3	1.407630E-3	3.584492E-5	3.584492E-5
1.200000E-1	1.535730E-3	1.535730E-3	3.910695E-5	3.910695E-5
1.300000E-1	1.665320E-3	1.665320E-3	4.240693E-5	4.240693E-5
1.400000E-1	1.794860E-3	1.794860E-3	4.570563E-5	4.570563E-5
1.500000E-1	2.085930E-3	2.085930E-3	5.311765E-5	5.311765E-5
1.600000E-1	2.277930E-3	2.277930E-3	5.800687E-5	5.800687E-5
1.700000E-1	2.425830E-3	2.425830E-3	6.177311E-5	6.177311E-5
1.800000E-1	2.577580E-3	2.577580E-3	6.563738E-5	6.563738E-5
1.900000E-1	2.727010E-3	2.727010E-3	6.944258E-5	6.944258E-5
2.000000E-1	2.871420E-3	2.871420E-3	7.311994E-5	7.311994E-5
2.100000E-1	3.019330E-3	3.019330E-3	7.688643E-5	7.688643E-5
2.200000E-1	3.167100E-3	3.167100E-3	8.064935E-5	8.064935E-5
2.300000E-1	3.312510E-3	3.312510E-3	8.435218E-5	8.435218E-5
2.400000E-1	3.455150E-3	3.455150E-3	8.798447E-5	8.798447E-5
2.500000E-1	3.596910E-3	3.596910E-3	9.159435E-5	9.159435E-5
2.600000E-1	3.737240E-3	3.737240E-3	9.516781E-5	9.516781E-5
2.700000E-1	3.868420E-3	3.868420E-3	9.850827E-5	9.850827E-5
2.800000E-1	3.975510E-3	3.975510E-3	1.012353E-4	1.012353E-4
2.900000E-1	4.053710E-3	4.053710E-3	1.032266E-4	1.032266E-4
3.000000E-1	4.137440E-3	4.137440E-3	1.053588E-4	1.053588E-4
3.100000E-1	4.213170E-3	4.213170E-3	1.072872E-4	1.072872E-4
3.200000E-1	4.310710E-3	4.310710E-3	1.097711E-4	1.097711E-4
3.300000E-1	4.403850E-3	4.403850E-3	1.121429E-4	1.121429E-4
3.400000E-1	4.501310E-3	4.501310E-3	1.146246E-4	1.146246E-4
3.500000E-1	4.617580E-3	4.617580E-3	1.175854E-4	1.175854E-4
3.600000E-1	4.743730E-3	4.743730E-3	1.207978E-4	1.207978E-4
3.700000E-1	4.862650E-3	4.862650E-3	1.238261E-4	1.238261E-4
3.800000E-1	4.997720E-3	4.997720E-3	1.272656E-4	1.272656E-4
3.900000E-1	5.127670E-3	5.127670E-3	1.305747E-4	1.305747E-4
4.000000E-1	5.248050E-3	5.248050E-3	1.336402E-4	1.336402E-4
4.100000E-1	5.381190E-3	5.381190E-3	1.370306E-4	1.370306E-4
4.200000E-1	5.510730E-3	5.510730E-3	1.403293E-4	1.403293E-4
4.300000E-1	5.656770E-3	5.656770E-3	1.440481E-4	1.440481E-4
4.400000E-1	5.782900E-3	5.782900E-3	1.472600E-4	1.472600E-4
4.500000E-1	5.921390E-3	5.921390E-3	1.507866E-4	1.507866E-4
4.600000E-1	6.059270E-3	6.059270E-3	1.542977E-4	1.542977E-4
4.700000E-1	1.426620E-2	1.426620E-2	3.632849E-4	3.632849E-4
4.800000E-1	1.719360E-2	1.719360E-2	4.378304E-4	4.378304E-4
4.900000E-1	1.829390E-2	1.829390E-2	4.658492E-4	4.658492E-4
5.000000E-1	1.913750E-2	1.913750E-2	4.873313E-4	4.873313E-4
5.100000E-1	2.002930E-2	2.002930E-2	5.100407E-4	5.100407E-4
5.200000E-1	2.000320E-2	2.000320E-2	5.093761E-4	5.093761E-4
5.300000E-1	1.083600E-2	1.083600E-2	2.759358E-4	2.759358E-4
5.400000E-1	1.118530E-2	1.118530E-2	2.848307E-4	2.848307E-4
5.500000E-1	1.062570E-2	1.062570E-2	2.705806E-4	2.705806E-4
5.600000E-1	1.055070E-2	1.055070E-2	2.686707E-4	2.686707E-4
5.700000E-1	1.212040E-2	1.212040E-2	3.086427E-4	3.086427E-4
5.800000E-1	1.669930E-2	1.669930E-2	4.252432E-4	4.252432E-4
5.900000E-1	1.223540E-2	1.223540E-2	3.115712E-4	3.115712E-4
6.000000E-1	1.143880E-2	1.143880E-2	2.912860E-4	2.912860E-4
6.100000E-1	1.142560E-2	1.142560E-2	2.909498E-4	2.909498E-4
6.200000E-1	1.160110E-2	1.160110E-2	2.954189E-4	2.954189E-4
6.300000E-1	1.193680E-2	1.193680E-2	3.039674E-4	3.039674E-4
6.400000E-1	1.203920E-2	1.203920E-2	3.065750E-4	3.065750E-4
6.500000E-1	1.224590E-2	1.224590E-2	3.118385E-4	3.118385E-4
6.600000E-1	1.207580E-2	1.207580E-2	3.075070E-4	3.075070E-4
6.700000E-1	1.396640E-2	1.396640E-2	3.556506E-4	3.556506E-4
6.800000E-1	1.457540E-2	1.457540E-2	3.711586E-4	3.711586E-4
6.900000E-1	1.501510E-2	1.501510E-2	3.823555E-4	3.823555E-4
7.000000E-1	1.530090E-2	1.530090E-2	3.896333E-4	3.896333E-4
7.100000E-1	1.561470E-2	1.561470E-2	3.976241E-4	3.976241E-4
7.200000E-1	1.561800E-2	1.561800E-2	3.977082E-4	3.977082E-4
7.300000E-1	1.671370E-2	1.671370E-2	4.256099E-4	4.256099E-4
7.400000E-1	1.680370E-2	1.680370E-2	4.279017E-4	4.279017E-4
7.500000E-1	1.706360E-2	1.706360E-2	4.345200E-4	4.345200E-4
7.600000E-1	1.731250E-2	1.731250E-2	4.408582E-4	4.408582E-4
7.700000E-1	1.765850E-2	1.765850E-2	4.496690E-4	4.496690E-4
7.800000E-1	1.818420E-2	1.818420E-2	4.630558E-4	4.630558E-4
7.900000E-1	1.882580E-2	1.882580E-2	4.793939E-4	4.793939E-4
8.000000E-1	1.905000E-2	1.905000E-2	4.851031E-4	4.851031E-4
8.100000E-1	1.943480E-2	1.943480E-2	4.949020E-4	4.949020E-4
8.200000E-1	2.002960E-2	2.002960E-2	5.100484E-4	5.100484E-4
8.300000E-1	2.022470E-2	2.022470E-2	5.150165E-4	5.150165E-4
8.400000E-1	2.037570E-2	2.037570E-2	5.188617E-4	5.188617E-4
8.500000E-1	2.084160E-2	2.084160E-2	5.307257E-4	5.307257E-4
8.600000E-1	2.136810E-2	2.136810E-2	5.441329E-4	5.441329E-4
8.700000E-1	2.133350E-2	2.133350E-2	5.432518E-4	5.432518E-4
8.800000E-1	2.140210E-2	2.140210E-2	5.449987E-4	5.449987E-4
8.900000E-1	2.197690E-2	2.197690E-2	5.596358E-4	5.596358E-4
9.000000E-1	2.214130E-2	2.214130E-2	5.638222E-4	5.638222E-4
9.100000E-1	2.212860E-2	2.212860E-2	5.634988E-4	5.634988E-4
9.200000E-1	2.286680E-2	2.286680E-2	5.822969E-4	5.822969E-4
9.300000E-1	2.279110E-2	2.279110E-2	5.803692E-4	5.803692E-4
9.400000E-1	2.260580E-2	2.260580E-2	5.756506E-4	5.756506E-4
9.500000E-1	2.310200E-2	2.310200E-2	5.882862E-4	5.882862E-4
9.600000E-1	2.414260E-2	2.414260E-2	6.147848E-4	6.147848E-4
9.700000E-1	2.428400E-2	2.428400E-2	6.183855E-4	6.183855E-4
9.800000E-1	2.499350E-2	2.499350E-2	6.364528E-4	6.364528E-4
9.900000E-1	2.649430E-2	2.649430E-2	6.746702E-4	6.746702E-4
1.000000E+0	2.809450E-2	2.809450E-2	7.154189E-4	7.154189E-4
1.010000E+0	2.890900E-2	2.890900E-2	7.361599E-4	7.361599E-4
1.020000E+0	3.444700E-2	3.444700E-2	8.771836E-4	8.771836E-4
1.030000E+0	3.128190E-2	3.128190E-2	7.965852E-4	7.965852E-4
1.040000E+0	3.196710E-2	3.196710E-2	8.140336E-4	8.140336E-4
1.050000E+0	3.160880E-2	3.160880E-2	8.049096E-4	8.049096E-4
1.060000E+0	3.016630E-2	3.016630E-2	7.681767E-4	7.681767E-4
1.070000E+0	2.902790E-2	2.902790E-2	7.391877E-4	7.391877E-4
1.080000E+0	2.995130E-2	2.995130E-2	7.627018E-4	7.627018E-4
1.090000E+0	2.974340E-2	2.974340E-2	7.574077E-4	7.574077E-4
1.100000E+0	2.978220E-2	2.978220E-2	7.583957E-4	7.583957E-4
1.110000E+0	3.071440E-2	3.071440E-2	7.821339E-4	7.821339E-4
1.120000E+0	3.059540E-2	3.059540E-2	7.791036E-4	7.791036E-4
1.130000E+0	3.051610E-2	3.051610E-2	7.770843E-4	7.770843E-4
1.140000E+0	3.044320E-2	3.044320E-2	7.752279E-4	7.752279E-4
1.150000E+0	2.751660E-2	2.751660E-2	7.007028E-4	7.007028E-4
1.160000E+0	2.921500E-2	2.921500E-2	7.439521E-4	7.439521E-4
1.170000E+0	3.384420E-2	3.384420E-2	8.618335E-4	8.618335E-4
1.180000E+0	3.517400E-2	3.517400E-2	8.956964E-4	8.956964E-4
1.190000E+0	3.041970E-2	3.041970E-2	7.746295E-4	7.746295E-4
1.200000E+0	2.953130E-2	2.953130E-2	7.520066E-4	7.520066E-4
1.210000E+0	2.944500E-2	2.944500E-2	7.498090E-4	7.498090E-4
1.220000E+0	2.889980E-2	2.889980E-2	7.359256E-4	7.359256E-4
1.230000E+0	2.956850E-2	2.956850E-2	7.529539E-4	7.529539E-4
1.240000E+0	3.553960E-2	3.553960E-2	9.050064E-4	9.050064E-4
1.250000E+0	3.235680E-2	3.235680E-2	8.239572E-4	8.239572E-4
1.260000E+0	3.274570E-2	3.274570E-2	8.338604E-4	8.338604E-4
1.270000E+0	3.341770E-2	3.341770E-2	8.509727E-4	8.509727E-4
1.280000E+0	3.522240E-2	3.522240E-2	8.969289E-4	8.969289E-4
1.290000E+0	3.622280E-2	3.622280E-2	9.224039E-4	9.224039E-4
1.300000E+0	4.027090E-2	4.027090E-2	1.025488E-3	1.025488E-3
1.310000E+0	3.961170E-2	3.961170E-2	1.008701E-3	1.008701E-3
1.320000E+0	4.029020E-2	4.029020E-2	1.025979E-3	1.025979E-3
1.330000E+0	4.428530E-2	4.428530E-2	1.127713E-3	1.127713E-3
1.340000E+0	4.474440E-2	4.474440E-2	1.139404E-3	1.139404E-3
1.350000E+0	4.403010E-2	4.403010E-2	1.121215E-3	1.121215E-3
1.360000E+0	4.175440E-2	4.175440E-2	1.063265E-3	1.063265E-3
1.370000E+0	3.568810E-2	3.568810E-2	9.087879E-4	9.087879E-4
1.380000E+0	3.552580E-2	3.552580E-2	9.046549E-4	9.046549E-4
1.390000E+0	3.601290E-2	3.601290E-2	9.170588E-4	9.170588E-4
1.400000E+0	3.595330E-2	3.595330E-2	9.155411E-4	9.155411E-4
1.410000E+0	3.490740E-2	3.490740E-2	8.889076E-4	8.889076E-4
1.420000E+0	3.466130E-2	3.466130E-2	8.826407E-4	8.826407E-4
1.430000E+0	3.759530E-2	3.759530E-2	9.573542E-4	9.573542E-4
1.440000E+0	3.886060E-2	3.886060E-2	9.895747E-4	9.895747E-4
1.450000E+0	4.021910E-2	4.021910E-2	1.024169E-3	1.024169E-3
1.460000E+0	4.322710E-2	4.322710E-2	1.100766E-3	1.100766E-3
1.470000E+0	4.999310E-2	4.999310E-2	1.273061E-3	1.273061E-3
1.480000E+0	3.353310E-2	3.353310E-2	8.539114E-4	8.539114E-4
1.490000E+0	3.337970E-2	3.337970E-2	8.500051E-4	8.500051E-4
1.500000E+0	3.319420E-2	3.319420E-2	8.452814E-4	8.452814E-4
