

12:47:33	03/03/21


Ell Cont: 5,0x10,0

SMU1	V name:		V1
	I name:		I1
	Mode:		V
	Function:	VAR1
SMU2	V name:		V2
	I name:		I2
	Mode:		common
	Function:	const.
SMU3	off
SMU4	off
VMUs	off

Primary Source (VAR1):	single
	Sweep Spacing:	linear
	Start:		-0.500000
	Stop:		0.500000
	Step:		0.010000
	Compliance:	0.050000
Power Compliance OFF

Timing:		Integration Time:	medium
	Delay Time (sec):	0.000000
	Hold Time (sec):	0.000000
	Wait Time (sec):	1.000000

Secondary Source (VAR2):	OFF


   V1	   I1	Abs(I)	J (A\µm²)	Abs(J)
-5.000000E-1	-2.861900E-10	2.861900E-10	-7.287751E-12	7.287751E-12
-4.900000E-1	-2.800400E-10	2.800400E-10	-7.131143E-12	7.131143E-12
-4.800000E-1	-2.616500E-10	2.616500E-10	-6.662847E-12	6.662847E-12
-4.700000E-1	-2.528400E-10	2.528400E-10	-6.438503E-12	6.438503E-12
-4.600000E-1	-2.642000E-10	2.642000E-10	-6.727782E-12	6.727782E-12
-4.500000E-1	-2.507700E-10	2.507700E-10	-6.385791E-12	6.385791E-12
-4.400000E-1	-2.480300E-10	2.480300E-10	-6.316017E-12	6.316017E-12
-4.300000E-1	-2.255800E-10	2.255800E-10	-5.744334E-12	5.744334E-12
-4.200000E-1	-2.337100E-10	2.337100E-10	-5.951362E-12	5.951362E-12
-4.100000E-1	-2.199900E-10	2.199900E-10	-5.601986E-12	5.601986E-12
-4.000000E-1	-2.208500E-10	2.208500E-10	-5.623886E-12	5.623886E-12
-3.900000E-1	-2.229100E-10	2.229100E-10	-5.676343E-12	5.676343E-12
-3.800000E-1	-2.152800E-10	2.152800E-10	-5.482047E-12	5.482047E-12
-3.700000E-1	-2.318800E-10	2.318800E-10	-5.904762E-12	5.904762E-12
-3.600000E-1	-2.163600E-10	2.163600E-10	-5.509549E-12	5.509549E-12
-3.500000E-1	-2.073800E-10	2.073800E-10	-5.280876E-12	5.280876E-12
-3.400000E-1	-2.025200E-10	2.025200E-10	-5.157117E-12	5.157117E-12
-3.300000E-1	-1.846300E-10	1.846300E-10	-4.701553E-12	4.701553E-12
-3.200000E-1	-1.777200E-10	1.777200E-10	-4.525592E-12	4.525592E-12
-3.100000E-1	-1.818800E-10	1.818800E-10	-4.631525E-12	4.631525E-12
-3.000000E-1	-1.788400E-10	1.788400E-10	-4.554113E-12	4.554113E-12
-2.900000E-1	-1.772600E-10	1.772600E-10	-4.513878E-12	4.513878E-12
-2.800000E-1	-1.687700E-10	1.687700E-10	-4.297683E-12	4.297683E-12
-2.700000E-1	-1.510300E-10	1.510300E-10	-3.845938E-12	3.845938E-12
-2.600000E-1	-1.404500E-10	1.404500E-10	-3.576521E-12	3.576521E-12
-2.500000E-1	-1.428000E-10	1.428000E-10	-3.636364E-12	3.636364E-12
-2.400000E-1	-1.316900E-10	1.316900E-10	-3.353450E-12	3.353450E-12
-2.300000E-1	-1.295500E-10	1.295500E-10	-3.298956E-12	3.298956E-12
-2.200000E-1	-1.214600E-10	1.214600E-10	-3.092946E-12	3.092946E-12
-2.100000E-1	-1.131100E-10	1.131100E-10	-2.880316E-12	2.880316E-12
-2.000000E-1	-1.015600E-10	1.015600E-10	-2.586198E-12	2.586198E-12
-1.900000E-1	-9.749000E-11	9.749000E-11	-2.482557E-12	2.482557E-12
-1.800000E-1	-9.439000E-11	9.439000E-11	-2.403616E-12	2.403616E-12
-1.700000E-1	-8.901000E-11	8.901000E-11	-2.266616E-12	2.266616E-12
-1.600000E-1	-7.858000E-11	7.858000E-11	-2.001019E-12	2.001019E-12
-1.500000E-1	-7.525000E-11	7.525000E-11	-1.916221E-12	1.916221E-12
-1.400000E-1	-7.026000E-11	7.026000E-11	-1.789152E-12	1.789152E-12
-1.300000E-1	-6.401000E-11	6.401000E-11	-1.629997E-12	1.629997E-12
-1.200000E-1	-5.699000E-11	5.699000E-11	-1.451235E-12	1.451235E-12
-1.100000E-1	-5.296000E-11	5.296000E-11	-1.348612E-12	1.348612E-12
-1.000000E-1	-4.807000E-11	4.807000E-11	-1.224090E-12	1.224090E-12
-9.000000E-2	-4.680000E-11	4.680000E-11	-1.191749E-12	1.191749E-12
-8.000000E-2	-4.113000E-11	4.113000E-11	-1.047364E-12	1.047364E-12
-7.000000E-2	-3.613000E-11	3.613000E-11	-9.200407E-13	9.200407E-13
-6.000000E-2	-3.103000E-11	3.103000E-11	-7.901706E-13	7.901706E-13
-5.000000E-2	-2.639000E-11	2.639000E-11	-6.720143E-13	6.720143E-13
-4.000000E-2	-2.100000E-11	2.100000E-11	-5.347594E-13	5.347594E-13
-3.000000E-2	-1.485000E-11	1.485000E-11	-3.781513E-13	3.781513E-13
-2.000000E-2	-9.000000E-12	9.000000E-12	-2.291826E-13	2.291826E-13
-1.000000E-2	-5.800000E-12	5.800000E-12	-1.476954E-13	1.476954E-13
0.000000E+0	-7.800000E-13	7.800000E-13	-1.986249E-14	1.986249E-14
1.000000E-2	5.410000E-12	5.410000E-12	1.377642E-13	1.377642E-13
2.000000E-2	9.510000E-12	9.510000E-12	2.421696E-13	2.421696E-13
3.000000E-2	1.434000E-11	1.434000E-11	3.651642E-13	3.651642E-13
4.000000E-2	1.901000E-11	1.901000E-11	4.840845E-13	4.840845E-13
5.000000E-2	2.373000E-11	2.373000E-11	6.042781E-13	6.042781E-13
6.000000E-2	2.977000E-11	2.977000E-11	7.580850E-13	7.580850E-13
7.000000E-2	3.546000E-11	3.546000E-11	9.029794E-13	9.029794E-13
8.000000E-2	3.874000E-11	3.874000E-11	9.865037E-13	9.865037E-13
9.000000E-2	4.593000E-11	4.593000E-11	1.169595E-12	1.169595E-12
1.000000E-1	5.233000E-11	5.233000E-11	1.332569E-12	1.332569E-12
1.100000E-1	5.663000E-11	5.663000E-11	1.442068E-12	1.442068E-12
1.200000E-1	6.507000E-11	6.507000E-11	1.656990E-12	1.656990E-12
1.300000E-1	6.936000E-11	6.936000E-11	1.766234E-12	1.766234E-12
1.400000E-1	7.447000E-11	7.447000E-11	1.896359E-12	1.896359E-12
1.500000E-1	8.676000E-11	8.676000E-11	2.209320E-12	2.209320E-12
1.600000E-1	8.238000E-11	8.238000E-11	2.097785E-12	2.097785E-12
1.700000E-1	8.415000E-11	8.415000E-11	2.142857E-12	2.142857E-12
1.800000E-1	8.961000E-11	8.961000E-11	2.281895E-12	2.281895E-12
1.900000E-1	8.671000E-11	8.671000E-11	2.208047E-12	2.208047E-12
2.000000E-1	9.174000E-11	9.174000E-11	2.336134E-12	2.336134E-12
2.100000E-1	9.105000E-11	9.105000E-11	2.318564E-12	2.318564E-12
2.200000E-1	9.460000E-11	9.460000E-11	2.408964E-12	2.408964E-12
2.300000E-1	1.008800E-10	1.008800E-10	2.568882E-12	2.568882E-12
2.400000E-1	1.098600E-10	1.098600E-10	2.797555E-12	2.797555E-12
2.500000E-1	1.140000E-10	1.140000E-10	2.902979E-12	2.902979E-12
2.600000E-1	1.150100E-10	1.150100E-10	2.928699E-12	2.928699E-12
2.700000E-1	1.242400E-10	1.242400E-10	3.163738E-12	3.163738E-12
2.800000E-1	1.367600E-10	1.367600E-10	3.482557E-12	3.482557E-12
2.900000E-1	1.392200E-10	1.392200E-10	3.545200E-12	3.545200E-12
3.000000E-1	1.282200E-10	1.282200E-10	3.265088E-12	3.265088E-12
3.100000E-1	1.648200E-10	1.648200E-10	4.197097E-12	4.197097E-12
3.200000E-1	1.591400E-10	1.591400E-10	4.052457E-12	4.052457E-12
3.300000E-1	1.561400E-10	1.561400E-10	3.976063E-12	3.976063E-12
3.400000E-1	1.732700E-10	1.732700E-10	4.412274E-12	4.412274E-12
3.500000E-1	1.730900E-10	1.730900E-10	4.407690E-12	4.407690E-12
3.600000E-1	1.657600E-10	1.657600E-10	4.221034E-12	4.221034E-12
3.700000E-1	1.779300E-10	1.779300E-10	4.530940E-12	4.530940E-12
3.800000E-1	1.842400E-10	1.842400E-10	4.691622E-12	4.691622E-12
3.900000E-1	1.881100E-10	1.881100E-10	4.790171E-12	4.790171E-12
4.000000E-1	2.005600E-10	2.005600E-10	5.107206E-12	5.107206E-12
4.100000E-1	2.033300E-10	2.033300E-10	5.177744E-12	5.177744E-12
4.200000E-1	2.253600E-10	2.253600E-10	5.738732E-12	5.738732E-12
4.300000E-1	2.021400E-10	2.021400E-10	5.147441E-12	5.147441E-12
4.400000E-1	2.115200E-10	2.115200E-10	5.386300E-12	5.386300E-12
4.500000E-1	2.392900E-10	2.392900E-10	6.093455E-12	6.093455E-12
4.600000E-1	2.443300E-10	2.443300E-10	6.221798E-12	6.221798E-12
4.700000E-1	2.547200E-10	2.547200E-10	6.486376E-12	6.486376E-12
4.800000E-1	2.566300E-10	2.566300E-10	6.535014E-12	6.535014E-12
4.900000E-1	2.605700E-10	2.605700E-10	6.635345E-12	6.635345E-12
5.000000E-1	2.645500E-10	2.645500E-10	6.736695E-12	6.736695E-12
