

12:45:49	03/03/21


Ell Cont: 5,0x10,0

SMU1	V name:		V1
	I name:		I1
	Mode:		V
	Function:	VAR1
SMU2	V name:		V2
	I name:		I2
	Mode:		common
	Function:	const.
SMU3	off
SMU4	off
VMUs	off

Primary Source (VAR1):	single
	Sweep Spacing:	linear
	Start:		-0.500000
	Stop:		0.500000
	Step:		0.010000
	Compliance:	0.050000
Power Compliance OFF

Timing:		Integration Time:	medium
	Delay Time (sec):	0.000000
	Hold Time (sec):	0.000000
	Wait Time (sec):	1.000000

Secondary Source (VAR2):	OFF


   V1	   I1	Abs(I)	J (A\µm²)	Abs(J)
-5.000000E-1	-3.603000E-11	3.603000E-11	-9.174943E-13	9.174943E-13
-4.900000E-1	-3.039000E-11	3.039000E-11	-7.738732E-13	7.738732E-13
-4.800000E-1	-2.657000E-11	2.657000E-11	-6.765979E-13	6.765979E-13
-4.700000E-1	-2.703000E-11	2.703000E-11	-6.883117E-13	6.883117E-13
-4.600000E-1	-2.379000E-11	2.379000E-11	-6.058060E-13	6.058060E-13
-4.500000E-1	-2.082000E-11	2.082000E-11	-5.301757E-13	5.301757E-13
-4.400000E-1	-2.147000E-11	2.147000E-11	-5.467278E-13	5.467278E-13
-4.300000E-1	-2.800000E-11	2.800000E-11	-7.130125E-13	7.130125E-13
-4.200000E-1	-1.570000E-11	1.570000E-11	-3.997963E-13	3.997963E-13
-4.100000E-1	-2.469000E-11	2.469000E-11	-6.287242E-13	6.287242E-13
-4.000000E-1	-5.956000E-11	5.956000E-11	-1.516679E-12	1.516679E-12
-3.900000E-1	-3.424000E-11	3.424000E-11	-8.719124E-13	8.719124E-13
-3.800000E-1	-3.209000E-11	3.209000E-11	-8.171632E-13	8.171632E-13
-3.700000E-1	-2.948000E-11	2.948000E-11	-7.507003E-13	7.507003E-13
-3.600000E-1	-3.041000E-11	3.041000E-11	-7.743825E-13	7.743825E-13
-3.500000E-1	-3.084000E-11	3.084000E-11	-7.853323E-13	7.853323E-13
-3.400000E-1	-3.130000E-11	3.130000E-11	-7.970461E-13	7.970461E-13
-3.300000E-1	-2.214000E-11	2.214000E-11	-5.637891E-13	5.637891E-13
-3.200000E-1	-2.130000E-11	2.130000E-11	-5.423988E-13	5.423988E-13
-3.100000E-1	-2.032000E-11	2.032000E-11	-5.174433E-13	5.174433E-13
-3.000000E-1	-2.329000E-11	2.329000E-11	-5.930736E-13	5.930736E-13
-2.900000E-1	-1.945000E-11	1.945000E-11	-4.952890E-13	4.952890E-13
-2.800000E-1	-1.731000E-11	1.731000E-11	-4.407945E-13	4.407945E-13
-2.700000E-1	-1.686000E-11	1.686000E-11	-4.293354E-13	4.293354E-13
-2.600000E-1	-1.685000E-11	1.685000E-11	-4.290807E-13	4.290807E-13
-2.500000E-1	-1.424000E-11	1.424000E-11	-3.626178E-13	3.626178E-13
-2.400000E-1	-1.308000E-11	1.308000E-11	-3.330787E-13	3.330787E-13
-2.300000E-1	-1.260000E-11	1.260000E-11	-3.208556E-13	3.208556E-13
-2.200000E-1	-1.132000E-11	1.132000E-11	-2.882608E-13	2.882608E-13
-2.100000E-1	-9.600000E-12	9.600000E-12	-2.444614E-13	2.444614E-13
-2.000000E-1	-1.134000E-11	1.134000E-11	-2.887701E-13	2.887701E-13
-1.900000E-1	-1.066000E-11	1.066000E-11	-2.714540E-13	2.714540E-13
-1.800000E-1	-1.015000E-11	1.015000E-11	-2.584670E-13	2.584670E-13
-1.700000E-1	-9.590000E-12	9.590000E-12	-2.442068E-13	2.442068E-13
-1.600000E-1	-9.480000E-12	9.480000E-12	-2.414057E-13	2.414057E-13
-1.500000E-1	-8.870000E-12	8.870000E-12	-2.258722E-13	2.258722E-13
-1.400000E-1	-8.100000E-12	8.100000E-12	-2.062643E-13	2.062643E-13
-1.300000E-1	-7.460000E-12	7.460000E-12	-1.899669E-13	1.899669E-13
-1.200000E-1	-6.470000E-12	6.470000E-12	-1.647568E-13	1.647568E-13
-1.100000E-1	-5.630000E-12	5.630000E-12	-1.433664E-13	1.433664E-13
-1.000000E-1	-5.630000E-12	5.630000E-12	-1.433664E-13	1.433664E-13
-9.000000E-2	-4.580000E-12	4.580000E-12	-1.166285E-13	1.166285E-13
-8.000000E-2	-4.510000E-12	4.510000E-12	-1.148459E-13	1.148459E-13
-7.000000E-2	-4.740000E-12	4.740000E-12	-1.207028E-13	1.207028E-13
-6.000000E-2	-3.470000E-12	3.470000E-12	-8.836262E-14	8.836262E-14
-5.000000E-2	-2.810000E-12	2.810000E-12	-7.155589E-14	7.155589E-14
-4.000000E-2	-2.590000E-12	2.590000E-12	-6.595365E-14	6.595365E-14
-3.000000E-2	-1.330000E-12	1.330000E-12	-3.386809E-14	3.386809E-14
-2.000000E-2	-6.700000E-13	6.700000E-13	-1.706137E-14	1.706137E-14
-1.000000E-2	1.200000E-13	1.200000E-13	3.055768E-15	3.055768E-15
0.000000E+0	1.300000E-12	1.300000E-12	3.310415E-14	3.310415E-14
1.000000E-2	1.310000E-12	1.310000E-12	3.335880E-14	3.335880E-14
2.000000E-2	7.800000E-13	7.800000E-13	1.986249E-14	1.986249E-14
3.000000E-2	2.620000E-12	2.620000E-12	6.671760E-14	6.671760E-14
4.000000E-2	1.000000E-14	1.000000E-14	2.546473E-16	2.546473E-16
5.000000E-2	-8.400000E-13	8.400000E-13	-2.139037E-14	2.139037E-14
6.000000E-2	1.180000E-12	1.180000E-12	3.004838E-14	3.004838E-14
7.000000E-2	2.590000E-12	2.590000E-12	6.595365E-14	6.595365E-14
8.000000E-2	3.080000E-12	3.080000E-12	7.843137E-14	7.843137E-14
9.000000E-2	3.390000E-12	3.390000E-12	8.632544E-14	8.632544E-14
1.000000E-1	3.810000E-12	3.810000E-12	9.702063E-14	9.702063E-14
1.100000E-1	5.650000E-12	5.650000E-12	1.438757E-13	1.438757E-13
1.200000E-1	5.500000E-12	5.500000E-12	1.400560E-13	1.400560E-13
1.300000E-1	5.990000E-12	5.990000E-12	1.525337E-13	1.525337E-13
1.400000E-1	6.600000E-12	6.600000E-12	1.680672E-13	1.680672E-13
1.500000E-1	7.290000E-12	7.290000E-12	1.856379E-13	1.856379E-13
1.600000E-1	7.700000E-12	7.700000E-12	1.960784E-13	1.960784E-13
1.700000E-1	8.120000E-12	8.120000E-12	2.067736E-13	2.067736E-13
1.800000E-1	9.120000E-12	9.120000E-12	2.322383E-13	2.322383E-13
1.900000E-1	8.580000E-12	8.580000E-12	2.184874E-13	2.184874E-13
2.000000E-1	8.440000E-12	8.440000E-12	2.149223E-13	2.149223E-13
2.100000E-1	8.610000E-12	8.610000E-12	2.192513E-13	2.192513E-13
2.200000E-1	9.060000E-12	9.060000E-12	2.307105E-13	2.307105E-13
2.300000E-1	9.380000E-12	9.380000E-12	2.388592E-13	2.388592E-13
2.400000E-1	9.730000E-12	9.730000E-12	2.477718E-13	2.477718E-13
2.500000E-1	1.045000E-11	1.045000E-11	2.661064E-13	2.661064E-13
2.600000E-1	1.101000E-11	1.101000E-11	2.803667E-13	2.803667E-13
2.700000E-1	1.168000E-11	1.168000E-11	2.974281E-13	2.974281E-13
2.800000E-1	1.200000E-11	1.200000E-11	3.055768E-13	3.055768E-13
2.900000E-1	1.264000E-11	1.264000E-11	3.218742E-13	3.218742E-13
3.000000E-1	1.355000E-11	1.355000E-11	3.450471E-13	3.450471E-13
3.100000E-1	1.421000E-11	1.421000E-11	3.618538E-13	3.618538E-13
3.200000E-1	1.453000E-11	1.453000E-11	3.700025E-13	3.700025E-13
3.300000E-1	1.451000E-11	1.451000E-11	3.694932E-13	3.694932E-13
3.400000E-1	1.486000E-11	1.486000E-11	3.784059E-13	3.784059E-13
3.500000E-1	1.476000E-11	1.476000E-11	3.758594E-13	3.758594E-13
3.600000E-1	1.430000E-11	1.430000E-11	3.641457E-13	3.641457E-13
3.700000E-1	1.460000E-11	1.460000E-11	3.717851E-13	3.717851E-13
3.800000E-1	1.590000E-11	1.590000E-11	4.048892E-13	4.048892E-13
3.900000E-1	1.652000E-11	1.652000E-11	4.206774E-13	4.206774E-13
4.000000E-1	1.642000E-11	1.642000E-11	4.181309E-13	4.181309E-13
4.100000E-1	1.727000E-11	1.727000E-11	4.397759E-13	4.397759E-13
4.200000E-1	1.739000E-11	1.739000E-11	4.428317E-13	4.428317E-13
4.300000E-1	1.909000E-11	1.909000E-11	4.861217E-13	4.861217E-13
4.400000E-1	1.726000E-11	1.726000E-11	4.395213E-13	4.395213E-13
4.500000E-1	1.757000E-11	1.757000E-11	4.474153E-13	4.474153E-13
4.600000E-1	2.034000E-11	2.034000E-11	5.179526E-13	5.179526E-13
4.700000E-1	2.438000E-11	2.438000E-11	6.208301E-13	6.208301E-13
4.800000E-1	2.377000E-11	2.377000E-11	6.052967E-13	6.052967E-13
4.900000E-1	2.538000E-11	2.538000E-11	6.462949E-13	6.462949E-13
5.000000E-1	2.381000E-11	2.381000E-11	6.063152E-13	6.063152E-13
