

13:56:04	17/03/21


Ell Cont: 5,0x10,0

SMU1	V name:		V1
	I name:		I1
	Mode:		V
	Function:	VAR1
SMU2	V name:		V2
	I name:		I2
	Mode:		common
	Function:	const.
SMU3	off
SMU4	off
VMUs	off

Primary Source (VAR1):	single
	Sweep Spacing:	linear
	Start:		-0.500000
	Stop:		0.500000
	Step:		0.010000
	Compliance:	0.050000
Power Compliance OFF

Timing:		Integration Time:	medium
	Delay Time (sec):	0.000000
	Hold Time (sec):	0.000000
	Wait Time (sec):	1.000000

Secondary Source (VAR2):	OFF


   V1	   I1	Abs(I)	J (A\um²)	Abs(J)
-5.000000E-1	-3.361700E-10	3.361700E-10	-8.560479E-12	8.560479E-12
-4.900000E-1	-1.954860E-9	1.954860E-9	-4.977998E-11	4.977998E-11
-4.800000E-1	-4.538630E-9	4.538630E-9	-1.155750E-10	1.155750E-10
-4.700000E-1	-1.845000E-9	1.845000E-9	-4.698243E-11	4.698243E-11
-4.600000E-1	-4.468080E-9	4.468080E-9	-1.137785E-10	1.137785E-10
-4.500000E-1	-7.889300E-9	7.889300E-9	-2.008989E-10	2.008989E-10
-4.400000E-1	-1.127150E-8	1.127150E-8	-2.870257E-10	2.870257E-10
-4.300000E-1	-1.035090E-8	1.035090E-8	-2.635829E-10	2.635829E-10
-4.200000E-1	-1.413290E-8	1.413290E-8	-3.598905E-10	3.598905E-10
-4.100000E-1	-5.451400E-9	5.451400E-9	-1.388184E-10	1.388184E-10
-4.000000E-1	-2.777110E-8	2.777110E-8	-7.071836E-10	7.071836E-10
-3.900000E-1	-1.055000E-7	1.055000E-7	-2.686529E-9	2.686529E-9
-3.800000E-1	-7.812200E-8	7.812200E-8	-1.989356E-9	1.989356E-9
-3.700000E-1	-1.152060E-7	1.152060E-7	-2.933690E-9	2.933690E-9
-3.600000E-1	-1.506590E-7	1.506590E-7	-3.836491E-9	3.836491E-9
-3.500000E-1	-1.376550E-7	1.376550E-7	-3.505348E-9	3.505348E-9
-3.400000E-1	-1.547690E-7	1.547690E-7	-3.941151E-9	3.941151E-9
-3.300000E-1	-1.488890E-7	1.488890E-7	-3.791418E-9	3.791418E-9
-3.200000E-1	-9.507900E-8	9.507900E-8	-2.421161E-9	2.421161E-9
-3.100000E-1	-1.179560E-7	1.179560E-7	-3.003718E-9	3.003718E-9
-3.000000E-1	-1.111480E-7	1.111480E-7	-2.830354E-9	2.830354E-9
-2.900000E-1	-1.269320E-7	1.269320E-7	-3.232289E-9	3.232289E-9
-2.800000E-1	-7.301000E-8	7.301000E-8	-1.859180E-9	1.859180E-9
-2.700000E-1	-7.077400E-8	7.077400E-8	-1.802241E-9	1.802241E-9
-2.600000E-1	-1.134780E-7	1.134780E-7	-2.889687E-9	2.889687E-9
-2.500000E-1	-1.252510E-7	1.252510E-7	-3.189483E-9	3.189483E-9
-2.400000E-1	-1.055040E-7	1.055040E-7	-2.686631E-9	2.686631E-9
-2.300000E-1	-6.735470E-8	6.735470E-8	-1.715169E-9	1.715169E-9
-2.200000E-1	-1.015860E-7	1.015860E-7	-2.586860E-9	2.586860E-9
-2.100000E-1	-9.116800E-8	9.116800E-8	-2.321569E-9	2.321569E-9
-2.000000E-1	-1.006620E-7	1.006620E-7	-2.563331E-9	2.563331E-9
-1.900000E-1	-8.631200E-8	8.631200E-8	-2.197912E-9	2.197912E-9
-1.800000E-1	-6.482160E-8	6.482160E-8	-1.650665E-9	1.650665E-9
-1.700000E-1	-6.189160E-8	6.189160E-8	-1.576053E-9	1.576053E-9
-1.600000E-1	-6.471160E-8	6.471160E-8	-1.647863E-9	1.647863E-9
-1.500000E-1	-6.239020E-8	6.239020E-8	-1.588750E-9	1.588750E-9
-1.400000E-1	-5.793190E-8	5.793190E-8	-1.475220E-9	1.475220E-9
-1.300000E-1	-6.683190E-8	6.683190E-8	-1.701856E-9	1.701856E-9
-1.200000E-1	-6.938470E-8	6.938470E-8	-1.766863E-9	1.766863E-9
-1.100000E-1	-5.867320E-8	5.867320E-8	-1.494097E-9	1.494097E-9
-1.000000E-1	-5.070020E-8	5.070020E-8	-1.291067E-9	1.291067E-9
-9.000000E-2	-4.501800E-8	4.501800E-8	-1.146371E-9	1.146371E-9
-8.000000E-2	-3.851900E-8	3.851900E-8	-9.808760E-10	9.808760E-10
-7.000000E-2	-3.783170E-8	3.783170E-8	-9.633741E-10	9.633741E-10
-6.000000E-2	-2.668010E-8	2.668010E-8	-6.794016E-10	6.794016E-10
-5.000000E-2	-2.827380E-8	2.827380E-8	-7.199847E-10	7.199847E-10
-4.000000E-2	-2.517800E-8	2.517800E-8	-6.411510E-10	6.411510E-10
-3.000000E-2	-1.823170E-8	1.823170E-8	-4.642653E-10	4.642653E-10
-2.000000E-2	-1.045680E-8	1.045680E-8	-2.662796E-10	2.662796E-10
-1.000000E-2	-5.397740E-9	5.397740E-9	-1.374520E-10	1.374520E-10
0.000000E+0	2.609200E-10	2.609200E-10	6.644258E-12	6.644258E-12
1.000000E-2	6.622700E-9	6.622700E-9	1.686453E-10	1.686453E-10
2.000000E-2	1.400560E-8	1.400560E-8	3.566488E-10	3.566488E-10
3.000000E-2	1.976530E-8	1.976530E-8	5.033180E-10	5.033180E-10
4.000000E-2	2.646340E-8	2.646340E-8	6.738834E-10	6.738834E-10
5.000000E-2	2.943850E-8	2.943850E-8	7.496435E-10	7.496435E-10
6.000000E-2	3.591340E-8	3.591340E-8	9.145251E-10	9.145251E-10
7.000000E-2	4.422370E-8	4.422370E-8	1.126145E-9	1.126145E-9
8.000000E-2	4.549770E-8	4.549770E-8	1.158587E-9	1.158587E-9
9.000000E-2	5.556500E-8	5.556500E-8	1.414948E-9	1.414948E-9
1.000000E-1	5.557380E-8	5.557380E-8	1.415172E-9	1.415172E-9
1.100000E-1	4.423490E-8	4.423490E-8	1.126430E-9	1.126430E-9
1.200000E-1	5.813420E-8	5.813420E-8	1.480372E-9	1.480372E-9
1.300000E-1	6.885570E-8	6.885570E-8	1.753392E-9	1.753392E-9
1.400000E-1	5.732600E-8	5.732600E-8	1.459791E-9	1.459791E-9
1.500000E-1	6.138600E-8	6.138600E-8	1.563178E-9	1.563178E-9
1.600000E-1	7.006900E-8	7.006900E-8	1.784288E-9	1.784288E-9
1.700000E-1	6.188500E-8	6.188500E-8	1.575885E-9	1.575885E-9
1.800000E-1	6.132400E-8	6.132400E-8	1.561599E-9	1.561599E-9
1.900000E-1	5.791550E-8	5.791550E-8	1.474803E-9	1.474803E-9
2.000000E-1	5.642030E-8	5.642030E-8	1.436728E-9	1.436728E-9
2.100000E-1	4.526270E-8	4.526270E-8	1.152602E-9	1.152602E-9
2.200000E-1	4.816290E-8	4.816290E-8	1.226455E-9	1.226455E-9
2.300000E-1	4.279800E-8	4.279800E-8	1.089840E-9	1.089840E-9
2.400000E-1	3.476340E-8	3.476340E-8	8.852406E-10	8.852406E-10
2.500000E-1	2.252940E-8	2.252940E-8	5.737051E-10	5.737051E-10
2.600000E-1	2.547420E-8	2.547420E-8	6.486937E-10	6.486937E-10
2.700000E-1	3.246110E-8	3.246110E-8	8.266132E-10	8.266132E-10
2.800000E-1	4.793980E-8	4.793980E-8	1.220774E-9	1.220774E-9
2.900000E-1	3.049220E-8	3.049220E-8	7.764757E-10	7.764757E-10
3.000000E-1	8.557600E-8	8.557600E-8	2.179170E-9	2.179170E-9
3.100000E-1	6.611580E-8	6.611580E-8	1.683621E-9	1.683621E-9
3.200000E-1	5.350210E-8	5.350210E-8	1.362417E-9	1.362417E-9
3.300000E-1	8.618700E-8	8.618700E-8	2.194729E-9	2.194729E-9
3.400000E-1	7.516910E-8	7.516910E-8	1.914161E-9	1.914161E-9
3.500000E-1	6.251380E-8	6.251380E-8	1.591897E-9	1.591897E-9
3.600000E-1	3.576230E-8	3.576230E-8	9.106774E-10	9.106774E-10
3.700000E-1	1.174420E-7	1.174420E-7	2.990629E-9	2.990629E-9
3.800000E-1	6.468300E-8	6.468300E-8	1.647135E-9	1.647135E-9
3.900000E-1	8.348310E-8	8.348310E-8	2.125875E-9	2.125875E-9
4.000000E-1	2.052110E-7	2.052110E-7	5.225643E-9	5.225643E-9
4.100000E-1	2.211370E-7	2.211370E-7	5.631194E-9	5.631194E-9
4.200000E-1	1.244200E-7	1.244200E-7	3.168322E-9	3.168322E-9
4.300000E-1	2.192640E-7	2.192640E-7	5.583499E-9	5.583499E-9
4.400000E-1	3.817350E-7	3.817350E-7	9.720779E-9	9.720779E-9
4.500000E-1	3.977530E-7	3.977530E-7	1.012867E-8	1.012867E-8
4.600000E-1	4.226120E-7	4.226120E-7	1.076170E-8	1.076170E-8
4.700000E-1	2.890640E-7	2.890640E-7	7.360937E-9	7.360937E-9
4.800000E-1	4.572150E-7	4.572150E-7	1.164286E-8	1.164286E-8
4.900000E-1	4.583150E-7	4.583150E-7	1.167087E-8	1.167087E-8
5.000000E-1	3.751380E-7	3.751380E-7	9.552788E-9	9.552788E-9
