

13:58:32	17/03/21


Ell Cont: 5,0x10,0

SMU1	V name:		V1
	I name:		I1
	Mode:		V
	Function:	VAR1
SMU2	V name:		V2
	I name:		I2
	Mode:		common
	Function:	const.
SMU3	off
SMU4	off
VMUs	off

Primary Source (VAR1):	single
	Sweep Spacing:	linear
	Start:		-0.500000
	Stop:		0.500000
	Step:		0.010000
	Compliance:	0.050000
Power Compliance OFF

Timing:		Integration Time:	medium
	Delay Time (sec):	0.000000
	Hold Time (sec):	0.000000
	Wait Time (sec):	1.000000

Secondary Source (VAR2):	OFF


   V1	   I1	Abs(I)	J (A\µm²)	Abs(J)
-5.000000E-1	-7.414770E-7	7.414770E-7	-1.888151E-8	1.888151E-8
-4.900000E-1	-7.179510E-7	7.179510E-7	-1.828243E-8	1.828243E-8
-4.800000E-1	-6.947310E-7	6.947310E-7	-1.769114E-8	1.769114E-8
-4.700000E-1	-6.750440E-7	6.750440E-7	-1.718981E-8	1.718981E-8
-4.600000E-1	-6.540480E-7	6.540480E-7	-1.665516E-8	1.665516E-8
-4.500000E-1	-6.343020E-7	6.343020E-7	-1.615233E-8	1.615233E-8
-4.400000E-1	-6.143280E-7	6.143280E-7	-1.564370E-8	1.564370E-8
-4.300000E-1	-5.955090E-7	5.955090E-7	-1.516448E-8	1.516448E-8
-4.200000E-1	-5.764140E-7	5.764140E-7	-1.467823E-8	1.467823E-8
-4.100000E-1	-5.578510E-7	5.578510E-7	-1.420553E-8	1.420553E-8
-4.000000E-1	-5.393530E-7	5.393530E-7	-1.373448E-8	1.373448E-8
-3.900000E-1	-5.217070E-7	5.217070E-7	-1.328513E-8	1.328513E-8
-3.800000E-1	-5.038080E-7	5.038080E-7	-1.282934E-8	1.282934E-8
-3.700000E-1	-4.867110E-7	4.867110E-7	-1.239396E-8	1.239396E-8
-3.600000E-1	-4.689800E-7	4.689800E-7	-1.194245E-8	1.194245E-8
-3.500000E-1	-4.516400E-7	4.516400E-7	-1.150089E-8	1.150089E-8
-3.400000E-1	-4.350350E-7	4.350350E-7	-1.107805E-8	1.107805E-8
-3.300000E-1	-4.186220E-7	4.186220E-7	-1.066010E-8	1.066010E-8
-3.200000E-1	-4.021660E-7	4.021660E-7	-1.024105E-8	1.024105E-8
-3.100000E-1	-3.866020E-7	3.866020E-7	-9.844716E-9	9.844716E-9
-3.000000E-1	-3.709600E-7	3.709600E-7	-9.446397E-9	9.446397E-9
-2.900000E-1	-3.560440E-7	3.560440E-7	-9.066565E-9	9.066565E-9
-2.800000E-1	-3.406660E-7	3.406660E-7	-8.674968E-9	8.674968E-9
-2.700000E-1	-3.256390E-7	3.256390E-7	-8.292310E-9	8.292310E-9
-2.600000E-1	-3.108850E-7	3.108850E-7	-7.916603E-9	7.916603E-9
-2.500000E-1	-2.964890E-7	2.964890E-7	-7.550013E-9	7.550013E-9
-2.400000E-1	-2.820440E-7	2.820440E-7	-7.182175E-9	7.182175E-9
-2.300000E-1	-2.686080E-7	2.686080E-7	-6.840030E-9	6.840030E-9
-2.200000E-1	-2.544890E-7	2.544890E-7	-6.480494E-9	6.480494E-9
-2.100000E-1	-2.411730E-7	2.411730E-7	-6.141406E-9	6.141406E-9
-2.000000E-1	-2.276190E-7	2.276190E-7	-5.796257E-9	5.796257E-9
-1.900000E-1	-2.148350E-7	2.148350E-7	-5.470715E-9	5.470715E-9
-1.800000E-1	-2.020560E-7	2.020560E-7	-5.145302E-9	5.145302E-9
-1.700000E-1	-1.895230E-7	1.895230E-7	-4.826152E-9	4.826152E-9
-1.600000E-1	-1.770200E-7	1.770200E-7	-4.507767E-9	4.507767E-9
-1.500000E-1	-1.651110E-7	1.651110E-7	-4.204507E-9	4.204507E-9
-1.400000E-1	-1.528970E-7	1.528970E-7	-3.893481E-9	3.893481E-9
-1.300000E-1	-1.406560E-7	1.406560E-7	-3.581767E-9	3.581767E-9
-1.200000E-1	-1.289220E-7	1.289220E-7	-3.282964E-9	3.282964E-9
-1.100000E-1	-1.174990E-7	1.174990E-7	-2.992080E-9	2.992080E-9
-1.000000E-1	-1.061320E-7	1.061320E-7	-2.702623E-9	2.702623E-9
-9.000000E-2	-9.496950E-8	9.496950E-8	-2.418373E-9	2.418373E-9
-8.000000E-2	-8.382850E-8	8.382850E-8	-2.134670E-9	2.134670E-9
-7.000000E-2	-7.278670E-8	7.278670E-8	-1.853494E-9	1.853494E-9
-6.000000E-2	-6.197190E-8	6.197190E-8	-1.578098E-9	1.578098E-9
-5.000000E-2	-5.123970E-8	5.123970E-8	-1.304805E-9	1.304805E-9
-4.000000E-2	-4.062070E-8	4.062070E-8	-1.034395E-9	1.034395E-9
-3.000000E-2	-2.999930E-8	2.999930E-8	-7.639241E-10	7.639241E-10
-2.000000E-2	-1.937510E-8	1.937510E-8	-4.933817E-10	4.933817E-10
-1.000000E-2	-9.431770E-9	9.431770E-9	-2.401775E-10	2.401775E-10
0.000000E+0	1.086540E-9	1.086540E-9	2.766845E-11	2.766845E-11
1.000000E-2	1.113580E-8	1.113580E-8	2.835702E-10	2.835702E-10
2.000000E-2	2.211090E-8	2.211090E-8	5.630481E-10	5.630481E-10
3.000000E-2	3.292960E-8	3.292960E-8	8.385434E-10	8.385434E-10
4.000000E-2	4.354630E-8	4.354630E-8	1.108895E-9	1.108895E-9
5.000000E-2	5.437970E-8	5.437970E-8	1.384764E-9	1.384764E-9
6.000000E-2	6.525840E-8	6.525840E-8	1.661788E-9	1.661788E-9
7.000000E-2	7.637340E-8	7.637340E-8	1.944828E-9	1.944828E-9
8.000000E-2	8.732450E-8	8.732450E-8	2.223695E-9	2.223695E-9
9.000000E-2	9.859820E-8	9.859820E-8	2.510777E-9	2.510777E-9
1.000000E-1	1.092800E-7	1.092800E-7	2.782786E-9	2.782786E-9
1.100000E-1	1.212640E-7	1.212640E-7	3.087955E-9	3.087955E-9
1.200000E-1	1.330310E-7	1.330310E-7	3.387599E-9	3.387599E-9
1.300000E-1	1.449420E-7	1.449420E-7	3.690909E-9	3.690909E-9
1.400000E-1	1.570430E-7	1.570430E-7	3.999058E-9	3.999058E-9
1.500000E-1	1.693820E-7	1.693820E-7	4.313267E-9	4.313267E-9
1.600000E-1	1.820470E-7	1.820470E-7	4.635778E-9	4.635778E-9
1.700000E-1	1.946660E-7	1.946660E-7	4.957117E-9	4.957117E-9
1.800000E-1	2.079360E-7	2.079360E-7	5.295034E-9	5.295034E-9
1.900000E-1	2.211060E-7	2.211060E-7	5.630405E-9	5.630405E-9
2.000000E-1	2.344750E-7	2.344750E-7	5.970843E-9	5.970843E-9
2.100000E-1	2.482510E-7	2.482510E-7	6.321645E-9	6.321645E-9
2.200000E-1	2.622220E-7	2.622220E-7	6.677413E-9	6.677413E-9
2.300000E-1	2.760140E-7	2.760140E-7	7.028622E-9	7.028622E-9
2.400000E-1	2.906080E-7	2.906080E-7	7.400255E-9	7.400255E-9
2.500000E-1	3.047990E-7	3.047990E-7	7.761625E-9	7.761625E-9
2.600000E-1	3.195220E-7	3.195220E-7	8.136542E-9	8.136542E-9
2.700000E-1	3.345880E-7	3.345880E-7	8.520193E-9	8.520193E-9
2.800000E-1	3.496400E-7	3.496400E-7	8.903489E-9	8.903489E-9
2.900000E-1	3.653620E-7	3.653620E-7	9.303845E-9	9.303845E-9
3.000000E-1	3.813500E-7	3.813500E-7	9.710975E-9	9.710975E-9
3.100000E-1	3.972210E-7	3.972210E-7	1.011513E-8	1.011513E-8
3.200000E-1	4.136020E-7	4.136020E-7	1.053226E-8	1.053226E-8
3.300000E-1	4.303270E-7	4.303270E-7	1.095816E-8	1.095816E-8
3.400000E-1	4.466710E-7	4.466710E-7	1.137436E-8	1.137436E-8
3.500000E-1	4.636850E-7	4.636850E-7	1.180761E-8	1.180761E-8
3.600000E-1	4.809140E-7	4.809140E-7	1.224635E-8	1.224635E-8
3.700000E-1	4.982820E-7	4.982820E-7	1.268862E-8	1.268862E-8
3.800000E-1	5.154440E-7	5.154440E-7	1.312564E-8	1.312564E-8
3.900000E-1	5.333680E-7	5.333680E-7	1.358207E-8	1.358207E-8
4.000000E-1	5.521280E-7	5.521280E-7	1.405979E-8	1.405979E-8
4.100000E-1	5.711300E-7	5.711300E-7	1.454367E-8	1.454367E-8
4.200000E-1	5.900840E-7	5.900840E-7	1.502633E-8	1.502633E-8
4.300000E-1	6.097330E-7	6.097330E-7	1.552669E-8	1.552669E-8
4.400000E-1	6.291070E-7	6.291070E-7	1.602004E-8	1.602004E-8
4.500000E-1	6.491350E-7	6.491350E-7	1.653005E-8	1.653005E-8
4.600000E-1	6.685710E-7	6.685710E-7	1.702498E-8	1.702498E-8
4.700000E-1	6.889140E-7	6.889140E-7	1.754301E-8	1.754301E-8
4.800000E-1	7.080970E-7	7.080970E-7	1.803150E-8	1.803150E-8
4.900000E-1	7.288710E-7	7.288710E-7	1.856050E-8	1.856050E-8
5.000000E-1	7.494430E-7	7.494430E-7	1.908436E-8	1.908436E-8
