

13:37:10	17/03/21


Ell Cont: 5,0x10,0

SMU1	V name:		V1
	I name:		I1
	Mode:		V
	Function:	VAR1
SMU2	V name:		V2
	I name:		I2
	Mode:		common
	Function:	const.
SMU3	off
SMU4	off
VMUs	off

Primary Source (VAR1):	single
	Sweep Spacing:	linear
	Start:		-0.500000
	Stop:		0.500000
	Step:		0.010000
	Compliance:	0.050000
Power Compliance OFF

Timing:		Integration Time:	medium
	Delay Time (sec):	0.000000
	Hold Time (sec):	0.000000
	Wait Time (sec):	1.000000

Secondary Source (VAR2):	OFF


   V1	   I1	Abs(I)	J (A\µm²)	Abs(J)
-5.000000E-1	-3.008050E-8	3.008050E-8	-7.659918E-10	7.659918E-10
-4.900000E-1	-2.673550E-8	2.673550E-8	-6.808123E-10	6.808123E-10
-4.800000E-1	-2.444980E-8	2.444980E-8	-6.226076E-10	6.226076E-10
-4.700000E-1	-2.286080E-8	2.286080E-8	-5.821441E-10	5.821441E-10
-4.600000E-1	-2.150520E-8	2.150520E-8	-5.476241E-10	5.476241E-10
-4.500000E-1	-2.039940E-8	2.039940E-8	-5.194652E-10	5.194652E-10
-4.400000E-1	-1.931820E-8	1.931820E-8	-4.919328E-10	4.919328E-10
-4.300000E-1	-1.846180E-8	1.846180E-8	-4.701248E-10	4.701248E-10
-4.200000E-1	-1.766400E-8	1.766400E-8	-4.498090E-10	4.498090E-10
-4.100000E-1	-1.695370E-8	1.695370E-8	-4.317214E-10	4.317214E-10
-4.000000E-1	-1.635800E-8	1.635800E-8	-4.165521E-10	4.165521E-10
-3.900000E-1	-1.571420E-8	1.571420E-8	-4.001579E-10	4.001579E-10
-3.800000E-1	-1.508350E-8	1.508350E-8	-3.840973E-10	3.840973E-10
-3.700000E-1	-1.447320E-8	1.447320E-8	-3.685561E-10	3.685561E-10
-3.600000E-1	-1.391120E-8	1.391120E-8	-3.542450E-10	3.542450E-10
-3.500000E-1	-1.332340E-8	1.332340E-8	-3.392768E-10	3.392768E-10
-3.400000E-1	-1.280010E-8	1.280010E-8	-3.259511E-10	3.259511E-10
-3.300000E-1	-1.229560E-8	1.229560E-8	-3.131041E-10	3.131041E-10
-3.200000E-1	-1.174630E-8	1.174630E-8	-2.991164E-10	2.991164E-10
-3.100000E-1	-1.125500E-8	1.125500E-8	-2.866055E-10	2.866055E-10
-3.000000E-1	-1.076700E-8	1.076700E-8	-2.741788E-10	2.741788E-10
-2.900000E-1	-1.032300E-8	1.032300E-8	-2.628724E-10	2.628724E-10
-2.800000E-1	-1.007260E-8	1.007260E-8	-2.564960E-10	2.564960E-10
-2.700000E-1	-9.924860E-9	9.924860E-9	-2.527339E-10	2.527339E-10
-2.600000E-1	-9.430340E-9	9.430340E-9	-2.401411E-10	2.401411E-10
-2.500000E-1	-9.046900E-9	9.046900E-9	-2.303769E-10	2.303769E-10
-2.400000E-1	-8.572660E-9	8.572660E-9	-2.183005E-10	2.183005E-10
-2.300000E-1	-8.154330E-9	8.154330E-9	-2.076478E-10	2.076478E-10
-2.200000E-1	-7.745460E-9	7.745460E-9	-1.972361E-10	1.972361E-10
-2.100000E-1	-7.297260E-9	7.297260E-9	-1.858228E-10	1.858228E-10
-2.000000E-1	-6.886750E-9	6.886750E-9	-1.753692E-10	1.753692E-10
-1.900000E-1	-6.464470E-9	6.464470E-9	-1.646160E-10	1.646160E-10
-1.800000E-1	-6.043600E-9	6.043600E-9	-1.538986E-10	1.538986E-10
-1.700000E-1	-5.647790E-9	5.647790E-9	-1.438195E-10	1.438195E-10
-1.600000E-1	-5.193790E-9	5.193790E-9	-1.322585E-10	1.322585E-10
-1.500000E-1	-4.799930E-9	4.799930E-9	-1.222289E-10	1.222289E-10
-1.400000E-1	-4.420900E-9	4.420900E-9	-1.125770E-10	1.125770E-10
-1.300000E-1	-3.998910E-9	3.998910E-9	-1.018312E-10	1.018312E-10
-1.200000E-1	-3.616370E-9	3.616370E-9	-9.208989E-11	9.208989E-11
-1.100000E-1	-3.233470E-9	3.233470E-9	-8.233944E-11	8.233944E-11
-1.000000E-1	-2.852280E-9	2.852280E-9	-7.263254E-11	7.263254E-11
-9.000000E-2	-2.449340E-9	2.449340E-9	-6.237178E-11	6.237178E-11
-8.000000E-2	-2.077280E-9	2.077280E-9	-5.289738E-11	5.289738E-11
-7.000000E-2	-1.675530E-9	1.675530E-9	-4.266692E-11	4.266692E-11
-6.000000E-2	-1.325060E-9	1.325060E-9	-3.374230E-11	3.374230E-11
-5.000000E-2	-1.000930E-9	1.000930E-9	-2.548841E-11	2.548841E-11
-4.000000E-2	-9.337200E-10	9.337200E-10	-2.377693E-11	2.377693E-11
-3.000000E-2	-8.257300E-10	8.257300E-10	-2.102699E-11	2.102699E-11
-2.000000E-2	-5.158900E-10	5.158900E-10	-1.313700E-11	1.313700E-11
-1.000000E-2	-1.743600E-10	1.743600E-10	-4.440031E-12	4.440031E-12
0.000000E+0	1.955800E-10	1.955800E-10	4.980392E-12	4.980392E-12
1.000000E-2	5.730500E-10	5.730500E-10	1.459256E-11	1.459256E-11
2.000000E-2	1.037700E-9	1.037700E-9	2.642475E-11	2.642475E-11
3.000000E-2	1.705390E-9	1.705390E-9	4.342730E-11	4.342730E-11
4.000000E-2	2.217060E-9	2.217060E-9	5.645684E-11	5.645684E-11
5.000000E-2	2.689880E-9	2.689880E-9	6.849707E-11	6.849707E-11
6.000000E-2	3.140400E-9	3.140400E-9	7.996944E-11	7.996944E-11
7.000000E-2	3.589160E-9	3.589160E-9	9.139699E-11	9.139699E-11
8.000000E-2	4.021850E-9	4.021850E-9	1.024153E-10	1.024153E-10
9.000000E-2	4.471890E-9	4.471890E-9	1.138755E-10	1.138755E-10
1.000000E-1	4.885680E-9	4.885680E-9	1.244125E-10	1.244125E-10
1.100000E-1	5.339700E-9	5.339700E-9	1.359740E-10	1.359740E-10
1.200000E-1	5.805680E-9	5.805680E-9	1.478401E-10	1.478401E-10
1.300000E-1	6.255770E-9	6.255770E-9	1.593015E-10	1.593015E-10
1.400000E-1	6.725580E-9	6.725580E-9	1.712651E-10	1.712651E-10
1.500000E-1	7.199700E-9	7.199700E-9	1.833384E-10	1.833384E-10
1.600000E-1	7.685260E-9	7.685260E-9	1.957031E-10	1.957031E-10
1.700000E-1	7.697830E-9	7.697830E-9	1.960232E-10	1.960232E-10
1.800000E-1	8.078720E-9	8.078720E-9	2.057224E-10	2.057224E-10
1.900000E-1	8.539080E-9	8.539080E-9	2.174454E-10	2.174454E-10
2.000000E-1	8.990630E-9	8.990630E-9	2.289440E-10	2.289440E-10
2.100000E-1	9.452320E-9	9.452320E-9	2.407008E-10	2.407008E-10
2.200000E-1	1.003310E-8	1.003310E-8	2.554902E-10	2.554902E-10
2.300000E-1	1.109310E-8	1.109310E-8	2.824828E-10	2.824828E-10
2.400000E-1	1.181860E-8	1.181860E-8	3.009575E-10	3.009575E-10
2.500000E-1	1.250390E-8	1.250390E-8	3.184085E-10	3.184085E-10
2.600000E-1	1.313490E-8	1.313490E-8	3.344767E-10	3.344767E-10
2.700000E-1	1.377780E-8	1.377780E-8	3.508480E-10	3.508480E-10
2.800000E-1	1.434200E-8	1.434200E-8	3.652152E-10	3.652152E-10
2.900000E-1	1.497500E-8	1.497500E-8	3.813343E-10	3.813343E-10
3.000000E-1	1.558920E-8	1.558920E-8	3.969748E-10	3.969748E-10
3.100000E-1	1.619050E-8	1.619050E-8	4.122867E-10	4.122867E-10
3.200000E-1	1.681400E-8	1.681400E-8	4.281640E-10	4.281640E-10
3.300000E-1	1.743690E-8	1.743690E-8	4.440260E-10	4.440260E-10
3.400000E-1	1.804020E-8	1.804020E-8	4.593888E-10	4.593888E-10
3.500000E-1	1.869130E-8	1.869130E-8	4.759689E-10	4.759689E-10
3.600000E-1	1.930960E-8	1.930960E-8	4.917138E-10	4.917138E-10
3.700000E-1	1.992240E-8	1.992240E-8	5.073186E-10	5.073186E-10
3.800000E-1	2.056040E-8	2.056040E-8	5.235651E-10	5.235651E-10
3.900000E-1	2.123400E-8	2.123400E-8	5.407181E-10	5.407181E-10
4.000000E-1	2.186390E-8	2.186390E-8	5.567583E-10	5.567583E-10
4.100000E-1	2.254490E-8	2.254490E-8	5.740998E-10	5.740998E-10
4.200000E-1	2.311430E-8	2.311430E-8	5.885994E-10	5.885994E-10
4.300000E-1	2.384410E-8	2.384410E-8	6.071836E-10	6.071836E-10
4.400000E-1	2.456640E-8	2.456640E-8	6.255768E-10	6.255768E-10
4.500000E-1	2.515290E-8	2.515290E-8	6.405118E-10	6.405118E-10
4.600000E-1	2.580880E-8	2.580880E-8	6.572142E-10	6.572142E-10
4.700000E-1	2.652860E-8	2.652860E-8	6.755437E-10	6.755437E-10
4.800000E-1	2.734980E-8	2.734980E-8	6.964553E-10	6.964553E-10
4.900000E-1	2.803540E-8	2.803540E-8	7.139139E-10	7.139139E-10
5.000000E-1	2.875670E-8	2.875670E-8	7.322816E-10	7.322816E-10
