

13:39:25	17/03/21


Ell Cont: 5,0x10,0

SMU1	V name:		V1
	I name:		I1
	Mode:		V
	Function:	VAR1
SMU2	V name:		V2
	I name:		I2
	Mode:		common
	Function:	const.
SMU3	off
SMU4	off
VMUs	off

Primary Source (VAR1):	single
	Sweep Spacing:	linear
	Start:		-0.500000
	Stop:		0.500000
	Step:		0.010000
	Compliance:	0.050000
Power Compliance OFF

Timing:		Integration Time:	medium
	Delay Time (sec):	0.000000
	Hold Time (sec):	0.000000
	Wait Time (sec):	1.000000

Secondary Source (VAR2):	OFF


   V1	   I1	Abs(I)	J (A\µm²)	Abs(J)
-5.000000E-1	-1.468820E-7	1.468820E-7	-3.740311E-9	3.740311E-9
-4.900000E-1	-1.398470E-7	1.398470E-7	-3.561166E-9	3.561166E-9
-4.800000E-1	-1.340420E-7	1.340420E-7	-3.413343E-9	3.413343E-9
-4.700000E-1	-1.288210E-7	1.288210E-7	-3.280392E-9	3.280392E-9
-4.600000E-1	-1.242160E-7	1.242160E-7	-3.163127E-9	3.163127E-9
-4.500000E-1	-1.200180E-7	1.200180E-7	-3.056226E-9	3.056226E-9
-4.400000E-1	-1.158030E-7	1.158030E-7	-2.948892E-9	2.948892E-9
-4.300000E-1	-1.116360E-7	1.116360E-7	-2.842781E-9	2.842781E-9
-4.200000E-1	-1.079630E-7	1.079630E-7	-2.749249E-9	2.749249E-9
-4.100000E-1	-1.042790E-7	1.042790E-7	-2.655437E-9	2.655437E-9
-4.000000E-1	-1.009038E-7	1.009038E-7	-2.569488E-9	2.569488E-9
-3.900000E-1	-9.746960E-8	9.746960E-8	-2.482037E-9	2.482037E-9
-3.800000E-1	-9.397280E-8	9.397280E-8	-2.392992E-9	2.392992E-9
-3.700000E-1	-9.026950E-8	9.026950E-8	-2.298689E-9	2.298689E-9
-3.600000E-1	-8.712910E-8	8.712910E-8	-2.218719E-9	2.218719E-9
-3.500000E-1	-8.378520E-8	8.378520E-8	-2.133568E-9	2.133568E-9
-3.400000E-1	-8.068020E-8	8.068020E-8	-2.054500E-9	2.054500E-9
-3.300000E-1	-7.721920E-8	7.721920E-8	-1.966366E-9	1.966366E-9
-3.200000E-1	-7.427830E-8	7.427830E-8	-1.891477E-9	1.891477E-9
-3.100000E-1	-7.111600E-8	7.111600E-8	-1.810950E-9	1.810950E-9
-3.000000E-1	-6.812880E-8	6.812880E-8	-1.734882E-9	1.734882E-9
-2.900000E-1	-6.518970E-8	6.518970E-8	-1.660038E-9	1.660038E-9
-2.800000E-1	-6.247050E-8	6.247050E-8	-1.590794E-9	1.590794E-9
-2.700000E-1	-5.962570E-8	5.962570E-8	-1.518352E-9	1.518352E-9
-2.600000E-1	-5.677320E-8	5.677320E-8	-1.445714E-9	1.445714E-9
-2.500000E-1	-5.406920E-8	5.406920E-8	-1.376858E-9	1.376858E-9
-2.400000E-1	-5.136920E-8	5.136920E-8	-1.308103E-9	1.308103E-9
-2.300000E-1	-4.865920E-8	4.865920E-8	-1.239093E-9	1.239093E-9
-2.200000E-1	-4.611380E-8	4.611380E-8	-1.174276E-9	1.174276E-9
-2.100000E-1	-4.352390E-8	4.352390E-8	-1.108324E-9	1.108324E-9
-2.000000E-1	-4.100420E-8	4.100420E-8	-1.044161E-9	1.044161E-9
-1.900000E-1	-3.849160E-8	3.849160E-8	-9.801782E-10	9.801782E-10
-1.800000E-1	-3.604590E-8	3.604590E-8	-9.178991E-10	9.178991E-10
-1.700000E-1	-3.371860E-8	3.371860E-8	-8.586351E-10	8.586351E-10
-1.600000E-1	-3.135900E-8	3.135900E-8	-7.985485E-10	7.985485E-10
-1.500000E-1	-2.906680E-8	2.906680E-8	-7.401782E-10	7.401782E-10
-1.400000E-1	-2.677850E-8	2.677850E-8	-6.819073E-10	6.819073E-10
-1.300000E-1	-2.455000E-8	2.455000E-8	-6.251591E-10	6.251591E-10
-1.200000E-1	-2.238410E-8	2.238410E-8	-5.700051E-10	5.700051E-10
-1.100000E-1	-2.021720E-8	2.021720E-8	-5.148256E-10	5.148256E-10
-1.000000E-1	-1.812020E-8	1.812020E-8	-4.614260E-10	4.614260E-10
-9.000000E-2	-1.600380E-8	1.600380E-8	-4.075325E-10	4.075325E-10
-8.000000E-2	-1.396300E-8	1.396300E-8	-3.555640E-10	3.555640E-10
-7.000000E-2	-1.197450E-8	1.197450E-8	-3.049274E-10	3.049274E-10
-6.000000E-2	-1.030650E-8	1.030650E-8	-2.624523E-10	2.624523E-10
-5.000000E-2	-8.646480E-9	8.646480E-9	-2.201803E-10	2.201803E-10
-4.000000E-2	-6.689700E-9	6.689700E-9	-1.703514E-10	1.703514E-10
-3.000000E-2	-4.748890E-9	4.748890E-9	-1.209292E-10	1.209292E-10
-2.000000E-2	-2.822190E-9	2.822190E-9	-7.186631E-11	7.186631E-11
-1.000000E-2	-1.040640E-9	1.040640E-9	-2.649962E-11	2.649962E-11
0.000000E+0	9.533100E-10	9.533100E-10	2.427578E-11	2.427578E-11
1.000000E-2	2.893290E-9	2.893290E-9	7.367685E-11	7.367685E-11
2.000000E-2	4.851010E-9	4.851010E-9	1.235297E-10	1.235297E-10
3.000000E-2	6.810030E-9	6.810030E-9	1.734156E-10	1.734156E-10
4.000000E-2	8.281810E-9	8.281810E-9	2.108941E-10	2.108941E-10
5.000000E-2	1.022900E-8	1.022900E-8	2.604787E-10	2.604787E-10
6.000000E-2	1.283470E-8	1.283470E-8	3.268322E-10	3.268322E-10
7.000000E-2	1.510730E-8	1.510730E-8	3.847033E-10	3.847033E-10
8.000000E-2	1.727930E-8	1.727930E-8	4.400127E-10	4.400127E-10
9.000000E-2	1.947740E-8	1.947740E-8	4.959868E-10	4.959868E-10
1.000000E-1	2.166230E-8	2.166230E-8	5.516246E-10	5.516246E-10
1.100000E-1	2.393220E-8	2.393220E-8	6.094270E-10	6.094270E-10
1.200000E-1	2.616830E-8	2.616830E-8	6.663687E-10	6.663687E-10
1.300000E-1	2.853460E-8	2.853460E-8	7.266259E-10	7.266259E-10
1.400000E-1	3.077500E-8	3.077500E-8	7.836771E-10	7.836771E-10
1.500000E-1	3.318610E-8	3.318610E-8	8.450751E-10	8.450751E-10
1.600000E-1	3.561480E-8	3.561480E-8	9.069213E-10	9.069213E-10
1.700000E-1	3.806980E-8	3.806980E-8	9.694372E-10	9.694372E-10
1.800000E-1	4.058290E-8	4.058290E-8	1.033433E-9	1.033433E-9
1.900000E-1	4.328630E-8	4.328630E-8	1.102274E-9	1.102274E-9
2.000000E-1	4.581390E-8	4.581390E-8	1.166639E-9	1.166639E-9
2.100000E-1	4.843280E-8	4.843280E-8	1.233328E-9	1.233328E-9
2.200000E-1	5.124330E-8	5.124330E-8	1.304897E-9	1.304897E-9
2.300000E-1	5.390960E-8	5.390960E-8	1.372793E-9	1.372793E-9
2.400000E-1	5.685110E-8	5.685110E-8	1.447698E-9	1.447698E-9
2.500000E-1	5.960610E-8	5.960610E-8	1.517853E-9	1.517853E-9
2.600000E-1	6.248250E-8	6.248250E-8	1.591100E-9	1.591100E-9
2.700000E-1	6.545090E-8	6.545090E-8	1.666690E-9	1.666690E-9
2.800000E-1	6.866820E-8	6.866820E-8	1.748617E-9	1.748617E-9
2.900000E-1	7.155140E-8	7.155140E-8	1.822037E-9	1.822037E-9
3.000000E-1	7.472050E-8	7.472050E-8	1.902737E-9	1.902737E-9
3.100000E-1	7.791320E-8	7.791320E-8	1.984039E-9	1.984039E-9
3.200000E-1	8.125740E-8	8.125740E-8	2.069198E-9	2.069198E-9
3.300000E-1	8.437850E-8	8.437850E-8	2.148676E-9	2.148676E-9
3.400000E-1	8.769730E-8	8.769730E-8	2.233188E-9	2.233188E-9
3.500000E-1	9.106580E-8	9.106580E-8	2.318966E-9	2.318966E-9
3.600000E-1	9.470670E-8	9.470670E-8	2.411681E-9	2.411681E-9
3.700000E-1	9.805360E-8	9.805360E-8	2.496909E-9	2.496909E-9
3.800000E-1	1.014824E-7	1.014824E-7	2.584222E-9	2.584222E-9
3.900000E-1	1.042190E-7	1.042190E-7	2.653909E-9	2.653909E-9
4.000000E-1	1.087310E-7	1.087310E-7	2.768806E-9	2.768806E-9
4.100000E-1	1.123330E-7	1.123330E-7	2.860530E-9	2.860530E-9
4.200000E-1	1.160860E-7	1.160860E-7	2.956099E-9	2.956099E-9
4.300000E-1	1.199570E-7	1.199570E-7	3.054673E-9	3.054673E-9
4.400000E-1	1.240410E-7	1.240410E-7	3.158671E-9	3.158671E-9
4.500000E-1	1.277750E-7	1.277750E-7	3.253756E-9	3.253756E-9
4.600000E-1	1.317470E-7	1.317470E-7	3.354902E-9	3.354902E-9
4.700000E-1	1.361960E-7	1.361960E-7	3.468195E-9	3.468195E-9
4.800000E-1	1.402200E-7	1.402200E-7	3.570665E-9	3.570665E-9
4.900000E-1	1.439390E-7	1.439390E-7	3.665368E-9	3.665368E-9
5.000000E-1	1.483010E-7	1.483010E-7	3.776445E-9	3.776445E-9
