

14:02:45	17/03/21


Ell Cont: 5,0x10,0

SMU1	V name:		V1
	I name:		I1
	Mode:		V
	Function:	VAR1
SMU2	V name:		V2
	I name:		I2
	Mode:		common
	Function:	const.
SMU3	off
SMU4	off
VMUs	off

Primary Source (VAR1):	single
	Sweep Spacing:	linear
	Start:		-0.500000
	Stop:		0.500000
	Step:		0.010000
	Compliance:	0.050000
Power Compliance OFF

Timing:		Integration Time:	medium
	Delay Time (sec):	0.000000
	Hold Time (sec):	0.000000
	Wait Time (sec):	1.000000

Secondary Source (VAR2):	OFF


   V1	   I1	Abs(I)	J (A\µm²)	Abs(J)
-5.000000E-1	-3.810000E-12	3.810000E-12	-9.702063E-14	9.702063E-14
-4.900000E-1	2.900000E-13	2.900000E-13	7.384772E-15	7.384772E-15
-4.800000E-1	-4.400000E-13	4.400000E-13	-1.120448E-14	1.120448E-14
-4.700000E-1	-3.500000E-13	3.500000E-13	-8.912656E-15	8.912656E-15
-4.600000E-1	2.200000E-13	2.200000E-13	5.602241E-15	5.602241E-15
-4.500000E-1	4.000000E-13	4.000000E-13	1.018589E-14	1.018589E-14
-4.400000E-1	-1.900000E-13	1.900000E-13	-4.838299E-15	4.838299E-15
-4.300000E-1	-1.700000E-13	1.700000E-13	-4.329004E-15	4.329004E-15
-4.200000E-1	7.000000E-14	7.000000E-14	1.782531E-15	1.782531E-15
-4.100000E-1	-5.100000E-13	5.100000E-13	-1.298701E-14	1.298701E-14
-4.000000E-1	-9.200000E-13	9.200000E-13	-2.342755E-14	2.342755E-14
-3.900000E-1	-5.500000E-13	5.500000E-13	-1.400560E-14	1.400560E-14
-3.800000E-1	-3.300000E-13	3.300000E-13	-8.403361E-15	8.403361E-15
-3.700000E-1	-9.200000E-13	9.200000E-13	-2.342755E-14	2.342755E-14
-3.600000E-1	-1.190000E-12	1.190000E-12	-3.030303E-14	3.030303E-14
-3.500000E-1	-3.120000E-12	3.120000E-12	-7.944996E-14	7.944996E-14
-3.400000E-1	-1.121000E-11	1.121000E-11	-2.854596E-13	2.854596E-13
-3.300000E-1	-1.709000E-11	1.709000E-11	-4.351923E-13	4.351923E-13
-3.200000E-1	-6.322000E-11	6.322000E-11	-1.609880E-12	1.609880E-12
-3.100000E-1	-6.010000E-12	6.010000E-12	-1.530430E-13	1.530430E-13
-3.000000E-1	8.150000E-12	8.150000E-12	2.075376E-13	2.075376E-13
-2.900000E-1	1.025000E-11	1.025000E-11	2.610135E-13	2.610135E-13
-2.800000E-1	3.350000E-12	3.350000E-12	8.530685E-14	8.530685E-14
-2.700000E-1	-2.170000E-12	2.170000E-12	-5.525847E-14	5.525847E-14
-2.600000E-1	-5.830000E-12	5.830000E-12	-1.484594E-13	1.484594E-13
-2.500000E-1	-5.410000E-12	5.410000E-12	-1.377642E-13	1.377642E-13
-2.400000E-1	-2.230000E-12	2.230000E-12	-5.678635E-14	5.678635E-14
-2.300000E-1	1.520000E-12	1.520000E-12	3.870639E-14	3.870639E-14
-2.200000E-1	-2.700000E-13	2.700000E-13	-6.875477E-15	6.875477E-15
-2.100000E-1	9.900000E-13	9.900000E-13	2.521008E-14	2.521008E-14
-2.000000E-1	5.400000E-13	5.400000E-13	1.375095E-14	1.375095E-14
-1.900000E-1	-4.300000E-13	4.300000E-13	-1.094983E-14	1.094983E-14
-1.800000E-1	5.400000E-13	5.400000E-13	1.375095E-14	1.375095E-14
-1.700000E-1	3.520000E-12	3.520000E-12	8.963585E-14	8.963585E-14
-1.600000E-1	4.170000E-12	4.170000E-12	1.061879E-13	1.061879E-13
-1.500000E-1	2.990000E-12	2.990000E-12	7.613955E-14	7.613955E-14
-1.400000E-1	2.910000E-12	2.910000E-12	7.410237E-14	7.410237E-14
-1.300000E-1	1.691000E-11	1.691000E-11	4.306086E-13	4.306086E-13
-1.200000E-1	1.775000E-11	1.775000E-11	4.519990E-13	4.519990E-13
-1.100000E-1	1.338000E-11	1.338000E-11	3.407181E-13	3.407181E-13
-1.000000E-1	3.460000E-12	3.460000E-12	8.810797E-14	8.810797E-14
-9.000000E-2	-2.440000E-12	2.440000E-12	-6.213394E-14	6.213394E-14
-8.000000E-2	2.300000E-13	2.300000E-13	5.856888E-15	5.856888E-15
-7.000000E-2	8.400000E-13	8.400000E-13	2.139037E-14	2.139037E-14
-6.000000E-2	-2.060000E-12	2.060000E-12	-5.245735E-14	5.245735E-14
-5.000000E-2	1.710000E-12	1.710000E-12	4.354469E-14	4.354469E-14
-4.000000E-2	1.326000E-11	1.326000E-11	3.376623E-13	3.376623E-13
-3.000000E-2	-5.120000E-12	5.120000E-12	-1.303794E-13	1.303794E-13
-2.000000E-2	4.080000E-12	4.080000E-12	1.038961E-13	1.038961E-13
-1.000000E-2	-1.390000E-12	1.390000E-12	-3.539598E-14	3.539598E-14
0.000000E+0	-2.270000E-12	2.270000E-12	-5.780494E-14	5.780494E-14
1.000000E-2	-1.400000E-12	1.400000E-12	-3.565062E-14	3.565062E-14
2.000000E-2	4.500000E-13	4.500000E-13	1.145913E-14	1.145913E-14
3.000000E-2	1.650000E-12	1.650000E-12	4.201681E-14	4.201681E-14
4.000000E-2	6.600000E-13	6.600000E-13	1.680672E-14	1.680672E-14
5.000000E-2	1.800000E-13	1.800000E-13	4.583652E-15	4.583652E-15
6.000000E-2	-1.780000E-12	1.780000E-12	-4.532722E-14	4.532722E-14
7.000000E-2	-4.660000E-12	4.660000E-12	-1.186656E-13	1.186656E-13
8.000000E-2	-6.860000E-12	6.860000E-12	-1.746881E-13	1.746881E-13
9.000000E-2	-8.750000E-12	8.750000E-12	-2.228164E-13	2.228164E-13
1.000000E-1	-2.470000E-12	2.470000E-12	-6.289789E-14	6.289789E-14
1.100000E-1	1.270000E-12	1.270000E-12	3.234021E-14	3.234021E-14
1.200000E-1	3.990000E-12	3.990000E-12	1.016043E-13	1.016043E-13
1.300000E-1	7.870000E-12	7.870000E-12	2.004074E-13	2.004074E-13
1.400000E-1	3.060000E-12	3.060000E-12	7.792208E-14	7.792208E-14
1.500000E-1	2.910000E-12	2.910000E-12	7.410237E-14	7.410237E-14
1.600000E-1	2.250000E-12	2.250000E-12	5.729564E-14	5.729564E-14
1.700000E-1	-3.800000E-13	3.800000E-13	-9.676598E-15	9.676598E-15
1.800000E-1	8.000000E-13	8.000000E-13	2.037178E-14	2.037178E-14
1.900000E-1	6.200000E-13	6.200000E-13	1.578813E-14	1.578813E-14
2.000000E-1	2.850000E-12	2.850000E-12	7.257448E-14	7.257448E-14
2.100000E-1	-1.850000E-12	1.850000E-12	-4.710975E-14	4.710975E-14
2.200000E-1	-2.000000E-14	2.000000E-14	-5.092946E-16	5.092946E-16
2.300000E-1	1.800000E-13	1.800000E-13	4.583652E-15	4.583652E-15
2.400000E-1	4.400000E-13	4.400000E-13	1.120448E-14	1.120448E-14
2.500000E-1	-1.000000E-13	1.000000E-13	-2.546473E-15	2.546473E-15
2.600000E-1	1.400000E-13	1.400000E-13	3.565062E-15	3.565062E-15
2.700000E-1	1.600000E-13	1.600000E-13	4.074357E-15	4.074357E-15
2.800000E-1	5.500000E-13	5.500000E-13	1.400560E-14	1.400560E-14
2.900000E-1	-7.700000E-13	7.700000E-13	-1.960784E-14	1.960784E-14
3.000000E-1	-7.500000E-13	7.500000E-13	-1.909855E-14	1.909855E-14
3.100000E-1	-6.800000E-13	6.800000E-13	-1.731602E-14	1.731602E-14
3.200000E-1	-2.400000E-13	2.400000E-13	-6.111535E-15	6.111535E-15
3.300000E-1	-9.900000E-13	9.900000E-13	-2.521008E-14	2.521008E-14
3.400000E-1	-2.000000E-14	2.000000E-14	-5.092946E-16	5.092946E-16
3.500000E-1	1.010000E-12	1.010000E-12	2.571938E-14	2.571938E-14
3.600000E-1	2.260000E-12	2.260000E-12	5.755029E-14	5.755029E-14
3.700000E-1	1.110000E-12	1.110000E-12	2.826585E-14	2.826585E-14
3.800000E-1	1.060000E-12	1.060000E-12	2.699261E-14	2.699261E-14
3.900000E-1	4.700000E-13	4.700000E-13	1.196842E-14	1.196842E-14
4.000000E-1	4.300000E-13	4.300000E-13	1.094983E-14	1.094983E-14
4.100000E-1	8.700000E-13	8.700000E-13	2.215432E-14	2.215432E-14
4.200000E-1	-1.700000E-13	1.700000E-13	-4.329004E-15	4.329004E-15
4.300000E-1	1.600000E-13	1.600000E-13	4.074357E-15	4.074357E-15
4.400000E-1	-6.100000E-13	6.100000E-13	-1.553349E-14	1.553349E-14
4.500000E-1	3.000000E-14	3.000000E-14	7.639419E-16	7.639419E-16
4.600000E-1	4.000000E-13	4.000000E-13	1.018589E-14	1.018589E-14
4.700000E-1	1.300000E-13	1.300000E-13	3.310415E-15	3.310415E-15
4.800000E-1	2.700000E-13	2.700000E-13	6.875477E-15	6.875477E-15
4.900000E-1	-2.800000E-13	2.800000E-13	-7.130125E-15	7.130125E-15
5.000000E-1	-5.400000E-13	5.400000E-13	-1.375095E-14	1.375095E-14
