

13:30:52	17/03/21


Ell Cont: 5,0x10,0

SMU1	V name:		V1
	I name:		I1
	Mode:		V
	Function:	VAR1
SMU2	V name:		V2
	I name:		I2
	Mode:		common
	Function:	const.
SMU3	off
SMU4	off
VMUs	off

Primary Source (VAR1):	single
	Sweep Spacing:	linear
	Start:		-1.500000
	Stop:		1.500000
	Step:		0.010000
	Compliance:	0.050000
Power Compliance OFF

Timing:		Integration Time:	medium
	Delay Time (sec):	0.000000
	Hold Time (sec):	0.000000
	Wait Time (sec):	1.000000

Secondary Source (VAR2):	OFF


   V1	   I1	Abs(I)	J (A\µm²)	Abs(J)
-1.500000E+0	-1.460650E-2	1.460650E-2	-3.719506E-4	3.719506E-4
-1.490000E+0	-1.651030E-2	1.651030E-2	-4.204303E-4	4.204303E-4
-1.480000E+0	-2.484250E-2	2.484250E-2	-6.326076E-4	6.326076E-4
-1.470000E+0	-2.625820E-2	2.625820E-2	-6.686580E-4	6.686580E-4
-1.460000E+0	-3.891670E-2	3.891670E-2	-9.910033E-4	9.910033E-4
-1.450000E+0	-3.466570E-2	3.466570E-2	-8.827527E-4	8.827527E-4
-1.440000E+0	-3.692900E-2	3.692900E-2	-9.403871E-4	9.403871E-4
-1.430000E+0	-3.826660E-2	3.826660E-2	-9.744487E-4	9.744487E-4
-1.420000E+0	-3.618270E-2	3.618270E-2	-9.213827E-4	9.213827E-4
-1.410000E+0	-3.759570E-2	3.759570E-2	-9.573644E-4	9.573644E-4
-1.400000E+0	-3.590950E-2	3.590950E-2	-9.144258E-4	9.144258E-4
-1.390000E+0	-3.571410E-2	3.571410E-2	-9.094500E-4	9.094500E-4
-1.380000E+0	-3.149310E-2	3.149310E-2	-8.019633E-4	8.019633E-4
-1.370000E+0	-3.229280E-2	3.229280E-2	-8.223275E-4	8.223275E-4
-1.360000E+0	-3.015320E-2	3.015320E-2	-7.678431E-4	7.678431E-4
-1.350000E+0	-2.756770E-2	2.756770E-2	-7.020041E-4	7.020041E-4
-1.340000E+0	-3.118850E-2	3.118850E-2	-7.942068E-4	7.942068E-4
-1.330000E+0	-2.965160E-2	2.965160E-2	-7.550700E-4	7.550700E-4
-1.320000E+0	-2.790970E-2	2.790970E-2	-7.107130E-4	7.107130E-4
-1.310000E+0	-2.608860E-2	2.608860E-2	-6.643392E-4	6.643392E-4
-1.300000E+0	-2.435640E-2	2.435640E-2	-6.202292E-4	6.202292E-4
-1.290000E+0	-2.281700E-2	2.281700E-2	-5.810288E-4	5.810288E-4
-1.280000E+0	-2.129590E-2	2.129590E-2	-5.422944E-4	5.422944E-4
-1.270000E+0	-1.967100E-2	1.967100E-2	-5.009167E-4	5.009167E-4
-1.260000E+0	-1.800200E-2	1.800200E-2	-4.584161E-4	4.584161E-4
-1.250000E+0	-2.282080E-2	2.282080E-2	-5.811255E-4	5.811255E-4
-1.240000E+0	-2.499560E-2	2.499560E-2	-6.365062E-4	6.365062E-4
-1.230000E+0	-2.459360E-2	2.459360E-2	-6.262694E-4	6.262694E-4
-1.220000E+0	-2.387230E-2	2.387230E-2	-6.079017E-4	6.079017E-4
-1.210000E+0	-2.396630E-2	2.396630E-2	-6.102954E-4	6.102954E-4
-1.200000E+0	-2.269690E-2	2.269690E-2	-5.779705E-4	5.779705E-4
-1.190000E+0	-1.993460E-2	1.993460E-2	-5.076292E-4	5.076292E-4
-1.180000E+0	-1.860940E-2	1.860940E-2	-4.738834E-4	4.738834E-4
-1.170000E+0	-1.708790E-2	1.708790E-2	-4.351388E-4	4.351388E-4
-1.160000E+0	-1.728680E-2	1.728680E-2	-4.402037E-4	4.402037E-4
-1.150000E+0	-1.643380E-2	1.643380E-2	-4.184823E-4	4.184823E-4
-1.140000E+0	-1.755090E-2	1.755090E-2	-4.469289E-4	4.469289E-4
-1.130000E+0	-1.742280E-2	1.742280E-2	-4.436669E-4	4.436669E-4
-1.120000E+0	-1.610630E-2	1.610630E-2	-4.101426E-4	4.101426E-4
-1.110000E+0	-1.495010E-2	1.495010E-2	-3.807003E-4	3.807003E-4
-1.100000E+0	-1.510960E-2	1.510960E-2	-3.847619E-4	3.847619E-4
-1.090000E+0	-1.466330E-2	1.466330E-2	-3.733970E-4	3.733970E-4
-1.080000E+0	-1.362050E-2	1.362050E-2	-3.468424E-4	3.468424E-4
-1.070000E+0	-1.310610E-2	1.310610E-2	-3.337433E-4	3.337433E-4
-1.060000E+0	-1.260450E-2	1.260450E-2	-3.209702E-4	3.209702E-4
-1.050000E+0	-1.212840E-2	1.212840E-2	-3.088464E-4	3.088464E-4
-1.040000E+0	-1.174430E-2	1.174430E-2	-2.990654E-4	2.990654E-4
-1.030000E+0	-1.141290E-2	1.141290E-2	-2.906264E-4	2.906264E-4
-1.020000E+0	-1.106810E-2	1.106810E-2	-2.818462E-4	2.818462E-4
-1.010000E+0	-1.076530E-2	1.076530E-2	-2.741355E-4	2.741355E-4
-1.000000E+0	-1.046260E-2	1.046260E-2	-2.664273E-4	2.664273E-4
-9.900000E-1	-1.017600E-2	1.017600E-2	-2.591291E-4	2.591291E-4
-9.800000E-1	-9.883770E-3	9.883770E-3	-2.516875E-4	2.516875E-4
-9.700000E-1	-9.637360E-3	9.637360E-3	-2.454128E-4	2.454128E-4
-9.600000E-1	-9.344410E-3	9.344410E-3	-2.379529E-4	2.379529E-4
-9.500000E-1	-9.087860E-3	9.087860E-3	-2.314199E-4	2.314199E-4
-9.400000E-1	-8.841690E-3	8.841690E-3	-2.251513E-4	2.251513E-4
-9.300000E-1	-8.624790E-3	8.624790E-3	-2.196280E-4	2.196280E-4
-9.200000E-1	-8.407020E-3	8.407020E-3	-2.140825E-4	2.140825E-4
-9.100000E-1	-8.203500E-3	8.203500E-3	-2.088999E-4	2.088999E-4
-9.000000E-1	-8.001120E-3	8.001120E-3	-2.037464E-4	2.037464E-4
-8.900000E-1	-7.797960E-3	7.797960E-3	-1.985730E-4	1.985730E-4
-8.800000E-1	-7.596710E-3	7.596710E-3	-1.934482E-4	1.934482E-4
-8.700000E-1	-7.405590E-3	7.405590E-3	-1.885814E-4	1.885814E-4
-8.600000E-1	-7.220420E-3	7.220420E-3	-1.838661E-4	1.838661E-4
-8.500000E-1	-7.038170E-3	7.038170E-3	-1.792251E-4	1.792251E-4
-8.400000E-1	-6.864570E-3	6.864570E-3	-1.748044E-4	1.748044E-4
-8.300000E-1	-6.686260E-3	6.686260E-3	-1.702638E-4	1.702638E-4
-8.200000E-1	-6.513170E-3	6.513170E-3	-1.658561E-4	1.658561E-4
-8.100000E-1	-6.349050E-3	6.349050E-3	-1.616769E-4	1.616769E-4
-8.000000E-1	-6.176180E-3	6.176180E-3	-1.572748E-4	1.572748E-4
-7.900000E-1	-6.012420E-3	6.012420E-3	-1.531047E-4	1.531047E-4
-7.800000E-1	-5.849250E-3	5.849250E-3	-1.489496E-4	1.489496E-4
-7.700000E-1	-5.694240E-3	5.694240E-3	-1.450023E-4	1.450023E-4
-7.600000E-1	-5.540220E-3	5.540220E-3	-1.410802E-4	1.410802E-4
-7.500000E-1	-5.380930E-3	5.380930E-3	-1.370239E-4	1.370239E-4
-7.400000E-1	-5.226670E-3	5.226670E-3	-1.330957E-4	1.330957E-4
-7.300000E-1	-5.071820E-3	5.071820E-3	-1.291525E-4	1.291525E-4
-7.200000E-1	-4.935290E-3	4.935290E-3	-1.256758E-4	1.256758E-4
-7.100000E-1	-4.796800E-3	4.796800E-3	-1.221492E-4	1.221492E-4
-7.000000E-1	-4.652070E-3	4.652070E-3	-1.184637E-4	1.184637E-4
-6.900000E-1	-4.515570E-3	4.515570E-3	-1.149878E-4	1.149878E-4
-6.800000E-1	-4.385520E-3	4.385520E-3	-1.116761E-4	1.116761E-4
-6.700000E-1	-4.246140E-3	4.246140E-3	-1.081268E-4	1.081268E-4
-6.600000E-1	-4.120450E-3	4.120450E-3	-1.049262E-4	1.049262E-4
-6.500000E-1	-3.989040E-3	3.989040E-3	-1.015798E-4	1.015798E-4
-6.400000E-1	-3.869640E-3	3.869640E-3	-9.853934E-5	9.853934E-5
-6.300000E-1	-3.749610E-3	3.749610E-3	-9.548281E-5	9.548281E-5
-6.200000E-1	-3.624980E-3	3.624980E-3	-9.230914E-5	9.230914E-5
-6.100000E-1	-3.509620E-3	3.509620E-3	-8.937153E-5	8.937153E-5
-6.000000E-1	-3.402650E-3	3.402650E-3	-8.664757E-5	8.664757E-5
-5.900000E-1	-3.289470E-3	3.289470E-3	-8.376547E-5	8.376547E-5
-5.800000E-1	-3.176780E-3	3.176780E-3	-8.089585E-5	8.089585E-5
-5.700000E-1	-3.068060E-3	3.068060E-3	-7.812732E-5	7.812732E-5
-5.600000E-1	-2.962930E-3	2.962930E-3	-7.545022E-5	7.545022E-5
-5.500000E-1	-2.866160E-3	2.866160E-3	-7.298599E-5	7.298599E-5
-5.400000E-1	-2.769060E-3	2.769060E-3	-7.051337E-5	7.051337E-5
-5.300000E-1	-2.668730E-3	2.668730E-3	-6.795849E-5	6.795849E-5
-5.200000E-1	-2.575870E-3	2.575870E-3	-6.559384E-5	6.559384E-5
-5.100000E-1	-2.485600E-3	2.485600E-3	-6.329514E-5	6.329514E-5
-5.000000E-1	-2.394980E-3	2.394980E-3	-6.098752E-5	6.098752E-5
-4.900000E-1	-2.308460E-3	2.308460E-3	-5.878431E-5	5.878431E-5
-4.800000E-1	-2.225580E-3	2.225580E-3	-5.667380E-5	5.667380E-5
-4.700000E-1	-2.143110E-3	2.143110E-3	-5.457372E-5	5.457372E-5
-4.600000E-1	-2.062450E-3	2.062450E-3	-5.251973E-5	5.251973E-5
-4.500000E-1	-1.985610E-3	1.985610E-3	-5.056302E-5	5.056302E-5
-4.400000E-1	-1.908920E-3	1.908920E-3	-4.861013E-5	4.861013E-5
-4.300000E-1	-1.833520E-3	1.833520E-3	-4.669009E-5	4.669009E-5
-4.200000E-1	-1.760320E-3	1.760320E-3	-4.482608E-5	4.482608E-5
-4.100000E-1	-1.693330E-3	1.693330E-3	-4.312019E-5	4.312019E-5
-4.000000E-1	-1.623950E-3	1.623950E-3	-4.135345E-5	4.135345E-5
-3.900000E-1	-1.559170E-3	1.559170E-3	-3.970384E-5	3.970384E-5
-3.800000E-1	-1.495620E-3	1.495620E-3	-3.808556E-5	3.808556E-5
-3.700000E-1	-1.431190E-3	1.431190E-3	-3.644487E-5	3.644487E-5
-3.600000E-1	-1.369500E-3	1.369500E-3	-3.487395E-5	3.487395E-5
-3.500000E-1	-1.309380E-3	1.309380E-3	-3.334301E-5	3.334301E-5
-3.400000E-1	-1.253120E-3	1.253120E-3	-3.191036E-5	3.191036E-5
-3.300000E-1	-1.196370E-3	1.196370E-3	-3.046524E-5	3.046524E-5
-3.200000E-1	-1.140750E-3	1.140750E-3	-2.904889E-5	2.904889E-5
-3.100000E-1	-1.088910E-3	1.088910E-3	-2.772880E-5	2.772880E-5
-3.000000E-1	-1.036280E-3	1.036280E-3	-2.638859E-5	2.638859E-5
-2.900000E-1	-9.864940E-4	9.864940E-4	-2.512080E-5	2.512080E-5
-2.800000E-1	-9.377770E-4	9.377770E-4	-2.388024E-5	2.388024E-5
-2.700000E-1	-8.889190E-4	8.889190E-4	-2.263608E-5	2.263608E-5
-2.600000E-1	-8.397610E-4	8.397610E-4	-2.138429E-5	2.138429E-5
-2.500000E-1	-7.960720E-4	7.960720E-4	-2.027176E-5	2.027176E-5
-2.400000E-1	-7.522860E-4	7.522860E-4	-1.915676E-5	1.915676E-5
-2.300000E-1	-7.073190E-4	7.073190E-4	-1.801169E-5	1.801169E-5
-2.200000E-1	-6.658750E-4	6.658750E-4	-1.695633E-5	1.695633E-5
-2.100000E-1	-6.248170E-4	6.248170E-4	-1.591080E-5	1.591080E-5
-2.000000E-1	-5.866030E-4	5.866030E-4	-1.493769E-5	1.493769E-5
-1.900000E-1	-5.496470E-4	5.496470E-4	-1.399661E-5	1.399661E-5
-1.800000E-1	-5.121540E-4	5.121540E-4	-1.304186E-5	1.304186E-5
-1.700000E-1	-4.767000E-4	4.767000E-4	-1.213904E-5	1.213904E-5
-1.600000E-1	-4.415840E-4	4.415840E-4	-1.124482E-5	1.124482E-5
-1.500000E-1	-4.074510E-4	4.074510E-4	-1.037563E-5	1.037563E-5
-1.400000E-1	-3.759270E-4	3.759270E-4	-9.572880E-6	9.572880E-6
-1.300000E-1	-3.441860E-4	3.441860E-4	-8.764604E-6	8.764604E-6
-1.200000E-1	-3.139130E-4	3.139130E-4	-7.993710E-6	7.993710E-6
-1.100000E-1	-2.839330E-4	2.839330E-4	-7.230277E-6	7.230277E-6
-1.000000E-1	-2.560880E-4	2.560880E-4	-6.521212E-6	6.521212E-6
-9.000000E-2	-2.270180E-4	2.270180E-4	-5.780952E-6	5.780952E-6
-8.000000E-2	-2.003870E-4	2.003870E-4	-5.102801E-6	5.102801E-6
-7.000000E-2	-1.734790E-4	1.734790E-4	-4.417596E-6	4.417596E-6
-6.000000E-2	-1.476690E-4	1.476690E-4	-3.760351E-6	3.760351E-6
-5.000000E-2	-1.222560E-4	1.222560E-4	-3.113216E-6	3.113216E-6
-4.000000E-2	-9.737530E-5	9.737530E-5	-2.479636E-6	2.479636E-6
-3.000000E-2	-7.270820E-5	7.270820E-5	-1.851495E-6	1.851495E-6
-2.000000E-2	-4.826980E-5	4.826980E-5	-1.229177E-6	1.229177E-6
-1.000000E-2	-2.426500E-5	2.426500E-5	-6.179017E-7	6.179017E-7
0.000000E+0	-1.165300E-7	1.165300E-7	-2.967405E-9	2.967405E-9
1.000000E-2	2.367950E-5	2.367950E-5	6.029921E-7	6.029921E-7
2.000000E-2	4.771620E-5	4.771620E-5	1.215080E-6	1.215080E-6
3.000000E-2	7.194940E-5	7.194940E-5	1.832172E-6	1.832172E-6
4.000000E-2	9.585110E-5	9.585110E-5	2.440822E-6	2.440822E-6
5.000000E-2	1.204970E-4	1.204970E-4	3.068424E-6	3.068424E-6
6.000000E-2	1.459510E-4	1.459510E-4	3.716603E-6	3.716603E-6
7.000000E-2	1.709010E-4	1.709010E-4	4.351948E-6	4.351948E-6
8.000000E-2	1.973530E-4	1.973530E-4	5.025541E-6	5.025541E-6
9.000000E-2	2.240880E-4	2.240880E-4	5.706341E-6	5.706341E-6
1.000000E-1	2.507850E-4	2.507850E-4	6.386173E-6	6.386173E-6
1.100000E-1	2.789230E-4	2.789230E-4	7.102699E-6	7.102699E-6
1.200000E-1	3.086280E-4	3.086280E-4	7.859129E-6	7.859129E-6
1.300000E-1	3.373120E-4	3.373120E-4	8.589559E-6	8.589559E-6
1.400000E-1	3.677960E-4	3.677960E-4	9.365826E-6	9.365826E-6
1.500000E-1	3.986440E-4	3.986440E-4	1.015136E-5	1.015136E-5
1.600000E-1	4.310060E-4	4.310060E-4	1.097545E-5	1.097545E-5
1.700000E-1	4.639570E-4	4.639570E-4	1.181454E-5	1.181454E-5
1.800000E-1	4.972580E-4	4.972580E-4	1.266254E-5	1.266254E-5
1.900000E-1	5.321760E-4	5.321760E-4	1.355172E-5	1.355172E-5
2.000000E-1	5.682010E-4	5.682010E-4	1.446909E-5	1.446909E-5
2.100000E-1	6.053480E-4	6.053480E-4	1.541502E-5	1.541502E-5
2.200000E-1	6.389180E-4	6.389180E-4	1.626988E-5	1.626988E-5
2.300000E-1	6.783360E-4	6.783360E-4	1.727364E-5	1.727364E-5
2.400000E-1	7.160120E-4	7.160120E-4	1.823305E-5	1.823305E-5
2.500000E-1	7.563310E-4	7.563310E-4	1.925977E-5	1.925977E-5
2.600000E-1	8.023570E-4	8.023570E-4	2.043181E-5	2.043181E-5
2.700000E-1	8.447260E-4	8.447260E-4	2.151072E-5	2.151072E-5
2.800000E-1	8.903070E-4	8.903070E-4	2.267143E-5	2.267143E-5
2.900000E-1	9.359080E-4	9.359080E-4	2.383265E-5	2.383265E-5
3.000000E-1	9.824080E-4	9.824080E-4	2.501676E-5	2.501676E-5
3.100000E-1	1.034010E-3	1.034010E-3	2.633079E-5	2.633079E-5
3.200000E-1	1.081987E-3	1.081987E-3	2.755251E-5	2.755251E-5
3.300000E-1	1.134739E-3	1.134739E-3	2.889582E-5	2.889582E-5
3.400000E-1	1.186400E-3	1.186400E-3	3.021136E-5	3.021136E-5
3.500000E-1	1.240280E-3	1.240280E-3	3.158340E-5	3.158340E-5
3.600000E-1	1.297040E-3	1.297040E-3	3.302877E-5	3.302877E-5
3.700000E-1	1.349660E-3	1.349660E-3	3.436873E-5	3.436873E-5
3.800000E-1	1.406510E-3	1.406510E-3	3.581640E-5	3.581640E-5
3.900000E-1	1.469860E-3	1.469860E-3	3.742959E-5	3.742959E-5
4.000000E-1	1.530180E-3	1.530180E-3	3.896562E-5	3.896562E-5
4.100000E-1	1.595120E-3	1.595120E-3	4.061930E-5	4.061930E-5
4.200000E-1	1.662960E-3	1.662960E-3	4.234683E-5	4.234683E-5
4.300000E-1	1.733060E-3	1.733060E-3	4.413191E-5	4.413191E-5
4.400000E-1	1.805380E-3	1.805380E-3	4.597352E-5	4.597352E-5
4.500000E-1	1.877340E-3	1.877340E-3	4.780596E-5	4.780596E-5
4.600000E-1	1.949660E-3	1.949660E-3	4.964757E-5	4.964757E-5
4.700000E-1	2.029010E-3	2.029010E-3	5.166819E-5	5.166819E-5
4.800000E-1	2.107900E-3	2.107900E-3	5.367711E-5	5.367711E-5
4.900000E-1	2.186190E-3	2.186190E-3	5.567074E-5	5.567074E-5
5.000000E-1	2.267760E-3	2.267760E-3	5.774790E-5	5.774790E-5
5.100000E-1	2.353180E-3	2.353180E-3	5.992310E-5	5.992310E-5
5.200000E-1	2.441690E-3	2.441690E-3	6.217698E-5	6.217698E-5
5.300000E-1	2.529800E-3	2.529800E-3	6.442068E-5	6.442068E-5
5.400000E-1	2.629920E-3	2.629920E-3	6.697021E-5	6.697021E-5
5.500000E-1	2.731750E-3	2.731750E-3	6.956328E-5	6.956328E-5
5.600000E-1	2.822840E-3	2.822840E-3	7.188286E-5	7.188286E-5
5.700000E-1	2.935800E-3	2.935800E-3	7.475936E-5	7.475936E-5
5.800000E-1	3.049000E-3	3.049000E-3	7.764196E-5	7.764196E-5
5.900000E-1	3.167810E-3	3.167810E-3	8.066743E-5	8.066743E-5
6.000000E-1	3.296180E-3	3.296180E-3	8.393634E-5	8.393634E-5
6.100000E-1	3.427710E-3	3.427710E-3	8.728571E-5	8.728571E-5
6.200000E-1	3.563510E-3	3.563510E-3	9.074382E-5	9.074382E-5
6.300000E-1	3.714280E-3	3.714280E-3	9.458314E-5	9.458314E-5
6.400000E-1	3.887640E-3	3.887640E-3	9.899771E-5	9.899771E-5
6.500000E-1	4.091810E-3	4.091810E-3	1.041968E-4	1.041968E-4
6.600000E-1	4.321630E-3	4.321630E-3	1.100491E-4	1.100491E-4
6.700000E-1	4.608200E-3	4.608200E-3	1.173466E-4	1.173466E-4
6.800000E-1	4.967810E-3	4.967810E-3	1.265039E-4	1.265039E-4
6.900000E-1	5.422040E-3	5.422040E-3	1.380708E-4	1.380708E-4
7.000000E-1	6.103540E-3	6.103540E-3	1.554250E-4	1.554250E-4
7.100000E-1	7.088000E-3	7.088000E-3	1.804940E-4	1.804940E-4
7.200000E-1	8.584560E-3	8.584560E-3	2.186035E-4	2.186035E-4
7.300000E-1	1.064388E-2	1.064388E-2	2.710435E-4	2.710435E-4
7.400000E-1	9.699700E-3	9.699700E-3	2.470003E-4	2.470003E-4
7.500000E-1	7.745910E-3	7.745910E-3	1.972475E-4	1.972475E-4
7.600000E-1	7.459850E-3	7.459850E-3	1.899631E-4	1.899631E-4
7.700000E-1	7.320310E-3	7.320310E-3	1.864097E-4	1.864097E-4
7.800000E-1	7.264870E-3	7.264870E-3	1.849980E-4	1.849980E-4
7.900000E-1	5.060690E-3	5.060690E-3	1.288691E-4	1.288691E-4
8.000000E-1	2.479670E-3	2.479670E-3	6.314413E-5	6.314413E-5
8.100000E-1	2.821800E-3	2.821800E-3	7.185638E-5	7.185638E-5
8.200000E-1	2.498390E-3	2.498390E-3	6.362083E-5	6.362083E-5
8.300000E-1	2.372400E-3	2.372400E-3	6.041253E-5	6.041253E-5
8.400000E-1	4.802800E-3	4.802800E-3	1.223020E-4	1.223020E-4
8.500000E-1	4.276430E-3	4.276430E-3	1.088981E-4	1.088981E-4
8.600000E-1	3.890760E-3	3.890760E-3	9.907716E-5	9.907716E-5
8.700000E-1	3.710420E-3	3.710420E-3	9.448485E-5	9.448485E-5
8.800000E-1	4.262180E-3	4.262180E-3	1.085353E-4	1.085353E-4
8.900000E-1	7.763430E-3	7.763430E-3	1.976937E-4	1.976937E-4
9.000000E-1	8.627390E-3	8.627390E-3	2.196942E-4	2.196942E-4
9.100000E-1	8.384280E-3	8.384280E-3	2.135034E-4	2.135034E-4
9.200000E-1	7.143950E-3	7.143950E-3	1.819188E-4	1.819188E-4
9.300000E-1	9.590190E-3	9.590190E-3	2.442116E-4	2.442116E-4
9.400000E-1	1.072551E-2	1.072551E-2	2.731222E-4	2.731222E-4
9.500000E-1	8.639640E-3	8.639640E-3	2.200061E-4	2.200061E-4
9.600000E-1	8.070600E-3	8.070600E-3	2.055157E-4	2.055157E-4
9.700000E-1	7.618500E-3	7.618500E-3	1.940031E-4	1.940031E-4
9.800000E-1	8.192810E-3	8.192810E-3	2.086277E-4	2.086277E-4
9.900000E-1	7.680220E-3	7.680220E-3	1.955747E-4	1.955747E-4
1.000000E+0	1.404490E-2	1.404490E-2	3.576496E-4	3.576496E-4
1.010000E+0	1.587480E-2	1.587480E-2	4.042475E-4	4.042475E-4
1.020000E+0	1.381520E-2	1.381520E-2	3.518004E-4	3.518004E-4
1.030000E+0	1.550290E-2	1.550290E-2	3.947772E-4	3.947772E-4
1.040000E+0	1.605750E-2	1.605750E-2	4.088999E-4	4.088999E-4
1.050000E+0	1.339150E-2	1.339150E-2	3.410109E-4	3.410109E-4
1.060000E+0	1.236050E-2	1.236050E-2	3.147568E-4	3.147568E-4
1.070000E+0	1.615390E-2	1.615390E-2	4.113547E-4	4.113547E-4
1.080000E+0	1.425200E-2	1.425200E-2	3.629233E-4	3.629233E-4
1.090000E+0	1.775460E-2	1.775460E-2	4.521161E-4	4.521161E-4
1.100000E+0	2.120300E-2	2.120300E-2	5.399287E-4	5.399287E-4
1.110000E+0	7.853040E-3	7.853040E-3	1.999756E-4	1.999756E-4
1.120000E+0	8.725590E-3	8.725590E-3	2.221948E-4	2.221948E-4
1.130000E+0	8.772310E-3	8.772310E-3	2.233845E-4	2.233845E-4
1.140000E+0	7.416240E-3	7.416240E-3	1.888526E-4	1.888526E-4
1.150000E+0	9.124770E-3	9.124770E-3	2.323598E-4	2.323598E-4
1.160000E+0	1.124209E-2	1.124209E-2	2.862768E-4	2.862768E-4
1.170000E+0	1.375880E-2	1.375880E-2	3.503641E-4	3.503641E-4
1.180000E+0	1.386480E-2	1.386480E-2	3.530634E-4	3.530634E-4
1.190000E+0	1.381990E-2	1.381990E-2	3.519200E-4	3.519200E-4
1.200000E+0	1.418440E-2	1.418440E-2	3.612019E-4	3.612019E-4
1.210000E+0	1.570580E-2	1.570580E-2	3.999440E-4	3.999440E-4
1.220000E+0	1.599770E-2	1.599770E-2	4.073771E-4	4.073771E-4
1.230000E+0	1.594560E-2	1.594560E-2	4.060504E-4	4.060504E-4
1.240000E+0	1.597860E-2	1.597860E-2	4.068908E-4	4.068908E-4
1.250000E+0	1.901090E-2	1.901090E-2	4.841075E-4	4.841075E-4
1.260000E+0	1.827190E-2	1.827190E-2	4.652890E-4	4.652890E-4
1.270000E+0	1.300940E-2	1.300940E-2	3.312809E-4	3.312809E-4
1.280000E+0	1.566340E-2	1.566340E-2	3.988643E-4	3.988643E-4
1.290000E+0	1.518840E-2	1.518840E-2	3.867685E-4	3.867685E-4
1.300000E+0	1.411660E-2	1.411660E-2	3.594754E-4	3.594754E-4
1.310000E+0	1.255310E-2	1.255310E-2	3.196613E-4	3.196613E-4
1.320000E+0	1.221170E-2	1.221170E-2	3.109677E-4	3.109677E-4
1.330000E+0	1.221780E-2	1.221780E-2	3.111230E-4	3.111230E-4
1.340000E+0	1.215220E-2	1.215220E-2	3.094525E-4	3.094525E-4
1.350000E+0	1.206710E-2	1.206710E-2	3.072855E-4	3.072855E-4
1.360000E+0	1.196300E-2	1.196300E-2	3.046346E-4	3.046346E-4
1.370000E+0	1.234300E-2	1.234300E-2	3.143112E-4	3.143112E-4
1.380000E+0	1.191900E-2	1.191900E-2	3.035141E-4	3.035141E-4
1.390000E+0	1.159420E-2	1.159420E-2	2.952432E-4	2.952432E-4
1.400000E+0	1.139700E-2	1.139700E-2	2.902215E-4	2.902215E-4
1.410000E+0	1.117580E-2	1.117580E-2	2.845887E-4	2.845887E-4
1.420000E+0	1.141570E-2	1.141570E-2	2.906977E-4	2.906977E-4
1.430000E+0	1.117440E-2	1.117440E-2	2.845531E-4	2.845531E-4
1.440000E+0	1.137690E-2	1.137690E-2	2.897097E-4	2.897097E-4
1.450000E+0	1.212150E-2	1.212150E-2	3.086707E-4	3.086707E-4
1.460000E+0	1.290150E-2	1.290150E-2	3.285332E-4	3.285332E-4
1.470000E+0	1.263780E-2	1.263780E-2	3.218182E-4	3.218182E-4
1.480000E+0	1.267140E-2	1.267140E-2	3.226738E-4	3.226738E-4
1.490000E+0	1.293680E-2	1.293680E-2	3.294321E-4	3.294321E-4
1.500000E+0	1.493700E-2	1.493700E-2	3.803667E-4	3.803667E-4
