

13:37:55	17/03/21


Ell Cont: 5,0x10,0

SMU1	V name:		V1
	I name:		I1
	Mode:		V
	Function:	VAR1
SMU2	V name:		V2
	I name:		I2
	Mode:		common
	Function:	const.
SMU3	off
SMU4	off
VMUs	off

Primary Source (VAR1):	single
	Sweep Spacing:	linear
	Start:		-0.500000
	Stop:		0.500000
	Step:		0.010000
	Compliance:	0.050000
Power Compliance OFF

Timing:		Integration Time:	medium
	Delay Time (sec):	0.000000
	Hold Time (sec):	0.000000
	Wait Time (sec):	1.000000

Secondary Source (VAR2):	OFF


   V1	   I1	Abs(I)	J (A\µm²)	Abs(J)
-5.000000E-1	-1.097530E-7	1.097530E-7	-2.794831E-9	2.794831E-9
-4.900000E-1	-1.044890E-7	1.044890E-7	-2.660784E-9	2.660784E-9
-4.800000E-1	-9.979180E-8	9.979180E-8	-2.541171E-9	2.541171E-9
-4.700000E-1	-9.576990E-8	9.576990E-8	-2.438755E-9	2.438755E-9
-4.600000E-1	-9.218320E-8	9.218320E-8	-2.347420E-9	2.347420E-9
-4.500000E-1	-8.910550E-8	8.910550E-8	-2.269048E-9	2.269048E-9
-4.400000E-1	-8.614760E-8	8.614760E-8	-2.193725E-9	2.193725E-9
-4.300000E-1	-8.317280E-8	8.317280E-8	-2.117973E-9	2.117973E-9
-4.200000E-1	-8.042550E-8	8.042550E-8	-2.048014E-9	2.048014E-9
-4.100000E-1	-7.760660E-8	7.760660E-8	-1.976231E-9	1.976231E-9
-4.000000E-1	-7.488400E-8	7.488400E-8	-1.906901E-9	1.906901E-9
-3.900000E-1	-7.232510E-8	7.232510E-8	-1.841739E-9	1.841739E-9
-3.800000E-1	-6.992720E-8	6.992720E-8	-1.780677E-9	1.780677E-9
-3.700000E-1	-6.743850E-8	6.743850E-8	-1.717303E-9	1.717303E-9
-3.600000E-1	-6.505810E-8	6.505810E-8	-1.656687E-9	1.656687E-9
-3.500000E-1	-6.279310E-8	6.279310E-8	-1.599009E-9	1.599009E-9
-3.400000E-1	-6.049440E-8	6.049440E-8	-1.540474E-9	1.540474E-9
-3.300000E-1	-5.823190E-8	5.823190E-8	-1.482860E-9	1.482860E-9
-3.200000E-1	-5.607660E-8	5.607660E-8	-1.427976E-9	1.427976E-9
-3.100000E-1	-5.389000E-8	5.389000E-8	-1.372294E-9	1.372294E-9
-3.000000E-1	-5.146180E-8	5.146180E-8	-1.310461E-9	1.310461E-9
-2.900000E-1	-4.943750E-8	4.943750E-8	-1.258913E-9	1.258913E-9
-2.800000E-1	-4.718690E-8	4.718690E-8	-1.201602E-9	1.201602E-9
-2.700000E-1	-4.516970E-8	4.516970E-8	-1.150234E-9	1.150234E-9
-2.600000E-1	-4.328290E-8	4.328290E-8	-1.102187E-9	1.102187E-9
-2.500000E-1	-4.115910E-8	4.115910E-8	-1.048105E-9	1.048105E-9
-2.400000E-1	-3.908390E-8	3.908390E-8	-9.952610E-10	9.952610E-10
-2.300000E-1	-3.708380E-8	3.708380E-8	-9.443290E-10	9.443290E-10
-2.200000E-1	-3.515170E-8	3.515170E-8	-8.951286E-10	8.951286E-10
-2.100000E-1	-3.342590E-8	3.342590E-8	-8.511816E-10	8.511816E-10
-2.000000E-1	-3.142350E-8	3.142350E-8	-8.001910E-10	8.001910E-10
-1.900000E-1	-2.966940E-8	2.966940E-8	-7.555233E-10	7.555233E-10
-1.800000E-1	-2.782660E-8	2.782660E-8	-7.085969E-10	7.085969E-10
-1.700000E-1	-2.596430E-8	2.596430E-8	-6.611739E-10	6.611739E-10
-1.600000E-1	-2.421620E-8	2.421620E-8	-6.166590E-10	6.166590E-10
-1.500000E-1	-2.239710E-8	2.239710E-8	-5.703361E-10	5.703361E-10
-1.400000E-1	-2.071440E-8	2.071440E-8	-5.274866E-10	5.274866E-10
-1.300000E-1	-1.899790E-8	1.899790E-8	-4.837764E-10	4.837764E-10
-1.200000E-1	-1.729320E-8	1.729320E-8	-4.403667E-10	4.403667E-10
-1.100000E-1	-1.564500E-8	1.564500E-8	-3.983957E-10	3.983957E-10
-1.000000E-1	-1.399470E-8	1.399470E-8	-3.563713E-10	3.563713E-10
-9.000000E-2	-1.240440E-8	1.240440E-8	-3.158747E-10	3.158747E-10
-8.000000E-2	-1.084540E-8	1.084540E-8	-2.761752E-10	2.761752E-10
-7.000000E-2	-9.812040E-9	9.812040E-9	-2.498610E-10	2.498610E-10
-6.000000E-2	-8.245930E-9	8.245930E-9	-2.099804E-10	2.099804E-10
-5.000000E-2	-6.688700E-9	6.688700E-9	-1.703259E-10	1.703259E-10
-4.000000E-2	-5.173470E-9	5.173470E-9	-1.317410E-10	1.317410E-10
-3.000000E-2	-3.627080E-9	3.627080E-9	-9.236262E-11	9.236262E-11
-2.000000E-2	-2.099320E-9	2.099320E-9	-5.345862E-11	5.345862E-11
-1.000000E-2	-9.289800E-10	9.289800E-10	-2.365623E-11	2.365623E-11
0.000000E+0	3.205300E-10	3.205300E-10	8.162210E-12	8.162210E-12
1.000000E-2	1.866660E-9	1.866660E-9	4.753399E-11	4.753399E-11
2.000000E-2	3.667170E-9	3.667170E-9	9.338350E-11	9.338350E-11
3.000000E-2	5.317230E-9	5.317230E-9	1.354018E-10	1.354018E-10
4.000000E-2	6.935160E-9	6.935160E-9	1.766020E-10	1.766020E-10
5.000000E-2	8.562740E-9	8.562740E-9	2.180479E-10	2.180479E-10
6.000000E-2	9.790100E-9	9.790100E-9	2.493023E-10	2.493023E-10
7.000000E-2	1.189810E-8	1.189810E-8	3.029819E-10	3.029819E-10
8.000000E-2	1.368070E-8	1.368070E-8	3.483753E-10	3.483753E-10
9.000000E-2	1.541110E-8	1.541110E-8	3.924395E-10	3.924395E-10
1.000000E-1	1.713210E-8	1.713210E-8	4.362643E-10	4.362643E-10
1.100000E-1	1.895560E-8	1.895560E-8	4.826993E-10	4.826993E-10
1.200000E-1	2.066830E-8	2.066830E-8	5.263127E-10	5.263127E-10
1.300000E-1	2.242920E-8	2.242920E-8	5.711535E-10	5.711535E-10
1.400000E-1	2.412290E-8	2.412290E-8	6.142832E-10	6.142832E-10
1.500000E-1	2.595430E-8	2.595430E-8	6.609193E-10	6.609193E-10
1.600000E-1	2.778740E-8	2.778740E-8	7.075987E-10	7.075987E-10
1.700000E-1	2.961050E-8	2.961050E-8	7.540234E-10	7.540234E-10
1.800000E-1	3.150460E-8	3.150460E-8	8.022562E-10	8.022562E-10
1.900000E-1	3.345300E-8	3.345300E-8	8.518716E-10	8.518716E-10
2.000000E-1	3.533290E-8	3.533290E-8	8.997428E-10	8.997428E-10
2.100000E-1	3.727060E-8	3.727060E-8	9.490858E-10	9.490858E-10
2.200000E-1	3.935220E-8	3.935220E-8	1.002093E-9	1.002093E-9
2.300000E-1	4.132590E-8	4.132590E-8	1.052353E-9	1.052353E-9
2.400000E-1	4.345200E-8	4.345200E-8	1.106493E-9	1.106493E-9
2.500000E-1	4.548400E-8	4.548400E-8	1.158238E-9	1.158238E-9
2.600000E-1	4.749480E-8	4.749480E-8	1.209442E-9	1.209442E-9
2.700000E-1	4.975290E-8	4.975290E-8	1.266944E-9	1.266944E-9
2.800000E-1	5.185000E-8	5.185000E-8	1.320346E-9	1.320346E-9
2.900000E-1	5.404540E-8	5.404540E-8	1.376252E-9	1.376252E-9
3.000000E-1	5.621720E-8	5.621720E-8	1.431556E-9	1.431556E-9
3.100000E-1	5.854730E-8	5.854730E-8	1.490891E-9	1.490891E-9
3.200000E-1	6.083760E-8	6.083760E-8	1.549213E-9	1.549213E-9
3.300000E-1	6.326950E-8	6.326950E-8	1.611141E-9	1.611141E-9
3.400000E-1	6.559310E-8	6.559310E-8	1.670311E-9	1.670311E-9
3.500000E-1	6.793590E-8	6.793590E-8	1.729969E-9	1.729969E-9
3.600000E-1	7.055720E-8	7.055720E-8	1.796720E-9	1.796720E-9
3.700000E-1	7.285100E-8	7.285100E-8	1.855131E-9	1.855131E-9
3.800000E-1	7.532370E-8	7.532370E-8	1.918098E-9	1.918098E-9
3.900000E-1	7.790170E-8	7.790170E-8	1.983746E-9	1.983746E-9
4.000000E-1	8.047190E-8	8.047190E-8	2.049195E-9	2.049195E-9
4.100000E-1	8.318780E-8	8.318780E-8	2.118355E-9	2.118355E-9
4.200000E-1	8.583270E-8	8.583270E-8	2.185707E-9	2.185707E-9
4.300000E-1	8.849220E-8	8.849220E-8	2.253430E-9	2.253430E-9
4.400000E-1	9.117580E-8	9.117580E-8	2.321767E-9	2.321767E-9
4.500000E-1	9.381140E-8	9.381140E-8	2.388882E-9	2.388882E-9
4.600000E-1	9.659480E-8	9.659480E-8	2.459761E-9	2.459761E-9
4.700000E-1	9.951120E-8	9.951120E-8	2.534026E-9	2.534026E-9
4.800000E-1	1.022621E-7	1.022621E-7	2.604077E-9	2.604077E-9
4.900000E-1	1.054421E-7	1.054421E-7	2.685055E-9	2.685055E-9
5.000000E-1	1.077430E-7	1.077430E-7	2.743647E-9	2.743647E-9
