

13:32:06	17/03/21


Ell Cont: 5,0x10,0

SMU1	V name:		V1
	I name:		I1
	Mode:		V
	Function:	VAR1
SMU2	V name:		V2
	I name:		I2
	Mode:		common
	Function:	const.
SMU3	off
SMU4	off
VMUs	off

Primary Source (VAR1):	single
	Sweep Spacing:	linear
	Start:		-0.500000
	Stop:		0.500000
	Step:		0.010000
	Compliance:	0.050000
Power Compliance OFF

Timing:		Integration Time:	medium
	Delay Time (sec):	0.000000
	Hold Time (sec):	0.000000
	Wait Time (sec):	1.000000

Secondary Source (VAR2):	OFF


   V1	   I1	Abs(I)	J (A\µm²)	Abs(J)
-5.000000E-1	-6.952150E-3	6.952150E-3	-1.770346E-4	1.770346E-4
-4.900000E-1	-7.106430E-3	7.106430E-3	-1.809633E-4	1.809633E-4
-4.800000E-1	-7.350160E-3	7.350160E-3	-1.871698E-4	1.871698E-4
-4.700000E-1	-6.989500E-3	6.989500E-3	-1.779857E-4	1.779857E-4
-4.600000E-1	-6.990770E-3	6.990770E-3	-1.780181E-4	1.780181E-4
-4.500000E-1	-7.445680E-3	7.445680E-3	-1.896022E-4	1.896022E-4
-4.400000E-1	-7.777570E-3	7.777570E-3	-1.980537E-4	1.980537E-4
-4.300000E-1	-7.617940E-3	7.617940E-3	-1.939888E-4	1.939888E-4
-4.200000E-1	-7.404090E-3	7.404090E-3	-1.885432E-4	1.885432E-4
-4.100000E-1	-7.189250E-3	7.189250E-3	-1.830723E-4	1.830723E-4
-4.000000E-1	-7.000900E-3	7.000900E-3	-1.782760E-4	1.782760E-4
-3.900000E-1	-6.792580E-3	6.792580E-3	-1.729712E-4	1.729712E-4
-3.800000E-1	-6.614250E-3	6.614250E-3	-1.684301E-4	1.684301E-4
-3.700000E-1	-6.417340E-3	6.417340E-3	-1.634158E-4	1.634158E-4
-3.600000E-1	-6.247340E-3	6.247340E-3	-1.590868E-4	1.590868E-4
-3.500000E-1	-5.998360E-3	5.998360E-3	-1.527466E-4	1.527466E-4
-3.400000E-1	-5.889790E-3	5.889790E-3	-1.499819E-4	1.499819E-4
-3.300000E-1	-5.711190E-3	5.711190E-3	-1.454339E-4	1.454339E-4
-3.200000E-1	-5.525850E-3	5.525850E-3	-1.407143E-4	1.407143E-4
-3.100000E-1	-5.234090E-3	5.234090E-3	-1.332847E-4	1.332847E-4
-3.000000E-1	-5.210930E-3	5.210930E-3	-1.326949E-4	1.326949E-4
-2.900000E-1	-5.045730E-3	5.045730E-3	-1.284882E-4	1.284882E-4
-2.800000E-1	-4.863720E-3	4.863720E-3	-1.238533E-4	1.238533E-4
-2.700000E-1	-4.684000E-3	4.684000E-3	-1.192768E-4	1.192768E-4
-2.600000E-1	-4.481700E-3	4.481700E-3	-1.141253E-4	1.141253E-4
-2.500000E-1	-4.209950E-3	4.209950E-3	-1.072052E-4	1.072052E-4
-2.400000E-1	-4.066120E-3	4.066120E-3	-1.035427E-4	1.035427E-4
-2.300000E-1	-4.033640E-3	4.033640E-3	-1.027156E-4	1.027156E-4
-2.200000E-1	-3.847450E-3	3.847450E-3	-9.797428E-5	9.797428E-5
-2.100000E-1	-3.669490E-3	3.669490E-3	-9.344258E-5	9.344258E-5
-2.000000E-1	-3.488160E-3	3.488160E-3	-8.882506E-5	8.882506E-5
-1.900000E-1	-3.303790E-3	3.303790E-3	-8.413012E-5	8.413012E-5
-1.800000E-1	-3.119700E-3	3.119700E-3	-7.944232E-5	7.944232E-5
-1.700000E-1	-2.926950E-3	2.926950E-3	-7.453399E-5	7.453399E-5
-1.600000E-1	-2.727000E-3	2.727000E-3	-6.944232E-5	6.944232E-5
-1.500000E-1	-2.486860E-3	2.486860E-3	-6.332722E-5	6.332722E-5
-1.400000E-1	-2.321410E-3	2.321410E-3	-5.911408E-5	5.911408E-5
-1.300000E-1	-2.144530E-3	2.144530E-3	-5.460988E-5	5.460988E-5
-1.200000E-1	-1.979540E-3	1.979540E-3	-5.040845E-5	5.040845E-5
-1.100000E-1	-1.814020E-3	1.814020E-3	-4.619353E-5	4.619353E-5
-1.000000E-1	-1.650280E-3	1.650280E-3	-4.202394E-5	4.202394E-5
-9.000000E-2	-1.482080E-3	1.482080E-3	-3.774077E-5	3.774077E-5
-8.000000E-2	-1.310400E-3	1.310400E-3	-3.336898E-5	3.336898E-5
-7.000000E-2	-1.142610E-3	1.142610E-3	-2.909626E-5	2.909626E-5
-6.000000E-2	-9.784800E-4	9.784800E-4	-2.491673E-5	2.491673E-5
-5.000000E-2	-8.111560E-4	8.111560E-4	-2.065587E-5	2.065587E-5
-4.000000E-2	-6.364540E-4	6.364540E-4	-1.620713E-5	1.620713E-5
-3.000000E-2	-4.667850E-4	4.667850E-4	-1.188655E-5	1.188655E-5
-2.000000E-2	-3.104060E-4	3.104060E-4	-7.904405E-6	7.904405E-6
-1.000000E-2	-1.558230E-4	1.558230E-4	-3.967991E-6	3.967991E-6
0.000000E+0	-9.490400E-7	9.490400E-7	-2.416705E-8	2.416705E-8
1.000000E-2	1.487140E-4	1.487140E-4	3.786962E-6	3.786962E-6
2.000000E-2	2.986450E-4	2.986450E-4	7.604915E-6	7.604915E-6
3.000000E-2	4.458730E-4	4.458730E-4	1.135404E-5	1.135404E-5
4.000000E-2	5.865860E-4	5.865860E-4	1.493725E-5	1.493725E-5
5.000000E-2	7.140840E-4	7.140840E-4	1.818396E-5	1.818396E-5
6.000000E-2	8.430150E-4	8.430150E-4	2.146715E-5	2.146715E-5
7.000000E-2	9.842280E-4	9.842280E-4	2.506310E-5	2.506310E-5
8.000000E-2	1.112302E-3	1.112302E-3	2.832447E-5	2.832447E-5
9.000000E-2	1.250040E-3	1.250040E-3	3.183193E-5	3.183193E-5
1.000000E-1	1.386870E-3	1.386870E-3	3.531627E-5	3.531627E-5
1.100000E-1	1.508020E-3	1.508020E-3	3.840132E-5	3.840132E-5
1.200000E-1	1.626390E-3	1.626390E-3	4.141558E-5	4.141558E-5
1.300000E-1	1.798360E-3	1.798360E-3	4.579475E-5	4.579475E-5
1.400000E-1	1.897230E-3	1.897230E-3	4.831245E-5	4.831245E-5
1.500000E-1	2.062940E-3	2.062940E-3	5.253221E-5	5.253221E-5
1.600000E-1	2.230850E-3	2.230850E-3	5.680800E-5	5.680800E-5
1.700000E-1	2.400000E-3	2.400000E-3	6.111535E-5	6.111535E-5
1.800000E-1	2.553870E-3	2.553870E-3	6.503361E-5	6.503361E-5
1.900000E-1	2.736700E-3	2.736700E-3	6.968933E-5	6.968933E-5
2.000000E-1	2.884790E-3	2.884790E-3	7.346040E-5	7.346040E-5
2.100000E-1	3.060000E-3	3.060000E-3	7.792208E-5	7.792208E-5
2.200000E-1	3.234430E-3	3.234430E-3	8.236389E-5	8.236389E-5
2.300000E-1	3.382410E-3	3.382410E-3	8.613216E-5	8.613216E-5
2.400000E-1	3.687610E-3	3.687610E-3	9.390400E-5	9.390400E-5
2.500000E-1	3.849320E-3	3.849320E-3	9.802190E-5	9.802190E-5
2.600000E-1	4.012630E-3	4.012630E-3	1.021805E-4	1.021805E-4
2.700000E-1	4.093690E-3	4.093690E-3	1.042447E-4	1.042447E-4
2.800000E-1	4.158790E-3	4.158790E-3	1.059025E-4	1.059025E-4
2.900000E-1	4.304430E-3	4.304430E-3	1.096112E-4	1.096112E-4
3.000000E-1	4.434040E-3	4.434040E-3	1.129116E-4	1.129116E-4
3.100000E-1	4.538730E-3	4.538730E-3	1.155775E-4	1.155775E-4
3.200000E-1	4.817670E-3	4.817670E-3	1.226807E-4	1.226807E-4
3.300000E-1	4.931220E-3	4.931220E-3	1.255722E-4	1.255722E-4
3.400000E-1	5.081550E-3	5.081550E-3	1.294003E-4	1.294003E-4
3.500000E-1	5.167820E-3	5.167820E-3	1.315971E-4	1.315971E-4
3.600000E-1	5.243070E-3	5.243070E-3	1.335134E-4	1.335134E-4
3.700000E-1	5.254120E-3	5.254120E-3	1.337948E-4	1.337948E-4
3.800000E-1	5.147720E-3	5.147720E-3	1.310853E-4	1.310853E-4
3.900000E-1	5.027770E-3	5.027770E-3	1.280308E-4	1.280308E-4
4.000000E-1	5.056030E-3	5.056030E-3	1.287504E-4	1.287504E-4
4.100000E-1	5.118390E-3	5.118390E-3	1.303384E-4	1.303384E-4
4.200000E-1	5.148520E-3	5.148520E-3	1.311057E-4	1.311057E-4
4.300000E-1	5.284430E-3	5.284430E-3	1.345666E-4	1.345666E-4
4.400000E-1	5.410420E-3	5.410420E-3	1.377749E-4	1.377749E-4
4.500000E-1	5.470120E-3	5.470120E-3	1.392951E-4	1.392951E-4
4.600000E-1	5.371230E-3	5.371230E-3	1.367769E-4	1.367769E-4
4.700000E-1	4.767520E-3	4.767520E-3	1.214036E-4	1.214036E-4
4.800000E-1	4.536190E-3	4.536190E-3	1.155129E-4	1.155129E-4
4.900000E-1	4.432250E-3	4.432250E-3	1.128661E-4	1.128661E-4
5.000000E-1	4.447940E-3	4.447940E-3	1.132656E-4	1.132656E-4
