

14:55:06	01/03/21


Ell Cont: 5,0x10,0

SMU1	V name:		V1
	I name:		I1
	Mode:		V
	Function:	VAR1
SMU2	V name:		V2
	I name:		I2
	Mode:		common
	Function:	const.
SMU3	off
SMU4	off
VMUs	off

Primary Source (VAR1):	single
	Sweep Spacing:	linear
	Start:		-0.500000
	Stop:		0.500000
	Step:		0.010000
	Compliance:	0.050000
Power Compliance OFF

Timing:		Integration Time:	medium
	Delay Time (sec):	0.000000
	Hold Time (sec):	0.000000
	Wait Time (sec):	1.000000

Secondary Source (VAR2):	OFF


   V1	   I1	Abs(I)	J (A\um²)	Abs(J)
-5.000000E-1	-1.358530E-2	1.358530E-2	-3.459460E-4	3.459460E-4
-4.900000E-1	-1.335010E-2	1.335010E-2	-3.399567E-4	3.399567E-4
-4.800000E-1	-1.309530E-2	1.309530E-2	-3.334683E-4	3.334683E-4
-4.700000E-1	-1.283650E-2	1.283650E-2	-3.268780E-4	3.268780E-4
-4.600000E-1	-1.257680E-2	1.257680E-2	-3.202648E-4	3.202648E-4
-4.500000E-1	-1.231420E-2	1.231420E-2	-3.135778E-4	3.135778E-4
-4.400000E-1	-1.205160E-2	1.205160E-2	-3.068908E-4	3.068908E-4
-4.300000E-1	-1.178590E-2	1.178590E-2	-3.001248E-4	3.001248E-4
-4.200000E-1	-1.152210E-2	1.152210E-2	-2.934072E-4	2.934072E-4
-4.100000E-1	-1.125570E-2	1.125570E-2	-2.866234E-4	2.866234E-4
-4.000000E-1	-1.098770E-2	1.098770E-2	-2.797988E-4	2.797988E-4
-3.900000E-1	-1.071940E-2	1.071940E-2	-2.729666E-4	2.729666E-4
-3.800000E-1	-1.045470E-2	1.045470E-2	-2.662261E-4	2.662261E-4
-3.700000E-1	-1.018370E-2	1.018370E-2	-2.593252E-4	2.593252E-4
-3.600000E-1	-9.914450E-3	9.914450E-3	-2.524688E-4	2.524688E-4
-3.500000E-1	-9.643470E-3	9.643470E-3	-2.455684E-4	2.455684E-4
-3.400000E-1	-9.375190E-3	9.375190E-3	-2.387367E-4	2.387367E-4
-3.300000E-1	-9.104160E-3	9.104160E-3	-2.318350E-4	2.318350E-4
-3.200000E-1	-8.834230E-3	8.834230E-3	-2.249613E-4	2.249613E-4
-3.100000E-1	-8.560940E-3	8.560940E-3	-2.180020E-4	2.180020E-4
-3.000000E-1	-8.290440E-3	8.290440E-3	-2.111138E-4	2.111138E-4
-2.900000E-1	-8.015760E-3	8.015760E-3	-2.041192E-4	2.041192E-4
-2.800000E-1	-7.742550E-3	7.742550E-3	-1.971620E-4	1.971620E-4
-2.700000E-1	-7.470550E-3	7.470550E-3	-1.902355E-4	1.902355E-4
-2.600000E-1	-7.195970E-3	7.195970E-3	-1.832434E-4	1.832434E-4
-2.500000E-1	-6.922530E-3	6.922530E-3	-1.762804E-4	1.762804E-4
-2.400000E-1	-6.646410E-3	6.646410E-3	-1.692490E-4	1.692490E-4
-2.300000E-1	-6.373450E-3	6.373450E-3	-1.622982E-4	1.622982E-4
-2.200000E-1	-6.097660E-3	6.097660E-3	-1.552753E-4	1.552753E-4
-2.100000E-1	-5.823440E-3	5.823440E-3	-1.482923E-4	1.482923E-4
-2.000000E-1	-5.547100E-3	5.547100E-3	-1.412554E-4	1.412554E-4
-1.900000E-1	-5.272850E-3	5.272850E-3	-1.342717E-4	1.342717E-4
-1.800000E-1	-4.995590E-3	4.995590E-3	-1.272114E-4	1.272114E-4
-1.700000E-1	-4.720660E-3	4.720660E-3	-1.202103E-4	1.202103E-4
-1.600000E-1	-4.443450E-3	4.443450E-3	-1.131513E-4	1.131513E-4
-1.500000E-1	-4.165580E-3	4.165580E-3	-1.060754E-4	1.060754E-4
-1.400000E-1	-3.890440E-3	3.890440E-3	-9.906901E-5	9.906901E-5
-1.300000E-1	-3.612660E-3	3.612660E-3	-9.199542E-5	9.199542E-5
-1.200000E-1	-3.336900E-3	3.336900E-3	-8.497326E-5	8.497326E-5
-1.100000E-1	-3.058660E-3	3.058660E-3	-7.788795E-5	7.788795E-5
-1.000000E-1	-2.782380E-3	2.782380E-3	-7.085256E-5	7.085256E-5
-9.000000E-2	-2.504000E-3	2.504000E-3	-6.376369E-5	6.376369E-5
-8.000000E-2	-2.227510E-3	2.227510E-3	-5.672294E-5	5.672294E-5
-7.000000E-2	-1.949120E-3	1.949120E-3	-4.963382E-5	4.963382E-5
-6.000000E-2	-1.672420E-3	1.672420E-3	-4.258773E-5	4.258773E-5
-5.000000E-2	-1.393440E-3	1.393440E-3	-3.548357E-5	3.548357E-5
-4.000000E-2	-1.116480E-3	1.116480E-3	-2.843086E-5	2.843086E-5
-3.000000E-2	-8.375200E-4	8.375200E-4	-2.132722E-5	2.132722E-5
-2.000000E-2	-5.583290E-4	5.583290E-4	-1.421770E-5	1.421770E-5
-1.000000E-2	-2.811820E-4	2.811820E-4	-7.160224E-6	7.160224E-6
0.000000E+0	-1.945120E-6	1.945120E-6	-4.953196E-8	4.953196E-8
1.000000E-2	2.750150E-4	2.750150E-4	7.003183E-6	7.003183E-6
2.000000E-2	5.542390E-4	5.542390E-4	1.411355E-5	1.411355E-5
3.000000E-2	8.312200E-4	8.312200E-4	2.116679E-5	2.116679E-5
4.000000E-2	1.110328E-3	1.110328E-3	2.827420E-5	2.827420E-5
5.000000E-2	1.387070E-3	1.387070E-3	3.532136E-5	3.532136E-5
6.000000E-2	1.666500E-3	1.666500E-3	4.243697E-5	4.243697E-5
7.000000E-2	1.945720E-3	1.945720E-3	4.954724E-5	4.954724E-5
8.000000E-2	2.222490E-3	2.222490E-3	5.659511E-5	5.659511E-5
9.000000E-2	2.501340E-3	2.501340E-3	6.369595E-5	6.369595E-5
1.000000E-1	2.778090E-3	2.778090E-3	7.074331E-5	7.074331E-5
1.100000E-1	3.056930E-3	3.056930E-3	7.784390E-5	7.784390E-5
1.200000E-1	3.333150E-3	3.333150E-3	8.487777E-5	8.487777E-5
1.300000E-1	3.611650E-3	3.611650E-3	9.196970E-5	9.196970E-5
1.400000E-1	3.888450E-3	3.888450E-3	9.901833E-5	9.901833E-5
1.500000E-1	4.166650E-3	4.166650E-3	1.061026E-4	1.061026E-4
1.600000E-1	4.443210E-3	4.443210E-3	1.131451E-4	1.131451E-4
1.700000E-1	4.721320E-3	4.721320E-3	1.202271E-4	1.202271E-4
1.800000E-1	4.999110E-3	4.999110E-3	1.273010E-4	1.273010E-4
1.900000E-1	5.275140E-3	5.275140E-3	1.343300E-4	1.343300E-4
2.000000E-1	5.552590E-3	5.552590E-3	1.413952E-4	1.413952E-4
2.100000E-1	5.827910E-3	5.827910E-3	1.484062E-4	1.484062E-4
2.200000E-1	6.105370E-3	6.105370E-3	1.554716E-4	1.554716E-4
2.300000E-1	6.380440E-3	6.380440E-3	1.624762E-4	1.624762E-4
2.400000E-1	6.656950E-3	6.656950E-3	1.695174E-4	1.695174E-4
2.500000E-1	6.931260E-3	6.931260E-3	1.765027E-4	1.765027E-4
2.600000E-1	7.207090E-3	7.207090E-3	1.835266E-4	1.835266E-4
2.700000E-1	7.480380E-3	7.480380E-3	1.904859E-4	1.904859E-4
2.800000E-1	7.756260E-3	7.756260E-3	1.975111E-4	1.975111E-4
2.900000E-1	8.032780E-3	8.032780E-3	2.045526E-4	2.045526E-4
3.000000E-1	8.306690E-3	8.306690E-3	2.115276E-4	2.115276E-4
3.100000E-1	8.582770E-3	8.582770E-3	2.185579E-4	2.185579E-4
3.200000E-1	8.855860E-3	8.855860E-3	2.255121E-4	2.255121E-4
3.300000E-1	9.129480E-3	9.129480E-3	2.324798E-4	2.324798E-4
3.400000E-1	9.400930E-3	9.400930E-3	2.393922E-4	2.393922E-4
3.500000E-1	9.674090E-3	9.674090E-3	2.463481E-4	2.463481E-4
3.600000E-1	9.946420E-3	9.946420E-3	2.532829E-4	2.532829E-4
3.700000E-1	1.021988E-2	1.021988E-2	2.602465E-4	2.602465E-4
3.800000E-1	1.049399E-2	1.049399E-2	2.672266E-4	2.672266E-4
3.900000E-1	1.076725E-2	1.076725E-2	2.741851E-4	2.741851E-4
4.000000E-1	1.104184E-2	1.104184E-2	2.811775E-4	2.811775E-4
4.100000E-1	1.131328E-2	1.131328E-2	2.880896E-4	2.880896E-4
4.200000E-1	1.158740E-2	1.158740E-2	2.950700E-4	2.950700E-4
4.300000E-1	1.185730E-2	1.185730E-2	3.019430E-4	3.019430E-4
4.400000E-1	1.212820E-2	1.212820E-2	3.088414E-4	3.088414E-4
4.500000E-1	1.239730E-2	1.239730E-2	3.156939E-4	3.156939E-4
4.600000E-1	1.266840E-2	1.266840E-2	3.225974E-4	3.225974E-4
4.700000E-1	1.293610E-2	1.293610E-2	3.294143E-4	3.294143E-4
4.800000E-1	1.320640E-2	1.320640E-2	3.362974E-4	3.362974E-4
4.900000E-1	1.347470E-2	1.347470E-2	3.431296E-4	3.431296E-4
5.000000E-1	1.374060E-2	1.374060E-2	3.499007E-4	3.499007E-4
