

14:50:22	01/03/21


Ell Cont: 5,0x10,0

SMU1	V name:		V1
	I name:		I1
	Mode:		V
	Function:	VAR1
SMU2	V name:		V2
	I name:		I2
	Mode:		common
	Function:	const.
SMU3	off
SMU4	off
VMUs	off

Primary Source (VAR1):	single
	Sweep Spacing:	linear
	Start:		-0.500000
	Stop:		0.500000
	Step:		0.010000
	Compliance:	0.050000
Power Compliance OFF

Timing:		Integration Time:	medium
	Delay Time (sec):	0.000000
	Hold Time (sec):	0.000000
	Wait Time (sec):	1.000000

Secondary Source (VAR2):	OFF


   V1	   I1	Abs(I)	J (A\um²)	Abs(J)
-5.000000E-1	-1.800670E-2	1.800670E-2	-4.585358E-4	4.585358E-4
-4.900000E-1	-1.765190E-2	1.765190E-2	-4.495009E-4	4.495009E-4
-4.800000E-1	-1.728980E-2	1.728980E-2	-4.402801E-4	4.402801E-4
-4.700000E-1	-1.693920E-2	1.693920E-2	-4.313522E-4	4.313522E-4
-4.600000E-1	-1.658590E-2	1.658590E-2	-4.223555E-4	4.223555E-4
-4.500000E-1	-1.623310E-2	1.623310E-2	-4.133715E-4	4.133715E-4
-4.400000E-1	-1.588530E-2	1.588530E-2	-4.045149E-4	4.045149E-4
-4.300000E-1	-1.553950E-2	1.553950E-2	-3.957092E-4	3.957092E-4
-4.200000E-1	-1.518850E-2	1.518850E-2	-3.867711E-4	3.867711E-4
-4.100000E-1	-1.483950E-2	1.483950E-2	-3.778839E-4	3.778839E-4
-4.000000E-1	-1.448180E-2	1.448180E-2	-3.687751E-4	3.687751E-4
-3.900000E-1	-1.412870E-2	1.412870E-2	-3.597835E-4	3.597835E-4
-3.800000E-1	-1.377670E-2	1.377670E-2	-3.508200E-4	3.508200E-4
-3.700000E-1	-1.342210E-2	1.342210E-2	-3.417902E-4	3.417902E-4
-3.600000E-1	-1.306750E-2	1.306750E-2	-3.327604E-4	3.327604E-4
-3.500000E-1	-1.270990E-2	1.270990E-2	-3.236542E-4	3.236542E-4
-3.400000E-1	-1.235650E-2	1.235650E-2	-3.146549E-4	3.146549E-4
-3.300000E-1	-1.199860E-2	1.199860E-2	-3.055411E-4	3.055411E-4
-3.200000E-1	-1.164160E-2	1.164160E-2	-2.964502E-4	2.964502E-4
-3.100000E-1	-1.128400E-2	1.128400E-2	-2.873440E-4	2.873440E-4
-3.000000E-1	-1.092760E-2	1.092760E-2	-2.782684E-4	2.782684E-4
-2.900000E-1	-1.056610E-2	1.056610E-2	-2.690629E-4	2.690629E-4
-2.800000E-1	-1.020310E-2	1.020310E-2	-2.598192E-4	2.598192E-4
-2.700000E-1	-9.843950E-3	9.843950E-3	-2.506735E-4	2.506735E-4
-2.600000E-1	-9.482980E-3	9.482980E-3	-2.414815E-4	2.414815E-4
-2.500000E-1	-9.123970E-3	9.123970E-3	-2.323394E-4	2.323394E-4
-2.400000E-1	-8.761450E-3	8.761450E-3	-2.231080E-4	2.231080E-4
-2.300000E-1	-8.402050E-3	8.402050E-3	-2.139559E-4	2.139559E-4
-2.200000E-1	-8.037670E-3	8.037670E-3	-2.046771E-4	2.046771E-4
-2.100000E-1	-7.676780E-3	7.676780E-3	-1.954871E-4	1.954871E-4
-2.000000E-1	-7.313000E-3	7.313000E-3	-1.862236E-4	1.862236E-4
-1.900000E-1	-6.951210E-3	6.951210E-3	-1.770107E-4	1.770107E-4
-1.800000E-1	-6.586810E-3	6.586810E-3	-1.677313E-4	1.677313E-4
-1.700000E-1	-6.223320E-3	6.223320E-3	-1.584752E-4	1.584752E-4
-1.600000E-1	-5.857600E-3	5.857600E-3	-1.491622E-4	1.491622E-4
-1.500000E-1	-5.491840E-3	5.491840E-3	-1.398482E-4	1.398482E-4
-1.400000E-1	-5.128340E-3	5.128340E-3	-1.305918E-4	1.305918E-4
-1.300000E-1	-4.762220E-3	4.762220E-3	-1.212687E-4	1.212687E-4
-1.200000E-1	-4.398380E-3	4.398380E-3	-1.120036E-4	1.120036E-4
-1.100000E-1	-4.031870E-3	4.031870E-3	-1.026705E-4	1.026705E-4
-1.000000E-1	-3.667420E-3	3.667420E-3	-9.338986E-5	9.338986E-5
-9.000000E-2	-3.300360E-3	3.300360E-3	-8.404278E-5	8.404278E-5
-8.000000E-2	-2.936190E-3	2.936190E-3	-7.476929E-5	7.476929E-5
-7.000000E-2	-2.568950E-3	2.568950E-3	-6.541762E-5	6.541762E-5
-6.000000E-2	-2.204360E-3	2.204360E-3	-5.613343E-5	5.613343E-5
-5.000000E-2	-1.836650E-3	1.836650E-3	-4.676980E-5	4.676980E-5
-4.000000E-2	-1.471610E-3	1.471610E-3	-3.747415E-5	3.747415E-5
-3.000000E-2	-1.103980E-3	1.103980E-3	-2.811255E-5	2.811255E-5
-2.000000E-2	-7.359840E-4	7.359840E-4	-1.874163E-5	1.874163E-5
-1.000000E-2	-3.707810E-4	3.707810E-4	-9.441838E-6	9.441838E-6
0.000000E+0	-2.766380E-6	2.766380E-6	-7.044512E-8	7.044512E-8
1.000000E-2	3.621720E-4	3.621720E-4	9.222613E-6	9.222613E-6
2.000000E-2	7.300200E-4	7.300200E-4	1.858976E-5	1.858976E-5
3.000000E-2	1.094878E-3	1.094878E-3	2.788077E-5	2.788077E-5
4.000000E-2	1.462530E-3	1.462530E-3	3.724293E-5	3.724293E-5
5.000000E-2	1.827240E-3	1.827240E-3	4.653018E-5	4.653018E-5
6.000000E-2	2.194820E-3	2.194820E-3	5.589050E-5	5.589050E-5
7.000000E-2	2.562170E-3	2.562170E-3	6.524497E-5	6.524497E-5
8.000000E-2	2.926390E-3	2.926390E-3	7.451973E-5	7.451973E-5
9.000000E-2	3.293440E-3	3.293440E-3	8.386656E-5	8.386656E-5
1.000000E-1	3.657670E-3	3.657670E-3	9.314158E-5	9.314158E-5
1.100000E-1	4.024480E-3	4.024480E-3	1.024823E-4	1.024823E-4
1.200000E-1	4.388050E-3	4.388050E-3	1.117405E-4	1.117405E-4
1.300000E-1	4.754670E-3	4.754670E-3	1.210764E-4	1.210764E-4
1.400000E-1	5.118000E-3	5.118000E-3	1.303285E-4	1.303285E-4
1.500000E-1	5.484180E-3	5.484180E-3	1.396532E-4	1.396532E-4
1.600000E-1	5.847300E-3	5.847300E-3	1.488999E-4	1.488999E-4
1.700000E-1	6.212410E-3	6.212410E-3	1.581973E-4	1.581973E-4
1.800000E-1	6.577410E-3	6.577410E-3	1.674920E-4	1.674920E-4
1.900000E-1	6.939230E-3	6.939230E-3	1.767056E-4	1.767056E-4
2.000000E-1	7.303610E-3	7.303610E-3	1.859845E-4	1.859845E-4
2.100000E-1	7.663440E-3	7.663440E-3	1.951474E-4	1.951474E-4
2.200000E-1	8.026540E-3	8.026540E-3	2.043937E-4	2.043937E-4
2.300000E-1	8.387330E-3	8.387330E-3	2.135811E-4	2.135811E-4
2.400000E-1	8.749020E-3	8.749020E-3	2.227914E-4	2.227914E-4
2.500000E-1	9.108350E-3	9.108350E-3	2.319417E-4	2.319417E-4
2.600000E-1	9.469140E-3	9.469140E-3	2.411291E-4	2.411291E-4
2.700000E-1	9.829260E-3	9.829260E-3	2.502995E-4	2.502995E-4
2.800000E-1	1.019063E-2	1.019063E-2	2.595017E-4	2.595017E-4
2.900000E-1	1.055078E-2	1.055078E-2	2.686728E-4	2.686728E-4
3.000000E-1	1.090804E-2	1.090804E-2	2.777703E-4	2.777703E-4
3.100000E-1	1.126704E-2	1.126704E-2	2.869121E-4	2.869121E-4
3.200000E-1	1.162640E-2	1.162640E-2	2.960631E-4	2.960631E-4
3.300000E-1	1.198420E-2	1.198420E-2	3.051744E-4	3.051744E-4
3.400000E-1	1.234030E-2	1.234030E-2	3.142424E-4	3.142424E-4
3.500000E-1	1.270040E-2	1.270040E-2	3.234123E-4	3.234123E-4
3.600000E-1	1.305770E-2	1.305770E-2	3.325108E-4	3.325108E-4
3.700000E-1	1.341610E-2	1.341610E-2	3.416374E-4	3.416374E-4
3.800000E-1	1.377450E-2	1.377450E-2	3.507639E-4	3.507639E-4
3.900000E-1	1.412880E-2	1.412880E-2	3.597861E-4	3.597861E-4
4.000000E-1	1.448320E-2	1.448320E-2	3.688108E-4	3.688108E-4
4.100000E-1	1.483870E-2	1.483870E-2	3.778635E-4	3.778635E-4
4.200000E-1	1.519330E-2	1.519330E-2	3.868933E-4	3.868933E-4
4.300000E-1	1.554580E-2	1.554580E-2	3.958696E-4	3.958696E-4
4.400000E-1	1.589920E-2	1.589920E-2	4.048689E-4	4.048689E-4
4.500000E-1	1.624770E-2	1.624770E-2	4.137433E-4	4.137433E-4
4.600000E-1	1.660260E-2	1.660260E-2	4.227807E-4	4.227807E-4
4.700000E-1	1.694820E-2	1.694820E-2	4.315814E-4	4.315814E-4
4.800000E-1	1.730210E-2	1.730210E-2	4.405933E-4	4.405933E-4
4.900000E-1	1.765110E-2	1.765110E-2	4.494805E-4	4.494805E-4
5.000000E-1	1.800380E-2	1.800380E-2	4.584619E-4	4.584619E-4
