

14:49:41	01/03/21


Ell Cont: 5,0x10,0

SMU1	V name:		V1
	I name:		I1
	Mode:		V
	Function:	VAR1
SMU2	V name:		V2
	I name:		I2
	Mode:		common
	Function:	const.
SMU3	off
SMU4	off
VMUs	off

Primary Source (VAR1):	single
	Sweep Spacing:	linear
	Start:		-0.500000
	Stop:		0.500000
	Step:		0.010000
	Compliance:	0.050000
Power Compliance OFF

Timing:		Integration Time:	medium
	Delay Time (sec):	0.000000
	Hold Time (sec):	0.000000
	Wait Time (sec):	1.000000

Secondary Source (VAR2):	OFF


   V1	   I1	Abs(I)	J (A\um²)	Abs(J)
-5.000000E-1	-3.060890E-3	3.060890E-3	-7.794474E-5	7.794474E-5
-4.900000E-1	-2.979670E-3	2.979670E-3	-7.587650E-5	7.587650E-5
-4.800000E-1	-2.898440E-3	2.898440E-3	-7.380800E-5	7.380800E-5
-4.700000E-1	-2.818440E-3	2.818440E-3	-7.177082E-5	7.177082E-5
-4.600000E-1	-2.738610E-3	2.738610E-3	-6.973797E-5	6.973797E-5
-4.500000E-1	-2.660210E-3	2.660210E-3	-6.774153E-5	6.774153E-5
-4.400000E-1	-2.581780E-3	2.581780E-3	-6.574433E-5	6.574433E-5
-4.300000E-1	-2.504120E-3	2.504120E-3	-6.376674E-5	6.376674E-5
-4.200000E-1	-2.427930E-3	2.427930E-3	-6.182658E-5	6.182658E-5
-4.100000E-1	-2.351850E-3	2.351850E-3	-5.988923E-5	5.988923E-5
-4.000000E-1	-2.277250E-3	2.277250E-3	-5.798956E-5	5.798956E-5
-3.900000E-1	-2.202710E-3	2.202710E-3	-5.609142E-5	5.609142E-5
-3.800000E-1	-2.129630E-3	2.129630E-3	-5.423046E-5	5.423046E-5
-3.700000E-1	-2.056870E-3	2.056870E-3	-5.237764E-5	5.237764E-5
-3.600000E-1	-1.985440E-3	1.985440E-3	-5.055870E-5	5.055870E-5
-3.500000E-1	-1.914230E-3	1.914230E-3	-4.874535E-5	4.874535E-5
-3.400000E-1	-1.844490E-3	1.844490E-3	-4.696944E-5	4.696944E-5
-3.300000E-1	-1.774990E-3	1.774990E-3	-4.519964E-5	4.519964E-5
-3.200000E-1	-1.706920E-3	1.706920E-3	-4.346626E-5	4.346626E-5
-3.100000E-1	-1.639270E-3	1.639270E-3	-4.174357E-5	4.174357E-5
-3.000000E-1	-1.572920E-3	1.572920E-3	-4.005398E-5	4.005398E-5
-2.900000E-1	-1.506980E-3	1.506980E-3	-3.837484E-5	3.837484E-5
-2.800000E-1	-1.441900E-3	1.441900E-3	-3.671760E-5	3.671760E-5
-2.700000E-1	-1.378280E-3	1.378280E-3	-3.509753E-5	3.509753E-5
-2.600000E-1	-1.315060E-3	1.315060E-3	-3.348765E-5	3.348765E-5
-2.500000E-1	-1.253240E-3	1.253240E-3	-3.191342E-5	3.191342E-5
-2.400000E-1	-1.191830E-3	1.191830E-3	-3.034963E-5	3.034963E-5
-2.300000E-1	-1.131990E-3	1.131990E-3	-2.882582E-5	2.882582E-5
-2.200000E-1	-1.072490E-3	1.072490E-3	-2.731067E-5	2.731067E-5
-2.100000E-1	-1.014440E-3	1.014440E-3	-2.583244E-5	2.583244E-5
-2.000000E-1	-9.568740E-4	9.568740E-4	-2.436654E-5	2.436654E-5
-1.900000E-1	-9.008220E-4	9.008220E-4	-2.293919E-5	2.293919E-5
-1.800000E-1	-8.453070E-4	8.453070E-4	-2.152552E-5	2.152552E-5
-1.700000E-1	-7.911840E-4	7.911840E-4	-2.014729E-5	2.014729E-5
-1.600000E-1	-7.376370E-4	7.376370E-4	-1.878373E-5	1.878373E-5
-1.500000E-1	-6.850770E-4	6.850770E-4	-1.744530E-5	1.744530E-5
-1.400000E-1	-6.339400E-4	6.339400E-4	-1.614311E-5	1.614311E-5
-1.300000E-1	-5.833920E-4	5.833920E-4	-1.485592E-5	1.485592E-5
-1.200000E-1	-5.341540E-4	5.341540E-4	-1.360209E-5	1.360209E-5
-1.100000E-1	-4.855390E-4	4.855390E-4	-1.236412E-5	1.236412E-5
-1.000000E-1	-4.381720E-4	4.381720E-4	-1.115793E-5	1.115793E-5
-9.000000E-2	-3.913530E-4	3.913530E-4	-9.965699E-6	9.965699E-6
-8.000000E-2	-3.456790E-4	3.456790E-4	-8.802623E-6	8.802623E-6
-7.000000E-2	-3.005160E-4	3.005160E-4	-7.652559E-6	7.652559E-6
-6.000000E-2	-2.563750E-4	2.563750E-4	-6.528520E-6	6.528520E-6
-5.000000E-2	-2.125440E-4	2.125440E-4	-5.412376E-6	5.412376E-6
-4.000000E-2	-1.695840E-4	1.695840E-4	-4.318411E-6	4.318411E-6
-3.000000E-2	-1.267820E-4	1.267820E-4	-3.228470E-6	3.228470E-6
-2.000000E-2	-8.431590E-5	8.431590E-5	-2.147082E-6	2.147082E-6
-1.000000E-2	-4.241690E-5	4.241690E-5	-1.080135E-6	1.080135E-6
0.000000E+0	-3.127800E-7	3.127800E-7	-7.964859E-9	7.964859E-9
1.000000E-2	4.143240E-5	4.143240E-5	1.055065E-6	1.055065E-6
2.000000E-2	8.364040E-5	8.364040E-5	2.129880E-6	2.129880E-6
3.000000E-2	1.257590E-4	1.257590E-4	3.202419E-6	3.202419E-6
4.000000E-2	1.685510E-4	1.685510E-4	4.292106E-6	4.292106E-6
5.000000E-2	2.114560E-4	2.114560E-4	5.384670E-6	5.384670E-6
6.000000E-2	2.552770E-4	2.552770E-4	6.500560E-6	6.500560E-6
7.000000E-2	2.997470E-4	2.997470E-4	7.632977E-6	7.632977E-6
8.000000E-2	3.445570E-4	3.445570E-4	8.774051E-6	8.774051E-6
9.000000E-2	3.905100E-4	3.905100E-4	9.944232E-6	9.944232E-6
1.000000E-1	4.369350E-4	4.369350E-4	1.112643E-5	1.112643E-5
1.100000E-1	4.846300E-4	4.846300E-4	1.234097E-5	1.234097E-5
1.200000E-1	5.328640E-4	5.328640E-4	1.356924E-5	1.356924E-5
1.300000E-1	5.824300E-4	5.824300E-4	1.483142E-5	1.483142E-5
1.400000E-1	6.325410E-4	6.325410E-4	1.610749E-5	1.610749E-5
1.500000E-1	6.840500E-4	6.840500E-4	1.741915E-5	1.741915E-5
1.600000E-1	7.361890E-4	7.361890E-4	1.874685E-5	1.874685E-5
1.700000E-1	7.896480E-4	7.896480E-4	2.010817E-5	2.010817E-5
1.800000E-1	8.441410E-4	8.441410E-4	2.149582E-5	2.149582E-5
1.900000E-1	8.991800E-4	8.991800E-4	2.289738E-5	2.289738E-5
2.000000E-1	9.556370E-4	9.556370E-4	2.433504E-5	2.433504E-5
2.100000E-1	1.012626E-3	1.012626E-3	2.578625E-5	2.578625E-5
2.200000E-1	1.071015E-3	1.071015E-3	2.727311E-5	2.727311E-5
2.300000E-1	1.129954E-3	1.129954E-3	2.877397E-5	2.877397E-5
2.400000E-1	1.190280E-3	1.190280E-3	3.031016E-5	3.031016E-5
2.500000E-1	1.251030E-3	1.251030E-3	3.185714E-5	3.185714E-5
2.600000E-1	1.313240E-3	1.313240E-3	3.344130E-5	3.344130E-5
2.700000E-1	1.375920E-3	1.375920E-3	3.503743E-5	3.503743E-5
2.800000E-1	1.440000E-3	1.440000E-3	3.666921E-5	3.666921E-5
2.900000E-1	1.504980E-3	1.504980E-3	3.832391E-5	3.832391E-5
3.000000E-1	1.570310E-3	1.570310E-3	3.998752E-5	3.998752E-5
3.100000E-1	1.637160E-3	1.637160E-3	4.168984E-5	4.168984E-5
3.200000E-1	1.704330E-3	1.704330E-3	4.340031E-5	4.340031E-5
3.300000E-1	1.772850E-3	1.772850E-3	4.514515E-5	4.514515E-5
3.400000E-1	1.841670E-3	1.841670E-3	4.689763E-5	4.689763E-5
3.500000E-1	1.911880E-3	1.911880E-3	4.868551E-5	4.868551E-5
3.600000E-1	1.982390E-3	1.982390E-3	5.048103E-5	5.048103E-5
3.700000E-1	2.054360E-3	2.054360E-3	5.231372E-5	5.231372E-5
3.800000E-1	2.127090E-3	2.127090E-3	5.416577E-5	5.416577E-5
3.900000E-1	2.200190E-3	2.200190E-3	5.602725E-5	5.602725E-5
4.000000E-1	2.274480E-3	2.274480E-3	5.791902E-5	5.791902E-5
4.100000E-1	2.349030E-3	2.349030E-3	5.981742E-5	5.981742E-5
4.200000E-1	2.425010E-3	2.425010E-3	6.175223E-5	6.175223E-5
4.300000E-1	2.501220E-3	2.501220E-3	6.369289E-5	6.369289E-5
4.400000E-1	2.578720E-3	2.578720E-3	6.566641E-5	6.566641E-5
4.500000E-1	2.656480E-3	2.656480E-3	6.764655E-5	6.764655E-5
4.600000E-1	2.735700E-3	2.735700E-3	6.966386E-5	6.966386E-5
4.700000E-1	2.814830E-3	2.814830E-3	7.167889E-5	7.167889E-5
4.800000E-1	2.895600E-3	2.895600E-3	7.373568E-5	7.373568E-5
4.900000E-1	2.977020E-3	2.977020E-3	7.580901E-5	7.580901E-5
5.000000E-1	3.058520E-3	3.058520E-3	7.788439E-5	7.788439E-5
