

14:42:39	01/03/21


Ell Cont: 5,0x10,0

SMU1	V name:		V1
	I name:		I1
	Mode:		V
	Function:	VAR1
SMU2	V name:		V2
	I name:		I2
	Mode:		common
	Function:	const.
SMU3	off
SMU4	off
VMUs	off

Primary Source (VAR1):	single
	Sweep Spacing:	linear
	Start:		-0.500000
	Stop:		0.500000
	Step:		0.010000
	Compliance:	0.050000
Power Compliance OFF

Timing:		Integration Time:	medium
	Delay Time (sec):	0.000000
	Hold Time (sec):	0.000000
	Wait Time (sec):	1.000000

Secondary Source (VAR2):	OFF


   V1	   I1	Abs(I)	J (A\µm²)	Abs(J)
-5.000000E-1	-4.028300E-9	4.028300E-9	-1.025796E-10	1.025796E-10
-4.900000E-1	-4.069500E-9	4.069500E-9	-1.036287E-10	1.036287E-10
-4.800000E-1	-3.874010E-9	3.874010E-9	-9.865062E-11	9.865062E-11
-4.700000E-1	-3.836980E-9	3.836980E-9	-9.770766E-11	9.770766E-11
-4.600000E-1	-3.514740E-9	3.514740E-9	-8.950191E-11	8.950191E-11
-4.500000E-1	-3.506650E-9	3.506650E-9	-8.929590E-11	8.929590E-11
-4.400000E-1	-3.085630E-9	3.085630E-9	-7.857474E-11	7.857474E-11
-4.300000E-1	-3.293340E-9	3.293340E-9	-8.386402E-11	8.386402E-11
-4.200000E-1	-2.803960E-9	2.803960E-9	-7.140209E-11	7.140209E-11
-4.100000E-1	-2.775860E-9	2.775860E-9	-7.068653E-11	7.068653E-11
-4.000000E-1	-2.801690E-9	2.801690E-9	-7.134428E-11	7.134428E-11
-3.900000E-1	-2.658420E-9	2.658420E-9	-6.769595E-11	6.769595E-11
-3.800000E-1	-2.763590E-9	2.763590E-9	-7.037408E-11	7.037408E-11
-3.700000E-1	-2.998950E-9	2.998950E-9	-7.636746E-11	7.636746E-11
-3.600000E-1	-2.415730E-9	2.415730E-9	-6.151591E-11	6.151591E-11
-3.500000E-1	-2.389590E-9	2.389590E-9	-6.085027E-11	6.085027E-11
-3.400000E-1	-2.134670E-9	2.134670E-9	-5.435880E-11	5.435880E-11
-3.300000E-1	-1.981950E-9	1.981950E-9	-5.046982E-11	5.046982E-11
-3.200000E-1	-1.968250E-9	1.968250E-9	-5.012096E-11	5.012096E-11
-3.100000E-1	-1.937370E-9	1.937370E-9	-4.933461E-11	4.933461E-11
-3.000000E-1	-1.908940E-9	1.908940E-9	-4.861064E-11	4.861064E-11
-2.900000E-1	-1.758890E-9	1.758890E-9	-4.478966E-11	4.478966E-11
-2.800000E-1	-1.587020E-9	1.587020E-9	-4.041304E-11	4.041304E-11
-2.700000E-1	-1.498170E-9	1.498170E-9	-3.815050E-11	3.815050E-11
-2.600000E-1	-1.469370E-9	1.469370E-9	-3.741711E-11	3.741711E-11
-2.500000E-1	-1.437060E-9	1.437060E-9	-3.659435E-11	3.659435E-11
-2.400000E-1	-1.326270E-9	1.326270E-9	-3.377311E-11	3.377311E-11
-2.300000E-1	-1.181010E-9	1.181010E-9	-3.007410E-11	3.007410E-11
-2.200000E-1	-1.159070E-9	1.159070E-9	-2.951541E-11	2.951541E-11
-2.100000E-1	-1.074360E-9	1.074360E-9	-2.735829E-11	2.735829E-11
-2.000000E-1	-1.026130E-9	1.026130E-9	-2.613012E-11	2.613012E-11
-1.900000E-1	-1.012820E-9	1.012820E-9	-2.579119E-11	2.579119E-11
-1.800000E-1	-8.450500E-10	8.450500E-10	-2.151897E-11	2.151897E-11
-1.700000E-1	-7.915800E-10	7.915800E-10	-2.015737E-11	2.015737E-11
-1.600000E-1	-6.879600E-10	6.879600E-10	-1.751872E-11	1.751872E-11
-1.500000E-1	-6.374400E-10	6.374400E-10	-1.623224E-11	1.623224E-11
-1.400000E-1	-5.865600E-10	5.865600E-10	-1.493659E-11	1.493659E-11
-1.300000E-1	-5.256500E-10	5.256500E-10	-1.338554E-11	1.338554E-11
-1.200000E-1	-4.594000E-10	4.594000E-10	-1.169850E-11	1.169850E-11
-1.100000E-1	-4.236900E-10	4.236900E-10	-1.078915E-11	1.078915E-11
-1.000000E-1	-3.691900E-10	3.691900E-10	-9.401324E-12	9.401324E-12
-9.000000E-2	-3.189900E-10	3.189900E-10	-8.122995E-12	8.122995E-12
-8.000000E-2	-2.932300E-10	2.932300E-10	-7.467023E-12	7.467023E-12
-7.000000E-2	-2.534700E-10	2.534700E-10	-6.454545E-12	6.454545E-12
-6.000000E-2	-2.118400E-10	2.118400E-10	-5.394449E-12	5.394449E-12
-5.000000E-2	-1.747800E-10	1.747800E-10	-4.450726E-12	4.450726E-12
-4.000000E-2	-1.540900E-10	1.540900E-10	-3.923860E-12	3.923860E-12
-3.000000E-2	-1.062300E-10	1.062300E-10	-2.705118E-12	2.705118E-12
-2.000000E-2	-7.731000E-11	7.731000E-11	-1.968678E-12	1.968678E-12
-1.000000E-2	-3.878000E-11	3.878000E-11	-9.875223E-13	9.875223E-13
0.000000E+0	-1.480000E-12	1.480000E-12	-3.768780E-14	3.768780E-14
1.000000E-2	3.454000E-11	3.454000E-11	8.795518E-13	8.795518E-13
2.000000E-2	7.117000E-11	7.117000E-11	1.812325E-12	1.812325E-12
3.000000E-2	1.058200E-10	1.058200E-10	2.694678E-12	2.694678E-12
4.000000E-2	1.512100E-10	1.512100E-10	3.850522E-12	3.850522E-12
5.000000E-2	1.936200E-10	1.936200E-10	4.930481E-12	4.930481E-12
6.000000E-2	2.146200E-10	2.146200E-10	5.465241E-12	5.465241E-12
7.000000E-2	2.848100E-10	2.848100E-10	7.252610E-12	7.252610E-12
8.000000E-2	2.865300E-10	2.865300E-10	7.296409E-12	7.296409E-12
9.000000E-2	3.372800E-10	3.372800E-10	8.588744E-12	8.588744E-12
1.000000E-1	3.700800E-10	3.700800E-10	9.423988E-12	9.423988E-12
1.100000E-1	4.174500E-10	4.174500E-10	1.063025E-11	1.063025E-11
1.200000E-1	4.366400E-10	4.366400E-10	1.111892E-11	1.111892E-11
1.300000E-1	5.170100E-10	5.170100E-10	1.316552E-11	1.316552E-11
1.400000E-1	5.371700E-10	5.371700E-10	1.367889E-11	1.367889E-11
1.500000E-1	6.428200E-10	6.428200E-10	1.636924E-11	1.636924E-11
1.600000E-1	7.124100E-10	7.124100E-10	1.814133E-11	1.814133E-11
1.700000E-1	7.751600E-10	7.751600E-10	1.973924E-11	1.973924E-11
1.800000E-1	7.415200E-10	7.415200E-10	1.888261E-11	1.888261E-11
1.900000E-1	8.794300E-10	8.794300E-10	2.239445E-11	2.239445E-11
2.000000E-1	1.076710E-9	1.076710E-9	2.741813E-11	2.741813E-11
2.100000E-1	1.028780E-9	1.028780E-9	2.619761E-11	2.619761E-11
2.200000E-1	1.095120E-9	1.095120E-9	2.788694E-11	2.788694E-11
2.300000E-1	1.241290E-9	1.241290E-9	3.160912E-11	3.160912E-11
2.400000E-1	1.219160E-9	1.219160E-9	3.104558E-11	3.104558E-11
2.500000E-1	1.314760E-9	1.314760E-9	3.348001E-11	3.348001E-11
2.600000E-1	1.329540E-9	1.329540E-9	3.385638E-11	3.385638E-11
2.700000E-1	1.470700E-9	1.470700E-9	3.745098E-11	3.745098E-11
2.800000E-1	1.483110E-9	1.483110E-9	3.776700E-11	3.776700E-11
2.900000E-1	1.641000E-9	1.641000E-9	4.178762E-11	4.178762E-11
3.000000E-1	1.698690E-9	1.698690E-9	4.325668E-11	4.325668E-11
3.100000E-1	1.835350E-9	1.835350E-9	4.673669E-11	4.673669E-11
3.200000E-1	1.911600E-9	1.911600E-9	4.867838E-11	4.867838E-11
3.300000E-1	2.018510E-9	2.018510E-9	5.140081E-11	5.140081E-11
3.400000E-1	1.808820E-9	1.808820E-9	4.606111E-11	4.606111E-11
3.500000E-1	1.801110E-9	1.801110E-9	4.586478E-11	4.586478E-11
3.600000E-1	1.941550E-9	1.941550E-9	4.944105E-11	4.944105E-11
3.700000E-1	1.975200E-9	1.975200E-9	5.029794E-11	5.029794E-11
3.800000E-1	2.079200E-9	2.079200E-9	5.294627E-11	5.294627E-11
3.900000E-1	2.343860E-9	2.343860E-9	5.968576E-11	5.968576E-11
4.000000E-1	2.315430E-9	2.315430E-9	5.896180E-11	5.896180E-11
4.100000E-1	2.457360E-9	2.457360E-9	6.257601E-11	6.257601E-11
4.200000E-1	2.375370E-9	2.375370E-9	6.048816E-11	6.048816E-11
4.300000E-1	2.303580E-9	2.303580E-9	5.866005E-11	5.866005E-11
4.400000E-1	2.428570E-9	2.428570E-9	6.184288E-11	6.184288E-11
4.500000E-1	2.651190E-9	2.651190E-9	6.751184E-11	6.751184E-11
4.600000E-1	2.663260E-9	2.663260E-9	6.781920E-11	6.781920E-11
4.700000E-1	2.845920E-9	2.845920E-9	7.247059E-11	7.247059E-11
4.800000E-1	3.040580E-9	3.040580E-9	7.742755E-11	7.742755E-11
4.900000E-1	3.222430E-9	3.222430E-9	8.205831E-11	8.205831E-11
5.000000E-1	3.134640E-9	3.134640E-9	7.982276E-11	7.982276E-11
