

11:35:02	16/03/21


Ell Cont: 5,0x10,0

SMU1	V name:		V1
	I name:		I1
	Mode:		V
	Function:	VAR1
SMU2	V name:		V2
	I name:		I2
	Mode:		common
	Function:	const.
SMU3	off
SMU4	off
VMUs	off

Primary Source (VAR1):	single
	Sweep Spacing:	linear
	Start:		-0.500000
	Stop:		0.500000
	Step:		0.010000
	Compliance:	0.050000
Power Compliance OFF

Timing:		Integration Time:	medium
	Delay Time (sec):	0.000000
	Hold Time (sec):	0.000000
	Wait Time (sec):	1.000000

Secondary Source (VAR2):	OFF


   V1	   I1	Abs(I)	J (A\µm²)	Abs(J)
-5.000000E-1	-1.043423E-4	1.043423E-4	-2.657049E-6	2.657049E-6
-4.900000E-1	-8.940980E-5	8.940980E-5	-2.276797E-6	2.276797E-6
-4.800000E-1	-8.409620E-5	8.409620E-5	-2.141487E-6	2.141487E-6
-4.700000E-1	-8.023270E-5	8.023270E-5	-2.043104E-6	2.043104E-6
-4.600000E-1	-7.436420E-5	7.436420E-5	-1.893664E-6	1.893664E-6
-4.500000E-1	-7.072150E-5	7.072150E-5	-1.800904E-6	1.800904E-6
-4.400000E-1	-6.905140E-5	6.905140E-5	-1.758375E-6	1.758375E-6
-4.300000E-1	-6.676950E-5	6.676950E-5	-1.700267E-6	1.700267E-6
-4.200000E-1	-6.368440E-5	6.368440E-5	-1.621706E-6	1.621706E-6
-4.100000E-1	-6.371850E-5	6.371850E-5	-1.622574E-6	1.622574E-6
-4.000000E-1	-6.121510E-5	6.121510E-5	-1.558826E-6	1.558826E-6
-3.900000E-1	-5.989870E-5	5.989870E-5	-1.525304E-6	1.525304E-6
-3.800000E-1	-5.613860E-5	5.613860E-5	-1.429554E-6	1.429554E-6
-3.700000E-1	-5.208710E-5	5.208710E-5	-1.326384E-6	1.326384E-6
-3.600000E-1	-4.993820E-5	4.993820E-5	-1.271663E-6	1.271663E-6
-3.500000E-1	-4.996190E-5	4.996190E-5	-1.272266E-6	1.272266E-6
-3.400000E-1	-4.816120E-5	4.816120E-5	-1.226412E-6	1.226412E-6
-3.300000E-1	-4.787220E-5	4.787220E-5	-1.219053E-6	1.219053E-6
-3.200000E-1	-4.494750E-5	4.494750E-5	-1.144576E-6	1.144576E-6
-3.100000E-1	-4.311860E-5	4.311860E-5	-1.098004E-6	1.098004E-6
-3.000000E-1	-4.144250E-5	4.144250E-5	-1.055322E-6	1.055322E-6
-2.900000E-1	-4.040220E-5	4.040220E-5	-1.028831E-6	1.028831E-6
-2.800000E-1	-3.910760E-5	3.910760E-5	-9.958645E-7	9.958645E-7
-2.700000E-1	-3.813560E-5	3.813560E-5	-9.711128E-7	9.711128E-7
-2.600000E-1	-3.731670E-5	3.731670E-5	-9.502597E-7	9.502597E-7
-2.500000E-1	-3.643810E-5	3.643810E-5	-9.278864E-7	9.278864E-7
-2.400000E-1	-3.541010E-5	3.541010E-5	-9.017087E-7	9.017087E-7
-2.300000E-1	-3.335480E-5	3.335480E-5	-8.493710E-7	8.493710E-7
-2.200000E-1	-3.153420E-5	3.153420E-5	-8.030099E-7	8.030099E-7
-2.100000E-1	-3.028000E-5	3.028000E-5	-7.710721E-7	7.710721E-7
-2.000000E-1	-2.835890E-5	2.835890E-5	-7.221518E-7	7.221518E-7
-1.900000E-1	-2.743800E-5	2.743800E-5	-6.987013E-7	6.987013E-7
-1.800000E-1	-2.566430E-5	2.566430E-5	-6.535345E-7	6.535345E-7
-1.700000E-1	-2.498300E-5	2.498300E-5	-6.361854E-7	6.361854E-7
-1.600000E-1	-2.344990E-5	2.344990E-5	-5.971454E-7	5.971454E-7
-1.500000E-1	-2.171450E-5	2.171450E-5	-5.529539E-7	5.529539E-7
-1.400000E-1	-2.003410E-5	2.003410E-5	-5.101630E-7	5.101630E-7
-1.300000E-1	-1.906840E-5	1.906840E-5	-4.855717E-7	4.855717E-7
-1.200000E-1	-1.775180E-5	1.775180E-5	-4.520448E-7	4.520448E-7
-1.100000E-1	-1.638630E-5	1.638630E-5	-4.172727E-7	4.172727E-7
-1.000000E-1	-1.443980E-5	1.443980E-5	-3.677056E-7	3.677056E-7
-9.000000E-2	-1.303160E-5	1.303160E-5	-3.318462E-7	3.318462E-7
-8.000000E-2	-1.143460E-5	1.143460E-5	-2.911790E-7	2.911790E-7
-7.000000E-2	-1.002360E-5	1.002360E-5	-2.552483E-7	2.552483E-7
-6.000000E-2	-8.542320E-6	8.542320E-6	-2.175279E-7	2.175279E-7
-5.000000E-2	-7.131970E-6	7.131970E-6	-1.816137E-7	1.816137E-7
-4.000000E-2	-5.730390E-6	5.730390E-6	-1.459228E-7	1.459228E-7
-3.000000E-2	-4.303470E-6	4.303470E-6	-1.095867E-7	1.095867E-7
-2.000000E-2	-2.874500E-6	2.874500E-6	-7.319837E-8	7.319837E-8
-1.000000E-2	-1.475790E-6	1.475790E-6	-3.758060E-8	3.758060E-8
0.000000E+0	-9.572500E-9	9.572500E-9	-2.437611E-10	2.437611E-10
1.000000E-2	1.438580E-6	1.438580E-6	3.663305E-8	3.663305E-8
2.000000E-2	2.861280E-6	2.861280E-6	7.286173E-8	7.286173E-8
3.000000E-2	4.410680E-6	4.410680E-6	1.123168E-7	1.123168E-7
4.000000E-2	5.971050E-6	5.971050E-6	1.520512E-7	1.520512E-7
5.000000E-2	7.545950E-6	7.545950E-6	1.921556E-7	1.921556E-7
6.000000E-2	9.299890E-6	9.299890E-6	2.368192E-7	2.368192E-7
7.000000E-2	1.075998E-5	1.075998E-5	2.740000E-7	2.740000E-7
8.000000E-2	1.241290E-5	1.241290E-5	3.160912E-7	3.160912E-7
9.000000E-2	1.322870E-5	1.322870E-5	3.368653E-7	3.368653E-7
1.000000E-1	1.492100E-5	1.492100E-5	3.799593E-7	3.799593E-7
1.100000E-1	1.649960E-5	1.649960E-5	4.201579E-7	4.201579E-7
1.200000E-1	1.837110E-5	1.837110E-5	4.678151E-7	4.678151E-7
1.300000E-1	1.957890E-5	1.957890E-5	4.985714E-7	4.985714E-7
1.400000E-1	2.075350E-5	2.075350E-5	5.284823E-7	5.284823E-7
1.500000E-1	2.258580E-5	2.258580E-5	5.751413E-7	5.751413E-7
1.600000E-1	2.441950E-5	2.441950E-5	6.218360E-7	6.218360E-7
1.700000E-1	2.639470E-5	2.639470E-5	6.721339E-7	6.721339E-7
1.800000E-1	2.949860E-5	2.949860E-5	7.511739E-7	7.511739E-7
1.900000E-1	3.067230E-5	3.067230E-5	7.810619E-7	7.810619E-7
2.000000E-1	3.175460E-5	3.175460E-5	8.086223E-7	8.086223E-7
2.100000E-1	3.479290E-5	3.479290E-5	8.859918E-7	8.859918E-7
2.200000E-1	3.788100E-5	3.788100E-5	9.646295E-7	9.646295E-7
2.300000E-1	3.821120E-5	3.821120E-5	9.730379E-7	9.730379E-7
2.400000E-1	3.994210E-5	3.994210E-5	1.017115E-6	1.017115E-6
2.500000E-1	4.263000E-5	4.263000E-5	1.085561E-6	1.085561E-6
2.600000E-1	4.483430E-5	4.483430E-5	1.141693E-6	1.141693E-6
2.700000E-1	4.859030E-5	4.859030E-5	1.237339E-6	1.237339E-6
2.800000E-1	5.281460E-5	5.281460E-5	1.344910E-6	1.344910E-6
2.900000E-1	5.137630E-5	5.137630E-5	1.308284E-6	1.308284E-6
3.000000E-1	5.956690E-5	5.956690E-5	1.516855E-6	1.516855E-6
3.100000E-1	5.800400E-5	5.800400E-5	1.477056E-6	1.477056E-6
3.200000E-1	5.731580E-5	5.731580E-5	1.459531E-6	1.459531E-6
3.300000E-1	5.977440E-5	5.977440E-5	1.522139E-6	1.522139E-6
3.400000E-1	5.954190E-5	5.954190E-5	1.516218E-6	1.516218E-6
3.500000E-1	6.283050E-5	6.283050E-5	1.599962E-6	1.599962E-6
3.600000E-1	6.917240E-5	6.917240E-5	1.761457E-6	1.761457E-6
3.700000E-1	7.350760E-5	7.350760E-5	1.871851E-6	1.871851E-6
3.800000E-1	1.096848E-4	1.096848E-4	2.793094E-6	2.793094E-6
3.900000E-1	1.273670E-4	1.273670E-4	3.243366E-6	3.243366E-6
4.000000E-1	1.333980E-4	1.333980E-4	3.396944E-6	3.396944E-6
4.100000E-1	1.461950E-4	1.461950E-4	3.722816E-6	3.722816E-6
4.200000E-1	1.453320E-4	1.453320E-4	3.700840E-6	3.700840E-6
4.300000E-1	1.463780E-4	1.463780E-4	3.727476E-6	3.727476E-6
4.400000E-1	1.546500E-4	1.546500E-4	3.938121E-6	3.938121E-6
4.500000E-1	1.669480E-4	1.669480E-4	4.251286E-6	4.251286E-6
4.600000E-1	1.913730E-4	1.913730E-4	4.873262E-6	4.873262E-6
4.700000E-1	2.513840E-4	2.513840E-4	6.401426E-6	6.401426E-6
4.800000E-1	2.601270E-4	2.601270E-4	6.624064E-6	6.624064E-6
4.900000E-1	2.573290E-4	2.573290E-4	6.552814E-6	6.552814E-6
5.000000E-1	2.986990E-4	2.986990E-4	7.606290E-6	7.606290E-6
