

13:01:14	03/03/21


Ell Cont: 5,0x10,0

SMU1	V name:		V1
	I name:		I1
	Mode:		V
	Function:	VAR1
SMU2	V name:		V2
	I name:		I2
	Mode:		common
	Function:	const.
SMU3	off
SMU4	off
VMUs	off

Primary Source (VAR1):	single
	Sweep Spacing:	linear
	Start:		-0.500000
	Stop:		0.500000
	Step:		0.010000
	Compliance:	0.050000
Power Compliance OFF

Timing:		Integration Time:	medium
	Delay Time (sec):	0.000000
	Hold Time (sec):	0.000000
	Wait Time (sec):	1.000000

Secondary Source (VAR2):	OFF


   V1	   I1	Abs(I)	J (A\um²)	Abs(J)
-5.000000E-1	-1.922240E-9	1.922240E-9	-4.894932E-11	4.894932E-11
-4.900000E-1	-2.322560E-9	2.322560E-9	-5.914337E-11	5.914337E-11
-4.800000E-1	-2.081420E-9	2.081420E-9	-5.300280E-11	5.300280E-11
-4.700000E-1	-2.093230E-9	2.093230E-9	-5.330354E-11	5.330354E-11
-4.600000E-1	-2.249730E-9	2.249730E-9	-5.728877E-11	5.728877E-11
-4.500000E-1	-1.957650E-9	1.957650E-9	-4.985103E-11	4.985103E-11
-4.400000E-1	-1.779550E-9	1.779550E-9	-4.531576E-11	4.531576E-11
-4.300000E-1	-1.642910E-9	1.642910E-9	-4.183626E-11	4.183626E-11
-4.200000E-1	-1.489830E-9	1.489830E-9	-3.793812E-11	3.793812E-11
-4.100000E-1	-1.879100E-9	1.879100E-9	-4.785078E-11	4.785078E-11
-4.000000E-1	-1.592250E-9	1.592250E-9	-4.054622E-11	4.054622E-11
-3.900000E-1	-1.302910E-9	1.302910E-9	-3.317825E-11	3.317825E-11
-3.800000E-1	-1.189680E-9	1.189680E-9	-3.029488E-11	3.029488E-11
-3.700000E-1	-1.161300E-9	1.161300E-9	-2.957219E-11	2.957219E-11
-3.600000E-1	-1.147990E-9	1.147990E-9	-2.923326E-11	2.923326E-11
-3.500000E-1	-1.082460E-9	1.082460E-9	-2.756455E-11	2.756455E-11
-3.400000E-1	-1.053850E-9	1.053850E-9	-2.683601E-11	2.683601E-11
-3.300000E-1	-9.700500E-10	9.700500E-10	-2.470206E-11	2.470206E-11
-3.200000E-1	-8.978700E-10	8.978700E-10	-2.286402E-11	2.286402E-11
-3.100000E-1	-8.589600E-10	8.589600E-10	-2.187319E-11	2.187319E-11
-3.000000E-1	-8.221900E-10	8.221900E-10	-2.093685E-11	2.093685E-11
-2.900000E-1	-7.774200E-10	7.774200E-10	-1.979679E-11	1.979679E-11
-2.800000E-1	-7.296500E-10	7.296500E-10	-1.858034E-11	1.858034E-11
-2.700000E-1	-7.058700E-10	7.058700E-10	-1.797479E-11	1.797479E-11
-2.600000E-1	-6.647600E-10	6.647600E-10	-1.692793E-11	1.692793E-11
-2.500000E-1	-6.338800E-10	6.338800E-10	-1.614158E-11	1.614158E-11
-2.400000E-1	-6.400100E-10	6.400100E-10	-1.629768E-11	1.629768E-11
-2.300000E-1	-5.858600E-10	5.858600E-10	-1.491877E-11	1.491877E-11
-2.200000E-1	-5.630600E-10	5.630600E-10	-1.433817E-11	1.433817E-11
-2.100000E-1	-5.054900E-10	5.054900E-10	-1.287217E-11	1.287217E-11
-2.000000E-1	-5.051400E-10	5.051400E-10	-1.286325E-11	1.286325E-11
-1.900000E-1	-5.045000E-10	5.045000E-10	-1.284696E-11	1.284696E-11
-1.800000E-1	-4.755600E-10	4.755600E-10	-1.211001E-11	1.211001E-11
-1.700000E-1	-4.417300E-10	4.417300E-10	-1.124854E-11	1.124854E-11
-1.600000E-1	-3.681900E-10	3.681900E-10	-9.375859E-12	9.375859E-12
-1.500000E-1	-3.482300E-10	3.482300E-10	-8.867583E-12	8.867583E-12
-1.400000E-1	-3.131300E-10	3.131300E-10	-7.973771E-12	7.973771E-12
-1.300000E-1	-3.049700E-10	3.049700E-10	-7.765979E-12	7.765979E-12
-1.200000E-1	-2.872600E-10	2.872600E-10	-7.314999E-12	7.314999E-12
-1.100000E-1	-2.493200E-10	2.493200E-10	-6.348867E-12	6.348867E-12
-1.000000E-1	-2.171800E-10	2.171800E-10	-5.530430E-12	5.530430E-12
-9.000000E-2	-1.854800E-10	1.854800E-10	-4.723198E-12	4.723198E-12
-8.000000E-2	-1.659800E-10	1.659800E-10	-4.226636E-12	4.226636E-12
-7.000000E-2	-1.418200E-10	1.418200E-10	-3.611408E-12	3.611408E-12
-6.000000E-2	-1.231800E-10	1.231800E-10	-3.136746E-12	3.136746E-12
-5.000000E-2	-1.001400E-10	1.001400E-10	-2.550038E-12	2.550038E-12
-4.000000E-2	-7.759000E-11	7.759000E-11	-1.975808E-12	1.975808E-12
-3.000000E-2	-5.701000E-11	5.701000E-11	-1.451744E-12	1.451744E-12
-2.000000E-2	-3.685000E-11	3.685000E-11	-9.383753E-13	9.383753E-13
-1.000000E-2	-1.703000E-11	1.703000E-11	-4.336644E-13	4.336644E-13
0.000000E+0	5.600000E-13	5.600000E-13	1.426025E-14	1.426025E-14
1.000000E-2	1.928000E-11	1.928000E-11	4.909600E-13	4.909600E-13
2.000000E-2	3.690000E-11	3.690000E-11	9.396486E-13	9.396486E-13
3.000000E-2	5.483000E-11	5.483000E-11	1.396231E-12	1.396231E-12
4.000000E-2	6.731000E-11	6.731000E-11	1.714031E-12	1.714031E-12
5.000000E-2	8.830000E-11	8.830000E-11	2.248536E-12	2.248536E-12
6.000000E-2	1.078500E-10	1.078500E-10	2.746371E-12	2.746371E-12
7.000000E-2	1.301800E-10	1.301800E-10	3.314999E-12	3.314999E-12
8.000000E-2	1.494300E-10	1.494300E-10	3.805195E-12	3.805195E-12
9.000000E-2	1.722900E-10	1.722900E-10	4.387319E-12	4.387319E-12
1.000000E-1	2.032500E-10	2.032500E-10	5.175707E-12	5.175707E-12
1.100000E-1	2.353900E-10	2.353900E-10	5.994143E-12	5.994143E-12
1.200000E-1	2.537000E-10	2.537000E-10	6.460402E-12	6.460402E-12
1.300000E-1	2.883700E-10	2.883700E-10	7.343264E-12	7.343264E-12
1.400000E-1	2.888700E-10	2.888700E-10	7.355997E-12	7.355997E-12
1.500000E-1	3.170900E-10	3.170900E-10	8.074612E-12	8.074612E-12
1.600000E-1	3.452100E-10	3.452100E-10	8.790680E-12	8.790680E-12
1.700000E-1	3.571400E-10	3.571400E-10	9.094474E-12	9.094474E-12
1.800000E-1	4.086000E-10	4.086000E-10	1.040489E-11	1.040489E-11
1.900000E-1	4.815400E-10	4.815400E-10	1.226229E-11	1.226229E-11
2.000000E-1	5.099300E-10	5.099300E-10	1.298523E-11	1.298523E-11
2.100000E-1	5.755100E-10	5.755100E-10	1.465521E-11	1.465521E-11
2.200000E-1	6.098900E-10	6.098900E-10	1.553068E-11	1.553068E-11
2.300000E-1	6.348300E-10	6.348300E-10	1.616578E-11	1.616578E-11
2.400000E-1	6.834700E-10	6.834700E-10	1.740438E-11	1.740438E-11
2.500000E-1	7.346500E-10	7.346500E-10	1.870766E-11	1.870766E-11
2.600000E-1	8.241200E-10	8.241200E-10	2.098599E-11	2.098599E-11
2.700000E-1	8.469000E-10	8.469000E-10	2.156608E-11	2.156608E-11
2.800000E-1	9.307900E-10	9.307900E-10	2.370232E-11	2.370232E-11
2.900000E-1	9.583000E-10	9.583000E-10	2.440285E-11	2.440285E-11
3.000000E-1	9.994500E-10	9.994500E-10	2.545073E-11	2.545073E-11
3.100000E-1	1.050310E-9	1.050310E-9	2.674586E-11	2.674586E-11
3.200000E-1	1.109460E-9	1.109460E-9	2.825210E-11	2.825210E-11
3.300000E-1	1.124310E-9	1.124310E-9	2.863025E-11	2.863025E-11
3.400000E-1	1.210950E-9	1.210950E-9	3.083652E-11	3.083652E-11
3.500000E-1	1.316900E-9	1.316900E-9	3.353450E-11	3.353450E-11
3.600000E-1	1.370340E-9	1.370340E-9	3.489534E-11	3.489534E-11
3.700000E-1	1.452260E-9	1.452260E-9	3.698141E-11	3.698141E-11
3.800000E-1	1.530360E-9	1.530360E-9	3.897021E-11	3.897021E-11
3.900000E-1	1.590040E-9	1.590040E-9	4.048994E-11	4.048994E-11
4.000000E-1	1.623810E-9	1.623810E-9	4.134988E-11	4.134988E-11
4.100000E-1	1.683510E-9	1.683510E-9	4.287013E-11	4.287013E-11
4.200000E-1	1.893070E-9	1.893070E-9	4.820652E-11	4.820652E-11
4.300000E-1	1.919800E-9	1.919800E-9	4.888719E-11	4.888719E-11
4.400000E-1	1.958400E-9	1.958400E-9	4.987013E-11	4.987013E-11
4.500000E-1	2.090000E-9	2.090000E-9	5.322129E-11	5.322129E-11
4.600000E-1	2.081720E-9	2.081720E-9	5.301044E-11	5.301044E-11
4.700000E-1	2.153070E-9	2.153070E-9	5.482735E-11	5.482735E-11
4.800000E-1	2.254460E-9	2.254460E-9	5.740922E-11	5.740922E-11
4.900000E-1	2.341060E-9	2.341060E-9	5.961446E-11	5.961446E-11
5.000000E-1	2.435070E-9	2.435070E-9	6.200840E-11	6.200840E-11
