

13:00:33	03/03/21


Ell Cont: 5,0x10,0

SMU1	V name:		V1
	I name:		I1
	Mode:		V
	Function:	VAR1
SMU2	V name:		V2
	I name:		I2
	Mode:		common
	Function:	const.
SMU3	off
SMU4	off
VMUs	off

Primary Source (VAR1):	single
	Sweep Spacing:	linear
	Start:		-0.500000
	Stop:		0.500000
	Step:		0.010000
	Compliance:	0.050000
Power Compliance OFF

Timing:		Integration Time:	medium
	Delay Time (sec):	0.000000
	Hold Time (sec):	0.000000
	Wait Time (sec):	1.000000

Secondary Source (VAR2):	OFF


   V1	   I1	Abs(I)	J (A\µm²)	Abs(J)
-5.000000E-1	-5.779410E-8	5.779410E-8	-1.471711E-9	1.471711E-9
-4.900000E-1	-5.412670E-8	5.412670E-8	-1.378322E-9	1.378322E-9
-4.800000E-1	-5.379290E-8	5.379290E-8	-1.369822E-9	1.369822E-9
-4.700000E-1	-5.167710E-8	5.167710E-8	-1.315943E-9	1.315943E-9
-4.600000E-1	-5.150310E-8	5.150310E-8	-1.311513E-9	1.311513E-9
-4.500000E-1	-5.461380E-8	5.461380E-8	-1.390726E-9	1.390726E-9
-4.400000E-1	-4.890730E-8	4.890730E-8	-1.245411E-9	1.245411E-9
-4.300000E-1	-4.720440E-8	4.720440E-8	-1.202047E-9	1.202047E-9
-4.200000E-1	-4.649650E-8	4.649650E-8	-1.184021E-9	1.184021E-9
-4.100000E-1	-4.606870E-8	4.606870E-8	-1.173127E-9	1.173127E-9
-4.000000E-1	-4.257080E-8	4.257080E-8	-1.084054E-9	1.084054E-9
-3.900000E-1	-3.794600E-8	3.794600E-8	-9.662847E-10	9.662847E-10
-3.800000E-1	-3.480870E-8	3.480870E-8	-8.863942E-10	8.863942E-10
-3.700000E-1	-3.464960E-8	3.464960E-8	-8.823427E-10	8.823427E-10
-3.600000E-1	-3.731860E-8	3.731860E-8	-9.503081E-10	9.503081E-10
-3.500000E-1	-3.291600E-8	3.291600E-8	-8.381971E-10	8.381971E-10
-3.400000E-1	-2.963980E-8	2.963980E-8	-7.547695E-10	7.547695E-10
-3.300000E-1	-2.605080E-8	2.605080E-8	-6.633766E-10	6.633766E-10
-3.200000E-1	-2.471450E-8	2.471450E-8	-6.293481E-10	6.293481E-10
-3.100000E-1	-2.504190E-8	2.504190E-8	-6.376852E-10	6.376852E-10
-3.000000E-1	-2.317220E-8	2.317220E-8	-5.900738E-10	5.900738E-10
-2.900000E-1	-2.270540E-8	2.270540E-8	-5.781869E-10	5.781869E-10
-2.800000E-1	-2.025000E-8	2.025000E-8	-5.156608E-10	5.156608E-10
-2.700000E-1	-1.890760E-8	1.890760E-8	-4.814769E-10	4.814769E-10
-2.600000E-1	-1.838710E-8	1.838710E-8	-4.682226E-10	4.682226E-10
-2.500000E-1	-1.754990E-8	1.754990E-8	-4.469035E-10	4.469035E-10
-2.400000E-1	-1.569770E-8	1.569770E-8	-3.997377E-10	3.997377E-10
-2.300000E-1	-1.477010E-8	1.477010E-8	-3.761166E-10	3.761166E-10
-2.200000E-1	-1.316980E-8	1.316980E-8	-3.353654E-10	3.353654E-10
-2.100000E-1	-1.256010E-8	1.256010E-8	-3.198396E-10	3.198396E-10
-2.000000E-1	-1.252520E-8	1.252520E-8	-3.189508E-10	3.189508E-10
-1.900000E-1	-1.231470E-8	1.231470E-8	-3.135905E-10	3.135905E-10
-1.800000E-1	-1.280060E-8	1.280060E-8	-3.259638E-10	3.259638E-10
-1.700000E-1	-1.166780E-8	1.166780E-8	-2.971174E-10	2.971174E-10
-1.600000E-1	-1.110560E-8	1.110560E-8	-2.828011E-10	2.828011E-10
-1.500000E-1	-1.021650E-8	1.021650E-8	-2.601604E-10	2.601604E-10
-1.400000E-1	-9.613300E-9	9.613300E-9	-2.448001E-10	2.448001E-10
-1.300000E-1	-9.008750E-9	9.008750E-9	-2.294054E-10	2.294054E-10
-1.200000E-1	-8.320770E-9	8.320770E-9	-2.118862E-10	2.118862E-10
-1.100000E-1	-7.543330E-9	7.543330E-9	-1.920889E-10	1.920889E-10
-1.000000E-1	-6.773820E-9	6.773820E-9	-1.724935E-10	1.724935E-10
-9.000000E-2	-5.921180E-9	5.921180E-9	-1.507813E-10	1.507813E-10
-8.000000E-2	-5.218790E-9	5.218790E-9	-1.328951E-10	1.328951E-10
-7.000000E-2	-4.578020E-9	4.578020E-9	-1.165780E-10	1.165780E-10
-6.000000E-2	-3.905920E-9	3.905920E-9	-9.946320E-11	9.946320E-11
-5.000000E-2	-3.286910E-9	3.286910E-9	-8.370028E-11	8.370028E-11
-4.000000E-2	-2.574490E-9	2.574490E-9	-6.555870E-11	6.555870E-11
-3.000000E-2	-1.989660E-9	1.989660E-9	-5.066616E-11	5.066616E-11
-2.000000E-2	-1.294470E-9	1.294470E-9	-3.296333E-11	3.296333E-11
-1.000000E-2	-6.549400E-10	6.549400E-10	-1.667787E-11	1.667787E-11
0.000000E+0	-8.770000E-12	8.770000E-12	-2.233257E-13	2.233257E-13
1.000000E-2	6.136100E-10	6.136100E-10	1.562541E-11	1.562541E-11
2.000000E-2	1.266350E-9	1.266350E-9	3.224726E-11	3.224726E-11
3.000000E-2	1.935020E-9	1.935020E-9	4.927476E-11	4.927476E-11
4.000000E-2	2.628350E-9	2.628350E-9	6.693023E-11	6.693023E-11
5.000000E-2	3.246000E-9	3.246000E-9	8.265852E-11	8.265852E-11
6.000000E-2	3.822040E-9	3.822040E-9	9.732722E-11	9.732722E-11
7.000000E-2	4.431000E-9	4.431000E-9	1.128342E-10	1.128342E-10
8.000000E-2	5.180660E-9	5.180660E-9	1.319241E-10	1.319241E-10
9.000000E-2	5.877280E-9	5.877280E-9	1.496634E-10	1.496634E-10
1.000000E-1	6.409970E-9	6.409970E-9	1.632282E-10	1.632282E-10
1.100000E-1	7.254010E-9	7.254010E-9	1.847214E-10	1.847214E-10
1.200000E-1	7.632610E-9	7.632610E-9	1.943624E-10	1.943624E-10
1.300000E-1	8.505250E-9	8.505250E-9	2.165839E-10	2.165839E-10
1.400000E-1	9.197330E-9	9.197330E-9	2.342075E-10	2.342075E-10
1.500000E-1	9.964290E-9	9.964290E-9	2.537380E-10	2.537380E-10
1.600000E-1	1.059445E-8	1.059445E-8	2.697848E-10	2.697848E-10
1.700000E-1	1.122628E-8	1.122628E-8	2.858742E-10	2.858742E-10
1.800000E-1	1.149230E-8	1.149230E-8	2.926483E-10	2.926483E-10
1.900000E-1	1.209850E-8	1.209850E-8	3.080850E-10	3.080850E-10
2.000000E-1	1.248270E-8	1.248270E-8	3.178686E-10	3.178686E-10
2.100000E-1	1.409270E-8	1.409270E-8	3.588668E-10	3.588668E-10
2.200000E-1	1.456920E-8	1.456920E-8	3.710008E-10	3.710008E-10
2.300000E-1	1.536220E-8	1.536220E-8	3.911943E-10	3.911943E-10
2.400000E-1	1.656090E-8	1.656090E-8	4.217189E-10	4.217189E-10
2.500000E-1	1.736980E-8	1.736980E-8	4.423173E-10	4.423173E-10
2.600000E-1	1.770590E-8	1.770590E-8	4.508760E-10	4.508760E-10
2.700000E-1	1.843730E-8	1.843730E-8	4.695009E-10	4.695009E-10
2.800000E-1	1.895190E-8	1.895190E-8	4.826050E-10	4.826050E-10
2.900000E-1	1.877100E-8	1.877100E-8	4.779985E-10	4.779985E-10
3.000000E-1	1.917010E-8	1.917010E-8	4.881614E-10	4.881614E-10
3.100000E-1	1.926780E-8	1.926780E-8	4.906493E-10	4.906493E-10
3.200000E-1	2.124160E-8	2.124160E-8	5.409116E-10	5.409116E-10
3.300000E-1	2.134030E-8	2.134030E-8	5.434250E-10	5.434250E-10
3.400000E-1	2.243900E-8	2.243900E-8	5.714031E-10	5.714031E-10
3.500000E-1	2.334500E-8	2.334500E-8	5.944741E-10	5.944741E-10
3.600000E-1	2.289940E-8	2.289940E-8	5.831271E-10	5.831271E-10
3.700000E-1	2.370580E-8	2.370580E-8	6.036618E-10	6.036618E-10
3.800000E-1	2.423400E-8	2.423400E-8	6.171123E-10	6.171123E-10
3.900000E-1	2.658860E-8	2.658860E-8	6.770715E-10	6.770715E-10
4.000000E-1	2.689470E-8	2.689470E-8	6.848663E-10	6.848663E-10
4.100000E-1	2.708610E-8	2.708610E-8	6.897403E-10	6.897403E-10
4.200000E-1	2.807860E-8	2.807860E-8	7.150140E-10	7.150140E-10
4.300000E-1	2.826760E-8	2.826760E-8	7.198268E-10	7.198268E-10
4.400000E-1	2.836490E-8	2.836490E-8	7.223045E-10	7.223045E-10
4.500000E-1	2.981350E-8	2.981350E-8	7.591928E-10	7.591928E-10
4.600000E-1	3.042530E-8	3.042530E-8	7.747721E-10	7.747721E-10
4.700000E-1	3.069560E-8	3.069560E-8	7.816552E-10	7.816552E-10
4.800000E-1	3.157650E-8	3.157650E-8	8.040871E-10	8.040871E-10
4.900000E-1	3.400910E-8	3.400910E-8	8.660326E-10	8.660326E-10
5.000000E-1	3.379360E-8	3.379360E-8	8.605449E-10	8.605449E-10
