

13:10:12	03/03/21


Ell Cont: 5,0x10,0

SMU1	V name:		V1
	I name:		I1
	Mode:		V
	Function:	VAR1
SMU2	V name:		V2
	I name:		I2
	Mode:		common
	Function:	const.
SMU3	off
SMU4	off
VMUs	off

Primary Source (VAR1):	single
	Sweep Spacing:	linear
	Start:		-0.500000
	Stop:		0.500000
	Step:		0.010000
	Compliance:	0.050000
Power Compliance OFF

Timing:		Integration Time:	medium
	Delay Time (sec):	0.000000
	Hold Time (sec):	0.000000
	Wait Time (sec):	1.000000

Secondary Source (VAR2):	OFF


   V1	   I1	Abs(I)	J (A\um²)	Abs(J)
-5.000000E-1	-3.083000E-6	3.083000E-6	-7.850777E-8	7.850777E-8
-4.900000E-1	-2.974540E-6	2.974540E-6	-7.574586E-8	7.574586E-8
-4.800000E-1	-2.850090E-6	2.850090E-6	-7.257678E-8	7.257678E-8
-4.700000E-1	-2.744570E-6	2.744570E-6	-6.988974E-8	6.988974E-8
-4.600000E-1	-2.647420E-6	2.647420E-6	-6.741584E-8	6.741584E-8
-4.500000E-1	-2.564230E-6	2.564230E-6	-6.529743E-8	6.529743E-8
-4.400000E-1	-2.482740E-6	2.482740E-6	-6.322231E-8	6.322231E-8
-4.300000E-1	-2.371790E-6	2.371790E-6	-6.039699E-8	6.039699E-8
-4.200000E-1	-2.274200E-6	2.274200E-6	-5.791189E-8	5.791189E-8
-4.100000E-1	-2.174180E-6	2.174180E-6	-5.536491E-8	5.536491E-8
-4.000000E-1	-2.124550E-6	2.124550E-6	-5.410109E-8	5.410109E-8
-3.900000E-1	-2.012660E-6	2.012660E-6	-5.125185E-8	5.125185E-8
-3.800000E-1	-1.931990E-6	1.931990E-6	-4.919761E-8	4.919761E-8
-3.700000E-1	-1.808620E-6	1.808620E-6	-4.605602E-8	4.605602E-8
-3.600000E-1	-1.698760E-6	1.698760E-6	-4.325847E-8	4.325847E-8
-3.500000E-1	-1.712980E-6	1.712980E-6	-4.362057E-8	4.362057E-8
-3.400000E-1	-1.521310E-6	1.521310E-6	-3.873975E-8	3.873975E-8
-3.300000E-1	-1.446050E-6	1.446050E-6	-3.682327E-8	3.682327E-8
-3.200000E-1	-1.484040E-6	1.484040E-6	-3.779068E-8	3.779068E-8
-3.100000E-1	-1.422090E-6	1.422090E-6	-3.621314E-8	3.621314E-8
-3.000000E-1	-1.358970E-6	1.358970E-6	-3.460581E-8	3.460581E-8
-2.900000E-1	-1.294870E-6	1.294870E-6	-3.297352E-8	3.297352E-8
-2.800000E-1	-1.229910E-6	1.229910E-6	-3.131933E-8	3.131933E-8
-2.700000E-1	-1.167770E-6	1.167770E-6	-2.973695E-8	2.973695E-8
-2.600000E-1	-1.104510E-6	1.104510E-6	-2.812605E-8	2.812605E-8
-2.500000E-1	-1.043330E-6	1.043330E-6	-2.656812E-8	2.656812E-8
-2.400000E-1	-9.859280E-7	9.859280E-7	-2.510639E-8	2.510639E-8
-2.300000E-1	-9.281220E-7	9.281220E-7	-2.363438E-8	2.363438E-8
-2.200000E-1	-8.726850E-7	8.726850E-7	-2.222269E-8	2.222269E-8
-2.100000E-1	-8.163460E-7	8.163460E-7	-2.078803E-8	2.078803E-8
-2.000000E-1	-7.596820E-7	7.596820E-7	-1.934510E-8	1.934510E-8
-1.900000E-1	-6.920020E-7	6.920020E-7	-1.762164E-8	1.762164E-8
-1.800000E-1	-5.870810E-7	5.870810E-7	-1.494986E-8	1.494986E-8
-1.700000E-1	-5.872030E-7	5.872030E-7	-1.495297E-8	1.495297E-8
-1.600000E-1	-5.533200E-7	5.533200E-7	-1.409014E-8	1.409014E-8
-1.500000E-1	-5.190140E-7	5.190140E-7	-1.321655E-8	1.321655E-8
-1.400000E-1	-4.649550E-7	4.649550E-7	-1.183995E-8	1.183995E-8
-1.300000E-1	-4.248270E-7	4.248270E-7	-1.081811E-8	1.081811E-8
-1.200000E-1	-3.865010E-7	3.865010E-7	-9.842144E-9	9.842144E-9
-1.100000E-1	-3.405320E-7	3.405320E-7	-8.671556E-9	8.671556E-9
-1.000000E-1	-3.007560E-7	3.007560E-7	-7.658671E-9	7.658671E-9
-9.000000E-2	-2.632420E-7	2.632420E-7	-6.703387E-9	6.703387E-9
-8.000000E-2	-2.211000E-7	2.211000E-7	-5.630252E-9	5.630252E-9
-7.000000E-2	-1.851000E-7	1.851000E-7	-4.713522E-9	4.713522E-9
-6.000000E-2	-1.535160E-7	1.535160E-7	-3.909244E-9	3.909244E-9
-5.000000E-2	-1.334630E-7	1.334630E-7	-3.398599E-9	3.398599E-9
-4.000000E-2	-1.190830E-7	1.190830E-7	-3.032417E-9	3.032417E-9
-3.000000E-2	-7.612600E-8	7.612600E-8	-1.938528E-9	1.938528E-9
-2.000000E-2	-4.585710E-8	4.585710E-8	-1.167739E-9	1.167739E-9
-1.000000E-2	-2.255950E-8	2.255950E-8	-5.744716E-10	5.744716E-10
0.000000E+0	5.300000E-12	5.300000E-12	1.349631E-13	1.349631E-13
1.000000E-2	2.926680E-8	2.926680E-8	7.452712E-10	7.452712E-10
2.000000E-2	5.983410E-8	5.983410E-8	1.523659E-9	1.523659E-9
3.000000E-2	8.964610E-8	8.964610E-8	2.282814E-9	2.282814E-9
4.000000E-2	1.190240E-7	1.190240E-7	3.030914E-9	3.030914E-9
5.000000E-2	1.511400E-7	1.511400E-7	3.848739E-9	3.848739E-9
6.000000E-2	1.831640E-7	1.831640E-7	4.664222E-9	4.664222E-9
7.000000E-2	2.158020E-7	2.158020E-7	5.495340E-9	5.495340E-9
8.000000E-2	2.497500E-7	2.497500E-7	6.359817E-9	6.359817E-9
9.000000E-2	2.845550E-7	2.845550E-7	7.246117E-9	7.246117E-9
1.000000E-1	3.200920E-7	3.200920E-7	8.151057E-9	8.151057E-9
1.100000E-1	3.558370E-7	3.558370E-7	9.061294E-9	9.061294E-9
1.200000E-1	3.966780E-7	3.966780E-7	1.010130E-8	1.010130E-8
1.300000E-1	4.376130E-7	4.376130E-7	1.114370E-8	1.114370E-8
1.400000E-1	4.803970E-7	4.803970E-7	1.223318E-8	1.223318E-8
1.500000E-1	5.244830E-7	5.244830E-7	1.335582E-8	1.335582E-8
1.600000E-1	5.696050E-7	5.696050E-7	1.450484E-8	1.450484E-8
1.700000E-1	6.156650E-7	6.156650E-7	1.567774E-8	1.567774E-8
1.800000E-1	6.628780E-7	6.628780E-7	1.688001E-8	1.688001E-8
1.900000E-1	7.125160E-7	7.125160E-7	1.814403E-8	1.814403E-8
2.000000E-1	7.631920E-7	7.631920E-7	1.943448E-8	1.943448E-8
2.100000E-1	8.140910E-7	8.140910E-7	2.073061E-8	2.073061E-8
2.200000E-1	8.628300E-7	8.628300E-7	2.197173E-8	2.197173E-8
2.300000E-1	9.179620E-7	9.179620E-7	2.337566E-8	2.337566E-8
2.400000E-1	9.755420E-7	9.755420E-7	2.484191E-8	2.484191E-8
2.500000E-1	1.032966E-6	1.032966E-6	2.630420E-8	2.630420E-8
2.600000E-1	1.088910E-6	1.088910E-6	2.772880E-8	2.772880E-8
2.700000E-1	1.144920E-6	1.144920E-6	2.915508E-8	2.915508E-8
2.800000E-1	1.197960E-6	1.197960E-6	3.050573E-8	3.050573E-8
2.900000E-1	1.253250E-6	1.253250E-6	3.191367E-8	3.191367E-8
3.000000E-1	1.320690E-6	1.320690E-6	3.363102E-8	3.363102E-8
3.100000E-1	1.289090E-6	1.289090E-6	3.282633E-8	3.282633E-8
3.200000E-1	1.336220E-6	1.336220E-6	3.402648E-8	3.402648E-8
3.300000E-1	1.400460E-6	1.400460E-6	3.566234E-8	3.566234E-8
3.400000E-1	1.487670E-6	1.487670E-6	3.788312E-8	3.788312E-8
3.500000E-1	1.608490E-6	1.608490E-6	4.095977E-8	4.095977E-8
3.600000E-1	1.146780E-6	1.146780E-6	2.920244E-8	2.920244E-8
3.700000E-1	1.200830E-6	1.200830E-6	3.057881E-8	3.057881E-8
3.800000E-1	1.587120E-6	1.587120E-6	4.041558E-8	4.041558E-8
3.900000E-1	1.936280E-6	1.936280E-6	4.930685E-8	4.930685E-8
4.000000E-1	1.962480E-6	1.962480E-6	4.997403E-8	4.997403E-8
4.100000E-1	1.517610E-6	1.517610E-6	3.864553E-8	3.864553E-8
4.200000E-1	1.598970E-6	1.598970E-6	4.071734E-8	4.071734E-8
4.300000E-1	1.785000E-6	1.785000E-6	4.545454E-8	4.545454E-8
4.400000E-1	1.922080E-6	1.922080E-6	4.894525E-8	4.894525E-8
4.500000E-1	2.068940E-6	2.068940E-6	5.268500E-8	5.268500E-8
4.600000E-1	2.127660E-6	2.127660E-6	5.418029E-8	5.418029E-8
4.700000E-1	2.426860E-6	2.426860E-6	6.179934E-8	6.179934E-8
4.800000E-1	2.707820E-6	2.707820E-6	6.895391E-8	6.895391E-8
4.900000E-1	2.847990E-6	2.847990E-6	7.252330E-8	7.252330E-8
5.000000E-1	2.640630E-6	2.640630E-6	6.724293E-8	6.724293E-8
