

12:55:38	03/03/21


Ell Cont: 5,0x10,0

SMU1	V name:		V1
	I name:		I1
	Mode:		V
	Function:	VAR1
SMU2	V name:		V2
	I name:		I2
	Mode:		common
	Function:	const.
SMU3	off
SMU4	off
VMUs	off

Primary Source (VAR1):	single
	Sweep Spacing:	linear
	Start:		-0.500000
	Stop:		0.500000
	Step:		0.010000
	Compliance:	0.050000
Power Compliance OFF

Timing:		Integration Time:	medium
	Delay Time (sec):	0.000000
	Hold Time (sec):	0.000000
	Wait Time (sec):	1.000000

Secondary Source (VAR2):	OFF


   V1	   I1	Abs(I)	J (A\µm²)	Abs(J)
-5.000000E-1	-4.658860E-4	4.658860E-4	-1.186366E-5	1.186366E-5
-4.900000E-1	-5.095490E-4	5.095490E-4	-1.297553E-5	1.297553E-5
-4.800000E-1	-4.682960E-4	4.682960E-4	-1.192503E-5	1.192503E-5
-4.700000E-1	-4.455060E-4	4.455060E-4	-1.134469E-5	1.134469E-5
-4.600000E-1	-5.408170E-4	5.408170E-4	-1.377176E-5	1.377176E-5
-4.500000E-1	-4.382320E-4	4.382320E-4	-1.115946E-5	1.115946E-5
-4.400000E-1	-4.228590E-4	4.228590E-4	-1.076799E-5	1.076799E-5
-4.300000E-1	-4.930830E-4	4.930830E-4	-1.255623E-5	1.255623E-5
-4.200000E-1	-3.662180E-4	3.662180E-4	-9.325643E-6	9.325643E-6
-4.100000E-1	-2.563100E-4	2.563100E-4	-6.526865E-6	6.526865E-6
-4.000000E-1	-2.838860E-4	2.838860E-4	-7.229081E-6	7.229081E-6
-3.900000E-1	-2.681060E-4	2.681060E-4	-6.827247E-6	6.827247E-6
-3.800000E-1	-2.906480E-4	2.906480E-4	-7.401273E-6	7.401273E-6
-3.700000E-1	-2.034620E-4	2.034620E-4	-5.181105E-6	5.181105E-6
-3.600000E-1	-2.146310E-4	2.146310E-4	-5.465521E-6	5.465521E-6
-3.500000E-1	-1.848640E-4	1.848640E-4	-4.707512E-6	4.707512E-6
-3.400000E-1	-1.536980E-4	1.536980E-4	-3.913878E-6	3.913878E-6
-3.300000E-1	-1.363670E-4	1.363670E-4	-3.472549E-6	3.472549E-6
-3.200000E-1	-1.580720E-4	1.580720E-4	-4.025261E-6	4.025261E-6
-3.100000E-1	-1.211580E-4	1.211580E-4	-3.085256E-6	3.085256E-6
-3.000000E-1	-8.513440E-5	8.513440E-5	-2.167925E-6	2.167925E-6
-2.900000E-1	-8.718330E-5	8.718330E-5	-2.220099E-6	2.220099E-6
-2.800000E-1	-8.845690E-5	8.845690E-5	-2.252531E-6	2.252531E-6
-2.700000E-1	-8.840540E-5	8.840540E-5	-2.251220E-6	2.251220E-6
-2.600000E-1	-7.564040E-5	7.564040E-5	-1.926162E-6	1.926162E-6
-2.500000E-1	-5.209570E-5	5.209570E-5	-1.326603E-6	1.326603E-6
-2.400000E-1	-3.685980E-5	3.685980E-5	-9.386249E-7	9.386249E-7
-2.300000E-1	-3.589940E-5	3.589940E-5	-9.141686E-7	9.141686E-7
-2.200000E-1	-3.035790E-5	3.035790E-5	-7.730558E-7	7.730558E-7
-2.100000E-1	-2.887680E-5	2.887680E-5	-7.353399E-7	7.353399E-7
-2.000000E-1	-1.909870E-5	1.909870E-5	-4.863433E-7	4.863433E-7
-1.900000E-1	-2.090390E-5	2.090390E-5	-5.323122E-7	5.323122E-7
-1.800000E-1	-2.201890E-5	2.201890E-5	-5.607054E-7	5.607054E-7
-1.700000E-1	-3.135880E-5	3.135880E-5	-7.985434E-7	7.985434E-7
-1.600000E-1	-1.881500E-5	1.881500E-5	-4.791189E-7	4.791189E-7
-1.500000E-1	-1.843200E-5	1.843200E-5	-4.693659E-7	4.693659E-7
-1.400000E-1	-1.877120E-5	1.877120E-5	-4.780036E-7	4.780036E-7
-1.300000E-1	-1.641030E-5	1.641030E-5	-4.178839E-7	4.178839E-7
-1.200000E-1	-1.546480E-5	1.546480E-5	-3.938070E-7	3.938070E-7
-1.100000E-1	-1.523020E-5	1.523020E-5	-3.878329E-7	3.878329E-7
-1.000000E-1	-1.224210E-5	1.224210E-5	-3.117418E-7	3.117418E-7
-9.000000E-2	-1.042674E-5	1.042674E-5	-2.655141E-7	2.655141E-7
-8.000000E-2	-8.806780E-6	8.806780E-6	-2.242623E-7	2.242623E-7
-7.000000E-2	-7.561630E-6	7.561630E-6	-1.925549E-7	1.925549E-7
-6.000000E-2	-7.122540E-6	7.122540E-6	-1.813736E-7	1.813736E-7
-5.000000E-2	-5.466110E-6	5.466110E-6	-1.391930E-7	1.391930E-7
-4.000000E-2	-4.072880E-6	4.072880E-6	-1.037148E-7	1.037148E-7
-3.000000E-2	-3.012580E-6	3.012580E-6	-7.671454E-8	7.671454E-8
-2.000000E-2	-1.837890E-6	1.837890E-6	-4.680137E-8	4.680137E-8
-1.000000E-2	-7.939110E-7	7.939110E-7	-2.021673E-8	2.021673E-8
0.000000E+0	-7.170800E-9	7.170800E-9	-1.826025E-10	1.826025E-10
1.000000E-2	7.322020E-7	7.322020E-7	1.864533E-8	1.864533E-8
2.000000E-2	1.396560E-6	1.396560E-6	3.556302E-8	3.556302E-8
3.000000E-2	1.779560E-6	1.779560E-6	4.531602E-8	4.531602E-8
4.000000E-2	2.099490E-6	2.099490E-6	5.346295E-8	5.346295E-8
5.000000E-2	2.326490E-6	2.326490E-6	5.924344E-8	5.924344E-8
6.000000E-2	2.707120E-6	2.707120E-6	6.893608E-8	6.893608E-8
7.000000E-2	3.052210E-6	3.052210E-6	7.772371E-8	7.772371E-8
8.000000E-2	3.090010E-6	3.090010E-6	7.868627E-8	7.868627E-8
9.000000E-2	3.488320E-6	3.488320E-6	8.882913E-8	8.882913E-8
1.000000E-1	4.059380E-6	4.059380E-6	1.033710E-7	1.033710E-7
1.100000E-1	4.514690E-6	4.514690E-6	1.149654E-7	1.149654E-7
1.200000E-1	5.765360E-6	5.765360E-6	1.468133E-7	1.468133E-7
1.300000E-1	5.908400E-6	5.908400E-6	1.504558E-7	1.504558E-7
1.400000E-1	7.015010E-6	7.015010E-6	1.786353E-7	1.786353E-7
1.500000E-1	7.623000E-6	7.623000E-6	1.941176E-7	1.941176E-7
1.600000E-1	8.725020E-6	8.725020E-6	2.221803E-7	2.221803E-7
1.700000E-1	9.295230E-6	9.295230E-6	2.367005E-7	2.367005E-7
1.800000E-1	1.188890E-5	1.188890E-5	3.027476E-7	3.027476E-7
1.900000E-1	1.584860E-5	1.584860E-5	4.035803E-7	4.035803E-7
2.000000E-1	1.761850E-5	1.761850E-5	4.486504E-7	4.486504E-7
2.100000E-1	1.889010E-5	1.889010E-5	4.810313E-7	4.810313E-7
2.200000E-1	2.138640E-5	2.138640E-5	5.445989E-7	5.445989E-7
2.300000E-1	1.906880E-5	1.906880E-5	4.855819E-7	4.855819E-7
2.400000E-1	1.839650E-5	1.839650E-5	4.684619E-7	4.684619E-7
2.500000E-1	1.814230E-5	1.814230E-5	4.619888E-7	4.619888E-7
2.600000E-1	1.856140E-5	1.856140E-5	4.726611E-7	4.726611E-7
2.700000E-1	1.607700E-5	1.607700E-5	4.093965E-7	4.093965E-7
2.800000E-1	1.515900E-5	1.515900E-5	3.860199E-7	3.860199E-7
2.900000E-1	1.390740E-5	1.390740E-5	3.541482E-7	3.541482E-7
3.000000E-1	1.470240E-5	1.470240E-5	3.743927E-7	3.743927E-7
3.100000E-1	1.437930E-5	1.437930E-5	3.661650E-7	3.661650E-7
3.200000E-1	1.263500E-5	1.263500E-5	3.217469E-7	3.217469E-7
3.300000E-1	1.095370E-5	1.095370E-5	2.789330E-7	2.789330E-7
3.400000E-1	9.820700E-6	9.820700E-6	2.500815E-7	2.500815E-7
3.500000E-1	8.798480E-6	8.798480E-6	2.240509E-7	2.240509E-7
3.600000E-1	8.408700E-6	8.408700E-6	2.141253E-7	2.141253E-7
3.700000E-1	8.332620E-6	8.332620E-6	2.121879E-7	2.121879E-7
3.800000E-1	8.355530E-6	8.355530E-6	2.127713E-7	2.127713E-7
3.900000E-1	7.925590E-6	7.925590E-6	2.018230E-7	2.018230E-7
4.000000E-1	7.169140E-6	7.169140E-6	1.825602E-7	1.825602E-7
4.100000E-1	6.451500E-6	6.451500E-6	1.642857E-7	1.642857E-7
4.200000E-1	6.579270E-6	6.579270E-6	1.675393E-7	1.675393E-7
4.300000E-1	8.276940E-6	8.276940E-6	2.107701E-7	2.107701E-7
4.400000E-1	1.120122E-5	1.120122E-5	2.852361E-7	2.852361E-7
4.500000E-1	1.130752E-5	1.130752E-5	2.879430E-7	2.879430E-7
4.600000E-1	1.358140E-5	1.358140E-5	3.458467E-7	3.458467E-7
4.700000E-1	9.685500E-6	9.685500E-6	2.466387E-7	2.466387E-7
4.800000E-1	8.250650E-6	8.250650E-6	2.101006E-7	2.101006E-7
4.900000E-1	8.278350E-6	8.278350E-6	2.108060E-7	2.108060E-7
5.000000E-1	8.369580E-6	8.369580E-6	2.131291E-7	2.131291E-7
