

13:19:37	03/03/21


Ell Cont: 5,0x10,0

SMU1	V name:		V1
	I name:		I1
	Mode:		V
	Function:	VAR1
SMU2	V name:		V2
	I name:		I2
	Mode:		common
	Function:	const.
SMU3	off
SMU4	off
VMUs	off

Primary Source (VAR1):	single
	Sweep Spacing:	linear
	Start:		-0.500000
	Stop:		0.500000
	Step:		0.010000
	Compliance:	0.050000
Power Compliance OFF

Timing:		Integration Time:	medium
	Delay Time (sec):	0.000000
	Hold Time (sec):	0.000000
	Wait Time (sec):	1.000000

Secondary Source (VAR2):	OFF


   V1	   I1	Abs(I)	J (A\um²)	Abs(J)
-5.000000E-1	-7.558740E-6	7.558740E-6	-1.924813E-7	1.924813E-7
-4.900000E-1	-7.300680E-6	7.300680E-6	-1.859099E-7	1.859099E-7
-4.800000E-1	-7.047700E-6	7.047700E-6	-1.794678E-7	1.794678E-7
-4.700000E-1	-6.799330E-6	6.799330E-6	-1.731431E-7	1.731431E-7
-4.600000E-1	-6.556430E-6	6.556430E-6	-1.669577E-7	1.669577E-7
-4.500000E-1	-6.321230E-6	6.321230E-6	-1.609684E-7	1.609684E-7
-4.400000E-1	-6.085460E-6	6.085460E-6	-1.549646E-7	1.549646E-7
-4.300000E-1	-5.856160E-6	5.856160E-6	-1.491255E-7	1.491255E-7
-4.200000E-1	-5.635760E-6	5.635760E-6	-1.435131E-7	1.435131E-7
-4.100000E-1	-5.414530E-6	5.414530E-6	-1.378796E-7	1.378796E-7
-4.000000E-1	-5.199540E-6	5.199540E-6	-1.324049E-7	1.324049E-7
-3.900000E-1	-4.989440E-6	4.989440E-6	-1.270547E-7	1.270547E-7
-3.800000E-1	-4.788050E-6	4.788050E-6	-1.219264E-7	1.219264E-7
-3.700000E-1	-4.584640E-6	4.584640E-6	-1.167466E-7	1.167466E-7
-3.600000E-1	-4.387150E-6	4.387150E-6	-1.117176E-7	1.117176E-7
-3.500000E-1	-4.193370E-6	4.193370E-6	-1.067830E-7	1.067830E-7
-3.400000E-1	-4.006230E-6	4.006230E-6	-1.020176E-7	1.020176E-7
-3.300000E-1	-3.821400E-6	3.821400E-6	-9.731092E-8	9.731092E-8
-3.200000E-1	-3.641860E-6	3.641860E-6	-9.273899E-8	9.273899E-8
-3.100000E-1	-3.466810E-6	3.466810E-6	-8.828138E-8	8.828138E-8
-3.000000E-1	-3.296710E-6	3.296710E-6	-8.394983E-8	8.394983E-8
-2.900000E-1	-3.129850E-6	3.129850E-6	-7.970079E-8	7.970079E-8
-2.800000E-1	-2.966820E-6	2.966820E-6	-7.554927E-8	7.554927E-8
-2.700000E-1	-2.810540E-6	2.810540E-6	-7.156965E-8	7.156965E-8
-2.600000E-1	-2.654860E-6	2.654860E-6	-6.760530E-8	6.760530E-8
-2.500000E-1	-2.506320E-6	2.506320E-6	-6.382276E-8	6.382276E-8
-2.400000E-1	-2.359830E-6	2.359830E-6	-6.009244E-8	6.009244E-8
-2.300000E-1	-2.218960E-6	2.218960E-6	-5.650522E-8	5.650522E-8
-2.200000E-1	-2.081320E-6	2.081320E-6	-5.300025E-8	5.300025E-8
-2.100000E-1	-1.947770E-6	1.947770E-6	-4.959944E-8	4.959944E-8
-2.000000E-1	-1.817590E-6	1.817590E-6	-4.628444E-8	4.628444E-8
-1.900000E-1	-1.693240E-6	1.693240E-6	-4.311790E-8	4.311790E-8
-1.800000E-1	-1.570990E-6	1.570990E-6	-4.000484E-8	4.000484E-8
-1.700000E-1	-1.454960E-6	1.454960E-6	-3.705017E-8	3.705017E-8
-1.600000E-1	-1.341410E-6	1.341410E-6	-3.415864E-8	3.415864E-8
-1.500000E-1	-1.231970E-6	1.231970E-6	-3.137178E-8	3.137178E-8
-1.400000E-1	-1.127880E-6	1.127880E-6	-2.872116E-8	2.872116E-8
-1.300000E-1	-1.026920E-6	1.026920E-6	-2.615024E-8	2.615024E-8
-1.200000E-1	-9.310680E-7	9.310680E-7	-2.370940E-8	2.370940E-8
-1.100000E-1	-8.366440E-7	8.366440E-7	-2.130491E-8	2.130491E-8
-1.000000E-1	-7.480540E-7	7.480540E-7	-1.904899E-8	1.904899E-8
-9.000000E-2	-6.610740E-7	6.610740E-7	-1.683407E-8	1.683407E-8
-8.000000E-2	-5.786590E-7	5.786590E-7	-1.473540E-8	1.473540E-8
-7.000000E-2	-4.983060E-7	4.983060E-7	-1.268923E-8	1.268923E-8
-6.000000E-2	-4.218200E-7	4.218200E-7	-1.074153E-8	1.074153E-8
-5.000000E-2	-3.468770E-7	3.468770E-7	-8.833130E-9	8.833130E-9
-4.000000E-2	-2.750710E-7	2.750710E-7	-7.004609E-9	7.004609E-9
-3.000000E-2	-2.043300E-7	2.043300E-7	-5.203208E-9	5.203208E-9
-2.000000E-2	-1.349750E-7	1.349750E-7	-3.437102E-9	3.437102E-9
-1.000000E-2	-6.766230E-8	6.766230E-8	-1.723002E-9	1.723002E-9
0.000000E+0	-2.442100E-10	2.442100E-10	-6.218742E-12	6.218742E-12
1.000000E-2	6.707900E-8	6.707900E-8	1.708149E-9	1.708149E-9
2.000000E-2	1.354630E-7	1.354630E-7	3.449529E-9	3.449529E-9
3.000000E-2	2.051250E-7	2.051250E-7	5.223453E-9	5.223453E-9
4.000000E-2	2.757010E-7	2.757010E-7	7.020652E-9	7.020652E-9
5.000000E-2	3.477730E-7	3.477730E-7	8.855946E-9	8.855946E-9
6.000000E-2	4.227170E-7	4.227170E-7	1.076437E-8	1.076437E-8
7.000000E-2	5.003560E-7	5.003560E-7	1.274143E-8	1.274143E-8
8.000000E-2	5.794700E-7	5.794700E-7	1.475605E-8	1.475605E-8
9.000000E-2	6.627270E-7	6.627270E-7	1.687616E-8	1.687616E-8
1.000000E-1	7.485040E-7	7.485040E-7	1.906045E-8	1.906045E-8
1.100000E-1	8.387550E-7	8.387550E-7	2.135867E-8	2.135867E-8
1.200000E-1	9.317050E-7	9.317050E-7	2.372562E-8	2.372562E-8
1.300000E-1	1.029450E-6	1.029450E-6	2.621467E-8	2.621467E-8
1.400000E-1	1.129210E-6	1.129210E-6	2.875503E-8	2.875503E-8
1.500000E-1	1.235980E-6	1.235980E-6	3.147390E-8	3.147390E-8
1.600000E-1	1.344410E-6	1.344410E-6	3.423504E-8	3.423504E-8
1.700000E-1	1.457230E-6	1.457230E-6	3.710797E-8	3.710797E-8
1.800000E-1	1.575450E-6	1.575450E-6	4.011841E-8	4.011841E-8
1.900000E-1	1.695020E-6	1.695020E-6	4.316323E-8	4.316323E-8
2.000000E-1	1.820900E-6	1.820900E-6	4.636873E-8	4.636873E-8
2.100000E-1	1.948590E-6	1.948590E-6	4.962032E-8	4.962032E-8
2.200000E-1	2.081930E-6	2.081930E-6	5.301579E-8	5.301579E-8
2.300000E-1	2.219030E-6	2.219030E-6	5.650700E-8	5.650700E-8
2.400000E-1	2.360020E-6	2.360020E-6	6.009727E-8	6.009727E-8
2.500000E-1	2.505400E-6	2.505400E-6	6.379934E-8	6.379934E-8
2.600000E-1	2.655970E-6	2.655970E-6	6.763356E-8	6.763356E-8
2.700000E-1	2.809020E-6	2.809020E-6	7.153094E-8	7.153094E-8
2.800000E-1	2.967330E-6	2.967330E-6	7.556226E-8	7.556226E-8
2.900000E-1	3.129420E-6	3.129420E-6	7.968984E-8	7.968984E-8
3.000000E-1	3.295210E-6	3.295210E-6	8.391164E-8	8.391164E-8
3.100000E-1	3.467790E-6	3.467790E-6	8.830634E-8	8.830634E-8
3.200000E-1	3.642180E-6	3.642180E-6	9.274713E-8	9.274713E-8
3.300000E-1	3.821790E-6	3.821790E-6	9.732085E-8	9.732085E-8
3.400000E-1	4.002910E-6	4.002910E-6	1.019330E-7	1.019330E-7
3.500000E-1	4.192430E-6	4.192430E-6	1.067591E-7	1.067591E-7
3.600000E-1	4.383100E-6	4.383100E-6	1.116145E-7	1.116145E-7
3.700000E-1	4.581570E-6	4.581570E-6	1.166684E-7	1.166684E-7
3.800000E-1	4.783020E-6	4.783020E-6	1.217983E-7	1.217983E-7
3.900000E-1	4.985510E-6	4.985510E-6	1.269547E-7	1.269547E-7
4.000000E-1	5.194470E-6	5.194470E-6	1.322758E-7	1.322758E-7
4.100000E-1	5.407320E-6	5.407320E-6	1.376959E-7	1.376959E-7
4.200000E-1	5.625890E-6	5.625890E-6	1.432618E-7	1.432618E-7
4.300000E-1	5.849150E-6	5.849150E-6	1.489470E-7	1.489470E-7
4.400000E-1	6.071810E-6	6.071810E-6	1.546170E-7	1.546170E-7
4.500000E-1	6.305810E-6	6.305810E-6	1.605758E-7	1.605758E-7
4.600000E-1	6.541850E-6	6.541850E-6	1.665865E-7	1.665865E-7
4.700000E-1	6.779650E-6	6.779650E-6	1.726420E-7	1.726420E-7
4.800000E-1	7.027140E-6	7.027140E-6	1.789442E-7	1.789442E-7
4.900000E-1	7.278380E-6	7.278380E-6	1.853420E-7	1.853420E-7
5.000000E-1	7.530600E-6	7.530600E-6	1.917647E-7	1.917647E-7
