

13:33:13	03/03/21


Ell Cont: 5,0x10,0

SMU1	V name:		V1
	I name:		I1
	Mode:		V
	Function:	VAR1
SMU2	V name:		V2
	I name:		I2
	Mode:		common
	Function:	const.
SMU3	off
SMU4	off
VMUs	off

Primary Source (VAR1):	single
	Sweep Spacing:	linear
	Start:		-0.500000
	Stop:		0.500000
	Step:		0.010000
	Compliance:	0.050000
Power Compliance OFF

Timing:		Integration Time:	medium
	Delay Time (sec):	0.000000
	Hold Time (sec):	0.000000
	Wait Time (sec):	1.000000

Secondary Source (VAR2):	OFF


   V1	   I1	Abs(I)	J (A\um²)	Abs(J)
-5.000000E-1	-4.267590E-6	4.267590E-6	-1.086730E-7	1.086730E-7
-4.900000E-1	-4.129980E-6	4.129980E-6	-1.051688E-7	1.051688E-7
-4.800000E-1	-3.993400E-6	3.993400E-6	-1.016909E-7	1.016909E-7
-4.700000E-1	-3.862860E-6	3.862860E-6	-9.836669E-8	9.836669E-8
-4.600000E-1	-3.732390E-6	3.732390E-6	-9.504431E-8	9.504431E-8
-4.500000E-1	-3.604080E-6	3.604080E-6	-9.177693E-8	9.177693E-8
-4.400000E-1	-3.478520E-6	3.478520E-6	-8.857958E-8	8.857958E-8
-4.300000E-1	-3.356830E-6	3.356830E-6	-8.548077E-8	8.548077E-8
-4.200000E-1	-3.236150E-6	3.236150E-6	-8.240769E-8	8.240769E-8
-4.100000E-1	-3.118760E-6	3.118760E-6	-7.941838E-8	7.941838E-8
-4.000000E-1	-3.002140E-6	3.002140E-6	-7.644869E-8	7.644869E-8
-3.900000E-1	-2.888230E-6	2.888230E-6	-7.354800E-8	7.354800E-8
-3.800000E-1	-2.778530E-6	2.778530E-6	-7.075452E-8	7.075452E-8
-3.700000E-1	-2.668740E-6	2.668740E-6	-6.795875E-8	6.795875E-8
-3.600000E-1	-2.562480E-6	2.562480E-6	-6.525286E-8	6.525286E-8
-3.500000E-1	-2.458160E-6	2.458160E-6	-6.259638E-8	6.259638E-8
-3.400000E-1	-2.355230E-6	2.355230E-6	-5.997530E-8	5.997530E-8
-3.300000E-1	-2.254330E-6	2.254330E-6	-5.740591E-8	5.740591E-8
-3.200000E-1	-2.157190E-6	2.157190E-6	-5.493226E-8	5.493226E-8
-3.100000E-1	-2.060360E-6	2.060360E-6	-5.246651E-8	5.246651E-8
-3.000000E-1	-1.967370E-6	1.967370E-6	-5.009855E-8	5.009855E-8
-2.900000E-1	-1.874900E-6	1.874900E-6	-4.774382E-8	4.774382E-8
-2.800000E-1	-1.784860E-6	1.784860E-6	-4.545098E-8	4.545098E-8
-2.700000E-1	-1.698080E-6	1.698080E-6	-4.324115E-8	4.324115E-8
-2.600000E-1	-1.612410E-6	1.612410E-6	-4.105959E-8	4.105959E-8
-2.500000E-1	-1.529330E-6	1.529330E-6	-3.894398E-8	3.894398E-8
-2.400000E-1	-1.446970E-6	1.446970E-6	-3.684670E-8	3.684670E-8
-2.300000E-1	-1.368350E-6	1.368350E-6	-3.484466E-8	3.484466E-8
-2.200000E-1	-1.291250E-6	1.291250E-6	-3.288133E-8	3.288133E-8
-2.100000E-1	-1.216090E-6	1.216090E-6	-3.096740E-8	3.096740E-8
-2.000000E-1	-1.142640E-6	1.142640E-6	-2.909702E-8	2.909702E-8
-1.900000E-1	-1.070770E-6	1.070770E-6	-2.726687E-8	2.726687E-8
-1.800000E-1	-1.001558E-6	1.001558E-6	-2.550441E-8	2.550441E-8
-1.700000E-1	-9.331270E-7	9.331270E-7	-2.376183E-8	2.376183E-8
-1.600000E-1	-8.667200E-7	8.667200E-7	-2.207079E-8	2.207079E-8
-1.500000E-1	-8.017770E-7	8.017770E-7	-2.041704E-8	2.041704E-8
-1.400000E-1	-7.396580E-7	7.396580E-7	-1.883519E-8	1.883519E-8
-1.300000E-1	-6.784810E-7	6.784810E-7	-1.727734E-8	1.727734E-8
-1.200000E-1	-6.191350E-7	6.191350E-7	-1.576611E-8	1.576611E-8
-1.100000E-1	-5.611030E-7	5.611030E-7	-1.428834E-8	1.428834E-8
-1.000000E-1	-5.049950E-7	5.049950E-7	-1.285956E-8	1.285956E-8
-9.000000E-2	-4.497230E-7	4.497230E-7	-1.145208E-8	1.145208E-8
-8.000000E-2	-3.964460E-7	3.964460E-7	-1.009539E-8	1.009539E-8
-7.000000E-2	-3.439030E-7	3.439030E-7	-8.757397E-9	8.757397E-9
-6.000000E-2	-2.927750E-7	2.927750E-7	-7.455437E-9	7.455437E-9
-5.000000E-2	-2.419740E-7	2.419740E-7	-6.161803E-9	6.161803E-9
-4.000000E-2	-1.926320E-7	1.926320E-7	-4.905322E-9	4.905322E-9
-3.000000E-2	-1.434570E-7	1.434570E-7	-3.653094E-9	3.653094E-9
-2.000000E-2	-9.536160E-8	9.536160E-8	-2.428357E-9	2.428357E-9
-1.000000E-2	-4.715320E-8	4.715320E-8	-1.200744E-9	1.200744E-9
0.000000E+0	-5.161000E-11	5.161000E-11	-1.314235E-12	1.314235E-12
1.000000E-2	4.756090E-8	4.756090E-8	1.211126E-9	1.211126E-9
2.000000E-2	9.642820E-8	9.642820E-8	2.455518E-9	2.455518E-9
3.000000E-2	1.438400E-7	1.438400E-7	3.662847E-9	3.662847E-9
4.000000E-2	1.937060E-7	1.937060E-7	4.932671E-9	4.932671E-9
5.000000E-2	2.430510E-7	2.430510E-7	6.189228E-9	6.189228E-9
6.000000E-2	2.935480E-7	2.935480E-7	7.475121E-9	7.475121E-9
7.000000E-2	3.450260E-7	3.450260E-7	8.785994E-9	8.785994E-9
8.000000E-2	3.971760E-7	3.971760E-7	1.011398E-8	1.011398E-8
9.000000E-2	4.507800E-7	4.507800E-7	1.147899E-8	1.147899E-8
1.000000E-1	5.056180E-7	5.056180E-7	1.287543E-8	1.287543E-8
1.100000E-1	5.619480E-7	5.619480E-7	1.430985E-8	1.430985E-8
1.200000E-1	6.191150E-7	6.191150E-7	1.576560E-8	1.576560E-8
1.300000E-1	6.782180E-7	6.782180E-7	1.727064E-8	1.727064E-8
1.400000E-1	7.389370E-7	7.389370E-7	1.881683E-8	1.881683E-8
1.500000E-1	8.021130E-7	8.021130E-7	2.042559E-8	2.042559E-8
1.600000E-1	8.654920E-7	8.654920E-7	2.203952E-8	2.203952E-8
1.700000E-1	9.318290E-7	9.318290E-7	2.372877E-8	2.372877E-8
1.800000E-1	9.994260E-7	9.994260E-7	2.545011E-8	2.545011E-8
1.900000E-1	1.068527E-6	1.068527E-6	2.720975E-8	2.720975E-8
2.000000E-1	1.139480E-6	1.139480E-6	2.901655E-8	2.901655E-8
2.100000E-1	1.213190E-6	1.213190E-6	3.089356E-8	3.089356E-8
2.200000E-1	1.288000E-6	1.288000E-6	3.279857E-8	3.279857E-8
2.300000E-1	1.364560E-6	1.364560E-6	3.474815E-8	3.474815E-8
2.400000E-1	1.444170E-6	1.444170E-6	3.677540E-8	3.677540E-8
2.500000E-1	1.524090E-6	1.524090E-6	3.881054E-8	3.881054E-8
2.600000E-1	1.607440E-6	1.607440E-6	4.093303E-8	4.093303E-8
2.700000E-1	1.691370E-6	1.691370E-6	4.307028E-8	4.307028E-8
2.800000E-1	1.778930E-6	1.778930E-6	4.529997E-8	4.529997E-8
2.900000E-1	1.868480E-6	1.868480E-6	4.758034E-8	4.758034E-8
3.000000E-1	1.959480E-6	1.959480E-6	4.989763E-8	4.989763E-8
3.100000E-1	2.053290E-6	2.053290E-6	5.228648E-8	5.228648E-8
3.200000E-1	2.148960E-6	2.148960E-6	5.472269E-8	5.472269E-8
3.300000E-1	2.246560E-6	2.246560E-6	5.720805E-8	5.720805E-8
3.400000E-1	2.345440E-6	2.345440E-6	5.972600E-8	5.972600E-8
3.500000E-1	2.448210E-6	2.448210E-6	6.234301E-8	6.234301E-8
3.600000E-1	2.549540E-6	2.549540E-6	6.492335E-8	6.492335E-8
3.700000E-1	2.657680E-6	2.657680E-6	6.767711E-8	6.767711E-8
3.800000E-1	2.765470E-6	2.765470E-6	7.042195E-8	7.042195E-8
3.900000E-1	2.875630E-6	2.875630E-6	7.322714E-8	7.322714E-8
4.000000E-1	2.989260E-6	2.989260E-6	7.612070E-8	7.612070E-8
4.100000E-1	3.103290E-6	3.103290E-6	7.902445E-8	7.902445E-8
4.200000E-1	3.219040E-6	3.219040E-6	8.197199E-8	8.197199E-8
4.300000E-1	3.339850E-6	3.339850E-6	8.504838E-8	8.504838E-8
4.400000E-1	3.461070E-6	3.461070E-6	8.813522E-8	8.813522E-8
4.500000E-1	3.584830E-6	3.584830E-6	9.128673E-8	9.128673E-8
4.600000E-1	3.710810E-6	3.710810E-6	9.449478E-8	9.449478E-8
4.700000E-1	3.838580E-6	3.838580E-6	9.774841E-8	9.774841E-8
4.800000E-1	3.970670E-6	3.970670E-6	1.011120E-7	1.011120E-7
4.900000E-1	4.101690E-6	4.101690E-6	1.044484E-7	1.044484E-7
5.000000E-1	4.236190E-6	4.236190E-6	1.078734E-7	1.078734E-7
