   V1	   I1	Abs(I)	J (A\um²)	Abs(J)
-5.000000E-1	-1.211520E-6	1.211520E-6	-3.085103E-8	3.085103E-8
-4.900000E-1	-1.169440E-6	1.169440E-6	-2.977948E-8	2.977948E-8
-4.800000E-1	-1.128700E-6	1.128700E-6	-2.874204E-8	2.874204E-8
-4.700000E-1	-1.089920E-6	1.089920E-6	-2.775452E-8	2.775452E-8
-4.600000E-1	-1.049940E-6	1.049940E-6	-2.673644E-8	2.673644E-8
-4.500000E-1	-1.012980E-6	1.012980E-6	-2.579526E-8	2.579526E-8
-4.400000E-1	-9.769710E-7	9.769710E-7	-2.487830E-8	2.487830E-8
-4.300000E-1	-9.395780E-7	9.395780E-7	-2.392610E-8	2.392610E-8
-4.200000E-1	-9.041410E-7	9.041410E-7	-2.302371E-8	2.302371E-8
-4.100000E-1	-8.699430E-7	8.699430E-7	-2.215286E-8	2.215286E-8
-4.000000E-1	-8.372320E-7	8.372320E-7	-2.131989E-8	2.131989E-8
-3.900000E-1	-8.036160E-7	8.036160E-7	-2.046387E-8	2.046387E-8
-3.800000E-1	-7.706810E-7	7.706810E-7	-1.962518E-8	1.962518E-8
-3.700000E-1	-7.394680E-7	7.394680E-7	-1.883035E-8	1.883035E-8
-3.600000E-1	-7.091340E-7	7.091340E-7	-1.805791E-8	1.805791E-8
-3.500000E-1	-6.777820E-7	6.777820E-7	-1.725954E-8	1.725954E-8
-3.400000E-1	-6.487130E-7	6.487130E-7	-1.651930E-8	1.651930E-8
-3.300000E-1	-6.190350E-7	6.190350E-7	-1.576356E-8	1.576356E-8
-3.200000E-1	-5.906610E-7	5.906610E-7	-1.504102E-8	1.504102E-8
-3.100000E-1	-5.628320E-7	5.628320E-7	-1.433237E-8	1.433237E-8
-3.000000E-1	-5.357940E-7	5.357940E-7	-1.364385E-8	1.364385E-8
-2.900000E-1	-5.093260E-7	5.093260E-7	-1.296985E-8	1.296985E-8
-2.800000E-1	-4.831860E-7	4.831860E-7	-1.230420E-8	1.230420E-8
-2.700000E-1	-4.584020E-7	4.584020E-7	-1.167308E-8	1.167308E-8
-2.600000E-1	-4.340660E-7	4.340660E-7	-1.105337E-8	1.105337E-8
-2.500000E-1	-4.104180E-7	4.104180E-7	-1.045118E-8	1.045118E-8
-2.400000E-1	-3.873260E-7	3.873260E-7	-9.863152E-9	9.863152E-9
-2.300000E-1	-3.651000E-7	3.651000E-7	-9.297173E-9	9.297173E-9
-2.200000E-1	-3.430510E-7	3.430510E-7	-8.735701E-9	8.735701E-9
-2.100000E-1	-3.220050E-7	3.220050E-7	-8.199771E-9	8.199771E-9
-2.000000E-1	-3.008470E-7	3.008470E-7	-7.660988E-9	7.660988E-9
-1.900000E-1	-2.812740E-7	2.812740E-7	-7.162567E-9	7.162567E-9
-1.800000E-1	-2.619550E-7	2.619550E-7	-6.670614E-9	6.670614E-9
-1.700000E-1	-2.433270E-7	2.433270E-7	-6.196257E-9	6.196257E-9
-1.600000E-1	-2.247960E-7	2.247960E-7	-5.724370E-9	5.724370E-9
-1.500000E-1	-2.070860E-7	2.070860E-7	-5.273389E-9	5.273389E-9
-1.400000E-1	-1.899700E-7	1.899700E-7	-4.837535E-9	4.837535E-9
-1.300000E-1	-1.733110E-7	1.733110E-7	-4.413318E-9	4.413318E-9
-1.200000E-1	-1.575730E-7	1.575730E-7	-4.012554E-9	4.012554E-9
-1.100000E-1	-1.421550E-7	1.421550E-7	-3.619939E-9	3.619939E-9
-1.000000E-1	-1.274030E-7	1.274030E-7	-3.244283E-9	3.244283E-9
-9.000000E-2	-1.130230E-7	1.130230E-7	-2.878100E-9	2.878100E-9
-8.000000E-2	-9.951900E-8	9.951900E-8	-2.534225E-9	2.534225E-9
-7.000000E-2	-8.567040E-8	8.567040E-8	-2.181574E-9	2.181574E-9
-6.000000E-2	-7.260580E-8	7.260580E-8	-1.848887E-9	1.848887E-9
-5.000000E-2	-5.978820E-8	5.978820E-8	-1.522490E-9	1.522490E-9
-4.000000E-2	-4.730050E-8	4.730050E-8	-1.204495E-9	1.204495E-9
-3.000000E-2	-3.500950E-8	3.500950E-8	-8.915075E-10	8.915075E-10
-2.000000E-2	-2.288070E-8	2.288070E-8	-5.826509E-10	5.826509E-10
-1.000000E-2	-1.115360E-8	1.115360E-8	-2.840234E-10	2.840234E-10
0.000000E+0	1.360100E-10	1.360100E-10	3.463458E-12	3.463458E-12
1.000000E-2	1.194750E-8	1.194750E-8	3.042399E-10	3.042399E-10
2.000000E-2	2.457060E-8	2.457060E-8	6.256837E-10	6.256837E-10
3.000000E-2	3.664010E-8	3.664010E-8	9.330303E-10	9.330303E-10
4.000000E-2	4.899670E-8	4.899670E-8	1.247688E-9	1.247688E-9
5.000000E-2	6.144220E-8	6.144220E-8	1.564609E-9	1.564609E-9
6.000000E-2	7.436480E-8	7.436480E-8	1.893680E-9	1.893680E-9
7.000000E-2	8.762860E-8	8.762860E-8	2.231439E-9	2.231439E-9
8.000000E-2	1.003460E-7	1.003460E-7	2.555284E-9	2.555284E-9
9.000000E-2	1.149670E-7	1.149670E-7	2.927604E-9	2.927604E-9
1.000000E-1	1.292110E-7	1.292110E-7	3.290323E-9	3.290323E-9
1.100000E-1	1.442780E-7	1.442780E-7	3.674000E-9	3.674000E-9
1.200000E-1	1.596790E-7	1.596790E-7	4.066183E-9	4.066183E-9
1.300000E-1	1.755710E-7	1.755710E-7	4.470868E-9	4.470868E-9
1.400000E-1	1.920580E-7	1.920580E-7	4.890705E-9	4.890705E-9
1.500000E-1	2.092020E-7	2.092020E-7	5.327273E-9	5.327273E-9
1.600000E-1	2.261640E-7	2.261640E-7	5.759205E-9	5.759205E-9
1.700000E-1	2.443290E-7	2.443290E-7	6.221772E-9	6.221772E-9
1.800000E-1	2.632370E-7	2.632370E-7	6.703259E-9	6.703259E-9
1.900000E-1	2.826770E-7	2.826770E-7	7.198294E-9	7.198294E-9
2.000000E-1	3.029470E-7	3.029470E-7	7.714464E-9	7.714464E-9
2.100000E-1	3.230970E-7	3.230970E-7	8.227578E-9	8.227578E-9
2.200000E-1	3.442610E-7	3.442610E-7	8.766514E-9	8.766514E-9
2.300000E-1	3.662780E-7	3.662780E-7	9.327171E-9	9.327171E-9
2.400000E-1	3.883680E-7	3.883680E-7	9.889687E-9	9.889687E-9
2.500000E-1	4.117460E-7	4.117460E-7	1.048500E-8	1.048500E-8
2.600000E-1	4.346390E-7	4.346390E-7	1.106797E-8	1.106797E-8
2.700000E-1	4.583320E-7	4.583320E-7	1.167130E-8	1.167130E-8
2.800000E-1	4.830060E-7	4.830060E-7	1.229962E-8	1.229962E-8
2.900000E-1	5.086260E-7	5.086260E-7	1.295202E-8	1.295202E-8
3.000000E-1	5.342040E-7	5.342040E-7	1.360336E-8	1.360336E-8
3.100000E-1	5.614870E-7	5.614870E-7	1.429812E-8	1.429812E-8
3.200000E-1	5.891520E-7	5.891520E-7	1.500260E-8	1.500260E-8
3.300000E-1	6.170790E-7	6.170790E-7	1.571375E-8	1.571375E-8
3.400000E-1	6.463970E-7	6.463970E-7	1.646033E-8	1.646033E-8
3.500000E-1	6.750390E-7	6.750390E-7	1.718969E-8	1.718969E-8
3.600000E-1	7.050680E-7	7.050680E-7	1.795437E-8	1.795437E-8
3.700000E-1	7.362670E-7	7.362670E-7	1.874884E-8	1.874884E-8
3.800000E-1	7.679030E-7	7.679030E-7	1.955444E-8	1.955444E-8
3.900000E-1	8.005360E-7	8.005360E-7	2.038543E-8	2.038543E-8
4.000000E-1	8.336290E-7	8.336290E-7	2.122814E-8	2.122814E-8
4.100000E-1	8.675180E-7	8.675180E-7	2.209111E-8	2.209111E-8
4.200000E-1	9.012370E-7	9.012370E-7	2.294976E-8	2.294976E-8
4.300000E-1	9.365870E-7	9.365870E-7	2.384994E-8	2.384994E-8
4.400000E-1	9.710620E-7	9.710620E-7	2.472783E-8	2.472783E-8
4.500000E-1	1.007260E-6	1.007260E-6	2.564960E-8	2.564960E-8
4.600000E-1	1.045082E-6	1.045082E-6	2.661273E-8	2.661273E-8
4.700000E-1	1.082789E-6	1.082789E-6	2.757293E-8	2.757293E-8
4.800000E-1	1.121212E-6	1.121212E-6	2.855136E-8	2.855136E-8
4.900000E-1	1.159080E-6	1.159080E-6	2.951566E-8	2.951566E-8
5.000000E-1	1.199100E-6	1.199100E-6	3.053476E-8	3.053476E-8
