

13:34:51	03/03/21


Ell Cont: 5,0x10,0

SMU1	V name:		V1
	I name:		I1
	Mode:		V
	Function:	VAR1
SMU2	V name:		V2
	I name:		I2
	Mode:		common
	Function:	const.
SMU3	off
SMU4	off
VMUs	off

Primary Source (VAR1):	single
	Sweep Spacing:	linear
	Start:		-0.500000
	Stop:		0.500000
	Step:		0.010000
	Compliance:	0.050000
Power Compliance OFF

Timing:		Integration Time:	medium
	Delay Time (sec):	0.000000
	Hold Time (sec):	0.000000
	Wait Time (sec):	1.000000

Secondary Source (VAR2):	OFF


   V1	   I1	Abs(I)	J (A\µm²)	Abs(J)
-5.000000E-1	-5.711320E-6	5.711320E-6	-1.454372E-7	1.454372E-7
-4.900000E-1	-5.524430E-6	5.524430E-6	-1.406781E-7	1.406781E-7
-4.800000E-1	-5.335400E-6	5.335400E-6	-1.358645E-7	1.358645E-7
-4.700000E-1	-5.154750E-6	5.154750E-6	-1.312643E-7	1.312643E-7
-4.600000E-1	-4.977830E-6	4.977830E-6	-1.267591E-7	1.267591E-7
-4.500000E-1	-4.807390E-6	4.807390E-6	-1.224189E-7	1.224189E-7
-4.400000E-1	-4.637270E-6	4.637270E-6	-1.180868E-7	1.180868E-7
-4.300000E-1	-4.469960E-6	4.469960E-6	-1.138263E-7	1.138263E-7
-4.200000E-1	-4.306220E-6	4.306220E-6	-1.096567E-7	1.096567E-7
-4.100000E-1	-4.146480E-6	4.146480E-6	-1.055890E-7	1.055890E-7
-4.000000E-1	-3.992100E-6	3.992100E-6	-1.016578E-7	1.016578E-7
-3.900000E-1	-3.835880E-6	3.835880E-6	-9.767965E-8	9.767965E-8
-3.800000E-1	-3.686510E-6	3.686510E-6	-9.387599E-8	9.387599E-8
-3.700000E-1	-3.539620E-6	3.539620E-6	-9.013547E-8	9.013547E-8
-3.600000E-1	-3.392480E-6	3.392480E-6	-8.638859E-8	8.638859E-8
-3.500000E-1	-3.251170E-6	3.251170E-6	-8.279017E-8	8.279017E-8
-3.400000E-1	-3.114110E-6	3.114110E-6	-7.929997E-8	7.929997E-8
-3.300000E-1	-2.977670E-6	2.977670E-6	-7.582557E-8	7.582557E-8
-3.200000E-1	-2.846600E-6	2.846600E-6	-7.248790E-8	7.248790E-8
-3.100000E-1	-2.716080E-6	2.716080E-6	-6.916425E-8	6.916425E-8
-3.000000E-1	-2.591130E-6	2.591130E-6	-6.598243E-8	6.598243E-8
-2.900000E-1	-2.467410E-6	2.467410E-6	-6.283193E-8	6.283193E-8
-2.800000E-1	-2.345740E-6	2.345740E-6	-5.973364E-8	5.973364E-8
-2.700000E-1	-2.228390E-6	2.228390E-6	-5.674535E-8	5.674535E-8
-2.600000E-1	-2.112380E-6	2.112380E-6	-5.379119E-8	5.379119E-8
-2.500000E-1	-2.001890E-6	2.001890E-6	-5.097759E-8	5.097759E-8
-2.400000E-1	-1.891990E-6	1.891990E-6	-4.817902E-8	4.817902E-8
-2.300000E-1	-1.786930E-6	1.786930E-6	-4.550369E-8	4.550369E-8
-2.200000E-1	-1.682850E-6	1.682850E-6	-4.285332E-8	4.285332E-8
-2.100000E-1	-1.581770E-6	1.581770E-6	-4.027935E-8	4.027935E-8
-2.000000E-1	-1.484220E-6	1.484220E-6	-3.779526E-8	3.779526E-8
-1.900000E-1	-1.389530E-6	1.389530E-6	-3.538401E-8	3.538401E-8
-1.800000E-1	-1.296540E-6	1.296540E-6	-3.301604E-8	3.301604E-8
-1.700000E-1	-1.206160E-6	1.206160E-6	-3.071454E-8	3.071454E-8
-1.600000E-1	-1.117200E-6	1.117200E-6	-2.844920E-8	2.844920E-8
-1.500000E-1	-1.032110E-6	1.032110E-6	-2.628240E-8	2.628240E-8
-1.400000E-1	-9.506520E-7	9.506520E-7	-2.420810E-8	2.420810E-8
-1.300000E-1	-8.686800E-7	8.686800E-7	-2.212070E-8	2.212070E-8
-1.200000E-1	-7.915290E-7	7.915290E-7	-2.015607E-8	2.015607E-8
-1.100000E-1	-7.159860E-7	7.159860E-7	-1.823239E-8	1.823239E-8
-1.000000E-1	-6.428180E-7	6.428180E-7	-1.636919E-8	1.636919E-8
-9.000000E-2	-5.709770E-7	5.709770E-7	-1.453978E-8	1.453978E-8
-8.000000E-2	-5.017720E-7	5.017720E-7	-1.277749E-8	1.277749E-8
-7.000000E-2	-4.346780E-7	4.346780E-7	-1.106896E-8	1.106896E-8
-6.000000E-2	-3.694650E-7	3.694650E-7	-9.408327E-9	9.408327E-9
-5.000000E-2	-3.049780E-7	3.049780E-7	-7.766183E-9	7.766183E-9
-4.000000E-2	-2.423600E-7	2.423600E-7	-6.171632E-9	6.171632E-9
-3.000000E-2	-1.803400E-7	1.803400E-7	-4.592310E-9	4.592310E-9
-2.000000E-2	-1.192140E-7	1.192140E-7	-3.035752E-9	3.035752E-9
-1.000000E-2	-5.961360E-8	5.961360E-8	-1.518044E-9	1.518044E-9
0.000000E+0	-1.073000E-11	1.073000E-11	-2.732366E-13	2.732366E-13
1.000000E-2	5.977480E-8	5.977480E-8	1.522149E-9	1.522149E-9
2.000000E-2	1.203310E-7	1.203310E-7	3.064197E-9	3.064197E-9
3.000000E-2	1.818610E-7	1.818610E-7	4.631041E-9	4.631041E-9
4.000000E-2	2.440210E-7	2.440210E-7	6.213929E-9	6.213929E-9
5.000000E-2	3.065620E-7	3.065620E-7	7.806519E-9	7.806519E-9
6.000000E-2	3.709050E-7	3.709050E-7	9.444996E-9	9.444996E-9
7.000000E-2	4.367060E-7	4.367060E-7	1.112060E-8	1.112060E-8
8.000000E-2	5.038930E-7	5.038930E-7	1.283150E-8	1.283150E-8
9.000000E-2	5.729050E-7	5.729050E-7	1.458887E-8	1.458887E-8
1.000000E-1	6.438760E-7	6.438760E-7	1.639613E-8	1.639613E-8
1.100000E-1	7.170480E-7	7.170480E-7	1.825943E-8	1.825943E-8
1.200000E-1	7.924510E-7	7.924510E-7	2.017955E-8	2.017955E-8
1.300000E-1	8.699660E-7	8.699660E-7	2.215345E-8	2.215345E-8
1.400000E-1	9.498890E-7	9.498890E-7	2.418867E-8	2.418867E-8
1.500000E-1	1.032358E-6	1.032358E-6	2.628872E-8	2.628872E-8
1.600000E-1	1.117496E-6	1.117496E-6	2.845674E-8	2.845674E-8
1.700000E-1	1.204610E-6	1.204610E-6	3.067507E-8	3.067507E-8
1.800000E-1	1.295370E-6	1.295370E-6	3.298625E-8	3.298625E-8
1.900000E-1	1.387530E-6	1.387530E-6	3.533308E-8	3.533308E-8
2.000000E-1	1.483400E-6	1.483400E-6	3.777438E-8	3.777438E-8
2.100000E-1	1.581450E-6	1.581450E-6	4.027120E-8	4.027120E-8
2.200000E-1	1.682100E-6	1.682100E-6	4.283422E-8	4.283422E-8
2.300000E-1	1.784370E-6	1.784370E-6	4.543850E-8	4.543850E-8
2.400000E-1	1.891110E-6	1.891110E-6	4.815661E-8	4.815661E-8
2.500000E-1	1.999820E-6	1.999820E-6	5.092488E-8	5.092488E-8
2.600000E-1	2.112020E-6	2.112020E-6	5.378202E-8	5.378202E-8
2.700000E-1	2.226430E-6	2.226430E-6	5.669544E-8	5.669544E-8
2.800000E-1	2.342960E-6	2.342960E-6	5.966285E-8	5.966285E-8
2.900000E-1	2.464030E-6	2.464030E-6	6.274586E-8	6.274586E-8
3.000000E-1	2.586360E-6	2.586360E-6	6.586096E-8	6.586096E-8
3.100000E-1	2.711690E-6	2.711690E-6	6.905246E-8	6.905246E-8
3.200000E-1	2.840980E-6	2.840980E-6	7.234479E-8	7.234479E-8
3.300000E-1	2.973010E-6	2.973010E-6	7.570690E-8	7.570690E-8
3.400000E-1	3.107680E-6	3.107680E-6	7.913624E-8	7.913624E-8
3.500000E-1	3.245620E-6	3.245620E-6	8.264884E-8	8.264884E-8
3.600000E-1	3.384390E-6	3.384390E-6	8.618258E-8	8.618258E-8
3.700000E-1	3.529450E-6	3.529450E-6	8.987650E-8	8.987650E-8
3.800000E-1	3.677960E-6	3.677960E-6	9.365826E-8	9.365826E-8
3.900000E-1	3.826180E-6	3.826180E-6	9.743264E-8	9.743264E-8
4.000000E-1	3.979350E-6	3.979350E-6	1.013331E-7	1.013331E-7
4.100000E-1	4.133620E-6	4.133620E-6	1.052615E-7	1.052615E-7
4.200000E-1	4.291340E-6	4.291340E-6	1.092778E-7	1.092778E-7
4.300000E-1	4.452370E-6	4.452370E-6	1.133784E-7	1.133784E-7
4.400000E-1	4.617910E-6	4.617910E-6	1.175938E-7	1.175938E-7
4.500000E-1	4.786460E-6	4.786460E-6	1.218859E-7	1.218859E-7
4.600000E-1	4.960500E-6	4.960500E-6	1.263178E-7	1.263178E-7
4.700000E-1	5.132510E-6	5.132510E-6	1.306980E-7	1.306980E-7
4.800000E-1	5.312710E-6	5.312710E-6	1.352867E-7	1.352867E-7
4.900000E-1	5.495050E-6	5.495050E-6	1.399300E-7	1.399300E-7
5.000000E-1	5.681340E-6	5.681340E-6	1.446738E-7	1.446738E-7
