

14:39:41	01/03/21


Ell Cont: 5,0x10,0

SMU1	V name:		V1
	I name:		I1
	Mode:		V
	Function:	VAR1
SMU2	V name:		V2
	I name:		I2
	Mode:		common
	Function:	const.
SMU3	off
SMU4	off
VMUs	off

Primary Source (VAR1):	single
	Sweep Spacing:	linear
	Start:		-0.500000
	Stop:		0.500000
	Step:		0.010000
	Compliance:	0.050000
Power Compliance OFF

Timing:		Integration Time:	medium
	Delay Time (sec):	0.000000
	Hold Time (sec):	0.000000
	Wait Time (sec):	1.000000

Secondary Source (VAR2):	OFF


   V1	   I1	Abs(I)	J (A\µm²)	Abs(J)
-5.000000E-1	-5.870000E-12	5.870000E-12	-1.494780E-13	1.494780E-13
-4.900000E-1	-4.550000E-12	4.550000E-12	-1.158645E-13	1.158645E-13
-4.800000E-1	-3.950000E-12	3.950000E-12	-1.005857E-13	1.005857E-13
-4.700000E-1	-3.800000E-12	3.800000E-12	-9.676598E-14	9.676598E-14
-4.600000E-1	-3.480000E-12	3.480000E-12	-8.861726E-14	8.861726E-14
-4.500000E-1	-3.240000E-12	3.240000E-12	-8.250573E-14	8.250573E-14
-4.400000E-1	-2.770000E-12	2.770000E-12	-7.053731E-14	7.053731E-14
-4.300000E-1	-2.520000E-12	2.520000E-12	-6.417112E-14	6.417112E-14
-4.200000E-1	-2.230000E-12	2.230000E-12	-5.678635E-14	5.678635E-14
-4.100000E-1	-1.920000E-12	1.920000E-12	-4.889228E-14	4.889228E-14
-4.000000E-1	-2.030000E-12	2.030000E-12	-5.169340E-14	5.169340E-14
-3.900000E-1	-1.460000E-12	1.460000E-12	-3.717851E-14	3.717851E-14
-3.800000E-1	-1.700000E-12	1.700000E-12	-4.329004E-14	4.329004E-14
-3.700000E-1	-6.000000E-13	6.000000E-13	-1.527884E-14	1.527884E-14
-3.600000E-1	-1.870000E-12	1.870000E-12	-4.761905E-14	4.761905E-14
-3.500000E-1	-2.130000E-12	2.130000E-12	-5.423988E-14	5.423988E-14
-3.400000E-1	-1.370000E-12	1.370000E-12	-3.488668E-14	3.488668E-14
-3.300000E-1	-1.300000E-12	1.300000E-12	-3.310415E-14	3.310415E-14
-3.200000E-1	-1.300000E-12	1.300000E-12	-3.310415E-14	3.310415E-14
-3.100000E-1	-1.380000E-12	1.380000E-12	-3.514133E-14	3.514133E-14
-3.000000E-1	-1.780000E-12	1.780000E-12	-4.532722E-14	4.532722E-14
-2.900000E-1	-2.060000E-12	2.060000E-12	-5.245735E-14	5.245735E-14
-2.800000E-1	-1.560000E-12	1.560000E-12	-3.972498E-14	3.972498E-14
-2.700000E-1	-1.010000E-12	1.010000E-12	-2.571938E-14	2.571938E-14
-2.600000E-1	-1.720000E-12	1.720000E-12	-4.379934E-14	4.379934E-14
-2.500000E-1	-5.600000E-13	5.600000E-13	-1.426025E-14	1.426025E-14
-2.400000E-1	-3.000000E-13	3.000000E-13	-7.639419E-15	7.639419E-15
-2.300000E-1	-8.600000E-13	8.600000E-13	-2.189967E-14	2.189967E-14
-2.200000E-1	-1.110000E-12	1.110000E-12	-2.826585E-14	2.826585E-14
-2.100000E-1	-1.440000E-12	1.440000E-12	-3.666921E-14	3.666921E-14
-2.000000E-1	-5.200000E-13	5.200000E-13	-1.324166E-14	1.324166E-14
-1.900000E-1	-4.000000E-13	4.000000E-13	-1.018589E-14	1.018589E-14
-1.800000E-1	1.580000E-12	1.580000E-12	4.023428E-14	4.023428E-14
-1.700000E-1	-5.200000E-13	5.200000E-13	-1.324166E-14	1.324166E-14
-1.600000E-1	-2.300000E-12	2.300000E-12	-5.856888E-14	5.856888E-14
-1.500000E-1	-1.200000E-12	1.200000E-12	-3.055768E-14	3.055768E-14
-1.400000E-1	-1.520000E-12	1.520000E-12	-3.870639E-14	3.870639E-14
-1.300000E-1	-2.690000E-12	2.690000E-12	-6.850013E-14	6.850013E-14
-1.200000E-1	-1.070000E-12	1.070000E-12	-2.724726E-14	2.724726E-14
-1.100000E-1	1.770000E-12	1.770000E-12	4.507257E-14	4.507257E-14
-1.000000E-1	-3.800000E-13	3.800000E-13	-9.676598E-15	9.676598E-15
-9.000000E-2	-2.200000E-12	2.200000E-12	-5.602241E-14	5.602241E-14
-8.000000E-2	-5.500000E-13	5.500000E-13	-1.400560E-14	1.400560E-14
-7.000000E-2	-1.760000E-12	1.760000E-12	-4.481793E-14	4.481793E-14
-6.000000E-2	-9.200000E-13	9.200000E-13	-2.342755E-14	2.342755E-14
-5.000000E-2	-8.400000E-13	8.400000E-13	-2.139037E-14	2.139037E-14
-4.000000E-2	2.590000E-12	2.590000E-12	6.595365E-14	6.595365E-14
-3.000000E-2	-4.610000E-12	4.610000E-12	-1.173924E-13	1.173924E-13
-2.000000E-2	-2.550000E-12	2.550000E-12	-6.493506E-14	6.493506E-14
-1.000000E-2	-8.000000E-13	8.000000E-13	-2.037178E-14	2.037178E-14
0.000000E+0	1.100000E-12	1.100000E-12	2.801120E-14	2.801120E-14
1.000000E-2	4.300000E-13	4.300000E-13	1.094983E-14	1.094983E-14
2.000000E-2	1.230000E-12	1.230000E-12	3.132162E-14	3.132162E-14
3.000000E-2	-1.580000E-12	1.580000E-12	-4.023428E-14	4.023428E-14
4.000000E-2	1.170000E-12	1.170000E-12	2.979374E-14	2.979374E-14
5.000000E-2	4.160000E-12	4.160000E-12	1.059333E-13	1.059333E-13
6.000000E-2	5.590000E-12	5.590000E-12	1.423478E-13	1.423478E-13
7.000000E-2	3.240000E-12	3.240000E-12	8.250573E-14	8.250573E-14
8.000000E-2	5.660000E-12	5.660000E-12	1.441304E-13	1.441304E-13
9.000000E-2	8.790000E-12	8.790000E-12	2.238350E-13	2.238350E-13
1.000000E-1	1.150000E-11	1.150000E-11	2.928444E-13	2.928444E-13
1.100000E-1	1.286000E-11	1.286000E-11	3.274764E-13	3.274764E-13
1.200000E-1	1.875000E-11	1.875000E-11	4.774637E-13	4.774637E-13
1.300000E-1	3.151000E-11	3.151000E-11	8.023937E-13	8.023937E-13
1.400000E-1	3.985000E-11	3.985000E-11	1.014770E-12	1.014770E-12
1.500000E-1	5.198000E-11	5.198000E-11	1.323657E-12	1.323657E-12
1.600000E-1	9.283000E-11	9.283000E-11	2.363891E-12	2.363891E-12
1.700000E-1	1.202100E-10	1.202100E-10	3.061115E-12	3.061115E-12
1.800000E-1	1.849100E-10	1.849100E-10	4.708683E-12	4.708683E-12
1.900000E-1	1.414400E-10	1.414400E-10	3.601732E-12	3.601732E-12
2.000000E-1	1.670100E-10	1.670100E-10	4.252865E-12	4.252865E-12
2.100000E-1	2.440100E-10	2.440100E-10	6.213649E-12	6.213649E-12
2.200000E-1	3.649600E-10	3.649600E-10	9.293608E-12	9.293608E-12
2.300000E-1	3.715500E-10	3.715500E-10	9.461421E-12	9.461421E-12
2.400000E-1	5.288000E-10	5.288000E-10	1.346575E-11	1.346575E-11
2.500000E-1	7.079500E-10	7.079500E-10	1.802776E-11	1.802776E-11
2.600000E-1	8.932300E-10	8.932300E-10	2.274586E-11	2.274586E-11
2.700000E-1	1.004900E-9	1.004900E-9	2.558951E-11	2.558951E-11
2.800000E-1	1.051700E-9	1.051700E-9	2.678126E-11	2.678126E-11
2.900000E-1	1.160040E-9	1.160040E-9	2.954011E-11	2.954011E-11
3.000000E-1	1.650520E-9	1.650520E-9	4.203005E-11	4.203005E-11
3.100000E-1	3.623120E-9	3.623120E-9	9.226178E-11	9.226178E-11
3.200000E-1	4.306260E-9	4.306260E-9	1.096578E-10	1.096578E-10
3.300000E-1	8.258030E-9	8.258030E-9	2.102885E-10	2.102885E-10
3.400000E-1	9.310160E-9	9.310160E-9	2.370807E-10	2.370807E-10
3.500000E-1	9.466600E-9	9.466600E-9	2.410644E-10	2.410644E-10
3.600000E-1	1.059870E-8	1.059870E-8	2.698930E-10	2.698930E-10
3.700000E-1	1.218620E-8	1.218620E-8	3.103183E-10	3.103183E-10
3.800000E-1	1.111650E-8	1.111650E-8	2.830787E-10	2.830787E-10
3.900000E-1	1.195930E-8	1.195930E-8	3.045404E-10	3.045404E-10
4.000000E-1	1.305680E-8	1.305680E-8	3.324879E-10	3.324879E-10
4.100000E-1	1.426850E-8	1.426850E-8	3.633435E-10	3.633435E-10
4.200000E-1	1.542270E-8	1.542270E-8	3.927349E-10	3.927349E-10
4.300000E-1	1.844020E-8	1.844020E-8	4.695747E-10	4.695747E-10
4.400000E-1	1.682320E-8	1.682320E-8	4.283983E-10	4.283983E-10
4.500000E-1	1.497440E-8	1.497440E-8	3.813191E-10	3.813191E-10
4.600000E-1	1.755450E-8	1.755450E-8	4.470206E-10	4.470206E-10
4.700000E-1	1.825890E-8	1.825890E-8	4.649580E-10	4.649580E-10
4.800000E-1	1.842720E-8	1.842720E-8	4.692437E-10	4.692437E-10
4.900000E-1	2.014600E-8	2.014600E-8	5.130125E-10	5.130125E-10
5.000000E-1	2.242790E-8	2.242790E-8	5.711204E-10	5.711204E-10
