

14:45:10	24/03/21


Ell Cont: 5,0x10,0

SMU1	V name:		V1
	I name:		I1
	Mode:		V
	Function:	VAR1
SMU2	V name:		V2
	I name:		I2
	Mode:		common
	Function:	const.
SMU3	off
SMU4	off
VMUs	off

Primary Source (VAR1):	single
	Sweep Spacing:	linear
	Start:		-0.500000
	Stop:		0.500000
	Step:		0.010000
	Compliance:	0.050000
Power Compliance OFF

Timing:		Integration Time:	medium
	Delay Time (sec):	0.000000
	Hold Time (sec):	0.000000
	Wait Time (sec):	1.000000

Secondary Source (VAR2):	OFF


   V1	   I1	Abs(I)	J (A\µm²)	Abs(J)
-5.000000E-1	-1.006900E-8	1.006900E-8	-2.564044E-10	2.564044E-10
-4.900000E-1	-8.595670E-9	8.595670E-9	-2.188864E-10	2.188864E-10
-4.800000E-1	-7.801540E-9	7.801540E-9	-1.986641E-10	1.986641E-10
-4.700000E-1	-7.477490E-9	7.477490E-9	-1.904123E-10	1.904123E-10
-4.600000E-1	-7.044770E-9	7.044770E-9	-1.793932E-10	1.793932E-10
-4.500000E-1	-6.813340E-9	6.813340E-9	-1.734999E-10	1.734999E-10
-4.400000E-1	-6.540070E-9	6.540070E-9	-1.665411E-10	1.665411E-10
-4.300000E-1	-6.196600E-9	6.196600E-9	-1.577948E-10	1.577948E-10
-4.200000E-1	-5.978260E-9	5.978260E-9	-1.522348E-10	1.522348E-10
-4.100000E-1	-5.573580E-9	5.573580E-9	-1.419297E-10	1.419297E-10
-4.000000E-1	-5.432810E-9	5.432810E-9	-1.383450E-10	1.383450E-10
-3.900000E-1	-5.203790E-9	5.203790E-9	-1.325131E-10	1.325131E-10
-3.800000E-1	-5.024980E-9	5.024980E-9	-1.279598E-10	1.279598E-10
-3.700000E-1	-4.835470E-9	4.835470E-9	-1.231339E-10	1.231339E-10
-3.600000E-1	-4.652970E-9	4.652970E-9	-1.184866E-10	1.184866E-10
-3.500000E-1	-4.404150E-9	4.404150E-9	-1.121505E-10	1.121505E-10
-3.400000E-1	-4.235980E-9	4.235980E-9	-1.078681E-10	1.078681E-10
-3.300000E-1	-4.061980E-9	4.061980E-9	-1.034372E-10	1.034372E-10
-3.200000E-1	-3.879180E-9	3.879180E-9	-9.878228E-11	9.878228E-11
-3.100000E-1	-3.751660E-9	3.751660E-9	-9.553501E-11	9.553501E-11
-3.000000E-1	-3.587980E-9	3.587980E-9	-9.136695E-11	9.136695E-11
-2.900000E-1	-3.426690E-9	3.426690E-9	-8.725974E-11	8.725974E-11
-2.800000E-1	-3.256510E-9	3.256510E-9	-8.292615E-11	8.292615E-11
-2.700000E-1	-3.079140E-9	3.079140E-9	-7.840947E-11	7.840947E-11
-2.600000E-1	-2.915880E-9	2.915880E-9	-7.425210E-11	7.425210E-11
-2.500000E-1	-2.740000E-9	2.740000E-9	-6.977336E-11	6.977336E-11
-2.400000E-1	-2.577050E-9	2.577050E-9	-6.562389E-11	6.562389E-11
-2.300000E-1	-2.436090E-9	2.436090E-9	-6.203438E-11	6.203438E-11
-2.200000E-1	-2.299120E-9	2.299120E-9	-5.854647E-11	5.854647E-11
-2.100000E-1	-2.171770E-9	2.171770E-9	-5.530354E-11	5.530354E-11
-2.000000E-1	-2.027900E-9	2.027900E-9	-5.163993E-11	5.163993E-11
-1.900000E-1	-1.904180E-9	1.904180E-9	-4.848943E-11	4.848943E-11
-1.800000E-1	-1.770780E-9	1.770780E-9	-4.509244E-11	4.509244E-11
-1.700000E-1	-1.638530E-9	1.638530E-9	-4.172473E-11	4.172473E-11
-1.600000E-1	-1.481920E-9	1.481920E-9	-3.773669E-11	3.773669E-11
-1.500000E-1	-1.364970E-9	1.364970E-9	-3.475859E-11	3.475859E-11
-1.400000E-1	-1.248810E-9	1.248810E-9	-3.180061E-11	3.180061E-11
-1.300000E-1	-1.112450E-9	1.112450E-9	-2.832824E-11	2.832824E-11
-1.200000E-1	-9.997400E-10	9.997400E-10	-2.545811E-11	2.545811E-11
-1.100000E-1	-9.052000E-10	9.052000E-10	-2.305067E-11	2.305067E-11
-1.000000E-1	-7.875600E-10	7.875600E-10	-2.005500E-11	2.005500E-11
-9.000000E-2	-6.644900E-10	6.644900E-10	-1.692106E-11	1.692106E-11
-8.000000E-2	-5.502700E-10	5.502700E-10	-1.401248E-11	1.401248E-11
-7.000000E-2	-4.496200E-10	4.496200E-10	-1.144945E-11	1.144945E-11
-6.000000E-2	-3.590500E-10	3.590500E-10	-9.143112E-12	9.143112E-12
-5.000000E-2	-2.581600E-10	2.581600E-10	-6.573975E-12	6.573975E-12
-4.000000E-2	-1.568900E-10	1.568900E-10	-3.995162E-12	3.995162E-12
-3.000000E-2	-4.472000E-11	4.472000E-11	-1.138783E-12	1.138783E-12
-2.000000E-2	5.316000E-11	5.316000E-11	1.353705E-12	1.353705E-12
-1.000000E-2	1.539500E-10	1.539500E-10	3.920295E-12	3.920295E-12
0.000000E+0	2.604700E-10	2.604700E-10	6.632798E-12	6.632798E-12
1.000000E-2	3.664000E-10	3.664000E-10	9.330277E-12	9.330277E-12
2.000000E-2	4.988900E-10	4.988900E-10	1.270410E-11	1.270410E-11
3.000000E-2	6.007000E-10	6.007000E-10	1.529666E-11	1.529666E-11
4.000000E-2	7.130500E-10	7.130500E-10	1.815763E-11	1.815763E-11
5.000000E-2	8.341100E-10	8.341100E-10	2.124039E-11	2.124039E-11
6.000000E-2	9.559100E-10	9.559100E-10	2.434199E-11	2.434199E-11
7.000000E-2	1.084820E-9	1.084820E-9	2.762465E-11	2.762465E-11
8.000000E-2	1.176690E-9	1.176690E-9	2.996409E-11	2.996409E-11
9.000000E-2	1.340870E-9	1.340870E-9	3.414489E-11	3.414489E-11
1.000000E-1	1.483120E-9	1.483120E-9	3.776725E-11	3.776725E-11
1.100000E-1	1.617810E-9	1.617810E-9	4.119710E-11	4.119710E-11
1.200000E-1	1.753750E-9	1.753750E-9	4.465877E-11	4.465877E-11
1.300000E-1	1.918420E-9	1.918420E-9	4.885205E-11	4.885205E-11
1.400000E-1	2.075460E-9	2.075460E-9	5.285103E-11	5.285103E-11
1.500000E-1	2.216780E-9	2.216780E-9	5.644971E-11	5.644971E-11
1.600000E-1	2.409770E-9	2.409770E-9	6.136414E-11	6.136414E-11
1.700000E-1	2.548100E-9	2.548100E-9	6.488668E-11	6.488668E-11
1.800000E-1	2.748630E-9	2.748630E-9	6.999312E-11	6.999312E-11
1.900000E-1	2.936460E-9	2.936460E-9	7.477616E-11	7.477616E-11
2.000000E-1	3.144850E-9	3.144850E-9	8.008276E-11	8.008276E-11
2.100000E-1	3.362120E-9	3.362120E-9	8.561548E-11	8.561548E-11
2.200000E-1	3.565130E-9	3.565130E-9	9.078508E-11	9.078508E-11
2.300000E-1	3.828810E-9	3.828810E-9	9.749962E-11	9.749962E-11
2.400000E-1	4.106350E-9	4.106350E-9	1.045671E-10	1.045671E-10
2.500000E-1	4.282420E-9	4.282420E-9	1.090507E-10	1.090507E-10
2.600000E-1	4.652980E-9	4.652980E-9	1.184869E-10	1.184869E-10
2.700000E-1	4.898030E-9	4.898030E-9	1.247270E-10	1.247270E-10
2.800000E-1	5.213310E-9	5.213310E-9	1.327555E-10	1.327555E-10
2.900000E-1	5.574060E-9	5.574060E-9	1.419419E-10	1.419419E-10
3.000000E-1	5.887100E-9	5.887100E-9	1.499134E-10	1.499134E-10
3.100000E-1	6.250200E-9	6.250200E-9	1.591597E-10	1.591597E-10
3.200000E-1	6.633420E-9	6.633420E-9	1.689183E-10	1.689183E-10
3.300000E-1	7.122440E-9	7.122440E-9	1.813710E-10	1.813710E-10
3.400000E-1	7.478900E-9	7.478900E-9	1.904482E-10	1.904482E-10
3.500000E-1	7.959050E-9	7.959050E-9	2.026751E-10	2.026751E-10
3.600000E-1	8.425960E-9	8.425960E-9	2.145648E-10	2.145648E-10
3.700000E-1	8.885890E-9	8.885890E-9	2.262768E-10	2.262768E-10
3.800000E-1	9.431100E-9	9.431100E-9	2.401604E-10	2.401604E-10
3.900000E-1	9.886300E-9	9.886300E-9	2.517520E-10	2.517520E-10
4.000000E-1	1.105050E-8	1.105050E-8	2.813980E-10	2.813980E-10
4.100000E-1	1.180190E-8	1.180190E-8	3.005322E-10	3.005322E-10
4.200000E-1	1.256670E-8	1.256670E-8	3.200076E-10	3.200076E-10
4.300000E-1	1.334070E-8	1.334070E-8	3.397173E-10	3.397173E-10
4.400000E-1	1.412670E-8	1.412670E-8	3.597326E-10	3.597326E-10
4.500000E-1	1.497720E-8	1.497720E-8	3.813904E-10	3.813904E-10
4.600000E-1	1.598270E-8	1.598270E-8	4.069952E-10	4.069952E-10
4.700000E-1	1.692080E-8	1.692080E-8	4.308836E-10	4.308836E-10
4.800000E-1	1.792490E-8	1.792490E-8	4.564528E-10	4.564528E-10
4.900000E-1	1.907860E-8	1.907860E-8	4.858314E-10	4.858314E-10
5.000000E-1	2.033490E-8	2.033490E-8	5.178228E-10	5.178228E-10
