

14:17:35	24/03/21


Ell Cont: 5,0x10,0

SMU1	V name:		V1
	I name:		I1
	Mode:		V
	Function:	VAR1
SMU2	V name:		V2
	I name:		I2
	Mode:		common
	Function:	const.
SMU3	off
SMU4	off
VMUs	off

Primary Source (VAR1):	single
	Sweep Spacing:	linear
	Start:		-0.500000
	Stop:		0.500000
	Step:		0.010000
	Compliance:	0.050000
Power Compliance OFF

Timing:		Integration Time:	medium
	Delay Time (sec):	0.000000
	Hold Time (sec):	0.000000
	Wait Time (sec):	1.000000

Secondary Source (VAR2):	OFF


   V1	   I1	Abs(I)	J (A\µm²)	Abs(J)
-5.000000E-1	-2.097580E-2	2.097580E-2	-5.341431E-4	5.341431E-4
-4.900000E-1	-2.015450E-2	2.015450E-2	-5.132289E-4	5.132289E-4
-4.800000E-1	-1.915260E-2	1.915260E-2	-4.877158E-4	4.877158E-4
-4.700000E-1	-1.924640E-2	1.924640E-2	-4.901044E-4	4.901044E-4
-4.600000E-1	-1.860310E-2	1.860310E-2	-4.737229E-4	4.737229E-4
-4.500000E-1	-1.915130E-2	1.915130E-2	-4.876827E-4	4.876827E-4
-4.400000E-1	-1.821850E-2	1.821850E-2	-4.639292E-4	4.639292E-4
-4.300000E-1	-1.783720E-2	1.783720E-2	-4.542195E-4	4.542195E-4
-4.200000E-1	-1.749960E-2	1.749960E-2	-4.456226E-4	4.456226E-4
-4.100000E-1	-1.725960E-2	1.725960E-2	-4.395111E-4	4.395111E-4
-4.000000E-1	-1.691380E-2	1.691380E-2	-4.307054E-4	4.307054E-4
-3.900000E-1	-1.638310E-2	1.638310E-2	-4.171912E-4	4.171912E-4
-3.800000E-1	-1.850610E-2	1.850610E-2	-4.712529E-4	4.712529E-4
-3.700000E-1	-1.816610E-2	1.816610E-2	-4.625949E-4	4.625949E-4
-3.600000E-1	-1.677230E-2	1.677230E-2	-4.271021E-4	4.271021E-4
-3.500000E-1	-1.631390E-2	1.631390E-2	-4.154291E-4	4.154291E-4
-3.400000E-1	-1.590630E-2	1.590630E-2	-4.050497E-4	4.050497E-4
-3.300000E-1	-1.529510E-2	1.529510E-2	-3.894856E-4	3.894856E-4
-3.200000E-1	-1.477330E-2	1.477330E-2	-3.761981E-4	3.761981E-4
-3.100000E-1	-1.427340E-2	1.427340E-2	-3.634683E-4	3.634683E-4
-3.000000E-1	-1.388490E-2	1.388490E-2	-3.535752E-4	3.535752E-4
-2.900000E-1	-1.345190E-2	1.345190E-2	-3.425490E-4	3.425490E-4
-2.800000E-1	-1.310590E-2	1.310590E-2	-3.337382E-4	3.337382E-4
-2.700000E-1	-1.270530E-2	1.270530E-2	-3.235370E-4	3.235370E-4
-2.600000E-1	-1.201810E-2	1.201810E-2	-3.060377E-4	3.060377E-4
-2.500000E-1	-1.158720E-2	1.158720E-2	-2.950649E-4	2.950649E-4
-2.400000E-1	-1.118320E-2	1.118320E-2	-2.847772E-4	2.847772E-4
-2.300000E-1	-1.066050E-2	1.066050E-2	-2.714668E-4	2.714668E-4
-2.200000E-1	-1.018370E-2	1.018370E-2	-2.593252E-4	2.593252E-4
-2.100000E-1	-9.874890E-3	9.874890E-3	-2.514614E-4	2.514614E-4
-2.000000E-1	-9.427720E-3	9.427720E-3	-2.400744E-4	2.400744E-4
-1.900000E-1	-8.935940E-3	8.935940E-3	-2.275513E-4	2.275513E-4
-1.800000E-1	-8.451970E-3	8.451970E-3	-2.152271E-4	2.152271E-4
-1.700000E-1	-7.977700E-3	7.977700E-3	-2.031500E-4	2.031500E-4
-1.600000E-1	-7.481000E-3	7.481000E-3	-1.905017E-4	1.905017E-4
-1.500000E-1	-7.008130E-3	7.008130E-3	-1.784601E-4	1.784601E-4
-1.400000E-1	-6.528730E-3	6.528730E-3	-1.662524E-4	1.662524E-4
-1.300000E-1	-6.055490E-3	6.055490E-3	-1.542014E-4	1.542014E-4
-1.200000E-1	-5.588860E-3	5.588860E-3	-1.423188E-4	1.423188E-4
-1.100000E-1	-5.117590E-3	5.117590E-3	-1.303181E-4	1.303181E-4
-1.000000E-1	-4.632380E-3	4.632380E-3	-1.179623E-4	1.179623E-4
-9.000000E-2	-4.130520E-3	4.130520E-3	-1.051826E-4	1.051826E-4
-8.000000E-2	-3.668130E-3	3.668130E-3	-9.340794E-5	9.340794E-5
-7.000000E-2	-3.198980E-3	3.198980E-3	-8.146117E-5	8.146117E-5
-6.000000E-2	-2.742560E-3	2.742560E-3	-6.983855E-5	6.983855E-5
-5.000000E-2	-2.277290E-3	2.277290E-3	-5.799058E-5	5.799058E-5
-4.000000E-2	-1.820810E-3	1.820810E-3	-4.636644E-5	4.636644E-5
-3.000000E-2	-1.362190E-3	1.362190E-3	-3.468780E-5	3.468780E-5
-2.000000E-2	-9.039740E-4	9.039740E-4	-2.301945E-5	2.301945E-5
-1.000000E-2	-4.541690E-4	4.541690E-4	-1.156529E-5	1.156529E-5
0.000000E+0	-2.426830E-6	2.426830E-6	-6.179857E-8	6.179857E-8
1.000000E-2	4.436020E-4	4.436020E-4	1.129621E-5	1.129621E-5
2.000000E-2	8.903920E-4	8.903920E-4	2.267359E-5	2.267359E-5
3.000000E-2	1.330200E-3	1.330200E-3	3.387319E-5	3.387319E-5
4.000000E-2	1.773560E-3	1.773560E-3	4.516323E-5	4.516323E-5
5.000000E-2	2.205960E-3	2.205960E-3	5.617418E-5	5.617418E-5
6.000000E-2	2.628880E-3	2.628880E-3	6.694372E-5	6.694372E-5
7.000000E-2	3.050770E-3	3.050770E-3	7.768704E-5	7.768704E-5
8.000000E-2	3.458390E-3	3.458390E-3	8.806697E-5	8.806697E-5
9.000000E-2	3.864320E-3	3.864320E-3	9.840387E-5	9.840387E-5
1.000000E-1	4.289300E-3	4.289300E-3	1.092259E-4	1.092259E-4
1.100000E-1	4.713670E-3	4.713670E-3	1.200323E-4	1.200323E-4
1.200000E-1	5.103820E-3	5.103820E-3	1.299674E-4	1.299674E-4
1.300000E-1	5.533360E-3	5.533360E-3	1.409055E-4	1.409055E-4
1.400000E-1	5.978360E-3	5.978360E-3	1.522373E-4	1.522373E-4
1.500000E-1	6.390720E-3	6.390720E-3	1.627380E-4	1.627380E-4
1.600000E-1	6.699970E-3	6.699970E-3	1.706129E-4	1.706129E-4
1.700000E-1	7.016980E-3	7.016980E-3	1.786855E-4	1.786855E-4
1.800000E-1	7.511870E-3	7.511870E-3	1.912877E-4	1.912877E-4
1.900000E-1	8.303540E-3	8.303540E-3	2.114474E-4	2.114474E-4
2.000000E-1	8.523010E-3	8.523010E-3	2.170362E-4	2.170362E-4
2.100000E-1	9.172300E-3	9.172300E-3	2.335702E-4	2.335702E-4
2.200000E-1	9.731580E-3	9.731580E-3	2.478121E-4	2.478121E-4
2.300000E-1	1.011174E-2	1.011174E-2	2.574927E-4	2.574927E-4
2.400000E-1	1.051910E-2	1.051910E-2	2.678661E-4	2.678661E-4
2.500000E-1	1.049360E-2	1.049360E-2	2.672167E-4	2.672167E-4
2.600000E-1	1.107801E-2	1.107801E-2	2.820985E-4	2.820985E-4
2.700000E-1	1.107923E-2	1.107923E-2	2.821296E-4	2.821296E-4
2.800000E-1	1.096717E-2	1.096717E-2	2.792760E-4	2.792760E-4
2.900000E-1	1.107107E-2	1.107107E-2	2.819218E-4	2.819218E-4
3.000000E-1	1.122465E-2	1.122465E-2	2.858327E-4	2.858327E-4
3.100000E-1	1.132320E-2	1.132320E-2	2.883422E-4	2.883422E-4
3.200000E-1	1.153020E-2	1.153020E-2	2.936134E-4	2.936134E-4
3.300000E-1	1.171400E-2	1.171400E-2	2.982939E-4	2.982939E-4
3.400000E-1	1.242720E-2	1.242720E-2	3.164553E-4	3.164553E-4
3.500000E-1	1.226090E-2	1.226090E-2	3.122205E-4	3.122205E-4
3.600000E-1	1.236530E-2	1.236530E-2	3.148790E-4	3.148790E-4
3.700000E-1	1.196470E-2	1.196470E-2	3.046779E-4	3.046779E-4
3.800000E-1	1.205280E-2	1.205280E-2	3.069213E-4	3.069213E-4
3.900000E-1	1.209710E-2	1.209710E-2	3.080494E-4	3.080494E-4
4.000000E-1	1.241280E-2	1.241280E-2	3.160886E-4	3.160886E-4
4.100000E-1	1.252010E-2	1.252010E-2	3.188210E-4	3.188210E-4
4.200000E-1	1.329110E-2	1.329110E-2	3.384543E-4	3.384543E-4
4.300000E-1	1.349010E-2	1.349010E-2	3.435218E-4	3.435218E-4
4.400000E-1	1.386330E-2	1.386330E-2	3.530252E-4	3.530252E-4
4.500000E-1	1.422490E-2	1.422490E-2	3.622333E-4	3.622333E-4
4.600000E-1	1.457700E-2	1.457700E-2	3.711994E-4	3.711994E-4
4.700000E-1	1.581760E-2	1.581760E-2	4.027909E-4	4.027909E-4
4.800000E-1	1.599120E-2	1.599120E-2	4.072116E-4	4.072116E-4
4.900000E-1	1.632600E-2	1.632600E-2	4.157372E-4	4.157372E-4
5.000000E-1	1.657590E-2	1.657590E-2	4.221008E-4	4.221008E-4
