

14:31:50	24/03/21


Ell Cont: 5,0x10,0

SMU1	V name:		V1
	I name:		I1
	Mode:		V
	Function:	VAR1
SMU2	V name:		V2
	I name:		I2
	Mode:		common
	Function:	const.
SMU3	off
SMU4	off
VMUs	off

Primary Source (VAR1):	single
	Sweep Spacing:	linear
	Start:		-0.500000
	Stop:		0.500000
	Step:		0.010000
	Compliance:	0.050000
Power Compliance OFF

Timing:		Integration Time:	medium
	Delay Time (sec):	0.000000
	Hold Time (sec):	0.000000
	Wait Time (sec):	1.000000

Secondary Source (VAR2):	OFF


   V1	   I1	Abs(I)	J (A\um²)	Abs(J)
-5.000000E-1	-2.541730E-8	2.541730E-8	-6.472447E-10	6.472447E-10
-4.900000E-1	-2.133070E-8	2.133070E-8	-5.431805E-10	5.431805E-10
-4.800000E-1	-1.694460E-8	1.694460E-8	-4.314897E-10	4.314897E-10
-4.700000E-1	-1.693210E-8	1.693210E-8	-4.311714E-10	4.311714E-10
-4.600000E-1	-1.535750E-8	1.535750E-8	-3.910746E-10	3.910746E-10
-4.500000E-1	-1.432370E-8	1.432370E-8	-3.647492E-10	3.647492E-10
-4.400000E-1	-1.428260E-8	1.428260E-8	-3.637026E-10	3.637026E-10
-4.300000E-1	-1.351320E-8	1.351320E-8	-3.441100E-10	3.441100E-10
-4.200000E-1	-1.534880E-8	1.534880E-8	-3.908531E-10	3.908531E-10
-4.100000E-1	-1.516170E-8	1.516170E-8	-3.860886E-10	3.860886E-10
-4.000000E-1	-1.351750E-8	1.351750E-8	-3.442195E-10	3.442195E-10
-3.900000E-1	-1.482030E-8	1.482030E-8	-3.773950E-10	3.773950E-10
-3.800000E-1	-1.433400E-8	1.433400E-8	-3.650115E-10	3.650115E-10
-3.700000E-1	-1.454180E-8	1.454180E-8	-3.703030E-10	3.703030E-10
-3.600000E-1	-1.488590E-8	1.488590E-8	-3.790654E-10	3.790654E-10
-3.500000E-1	-1.362450E-8	1.362450E-8	-3.469442E-10	3.469442E-10
-3.400000E-1	-1.377670E-8	1.377670E-8	-3.508200E-10	3.508200E-10
-3.300000E-1	-1.278040E-8	1.278040E-8	-3.254494E-10	3.254494E-10
-3.200000E-1	-1.120910E-8	1.120910E-8	-2.854367E-10	2.854367E-10
-3.100000E-1	-1.043560E-8	1.043560E-8	-2.657397E-10	2.657397E-10
-3.000000E-1	-1.034410E-8	1.034410E-8	-2.634097E-10	2.634097E-10
-2.900000E-1	-9.918700E-9	9.918700E-9	-2.525770E-10	2.525770E-10
-2.800000E-1	-9.060400E-9	9.060400E-9	-2.307206E-10	2.307206E-10
-2.700000E-1	-8.591880E-9	8.591880E-9	-2.187899E-10	2.187899E-10
-2.600000E-1	-8.371740E-9	8.371740E-9	-2.131841E-10	2.131841E-10
-2.500000E-1	-8.027690E-9	8.027690E-9	-2.044230E-10	2.044230E-10
-2.400000E-1	-7.131400E-9	7.131400E-9	-1.815992E-10	1.815992E-10
-2.300000E-1	-6.779130E-9	6.779130E-9	-1.726287E-10	1.726287E-10
-2.200000E-1	-6.490640E-9	6.490640E-9	-1.652824E-10	1.652824E-10
-2.100000E-1	-6.542980E-9	6.542980E-9	-1.666152E-10	1.666152E-10
-2.000000E-1	-5.731750E-9	5.731750E-9	-1.459575E-10	1.459575E-10
-1.900000E-1	-5.193310E-9	5.193310E-9	-1.322462E-10	1.322462E-10
-1.800000E-1	-4.623950E-9	4.623950E-9	-1.177476E-10	1.177476E-10
-1.700000E-1	-4.141940E-9	4.141940E-9	-1.054734E-10	1.054734E-10
-1.600000E-1	-3.992030E-9	3.992030E-9	-1.016560E-10	1.016560E-10
-1.500000E-1	-3.586030E-9	3.586030E-9	-9.131729E-11	9.131729E-11
-1.400000E-1	-3.473320E-9	3.473320E-9	-8.844716E-11	8.844716E-11
-1.300000E-1	-3.498380E-9	3.498380E-9	-8.908531E-11	8.908531E-11
-1.200000E-1	-3.265260E-9	3.265260E-9	-8.314897E-11	8.314897E-11
-1.100000E-1	-2.883230E-9	2.883230E-9	-7.342068E-11	7.342068E-11
-1.000000E-1	-2.741990E-9	2.741990E-9	-6.982404E-11	6.982404E-11
-9.000000E-2	-2.557110E-9	2.557110E-9	-6.511612E-11	6.511612E-11
-8.000000E-2	-2.212360E-9	2.212360E-9	-5.633715E-11	5.633715E-11
-7.000000E-2	-1.811530E-9	1.811530E-9	-4.613012E-11	4.613012E-11
-6.000000E-2	-1.524550E-9	1.524550E-9	-3.882226E-11	3.882226E-11
-5.000000E-2	-1.231390E-9	1.231390E-9	-3.135702E-11	3.135702E-11
-4.000000E-2	-9.487000E-10	9.487000E-10	-2.415839E-11	2.415839E-11
-3.000000E-2	-7.178900E-10	7.178900E-10	-1.828088E-11	1.828088E-11
-2.000000E-2	-4.611400E-10	4.611400E-10	-1.174281E-11	1.174281E-11
-1.000000E-2	-2.341800E-10	2.341800E-10	-5.963331E-12	5.963331E-12
0.000000E+0	-2.860000E-12	2.860000E-12	-7.282913E-14	7.282913E-14
1.000000E-2	2.248200E-10	2.248200E-10	5.724981E-12	5.724981E-12
2.000000E-2	4.433900E-10	4.433900E-10	1.129081E-11	1.129081E-11
3.000000E-2	6.888500E-10	6.888500E-10	1.754138E-11	1.754138E-11
4.000000E-2	8.796800E-10	8.796800E-10	2.240081E-11	2.240081E-11
5.000000E-2	1.161770E-9	1.161770E-9	2.958416E-11	2.958416E-11
6.000000E-2	1.391330E-9	1.391330E-9	3.542984E-11	3.542984E-11
7.000000E-2	1.687620E-9	1.687620E-9	4.297479E-11	4.297479E-11
8.000000E-2	1.877640E-9	1.877640E-9	4.781360E-11	4.781360E-11
9.000000E-2	2.313370E-9	2.313370E-9	5.890934E-11	5.890934E-11
1.000000E-1	2.645160E-9	2.645160E-9	6.735829E-11	6.735829E-11
1.100000E-1	2.785010E-9	2.785010E-9	7.091953E-11	7.091953E-11
1.200000E-1	3.220710E-9	3.220710E-9	8.201451E-11	8.201451E-11
1.300000E-1	3.724390E-9	3.724390E-9	9.484059E-11	9.484059E-11
1.400000E-1	3.957760E-9	3.957760E-9	1.007833E-10	1.007833E-10
1.500000E-1	5.006300E-9	5.006300E-9	1.274841E-10	1.274841E-10
1.600000E-1	4.999790E-9	4.999790E-9	1.273183E-10	1.273183E-10
1.700000E-1	5.489440E-9	5.489440E-9	1.397871E-10	1.397871E-10
1.800000E-1	5.750300E-9	5.750300E-9	1.464298E-10	1.464298E-10
1.900000E-1	6.738060E-9	6.738060E-9	1.715829E-10	1.715829E-10
2.000000E-1	6.816690E-9	6.816690E-9	1.735852E-10	1.735852E-10
2.100000E-1	7.628020E-9	7.628020E-9	1.942455E-10	1.942455E-10
2.200000E-1	8.043100E-9	8.043100E-9	2.048154E-10	2.048154E-10
2.300000E-1	1.465420E-8	1.465420E-8	3.731653E-10	3.731653E-10
2.400000E-1	1.415860E-8	1.415860E-8	3.605449E-10	3.605449E-10
2.500000E-1	9.244300E-9	9.244300E-9	2.354036E-10	2.354036E-10
2.600000E-1	1.001040E-8	1.001040E-8	2.549121E-10	2.549121E-10
2.700000E-1	1.125140E-8	1.125140E-8	2.865139E-10	2.865139E-10
2.800000E-1	1.184600E-8	1.184600E-8	3.016552E-10	3.016552E-10
2.900000E-1	1.188600E-8	1.188600E-8	3.026738E-10	3.026738E-10
3.000000E-1	1.277840E-8	1.277840E-8	3.253985E-10	3.253985E-10
3.100000E-1	1.367540E-8	1.367540E-8	3.482404E-10	3.482404E-10
3.200000E-1	1.403400E-8	1.403400E-8	3.573720E-10	3.573720E-10
3.300000E-1	1.460620E-8	1.460620E-8	3.719430E-10	3.719430E-10
3.400000E-1	1.581630E-8	1.581630E-8	4.027578E-10	4.027578E-10
3.500000E-1	1.593720E-8	1.593720E-8	4.058365E-10	4.058365E-10
3.600000E-1	1.594450E-8	1.594450E-8	4.060224E-10	4.060224E-10
3.700000E-1	2.105950E-8	2.105950E-8	5.362745E-10	5.362745E-10
3.800000E-1	1.788360E-8	1.788360E-8	4.554011E-10	4.554011E-10
3.900000E-1	2.111620E-8	2.111620E-8	5.377184E-10	5.377184E-10
4.000000E-1	1.985150E-8	1.985150E-8	5.055131E-10	5.055131E-10
4.100000E-1	2.046740E-8	2.046740E-8	5.211968E-10	5.211968E-10
4.200000E-1	2.108570E-8	2.108570E-8	5.369417E-10	5.369417E-10
4.300000E-1	2.138140E-8	2.138140E-8	5.444716E-10	5.444716E-10
4.400000E-1	2.244090E-8	2.244090E-8	5.714515E-10	5.714515E-10
4.500000E-1	2.126110E-8	2.126110E-8	5.414082E-10	5.414082E-10
4.600000E-1	2.153660E-8	2.153660E-8	5.484237E-10	5.484237E-10
4.700000E-1	2.153820E-8	2.153820E-8	5.484645E-10	5.484645E-10
4.800000E-1	2.257610E-8	2.257610E-8	5.748943E-10	5.748943E-10
4.900000E-1	2.345190E-8	2.345190E-8	5.971963E-10	5.971963E-10
5.000000E-1	2.373860E-8	2.373860E-8	6.044971E-10	6.044971E-10
