

14:41:24	24/03/21


Ell Cont: 5,0x10,0

SMU1	V name:		V1
	I name:		I1
	Mode:		V
	Function:	VAR1
SMU2	V name:		V2
	I name:		I2
	Mode:		common
	Function:	const.
SMU3	off
SMU4	off
VMUs	off

Primary Source (VAR1):	single
	Sweep Spacing:	linear
	Start:		-0.500000
	Stop:		0.500000
	Step:		0.010000
	Compliance:	0.050000
Power Compliance OFF

Timing:		Integration Time:	medium
	Delay Time (sec):	0.000000
	Hold Time (sec):	0.000000
	Wait Time (sec):	1.000000

Secondary Source (VAR2):	OFF


   V1	   I1	Abs(I)	J (A\um²)	Abs(J)
-5.000000E-1	-1.072920E-8	1.072920E-8	-2.732162E-10	2.732162E-10
-4.900000E-1	-8.531060E-9	8.531060E-9	-2.172411E-10	2.172411E-10
-4.800000E-1	-6.922290E-9	6.922290E-9	-1.762743E-10	1.762743E-10
-4.700000E-1	-6.296030E-9	6.296030E-9	-1.603267E-10	1.603267E-10
-4.600000E-1	-6.286480E-9	6.286480E-9	-1.600835E-10	1.600835E-10
-4.500000E-1	-5.974420E-9	5.974420E-9	-1.521370E-10	1.521370E-10
-4.400000E-1	-5.579560E-9	5.579560E-9	-1.420820E-10	1.420820E-10
-4.300000E-1	-5.297710E-9	5.297710E-9	-1.349048E-10	1.349048E-10
-4.200000E-1	-4.956020E-9	4.956020E-9	-1.262037E-10	1.262037E-10
-4.100000E-1	-4.706710E-9	4.706710E-9	-1.198551E-10	1.198551E-10
-4.000000E-1	-4.522330E-9	4.522330E-9	-1.151599E-10	1.151599E-10
-3.900000E-1	-4.331650E-9	4.331650E-9	-1.103043E-10	1.103043E-10
-3.800000E-1	-3.915470E-9	3.915470E-9	-9.970639E-11	9.970639E-11
-3.700000E-1	-3.807570E-9	3.807570E-9	-9.695875E-11	9.695875E-11
-3.600000E-1	-3.555250E-9	3.555250E-9	-9.053349E-11	9.053349E-11
-3.500000E-1	-3.501150E-9	3.501150E-9	-8.915584E-11	8.915584E-11
-3.400000E-1	-3.027830E-9	3.027830E-9	-7.710288E-11	7.710288E-11
-3.300000E-1	-2.893450E-9	2.893450E-9	-7.368093E-11	7.368093E-11
-3.200000E-1	-2.910330E-9	2.910330E-9	-7.411077E-11	7.411077E-11
-3.100000E-1	-2.592720E-9	2.592720E-9	-6.602292E-11	6.602292E-11
-3.000000E-1	-2.381420E-9	2.381420E-9	-6.064222E-11	6.064222E-11
-2.900000E-1	-2.289590E-9	2.289590E-9	-5.830379E-11	5.830379E-11
-2.800000E-1	-2.164030E-9	2.164030E-9	-5.510644E-11	5.510644E-11
-2.700000E-1	-2.004750E-9	2.004750E-9	-5.105042E-11	5.105042E-11
-2.600000E-1	-1.923840E-9	1.923840E-9	-4.899007E-11	4.899007E-11
-2.500000E-1	-1.735280E-9	1.735280E-9	-4.418844E-11	4.418844E-11
-2.400000E-1	-1.638690E-9	1.638690E-9	-4.172880E-11	4.172880E-11
-2.300000E-1	-1.595610E-9	1.595610E-9	-4.063178E-11	4.063178E-11
-2.200000E-1	-1.405490E-9	1.405490E-9	-3.579042E-11	3.579042E-11
-2.100000E-1	-1.259730E-9	1.259730E-9	-3.207869E-11	3.207869E-11
-2.000000E-1	-1.132400E-9	1.132400E-9	-2.883626E-11	2.883626E-11
-1.900000E-1	-1.033090E-9	1.033090E-9	-2.630736E-11	2.630736E-11
-1.800000E-1	-8.496000E-10	8.496000E-10	-2.163484E-11	2.163484E-11
-1.700000E-1	-8.650200E-10	8.650200E-10	-2.202750E-11	2.202750E-11
-1.600000E-1	-7.251200E-10	7.251200E-10	-1.846499E-11	1.846499E-11
-1.500000E-1	-6.269800E-10	6.269800E-10	-1.596588E-11	1.596588E-11
-1.400000E-1	-5.818000E-10	5.818000E-10	-1.481538E-11	1.481538E-11
-1.300000E-1	-4.398800E-10	4.398800E-10	-1.120143E-11	1.120143E-11
-1.200000E-1	-3.846200E-10	3.846200E-10	-9.794245E-12	9.794245E-12
-1.100000E-1	-3.134700E-10	3.134700E-10	-7.982429E-12	7.982429E-12
-1.000000E-1	-2.384000E-10	2.384000E-10	-6.070792E-12	6.070792E-12
-9.000000E-2	-1.602400E-10	1.602400E-10	-4.080469E-12	4.080469E-12
-8.000000E-2	-9.214000E-11	9.214000E-11	-2.346320E-12	2.346320E-12
-7.000000E-2	-1.051000E-11	1.051000E-11	-2.676343E-13	2.676343E-13
-6.000000E-2	9.287000E-11	9.287000E-11	2.364910E-12	2.364910E-12
-5.000000E-2	1.502800E-10	1.502800E-10	3.826840E-12	3.826840E-12
-4.000000E-2	2.144800E-10	2.144800E-10	5.461676E-12	5.461676E-12
-3.000000E-2	2.761000E-10	2.761000E-10	7.030812E-12	7.030812E-12
-2.000000E-2	3.416100E-10	3.416100E-10	8.699007E-12	8.699007E-12
-1.000000E-2	4.033200E-10	4.033200E-10	1.027044E-11	1.027044E-11
0.000000E+0	5.031600E-10	5.031600E-10	1.281283E-11	1.281283E-11
1.000000E-2	5.510100E-10	5.510100E-10	1.403132E-11	1.403132E-11
2.000000E-2	6.317100E-10	6.317100E-10	1.608633E-11	1.608633E-11
3.000000E-2	7.038000E-10	7.038000E-10	1.792208E-11	1.792208E-11
4.000000E-2	7.861300E-10	7.861300E-10	2.001859E-11	2.001859E-11
5.000000E-2	9.106700E-10	9.106700E-10	2.318997E-11	2.318997E-11
6.000000E-2	1.036020E-9	1.036020E-9	2.638197E-11	2.638197E-11
7.000000E-2	1.111210E-9	1.111210E-9	2.829666E-11	2.829666E-11
8.000000E-2	1.277570E-9	1.277570E-9	3.253298E-11	3.253298E-11
9.000000E-2	1.398490E-9	1.398490E-9	3.561217E-11	3.561217E-11
1.000000E-1	1.483500E-9	1.483500E-9	3.777693E-11	3.777693E-11
1.100000E-1	1.629120E-9	1.629120E-9	4.148510E-11	4.148510E-11
1.200000E-1	1.692000E-9	1.692000E-9	4.308632E-11	4.308632E-11
1.300000E-1	1.857540E-9	1.857540E-9	4.730176E-11	4.730176E-11
1.400000E-1	1.995880E-9	1.995880E-9	5.082455E-11	5.082455E-11
1.500000E-1	2.166870E-9	2.166870E-9	5.517876E-11	5.517876E-11
1.600000E-1	2.378110E-9	2.378110E-9	6.055793E-11	6.055793E-11
1.700000E-1	2.551530E-9	2.551530E-9	6.497403E-11	6.497403E-11
1.800000E-1	2.817330E-9	2.817330E-9	7.174255E-11	7.174255E-11
1.900000E-1	3.017270E-9	3.017270E-9	7.683397E-11	7.683397E-11
2.000000E-1	3.320990E-9	3.320990E-9	8.456812E-11	8.456812E-11
2.100000E-1	3.587940E-9	3.587940E-9	9.136593E-11	9.136593E-11
2.200000E-1	3.943200E-9	3.943200E-9	1.004125E-10	1.004125E-10
2.300000E-1	4.225830E-9	4.225830E-9	1.076096E-10	1.076096E-10
2.400000E-1	4.579300E-9	4.579300E-9	1.166106E-10	1.166106E-10
2.500000E-1	4.945900E-9	4.945900E-9	1.259460E-10	1.259460E-10
2.600000E-1	5.349010E-9	5.349010E-9	1.362111E-10	1.362111E-10
2.700000E-1	5.788200E-9	5.788200E-9	1.473950E-10	1.473950E-10
2.800000E-1	6.271560E-9	6.271560E-9	1.597036E-10	1.597036E-10
2.900000E-1	6.846320E-9	6.846320E-9	1.743397E-10	1.743397E-10
3.000000E-1	7.314070E-9	7.314070E-9	1.862508E-10	1.862508E-10
3.100000E-1	7.900750E-9	7.900750E-9	2.011905E-10	2.011905E-10
3.200000E-1	8.469410E-9	8.469410E-9	2.156712E-10	2.156712E-10
3.300000E-1	9.158150E-9	9.158150E-9	2.332098E-10	2.332098E-10
3.400000E-1	9.857500E-9	9.857500E-9	2.510186E-10	2.510186E-10
3.500000E-1	1.060630E-8	1.060630E-8	2.700866E-10	2.700866E-10
3.600000E-1	1.139590E-8	1.139590E-8	2.901935E-10	2.901935E-10
3.700000E-1	1.229130E-8	1.229130E-8	3.129946E-10	3.129946E-10
3.800000E-1	1.320760E-8	1.320760E-8	3.363280E-10	3.363280E-10
3.900000E-1	1.420720E-8	1.420720E-8	3.617825E-10	3.617825E-10
4.000000E-1	1.529730E-8	1.529730E-8	3.895416E-10	3.895416E-10
4.100000E-1	1.649020E-8	1.649020E-8	4.199185E-10	4.199185E-10
4.200000E-1	1.761410E-8	1.761410E-8	4.485383E-10	4.485383E-10
4.300000E-1	1.892880E-8	1.892880E-8	4.820168E-10	4.820168E-10
4.400000E-1	2.031080E-8	2.031080E-8	5.172091E-10	5.172091E-10
4.500000E-1	2.188840E-8	2.188840E-8	5.573822E-10	5.573822E-10
4.600000E-1	2.355400E-8	2.355400E-8	5.997963E-10	5.997963E-10
4.700000E-1	2.481360E-8	2.481360E-8	6.318717E-10	6.318717E-10
4.800000E-1	2.654650E-8	2.654650E-8	6.759995E-10	6.759995E-10
4.900000E-1	2.874120E-8	2.874120E-8	7.318869E-10	7.318869E-10
5.000000E-1	3.023310E-8	3.023310E-8	7.698778E-10	7.698778E-10
