##
##
##16:46:13	09/02/21
##
##
##Ell Cont: 5,0x10,0
##
##SMU1	V name:		V1
##	I name:		I1
##	Mode:		V
##	Function:	VAR1
##SMU2	V name:		V2
##	I name:		I2
##	Mode:		common
##	Function:	const.
##SMU3	off
##SMU4	off
##VMUs	off
##
##Primary Source (VAR1):	single
##	Sweep Spacing:	linear
##	Start:		-0.500000
##	Stop:		0.500000
##	Step:		0.010000
##	Compliance:	0.050000
##Power Compliance OFF
##
##Timing:		Integration Time:	medium
##	Delay Time (sec):	0.000000
##	Hold Time (sec):	0.000000
##	Wait Time (sec):	1.000000
##
##Secondary Source (VAR2):	OFF
##
##
##   V1	   I1	Abs(I)	J (A\um²)	Abs(J)
-5.000000E-1	-1.190000E-12	1.190000E-12	-3.030303E-14	3.030303E-14
-4.900000E-1	3.400000E-13	3.400000E-13	8.658009E-15	8.658009E-15
-4.800000E-1	-1.700000E-13	1.700000E-13	-4.329004E-15	4.329004E-15
-4.700000E-1	3.100000E-13	3.100000E-13	7.894067E-15	7.894067E-15
-4.600000E-1	1.610000E-12	1.610000E-12	4.099822E-14	4.099822E-14
-4.500000E-1	1.580000E-12	1.580000E-12	4.023428E-14	4.023428E-14
-4.400000E-1	-1.000000E-14	1.000000E-14	-2.546473E-16	2.546473E-16
-4.300000E-1	-1.300000E-13	1.300000E-13	-3.310415E-15	3.310415E-15
-4.200000E-1	1.000000E-13	1.000000E-13	2.546473E-15	2.546473E-15
-4.100000E-1	3.100000E-13	3.100000E-13	7.894067E-15	7.894067E-15
-4.000000E-1	3.900000E-13	3.900000E-13	9.931245E-15	9.931245E-15
-3.900000E-1	5.600000E-13	5.600000E-13	1.426025E-14	1.426025E-14
-3.800000E-1	4.700000E-13	4.700000E-13	1.196842E-14	1.196842E-14
-3.700000E-1	1.370000E-12	1.370000E-12	3.488668E-14	3.488668E-14
-3.600000E-1	6.500000E-13	6.500000E-13	1.655208E-14	1.655208E-14
-3.500000E-1	9.100000E-13	9.100000E-13	2.317291E-14	2.317291E-14
-3.400000E-1	7.600000E-13	7.600000E-13	1.935320E-14	1.935320E-14
-3.300000E-1	7.000000E-13	7.000000E-13	1.782531E-14	1.782531E-14
-3.200000E-1	8.000000E-13	8.000000E-13	2.037178E-14	2.037178E-14
-3.100000E-1	8.500000E-13	8.500000E-13	2.164502E-14	2.164502E-14
-3.000000E-1	7.800000E-13	7.800000E-13	1.986249E-14	1.986249E-14
-2.900000E-1	8.500000E-13	8.500000E-13	2.164502E-14	2.164502E-14
-2.800000E-1	2.800000E-13	2.800000E-13	7.130125E-15	7.130125E-15
-2.700000E-1	8.900000E-13	8.900000E-13	2.266361E-14	2.266361E-14
-2.600000E-1	7.300000E-13	7.300000E-13	1.858925E-14	1.858925E-14
-2.500000E-1	1.200000E-12	1.200000E-12	3.055768E-14	3.055768E-14
-2.400000E-1	1.000000E-12	1.000000E-12	2.546473E-14	2.546473E-14
-2.300000E-1	1.230000E-12	1.230000E-12	3.132162E-14	3.132162E-14
-2.200000E-1	1.040000E-12	1.040000E-12	2.648332E-14	2.648332E-14
-2.100000E-1	1.380000E-12	1.380000E-12	3.514133E-14	3.514133E-14
-2.000000E-1	1.220000E-12	1.220000E-12	3.106697E-14	3.106697E-14
-1.900000E-1	1.620000E-12	1.620000E-12	4.125286E-14	4.125286E-14
-1.800000E-1	1.180000E-12	1.180000E-12	3.004838E-14	3.004838E-14
-1.700000E-1	1.000000E-12	1.000000E-12	2.546473E-14	2.546473E-14
-1.600000E-1	8.900000E-13	8.900000E-13	2.266361E-14	2.266361E-14
-1.500000E-1	9.300000E-13	9.300000E-13	2.368220E-14	2.368220E-14
-1.400000E-1	7.300000E-13	7.300000E-13	1.858925E-14	1.858925E-14
-1.300000E-1	1.350000E-12	1.350000E-12	3.437739E-14	3.437739E-14
-1.200000E-1	1.260000E-12	1.260000E-12	3.208556E-14	3.208556E-14
-1.100000E-1	9.900000E-13	9.900000E-13	2.521008E-14	2.521008E-14
-1.000000E-1	1.180000E-12	1.180000E-12	3.004838E-14	3.004838E-14
-9.000000E-2	1.050000E-12	1.050000E-12	2.673797E-14	2.673797E-14
-8.000000E-2	1.010000E-12	1.010000E-12	2.571938E-14	2.571938E-14
-7.000000E-2	1.170000E-12	1.170000E-12	2.979374E-14	2.979374E-14
-6.000000E-2	1.030000E-12	1.030000E-12	2.622867E-14	2.622867E-14
-5.000000E-2	1.150000E-12	1.150000E-12	2.928444E-14	2.928444E-14
-4.000000E-2	1.500000E-12	1.500000E-12	3.819710E-14	3.819710E-14
-3.000000E-2	1.180000E-12	1.180000E-12	3.004838E-14	3.004838E-14
-2.000000E-2	1.140000E-12	1.140000E-12	2.902979E-14	2.902979E-14
-1.000000E-2	9.200000E-13	9.200000E-13	2.342755E-14	2.342755E-14
0.000000E+0	1.050000E-12	1.050000E-12	2.673797E-14	2.673797E-14
1.000000E-2	1.000000E-12	1.000000E-12	2.546473E-14	2.546473E-14
2.000000E-2	9.200000E-13	9.200000E-13	2.342755E-14	2.342755E-14
3.000000E-2	1.050000E-12	1.050000E-12	2.673797E-14	2.673797E-14
4.000000E-2	1.210000E-12	1.210000E-12	3.081232E-14	3.081232E-14
5.000000E-2	1.060000E-12	1.060000E-12	2.699261E-14	2.699261E-14
6.000000E-2	1.080000E-12	1.080000E-12	2.750191E-14	2.750191E-14
7.000000E-2	1.180000E-12	1.180000E-12	3.004838E-14	3.004838E-14
8.000000E-2	1.080000E-12	1.080000E-12	2.750191E-14	2.750191E-14
9.000000E-2	6.600000E-13	6.600000E-13	1.680672E-14	1.680672E-14
1.000000E-1	5.800000E-13	5.800000E-13	1.476954E-14	1.476954E-14
1.100000E-1	1.120000E-12	1.120000E-12	2.852050E-14	2.852050E-14
1.200000E-1	1.240000E-12	1.240000E-12	3.157627E-14	3.157627E-14
1.300000E-1	1.480000E-12	1.480000E-12	3.768780E-14	3.768780E-14
1.400000E-1	1.270000E-12	1.270000E-12	3.234021E-14	3.234021E-14
1.500000E-1	1.650000E-12	1.650000E-12	4.201681E-14	4.201681E-14
1.600000E-1	1.290000E-12	1.290000E-12	3.284950E-14	3.284950E-14
1.700000E-1	1.150000E-12	1.150000E-12	2.928444E-14	2.928444E-14
1.800000E-1	1.240000E-12	1.240000E-12	3.157627E-14	3.157627E-14
1.900000E-1	1.430000E-12	1.430000E-12	3.641457E-14	3.641457E-14
2.000000E-1	1.220000E-12	1.220000E-12	3.106697E-14	3.106697E-14
2.100000E-1	1.180000E-12	1.180000E-12	3.004838E-14	3.004838E-14
2.200000E-1	1.360000E-12	1.360000E-12	3.463203E-14	3.463203E-14
2.300000E-1	1.350000E-12	1.350000E-12	3.437739E-14	3.437739E-14
2.400000E-1	1.280000E-12	1.280000E-12	3.259486E-14	3.259486E-14
2.500000E-1	1.330000E-12	1.330000E-12	3.386809E-14	3.386809E-14
2.600000E-1	1.360000E-12	1.360000E-12	3.463203E-14	3.463203E-14
2.700000E-1	1.350000E-12	1.350000E-12	3.437739E-14	3.437739E-14
2.800000E-1	1.380000E-12	1.380000E-12	3.514133E-14	3.514133E-14
2.900000E-1	1.250000E-12	1.250000E-12	3.183091E-14	3.183091E-14
3.000000E-1	1.250000E-12	1.250000E-12	3.183091E-14	3.183091E-14
3.100000E-1	1.390000E-12	1.390000E-12	3.539598E-14	3.539598E-14
3.200000E-1	1.310000E-12	1.310000E-12	3.335880E-14	3.335880E-14
3.300000E-1	1.290000E-12	1.290000E-12	3.284950E-14	3.284950E-14
3.400000E-1	1.310000E-12	1.310000E-12	3.335880E-14	3.335880E-14
3.500000E-1	1.340000E-12	1.340000E-12	3.412274E-14	3.412274E-14
3.600000E-1	1.360000E-12	1.360000E-12	3.463203E-14	3.463203E-14
3.700000E-1	8.500000E-13	8.500000E-13	2.164502E-14	2.164502E-14
3.800000E-1	1.580000E-12	1.580000E-12	4.023428E-14	4.023428E-14
3.900000E-1	1.230000E-12	1.230000E-12	3.132162E-14	3.132162E-14
4.000000E-1	1.450000E-12	1.450000E-12	3.692386E-14	3.692386E-14
4.100000E-1	1.500000E-12	1.500000E-12	3.819710E-14	3.819710E-14
4.200000E-1	1.690000E-12	1.690000E-12	4.303540E-14	4.303540E-14
4.300000E-1	1.510000E-12	1.510000E-12	3.845174E-14	3.845174E-14
4.400000E-1	1.550000E-12	1.550000E-12	3.947033E-14	3.947033E-14
4.500000E-1	1.420000E-12	1.420000E-12	3.615992E-14	3.615992E-14
4.600000E-1	1.430000E-12	1.430000E-12	3.641457E-14	3.641457E-14
4.700000E-1	1.390000E-12	1.390000E-12	3.539598E-14	3.539598E-14
4.800000E-1	1.430000E-12	1.430000E-12	3.641457E-14	3.641457E-14
4.900000E-1	1.360000E-12	1.360000E-12	3.463203E-14	3.463203E-14
5.000000E-1	1.190000E-12	1.190000E-12	3.030303E-14	3.030303E-14
