##
##
##16:57:21	09/02/21
##
##
##Ell Cont: 5,0x10,0
##
##SMU1	V name:		V1
##	I name:		I1
##	Mode:		V
##	Function:	VAR1
##SMU2	V name:		V2
##	I name:		I2
##	Mode:		common
##	Function:	const.
##SMU3	off
##SMU4	off
##VMUs	off
##
##Primary Source (VAR1):	single
##	Sweep Spacing:	linear
##	Start:		-0.500000
##	Stop:		0.500000
##	Step:		0.010000
##	Compliance:	0.050000
##Power Compliance OFF
##
##Timing:		Integration Time:	medium
##	Delay Time (sec):	0.000000
##	Hold Time (sec):	0.000000
##	Wait Time (sec):	1.000000
##
##Secondary Source (VAR2):	OFF
##
##
##   V1	   I1	Abs(I)	J (A\um²)	Abs(J)
-5.000000E-1	-9.600000E-13	9.600000E-13	-2.444614E-14	2.444614E-14
-4.900000E-1	3.300000E-13	3.300000E-13	8.403361E-15	8.403361E-15
-4.800000E-1	6.100000E-13	6.100000E-13	1.553349E-14	1.553349E-14
-4.700000E-1	9.200000E-13	9.200000E-13	2.342755E-14	2.342755E-14
-4.600000E-1	1.000000E-12	1.000000E-12	2.546473E-14	2.546473E-14
-4.500000E-1	1.060000E-12	1.060000E-12	2.699261E-14	2.699261E-14
-4.400000E-1	1.210000E-12	1.210000E-12	3.081232E-14	3.081232E-14
-4.300000E-1	1.210000E-12	1.210000E-12	3.081232E-14	3.081232E-14
-4.200000E-1	1.180000E-12	1.180000E-12	3.004838E-14	3.004838E-14
-4.100000E-1	1.310000E-12	1.310000E-12	3.335880E-14	3.335880E-14
-4.000000E-1	1.270000E-12	1.270000E-12	3.234021E-14	3.234021E-14
-3.900000E-1	1.270000E-12	1.270000E-12	3.234021E-14	3.234021E-14
-3.800000E-1	1.290000E-12	1.290000E-12	3.284950E-14	3.284950E-14
-3.700000E-1	1.290000E-12	1.290000E-12	3.284950E-14	3.284950E-14
-3.600000E-1	1.290000E-12	1.290000E-12	3.284950E-14	3.284950E-14
-3.500000E-1	1.290000E-12	1.290000E-12	3.284950E-14	3.284950E-14
-3.400000E-1	1.340000E-12	1.340000E-12	3.412274E-14	3.412274E-14
-3.300000E-1	1.390000E-12	1.390000E-12	3.539598E-14	3.539598E-14
-3.200000E-1	1.370000E-12	1.370000E-12	3.488668E-14	3.488668E-14
-3.100000E-1	1.320000E-12	1.320000E-12	3.361344E-14	3.361344E-14
-3.000000E-1	1.420000E-12	1.420000E-12	3.615992E-14	3.615992E-14
-2.900000E-1	1.500000E-12	1.500000E-12	3.819710E-14	3.819710E-14
-2.800000E-1	1.310000E-12	1.310000E-12	3.335880E-14	3.335880E-14
-2.700000E-1	1.460000E-12	1.460000E-12	3.717851E-14	3.717851E-14
-2.600000E-1	1.300000E-12	1.300000E-12	3.310415E-14	3.310415E-14
-2.500000E-1	1.380000E-12	1.380000E-12	3.514133E-14	3.514133E-14
-2.400000E-1	1.270000E-12	1.270000E-12	3.234021E-14	3.234021E-14
-2.300000E-1	1.340000E-12	1.340000E-12	3.412274E-14	3.412274E-14
-2.200000E-1	1.330000E-12	1.330000E-12	3.386809E-14	3.386809E-14
-2.100000E-1	1.320000E-12	1.320000E-12	3.361344E-14	3.361344E-14
-2.000000E-1	1.340000E-12	1.340000E-12	3.412274E-14	3.412274E-14
-1.900000E-1	1.270000E-12	1.270000E-12	3.234021E-14	3.234021E-14
-1.800000E-1	1.310000E-12	1.310000E-12	3.335880E-14	3.335880E-14
-1.700000E-1	1.310000E-12	1.310000E-12	3.335880E-14	3.335880E-14
-1.600000E-1	1.240000E-12	1.240000E-12	3.157627E-14	3.157627E-14
-1.500000E-1	1.400000E-12	1.400000E-12	3.565062E-14	3.565062E-14
-1.400000E-1	1.380000E-12	1.380000E-12	3.514133E-14	3.514133E-14
-1.300000E-1	1.310000E-12	1.310000E-12	3.335880E-14	3.335880E-14
-1.200000E-1	1.270000E-12	1.270000E-12	3.234021E-14	3.234021E-14
-1.100000E-1	1.230000E-12	1.230000E-12	3.132162E-14	3.132162E-14
-1.000000E-1	1.260000E-12	1.260000E-12	3.208556E-14	3.208556E-14
-9.000000E-2	1.220000E-12	1.220000E-12	3.106697E-14	3.106697E-14
-8.000000E-2	1.260000E-12	1.260000E-12	3.208556E-14	3.208556E-14
-7.000000E-2	1.180000E-12	1.180000E-12	3.004838E-14	3.004838E-14
-6.000000E-2	1.150000E-12	1.150000E-12	2.928444E-14	2.928444E-14
-5.000000E-2	1.190000E-12	1.190000E-12	3.030303E-14	3.030303E-14
-4.000000E-2	1.180000E-12	1.180000E-12	3.004838E-14	3.004838E-14
-3.000000E-2	1.200000E-12	1.200000E-12	3.055768E-14	3.055768E-14
-2.000000E-2	1.210000E-12	1.210000E-12	3.081232E-14	3.081232E-14
-1.000000E-2	1.270000E-12	1.270000E-12	3.234021E-14	3.234021E-14
0.000000E+0	1.270000E-12	1.270000E-12	3.234021E-14	3.234021E-14
1.000000E-2	1.210000E-12	1.210000E-12	3.081232E-14	3.081232E-14
2.000000E-2	1.130000E-12	1.130000E-12	2.877515E-14	2.877515E-14
3.000000E-2	1.250000E-12	1.250000E-12	3.183091E-14	3.183091E-14
4.000000E-2	1.120000E-12	1.120000E-12	2.852050E-14	2.852050E-14
5.000000E-2	1.380000E-12	1.380000E-12	3.514133E-14	3.514133E-14
6.000000E-2	1.190000E-12	1.190000E-12	3.030303E-14	3.030303E-14
7.000000E-2	1.140000E-12	1.140000E-12	2.902979E-14	2.902979E-14
8.000000E-2	1.070000E-12	1.070000E-12	2.724726E-14	2.724726E-14
9.000000E-2	1.170000E-12	1.170000E-12	2.979374E-14	2.979374E-14
1.000000E-1	1.500000E-12	1.500000E-12	3.819710E-14	3.819710E-14
1.100000E-1	1.110000E-12	1.110000E-12	2.826585E-14	2.826585E-14
1.200000E-1	1.340000E-12	1.340000E-12	3.412274E-14	3.412274E-14
1.300000E-1	1.230000E-12	1.230000E-12	3.132162E-14	3.132162E-14
1.400000E-1	1.120000E-12	1.120000E-12	2.852050E-14	2.852050E-14
1.500000E-1	1.270000E-12	1.270000E-12	3.234021E-14	3.234021E-14
1.600000E-1	1.350000E-12	1.350000E-12	3.437739E-14	3.437739E-14
1.700000E-1	1.310000E-12	1.310000E-12	3.335880E-14	3.335880E-14
1.800000E-1	1.020000E-12	1.020000E-12	2.597403E-14	2.597403E-14
1.900000E-1	1.250000E-12	1.250000E-12	3.183091E-14	3.183091E-14
2.000000E-1	9.100000E-13	9.100000E-13	2.317291E-14	2.317291E-14
2.100000E-1	1.280000E-12	1.280000E-12	3.259486E-14	3.259486E-14
2.200000E-1	1.110000E-12	1.110000E-12	2.826585E-14	2.826585E-14
2.300000E-1	1.220000E-12	1.220000E-12	3.106697E-14	3.106697E-14
2.400000E-1	8.400000E-13	8.400000E-13	2.139037E-14	2.139037E-14
2.500000E-1	1.210000E-12	1.210000E-12	3.081232E-14	3.081232E-14
2.600000E-1	1.110000E-12	1.110000E-12	2.826585E-14	2.826585E-14
2.700000E-1	1.140000E-12	1.140000E-12	2.902979E-14	2.902979E-14
2.800000E-1	1.100000E-12	1.100000E-12	2.801120E-14	2.801120E-14
2.900000E-1	1.230000E-12	1.230000E-12	3.132162E-14	3.132162E-14
3.000000E-1	1.120000E-12	1.120000E-12	2.852050E-14	2.852050E-14
3.100000E-1	1.270000E-12	1.270000E-12	3.234021E-14	3.234021E-14
3.200000E-1	9.400000E-13	9.400000E-13	2.393685E-14	2.393685E-14
3.300000E-1	1.190000E-12	1.190000E-12	3.030303E-14	3.030303E-14
3.400000E-1	1.050000E-12	1.050000E-12	2.673797E-14	2.673797E-14
3.500000E-1	1.290000E-12	1.290000E-12	3.284950E-14	3.284950E-14
3.600000E-1	8.900000E-13	8.900000E-13	2.266361E-14	2.266361E-14
3.700000E-1	1.190000E-12	1.190000E-12	3.030303E-14	3.030303E-14
3.800000E-1	1.200000E-12	1.200000E-12	3.055768E-14	3.055768E-14
3.900000E-1	1.400000E-12	1.400000E-12	3.565062E-14	3.565062E-14
4.000000E-1	1.030000E-12	1.030000E-12	2.622867E-14	2.622867E-14
4.100000E-1	1.200000E-12	1.200000E-12	3.055768E-14	3.055768E-14
4.200000E-1	1.150000E-12	1.150000E-12	2.928444E-14	2.928444E-14
4.300000E-1	1.230000E-12	1.230000E-12	3.132162E-14	3.132162E-14
4.400000E-1	1.090000E-12	1.090000E-12	2.775656E-14	2.775656E-14
4.500000E-1	1.250000E-12	1.250000E-12	3.183091E-14	3.183091E-14
4.600000E-1	1.280000E-12	1.280000E-12	3.259486E-14	3.259486E-14
4.700000E-1	1.310000E-12	1.310000E-12	3.335880E-14	3.335880E-14
4.800000E-1	1.230000E-12	1.230000E-12	3.132162E-14	3.132162E-14
4.900000E-1	1.200000E-12	1.200000E-12	3.055768E-14	3.055768E-14
5.000000E-1	1.280000E-12	1.280000E-12	3.259486E-14	3.259486E-14
