##
##
##16:33:37	09/02/21
##
##
##Ell Cont: 5,0x10,0
##
##SMU1	V name:		V1
##	I name:		I1
##	Mode:		V
##	Function:	VAR1
##SMU2	V name:		V2
##	I name:		I2
##	Mode:		common
##	Function:	const.
##SMU3	off
##SMU4	off
##VMUs	off
##
##Primary Source (VAR1):	single
##	Sweep Spacing:	linear
##	Start:		-0.500000
##	Stop:		0.500000
##	Step:		0.010000
##	Compliance:	0.050000
##Power Compliance OFF
##
##Timing:		Integration Time:	medium
##	Delay Time (sec):	0.000000
##	Hold Time (sec):	0.000000
##	Wait Time (sec):	1.000000
##
##Secondary Source (VAR2):	OFF
##
##
##   V1	   I1	Abs(I)	J (A\µm²)	Abs(J)
-5.000000E-1	-1.053650E-3	1.053650E-3	-2.683091E-5	2.683091E-5
-4.900000E-1	-1.047990E-3	1.047990E-3	-2.668678E-5	2.668678E-5
-4.800000E-1	-1.049060E-3	1.049060E-3	-2.671403E-5	2.671403E-5
-4.700000E-1	-1.015010E-3	1.015010E-3	-2.584696E-5	2.584696E-5
-4.600000E-1	-9.913600E-4	9.913600E-4	-2.524472E-5	2.524472E-5
-4.500000E-1	-9.787610E-4	9.787610E-4	-2.492389E-5	2.492389E-5
-4.400000E-1	-9.318370E-4	9.318370E-4	-2.372898E-5	2.372898E-5
-4.300000E-1	-9.364300E-4	9.364300E-4	-2.384594E-5	2.384594E-5
-4.200000E-1	-9.046070E-4	9.046070E-4	-2.303557E-5	2.303557E-5
-4.100000E-1	-8.763510E-4	8.763510E-4	-2.231604E-5	2.231604E-5
-4.000000E-1	-8.646540E-4	8.646540E-4	-2.201818E-5	2.201818E-5
-3.900000E-1	-8.366610E-4	8.366610E-4	-2.130535E-5	2.130535E-5
-3.800000E-1	-8.142930E-4	8.142930E-4	-2.073575E-5	2.073575E-5
-3.700000E-1	-7.842220E-4	7.842220E-4	-1.997000E-5	1.997000E-5
-3.600000E-1	-7.623310E-4	7.623310E-4	-1.941255E-5	1.941255E-5
-3.500000E-1	-7.311400E-4	7.311400E-4	-1.861828E-5	1.861828E-5
-3.400000E-1	-6.974460E-4	6.974460E-4	-1.776027E-5	1.776027E-5
-3.300000E-1	-6.841060E-4	6.841060E-4	-1.742058E-5	1.742058E-5
-3.200000E-1	-6.715380E-4	6.715380E-4	-1.710053E-5	1.710053E-5
-3.100000E-1	-6.528630E-4	6.528630E-4	-1.662498E-5	1.662498E-5
-3.000000E-1	-6.226800E-4	6.226800E-4	-1.585638E-5	1.585638E-5
-2.900000E-1	-6.101910E-4	6.101910E-4	-1.553835E-5	1.553835E-5
-2.800000E-1	-5.948630E-4	5.948630E-4	-1.514803E-5	1.514803E-5
-2.700000E-1	-5.631920E-4	5.631920E-4	-1.434153E-5	1.434153E-5
-2.600000E-1	-5.382200E-4	5.382200E-4	-1.370563E-5	1.370563E-5
-2.500000E-1	-5.168410E-4	5.168410E-4	-1.316122E-5	1.316122E-5
-2.400000E-1	-4.866350E-4	4.866350E-4	-1.239203E-5	1.239203E-5
-2.300000E-1	-4.571420E-4	4.571420E-4	-1.164100E-5	1.164100E-5
-2.200000E-1	-4.326190E-4	4.326190E-4	-1.101653E-5	1.101653E-5
-2.100000E-1	-4.086920E-4	4.086920E-4	-1.040723E-5	1.040723E-5
-2.000000E-1	-3.952290E-4	3.952290E-4	-1.006440E-5	1.006440E-5
-1.900000E-1	-3.748360E-4	3.748360E-4	-9.545098E-6	9.545098E-6
-1.800000E-1	-3.500040E-4	3.500040E-4	-8.912758E-6	8.912758E-6
-1.700000E-1	-3.322100E-4	3.322100E-4	-8.459638E-6	8.459638E-6
-1.600000E-1	-3.108900E-4	3.108900E-4	-7.916730E-6	7.916730E-6
-1.500000E-1	-2.903280E-4	2.903280E-4	-7.393124E-6	7.393124E-6
-1.400000E-1	-2.720050E-4	2.720050E-4	-6.926534E-6	6.926534E-6
-1.300000E-1	-2.540970E-4	2.540970E-4	-6.470512E-6	6.470512E-6
-1.200000E-1	-2.334990E-4	2.334990E-4	-5.945989E-6	5.945989E-6
-1.100000E-1	-2.134590E-4	2.134590E-4	-5.435676E-6	5.435676E-6
-1.000000E-1	-1.924690E-4	1.924690E-4	-4.901171E-6	4.901171E-6
-9.000000E-2	-1.703610E-4	1.703610E-4	-4.338197E-6	4.338197E-6
-8.000000E-2	-1.510520E-4	1.510520E-4	-3.846499E-6	3.846499E-6
-7.000000E-2	-1.327400E-4	1.327400E-4	-3.380188E-6	3.380188E-6
-6.000000E-2	-1.139710E-4	1.139710E-4	-2.902241E-6	2.902241E-6
-5.000000E-2	-9.331050E-5	9.331050E-5	-2.376127E-6	2.376127E-6
-4.000000E-2	-7.406180E-5	7.406180E-5	-1.885964E-6	1.885964E-6
-3.000000E-2	-5.563090E-5	5.563090E-5	-1.416626E-6	1.416626E-6
-2.000000E-2	-3.662100E-5	3.662100E-5	-9.325439E-7	9.325439E-7
-1.000000E-2	-1.864540E-5	1.864540E-5	-4.748001E-7	4.748001E-7
0.000000E+0	-9.271560E-8	9.271560E-8	-2.360978E-9	2.360978E-9
1.000000E-2	1.866780E-5	1.866780E-5	4.753705E-7	4.753705E-7
2.000000E-2	3.730640E-5	3.730640E-5	9.499974E-7	9.499974E-7
3.000000E-2	5.463140E-5	5.463140E-5	1.391174E-6	1.391174E-6
4.000000E-2	7.269380E-5	7.269380E-5	1.851128E-6	1.851128E-6
5.000000E-2	9.212550E-5	9.212550E-5	2.345951E-6	2.345951E-6
6.000000E-2	1.105551E-4	1.105551E-4	2.815256E-6	2.815256E-6
7.000000E-2	1.296540E-4	1.296540E-4	3.301604E-6	3.301604E-6
8.000000E-2	1.485800E-4	1.485800E-4	3.783550E-6	3.783550E-6
9.000000E-2	1.679600E-4	1.679600E-4	4.277056E-6	4.277056E-6
1.000000E-1	1.854790E-4	1.854790E-4	4.723173E-6	4.723173E-6
1.100000E-1	1.982780E-4	1.982780E-4	5.049096E-6	5.049096E-6
1.200000E-1	2.106660E-4	2.106660E-4	5.364553E-6	5.364553E-6
1.300000E-1	2.279880E-4	2.279880E-4	5.805653E-6	5.805653E-6
1.400000E-1	2.488650E-4	2.488650E-4	6.337280E-6	6.337280E-6
1.500000E-1	2.651180E-4	2.651180E-4	6.751159E-6	6.751159E-6
1.600000E-1	2.851970E-4	2.851970E-4	7.262465E-6	7.262465E-6
1.700000E-1	3.005460E-4	3.005460E-4	7.653323E-6	7.653323E-6
1.800000E-1	3.099810E-4	3.099810E-4	7.893583E-6	7.893583E-6
1.900000E-1	3.226250E-4	3.226250E-4	8.215559E-6	8.215559E-6
2.000000E-1	3.374130E-4	3.374130E-4	8.592131E-6	8.592131E-6
2.100000E-1	3.497650E-4	3.497650E-4	8.906672E-6	8.906672E-6
2.200000E-1	3.715500E-4	3.715500E-4	9.461421E-6	9.461421E-6
2.300000E-1	3.822960E-4	3.822960E-4	9.735065E-6	9.735065E-6
2.400000E-1	3.987250E-4	3.987250E-4	1.015342E-5	1.015342E-5
2.500000E-1	4.099640E-4	4.099640E-4	1.043962E-5	1.043962E-5
2.600000E-1	4.270470E-4	4.270470E-4	1.087464E-5	1.087464E-5
2.700000E-1	4.447450E-4	4.447450E-4	1.132531E-5	1.132531E-5
2.800000E-1	4.634160E-4	4.634160E-4	1.180076E-5	1.180076E-5
2.900000E-1	4.771770E-4	4.771770E-4	1.215118E-5	1.215118E-5
3.000000E-1	4.872170E-4	4.872170E-4	1.240685E-5	1.240685E-5
3.100000E-1	4.966810E-4	4.966810E-4	1.264785E-5	1.264785E-5
3.200000E-1	5.167320E-4	5.167320E-4	1.315844E-5	1.315844E-5
3.300000E-1	5.347400E-4	5.347400E-4	1.361701E-5	1.361701E-5
3.400000E-1	5.562080E-4	5.562080E-4	1.416369E-5	1.416369E-5
3.500000E-1	5.577530E-4	5.577530E-4	1.420303E-5	1.420303E-5
3.600000E-1	5.736360E-4	5.736360E-4	1.460749E-5	1.460749E-5
3.700000E-1	5.919570E-4	5.919570E-4	1.507403E-5	1.507403E-5
3.800000E-1	6.135760E-4	6.135760E-4	1.562455E-5	1.562455E-5
3.900000E-1	6.281660E-4	6.281660E-4	1.599608E-5	1.599608E-5
4.000000E-1	6.428180E-4	6.428180E-4	1.636919E-5	1.636919E-5
4.100000E-1	6.761520E-4	6.761520E-4	1.721803E-5	1.721803E-5
4.200000E-1	6.959420E-4	6.959420E-4	1.772198E-5	1.772198E-5
4.300000E-1	7.040780E-4	7.040780E-4	1.792916E-5	1.792916E-5
4.400000E-1	7.216300E-4	7.216300E-4	1.837611E-5	1.837611E-5
4.500000E-1	7.610000E-4	7.610000E-4	1.937866E-5	1.937866E-5
4.600000E-1	7.796060E-4	7.796060E-4	1.985246E-5	1.985246E-5
4.700000E-1	7.903780E-4	7.903780E-4	2.012676E-5	2.012676E-5
4.800000E-1	8.004880E-4	8.004880E-4	2.038421E-5	2.038421E-5
4.900000E-1	8.248400E-4	8.248400E-4	2.100433E-5	2.100433E-5
5.000000E-1	8.554140E-4	8.554140E-4	2.178289E-5	2.178289E-5
