

16:25:10	17/03/21


Ell Cont: 5,0x10,0

SMU1	V name:		V1
	I name:		I1
	Mode:		V
	Function:	VAR1
SMU2	V name:		V2
	I name:		I2
	Mode:		common
	Function:	const.
SMU3	off
SMU4	off
VMUs	off

Primary Source (VAR1):	single
	Sweep Spacing:	linear
	Start:		-0.500000
	Stop:		0.500000
	Step:		0.010000
	Compliance:	0.050000
Power Compliance OFF

Timing:		Integration Time:	medium
	Delay Time (sec):	0.000000
	Hold Time (sec):	0.000000
	Wait Time (sec):	1.000000

Secondary Source (VAR2):	OFF


   V1	   I1	Abs(I)	J (A\µm²)	Abs(J)
-5.000000E-1	-3.043020E-9	3.043020E-9	-7.748969E-11	7.748969E-11
-4.900000E-1	2.760620E-9	2.760620E-9	7.029845E-11	7.029845E-11
-4.800000E-1	4.877540E-9	4.877540E-9	1.242052E-10	1.242052E-10
-4.700000E-1	6.075470E-9	6.075470E-9	1.547102E-10	1.547102E-10
-4.600000E-1	6.935330E-9	6.935330E-9	1.766063E-10	1.766063E-10
-4.500000E-1	7.565620E-9	7.565620E-9	1.926565E-10	1.926565E-10
-4.400000E-1	8.116260E-9	8.116260E-9	2.066784E-10	2.066784E-10
-4.300000E-1	8.609210E-9	8.609210E-9	2.192312E-10	2.192312E-10
-4.200000E-1	9.037100E-9	9.037100E-9	2.301273E-10	2.301273E-10
-4.100000E-1	9.776900E-9	9.776900E-9	2.489661E-10	2.489661E-10
-4.000000E-1	1.032640E-8	1.032640E-8	2.629590E-10	2.629590E-10
-3.900000E-1	1.085840E-8	1.085840E-8	2.765062E-10	2.765062E-10
-3.800000E-1	1.138750E-8	1.138750E-8	2.899796E-10	2.899796E-10
-3.700000E-1	1.192650E-8	1.192650E-8	3.037051E-10	3.037051E-10
-3.600000E-1	1.245790E-8	1.245790E-8	3.172371E-10	3.172371E-10
-3.500000E-1	1.301550E-8	1.301550E-8	3.314362E-10	3.314362E-10
-3.400000E-1	1.357560E-8	1.357560E-8	3.456990E-10	3.456990E-10
-3.300000E-1	1.416380E-8	1.416380E-8	3.606774E-10	3.606774E-10
-3.200000E-1	1.475750E-8	1.475750E-8	3.757958E-10	3.757958E-10
-3.100000E-1	1.539940E-8	1.539940E-8	3.921416E-10	3.921416E-10
-3.000000E-1	1.603900E-8	1.603900E-8	4.084288E-10	4.084288E-10
-2.900000E-1	1.672640E-8	1.672640E-8	4.259333E-10	4.259333E-10
-2.800000E-1	1.743780E-8	1.743780E-8	4.440489E-10	4.440489E-10
-2.700000E-1	1.817270E-8	1.817270E-8	4.627629E-10	4.627629E-10
-2.600000E-1	1.895040E-8	1.895040E-8	4.825668E-10	4.825668E-10
-2.500000E-1	1.975240E-8	1.975240E-8	5.029896E-10	5.029896E-10
-2.400000E-1	2.059860E-8	2.059860E-8	5.245378E-10	5.245378E-10
-2.300000E-1	2.147530E-8	2.147530E-8	5.468627E-10	5.468627E-10
-2.200000E-1	2.240710E-8	2.240710E-8	5.705908E-10	5.705908E-10
-2.100000E-1	2.337690E-8	2.337690E-8	5.952865E-10	5.952865E-10
-2.000000E-1	2.439370E-8	2.439370E-8	6.211790E-10	6.211790E-10
-1.900000E-1	2.545600E-8	2.545600E-8	6.482302E-10	6.482302E-10
-1.800000E-1	2.658500E-8	2.658500E-8	6.769799E-10	6.769799E-10
-1.700000E-1	2.773600E-8	2.773600E-8	7.062898E-10	7.062898E-10
-1.600000E-1	2.898530E-8	2.898530E-8	7.381029E-10	7.381029E-10
-1.500000E-1	3.027860E-8	3.027860E-8	7.710364E-10	7.710364E-10
-1.400000E-1	3.162400E-8	3.162400E-8	8.052967E-10	8.052967E-10
-1.300000E-1	3.304760E-8	3.304760E-8	8.415482E-10	8.415482E-10
-1.200000E-1	3.452460E-8	3.452460E-8	8.791597E-10	8.791597E-10
-1.100000E-1	3.609610E-8	3.609610E-8	9.191775E-10	9.191775E-10
-1.000000E-1	3.772960E-8	3.772960E-8	9.607741E-10	9.607741E-10
-9.000000E-2	3.945190E-8	3.945190E-8	1.004632E-9	1.004632E-9
-8.000000E-2	4.124370E-8	4.124370E-8	1.050260E-9	1.050260E-9
-7.000000E-2	4.313280E-8	4.313280E-8	1.098365E-9	1.098365E-9
-6.000000E-2	4.508660E-8	4.508660E-8	1.148118E-9	1.148118E-9
-5.000000E-2	4.716210E-8	4.716210E-8	1.200970E-9	1.200970E-9
-4.000000E-2	4.930490E-8	4.930490E-8	1.255536E-9	1.255536E-9
-3.000000E-2	5.155850E-8	5.155850E-8	1.312923E-9	1.312923E-9
-2.000000E-2	5.391320E-8	5.391320E-8	1.372885E-9	1.372885E-9
-1.000000E-2	5.634550E-8	5.634550E-8	1.434823E-9	1.434823E-9
0.000000E+0	5.889300E-8	5.889300E-8	1.499694E-9	1.499694E-9
1.000000E-2	6.151960E-8	6.151960E-8	1.566580E-9	1.566580E-9
2.000000E-2	6.429030E-8	6.429030E-8	1.637135E-9	1.637135E-9
3.000000E-2	6.714440E-8	6.714440E-8	1.709814E-9	1.709814E-9
4.000000E-2	7.013850E-8	7.013850E-8	1.786058E-9	1.786058E-9
5.000000E-2	7.322060E-8	7.322060E-8	1.864543E-9	1.864543E-9
6.000000E-2	7.638240E-8	7.638240E-8	1.945057E-9	1.945057E-9
7.000000E-2	7.969280E-8	7.969280E-8	2.029356E-9	2.029356E-9
8.000000E-2	8.306840E-8	8.306840E-8	2.115314E-9	2.115314E-9
9.000000E-2	8.660530E-8	8.660530E-8	2.205381E-9	2.205381E-9
1.000000E-1	9.021020E-8	9.021020E-8	2.297178E-9	2.297178E-9
1.100000E-1	9.397600E-8	9.397600E-8	2.393074E-9	2.393074E-9
1.200000E-1	9.779340E-8	9.779340E-8	2.490283E-9	2.490283E-9
1.300000E-1	1.018920E-7	1.018920E-7	2.594652E-9	2.594652E-9
1.400000E-1	1.083280E-7	1.083280E-7	2.758543E-9	2.758543E-9
1.500000E-1	1.140500E-7	1.140500E-7	2.904253E-9	2.904253E-9
1.600000E-1	1.200560E-7	1.200560E-7	3.057194E-9	3.057194E-9
1.700000E-1	1.263020E-7	1.263020E-7	3.216246E-9	3.216246E-9
1.800000E-1	1.329290E-7	1.329290E-7	3.385001E-9	3.385001E-9
1.900000E-1	1.397870E-7	1.397870E-7	3.559638E-9	3.559638E-9
2.000000E-1	1.470460E-7	1.470460E-7	3.744487E-9	3.744487E-9
2.100000E-1	1.545300E-7	1.545300E-7	3.935065E-9	3.935065E-9
2.200000E-1	1.623990E-7	1.623990E-7	4.135447E-9	4.135447E-9
2.300000E-1	1.705000E-7	1.705000E-7	4.341737E-9	4.341737E-9
2.400000E-1	1.789360E-7	1.789360E-7	4.556557E-9	4.556557E-9
2.500000E-1	1.876030E-7	1.876030E-7	4.777260E-9	4.777260E-9
2.600000E-1	1.966350E-7	1.966350E-7	5.007257E-9	5.007257E-9
2.700000E-1	2.059140E-7	2.059140E-7	5.243545E-9	5.243545E-9
2.800000E-1	2.153230E-7	2.153230E-7	5.483142E-9	5.483142E-9
2.900000E-1	2.250510E-7	2.250510E-7	5.730863E-9	5.730863E-9
3.000000E-1	2.348660E-7	2.348660E-7	5.980800E-9	5.980800E-9
3.100000E-1	2.449370E-7	2.449370E-7	6.237255E-9	6.237255E-9
3.200000E-1	2.550320E-7	2.550320E-7	6.494321E-9	6.494321E-9
3.300000E-1	2.653210E-7	2.653210E-7	6.756328E-9	6.756328E-9
3.400000E-1	2.755390E-7	2.755390E-7	7.016527E-9	7.016527E-9
3.500000E-1	2.859220E-7	2.859220E-7	7.280927E-9	7.280927E-9
3.600000E-1	2.961370E-7	2.961370E-7	7.541049E-9	7.541049E-9
3.700000E-1	3.064470E-7	3.064470E-7	7.803590E-9	7.803590E-9
3.800000E-1	3.166640E-7	3.166640E-7	8.063764E-9	8.063764E-9
3.900000E-1	3.266310E-7	3.266310E-7	8.317571E-9	8.317571E-9
4.000000E-1	3.365480E-7	3.365480E-7	8.570104E-9	8.570104E-9
4.100000E-1	3.461650E-7	3.461650E-7	8.814999E-9	8.814999E-9
4.200000E-1	3.557130E-7	3.557130E-7	9.058136E-9	9.058136E-9
4.300000E-1	3.648620E-7	3.648620E-7	9.291113E-9	9.291113E-9
4.400000E-1	3.739240E-7	3.739240E-7	9.521874E-9	9.521874E-9
4.500000E-1	3.825260E-7	3.825260E-7	9.740922E-9	9.740922E-9
4.600000E-1	3.910540E-7	3.910540E-7	9.958085E-9	9.958085E-9
4.700000E-1	3.990480E-7	3.990480E-7	1.016165E-8	1.016165E-8
4.800000E-1	4.069470E-7	4.069470E-7	1.036280E-8	1.036280E-8
4.900000E-1	4.145060E-7	4.145060E-7	1.055528E-8	1.055528E-8
5.000000E-1	4.215840E-7	4.215840E-7	1.073552E-8	1.073552E-8
