

16:14:54	17/03/21


Ell Cont: 5,0x10,0

SMU1	V name:		V1
	I name:		I1
	Mode:		V
	Function:	VAR1
SMU2	V name:		V2
	I name:		I2
	Mode:		common
	Function:	const.
SMU3	off
SMU4	off
VMUs	off

Primary Source (VAR1):	single
	Sweep Spacing:	linear
	Start:		-0.500000
	Stop:		0.500000
	Step:		0.010000
	Compliance:	0.050000
Power Compliance OFF

Timing:		Integration Time:	medium
	Delay Time (sec):	0.000000
	Hold Time (sec):	0.000000
	Wait Time (sec):	1.000000

Secondary Source (VAR2):	OFF


   V1	   I1	Abs(I)	J (A\µm²)	Abs(J)
-5.000000E-1	-1.564120E-8	1.564120E-8	-3.982990E-10	3.982990E-10
-4.900000E-1	-1.400830E-8	1.400830E-8	-3.567176E-10	3.567176E-10
-4.800000E-1	-1.318180E-8	1.318180E-8	-3.356710E-10	3.356710E-10
-4.700000E-1	-1.255070E-8	1.255070E-8	-3.196002E-10	3.196002E-10
-4.600000E-1	-1.195730E-8	1.195730E-8	-3.044894E-10	3.044894E-10
-4.500000E-1	-1.146760E-8	1.146760E-8	-2.920193E-10	2.920193E-10
-4.400000E-1	-1.096090E-8	1.096090E-8	-2.791164E-10	2.791164E-10
-4.300000E-1	-1.059000E-8	1.059000E-8	-2.696715E-10	2.696715E-10
-4.200000E-1	-1.030890E-8	1.030890E-8	-2.625134E-10	2.625134E-10
-4.100000E-1	-9.998900E-9	9.998900E-9	-2.546193E-10	2.546193E-10
-4.000000E-1	-9.631800E-9	9.631800E-9	-2.452712E-10	2.452712E-10
-3.900000E-1	-9.252270E-9	9.252270E-9	-2.356066E-10	2.356066E-10
-3.800000E-1	-9.061150E-9	9.061150E-9	-2.307397E-10	2.307397E-10
-3.700000E-1	-8.655880E-9	8.655880E-9	-2.204197E-10	2.204197E-10
-3.600000E-1	-8.270540E-9	8.270540E-9	-2.106071E-10	2.106071E-10
-3.500000E-1	-7.966160E-9	7.966160E-9	-2.028561E-10	2.028561E-10
-3.400000E-1	-7.650710E-9	7.650710E-9	-1.948233E-10	1.948233E-10
-3.300000E-1	-7.330790E-9	7.330790E-9	-1.866766E-10	1.866766E-10
-3.200000E-1	-6.990180E-9	6.990180E-9	-1.780031E-10	1.780031E-10
-3.100000E-1	-6.695640E-9	6.695640E-9	-1.705027E-10	1.705027E-10
-3.000000E-1	-6.408920E-9	6.408920E-9	-1.632014E-10	1.632014E-10
-2.900000E-1	-6.101550E-9	6.101550E-9	-1.553743E-10	1.553743E-10
-2.800000E-1	-5.786410E-9	5.786410E-9	-1.473494E-10	1.473494E-10
-2.700000E-1	-5.503520E-9	5.503520E-9	-1.401457E-10	1.401457E-10
-2.600000E-1	-5.188940E-9	5.188940E-9	-1.321350E-10	1.321350E-10
-2.500000E-1	-4.897460E-9	4.897460E-9	-1.247125E-10	1.247125E-10
-2.400000E-1	-4.614770E-9	4.614770E-9	-1.175139E-10	1.175139E-10
-2.300000E-1	-4.346980E-9	4.346980E-9	-1.106947E-10	1.106947E-10
-2.200000E-1	-4.152770E-9	4.152770E-9	-1.057492E-10	1.057492E-10
-2.100000E-1	-3.879030E-9	3.879030E-9	-9.877846E-11	9.877846E-11
-2.000000E-1	-3.615050E-9	3.615050E-9	-9.205628E-11	9.205628E-11
-1.900000E-1	-3.352550E-9	3.352550E-9	-8.537178E-11	8.537178E-11
-1.800000E-1	-3.100000E-9	3.100000E-9	-7.894067E-11	7.894067E-11
-1.700000E-1	-2.874300E-9	2.874300E-9	-7.319328E-11	7.319328E-11
-1.600000E-1	-2.643840E-9	2.643840E-9	-6.732467E-11	6.732467E-11
-1.500000E-1	-2.442830E-9	2.442830E-9	-6.220601E-11	6.220601E-11
-1.400000E-1	-2.204360E-9	2.204360E-9	-5.613343E-11	5.613343E-11
-1.300000E-1	-1.979610E-9	1.979610E-9	-5.041024E-11	5.041024E-11
-1.200000E-1	-1.808490E-9	1.808490E-9	-4.605271E-11	4.605271E-11
-1.100000E-1	-1.593330E-9	1.593330E-9	-4.057372E-11	4.057372E-11
-1.000000E-1	-1.397880E-9	1.397880E-9	-3.559664E-11	3.559664E-11
-9.000000E-2	-1.206700E-9	1.206700E-9	-3.072829E-11	3.072829E-11
-8.000000E-2	-1.029340E-9	1.029340E-9	-2.621187E-11	2.621187E-11
-7.000000E-2	-8.499100E-10	8.499100E-10	-2.164273E-11	2.164273E-11
-6.000000E-2	-6.638500E-10	6.638500E-10	-1.690476E-11	1.690476E-11
-5.000000E-2	-5.044900E-10	5.044900E-10	-1.284670E-11	1.284670E-11
-4.000000E-2	-3.352400E-10	3.352400E-10	-8.536796E-12	8.536796E-12
-3.000000E-2	-1.708800E-10	1.708800E-10	-4.351413E-12	4.351413E-12
-2.000000E-2	-1.451000E-11	1.451000E-11	-3.694932E-13	3.694932E-13
-1.000000E-2	1.445400E-10	1.445400E-10	3.680672E-12	3.680672E-12
0.000000E+0	3.020700E-10	3.020700E-10	7.692131E-12	7.692131E-12
1.000000E-2	4.627100E-10	4.627100E-10	1.178279E-11	1.178279E-11
2.000000E-2	6.254900E-10	6.254900E-10	1.592793E-11	1.592793E-11
3.000000E-2	8.076200E-10	8.076200E-10	2.056583E-11	2.056583E-11
4.000000E-2	9.614800E-10	9.614800E-10	2.448383E-11	2.448383E-11
5.000000E-2	1.137640E-9	1.137640E-9	2.896970E-11	2.896970E-11
6.000000E-2	1.317780E-9	1.317780E-9	3.355691E-11	3.355691E-11
7.000000E-2	1.511040E-9	1.511040E-9	3.847823E-11	3.847823E-11
8.000000E-2	1.703100E-9	1.703100E-9	4.336898E-11	4.336898E-11
9.000000E-2	1.883470E-9	1.883470E-9	4.796206E-11	4.796206E-11
1.000000E-1	2.104570E-9	2.104570E-9	5.359231E-11	5.359231E-11
1.100000E-1	2.318670E-9	2.318670E-9	5.904431E-11	5.904431E-11
1.200000E-1	2.546990E-9	2.546990E-9	6.485842E-11	6.485842E-11
1.300000E-1	2.753650E-9	2.753650E-9	7.012096E-11	7.012096E-11
1.400000E-1	3.006320E-9	3.006320E-9	7.655513E-11	7.655513E-11
1.500000E-1	3.258550E-9	3.258550E-9	8.297810E-11	8.297810E-11
1.600000E-1	3.507030E-9	3.507030E-9	8.930558E-11	8.930558E-11
1.700000E-1	3.755000E-9	3.755000E-9	9.562007E-11	9.562007E-11
1.800000E-1	4.029530E-9	4.029530E-9	1.026109E-10	1.026109E-10
1.900000E-1	4.311120E-9	4.311120E-9	1.097815E-10	1.097815E-10
2.000000E-1	4.585640E-9	4.585640E-9	1.167721E-10	1.167721E-10
2.100000E-1	4.915300E-9	4.915300E-9	1.251668E-10	1.251668E-10
2.200000E-1	5.226570E-9	5.226570E-9	1.330932E-10	1.330932E-10
2.300000E-1	5.554780E-9	5.554780E-9	1.414510E-10	1.414510E-10
2.400000E-1	5.878910E-9	5.878910E-9	1.497049E-10	1.497049E-10
2.500000E-1	6.211640E-9	6.211640E-9	1.581777E-10	1.581777E-10
2.600000E-1	6.595220E-9	6.595220E-9	1.679455E-10	1.679455E-10
2.700000E-1	6.956600E-9	6.956600E-9	1.771479E-10	1.771479E-10
2.800000E-1	7.345070E-9	7.345070E-9	1.870402E-10	1.870402E-10
2.900000E-1	7.805200E-9	7.805200E-9	1.987573E-10	1.987573E-10
3.000000E-1	8.223020E-9	8.223020E-9	2.093970E-10	2.093970E-10
3.100000E-1	8.632330E-9	8.632330E-9	2.198200E-10	2.198200E-10
3.200000E-1	9.082980E-9	9.082980E-9	2.312956E-10	2.312956E-10
3.300000E-1	9.539480E-9	9.539480E-9	2.429203E-10	2.429203E-10
3.400000E-1	1.000020E-8	1.000020E-8	2.546524E-10	2.546524E-10
3.500000E-1	1.104610E-8	1.104610E-8	2.812860E-10	2.812860E-10
3.600000E-1	1.165000E-8	1.165000E-8	2.966641E-10	2.966641E-10
3.700000E-1	1.229290E-8	1.229290E-8	3.130354E-10	3.130354E-10
3.800000E-1	1.283090E-8	1.283090E-8	3.267354E-10	3.267354E-10
3.900000E-1	1.349810E-8	1.349810E-8	3.437255E-10	3.437255E-10
4.000000E-1	1.414240E-8	1.414240E-8	3.601324E-10	3.601324E-10
4.100000E-1	1.482650E-8	1.482650E-8	3.775528E-10	3.775528E-10
4.200000E-1	1.559440E-8	1.559440E-8	3.971072E-10	3.971072E-10
4.300000E-1	1.628050E-8	1.628050E-8	4.145786E-10	4.145786E-10
4.400000E-1	1.711270E-8	1.711270E-8	4.357703E-10	4.357703E-10
4.500000E-1	1.790850E-8	1.790850E-8	4.560351E-10	4.560351E-10
4.600000E-1	1.880380E-8	1.880380E-8	4.788337E-10	4.788337E-10
4.700000E-1	1.968090E-8	1.968090E-8	5.011688E-10	5.011688E-10
4.800000E-1	2.074750E-8	2.074750E-8	5.283295E-10	5.283295E-10
4.900000E-1	2.135730E-8	2.135730E-8	5.438579E-10	5.438579E-10
5.000000E-1	2.214490E-8	2.214490E-8	5.639139E-10	5.639139E-10
