

16:38:08	17/03/21


Ell Cont: 5,0x10,0

SMU1	V name:		V1
	I name:		I1
	Mode:		V
	Function:	VAR1
SMU2	V name:		V2
	I name:		I2
	Mode:		common
	Function:	const.
SMU3	off
SMU4	off
VMUs	off

Primary Source (VAR1):	single
	Sweep Spacing:	linear
	Start:		-0.500000
	Stop:		0.500000
	Step:		0.010000
	Compliance:	0.050000
Power Compliance OFF

Timing:		Integration Time:	medium
	Delay Time (sec):	0.000000
	Hold Time (sec):	0.000000
	Wait Time (sec):	1.000000

Secondary Source (VAR2):	OFF


   V1	   I1	Abs(I)	J (A\um²)	Abs(J)
-5.000000E-1	-4.033360E-9	4.033360E-9	-1.027084E-10	1.027084E-10
-4.900000E-1	1.866770E-9	1.866770E-9	4.753680E-11	4.753680E-11
-4.800000E-1	3.978300E-9	3.978300E-9	1.013063E-10	1.013063E-10
-4.700000E-1	5.154080E-9	5.154080E-9	1.312473E-10	1.312473E-10
-4.600000E-1	5.962810E-9	5.962810E-9	1.518414E-10	1.518414E-10
-4.500000E-1	6.556010E-9	6.556010E-9	1.669470E-10	1.669470E-10
-4.400000E-1	7.038760E-9	7.038760E-9	1.792401E-10	1.792401E-10
-4.300000E-1	7.481260E-9	7.481260E-9	1.905083E-10	1.905083E-10
-4.200000E-1	7.889640E-9	7.889640E-9	2.009076E-10	2.009076E-10
-4.100000E-1	8.259320E-9	8.259320E-9	2.103214E-10	2.103214E-10
-4.000000E-1	8.639000E-9	8.639000E-9	2.199898E-10	2.199898E-10
-3.900000E-1	8.996900E-9	8.996900E-9	2.291036E-10	2.291036E-10
-3.800000E-1	9.652000E-9	9.652000E-9	2.457856E-10	2.457856E-10
-3.700000E-1	1.019460E-8	1.019460E-8	2.596027E-10	2.596027E-10
-3.600000E-1	1.070140E-8	1.070140E-8	2.725083E-10	2.725083E-10
-3.500000E-1	1.120590E-8	1.120590E-8	2.853552E-10	2.853552E-10
-3.400000E-1	1.171280E-8	1.171280E-8	2.982633E-10	2.982633E-10
-3.300000E-1	1.224940E-8	1.224940E-8	3.119277E-10	3.119277E-10
-3.200000E-1	1.274370E-8	1.274370E-8	3.245149E-10	3.245149E-10
-3.100000E-1	1.328860E-8	1.328860E-8	3.383906E-10	3.383906E-10
-3.000000E-1	1.389170E-8	1.389170E-8	3.537484E-10	3.537484E-10
-2.900000E-1	1.449590E-8	1.449590E-8	3.691342E-10	3.691342E-10
-2.800000E-1	1.513190E-8	1.513190E-8	3.853298E-10	3.853298E-10
-2.700000E-1	1.579090E-8	1.579090E-8	4.021110E-10	4.021110E-10
-2.600000E-1	1.649220E-8	1.649220E-8	4.199694E-10	4.199694E-10
-2.500000E-1	1.720120E-8	1.720120E-8	4.380239E-10	4.380239E-10
-2.400000E-1	1.795850E-8	1.795850E-8	4.573084E-10	4.573084E-10
-2.300000E-1	1.875370E-8	1.875370E-8	4.775579E-10	4.775579E-10
-2.200000E-1	1.959070E-8	1.959070E-8	4.988719E-10	4.988719E-10
-2.100000E-1	2.045790E-8	2.045790E-8	5.209549E-10	5.209549E-10
-2.000000E-1	2.138320E-8	2.138320E-8	5.445174E-10	5.445174E-10
-1.900000E-1	2.235100E-8	2.235100E-8	5.691622E-10	5.691622E-10
-1.800000E-1	2.337340E-8	2.337340E-8	5.951973E-10	5.951973E-10
-1.700000E-1	2.443690E-8	2.443690E-8	6.222791E-10	6.222791E-10
-1.600000E-1	2.556980E-8	2.556980E-8	6.511281E-10	6.511281E-10
-1.500000E-1	2.675920E-8	2.675920E-8	6.814158E-10	6.814158E-10
-1.400000E-1	2.799320E-8	2.799320E-8	7.128393E-10	7.128393E-10
-1.300000E-1	2.930620E-8	2.930620E-8	7.462745E-10	7.462745E-10
-1.200000E-1	3.065380E-8	3.065380E-8	7.805908E-10	7.805908E-10
-1.100000E-1	3.210110E-8	3.210110E-8	8.174459E-10	8.174459E-10
-1.000000E-1	3.360590E-8	3.360590E-8	8.557652E-10	8.557652E-10
-9.000000E-2	3.519630E-8	3.519630E-8	8.962643E-10	8.962643E-10
-8.000000E-2	3.684880E-8	3.684880E-8	9.383448E-10	9.383448E-10
-7.000000E-2	3.859700E-8	3.859700E-8	9.828622E-10	9.828622E-10
-6.000000E-2	4.042260E-8	4.042260E-8	1.029351E-9	1.029351E-9
-5.000000E-2	4.236340E-8	4.236340E-8	1.078773E-9	1.078773E-9
-4.000000E-2	4.436020E-8	4.436020E-8	1.129621E-9	1.129621E-9
-3.000000E-2	4.649030E-8	4.649030E-8	1.183863E-9	1.183863E-9
-2.000000E-2	4.869900E-8	4.869900E-8	1.240107E-9	1.240107E-9
-1.000000E-2	5.099880E-8	5.099880E-8	1.298671E-9	1.298671E-9
0.000000E+0	5.341160E-8	5.341160E-8	1.360112E-9	1.360112E-9
1.000000E-2	5.590650E-8	5.590650E-8	1.423644E-9	1.423644E-9
2.000000E-2	5.854290E-8	5.854290E-8	1.490779E-9	1.490779E-9
3.000000E-2	6.125240E-8	6.125240E-8	1.559776E-9	1.559776E-9
4.000000E-2	6.411540E-8	6.411540E-8	1.632681E-9	1.632681E-9
5.000000E-2	6.707980E-8	6.707980E-8	1.708169E-9	1.708169E-9
6.000000E-2	7.014030E-8	7.014030E-8	1.786104E-9	1.786104E-9
7.000000E-2	7.333290E-8	7.333290E-8	1.867403E-9	1.867403E-9
8.000000E-2	7.659690E-8	7.659690E-8	1.950519E-9	1.950519E-9
9.000000E-2	8.002780E-8	8.002780E-8	2.037886E-9	2.037886E-9
1.000000E-1	8.353050E-8	8.353050E-8	2.127082E-9	2.127082E-9
1.100000E-1	8.718900E-8	8.718900E-8	2.220244E-9	2.220244E-9
1.200000E-1	9.091470E-8	9.091470E-8	2.315118E-9	2.315118E-9
1.300000E-1	9.479580E-8	9.479580E-8	2.413950E-9	2.413950E-9
1.400000E-1	9.874500E-8	9.874500E-8	2.514515E-9	2.514515E-9
1.500000E-1	1.029730E-7	1.029730E-7	2.622180E-9	2.622180E-9
1.600000E-1	1.096420E-7	1.096420E-7	2.792004E-9	2.792004E-9
1.700000E-1	1.154530E-7	1.154530E-7	2.939980E-9	2.939980E-9
1.800000E-1	1.216380E-7	1.216380E-7	3.097479E-9	3.097479E-9
1.900000E-1	1.280410E-7	1.280410E-7	3.260530E-9	3.260530E-9
2.000000E-1	1.348320E-7	1.348320E-7	3.433461E-9	3.433461E-9
2.100000E-1	1.418720E-7	1.418720E-7	3.612732E-9	3.612732E-9
2.200000E-1	1.492980E-7	1.492980E-7	3.801833E-9	3.801833E-9
2.300000E-1	1.569500E-7	1.569500E-7	3.996690E-9	3.996690E-9
2.400000E-1	1.650060E-7	1.650060E-7	4.201833E-9	4.201833E-9
2.500000E-1	1.732890E-7	1.732890E-7	4.412758E-9	4.412758E-9
2.600000E-1	1.819420E-7	1.819420E-7	4.633104E-9	4.633104E-9
2.700000E-1	1.908910E-7	1.908910E-7	4.860988E-9	4.860988E-9
2.800000E-1	2.000080E-7	2.000080E-7	5.093150E-9	5.093150E-9
2.900000E-1	2.094880E-7	2.094880E-7	5.334556E-9	5.334556E-9
3.000000E-1	2.190940E-7	2.190940E-7	5.579170E-9	5.579170E-9
3.100000E-1	2.290290E-7	2.290290E-7	5.832162E-9	5.832162E-9
3.200000E-1	2.390240E-7	2.390240E-7	6.086682E-9	6.086682E-9
3.300000E-1	2.492910E-7	2.492910E-7	6.348128E-9	6.348128E-9
3.400000E-1	2.595540E-7	2.595540E-7	6.609473E-9	6.609473E-9
3.500000E-1	2.700360E-7	2.700360E-7	6.876394E-9	6.876394E-9
3.600000E-1	2.804080E-7	2.804080E-7	7.140514E-9	7.140514E-9
3.700000E-1	2.909560E-7	2.909560E-7	7.409116E-9	7.409116E-9
3.800000E-1	3.014820E-7	3.014820E-7	7.677158E-9	7.677158E-9
3.900000E-1	3.117920E-7	3.117920E-7	7.939699E-9	7.939699E-9
4.000000E-1	3.221330E-7	3.221330E-7	8.203030E-9	8.203030E-9
4.100000E-1	3.322120E-7	3.322120E-7	8.459689E-9	8.459689E-9
4.200000E-1	3.422870E-7	3.422870E-7	8.716246E-9	8.716246E-9
4.300000E-1	3.519980E-7	3.519980E-7	8.963534E-9	8.963534E-9
4.400000E-1	3.616470E-7	3.616470E-7	9.209244E-9	9.209244E-9
4.500000E-1	3.708870E-7	3.708870E-7	9.444538E-9	9.444538E-9
4.600000E-1	3.800330E-7	3.800330E-7	9.677438E-9	9.677438E-9
4.700000E-1	3.887390E-7	3.887390E-7	9.899134E-9	9.899134E-9
4.800000E-1	3.973000E-7	3.973000E-7	1.011714E-8	1.011714E-8
4.900000E-1	4.055500E-7	4.055500E-7	1.032722E-8	1.032722E-8
5.000000E-1	4.133110E-7	4.133110E-7	1.052485E-8	1.052485E-8
