

16:07:22	17/03/21


Ell Cont: 5,0x10,0

SMU1	V name:		V1
	I name:		I1
	Mode:		V
	Function:	VAR1
SMU2	V name:		V2
	I name:		I2
	Mode:		common
	Function:	const.
SMU3	off
SMU4	off
VMUs	off

Primary Source (VAR1):	single
	Sweep Spacing:	linear
	Start:		-0.500000
	Stop:		0.500000
	Step:		0.010000
	Compliance:	0.050000
Power Compliance OFF

Timing:		Integration Time:	medium
	Delay Time (sec):	0.000000
	Hold Time (sec):	0.000000
	Wait Time (sec):	1.000000

Secondary Source (VAR2):	OFF


   V1	   I1	Abs(I)	J (A\µm²)	Abs(J)
-5.000000E-1	-4.999820E-2	4.999820E-2	-1.273191E-3	1.273191E-3
-4.900000E-1	-4.938920E-2	4.938920E-2	-1.257683E-3	1.257683E-3
-4.800000E-1	-4.843500E-2	4.843500E-2	-1.233384E-3	1.233384E-3
-4.700000E-1	-4.741040E-2	4.741040E-2	-1.207293E-3	1.207293E-3
-4.600000E-1	-4.630940E-2	4.630940E-2	-1.179256E-3	1.179256E-3
-4.500000E-1	-4.528160E-2	4.528160E-2	-1.153084E-3	1.153084E-3
-4.400000E-1	-4.477470E-2	4.477470E-2	-1.140176E-3	1.140176E-3
-4.300000E-1	-4.374240E-2	4.374240E-2	-1.113888E-3	1.113888E-3
-4.200000E-1	-4.271020E-2	4.271020E-2	-1.087604E-3	1.087604E-3
-4.100000E-1	-4.169740E-2	4.169740E-2	-1.061813E-3	1.061813E-3
-4.000000E-1	-4.069120E-2	4.069120E-2	-1.036190E-3	1.036190E-3
-3.900000E-1	-3.967510E-2	3.967510E-2	-1.010316E-3	1.010316E-3
-3.800000E-1	-3.866580E-2	3.866580E-2	-9.846142E-4	9.846142E-4
-3.700000E-1	-3.765920E-2	3.765920E-2	-9.589814E-4	9.589814E-4
-3.600000E-1	-3.665760E-2	3.665760E-2	-9.334759E-4	9.334759E-4
-3.500000E-1	-3.564510E-2	3.564510E-2	-9.076929E-4	9.076929E-4
-3.400000E-1	-3.463200E-2	3.463200E-2	-8.818946E-4	8.818946E-4
-3.300000E-1	-3.361950E-2	3.361950E-2	-8.561115E-4	8.561115E-4
-3.200000E-1	-3.260880E-2	3.260880E-2	-8.303743E-4	8.303743E-4
-3.100000E-1	-3.158910E-2	3.158910E-2	-8.044079E-4	8.044079E-4
-3.000000E-1	-3.057670E-2	3.057670E-2	-7.786274E-4	7.786274E-4
-2.900000E-1	-2.955320E-2	2.955320E-2	-7.525643E-4	7.525643E-4
-2.800000E-1	-2.853520E-2	2.853520E-2	-7.266412E-4	7.266412E-4
-2.700000E-1	-2.752510E-2	2.752510E-2	-7.009193E-4	7.009193E-4
-2.600000E-1	-2.650930E-2	2.650930E-2	-6.750522E-4	6.750522E-4
-2.500000E-1	-2.550190E-2	2.550190E-2	-6.493990E-4	6.493990E-4
-2.400000E-1	-2.447840E-2	2.447840E-2	-6.233359E-4	6.233359E-4
-2.300000E-1	-2.346770E-2	2.346770E-2	-5.975987E-4	5.975987E-4
-2.200000E-1	-2.244620E-2	2.244620E-2	-5.715864E-4	5.715864E-4
-2.100000E-1	-2.143710E-2	2.143710E-2	-5.458900E-4	5.458900E-4
-2.000000E-1	-2.042190E-2	2.042190E-2	-5.200382E-4	5.200382E-4
-1.900000E-1	-1.940660E-2	1.940660E-2	-4.941838E-4	4.941838E-4
-1.800000E-1	-1.838790E-2	1.838790E-2	-4.682429E-4	4.682429E-4
-1.700000E-1	-1.737260E-2	1.737260E-2	-4.423886E-4	4.423886E-4
-1.600000E-1	-1.635060E-2	1.635060E-2	-4.163636E-4	4.163636E-4
-1.500000E-1	-1.532810E-2	1.532810E-2	-3.903259E-4	3.903259E-4
-1.400000E-1	-1.431470E-2	1.431470E-2	-3.645200E-4	3.645200E-4
-1.300000E-1	-1.329130E-2	1.329130E-2	-3.384594E-4	3.384594E-4
-1.200000E-1	-1.227500E-2	1.227500E-2	-3.125796E-4	3.125796E-4
-1.100000E-1	-1.125140E-2	1.125140E-2	-2.865139E-4	2.865139E-4
-1.000000E-1	-1.023430E-2	1.023430E-2	-2.606137E-4	2.606137E-4
-9.000000E-2	-9.208390E-3	9.208390E-3	-2.344892E-4	2.344892E-4
-8.000000E-2	-8.191240E-3	8.191240E-3	-2.085877E-4	2.085877E-4
-7.000000E-2	-7.166150E-3	7.166150E-3	-1.824841E-4	1.824841E-4
-6.000000E-2	-6.148210E-3	6.148210E-3	-1.565625E-4	1.565625E-4
-5.000000E-2	-5.122360E-3	5.122360E-3	-1.304395E-4	1.304395E-4
-4.000000E-2	-4.103610E-3	4.103610E-3	-1.044973E-4	1.044973E-4
-3.000000E-2	-3.077940E-3	3.077940E-3	-7.837891E-5	7.837891E-5
-2.000000E-2	-2.051270E-3	2.051270E-3	-5.223504E-5	5.223504E-5
-1.000000E-2	-1.032820E-3	1.032820E-3	-2.630048E-5	2.630048E-5
0.000000E+0	-6.325640E-6	6.325640E-6	-1.610807E-7	1.610807E-7
1.000000E-2	1.010430E-3	1.010430E-3	2.573033E-5	2.573033E-5
2.000000E-2	2.034850E-3	2.034850E-3	5.181691E-5	5.181691E-5
3.000000E-2	3.050480E-3	3.050480E-3	7.767965E-5	7.767965E-5
4.000000E-2	4.073670E-3	4.073670E-3	1.037349E-4	1.037349E-4
5.000000E-2	5.095570E-3	5.095570E-3	1.297573E-4	1.297573E-4
6.000000E-2	6.108960E-3	6.108960E-3	1.555630E-4	1.555630E-4
7.000000E-2	7.129500E-3	7.129500E-3	1.815508E-4	1.815508E-4
8.000000E-2	8.141030E-3	8.141030E-3	2.073091E-4	2.073091E-4
9.000000E-2	9.160640E-3	9.160640E-3	2.332732E-4	2.332732E-4
1.000000E-1	1.017061E-2	1.017061E-2	2.589918E-4	2.589918E-4
1.100000E-1	1.118385E-2	1.118385E-2	2.847937E-4	2.847937E-4
1.200000E-1	1.218750E-2	1.218750E-2	3.103514E-4	3.103514E-4
1.300000E-1	1.319610E-2	1.319610E-2	3.360351E-4	3.360351E-4
1.400000E-1	1.419060E-2	1.419060E-2	3.613598E-4	3.613598E-4
1.500000E-1	1.519780E-2	1.519780E-2	3.870079E-4	3.870079E-4
1.600000E-1	1.621010E-2	1.621010E-2	4.127858E-4	4.127858E-4
1.700000E-1	1.721370E-2	1.721370E-2	4.383422E-4	4.383422E-4
1.800000E-1	1.822300E-2	1.822300E-2	4.640438E-4	4.640438E-4
1.900000E-1	1.922170E-2	1.922170E-2	4.894754E-4	4.894754E-4
2.000000E-1	2.022670E-2	2.022670E-2	5.150675E-4	5.150675E-4
2.100000E-1	2.122400E-2	2.122400E-2	5.404635E-4	5.404635E-4
2.200000E-1	2.222380E-2	2.222380E-2	5.659231E-4	5.659231E-4
2.300000E-1	2.321500E-2	2.321500E-2	5.911637E-4	5.911637E-4
2.400000E-1	2.421150E-2	2.421150E-2	6.165393E-4	6.165393E-4
2.500000E-1	2.520150E-2	2.520150E-2	6.417494E-4	6.417494E-4
2.600000E-1	2.619570E-2	2.619570E-2	6.670665E-4	6.670665E-4
2.700000E-1	2.718600E-2	2.718600E-2	6.922842E-4	6.922842E-4
2.800000E-1	2.816210E-2	2.816210E-2	7.171403E-4	7.171403E-4
2.900000E-1	2.914360E-2	2.914360E-2	7.421339E-4	7.421339E-4
3.000000E-1	3.010850E-2	3.010850E-2	7.667049E-4	7.667049E-4
3.100000E-1	3.108550E-2	3.108550E-2	7.915839E-4	7.915839E-4
3.200000E-1	3.205590E-2	3.205590E-2	8.162949E-4	8.162949E-4
3.300000E-1	3.303310E-2	3.303310E-2	8.411790E-4	8.411790E-4
3.400000E-1	3.399830E-2	3.399830E-2	8.657576E-4	8.657576E-4
3.500000E-1	3.496750E-2	3.496750E-2	8.904380E-4	8.904380E-4
3.600000E-1	3.593240E-2	3.593240E-2	9.150089E-4	9.150089E-4
3.700000E-1	3.688710E-2	3.688710E-2	9.393201E-4	9.393201E-4
3.800000E-1	3.782560E-2	3.782560E-2	9.632187E-4	9.632187E-4
3.900000E-1	3.876960E-2	3.876960E-2	9.872574E-4	9.872574E-4
4.000000E-1	3.972910E-2	3.972910E-2	1.011691E-3	1.011691E-3
4.100000E-1	4.064190E-2	4.064190E-2	1.034935E-3	1.034935E-3
4.200000E-1	4.156600E-2	4.156600E-2	1.058467E-3	1.058467E-3
4.300000E-1	4.248500E-2	4.248500E-2	1.081869E-3	1.081869E-3
4.400000E-1	4.341660E-2	4.341660E-2	1.105592E-3	1.105592E-3
4.500000E-1	4.432110E-2	4.432110E-2	1.128625E-3	1.128625E-3
4.600000E-1	4.523950E-2	4.523950E-2	1.152012E-3	1.152012E-3
4.700000E-1	4.614040E-2	4.614040E-2	1.174953E-3	1.174953E-3
4.800000E-1	4.700620E-2	4.700620E-2	1.197000E-3	1.197000E-3
4.900000E-1	4.771910E-2	4.771910E-2	1.215154E-3	1.215154E-3
5.000000E-1	4.834700E-2	4.834700E-2	1.231143E-3	1.231143E-3
