

16:09:26	17/03/21


Ell Cont: 5,0x10,0

SMU1	V name:		V1
	I name:		I1
	Mode:		V
	Function:	VAR1
SMU2	V name:		V2
	I name:		I2
	Mode:		common
	Function:	const.
SMU3	off
SMU4	off
VMUs	off

Primary Source (VAR1):	single
	Sweep Spacing:	linear
	Start:		-0.500000
	Stop:		0.500000
	Step:		0.010000
	Compliance:	0.050000
Power Compliance OFF

Timing:		Integration Time:	medium
	Delay Time (sec):	0.000000
	Hold Time (sec):	0.000000
	Wait Time (sec):	1.000000

Secondary Source (VAR2):	OFF


   V1	   I1	Abs(I)	J (A\µm²)	Abs(J)
-5.000000E-1	5.596000E-11	5.596000E-11	1.425006E-12	1.425006E-12
-4.900000E-1	5.579000E-11	5.579000E-11	1.420677E-12	1.420677E-12
-4.800000E-1	7.567000E-11	7.567000E-11	1.926916E-12	1.926916E-12
-4.700000E-1	6.491000E-11	6.491000E-11	1.652916E-12	1.652916E-12
-4.600000E-1	5.195000E-11	5.195000E-11	1.322893E-12	1.322893E-12
-4.500000E-1	5.341000E-11	5.341000E-11	1.360071E-12	1.360071E-12
-4.400000E-1	5.597000E-11	5.597000E-11	1.425261E-12	1.425261E-12
-4.300000E-1	5.688000E-11	5.688000E-11	1.448434E-12	1.448434E-12
-4.200000E-1	5.596000E-11	5.596000E-11	1.425006E-12	1.425006E-12
-4.100000E-1	5.984000E-11	5.984000E-11	1.523810E-12	1.523810E-12
-4.000000E-1	6.387000E-11	6.387000E-11	1.626432E-12	1.626432E-12
-3.900000E-1	6.473000E-11	6.473000E-11	1.648332E-12	1.648332E-12
-3.800000E-1	6.821000E-11	6.821000E-11	1.736949E-12	1.736949E-12
-3.700000E-1	6.750000E-11	6.750000E-11	1.718869E-12	1.718869E-12
-3.600000E-1	7.115000E-11	7.115000E-11	1.811816E-12	1.811816E-12
-3.500000E-1	7.649000E-11	7.649000E-11	1.947797E-12	1.947797E-12
-3.400000E-1	9.445000E-11	9.445000E-11	2.405144E-12	2.405144E-12
-3.300000E-1	1.057700E-10	1.057700E-10	2.693405E-12	2.693405E-12
-3.200000E-1	1.020600E-10	1.020600E-10	2.598930E-12	2.598930E-12
-3.100000E-1	1.071300E-10	1.071300E-10	2.728037E-12	2.728037E-12
-3.000000E-1	1.226500E-10	1.226500E-10	3.123249E-12	3.123249E-12
-2.900000E-1	1.230200E-10	1.230200E-10	3.132671E-12	3.132671E-12
-2.800000E-1	1.255800E-10	1.255800E-10	3.197861E-12	3.197861E-12
-2.700000E-1	1.404200E-10	1.404200E-10	3.575758E-12	3.575758E-12
-2.600000E-1	1.229700E-10	1.229700E-10	3.131398E-12	3.131398E-12
-2.500000E-1	1.249700E-10	1.249700E-10	3.182327E-12	3.182327E-12
-2.400000E-1	1.297900E-10	1.297900E-10	3.305067E-12	3.305067E-12
-2.300000E-1	1.432700E-10	1.432700E-10	3.648332E-12	3.648332E-12
-2.200000E-1	1.445600E-10	1.445600E-10	3.681182E-12	3.681182E-12
-2.100000E-1	1.481300E-10	1.481300E-10	3.772091E-12	3.772091E-12
-2.000000E-1	1.373900E-10	1.373900E-10	3.498599E-12	3.498599E-12
-1.900000E-1	1.392400E-10	1.392400E-10	3.545709E-12	3.545709E-12
-1.800000E-1	1.462800E-10	1.462800E-10	3.724981E-12	3.724981E-12
-1.700000E-1	1.544900E-10	1.544900E-10	3.934046E-12	3.934046E-12
-1.600000E-1	1.576100E-10	1.576100E-10	4.013496E-12	4.013496E-12
-1.500000E-1	1.629500E-10	1.629500E-10	4.149478E-12	4.149478E-12
-1.400000E-1	1.805300E-10	1.805300E-10	4.597148E-12	4.597148E-12
-1.300000E-1	1.817700E-10	1.817700E-10	4.628724E-12	4.628724E-12
-1.200000E-1	2.158200E-10	2.158200E-10	5.495798E-12	5.495798E-12
-1.100000E-1	2.518900E-10	2.518900E-10	6.414311E-12	6.414311E-12
-1.000000E-1	2.661000E-10	2.661000E-10	6.776165E-12	6.776165E-12
-9.000000E-2	3.159500E-10	3.159500E-10	8.045582E-12	8.045582E-12
-8.000000E-2	2.492200E-10	2.492200E-10	6.346320E-12	6.346320E-12
-7.000000E-2	2.040400E-10	2.040400E-10	5.195824E-12	5.195824E-12
-6.000000E-2	2.135500E-10	2.135500E-10	5.437993E-12	5.437993E-12
-5.000000E-2	2.180400E-10	2.180400E-10	5.552330E-12	5.552330E-12
-4.000000E-2	2.213900E-10	2.213900E-10	5.637637E-12	5.637637E-12
-3.000000E-2	2.238900E-10	2.238900E-10	5.701299E-12	5.701299E-12
-2.000000E-2	2.180000E-10	2.180000E-10	5.551311E-12	5.551311E-12
-1.000000E-2	2.193200E-10	2.193200E-10	5.584925E-12	5.584925E-12
0.000000E+0	2.259600E-10	2.259600E-10	5.754011E-12	5.754011E-12
1.000000E-2	2.306100E-10	2.306100E-10	5.872422E-12	5.872422E-12
2.000000E-2	2.510800E-10	2.510800E-10	6.393685E-12	6.393685E-12
3.000000E-2	2.566800E-10	2.566800E-10	6.536287E-12	6.536287E-12
4.000000E-2	2.570800E-10	2.570800E-10	6.546473E-12	6.546473E-12
5.000000E-2	2.647800E-10	2.647800E-10	6.742551E-12	6.742551E-12
6.000000E-2	2.999800E-10	2.999800E-10	7.638910E-12	7.638910E-12
7.000000E-2	3.070200E-10	3.070200E-10	7.818182E-12	7.818182E-12
8.000000E-2	3.088200E-10	3.088200E-10	7.864018E-12	7.864018E-12
9.000000E-2	2.907200E-10	2.907200E-10	7.403107E-12	7.403107E-12
1.000000E-1	2.823000E-10	2.823000E-10	7.188694E-12	7.188694E-12
1.100000E-1	2.793800E-10	2.793800E-10	7.114337E-12	7.114337E-12
1.200000E-1	2.853300E-10	2.853300E-10	7.265852E-12	7.265852E-12
1.300000E-1	3.061000E-10	3.061000E-10	7.794754E-12	7.794754E-12
1.400000E-1	3.072300E-10	3.072300E-10	7.823529E-12	7.823529E-12
1.500000E-1	3.407600E-10	3.407600E-10	8.677362E-12	8.677362E-12
1.600000E-1	3.857000E-10	3.857000E-10	9.821747E-12	9.821747E-12
1.700000E-1	3.450700E-10	3.450700E-10	8.787115E-12	8.787115E-12
1.800000E-1	3.412300E-10	3.412300E-10	8.689330E-12	8.689330E-12
1.900000E-1	3.570100E-10	3.570100E-10	9.091164E-12	9.091164E-12
2.000000E-1	3.599600E-10	3.599600E-10	9.166285E-12	9.166285E-12
2.100000E-1	3.644600E-10	3.644600E-10	9.280876E-12	9.280876E-12
2.200000E-1	3.737900E-10	3.737900E-10	9.518462E-12	9.518462E-12
2.300000E-1	3.696100E-10	3.696100E-10	9.412019E-12	9.412019E-12
2.400000E-1	3.747800E-10	3.747800E-10	9.543672E-12	9.543672E-12
2.500000E-1	3.858500E-10	3.858500E-10	9.825566E-12	9.825566E-12
2.600000E-1	4.516600E-10	4.516600E-10	1.150140E-11	1.150140E-11
2.700000E-1	4.508300E-10	4.508300E-10	1.148026E-11	1.148026E-11
2.800000E-1	5.008900E-10	5.008900E-10	1.275503E-11	1.275503E-11
2.900000E-1	4.368800E-10	4.368800E-10	1.112503E-11	1.112503E-11
3.000000E-1	4.457100E-10	4.457100E-10	1.134989E-11	1.134989E-11
3.100000E-1	4.756400E-10	4.756400E-10	1.211204E-11	1.211204E-11
3.200000E-1	4.585900E-10	4.585900E-10	1.167787E-11	1.167787E-11
3.300000E-1	5.054500E-10	5.054500E-10	1.287115E-11	1.287115E-11
3.400000E-1	5.241200E-10	5.241200E-10	1.334657E-11	1.334657E-11
3.500000E-1	5.377200E-10	5.377200E-10	1.369290E-11	1.369290E-11
3.600000E-1	5.342000E-10	5.342000E-10	1.360326E-11	1.360326E-11
3.700000E-1	6.074000E-10	6.074000E-10	1.546728E-11	1.546728E-11
3.800000E-1	5.616500E-10	5.616500E-10	1.430227E-11	1.430227E-11
3.900000E-1	5.575600E-10	5.575600E-10	1.419812E-11	1.419812E-11
4.000000E-1	5.774300E-10	5.774300E-10	1.470410E-11	1.470410E-11
4.100000E-1	8.554300E-10	8.554300E-10	2.178329E-11	2.178329E-11
4.200000E-1	1.177600E-9	1.177600E-9	2.998727E-11	2.998727E-11
4.300000E-1	9.794500E-10	9.794500E-10	2.494143E-11	2.494143E-11
4.400000E-1	9.037900E-10	9.037900E-10	2.301477E-11	2.301477E-11
4.500000E-1	8.955100E-10	8.955100E-10	2.280392E-11	2.280392E-11
4.600000E-1	9.134000E-10	9.134000E-10	2.325949E-11	2.325949E-11
4.700000E-1	8.839900E-10	8.839900E-10	2.251057E-11	2.251057E-11
4.800000E-1	8.800600E-10	8.800600E-10	2.241049E-11	2.241049E-11
4.900000E-1	9.483800E-10	9.483800E-10	2.415024E-11	2.415024E-11
5.000000E-1	9.504000E-10	9.504000E-10	2.420168E-11	2.420168E-11
