

16:11:13	17/03/21


Ell Cont: 5,0x10,0

SMU1	V name:		V1
	I name:		I1
	Mode:		V
	Function:	VAR1
SMU2	V name:		V2
	I name:		I2
	Mode:		common
	Function:	const.
SMU3	off
SMU4	off
VMUs	off

Primary Source (VAR1):	single
	Sweep Spacing:	linear
	Start:		-0.500000
	Stop:		0.500000
	Step:		0.010000
	Compliance:	0.050000
Power Compliance OFF

Timing:		Integration Time:	medium
	Delay Time (sec):	0.000000
	Hold Time (sec):	0.000000
	Wait Time (sec):	1.000000

Secondary Source (VAR2):	OFF


   V1	   I1	Abs(I)	J (A\um²)	Abs(J)
-5.000000E-1	2.234400E-10	2.234400E-10	5.689840E-12	5.689840E-12
-4.900000E-1	2.406800E-10	2.406800E-10	6.128851E-12	6.128851E-12
-4.800000E-1	2.551900E-10	2.551900E-10	6.498345E-12	6.498345E-12
-4.700000E-1	2.818800E-10	2.818800E-10	7.177998E-12	7.177998E-12
-4.600000E-1	3.073200E-10	3.073200E-10	7.825821E-12	7.825821E-12
-4.500000E-1	3.368600E-10	3.368600E-10	8.578049E-12	8.578049E-12
-4.400000E-1	3.596400E-10	3.596400E-10	9.158136E-12	9.158136E-12
-4.300000E-1	3.728200E-10	3.728200E-10	9.493761E-12	9.493761E-12
-4.200000E-1	3.776200E-10	3.776200E-10	9.615992E-12	9.615992E-12
-4.100000E-1	4.225700E-10	4.225700E-10	1.076063E-11	1.076063E-11
-4.000000E-1	4.448100E-10	4.448100E-10	1.132697E-11	1.132697E-11
-3.900000E-1	4.663100E-10	4.663100E-10	1.187446E-11	1.187446E-11
-3.800000E-1	4.723000E-10	4.723000E-10	1.202699E-11	1.202699E-11
-3.700000E-1	4.702100E-10	4.702100E-10	1.197377E-11	1.197377E-11
-3.600000E-1	4.769300E-10	4.769300E-10	1.214489E-11	1.214489E-11
-3.500000E-1	5.060200E-10	5.060200E-10	1.288566E-11	1.288566E-11
-3.400000E-1	5.349700E-10	5.349700E-10	1.362287E-11	1.362287E-11
-3.300000E-1	5.605200E-10	5.605200E-10	1.427349E-11	1.427349E-11
-3.200000E-1	6.194200E-10	6.194200E-10	1.577336E-11	1.577336E-11
-3.100000E-1	6.258100E-10	6.258100E-10	1.593608E-11	1.593608E-11
-3.000000E-1	6.791200E-10	6.791200E-10	1.729361E-11	1.729361E-11
-2.900000E-1	6.716000E-10	6.716000E-10	1.710211E-11	1.710211E-11
-2.800000E-1	7.149000E-10	7.149000E-10	1.820474E-11	1.820474E-11
-2.700000E-1	7.142600E-10	7.142600E-10	1.818844E-11	1.818844E-11
-2.600000E-1	7.277100E-10	7.277100E-10	1.853094E-11	1.853094E-11
-2.500000E-1	7.682100E-10	7.682100E-10	1.956226E-11	1.956226E-11
-2.400000E-1	8.503100E-10	8.503100E-10	2.165292E-11	2.165292E-11
-2.300000E-1	8.783100E-10	8.783100E-10	2.236593E-11	2.236593E-11
-2.200000E-1	9.196600E-10	9.196600E-10	2.341889E-11	2.341889E-11
-2.100000E-1	9.334200E-10	9.334200E-10	2.376929E-11	2.376929E-11
-2.000000E-1	9.671000E-10	9.671000E-10	2.462694E-11	2.462694E-11
-1.900000E-1	9.858900E-10	9.858900E-10	2.510542E-11	2.510542E-11
-1.800000E-1	1.007290E-9	1.007290E-9	2.565037E-11	2.565037E-11
-1.700000E-1	1.039560E-9	1.039560E-9	2.647212E-11	2.647212E-11
-1.600000E-1	1.077690E-9	1.077690E-9	2.744309E-11	2.744309E-11
-1.500000E-1	1.115780E-9	1.115780E-9	2.841304E-11	2.841304E-11
-1.400000E-1	1.131110E-9	1.131110E-9	2.880341E-11	2.880341E-11
-1.300000E-1	1.140010E-9	1.140010E-9	2.903005E-11	2.903005E-11
-1.200000E-1	1.154410E-9	1.154410E-9	2.939674E-11	2.939674E-11
-1.100000E-1	1.188680E-9	1.188680E-9	3.026942E-11	3.026942E-11
-1.000000E-1	1.270990E-9	1.270990E-9	3.236542E-11	3.236542E-11
-9.000000E-2	1.306200E-9	1.306200E-9	3.326203E-11	3.326203E-11
-8.000000E-2	1.355960E-9	1.355960E-9	3.452916E-11	3.452916E-11
-7.000000E-2	1.394210E-9	1.394210E-9	3.550318E-11	3.550318E-11
-6.000000E-2	1.452090E-9	1.452090E-9	3.697708E-11	3.697708E-11
-5.000000E-2	1.466020E-9	1.466020E-9	3.733181E-11	3.733181E-11
-4.000000E-2	1.502090E-9	1.502090E-9	3.825032E-11	3.825032E-11
-3.000000E-2	1.532450E-9	1.532450E-9	3.902343E-11	3.902343E-11
-2.000000E-2	1.598540E-9	1.598540E-9	4.070639E-11	4.070639E-11
-1.000000E-2	1.645530E-9	1.645530E-9	4.190298E-11	4.190298E-11
0.000000E+0	1.644970E-9	1.644970E-9	4.188872E-11	4.188872E-11
1.000000E-2	1.749430E-9	1.749430E-9	4.454876E-11	4.454876E-11
2.000000E-2	1.803970E-9	1.803970E-9	4.593761E-11	4.593761E-11
3.000000E-2	1.854470E-9	1.854470E-9	4.722358E-11	4.722358E-11
4.000000E-2	1.881810E-9	1.881810E-9	4.791979E-11	4.791979E-11
5.000000E-2	1.944660E-9	1.944660E-9	4.952024E-11	4.952024E-11
6.000000E-2	1.967530E-9	1.967530E-9	5.010262E-11	5.010262E-11
7.000000E-2	2.040390E-9	2.040390E-9	5.195798E-11	5.195798E-11
8.000000E-2	2.020550E-9	2.020550E-9	5.145276E-11	5.145276E-11
9.000000E-2	2.075970E-9	2.075970E-9	5.286402E-11	5.286402E-11
1.000000E-1	2.156700E-9	2.156700E-9	5.491979E-11	5.491979E-11
1.100000E-1	2.178830E-9	2.178830E-9	5.548332E-11	5.548332E-11
1.200000E-1	2.234310E-9	2.234310E-9	5.689610E-11	5.689610E-11
1.300000E-1	2.265490E-9	2.265490E-9	5.769009E-11	5.769009E-11
1.400000E-1	2.328540E-9	2.328540E-9	5.929564E-11	5.929564E-11
1.500000E-1	2.386460E-9	2.386460E-9	6.077056E-11	6.077056E-11
1.600000E-1	2.397110E-9	2.397110E-9	6.104176E-11	6.104176E-11
1.700000E-1	2.441950E-9	2.441950E-9	6.218360E-11	6.218360E-11
1.800000E-1	2.497290E-9	2.497290E-9	6.359282E-11	6.359282E-11
1.900000E-1	2.573180E-9	2.573180E-9	6.552534E-11	6.552534E-11
2.000000E-1	2.616670E-9	2.616670E-9	6.663280E-11	6.663280E-11
2.100000E-1	2.718890E-9	2.718890E-9	6.923580E-11	6.923580E-11
2.200000E-1	2.698980E-9	2.698980E-9	6.872880E-11	6.872880E-11
2.300000E-1	2.720430E-9	2.720430E-9	6.927502E-11	6.927502E-11
2.400000E-1	2.793980E-9	2.793980E-9	7.114795E-11	7.114795E-11
2.500000E-1	2.741860E-9	2.741860E-9	6.982073E-11	6.982073E-11
2.600000E-1	2.792460E-9	2.792460E-9	7.110924E-11	7.110924E-11
2.700000E-1	2.904840E-9	2.904840E-9	7.397097E-11	7.397097E-11
2.800000E-1	2.953300E-9	2.953300E-9	7.520499E-11	7.520499E-11
2.900000E-1	3.081720E-9	3.081720E-9	7.847517E-11	7.847517E-11
3.000000E-1	3.148280E-9	3.148280E-9	8.017010E-11	8.017010E-11
3.100000E-1	3.232740E-9	3.232740E-9	8.232085E-11	8.232085E-11
3.200000E-1	3.226540E-9	3.226540E-9	8.216297E-11	8.216297E-11
3.300000E-1	3.277270E-9	3.277270E-9	8.345480E-11	8.345480E-11
3.400000E-1	3.368600E-9	3.368600E-9	8.578049E-11	8.578049E-11
3.500000E-1	3.492130E-9	3.492130E-9	8.892615E-11	8.892615E-11
3.600000E-1	3.540960E-9	3.540960E-9	9.016959E-11	9.016959E-11
3.700000E-1	3.617320E-9	3.617320E-9	9.211408E-11	9.211408E-11
3.800000E-1	3.747530E-9	3.747530E-9	9.542984E-11	9.542984E-11
3.900000E-1	3.794760E-9	3.794760E-9	9.663254E-11	9.663254E-11
4.000000E-1	3.850100E-9	3.850100E-9	9.804176E-11	9.804176E-11
4.100000E-1	4.000330E-9	4.000330E-9	1.018673E-10	1.018673E-10
4.200000E-1	4.083230E-9	4.083230E-9	1.039784E-10	1.039784E-10
4.300000E-1	4.119670E-9	4.119670E-9	1.049063E-10	1.049063E-10
4.400000E-1	4.184890E-9	4.184890E-9	1.065671E-10	1.065671E-10
4.500000E-1	4.265960E-9	4.265960E-9	1.086315E-10	1.086315E-10
4.600000E-1	4.364810E-9	4.364810E-9	1.111487E-10	1.111487E-10
4.700000E-1	4.410430E-9	4.410430E-9	1.123104E-10	1.123104E-10
4.800000E-1	4.504820E-9	4.504820E-9	1.147140E-10	1.147140E-10
4.900000E-1	4.600630E-9	4.600630E-9	1.171538E-10	1.171538E-10
5.000000E-1	4.719200E-9	4.719200E-9	1.201732E-10	1.201732E-10
