

16:17:50	17/03/21


Ell Cont: 5,0x10,0

SMU1	V name:		V1
	I name:		I1
	Mode:		V
	Function:	VAR1
SMU2	V name:		V2
	I name:		I2
	Mode:		common
	Function:	const.
SMU3	off
SMU4	off
VMUs	off

Primary Source (VAR1):	single
	Sweep Spacing:	linear
	Start:		-0.500000
	Stop:		0.500000
	Step:		0.010000
	Compliance:	0.050000
Power Compliance OFF

Timing:		Integration Time:	medium
	Delay Time (sec):	0.000000
	Hold Time (sec):	0.000000
	Wait Time (sec):	1.000000

Secondary Source (VAR2):	OFF


   V1	   I1	Abs(I)	J (A\um²)	Abs(J)
-5.000000E-1	-1.128760E-7	1.128760E-7	-2.874357E-9	2.874357E-9
-4.900000E-1	-1.040620E-7	1.040620E-7	-2.649911E-9	2.649911E-9
-4.800000E-1	-9.834700E-8	9.834700E-8	-2.504380E-9	2.504380E-9
-4.700000E-1	-9.427010E-8	9.427010E-8	-2.400563E-9	2.400563E-9
-4.600000E-1	-8.980840E-8	8.980840E-8	-2.286947E-9	2.286947E-9
-4.500000E-1	-8.583000E-8	8.583000E-8	-2.185638E-9	2.185638E-9
-4.400000E-1	-8.189450E-8	8.189450E-8	-2.085421E-9	2.085421E-9
-4.300000E-1	-7.788000E-8	7.788000E-8	-1.983193E-9	1.983193E-9
-4.200000E-1	-7.492930E-8	7.492930E-8	-1.908054E-9	1.908054E-9
-4.100000E-1	-7.159390E-8	7.159390E-8	-1.823119E-9	1.823119E-9
-4.000000E-1	-6.861940E-8	6.861940E-8	-1.747375E-9	1.747375E-9
-3.900000E-1	-6.583660E-8	6.583660E-8	-1.676511E-9	1.676511E-9
-3.800000E-1	-6.277860E-8	6.277860E-8	-1.598640E-9	1.598640E-9
-3.700000E-1	-6.019090E-8	6.019090E-8	-1.532745E-9	1.532745E-9
-3.600000E-1	-5.755310E-8	5.755310E-8	-1.465574E-9	1.465574E-9
-3.500000E-1	-5.498240E-8	5.498240E-8	-1.400112E-9	1.400112E-9
-3.400000E-1	-5.248700E-8	5.248700E-8	-1.336567E-9	1.336567E-9
-3.300000E-1	-4.986780E-8	4.986780E-8	-1.269870E-9	1.269870E-9
-3.200000E-1	-4.862220E-8	4.862220E-8	-1.238151E-9	1.238151E-9
-3.100000E-1	-4.691350E-8	4.691350E-8	-1.194640E-9	1.194640E-9
-3.000000E-1	-4.423440E-8	4.423440E-8	-1.126417E-9	1.126417E-9
-2.900000E-1	-4.218330E-8	4.218330E-8	-1.074186E-9	1.074186E-9
-2.800000E-1	-4.009460E-8	4.009460E-8	-1.020998E-9	1.020998E-9
-2.700000E-1	-3.770430E-8	3.770430E-8	-9.601299E-10	9.601299E-10
-2.600000E-1	-3.566020E-8	3.566020E-8	-9.080774E-10	9.080774E-10
-2.500000E-1	-3.368730E-8	3.368730E-8	-8.578380E-10	8.578380E-10
-2.400000E-1	-3.173440E-8	3.173440E-8	-8.081080E-10	8.081080E-10
-2.300000E-1	-2.988560E-8	2.988560E-8	-7.610288E-10	7.610288E-10
-2.200000E-1	-2.816070E-8	2.816070E-8	-7.171047E-10	7.171047E-10
-2.100000E-1	-2.604450E-8	2.604450E-8	-6.632162E-10	6.632162E-10
-2.000000E-1	-2.417540E-8	2.417540E-8	-6.156201E-10	6.156201E-10
-1.900000E-1	-2.253080E-8	2.253080E-8	-5.737408E-10	5.737408E-10
-1.800000E-1	-2.076970E-8	2.076970E-8	-5.288948E-10	5.288948E-10
-1.700000E-1	-1.917660E-8	1.917660E-8	-4.883270E-10	4.883270E-10
-1.600000E-1	-1.758800E-8	1.758800E-8	-4.478737E-10	4.478737E-10
-1.500000E-1	-1.616290E-8	1.616290E-8	-4.115839E-10	4.115839E-10
-1.400000E-1	-1.455940E-8	1.455940E-8	-3.707512E-10	3.707512E-10
-1.300000E-1	-1.310330E-8	1.310330E-8	-3.336720E-10	3.336720E-10
-1.200000E-1	-1.163230E-8	1.163230E-8	-2.962134E-10	2.962134E-10
-1.100000E-1	-1.028440E-8	1.028440E-8	-2.618895E-10	2.618895E-10
-1.000000E-1	-9.100900E-9	9.100900E-9	-2.317520E-10	2.317520E-10
-9.000000E-2	-7.688420E-9	7.688420E-9	-1.957835E-10	1.957835E-10
-8.000000E-2	-6.593010E-9	6.593010E-9	-1.678892E-10	1.678892E-10
-7.000000E-2	-5.440030E-9	5.440030E-9	-1.385289E-10	1.385289E-10
-6.000000E-2	-4.272420E-9	4.272420E-9	-1.087960E-10	1.087960E-10
-5.000000E-2	-3.180720E-9	3.180720E-9	-8.099618E-11	8.099618E-11
-4.000000E-2	-2.068560E-9	2.068560E-9	-5.267532E-11	5.267532E-11
-3.000000E-2	-9.980800E-10	9.980800E-10	-2.541584E-11	2.541584E-11
-2.000000E-2	-2.347000E-11	2.347000E-11	-5.976572E-13	5.976572E-13
-1.000000E-2	1.092510E-9	1.092510E-9	2.782047E-11	2.782047E-11
0.000000E+0	2.119750E-9	2.119750E-9	5.397886E-11	5.397886E-11
1.000000E-2	3.174700E-9	3.174700E-9	8.084288E-11	8.084288E-11
2.000000E-2	4.236310E-9	4.236310E-9	1.078765E-10	1.078765E-10
3.000000E-2	5.313220E-9	5.313220E-9	1.352997E-10	1.352997E-10
4.000000E-2	6.488890E-9	6.488890E-9	1.652378E-10	1.652378E-10
5.000000E-2	7.599830E-9	7.599830E-9	1.935276E-10	1.935276E-10
6.000000E-2	8.749100E-9	8.749100E-9	2.227935E-10	2.227935E-10
7.000000E-2	1.016700E-8	1.016700E-8	2.588999E-10	2.588999E-10
8.000000E-2	1.157610E-8	1.157610E-8	2.947823E-10	2.947823E-10
9.000000E-2	1.293040E-8	1.293040E-8	3.292692E-10	3.292692E-10
1.000000E-1	1.437640E-8	1.437640E-8	3.660912E-10	3.660912E-10
1.100000E-1	1.592910E-8	1.592910E-8	4.056302E-10	4.056302E-10
1.200000E-1	1.747610E-8	1.747610E-8	4.450242E-10	4.450242E-10
1.300000E-1	1.913860E-8	1.913860E-8	4.873593E-10	4.873593E-10
1.400000E-1	2.082450E-8	2.082450E-8	5.302903E-10	5.302903E-10
1.500000E-1	2.262610E-8	2.262610E-8	5.761676E-10	5.761676E-10
1.600000E-1	2.471940E-8	2.471940E-8	6.294729E-10	6.294729E-10
1.700000E-1	2.649720E-8	2.649720E-8	6.747441E-10	6.747441E-10
1.800000E-1	2.844690E-8	2.844690E-8	7.243927E-10	7.243927E-10
1.900000E-1	3.063070E-8	3.063070E-8	7.800025E-10	7.800025E-10
2.000000E-1	3.276780E-8	3.276780E-8	8.344232E-10	8.344232E-10
2.100000E-1	3.499310E-8	3.499310E-8	8.910899E-10	8.910899E-10
2.200000E-1	3.725490E-8	3.725490E-8	9.486860E-10	9.486860E-10
2.300000E-1	3.983220E-8	3.983220E-8	1.014316E-9	1.014316E-9
2.400000E-1	4.248720E-8	4.248720E-8	1.081925E-9	1.081925E-9
2.500000E-1	4.493990E-8	4.493990E-8	1.144382E-9	1.144382E-9
2.600000E-1	4.780320E-8	4.780320E-8	1.217296E-9	1.217296E-9
2.700000E-1	5.071080E-8	5.071080E-8	1.291337E-9	1.291337E-9
2.800000E-1	5.358670E-8	5.358670E-8	1.364571E-9	1.364571E-9
2.900000E-1	5.659670E-8	5.659670E-8	1.441220E-9	1.441220E-9
3.000000E-1	5.996040E-8	5.996040E-8	1.526875E-9	1.526875E-9
3.100000E-1	6.321070E-8	6.321070E-8	1.609643E-9	1.609643E-9
3.200000E-1	6.673230E-8	6.673230E-8	1.699320E-9	1.699320E-9
3.300000E-1	7.005520E-8	7.005520E-8	1.783937E-9	1.783937E-9
3.400000E-1	7.391100E-8	7.391100E-8	1.882124E-9	1.882124E-9
3.500000E-1	7.738670E-8	7.738670E-8	1.970632E-9	1.970632E-9
3.600000E-1	8.107380E-8	8.107380E-8	2.064523E-9	2.064523E-9
3.700000E-1	8.512060E-8	8.512060E-8	2.167573E-9	2.167573E-9
3.800000E-1	8.928730E-8	8.928730E-8	2.273677E-9	2.273677E-9
3.900000E-1	9.320080E-8	9.320080E-8	2.373333E-9	2.373333E-9
4.000000E-1	9.752520E-8	9.752520E-8	2.483453E-9	2.483453E-9
4.100000E-1	1.021760E-7	1.021760E-7	2.601884E-9	2.601884E-9
4.200000E-1	1.082430E-7	1.082430E-7	2.756379E-9	2.756379E-9
4.300000E-1	1.135350E-7	1.135350E-7	2.891138E-9	2.891138E-9
4.400000E-1	1.190800E-7	1.190800E-7	3.032340E-9	3.032340E-9
4.500000E-1	1.245330E-7	1.245330E-7	3.171199E-9	3.171199E-9
4.600000E-1	1.308970E-7	1.308970E-7	3.333257E-9	3.333257E-9
4.700000E-1	1.372380E-7	1.372380E-7	3.494729E-9	3.494729E-9
4.800000E-1	1.439840E-7	1.439840E-7	3.666514E-9	3.666514E-9
4.900000E-1	1.507470E-7	1.507470E-7	3.838732E-9	3.838732E-9
5.000000E-1	1.576560E-7	1.576560E-7	4.014668E-9	4.014668E-9
