

16:43:56	17/03/21


Ell Cont: 5,0x10,0

SMU1	V name:		V1
	I name:		I1
	Mode:		V
	Function:	VAR1
SMU2	V name:		V2
	I name:		I2
	Mode:		common
	Function:	const.
SMU3	off
SMU4	off
VMUs	off

Primary Source (VAR1):	single
	Sweep Spacing:	linear
	Start:		-0.500000
	Stop:		0.500000
	Step:		0.010000
	Compliance:	0.050000
Power Compliance OFF

Timing:		Integration Time:	medium
	Delay Time (sec):	0.000000
	Hold Time (sec):	0.000000
	Wait Time (sec):	1.000000

Secondary Source (VAR2):	OFF


   V1	   I1	Abs(I)	J (A\um²)	Abs(J)
-5.000000E-1	-1.047150E-8	1.047150E-8	-2.666539E-10	2.666539E-10
-4.900000E-1	2.584300E-10	2.584300E-10	6.580850E-12	6.580850E-12
-4.800000E-1	3.550620E-9	3.550620E-9	9.041558E-11	9.041558E-11
-4.700000E-1	5.101830E-9	5.101830E-9	1.299167E-10	1.299167E-10
-4.600000E-1	6.091090E-9	6.091090E-9	1.551080E-10	1.551080E-10
-4.500000E-1	6.802130E-9	6.802130E-9	1.732144E-10	1.732144E-10
-4.400000E-1	7.370360E-9	7.370360E-9	1.876842E-10	1.876842E-10
-4.300000E-1	7.858700E-9	7.858700E-9	2.001197E-10	2.001197E-10
-4.200000E-1	8.683500E-9	8.683500E-9	2.211230E-10	2.211230E-10
-4.100000E-1	9.116200E-9	9.116200E-9	2.321416E-10	2.321416E-10
-4.000000E-1	9.953000E-9	9.953000E-9	2.534505E-10	2.534505E-10
-3.900000E-1	1.055560E-8	1.055560E-8	2.687955E-10	2.687955E-10
-3.800000E-1	1.109250E-8	1.109250E-8	2.824675E-10	2.824675E-10
-3.700000E-1	1.165120E-8	1.165120E-8	2.966947E-10	2.966947E-10
-3.600000E-1	1.220410E-8	1.220410E-8	3.107741E-10	3.107741E-10
-3.500000E-1	1.278230E-8	1.278230E-8	3.254978E-10	3.254978E-10
-3.400000E-1	1.335120E-8	1.335120E-8	3.399847E-10	3.399847E-10
-3.300000E-1	1.395930E-8	1.395930E-8	3.554698E-10	3.554698E-10
-3.200000E-1	1.456830E-8	1.456830E-8	3.709778E-10	3.709778E-10
-3.100000E-1	1.522660E-8	1.522660E-8	3.877413E-10	3.877413E-10
-3.000000E-1	1.590310E-8	1.590310E-8	4.049682E-10	4.049682E-10
-2.900000E-1	1.660990E-8	1.660990E-8	4.229666E-10	4.229666E-10
-2.800000E-1	1.735930E-8	1.735930E-8	4.420499E-10	4.420499E-10
-2.700000E-1	1.812270E-8	1.812270E-8	4.614897E-10	4.614897E-10
-2.600000E-1	1.894750E-8	1.894750E-8	4.824930E-10	4.824930E-10
-2.500000E-1	1.980540E-8	1.980540E-8	5.043392E-10	5.043392E-10
-2.400000E-1	2.072290E-8	2.072290E-8	5.277031E-10	5.277031E-10
-2.300000E-1	2.166220E-8	2.166220E-8	5.516221E-10	5.516221E-10
-2.200000E-1	2.266400E-8	2.266400E-8	5.771327E-10	5.771327E-10
-2.100000E-1	2.372270E-8	2.372270E-8	6.040922E-10	6.040922E-10
-2.000000E-1	2.484780E-8	2.484780E-8	6.327425E-10	6.327425E-10
-1.900000E-1	2.601300E-8	2.601300E-8	6.624140E-10	6.624140E-10
-1.800000E-1	2.726320E-8	2.726320E-8	6.942501E-10	6.942501E-10
-1.700000E-1	2.857450E-8	2.857450E-8	7.276420E-10	7.276420E-10
-1.600000E-1	2.997330E-8	2.997330E-8	7.632620E-10	7.632620E-10
-1.500000E-1	3.146800E-8	3.146800E-8	8.013242E-10	8.013242E-10
-1.400000E-1	3.301820E-8	3.301820E-8	8.407996E-10	8.407996E-10
-1.300000E-1	3.468440E-8	3.468440E-8	8.832289E-10	8.832289E-10
-1.200000E-1	3.641030E-8	3.641030E-8	9.271785E-10	9.271785E-10
-1.100000E-1	3.826060E-8	3.826060E-8	9.742959E-10	9.742959E-10
-1.000000E-1	4.022050E-8	4.022050E-8	1.024204E-9	1.024204E-9
-9.000000E-2	4.229550E-8	4.229550E-8	1.077044E-9	1.077044E-9
-8.000000E-2	4.447290E-8	4.447290E-8	1.132490E-9	1.132490E-9
-7.000000E-2	4.678450E-8	4.678450E-8	1.191355E-9	1.191355E-9
-6.000000E-2	4.920950E-8	4.920950E-8	1.253107E-9	1.253107E-9
-5.000000E-2	5.179110E-8	5.179110E-8	1.318846E-9	1.318846E-9
-4.000000E-2	5.446920E-8	5.446920E-8	1.387044E-9	1.387044E-9
-3.000000E-2	5.732540E-8	5.732540E-8	1.459776E-9	1.459776E-9
-2.000000E-2	6.031780E-8	6.031780E-8	1.535977E-9	1.535977E-9
-1.000000E-2	6.342490E-8	6.342490E-8	1.615098E-9	1.615098E-9
0.000000E+0	6.671760E-8	6.671760E-8	1.698946E-9	1.698946E-9
1.000000E-2	7.012880E-8	7.012880E-8	1.785811E-9	1.785811E-9
2.000000E-2	7.376570E-8	7.376570E-8	1.878424E-9	1.878424E-9
3.000000E-2	7.751230E-8	7.751230E-8	1.973830E-9	1.973830E-9
4.000000E-2	8.145230E-8	8.145230E-8	2.074161E-9	2.074161E-9
5.000000E-2	8.557290E-8	8.557290E-8	2.179091E-9	2.179091E-9
6.000000E-2	8.982770E-8	8.982770E-8	2.287438E-9	2.287438E-9
7.000000E-2	9.431320E-8	9.431320E-8	2.401660E-9	2.401660E-9
8.000000E-2	9.893580E-8	9.893580E-8	2.519374E-9	2.519374E-9
9.000000E-2	1.039060E-7	1.039060E-7	2.645938E-9	2.645938E-9
1.000000E-1	1.105979E-7	1.105979E-7	2.816346E-9	2.816346E-9
1.100000E-1	1.154160E-7	1.154160E-7	2.939037E-9	2.939037E-9
1.200000E-1	1.217770E-7	1.217770E-7	3.101019E-9	3.101019E-9
1.300000E-1	1.286000E-7	1.286000E-7	3.274764E-9	3.274764E-9
1.400000E-1	1.357620E-7	1.357620E-7	3.457143E-9	3.457143E-9
1.500000E-1	1.436350E-7	1.436350E-7	3.657627E-9	3.657627E-9
1.600000E-1	1.515470E-7	1.515470E-7	3.859104E-9	3.859104E-9
1.700000E-1	1.621930E-7	1.621930E-7	4.130201E-9	4.130201E-9
1.800000E-1	1.711610E-7	1.711610E-7	4.358569E-9	4.358569E-9
1.900000E-1	1.803310E-7	1.803310E-7	4.592080E-9	4.592080E-9
2.000000E-1	1.890060E-7	1.890060E-7	4.812987E-9	4.812987E-9
2.100000E-1	1.994450E-7	1.994450E-7	5.078813E-9	5.078813E-9
2.200000E-1	2.105450E-7	2.105450E-7	5.361472E-9	5.361472E-9
2.300000E-1	2.220500E-7	2.220500E-7	5.654444E-9	5.654444E-9
2.400000E-1	2.341820E-7	2.341820E-7	5.963382E-9	5.963382E-9
2.500000E-1	2.466630E-7	2.466630E-7	6.281207E-9	6.281207E-9
2.600000E-1	2.597810E-7	2.597810E-7	6.615253E-9	6.615253E-9
2.700000E-1	2.733750E-7	2.733750E-7	6.961421E-9	6.961421E-9
2.800000E-1	2.872830E-7	2.872830E-7	7.315584E-9	7.315584E-9
2.900000E-1	3.017790E-7	3.017790E-7	7.684721E-9	7.684721E-9
3.000000E-1	3.165060E-7	3.165060E-7	8.059740E-9	8.059740E-9
3.100000E-1	3.317850E-7	3.317850E-7	8.448816E-9	8.448816E-9
3.200000E-1	3.472090E-7	3.472090E-7	8.841584E-9	8.841584E-9
3.300000E-1	3.630780E-7	3.630780E-7	9.245684E-9	9.245684E-9
3.400000E-1	3.790130E-7	3.790130E-7	9.651464E-9	9.651464E-9
3.500000E-1	3.953180E-7	3.953180E-7	1.006667E-8	1.006667E-8
3.600000E-1	4.115400E-7	4.115400E-7	1.047976E-8	1.047976E-8
3.700000E-1	4.280490E-7	4.280490E-7	1.090015E-8	1.090015E-8
3.800000E-1	4.445440E-7	4.445440E-7	1.132019E-8	1.132019E-8
3.900000E-1	4.607940E-7	4.607940E-7	1.173400E-8	1.173400E-8
4.000000E-1	4.771210E-7	4.771210E-7	1.214976E-8	1.214976E-8
4.100000E-1	4.930260E-7	4.930260E-7	1.255477E-8	1.255477E-8
4.200000E-1	5.089730E-7	5.089730E-7	1.296086E-8	1.296086E-8
4.300000E-1	5.243870E-7	5.243870E-7	1.335337E-8	1.335337E-8
4.400000E-1	5.396940E-7	5.396940E-7	1.374316E-8	1.374316E-8
4.500000E-1	5.543930E-7	5.543930E-7	1.411747E-8	1.411747E-8
4.600000E-1	5.689290E-7	5.689290E-7	1.448762E-8	1.448762E-8
4.700000E-1	5.827470E-7	5.827470E-7	1.483950E-8	1.483950E-8
4.800000E-1	5.963650E-7	5.963650E-7	1.518627E-8	1.518627E-8
4.900000E-1	6.094740E-7	6.094740E-7	1.552009E-8	1.552009E-8
5.000000E-1	6.217860E-7	6.217860E-7	1.583361E-8	1.583361E-8
