

16:33:07	17/03/21


Ell Cont: 5,0x10,0

SMU1	V name:		V1
	I name:		I1
	Mode:		V
	Function:	VAR1
SMU2	V name:		V2
	I name:		I2
	Mode:		common
	Function:	const.
SMU3	off
SMU4	off
VMUs	off

Primary Source (VAR1):	single
	Sweep Spacing:	linear
	Start:		-0.500000
	Stop:		0.500000
	Step:		0.010000
	Compliance:	0.050000
Power Compliance OFF

Timing:		Integration Time:	medium
	Delay Time (sec):	0.000000
	Hold Time (sec):	0.000000
	Wait Time (sec):	1.000000

Secondary Source (VAR2):	OFF


   V1	   I1	Abs(I)	J (A\µm²)	Abs(J)
-5.000000E-1	3.310000E-12	3.310000E-12	8.428826E-14	8.428826E-14
-4.900000E-1	3.690000E-12	3.690000E-12	9.396486E-14	9.396486E-14
-4.800000E-1	5.990000E-12	5.990000E-12	1.525337E-13	1.525337E-13
-4.700000E-1	1.490000E-12	1.490000E-12	3.794245E-14	3.794245E-14
-4.600000E-1	2.460000E-12	2.460000E-12	6.264324E-14	6.264324E-14
-4.500000E-1	3.630000E-12	3.630000E-12	9.243697E-14	9.243697E-14
-4.400000E-1	4.210000E-12	4.210000E-12	1.072065E-13	1.072065E-13
-4.300000E-1	3.310000E-12	3.310000E-12	8.428826E-14	8.428826E-14
-4.200000E-1	4.550000E-12	4.550000E-12	1.158645E-13	1.158645E-13
-4.100000E-1	-2.720000E-12	2.720000E-12	-6.926407E-14	6.926407E-14
-4.000000E-1	-2.570000E-12	2.570000E-12	-6.544436E-14	6.544436E-14
-3.900000E-1	-1.200000E-13	1.200000E-13	-3.055768E-15	3.055768E-15
-3.800000E-1	2.800000E-13	2.800000E-13	7.130125E-15	7.130125E-15
-3.700000E-1	-1.500000E-12	1.500000E-12	-3.819710E-14	3.819710E-14
-3.600000E-1	-2.400000E-12	2.400000E-12	-6.111535E-14	6.111535E-14
-3.500000E-1	4.830000E-12	4.830000E-12	1.229947E-13	1.229947E-13
-3.400000E-1	4.560000E-12	4.560000E-12	1.161192E-13	1.161192E-13
-3.300000E-1	-8.700000E-13	8.700000E-13	-2.215432E-14	2.215432E-14
-3.200000E-1	-1.000000E-12	1.000000E-12	-2.546473E-14	2.546473E-14
-3.100000E-1	-1.800000E-12	1.800000E-12	-4.583652E-14	4.583652E-14
-3.000000E-1	-7.300000E-13	7.300000E-13	-1.858925E-14	1.858925E-14
-2.900000E-1	1.200000E-13	1.200000E-13	3.055768E-15	3.055768E-15
-2.800000E-1	-1.700000E-13	1.700000E-13	-4.329004E-15	4.329004E-15
-2.700000E-1	3.210000E-12	3.210000E-12	8.174179E-14	8.174179E-14
-2.600000E-1	6.700000E-13	6.700000E-13	1.706137E-14	1.706137E-14
-2.500000E-1	-4.700000E-13	4.700000E-13	-1.196842E-14	1.196842E-14
-2.400000E-1	-8.600000E-13	8.600000E-13	-2.189967E-14	2.189967E-14
-2.300000E-1	-1.200000E-13	1.200000E-13	-3.055768E-15	3.055768E-15
-2.200000E-1	-1.000000E-14	1.000000E-14	-2.546473E-16	2.546473E-16
-2.100000E-1	1.130000E-12	1.130000E-12	2.877515E-14	2.877515E-14
-2.000000E-1	-1.250000E-12	1.250000E-12	-3.183091E-14	3.183091E-14
-1.900000E-1	-1.420000E-12	1.420000E-12	-3.615992E-14	3.615992E-14
-1.800000E-1	-1.010000E-12	1.010000E-12	-2.571938E-14	2.571938E-14
-1.700000E-1	-6.600000E-13	6.600000E-13	-1.680672E-14	1.680672E-14
-1.600000E-1	-3.100000E-13	3.100000E-13	-7.894067E-15	7.894067E-15
-1.500000E-1	-1.900000E-13	1.900000E-13	-4.838299E-15	4.838299E-15
-1.400000E-1	-3.600000E-13	3.600000E-13	-9.167303E-15	9.167303E-15
-1.300000E-1	-6.000000E-14	6.000000E-14	-1.527884E-15	1.527884E-15
-1.200000E-1	-1.500000E-13	1.500000E-13	-3.819710E-15	3.819710E-15
-1.100000E-1	7.000000E-14	7.000000E-14	1.782531E-15	1.782531E-15
-1.000000E-1	-3.700000E-13	3.700000E-13	-9.421950E-15	9.421950E-15
-9.000000E-2	-3.900000E-13	3.900000E-13	-9.931245E-15	9.931245E-15
-8.000000E-2	3.000000E-14	3.000000E-14	7.639419E-16	7.639419E-16
-7.000000E-2	-1.900000E-13	1.900000E-13	-4.838299E-15	4.838299E-15
-6.000000E-2	-6.700000E-13	6.700000E-13	-1.706137E-14	1.706137E-14
-5.000000E-2	-1.500000E-13	1.500000E-13	-3.819710E-15	3.819710E-15
-4.000000E-2	-7.800000E-13	7.800000E-13	-1.986249E-14	1.986249E-14
-3.000000E-2	-3.600000E-13	3.600000E-13	-9.167303E-15	9.167303E-15
-2.000000E-2	-8.000000E-14	8.000000E-14	-2.037178E-15	2.037178E-15
-1.000000E-2	3.000000E-13	3.000000E-13	7.639419E-15	7.639419E-15
0.000000E+0	3.000000E-14	3.000000E-14	7.639419E-16	7.639419E-16
1.000000E-2	1.500000E-13	1.500000E-13	3.819710E-15	3.819710E-15
2.000000E-2	-1.200000E-13	1.200000E-13	-3.055768E-15	3.055768E-15
3.000000E-2	1.100000E-13	1.100000E-13	2.801120E-15	2.801120E-15
4.000000E-2	1.700000E-13	1.700000E-13	4.329004E-15	4.329004E-15
5.000000E-2	4.000000E-14	4.000000E-14	1.018589E-15	1.018589E-15
6.000000E-2	-1.000000E-13	1.000000E-13	-2.546473E-15	2.546473E-15
7.000000E-2	-7.000000E-13	7.000000E-13	-1.782531E-14	1.782531E-14
8.000000E-2	5.000000E-13	5.000000E-13	1.273237E-14	1.273237E-14
9.000000E-2	8.000000E-14	8.000000E-14	2.037178E-15	2.037178E-15
1.000000E-1	3.100000E-13	3.100000E-13	7.894067E-15	7.894067E-15
1.100000E-1	3.000000E-14	3.000000E-14	7.639419E-16	7.639419E-16
1.200000E-1	2.400000E-13	2.400000E-13	6.111535E-15	6.111535E-15
1.300000E-1	7.000000E-14	7.000000E-14	1.782531E-15	1.782531E-15
1.400000E-1	-6.300000E-13	6.300000E-13	-1.604278E-14	1.604278E-14
1.500000E-1	1.400000E-13	1.400000E-13	3.565062E-15	3.565062E-15
1.600000E-1	-1.000000E-14	1.000000E-14	-2.546473E-16	2.546473E-16
1.700000E-1	1.500000E-13	1.500000E-13	3.819710E-15	3.819710E-15
1.800000E-1	-2.500000E-13	2.500000E-13	-6.366183E-15	6.366183E-15
1.900000E-1	-1.800000E-13	1.800000E-13	-4.583652E-15	4.583652E-15
2.000000E-1	-1.700000E-13	1.700000E-13	-4.329004E-15	4.329004E-15
2.100000E-1	-1.900000E-13	1.900000E-13	-4.838299E-15	4.838299E-15
2.200000E-1	-7.000000E-14	7.000000E-14	-1.782531E-15	1.782531E-15
2.300000E-1	-1.500000E-13	1.500000E-13	-3.819710E-15	3.819710E-15
2.400000E-1	-1.400000E-13	1.400000E-13	-3.565062E-15	3.565062E-15
2.500000E-1	1.600000E-13	1.600000E-13	4.074357E-15	4.074357E-15
2.600000E-1	8.000000E-14	8.000000E-14	2.037178E-15	2.037178E-15
2.700000E-1	-1.000000E-14	1.000000E-14	-2.546473E-16	2.546473E-16
2.800000E-1	1.800000E-13	1.800000E-13	4.583652E-15	4.583652E-15
2.900000E-1	-2.000000E-14	2.000000E-14	-5.092946E-16	5.092946E-16
3.000000E-1	-9.000000E-14	9.000000E-14	-2.291826E-15	2.291826E-15
3.100000E-1	8.000000E-14	8.000000E-14	2.037178E-15	2.037178E-15
3.200000E-1	-5.000000E-14	5.000000E-14	-1.273237E-15	1.273237E-15
3.300000E-1	-4.600000E-13	4.600000E-13	-1.171378E-14	1.171378E-14
3.400000E-1	-4.600000E-13	4.600000E-13	-1.171378E-14	1.171378E-14
3.500000E-1	-2.000000E-14	2.000000E-14	-5.092946E-16	5.092946E-16
3.600000E-1	-8.000000E-14	8.000000E-14	-2.037178E-15	2.037178E-15
3.700000E-1	1.300000E-13	1.300000E-13	3.310415E-15	3.310415E-15
3.800000E-1	4.600000E-13	4.600000E-13	1.171378E-14	1.171378E-14
3.900000E-1	4.200000E-13	4.200000E-13	1.069519E-14	1.069519E-14
4.000000E-1	5.600000E-13	5.600000E-13	1.426025E-14	1.426025E-14
4.100000E-1	2.400000E-13	2.400000E-13	6.111535E-15	6.111535E-15
4.200000E-1	7.600000E-13	7.600000E-13	1.935320E-14	1.935320E-14
4.300000E-1	5.100000E-13	5.100000E-13	1.298701E-14	1.298701E-14
4.400000E-1	2.000000E-14	2.000000E-14	5.092946E-16	5.092946E-16
4.500000E-1	6.000000E-13	6.000000E-13	1.527884E-14	1.527884E-14
4.600000E-1	1.700000E-13	1.700000E-13	4.329004E-15	4.329004E-15
4.700000E-1	-2.200000E-13	2.200000E-13	-5.602241E-15	5.602241E-15
4.800000E-1	1.700000E-13	1.700000E-13	4.329004E-15	4.329004E-15
4.900000E-1	2.300000E-13	2.300000E-13	5.856888E-15	5.856888E-15
5.000000E-1	2.600000E-13	2.600000E-13	6.620830E-15	6.620830E-15
