

16:41:42	17/03/21


Ell Cont: 5,0x10,0

SMU1	V name:		V1
	I name:		I1
	Mode:		V
	Function:	VAR1
SMU2	V name:		V2
	I name:		I2
	Mode:		common
	Function:	const.
SMU3	off
SMU4	off
VMUs	off

Primary Source (VAR1):	single
	Sweep Spacing:	linear
	Start:		-0.500000
	Stop:		0.500000
	Step:		0.010000
	Compliance:	0.050000
Power Compliance OFF

Timing:		Integration Time:	medium
	Delay Time (sec):	0.000000
	Hold Time (sec):	0.000000
	Wait Time (sec):	1.000000

Secondary Source (VAR2):	OFF


   V1	   I1	Abs(I)	J (A\µm²)	Abs(J)
-5.000000E-1	-1.383260E-5	1.383260E-5	-3.522434E-7	3.522434E-7
-4.900000E-1	-1.334280E-5	1.334280E-5	-3.397708E-7	3.397708E-7
-4.800000E-1	-1.286040E-5	1.286040E-5	-3.274866E-7	3.274866E-7
-4.700000E-1	-1.239480E-5	1.239480E-5	-3.156302E-7	3.156302E-7
-4.600000E-1	-1.194010E-5	1.194010E-5	-3.040514E-7	3.040514E-7
-4.500000E-1	-1.149120E-5	1.149120E-5	-2.926203E-7	2.926203E-7
-4.400000E-1	-1.104870E-5	1.104870E-5	-2.813522E-7	2.813522E-7
-4.300000E-1	-1.061380E-5	1.061380E-5	-2.702776E-7	2.702776E-7
-4.200000E-1	-1.020050E-5	1.020050E-5	-2.597530E-7	2.597530E-7
-4.100000E-1	-9.791300E-6	9.791300E-6	-2.493328E-7	2.493328E-7
-4.000000E-1	-9.393380E-6	9.393380E-6	-2.391999E-7	2.391999E-7
-3.900000E-1	-9.002740E-6	9.002740E-6	-2.292524E-7	2.292524E-7
-3.800000E-1	-8.621130E-6	8.621130E-6	-2.195348E-7	2.195348E-7
-3.700000E-1	-8.247670E-6	8.247670E-6	-2.100247E-7	2.100247E-7
-3.600000E-1	-7.883970E-6	7.883970E-6	-2.007632E-7	2.007632E-7
-3.500000E-1	-7.527450E-6	7.527450E-6	-1.916845E-7	1.916845E-7
-3.400000E-1	-7.180370E-6	7.180370E-6	-1.828462E-7	1.828462E-7
-3.300000E-1	-6.844240E-6	6.844240E-6	-1.742867E-7	1.742867E-7
-3.200000E-1	-6.515630E-6	6.515630E-6	-1.659188E-7	1.659188E-7
-3.100000E-1	-6.192490E-6	6.192490E-6	-1.576901E-7	1.576901E-7
-3.000000E-1	-5.880870E-6	5.880870E-6	-1.497548E-7	1.497548E-7
-2.900000E-1	-5.577060E-6	5.577060E-6	-1.420183E-7	1.420183E-7
-2.800000E-1	-5.279760E-6	5.279760E-6	-1.344477E-7	1.344477E-7
-2.700000E-1	-4.996030E-6	4.996030E-6	-1.272226E-7	1.272226E-7
-2.600000E-1	-4.721010E-6	4.721010E-6	-1.202192E-7	1.202192E-7
-2.500000E-1	-4.449550E-6	4.449550E-6	-1.133066E-7	1.133066E-7
-2.400000E-1	-4.186610E-6	4.186610E-6	-1.066109E-7	1.066109E-7
-2.300000E-1	-3.934410E-6	3.934410E-6	-1.001887E-7	1.001887E-7
-2.200000E-1	-3.687720E-6	3.687720E-6	-9.390680E-8	9.390680E-8
-2.100000E-1	-3.451000E-6	3.451000E-6	-8.787879E-8	8.787879E-8
-2.000000E-1	-3.224590E-6	3.224590E-6	-8.211332E-8	8.211332E-8
-1.900000E-1	-3.002640E-6	3.002640E-6	-7.646142E-8	7.646142E-8
-1.800000E-1	-2.787130E-6	2.787130E-6	-7.097352E-8	7.097352E-8
-1.700000E-1	-2.584150E-6	2.584150E-6	-6.580468E-8	6.580468E-8
-1.600000E-1	-2.383140E-6	2.383140E-6	-6.068602E-8	6.068602E-8
-1.500000E-1	-2.191930E-6	2.191930E-6	-5.581691E-8	5.581691E-8
-1.400000E-1	-2.007770E-6	2.007770E-6	-5.112732E-8	5.112732E-8
-1.300000E-1	-1.828670E-6	1.828670E-6	-4.656659E-8	4.656659E-8
-1.200000E-1	-1.659040E-6	1.659040E-6	-4.224701E-8	4.224701E-8
-1.100000E-1	-1.494860E-6	1.494860E-6	-3.806621E-8	3.806621E-8
-1.000000E-1	-1.336700E-6	1.336700E-6	-3.403871E-8	3.403871E-8
-9.000000E-2	-1.183610E-6	1.183610E-6	-3.014031E-8	3.014031E-8
-8.000000E-2	-1.037000E-6	1.037000E-6	-2.640693E-8	2.640693E-8
-7.000000E-2	-8.960930E-7	8.960930E-7	-2.281877E-8	2.281877E-8
-6.000000E-2	-7.582890E-7	7.582890E-7	-1.930963E-8	1.930963E-8
-5.000000E-2	-6.242180E-7	6.242180E-7	-1.589554E-8	1.589554E-8
-4.000000E-2	-4.948040E-7	4.948040E-7	-1.260005E-8	1.260005E-8
-3.000000E-2	-3.674780E-7	3.674780E-7	-9.357728E-9	9.357728E-9
-2.000000E-2	-2.418530E-7	2.418530E-7	-6.158722E-9	6.158722E-9
-1.000000E-2	-1.188760E-7	1.188760E-7	-3.027145E-9	3.027145E-9
0.000000E+0	2.846070E-9	2.846070E-9	7.247441E-11	7.247441E-11
1.000000E-2	1.248600E-7	1.248600E-7	3.179526E-9	3.179526E-9
2.000000E-2	2.499950E-7	2.499950E-7	6.366055E-9	6.366055E-9
3.000000E-2	3.752620E-7	3.752620E-7	9.555946E-9	9.555946E-9
4.000000E-2	5.029630E-7	5.029630E-7	1.280782E-8	1.280782E-8
5.000000E-2	6.335630E-7	6.335630E-7	1.613351E-8	1.613351E-8
6.000000E-2	7.664450E-7	7.664450E-7	1.951732E-8	1.951732E-8
7.000000E-2	9.046780E-7	9.046780E-7	2.303738E-8	2.303738E-8
8.000000E-2	1.044260E-6	1.044260E-6	2.659180E-8	2.659180E-8
9.000000E-2	1.193150E-6	1.193150E-6	3.038324E-8	3.038324E-8
1.000000E-1	1.345720E-6	1.345720E-6	3.426840E-8	3.426840E-8
1.100000E-1	1.505020E-6	1.505020E-6	3.832493E-8	3.832493E-8
1.200000E-1	1.669970E-6	1.669970E-6	4.252534E-8	4.252534E-8
1.300000E-1	1.842400E-6	1.842400E-6	4.691622E-8	4.691622E-8
1.400000E-1	2.020770E-6	2.020770E-6	5.145836E-8	5.145836E-8
1.500000E-1	2.207080E-6	2.207080E-6	5.620270E-8	5.620270E-8
1.600000E-1	2.398980E-6	2.398980E-6	6.108938E-8	6.108938E-8
1.700000E-1	2.595900E-6	2.595900E-6	6.610390E-8	6.610390E-8
1.800000E-1	2.809430E-6	2.809430E-6	7.154138E-8	7.154138E-8
1.900000E-1	3.021770E-6	3.021770E-6	7.694856E-8	7.694856E-8
2.000000E-1	3.245360E-6	3.245360E-6	8.264222E-8	8.264222E-8
2.100000E-1	3.472850E-6	3.472850E-6	8.843519E-8	8.843519E-8
2.200000E-1	3.712110E-6	3.712110E-6	9.452788E-8	9.452788E-8
2.300000E-1	3.957760E-6	3.957760E-6	1.007833E-7	1.007833E-7
2.400000E-1	4.214870E-6	4.214870E-6	1.073305E-7	1.073305E-7
2.500000E-1	4.480980E-6	4.480980E-6	1.141070E-7	1.141070E-7
2.600000E-1	4.749760E-6	4.749760E-6	1.209514E-7	1.209514E-7
2.700000E-1	5.034840E-6	5.034840E-6	1.282108E-7	1.282108E-7
2.800000E-1	5.319560E-6	5.319560E-6	1.354612E-7	1.354612E-7
2.900000E-1	5.618290E-6	5.618290E-6	1.430682E-7	1.430682E-7
3.000000E-1	5.921040E-6	5.921040E-6	1.507777E-7	1.507777E-7
3.100000E-1	6.238040E-6	6.238040E-6	1.588500E-7	1.588500E-7
3.200000E-1	6.562440E-6	6.562440E-6	1.671108E-7	1.671108E-7
3.300000E-1	6.889610E-6	6.889610E-6	1.754421E-7	1.754421E-7
3.400000E-1	7.238560E-6	7.238560E-6	1.843280E-7	1.843280E-7
3.500000E-1	7.588040E-6	7.588040E-6	1.932274E-7	1.932274E-7
3.600000E-1	7.943630E-6	7.943630E-6	2.022824E-7	2.022824E-7
3.700000E-1	8.316350E-6	8.316350E-6	2.117736E-7	2.117736E-7
3.800000E-1	8.695000E-6	8.695000E-6	2.214158E-7	2.214158E-7
3.900000E-1	9.075550E-6	9.075550E-6	2.311064E-7	2.311064E-7
4.000000E-1	9.473730E-6	9.473730E-6	2.412460E-7	2.412460E-7
4.100000E-1	9.882820E-6	9.882820E-6	2.516634E-7	2.516634E-7
4.200000E-1	1.029714E-5	1.029714E-5	2.622139E-7	2.622139E-7
4.300000E-1	1.072098E-5	1.072098E-5	2.730069E-7	2.730069E-7
4.400000E-1	1.115526E-5	1.115526E-5	2.840657E-7	2.840657E-7
4.500000E-1	1.158340E-5	1.158340E-5	2.949682E-7	2.949682E-7
4.600000E-1	1.203870E-5	1.203870E-5	3.065623E-7	3.065623E-7
4.700000E-1	1.250600E-5	1.250600E-5	3.184619E-7	3.184619E-7
4.800000E-1	1.297580E-5	1.297580E-5	3.304253E-7	3.304253E-7
4.900000E-1	1.345230E-5	1.345230E-5	3.425592E-7	3.425592E-7
5.000000E-1	1.393620E-5	1.393620E-5	3.548816E-7	3.548816E-7
