

16:40:48	17/03/21


Ell Cont: 5,0x10,0

SMU1	V name:		V1
	I name:		I1
	Mode:		V
	Function:	VAR1
SMU2	V name:		V2
	I name:		I2
	Mode:		common
	Function:	const.
SMU3	off
SMU4	off
VMUs	off

Primary Source (VAR1):	single
	Sweep Spacing:	linear
	Start:		-0.500000
	Stop:		0.500000
	Step:		0.010000
	Compliance:	0.050000
Power Compliance OFF

Timing:		Integration Time:	medium
	Delay Time (sec):	0.000000
	Hold Time (sec):	0.000000
	Wait Time (sec):	1.000000

Secondary Source (VAR2):	OFF


   V1	   I1	Abs(I)	J (A\um²)	Abs(J)
-5.000000E-1	-1.080750E-8	1.080750E-8	-2.752101E-10	2.752101E-10
-4.900000E-1	1.514420E-9	1.514420E-9	3.856430E-11	3.856430E-11
-4.800000E-1	5.172990E-9	5.172990E-9	1.317288E-10	1.317288E-10
-4.700000E-1	6.951900E-9	6.951900E-9	1.770283E-10	1.770283E-10
-4.600000E-1	8.192930E-9	8.192930E-9	2.086308E-10	2.086308E-10
-4.500000E-1	9.840100E-9	9.840100E-9	2.505755E-10	2.505755E-10
-4.400000E-1	1.054330E-8	1.054330E-8	2.684823E-10	2.684823E-10
-4.300000E-1	1.126520E-8	1.126520E-8	2.868653E-10	2.868653E-10
-4.200000E-1	1.193060E-8	1.193060E-8	3.038095E-10	3.038095E-10
-4.100000E-1	1.257300E-8	1.257300E-8	3.201681E-10	3.201681E-10
-4.000000E-1	1.320420E-8	1.320420E-8	3.362414E-10	3.362414E-10
-3.900000E-1	1.383030E-8	1.383030E-8	3.521849E-10	3.521849E-10
-3.800000E-1	1.446930E-8	1.446930E-8	3.684568E-10	3.684568E-10
-3.700000E-1	1.511870E-8	1.511870E-8	3.849936E-10	3.849936E-10
-3.600000E-1	1.578450E-8	1.578450E-8	4.019480E-10	4.019480E-10
-3.500000E-1	1.646430E-8	1.646430E-8	4.192590E-10	4.192590E-10
-3.400000E-1	1.716360E-8	1.716360E-8	4.370665E-10	4.370665E-10
-3.300000E-1	1.791530E-8	1.791530E-8	4.562083E-10	4.562083E-10
-3.200000E-1	1.867410E-8	1.867410E-8	4.755309E-10	4.755309E-10
-3.100000E-1	1.946210E-8	1.946210E-8	4.955971E-10	4.955971E-10
-3.000000E-1	2.028560E-8	2.028560E-8	5.165673E-10	5.165673E-10
-2.900000E-1	2.116600E-8	2.116600E-8	5.389865E-10	5.389865E-10
-2.800000E-1	2.208190E-8	2.208190E-8	5.623096E-10	5.623096E-10
-2.700000E-1	2.302530E-8	2.302530E-8	5.863331E-10	5.863331E-10
-2.600000E-1	2.403300E-8	2.403300E-8	6.119939E-10	6.119939E-10
-2.500000E-1	2.508330E-8	2.508330E-8	6.387395E-10	6.387395E-10
-2.400000E-1	2.619310E-8	2.619310E-8	6.670002E-10	6.670002E-10
-2.300000E-1	2.735380E-8	2.735380E-8	6.965572E-10	6.965572E-10
-2.200000E-1	2.859990E-8	2.859990E-8	7.282888E-10	7.282888E-10
-2.100000E-1	2.987710E-8	2.987710E-8	7.608123E-10	7.608123E-10
-2.000000E-1	3.125750E-8	3.125750E-8	7.959638E-10	7.959638E-10
-1.900000E-1	3.266700E-8	3.266700E-8	8.318564E-10	8.318564E-10
-1.800000E-1	3.419710E-8	3.419710E-8	8.708200E-10	8.708200E-10
-1.700000E-1	3.577830E-8	3.577830E-8	9.110848E-10	9.110848E-10
-1.600000E-1	3.747850E-8	3.747850E-8	9.543799E-10	9.543799E-10
-1.500000E-1	3.925850E-8	3.925850E-8	9.997071E-10	9.997071E-10
-1.400000E-1	4.113650E-8	4.113650E-8	1.047530E-9	1.047530E-9
-1.300000E-1	4.312300E-8	4.312300E-8	1.098116E-9	1.098116E-9
-1.200000E-1	4.518640E-8	4.518640E-8	1.150660E-9	1.150660E-9
-1.100000E-1	4.739400E-8	4.739400E-8	1.206875E-9	1.206875E-9
-1.000000E-1	4.969490E-8	4.969490E-8	1.265467E-9	1.265467E-9
-9.000000E-2	5.213790E-8	5.213790E-8	1.327678E-9	1.327678E-9
-8.000000E-2	5.470730E-8	5.470730E-8	1.393107E-9	1.393107E-9
-7.000000E-2	5.741210E-8	5.741210E-8	1.461984E-9	1.461984E-9
-6.000000E-2	6.024460E-8	6.024460E-8	1.534113E-9	1.534113E-9
-5.000000E-2	6.325170E-8	6.325170E-8	1.610688E-9	1.610688E-9
-4.000000E-2	6.638200E-8	6.638200E-8	1.690400E-9	1.690400E-9
-3.000000E-2	6.968930E-8	6.968930E-8	1.774619E-9	1.774619E-9
-2.000000E-2	7.317190E-8	7.317190E-8	1.863303E-9	1.863303E-9
-1.000000E-2	7.676800E-8	7.676800E-8	1.954876E-9	1.954876E-9
0.000000E+0	8.057600E-8	8.057600E-8	2.051846E-9	2.051846E-9
1.000000E-2	8.452680E-8	8.452680E-8	2.152452E-9	2.152452E-9
2.000000E-2	8.868540E-8	8.868540E-8	2.258350E-9	2.258350E-9
3.000000E-2	9.298960E-8	9.298960E-8	2.367955E-9	2.367955E-9
4.000000E-2	9.751040E-8	9.751040E-8	2.483076E-9	2.483076E-9
5.000000E-2	1.023750E-7	1.023750E-7	2.606952E-9	2.606952E-9
6.000000E-2	1.090175E-7	1.090175E-7	2.776101E-9	2.776101E-9
7.000000E-2	1.135590E-7	1.135590E-7	2.891749E-9	2.891749E-9
8.000000E-2	1.197010E-7	1.197010E-7	3.048154E-9	3.048154E-9
9.000000E-2	1.262940E-7	1.262940E-7	3.216043E-9	3.216043E-9
1.000000E-1	1.331400E-7	1.331400E-7	3.390374E-9	3.390374E-9
1.100000E-1	1.404170E-7	1.404170E-7	3.575681E-9	3.575681E-9
1.200000E-1	1.482910E-7	1.482910E-7	3.776190E-9	3.776190E-9
1.300000E-1	1.562210E-7	1.562210E-7	3.978126E-9	3.978126E-9
1.400000E-1	1.679450E-7	1.679450E-7	4.276674E-9	4.276674E-9
1.500000E-1	1.771500E-7	1.771500E-7	4.511077E-9	4.511077E-9
1.600000E-1	1.869800E-7	1.869800E-7	4.761395E-9	4.761395E-9
1.700000E-1	1.953410E-7	1.953410E-7	4.974306E-9	4.974306E-9
1.800000E-1	2.061740E-7	2.061740E-7	5.250165E-9	5.250165E-9
1.900000E-1	2.174330E-7	2.174330E-7	5.536873E-9	5.536873E-9
2.000000E-1	2.293620E-7	2.293620E-7	5.840642E-9	5.840642E-9
2.100000E-1	2.416870E-7	2.416870E-7	6.154494E-9	6.154494E-9
2.200000E-1	2.547220E-7	2.547220E-7	6.486427E-9	6.486427E-9
2.300000E-1	2.681310E-7	2.681310E-7	6.827884E-9	6.827884E-9
2.400000E-1	2.822380E-7	2.822380E-7	7.187115E-9	7.187115E-9
2.500000E-1	2.967040E-7	2.967040E-7	7.555488E-9	7.555488E-9
2.600000E-1	3.118570E-7	3.118570E-7	7.941355E-9	7.941355E-9
2.700000E-1	3.274770E-7	3.274770E-7	8.339114E-9	8.339114E-9
2.800000E-1	3.434010E-7	3.434010E-7	8.744614E-9	8.744614E-9
2.900000E-1	3.599370E-7	3.599370E-7	9.165699E-9	9.165699E-9
3.000000E-1	3.766720E-7	3.766720E-7	9.591851E-9	9.591851E-9
3.100000E-1	3.939590E-7	3.939590E-7	1.003206E-8	1.003206E-8
3.200000E-1	4.113250E-7	4.113250E-7	1.047428E-8	1.047428E-8
3.300000E-1	4.291550E-7	4.291550E-7	1.092832E-8	1.092832E-8
3.400000E-1	4.469290E-7	4.469290E-7	1.138093E-8	1.138093E-8
3.500000E-1	4.650780E-7	4.650780E-7	1.184309E-8	1.184309E-8
3.600000E-1	4.829940E-7	4.829940E-7	1.229931E-8	1.229931E-8
3.700000E-1	5.012020E-7	5.012020E-7	1.276297E-8	1.276297E-8
3.800000E-1	5.192930E-7	5.192930E-7	1.322366E-8	1.322366E-8
3.900000E-1	5.370260E-7	5.370260E-7	1.367522E-8	1.367522E-8
4.000000E-1	5.547780E-7	5.547780E-7	1.412727E-8	1.412727E-8
4.100000E-1	5.720460E-7	5.720460E-7	1.456700E-8	1.456700E-8
4.200000E-1	5.892340E-7	5.892340E-7	1.500469E-8	1.500469E-8
4.300000E-1	6.057930E-7	6.057930E-7	1.542636E-8	1.542636E-8
4.400000E-1	6.221680E-7	6.221680E-7	1.584334E-8	1.584334E-8
4.500000E-1	6.378680E-7	6.378680E-7	1.624314E-8	1.624314E-8
4.600000E-1	6.533310E-7	6.533310E-7	1.663690E-8	1.663690E-8
4.700000E-1	6.680060E-7	6.680060E-7	1.701059E-8	1.701059E-8
4.800000E-1	6.824300E-7	6.824300E-7	1.737790E-8	1.737790E-8
4.900000E-1	6.962730E-7	6.962730E-7	1.773040E-8	1.773040E-8
5.000000E-1	7.092220E-7	7.092220E-7	1.806015E-8	1.806015E-8
