

16:28:15	17/03/21


Ell Cont: 5,0x10,0

SMU1	V name:		V1
	I name:		I1
	Mode:		V
	Function:	VAR1
SMU2	V name:		V2
	I name:		I2
	Mode:		common
	Function:	const.
SMU3	off
SMU4	off
VMUs	off

Primary Source (VAR1):	single
	Sweep Spacing:	linear
	Start:		-0.500000
	Stop:		0.500000
	Step:		0.010000
	Compliance:	0.050000
Power Compliance OFF

Timing:		Integration Time:	medium
	Delay Time (sec):	0.000000
	Hold Time (sec):	0.000000
	Wait Time (sec):	1.000000

Secondary Source (VAR2):	OFF


   V1	   I1	Abs(I)	J (A\µm²)	Abs(J)
-5.000000E-1	-1.187510E-8	1.187510E-8	-3.023962E-10	3.023962E-10
-4.900000E-1	-5.097800E-10	5.097800E-10	-1.298141E-11	1.298141E-11
-4.800000E-1	3.310690E-9	3.310690E-9	8.430583E-11	8.430583E-11
-4.700000E-1	5.201190E-9	5.201190E-9	1.324469E-10	1.324469E-10
-4.600000E-1	6.412260E-9	6.412260E-9	1.632865E-10	1.632865E-10
-4.500000E-1	7.258090E-9	7.258090E-9	1.848253E-10	1.848253E-10
-4.400000E-1	7.974270E-9	7.974270E-9	2.030626E-10	2.030626E-10
-4.300000E-1	8.823000E-9	8.823000E-9	2.246753E-10	2.246753E-10
-4.200000E-1	9.678300E-9	9.678300E-9	2.464553E-10	2.464553E-10
-4.100000E-1	1.032040E-8	1.032040E-8	2.628062E-10	2.628062E-10
-4.000000E-1	1.091240E-8	1.091240E-8	2.778813E-10	2.778813E-10
-3.900000E-1	1.150180E-8	1.150180E-8	2.928902E-10	2.928902E-10
-3.800000E-1	1.203850E-8	1.203850E-8	3.065572E-10	3.065572E-10
-3.700000E-1	1.259740E-8	1.259740E-8	3.207894E-10	3.207894E-10
-3.600000E-1	1.315540E-8	1.315540E-8	3.349987E-10	3.349987E-10
-3.500000E-1	1.374340E-8	1.374340E-8	3.499720E-10	3.499720E-10
-3.400000E-1	1.432510E-8	1.432510E-8	3.647848E-10	3.647848E-10
-3.300000E-1	1.492890E-8	1.492890E-8	3.801604E-10	3.801604E-10
-3.200000E-1	1.555000E-8	1.555000E-8	3.959766E-10	3.959766E-10
-3.100000E-1	1.620580E-8	1.620580E-8	4.126763E-10	4.126763E-10
-3.000000E-1	1.687020E-8	1.687020E-8	4.295951E-10	4.295951E-10
-2.900000E-1	1.758630E-8	1.758630E-8	4.478304E-10	4.478304E-10
-2.800000E-1	1.830960E-8	1.830960E-8	4.662490E-10	4.662490E-10
-2.700000E-1	1.907330E-8	1.907330E-8	4.856965E-10	4.856965E-10
-2.600000E-1	1.987630E-8	1.987630E-8	5.061446E-10	5.061446E-10
-2.500000E-1	2.071370E-8	2.071370E-8	5.274688E-10	5.274688E-10
-2.400000E-1	2.159390E-8	2.159390E-8	5.498829E-10	5.498829E-10
-2.300000E-1	2.249450E-8	2.249450E-8	5.728164E-10	5.728164E-10
-2.200000E-1	2.346410E-8	2.346410E-8	5.975070E-10	5.975070E-10
-2.100000E-1	2.446980E-8	2.446980E-8	6.231169E-10	6.231169E-10
-2.000000E-1	2.554460E-8	2.554460E-8	6.504864E-10	6.504864E-10
-1.900000E-1	2.665600E-8	2.665600E-8	6.787879E-10	6.787879E-10
-1.800000E-1	2.782780E-8	2.782780E-8	7.086274E-10	7.086274E-10
-1.700000E-1	2.905650E-8	2.905650E-8	7.399160E-10	7.399160E-10
-1.600000E-1	3.036580E-8	3.036580E-8	7.732569E-10	7.732569E-10
-1.500000E-1	3.173590E-8	3.173590E-8	8.081462E-10	8.081462E-10
-1.400000E-1	3.316210E-8	3.316210E-8	8.444640E-10	8.444640E-10
-1.300000E-1	3.469600E-8	3.469600E-8	8.835243E-10	8.835243E-10
-1.200000E-1	3.627910E-8	3.627910E-8	9.238375E-10	9.238375E-10
-1.100000E-1	3.796840E-8	3.796840E-8	9.668551E-10	9.668551E-10
-1.000000E-1	3.972230E-8	3.972230E-8	1.011518E-9	1.011518E-9
-9.000000E-2	4.159250E-8	4.159250E-8	1.059142E-9	1.059142E-9
-8.000000E-2	4.354350E-8	4.354350E-8	1.108824E-9	1.108824E-9
-7.000000E-2	4.562200E-8	4.562200E-8	1.161752E-9	1.161752E-9
-6.000000E-2	4.777170E-8	4.777170E-8	1.216493E-9	1.216493E-9
-5.000000E-2	5.007690E-8	5.007690E-8	1.275195E-9	1.275195E-9
-4.000000E-2	5.246680E-8	5.246680E-8	1.336053E-9	1.336053E-9
-3.000000E-2	5.500500E-8	5.500500E-8	1.400688E-9	1.400688E-9
-2.000000E-2	5.766680E-8	5.766680E-8	1.468470E-9	1.468470E-9
-1.000000E-2	6.042370E-8	6.042370E-8	1.538673E-9	1.538673E-9
0.000000E+0	6.334360E-8	6.334360E-8	1.613028E-9	1.613028E-9
1.000000E-2	6.636580E-8	6.636580E-8	1.689987E-9	1.689987E-9
2.000000E-2	6.957280E-8	6.957280E-8	1.771653E-9	1.771653E-9
3.000000E-2	7.289020E-8	7.289020E-8	1.856129E-9	1.856129E-9
4.000000E-2	7.640840E-8	7.640840E-8	1.945719E-9	1.945719E-9
5.000000E-2	8.006830E-8	8.006830E-8	2.038918E-9	2.038918E-9
6.000000E-2	8.385920E-8	8.385920E-8	2.135452E-9	2.135452E-9
7.000000E-2	8.786670E-8	8.786670E-8	2.237502E-9	2.237502E-9
8.000000E-2	9.199320E-8	9.199320E-8	2.342582E-9	2.342582E-9
9.000000E-2	9.633900E-8	9.633900E-8	2.453247E-9	2.453247E-9
1.000000E-1	1.009670E-7	1.009670E-7	2.571097E-9	2.571097E-9
1.100000E-1	1.072814E-7	1.072814E-7	2.731892E-9	2.731892E-9
1.200000E-1	1.116580E-7	1.116580E-7	2.843341E-9	2.843341E-9
1.300000E-1	1.178110E-7	1.178110E-7	3.000025E-9	3.000025E-9
1.400000E-1	1.240860E-7	1.240860E-7	3.159817E-9	3.159817E-9
1.500000E-1	1.308960E-7	1.308960E-7	3.333231E-9	3.333231E-9
1.600000E-1	1.379020E-7	1.379020E-7	3.511637E-9	3.511637E-9
1.700000E-1	1.455960E-7	1.455960E-7	3.707563E-9	3.707563E-9
1.800000E-1	1.546190E-7	1.546190E-7	3.937331E-9	3.937331E-9
1.900000E-1	1.630400E-7	1.630400E-7	4.151770E-9	4.151770E-9
2.000000E-1	1.712610E-7	1.712610E-7	4.361115E-9	4.361115E-9
2.100000E-1	1.804950E-7	1.804950E-7	4.596257E-9	4.596257E-9
2.200000E-1	1.903660E-7	1.903660E-7	4.847619E-9	4.847619E-9
2.300000E-1	2.005740E-7	2.005740E-7	5.107563E-9	5.107563E-9
2.400000E-1	2.113700E-7	2.113700E-7	5.382480E-9	5.382480E-9
2.500000E-1	2.225490E-7	2.225490E-7	5.667150E-9	5.667150E-9
2.600000E-1	2.343140E-7	2.343140E-7	5.966743E-9	5.966743E-9
2.700000E-1	2.465380E-7	2.465380E-7	6.278024E-9	6.278024E-9
2.800000E-1	2.591000E-7	2.591000E-7	6.597912E-9	6.597912E-9
2.900000E-1	2.722690E-7	2.722690E-7	6.933257E-9	6.933257E-9
3.000000E-1	2.857000E-7	2.857000E-7	7.275274E-9	7.275274E-9
3.100000E-1	2.996910E-7	2.996910E-7	7.631551E-9	7.631551E-9
3.200000E-1	3.138820E-7	3.138820E-7	7.992921E-9	7.992921E-9
3.300000E-1	3.285760E-7	3.285760E-7	8.367099E-9	8.367099E-9
3.400000E-1	3.434010E-7	3.434010E-7	8.744614E-9	8.744614E-9
3.500000E-1	3.586320E-7	3.586320E-7	9.132467E-9	9.132467E-9
3.600000E-1	3.738900E-7	3.738900E-7	9.521008E-9	9.521008E-9
3.700000E-1	3.894890E-7	3.894890E-7	9.918233E-9	9.918233E-9
3.800000E-1	4.051760E-7	4.051760E-7	1.031770E-8	1.031770E-8
3.900000E-1	4.207260E-7	4.207260E-7	1.071367E-8	1.071367E-8
4.000000E-1	4.364220E-7	4.364220E-7	1.111337E-8	1.111337E-8
4.100000E-1	4.518420E-7	4.518420E-7	1.150604E-8	1.150604E-8
4.200000E-1	4.673490E-7	4.673490E-7	1.190092E-8	1.190092E-8
4.300000E-1	4.824790E-7	4.824790E-7	1.228620E-8	1.228620E-8
4.400000E-1	4.975490E-7	4.975490E-7	1.266995E-8	1.266995E-8
4.500000E-1	5.121390E-7	5.121390E-7	1.304148E-8	1.304148E-8
4.600000E-1	5.266300E-7	5.266300E-7	1.341049E-8	1.341049E-8
4.700000E-1	5.405260E-7	5.405260E-7	1.376435E-8	1.376435E-8
4.800000E-1	5.542760E-7	5.542760E-7	1.411449E-8	1.411449E-8
4.900000E-1	5.675800E-7	5.675800E-7	1.445327E-8	1.445327E-8
5.000000E-1	5.801750E-7	5.801750E-7	1.477400E-8	1.477400E-8
