

12:58:36	22/03/21


Ell Cont: 5,0x10,0

SMU1	V name:		V1
	I name:		I1
	Mode:		V
	Function:	VAR1
SMU2	V name:		V2
	I name:		I2
	Mode:		common
	Function:	const.
SMU3	off
SMU4	off
VMUs	off

Primary Source (VAR1):	single
	Sweep Spacing:	linear
	Start:		-0.500000
	Stop:		0.500000
	Step:		0.010000
	Compliance:	0.050000
Power Compliance OFF

Timing:		Integration Time:	medium
	Delay Time (sec):	0.000000
	Hold Time (sec):	0.000000
	Wait Time (sec):	1.000000

Secondary Source (VAR2):	OFF


   V1	   I1	Abs(I)	J (A\um²)	Abs(J)
-5.000000E-1	-3.990530E-5	3.990530E-5	-1.016178E-6	1.016178E-6
-4.900000E-1	-3.888910E-5	3.888910E-5	-9.903005E-7	9.903005E-7
-4.800000E-1	-3.787930E-5	3.787930E-5	-9.645862E-7	9.645862E-7
-4.700000E-1	-3.689450E-5	3.689450E-5	-9.395085E-7	9.395085E-7
-4.600000E-1	-3.590570E-5	3.590570E-5	-9.143290E-7	9.143290E-7
-4.500000E-1	-3.493590E-5	3.493590E-5	-8.896333E-7	8.896333E-7
-4.400000E-1	-3.396320E-5	3.396320E-5	-8.648638E-7	8.648638E-7
-4.300000E-1	-3.301240E-5	3.301240E-5	-8.406519E-7	8.406519E-7
-4.200000E-1	-3.207070E-5	3.207070E-5	-8.166718E-7	8.166718E-7
-4.100000E-1	-3.113370E-5	3.113370E-5	-7.928113E-7	7.928113E-7
-4.000000E-1	-3.020590E-5	3.020590E-5	-7.691851E-7	7.691851E-7
-3.900000E-1	-2.929040E-5	2.929040E-5	-7.458722E-7	7.458722E-7
-3.800000E-1	-2.837830E-5	2.837830E-5	-7.226458E-7	7.226458E-7
-3.700000E-1	-2.747380E-5	2.747380E-5	-6.996129E-7	6.996129E-7
-3.600000E-1	-2.658770E-5	2.658770E-5	-6.770486E-7	6.770486E-7
-3.500000E-1	-2.569890E-5	2.569890E-5	-6.544156E-7	6.544156E-7
-3.400000E-1	-2.482700E-5	2.482700E-5	-6.322129E-7	6.322129E-7
-3.300000E-1	-2.395670E-5	2.395670E-5	-6.100509E-7	6.100509E-7
-3.200000E-1	-2.310690E-5	2.310690E-5	-5.884110E-7	5.884110E-7
-3.100000E-1	-2.225260E-5	2.225260E-5	-5.666565E-7	5.666565E-7
-3.000000E-1	-2.141160E-5	2.141160E-5	-5.452406E-7	5.452406E-7
-2.900000E-1	-2.058290E-5	2.058290E-5	-5.241380E-7	5.241380E-7
-2.800000E-1	-1.975920E-5	1.975920E-5	-5.031627E-7	5.031627E-7
-2.700000E-1	-1.894530E-5	1.894530E-5	-4.824370E-7	4.824370E-7
-2.600000E-1	-1.813700E-5	1.813700E-5	-4.618538E-7	4.618538E-7
-2.500000E-1	-1.734260E-5	1.734260E-5	-4.416246E-7	4.416246E-7
-2.400000E-1	-1.655020E-5	1.655020E-5	-4.214464E-7	4.214464E-7
-2.300000E-1	-1.577400E-5	1.577400E-5	-4.016807E-7	4.016807E-7
-2.200000E-1	-1.499970E-5	1.499970E-5	-3.819633E-7	3.819633E-7
-2.100000E-1	-1.423970E-5	1.423970E-5	-3.626101E-7	3.626101E-7
-2.000000E-1	-1.348340E-5	1.348340E-5	-3.433512E-7	3.433512E-7
-1.900000E-1	-1.274230E-5	1.274230E-5	-3.244792E-7	3.244792E-7
-1.800000E-1	-1.200320E-5	1.200320E-5	-3.056583E-7	3.056583E-7
-1.700000E-1	-1.127890E-5	1.127890E-5	-2.872142E-7	2.872142E-7
-1.600000E-1	-1.055620E-5	1.055620E-5	-2.688108E-7	2.688108E-7
-1.500000E-1	-9.842630E-6	9.842630E-6	-2.506399E-7	2.506399E-7
-1.400000E-1	-9.141710E-6	9.141710E-6	-2.327912E-7	2.327912E-7
-1.300000E-1	-8.446270E-6	8.446270E-6	-2.150820E-7	2.150820E-7
-1.200000E-1	-7.762430E-6	7.762430E-6	-1.976682E-7	1.976682E-7
-1.100000E-1	-7.081970E-6	7.081970E-6	-1.803405E-7	1.803405E-7
-1.000000E-1	-6.413810E-6	6.413810E-6	-1.633259E-7	1.633259E-7
-9.000000E-2	-5.748640E-6	5.748640E-6	-1.463876E-7	1.463876E-7
-8.000000E-2	-5.095090E-6	5.095090E-6	-1.297451E-7	1.297451E-7
-7.000000E-2	-4.443290E-6	4.443290E-6	-1.131472E-7	1.131472E-7
-6.000000E-2	-3.800890E-6	3.800890E-6	-9.678864E-8	9.678864E-8
-5.000000E-2	-3.158790E-6	3.158790E-6	-8.043774E-8	8.043774E-8
-4.000000E-2	-2.526160E-6	2.526160E-6	-6.432798E-8	6.432798E-8
-3.000000E-2	-1.891840E-6	1.891840E-6	-4.817520E-8	4.817520E-8
-2.000000E-2	-1.259320E-6	1.259320E-6	-3.206825E-8	3.206825E-8
-1.000000E-2	-6.338080E-7	6.338080E-7	-1.613975E-8	1.613975E-8
0.000000E+0	-1.148110E-9	1.148110E-9	-2.923631E-11	2.923631E-11
1.000000E-2	6.253210E-7	6.253210E-7	1.592363E-8	1.592363E-8
2.000000E-2	1.261340E-6	1.261340E-6	3.211968E-8	3.211968E-8
3.000000E-2	1.897260E-6	1.897260E-6	4.831322E-8	4.831322E-8
4.000000E-2	2.541320E-6	2.541320E-6	6.471403E-8	6.471403E-8
5.000000E-2	3.186620E-6	3.186620E-6	8.114642E-8	8.114642E-8
6.000000E-2	3.843320E-6	3.843320E-6	9.786911E-8	9.786911E-8
7.000000E-2	4.507870E-6	4.507870E-6	1.147917E-7	1.147917E-7
8.000000E-2	5.176550E-6	5.176550E-6	1.318195E-7	1.318195E-7
9.000000E-2	5.857390E-6	5.857390E-6	1.491569E-7	1.491569E-7
1.000000E-1	6.543760E-6	6.543760E-6	1.666351E-7	1.666351E-7
1.100000E-1	7.243890E-6	7.243890E-6	1.844637E-7	1.844637E-7
1.200000E-1	7.950020E-6	7.950020E-6	2.024451E-7	2.024451E-7
1.300000E-1	8.672630E-6	8.672630E-6	2.208462E-7	2.208462E-7
1.400000E-1	9.398750E-6	9.398750E-6	2.393366E-7	2.393366E-7
1.500000E-1	1.014174E-5	1.014174E-5	2.582567E-7	2.582567E-7
1.600000E-1	1.089123E-5	1.089123E-5	2.773422E-7	2.773422E-7
1.700000E-1	1.165240E-5	1.165240E-5	2.967252E-7	2.967252E-7
1.800000E-1	1.243100E-5	1.243100E-5	3.165521E-7	3.165521E-7
1.900000E-1	1.321150E-5	1.321150E-5	3.364273E-7	3.364273E-7
2.000000E-1	1.401040E-5	1.401040E-5	3.567711E-7	3.567711E-7
2.100000E-1	1.481030E-5	1.481030E-5	3.771403E-7	3.771403E-7
2.200000E-1	1.562980E-5	1.562980E-5	3.980087E-7	3.980087E-7
2.300000E-1	1.645420E-5	1.645420E-5	4.190018E-7	4.190018E-7
2.400000E-1	1.729610E-5	1.729610E-5	4.404405E-7	4.404405E-7
2.500000E-1	1.814020E-5	1.814020E-5	4.619353E-7	4.619353E-7
2.600000E-1	1.900390E-5	1.900390E-5	4.839292E-7	4.839292E-7
2.700000E-1	1.988020E-5	1.988020E-5	5.062439E-7	5.062439E-7
2.800000E-1	2.075700E-5	2.075700E-5	5.285714E-7	5.285714E-7
2.900000E-1	2.165400E-5	2.165400E-5	5.514133E-7	5.514133E-7
3.000000E-1	2.255420E-5	2.255420E-5	5.743366E-7	5.743366E-7
3.100000E-1	2.347060E-5	2.347060E-5	5.976725E-7	5.976725E-7
3.200000E-1	2.439340E-5	2.439340E-5	6.211714E-7	6.211714E-7
3.300000E-1	2.532910E-5	2.532910E-5	6.449987E-7	6.449987E-7
3.400000E-1	2.627370E-5	2.627370E-5	6.690527E-7	6.690527E-7
3.500000E-1	2.723200E-5	2.723200E-5	6.934556E-7	6.934556E-7
3.600000E-1	2.819250E-5	2.819250E-5	7.179144E-7	7.179144E-7
3.700000E-1	2.917170E-5	2.917170E-5	7.428495E-7	7.428495E-7
3.800000E-1	3.015980E-5	3.015980E-5	7.680112E-7	7.680112E-7
3.900000E-1	3.115620E-5	3.115620E-5	7.933843E-7	7.933843E-7
4.000000E-1	3.216520E-5	3.216520E-5	8.190782E-7	8.190782E-7
4.100000E-1	3.318140E-5	3.318140E-5	8.449554E-7	8.449554E-7
4.200000E-1	3.421480E-5	3.421480E-5	8.712707E-7	8.712707E-7
4.300000E-1	3.525180E-5	3.525180E-5	8.976776E-7	8.976776E-7
4.400000E-1	3.629740E-5	3.629740E-5	9.243035E-7	9.243035E-7
4.500000E-1	3.735590E-5	3.735590E-5	9.512579E-7	9.512579E-7
4.600000E-1	3.843190E-5	3.843190E-5	9.786580E-7	9.786580E-7
4.700000E-1	3.950590E-5	3.950590E-5	1.006007E-6	1.006007E-6
4.800000E-1	4.060470E-5	4.060470E-5	1.033988E-6	1.033988E-6
4.900000E-1	4.171230E-5	4.171230E-5	1.062193E-6	1.062193E-6
5.000000E-1	4.282000E-5	4.282000E-5	1.090400E-6	1.090400E-6
