

13:16:42	22/03/21


Ell Cont: 5,0x10,0

SMU1	V name:		V1
	I name:		I1
	Mode:		V
	Function:	VAR1
SMU2	V name:		V2
	I name:		I2
	Mode:		common
	Function:	const.
SMU3	off
SMU4	off
VMUs	off

Primary Source (VAR1):	single
	Sweep Spacing:	linear
	Start:		-0.500000
	Stop:		0.500000
	Step:		0.010000
	Compliance:	0.050000
Power Compliance OFF

Timing:		Integration Time:	medium
	Delay Time (sec):	0.000000
	Hold Time (sec):	0.000000
	Wait Time (sec):	1.000000

Secondary Source (VAR2):	OFF


   V1	   I1	Abs(I)	J (A\um²)	Abs(J)
-5.000000E-1	-4.413600E-5	4.413600E-5	-1.123911E-6	1.123911E-6
-4.900000E-1	-4.298640E-5	4.298640E-5	-1.094637E-6	1.094637E-6
-4.800000E-1	-4.184820E-5	4.184820E-5	-1.065653E-6	1.065653E-6
-4.700000E-1	-4.072660E-5	4.072660E-5	-1.037092E-6	1.037092E-6
-4.600000E-1	-3.961270E-5	3.961270E-5	-1.008727E-6	1.008727E-6
-4.500000E-1	-3.851390E-5	3.851390E-5	-9.807461E-7	9.807461E-7
-4.400000E-1	-3.742400E-5	3.742400E-5	-9.529921E-7	9.529921E-7
-4.300000E-1	-3.634630E-5	3.634630E-5	-9.255488E-7	9.255488E-7
-4.200000E-1	-3.528720E-5	3.528720E-5	-8.985791E-7	8.985791E-7
-4.100000E-1	-3.423140E-5	3.423140E-5	-8.716934E-7	8.716934E-7
-4.000000E-1	-3.320060E-5	3.320060E-5	-8.454443E-7	8.454443E-7
-3.900000E-1	-3.216700E-5	3.216700E-5	-8.191240E-7	8.191240E-7
-3.800000E-1	-3.114840E-5	3.114840E-5	-7.931856E-7	7.931856E-7
-3.700000E-1	-3.013900E-5	3.013900E-5	-7.674815E-7	7.674815E-7
-3.600000E-1	-2.914640E-5	2.914640E-5	-7.422052E-7	7.422052E-7
-3.500000E-1	-2.815580E-5	2.815580E-5	-7.169799E-7	7.169799E-7
-3.400000E-1	-2.718580E-5	2.718580E-5	-6.922791E-7	6.922791E-7
-3.300000E-1	-2.621620E-5	2.621620E-5	-6.675885E-7	6.675885E-7
-3.200000E-1	-2.526800E-5	2.526800E-5	-6.434428E-7	6.434428E-7
-3.100000E-1	-2.432920E-5	2.432920E-5	-6.195365E-7	6.195365E-7
-3.000000E-1	-2.339420E-5	2.339420E-5	-5.957270E-7	5.957270E-7
-2.900000E-1	-2.247710E-5	2.247710E-5	-5.723733E-7	5.723733E-7
-2.800000E-1	-2.156510E-5	2.156510E-5	-5.491495E-7	5.491495E-7
-2.700000E-1	-2.066900E-5	2.066900E-5	-5.263305E-7	5.263305E-7
-2.600000E-1	-1.977640E-5	1.977640E-5	-5.036007E-7	5.036007E-7
-2.500000E-1	-1.890220E-5	1.890220E-5	-4.813394E-7	4.813394E-7
-2.400000E-1	-1.803240E-5	1.803240E-5	-4.591902E-7	4.591902E-7
-2.300000E-1	-1.717980E-5	1.717980E-5	-4.374790E-7	4.374790E-7
-2.200000E-1	-1.633010E-5	1.633010E-5	-4.158416E-7	4.158416E-7
-2.100000E-1	-1.549840E-5	1.549840E-5	-3.946626E-7	3.946626E-7
-2.000000E-1	-1.467060E-5	1.467060E-5	-3.735829E-7	3.735829E-7
-1.900000E-1	-1.385980E-5	1.385980E-5	-3.529361E-7	3.529361E-7
-1.800000E-1	-1.305080E-5	1.305080E-5	-3.323351E-7	3.323351E-7
-1.700000E-1	-1.226130E-5	1.226130E-5	-3.122307E-7	3.122307E-7
-1.600000E-1	-1.147420E-5	1.147420E-5	-2.921874E-7	2.921874E-7
-1.500000E-1	-1.069670E-5	1.069670E-5	-2.723886E-7	2.723886E-7
-1.400000E-1	-9.936560E-6	9.936560E-6	-2.530318E-7	2.530318E-7
-1.300000E-1	-9.179000E-6	9.179000E-6	-2.337408E-7	2.337408E-7
-1.200000E-1	-8.435440E-6	8.435440E-6	-2.148062E-7	2.148062E-7
-1.100000E-1	-7.696440E-6	7.696440E-6	-1.959878E-7	1.959878E-7
-1.000000E-1	-6.971420E-6	6.971420E-6	-1.775253E-7	1.775253E-7
-9.000000E-2	-6.246530E-6	6.246530E-6	-1.590662E-7	1.590662E-7
-8.000000E-2	-5.537140E-6	5.537140E-6	-1.410018E-7	1.410018E-7
-7.000000E-2	-4.829400E-6	4.829400E-6	-1.229794E-7	1.229794E-7
-6.000000E-2	-4.132310E-6	4.132310E-6	-1.052282E-7	1.052282E-7
-5.000000E-2	-3.435070E-6	3.435070E-6	-8.747313E-8	8.747313E-8
-4.000000E-2	-2.747290E-6	2.747290E-6	-6.995900E-8	6.995900E-8
-3.000000E-2	-2.057590E-6	2.057590E-6	-5.239598E-8	5.239598E-8
-2.000000E-2	-1.369430E-6	1.369430E-6	-3.487217E-8	3.487217E-8
-1.000000E-2	-6.890810E-7	6.890810E-7	-1.754726E-8	1.754726E-8
0.000000E+0	-1.144490E-9	1.144490E-9	-2.914413E-11	2.914413E-11
1.000000E-2	6.810030E-7	6.810030E-7	1.734156E-8	1.734156E-8
2.000000E-2	1.373240E-6	1.373240E-6	3.496919E-8	3.496919E-8
3.000000E-2	2.066170E-6	2.066170E-6	5.261446E-8	5.261446E-8
4.000000E-2	2.768350E-6	2.768350E-6	7.049529E-8	7.049529E-8
5.000000E-2	3.471530E-6	3.471530E-6	8.840158E-8	8.840158E-8
6.000000E-2	4.187580E-6	4.187580E-6	1.066356E-7	1.066356E-7
7.000000E-2	4.912610E-6	4.912610E-6	1.250983E-7	1.250983E-7
8.000000E-2	5.640960E-6	5.640960E-6	1.436455E-7	1.436455E-7
9.000000E-2	6.384380E-6	6.384380E-6	1.625765E-7	1.625765E-7
1.000000E-1	7.134140E-6	7.134140E-6	1.816690E-7	1.816690E-7
1.100000E-1	7.900960E-6	7.900960E-6	2.011958E-7	2.011958E-7
1.200000E-1	8.672830E-6	8.672830E-6	2.208513E-7	2.208513E-7
1.300000E-1	9.464870E-6	9.464870E-6	2.410204E-7	2.410204E-7
1.400000E-1	1.026137E-5	1.026137E-5	2.613030E-7	2.613030E-7
1.500000E-1	1.107809E-5	1.107809E-5	2.821006E-7	2.821006E-7
1.600000E-1	1.189620E-5	1.189620E-5	3.029335E-7	3.029335E-7
1.700000E-1	1.273810E-5	1.273810E-5	3.243723E-7	3.243723E-7
1.800000E-1	1.359290E-5	1.359290E-5	3.461395E-7	3.461395E-7
1.900000E-1	1.445370E-5	1.445370E-5	3.680596E-7	3.680596E-7
2.000000E-1	1.533310E-5	1.533310E-5	3.904533E-7	3.904533E-7
2.100000E-1	1.622000E-5	1.622000E-5	4.130379E-7	4.130379E-7
2.200000E-1	1.712830E-5	1.712830E-5	4.361676E-7	4.361676E-7
2.300000E-1	1.804370E-5	1.804370E-5	4.594780E-7	4.594780E-7
2.400000E-1	1.897530E-5	1.897530E-5	4.832009E-7	4.832009E-7
2.500000E-1	1.991630E-5	1.991630E-5	5.071632E-7	5.071632E-7
2.600000E-1	2.087910E-5	2.087910E-5	5.316807E-7	5.316807E-7
2.700000E-1	2.185160E-5	2.185160E-5	5.564451E-7	5.564451E-7
2.800000E-1	2.283100E-5	2.283100E-5	5.813853E-7	5.813853E-7
2.900000E-1	2.383220E-5	2.383220E-5	6.068806E-7	6.068806E-7
3.000000E-1	2.484300E-5	2.484300E-5	6.326203E-7	6.326203E-7
3.100000E-1	2.586940E-5	2.586940E-5	6.587573E-7	6.587573E-7
3.200000E-1	2.690670E-5	2.690670E-5	6.851719E-7	6.851719E-7
3.300000E-1	2.796710E-5	2.796710E-5	7.121747E-7	7.121747E-7
3.400000E-1	2.902750E-5	2.902750E-5	7.391775E-7	7.391775E-7
3.500000E-1	3.011170E-5	3.011170E-5	7.667863E-7	7.667863E-7
3.600000E-1	3.120250E-5	3.120250E-5	7.945633E-7	7.945633E-7
3.700000E-1	3.231290E-5	3.231290E-5	8.228393E-7	8.228393E-7
3.800000E-1	3.343980E-5	3.343980E-5	8.515355E-7	8.515355E-7
3.900000E-1	3.457310E-5	3.457310E-5	8.803947E-7	8.803947E-7
4.000000E-1	3.572470E-5	3.572470E-5	9.097199E-7	9.097199E-7
4.100000E-1	3.688580E-5	3.688580E-5	9.392870E-7	9.392870E-7
4.200000E-1	3.807060E-5	3.807060E-5	9.694576E-7	9.694576E-7
4.300000E-1	3.925050E-5	3.925050E-5	9.995034E-7	9.995034E-7
4.400000E-1	4.046350E-5	4.046350E-5	1.030392E-6	1.030392E-6
4.500000E-1	4.167590E-5	4.167590E-5	1.061266E-6	1.061266E-6
4.600000E-1	4.290910E-5	4.290910E-5	1.092669E-6	1.092669E-6
4.700000E-1	4.415310E-5	4.415310E-5	1.124347E-6	1.124347E-6
4.800000E-1	4.542230E-5	4.542230E-5	1.156667E-6	1.156667E-6
4.900000E-1	4.669890E-5	4.669890E-5	1.189175E-6	1.189175E-6
5.000000E-1	4.798380E-5	4.798380E-5	1.221895E-6	1.221895E-6
