

13:17:34	22/03/21


Ell Cont: 5,0x10,0

SMU1	V name:		V1
	I name:		I1
	Mode:		V
	Function:	VAR1
SMU2	V name:		V2
	I name:		I2
	Mode:		common
	Function:	const.
SMU3	off
SMU4	off
VMUs	off

Primary Source (VAR1):	single
	Sweep Spacing:	linear
	Start:		-0.500000
	Stop:		0.500000
	Step:		0.010000
	Compliance:	0.050000
Power Compliance OFF

Timing:		Integration Time:	medium
	Delay Time (sec):	0.000000
	Hold Time (sec):	0.000000
	Wait Time (sec):	1.000000

Secondary Source (VAR2):	OFF


   V1	   I1	Abs(I)	J (A\µm²)	Abs(J)
-5.000000E-1	-1.546940E-5	1.546940E-5	-3.939241E-7	3.939241E-7
-4.900000E-1	-1.507960E-5	1.507960E-5	-3.839980E-7	3.839980E-7
-4.800000E-1	-1.469390E-5	1.469390E-5	-3.741762E-7	3.741762E-7
-4.700000E-1	-1.431190E-5	1.431190E-5	-3.644487E-7	3.644487E-7
-4.600000E-1	-1.393510E-5	1.393510E-5	-3.548536E-7	3.548536E-7
-4.500000E-1	-1.356750E-5	1.356750E-5	-3.454927E-7	3.454927E-7
-4.400000E-1	-1.319400E-5	1.319400E-5	-3.359817E-7	3.359817E-7
-4.300000E-1	-1.282550E-5	1.282550E-5	-3.265979E-7	3.265979E-7
-4.200000E-1	-1.246480E-5	1.246480E-5	-3.174128E-7	3.174128E-7
-4.100000E-1	-1.210440E-5	1.210440E-5	-3.082353E-7	3.082353E-7
-4.000000E-1	-1.174870E-5	1.174870E-5	-2.991775E-7	2.991775E-7
-3.900000E-1	-1.139360E-5	1.139360E-5	-2.901350E-7	2.901350E-7
-3.800000E-1	-1.104760E-5	1.104760E-5	-2.813242E-7	2.813242E-7
-3.700000E-1	-1.069800E-5	1.069800E-5	-2.724217E-7	2.724217E-7
-3.600000E-1	-1.035760E-5	1.035760E-5	-2.637535E-7	2.637535E-7
-3.500000E-1	-1.001530E-5	1.001530E-5	-2.550369E-7	2.550369E-7
-3.400000E-1	-9.680220E-6	9.680220E-6	-2.465042E-7	2.465042E-7
-3.300000E-1	-9.344940E-6	9.344940E-6	-2.379664E-7	2.379664E-7
-3.200000E-1	-9.016020E-6	9.016020E-6	-2.295905E-7	2.295905E-7
-3.100000E-1	-8.686610E-6	8.686610E-6	-2.212022E-7	2.212022E-7
-3.000000E-1	-8.361410E-6	8.361410E-6	-2.129211E-7	2.129211E-7
-2.900000E-1	-8.042200E-6	8.042200E-6	-2.047925E-7	2.047925E-7
-2.800000E-1	-7.724440E-6	7.724440E-6	-1.967008E-7	1.967008E-7
-2.700000E-1	-7.409350E-6	7.409350E-6	-1.886771E-7	1.886771E-7
-2.600000E-1	-7.095260E-6	7.095260E-6	-1.806789E-7	1.806789E-7
-2.500000E-1	-6.787380E-6	6.787380E-6	-1.728388E-7	1.728388E-7
-2.400000E-1	-6.481020E-6	6.481020E-6	-1.650374E-7	1.650374E-7
-2.300000E-1	-6.180850E-6	6.180850E-6	-1.573937E-7	1.573937E-7
-2.200000E-1	-5.880540E-6	5.880540E-6	-1.497464E-7	1.497464E-7
-2.100000E-1	-5.585280E-6	5.585280E-6	-1.422277E-7	1.422277E-7
-2.000000E-1	-5.290640E-6	5.290640E-6	-1.347247E-7	1.347247E-7
-1.900000E-1	-5.002390E-6	5.002390E-6	-1.273845E-7	1.273845E-7
-1.800000E-1	-4.714080E-6	4.714080E-6	-1.200428E-7	1.200428E-7
-1.700000E-1	-4.432000E-6	4.432000E-6	-1.128597E-7	1.128597E-7
-1.600000E-1	-4.150270E-6	4.150270E-6	-1.056855E-7	1.056855E-7
-1.500000E-1	-3.871600E-6	3.871600E-6	-9.858925E-8	9.858925E-8
-1.400000E-1	-3.598750E-6	3.598750E-6	-9.164120E-8	9.164120E-8
-1.300000E-1	-3.326380E-6	3.326380E-6	-8.470537E-8	8.470537E-8
-1.200000E-1	-3.058460E-6	3.058460E-6	-7.788286E-8	7.788286E-8
-1.100000E-1	-2.792410E-6	2.792410E-6	-7.110797E-8	7.110797E-8
-1.000000E-1	-2.530610E-6	2.530610E-6	-6.444130E-8	6.444130E-8
-9.000000E-2	-2.269210E-6	2.269210E-6	-5.778482E-8	5.778482E-8
-8.000000E-2	-2.011540E-6	2.011540E-6	-5.122333E-8	5.122333E-8
-7.000000E-2	-1.754840E-6	1.754840E-6	-4.468653E-8	4.468653E-8
-6.000000E-2	-1.502130E-6	1.502130E-6	-3.825134E-8	3.825134E-8
-5.000000E-2	-1.248880E-6	1.248880E-6	-3.180239E-8	3.180239E-8
-4.000000E-2	-9.998990E-7	9.998990E-7	-2.546216E-8	2.546216E-8
-3.000000E-2	-7.480480E-7	7.480480E-7	-1.904884E-8	1.904884E-8
-2.000000E-2	-4.974750E-7	4.974750E-7	-1.266807E-8	1.266807E-8
-1.000000E-2	-2.489630E-7	2.489630E-7	-6.339776E-9	6.339776E-9
0.000000E+0	-5.851000E-11	5.851000E-11	-1.489941E-12	1.489941E-12
1.000000E-2	2.491700E-7	2.491700E-7	6.345047E-9	6.345047E-9
2.000000E-2	5.032840E-7	5.032840E-7	1.281599E-8	1.281599E-8
3.000000E-2	7.555310E-7	7.555310E-7	1.923939E-8	1.923939E-8
4.000000E-2	1.011895E-6	1.011895E-6	2.576763E-8	2.576763E-8
5.000000E-2	1.267310E-6	1.267310E-6	3.227171E-8	3.227171E-8
6.000000E-2	1.529860E-6	1.529860E-6	3.895747E-8	3.895747E-8
7.000000E-2	1.795060E-6	1.795060E-6	4.571072E-8	4.571072E-8
8.000000E-2	2.061260E-6	2.061260E-6	5.248943E-8	5.248943E-8
9.000000E-2	2.332850E-6	2.332850E-6	5.940540E-8	5.940540E-8
1.000000E-1	2.606040E-6	2.606040E-6	6.636211E-8	6.636211E-8
1.100000E-1	2.885770E-6	2.885770E-6	7.348536E-8	7.348536E-8
1.200000E-1	3.167480E-6	3.167480E-6	8.065903E-8	8.065903E-8
1.300000E-1	3.455310E-6	3.455310E-6	8.798854E-8	8.798854E-8
1.400000E-1	3.744380E-6	3.744380E-6	9.534963E-8	9.534963E-8
1.500000E-1	4.041190E-6	4.041190E-6	1.029078E-7	1.029078E-7
1.600000E-1	4.339180E-6	4.339180E-6	1.104961E-7	1.104961E-7
1.700000E-1	4.645230E-6	4.645230E-6	1.182895E-7	1.182895E-7
1.800000E-1	4.954920E-6	4.954920E-6	1.261757E-7	1.261757E-7
1.900000E-1	5.266780E-6	5.266780E-6	1.341171E-7	1.341171E-7
2.000000E-1	5.585160E-6	5.585160E-6	1.422246E-7	1.422246E-7
2.100000E-1	5.905010E-6	5.905010E-6	1.503695E-7	1.503695E-7
2.200000E-1	6.232460E-6	6.232460E-6	1.587079E-7	1.587079E-7
2.300000E-1	6.562420E-6	6.562420E-6	1.671103E-7	1.671103E-7
2.400000E-1	6.898270E-6	6.898270E-6	1.756626E-7	1.756626E-7
2.500000E-1	7.236470E-6	7.236470E-6	1.842748E-7	1.842748E-7
2.600000E-1	7.581510E-6	7.581510E-6	1.930611E-7	1.930611E-7
2.700000E-1	7.930660E-6	7.930660E-6	2.019521E-7	2.019521E-7
2.800000E-1	8.280510E-6	8.280510E-6	2.108610E-7	2.108610E-7
2.900000E-1	8.637900E-6	8.637900E-6	2.199618E-7	2.199618E-7
3.000000E-1	8.997070E-6	8.997070E-6	2.291080E-7	2.291080E-7
3.100000E-1	9.365430E-6	9.365430E-6	2.384882E-7	2.384882E-7
3.200000E-1	9.734430E-6	9.734430E-6	2.478846E-7	2.478846E-7
3.300000E-1	1.011327E-5	1.011327E-5	2.575317E-7	2.575317E-7
3.400000E-1	1.048810E-5	1.048810E-5	2.670766E-7	2.670766E-7
3.500000E-1	1.087020E-5	1.087020E-5	2.768067E-7	2.768067E-7
3.600000E-1	1.125540E-5	1.125540E-5	2.866157E-7	2.866157E-7
3.700000E-1	1.164220E-5	1.164220E-5	2.964655E-7	2.964655E-7
3.800000E-1	1.204250E-5	1.204250E-5	3.066590E-7	3.066590E-7
3.900000E-1	1.244220E-5	1.244220E-5	3.168373E-7	3.168373E-7
4.000000E-1	1.284490E-5	1.284490E-5	3.270919E-7	3.270919E-7
4.100000E-1	1.325070E-5	1.325070E-5	3.374255E-7	3.374255E-7
4.200000E-1	1.366420E-5	1.366420E-5	3.479552E-7	3.479552E-7
4.300000E-1	1.407850E-5	1.407850E-5	3.585052E-7	3.585052E-7
4.400000E-1	1.450180E-5	1.450180E-5	3.692844E-7	3.692844E-7
4.500000E-1	1.492210E-5	1.492210E-5	3.799873E-7	3.799873E-7
4.600000E-1	1.535110E-5	1.535110E-5	3.909116E-7	3.909116E-7
4.700000E-1	1.578390E-5	1.578390E-5	4.019328E-7	4.019328E-7
4.800000E-1	1.622470E-5	1.622470E-5	4.131576E-7	4.131576E-7
4.900000E-1	1.666690E-5	1.666690E-5	4.244181E-7	4.244181E-7
5.000000E-1	1.710910E-5	1.710910E-5	4.356786E-7	4.356786E-7
