

13:23:06	22/03/21


Ell Cont: 5,0x10,0

SMU1	V name:		V1
	I name:		I1
	Mode:		V
	Function:	VAR1
SMU2	V name:		V2
	I name:		I2
	Mode:		common
	Function:	const.
SMU3	off
SMU4	off
VMUs	off

Primary Source (VAR1):	single
	Sweep Spacing:	linear
	Start:		-0.500000
	Stop:		0.500000
	Step:		0.010000
	Compliance:	0.050000
Power Compliance OFF

Timing:		Integration Time:	medium
	Delay Time (sec):	0.000000
	Hold Time (sec):	0.000000
	Wait Time (sec):	1.000000

Secondary Source (VAR2):	OFF


   V1	   I1	Abs(I)	J (A\µm²)	Abs(J)
-5.000000E-1	-2.929890E-5	2.929890E-5	-7.460886E-7	7.460886E-7
-4.900000E-1	-2.853150E-5	2.853150E-5	-7.265470E-7	7.265470E-7
-4.800000E-1	-2.777450E-5	2.777450E-5	-7.072702E-7	7.072702E-7
-4.700000E-1	-2.702850E-5	2.702850E-5	-6.882735E-7	6.882735E-7
-4.600000E-1	-2.629030E-5	2.629030E-5	-6.694754E-7	6.694754E-7
-4.500000E-1	-2.556430E-5	2.556430E-5	-6.509880E-7	6.509880E-7
-4.400000E-1	-2.484030E-5	2.484030E-5	-6.325516E-7	6.325516E-7
-4.300000E-1	-2.412700E-5	2.412700E-5	-6.143876E-7	6.143876E-7
-4.200000E-1	-2.342530E-5	2.342530E-5	-5.965190E-7	5.965190E-7
-4.100000E-1	-2.272400E-5	2.272400E-5	-5.786605E-7	5.786605E-7
-4.000000E-1	-2.203360E-5	2.203360E-5	-5.610797E-7	5.610797E-7
-3.900000E-1	-2.135200E-5	2.135200E-5	-5.437229E-7	5.437229E-7
-3.800000E-1	-2.067970E-5	2.067970E-5	-5.266030E-7	5.266030E-7
-3.700000E-1	-2.000610E-5	2.000610E-5	-5.094500E-7	5.094500E-7
-3.600000E-1	-1.934920E-5	1.934920E-5	-4.927222E-7	4.927222E-7
-3.500000E-1	-1.869140E-5	1.869140E-5	-4.759715E-7	4.759715E-7
-3.400000E-1	-1.805010E-5	1.805010E-5	-4.596409E-7	4.596409E-7
-3.300000E-1	-1.740750E-5	1.740750E-5	-4.432773E-7	4.432773E-7
-3.200000E-1	-1.677750E-5	1.677750E-5	-4.272345E-7	4.272345E-7
-3.100000E-1	-1.615100E-5	1.615100E-5	-4.112809E-7	4.112809E-7
-3.000000E-1	-1.552980E-5	1.552980E-5	-3.954622E-7	3.954622E-7
-2.900000E-1	-1.492580E-5	1.492580E-5	-3.800815E-7	3.800815E-7
-2.800000E-1	-1.431860E-5	1.431860E-5	-3.646193E-7	3.646193E-7
-2.700000E-1	-1.372490E-5	1.372490E-5	-3.495009E-7	3.495009E-7
-2.600000E-1	-1.313340E-5	1.313340E-5	-3.344385E-7	3.344385E-7
-2.500000E-1	-1.255270E-5	1.255270E-5	-3.196511E-7	3.196511E-7
-2.400000E-1	-1.197540E-5	1.197540E-5	-3.049503E-7	3.049503E-7
-2.300000E-1	-1.140880E-5	1.140880E-5	-2.905220E-7	2.905220E-7
-2.200000E-1	-1.084430E-5	1.084430E-5	-2.761472E-7	2.761472E-7
-2.100000E-1	-1.029130E-5	1.029130E-5	-2.620652E-7	2.620652E-7
-2.000000E-1	-9.742860E-6	9.742860E-6	-2.480993E-7	2.480993E-7
-1.900000E-1	-9.202560E-6	9.202560E-6	-2.343407E-7	2.343407E-7
-1.800000E-1	-8.665820E-6	8.665820E-6	-2.206728E-7	2.206728E-7
-1.700000E-1	-8.140170E-6	8.140170E-6	-2.072872E-7	2.072872E-7
-1.600000E-1	-7.619360E-6	7.619360E-6	-1.940250E-7	1.940250E-7
-1.500000E-1	-7.102680E-6	7.102680E-6	-1.808678E-7	1.808678E-7
-1.400000E-1	-6.596820E-6	6.596820E-6	-1.679862E-7	1.679862E-7
-1.300000E-1	-6.092720E-6	6.092720E-6	-1.551495E-7	1.551495E-7
-1.200000E-1	-5.599540E-6	5.599540E-6	-1.425908E-7	1.425908E-7
-1.100000E-1	-5.107750E-6	5.107750E-6	-1.300675E-7	1.300675E-7
-1.000000E-1	-4.626090E-6	4.626090E-6	-1.178021E-7	1.178021E-7
-9.000000E-2	-4.146320E-6	4.146320E-6	-1.055849E-7	1.055849E-7
-8.000000E-2	-3.674420E-6	3.674420E-6	-9.356812E-8	9.356812E-8
-7.000000E-2	-3.204840E-6	3.204840E-6	-8.161039E-8	8.161039E-8
-6.000000E-2	-2.742090E-6	2.742090E-6	-6.982658E-8	6.982658E-8
-5.000000E-2	-2.279080E-6	2.279080E-6	-5.803616E-8	5.803616E-8
-4.000000E-2	-1.822510E-6	1.822510E-6	-4.640973E-8	4.640973E-8
-3.000000E-2	-1.364800E-6	1.364800E-6	-3.475426E-8	3.475426E-8
-2.000000E-2	-9.097440E-7	9.097440E-7	-2.316639E-8	2.316639E-8
-1.000000E-2	-4.550300E-7	4.550300E-7	-1.158722E-8	1.158722E-8
0.000000E+0	-9.147500E-10	9.147500E-10	-2.329386E-11	2.329386E-11
1.000000E-2	4.527880E-7	4.527880E-7	1.153012E-8	1.153012E-8
2.000000E-2	9.151960E-7	9.151960E-7	2.330522E-8	2.330522E-8
3.000000E-2	1.372310E-6	1.372310E-6	3.494551E-8	3.494551E-8
4.000000E-2	1.841520E-6	1.841520E-6	4.689381E-8	4.689381E-8
5.000000E-2	2.309560E-6	2.309560E-6	5.881232E-8	5.881232E-8
6.000000E-2	2.787170E-6	2.787170E-6	7.097453E-8	7.097453E-8
7.000000E-2	3.270790E-6	3.270790E-6	8.328979E-8	8.328979E-8
8.000000E-2	3.756200E-6	3.756200E-6	9.565062E-8	9.565062E-8
9.000000E-2	4.253500E-6	4.253500E-6	1.083142E-7	1.083142E-7
1.000000E-1	4.753630E-6	4.753630E-6	1.210499E-7	1.210499E-7
1.100000E-1	5.265970E-6	5.265970E-6	1.340965E-7	1.340965E-7
1.200000E-1	5.782670E-6	5.782670E-6	1.472541E-7	1.472541E-7
1.300000E-1	6.310870E-6	6.310870E-6	1.607046E-7	1.607046E-7
1.400000E-1	6.843880E-6	6.843880E-6	1.742776E-7	1.742776E-7
1.500000E-1	7.389360E-6	7.389360E-6	1.881681E-7	1.881681E-7
1.600000E-1	7.939940E-6	7.939940E-6	2.021884E-7	2.021884E-7
1.700000E-1	8.504720E-6	8.504720E-6	2.165704E-7	2.165704E-7
1.800000E-1	9.075490E-6	9.075490E-6	2.311049E-7	2.311049E-7
1.900000E-1	9.653730E-6	9.653730E-6	2.458296E-7	2.458296E-7
2.000000E-1	1.024505E-5	1.024505E-5	2.608874E-7	2.608874E-7
2.100000E-1	1.083957E-5	1.083957E-5	2.760267E-7	2.760267E-7
2.200000E-1	1.144250E-5	1.144250E-5	2.913802E-7	2.913802E-7
2.300000E-1	1.205720E-5	1.205720E-5	3.070334E-7	3.070334E-7
2.400000E-1	1.268460E-5	1.268460E-5	3.230099E-7	3.230099E-7
2.500000E-1	1.331730E-5	1.331730E-5	3.391215E-7	3.391215E-7
2.600000E-1	1.396420E-5	1.396420E-5	3.555946E-7	3.555946E-7
2.700000E-1	1.461810E-5	1.461810E-5	3.722460E-7	3.722460E-7
2.800000E-1	1.527910E-5	1.527910E-5	3.890782E-7	3.890782E-7
2.900000E-1	1.595030E-5	1.595030E-5	4.061701E-7	4.061701E-7
3.000000E-1	1.662740E-5	1.662740E-5	4.234123E-7	4.234123E-7
3.100000E-1	1.731980E-5	1.731980E-5	4.410440E-7	4.410440E-7
3.200000E-1	1.801370E-5	1.801370E-5	4.587140E-7	4.587140E-7
3.300000E-1	1.872360E-5	1.872360E-5	4.767914E-7	4.767914E-7
3.400000E-1	1.943760E-5	1.943760E-5	4.949733E-7	4.949733E-7
3.500000E-1	2.016640E-5	2.016640E-5	5.135320E-7	5.135320E-7
3.600000E-1	2.089470E-5	2.089470E-5	5.320779E-7	5.320779E-7
3.700000E-1	2.164200E-5	2.164200E-5	5.511077E-7	5.511077E-7
3.800000E-1	2.240160E-5	2.240160E-5	5.704507E-7	5.704507E-7
3.900000E-1	2.316000E-5	2.316000E-5	5.897632E-7	5.897632E-7
4.000000E-1	2.393360E-5	2.393360E-5	6.094627E-7	6.094627E-7
4.100000E-1	2.471330E-5	2.471330E-5	6.293175E-7	6.293175E-7
4.200000E-1	2.550450E-5	2.550450E-5	6.494652E-7	6.494652E-7
4.300000E-1	2.629460E-5	2.629460E-5	6.695849E-7	6.695849E-7
4.400000E-1	2.711240E-5	2.711240E-5	6.904100E-7	6.904100E-7
4.500000E-1	2.791960E-5	2.791960E-5	7.109651E-7	7.109651E-7
4.600000E-1	2.874740E-5	2.874740E-5	7.320448E-7	7.320448E-7
4.700000E-1	2.958260E-5	2.958260E-5	7.533130E-7	7.533130E-7
4.800000E-1	3.043050E-5	3.043050E-5	7.749045E-7	7.749045E-7
4.900000E-1	3.128590E-5	3.128590E-5	7.966870E-7	7.966870E-7
5.000000E-1	3.214340E-5	3.214340E-5	8.185230E-7	8.185230E-7
