

15:40:41	24/03/21


Ell Cont: 5,0x10,0

SMU1	V name:		V1
	I name:		I1
	Mode:		V
	Function:	VAR1
SMU2	V name:		V2
	I name:		I2
	Mode:		common
	Function:	const.
SMU3	off
SMU4	off
VMUs	off

Primary Source (VAR1):	single
	Sweep Spacing:	linear
	Start:		-0.500000
	Stop:		0.500000
	Step:		0.010000
	Compliance:	0.050000
Power Compliance OFF

Timing:		Integration Time:	medium
	Delay Time (sec):	0.000000
	Hold Time (sec):	0.000000
	Wait Time (sec):	1.000000

Secondary Source (VAR2):	OFF


   V1	   I1	Abs(I)	J (A\µm²)	Abs(J)
-5.000000E-1	-2.173130E-6	2.173130E-6	-5.533817E-8	5.533817E-8
-4.900000E-1	-2.093400E-6	2.093400E-6	-5.330787E-8	5.330787E-8
-4.800000E-1	-2.018260E-6	2.018260E-6	-5.139445E-8	5.139445E-8
-4.700000E-1	-1.946100E-6	1.946100E-6	-4.955691E-8	4.955691E-8
-4.600000E-1	-1.875730E-6	1.875730E-6	-4.776496E-8	4.776496E-8
-4.500000E-1	-1.806780E-6	1.806780E-6	-4.600917E-8	4.600917E-8
-4.400000E-1	-1.741100E-6	1.741100E-6	-4.433664E-8	4.433664E-8
-4.300000E-1	-1.672860E-6	1.672860E-6	-4.259893E-8	4.259893E-8
-4.200000E-1	-1.607950E-6	1.607950E-6	-4.094601E-8	4.094601E-8
-4.100000E-1	-1.543850E-6	1.543850E-6	-3.931373E-8	3.931373E-8
-4.000000E-1	-1.480960E-6	1.480960E-6	-3.771225E-8	3.771225E-8
-3.900000E-1	-1.420960E-6	1.420960E-6	-3.618436E-8	3.618436E-8
-3.800000E-1	-1.360950E-6	1.360950E-6	-3.465623E-8	3.465623E-8
-3.700000E-1	-1.300910E-6	1.300910E-6	-3.312732E-8	3.312732E-8
-3.600000E-1	-1.242950E-6	1.242950E-6	-3.165139E-8	3.165139E-8
-3.500000E-1	-1.187010E-6	1.187010E-6	-3.022689E-8	3.022689E-8
-3.400000E-1	-1.131760E-6	1.131760E-6	-2.881996E-8	2.881996E-8
-3.300000E-1	-1.076210E-6	1.076210E-6	-2.740540E-8	2.740540E-8
-3.200000E-1	-1.022360E-6	1.022360E-6	-2.603412E-8	2.603412E-8
-3.100000E-1	-9.707820E-7	9.707820E-7	-2.472070E-8	2.472070E-8
-3.000000E-1	-9.182730E-7	9.182730E-7	-2.338357E-8	2.338357E-8
-2.900000E-1	-8.685740E-7	8.685740E-7	-2.211800E-8	2.211800E-8
-2.800000E-1	-8.200350E-7	8.200350E-7	-2.088197E-8	2.088197E-8
-2.700000E-1	-7.728680E-7	7.728680E-7	-1.968088E-8	1.968088E-8
-2.600000E-1	-7.264240E-7	7.264240E-7	-1.849819E-8	1.849819E-8
-2.500000E-1	-6.813990E-7	6.813990E-7	-1.735164E-8	1.735164E-8
-2.400000E-1	-6.382390E-7	6.382390E-7	-1.625258E-8	1.625258E-8
-2.300000E-1	-5.963630E-7	5.963630E-7	-1.518622E-8	1.518622E-8
-2.200000E-1	-5.552810E-7	5.552810E-7	-1.414008E-8	1.414008E-8
-2.100000E-1	-5.160830E-7	5.160830E-7	-1.314191E-8	1.314191E-8
-2.000000E-1	-4.772260E-7	4.772260E-7	-1.215243E-8	1.215243E-8
-1.900000E-1	-4.407620E-7	4.407620E-7	-1.122389E-8	1.122389E-8
-1.800000E-1	-4.050690E-7	4.050690E-7	-1.031497E-8	1.031497E-8
-1.700000E-1	-3.713260E-7	3.713260E-7	-9.455717E-9	9.455717E-9
-1.600000E-1	-3.388560E-7	3.388560E-7	-8.628877E-9	8.628877E-9
-1.500000E-1	-3.074470E-7	3.074470E-7	-7.829055E-9	7.829055E-9
-1.400000E-1	-2.783950E-7	2.783950E-7	-7.089254E-9	7.089254E-9
-1.300000E-1	-2.503440E-7	2.503440E-7	-6.374943E-9	6.374943E-9
-1.200000E-1	-2.239560E-7	2.239560E-7	-5.702979E-9	5.702979E-9
-1.100000E-1	-1.985830E-7	1.985830E-7	-5.056863E-9	5.056863E-9
-1.000000E-1	-1.748770E-7	1.748770E-7	-4.453196E-9	4.453196E-9
-9.000000E-2	-1.525080E-7	1.525080E-7	-3.883575E-9	3.883575E-9
-8.000000E-2	-1.317110E-7	1.317110E-7	-3.353985E-9	3.353985E-9
-7.000000E-2	-1.119140E-7	1.119140E-7	-2.849860E-9	2.849860E-9
-6.000000E-2	-9.332500E-8	9.332500E-8	-2.376496E-9	2.376496E-9
-5.000000E-2	-7.642940E-8	7.642940E-8	-1.946254E-9	1.946254E-9
-4.000000E-2	-6.053150E-8	6.053150E-8	-1.541418E-9	1.541418E-9
-3.000000E-2	-4.454470E-8	4.454470E-8	-1.134319E-9	1.134319E-9
-2.000000E-2	-2.909090E-8	2.909090E-8	-7.407919E-10	7.407919E-10
-1.000000E-2	-1.404110E-8	1.404110E-8	-3.575528E-10	3.575528E-10
0.000000E+0	8.299200E-10	8.299200E-10	2.113369E-11	2.113369E-11
1.000000E-2	1.570800E-8	1.570800E-8	4.000000E-10	4.000000E-10
2.000000E-2	3.090840E-8	3.090840E-8	7.870741E-10	7.870741E-10
3.000000E-2	4.650700E-8	4.650700E-8	1.184288E-9	1.184288E-9
4.000000E-2	6.248930E-8	6.248930E-8	1.591273E-9	1.591273E-9
5.000000E-2	7.951800E-8	7.951800E-8	2.024904E-9	2.024904E-9
6.000000E-2	9.717940E-8	9.717940E-8	2.474647E-9	2.474647E-9
7.000000E-2	1.159980E-7	1.159980E-7	2.953858E-9	2.953858E-9
8.000000E-2	1.371320E-7	1.371320E-7	3.492029E-9	3.492029E-9
9.000000E-2	1.586370E-7	1.586370E-7	4.039649E-9	4.039649E-9
1.000000E-1	1.809000E-7	1.809000E-7	4.606570E-9	4.606570E-9
1.100000E-1	2.047830E-7	2.047830E-7	5.214744E-9	5.214744E-9
1.200000E-1	2.295710E-7	2.295710E-7	5.845964E-9	5.845964E-9
1.300000E-1	2.565380E-7	2.565380E-7	6.532671E-9	6.532671E-9
1.400000E-1	2.848330E-7	2.848330E-7	7.253196E-9	7.253196E-9
1.500000E-1	3.143880E-7	3.143880E-7	8.005806E-9	8.005806E-9
1.600000E-1	3.456300E-7	3.456300E-7	8.801375E-9	8.801375E-9
1.700000E-1	3.780010E-7	3.780010E-7	9.625694E-9	9.625694E-9
1.800000E-1	4.122280E-7	4.122280E-7	1.049728E-8	1.049728E-8
1.900000E-1	4.472000E-7	4.472000E-7	1.138783E-8	1.138783E-8
2.000000E-1	4.842410E-7	4.842410E-7	1.233107E-8	1.233107E-8
2.100000E-1	5.223860E-7	5.223860E-7	1.330242E-8	1.330242E-8
2.200000E-1	5.620550E-7	5.620550E-7	1.431258E-8	1.431258E-8
2.300000E-1	6.028570E-7	6.028570E-7	1.535159E-8	1.535159E-8
2.400000E-1	6.457340E-7	6.457340E-7	1.644344E-8	1.644344E-8
2.500000E-1	6.894500E-7	6.894500E-7	1.755666E-8	1.755666E-8
2.600000E-1	7.347390E-7	7.347390E-7	1.870993E-8	1.870993E-8
2.700000E-1	7.805430E-7	7.805430E-7	1.987632E-8	1.987632E-8
2.800000E-1	8.283940E-7	8.283940E-7	2.109483E-8	2.109483E-8
2.900000E-1	8.768650E-7	8.768650E-7	2.232913E-8	2.232913E-8
3.000000E-1	9.266500E-7	9.266500E-7	2.359689E-8	2.359689E-8
3.100000E-1	9.754550E-7	9.754550E-7	2.483970E-8	2.483970E-8
3.200000E-1	1.028490E-6	1.028490E-6	2.619022E-8	2.619022E-8
3.300000E-1	1.084000E-6	1.084000E-6	2.760377E-8	2.760377E-8
3.400000E-1	1.139150E-6	1.139150E-6	2.900815E-8	2.900815E-8
3.500000E-1	1.194770E-6	1.194770E-6	3.042450E-8	3.042450E-8
3.600000E-1	1.252410E-6	1.252410E-6	3.189228E-8	3.189228E-8
3.700000E-1	1.310370E-6	1.310370E-6	3.336822E-8	3.336822E-8
3.800000E-1	1.369920E-6	1.369920E-6	3.488464E-8	3.488464E-8
3.900000E-1	1.430600E-6	1.430600E-6	3.642984E-8	3.642984E-8
4.000000E-1	1.493370E-6	1.493370E-6	3.802827E-8	3.802827E-8
4.100000E-1	1.556010E-6	1.556010E-6	3.962338E-8	3.962338E-8
4.200000E-1	1.619690E-6	1.619690E-6	4.124497E-8	4.124497E-8
4.300000E-1	1.684890E-6	1.684890E-6	4.290527E-8	4.290527E-8
4.400000E-1	1.751860E-6	1.751860E-6	4.461064E-8	4.461064E-8
4.500000E-1	1.820440E-6	1.820440E-6	4.635701E-8	4.635701E-8
4.600000E-1	1.891380E-6	1.891380E-6	4.816348E-8	4.816348E-8
4.700000E-1	1.961840E-6	1.961840E-6	4.995773E-8	4.995773E-8
4.800000E-1	2.036200E-6	2.036200E-6	5.185129E-8	5.185129E-8
4.900000E-1	2.106970E-6	2.106970E-6	5.365342E-8	5.365342E-8
5.000000E-1	2.181490E-6	2.181490E-6	5.555106E-8	5.555106E-8
