

15:41:50	24/03/21


Ell Cont: 5,0x10,0

SMU1	V name:		V1
	I name:		I1
	Mode:		V
	Function:	VAR1
SMU2	V name:		V2
	I name:		I2
	Mode:		common
	Function:	const.
SMU3	off
SMU4	off
VMUs	off

Primary Source (VAR1):	single
	Sweep Spacing:	linear
	Start:		-0.500000
	Stop:		0.500000
	Step:		0.010000
	Compliance:	0.050000
Power Compliance OFF

Timing:		Integration Time:	medium
	Delay Time (sec):	0.000000
	Hold Time (sec):	0.000000
	Wait Time (sec):	1.000000

Secondary Source (VAR2):	OFF


   V1	   I1	Abs(I)	J (A\um²)	Abs(J)
-5.000000E-1	-3.683630E-7	3.683630E-7	-9.380265E-9	9.380265E-9
-4.900000E-1	-3.508750E-7	3.508750E-7	-8.934938E-9	8.934938E-9
-4.800000E-1	-3.368620E-7	3.368620E-7	-8.578100E-9	8.578100E-9
-4.700000E-1	-3.240180E-7	3.240180E-7	-8.251031E-9	8.251031E-9
-4.600000E-1	-3.115070E-7	3.115070E-7	-7.932442E-9	7.932442E-9
-4.500000E-1	-2.979370E-7	2.979370E-7	-7.586886E-9	7.586886E-9
-4.400000E-1	-2.862150E-7	2.862150E-7	-7.288388E-9	7.288388E-9
-4.300000E-1	-2.731380E-7	2.731380E-7	-6.955386E-9	6.955386E-9
-4.200000E-1	-2.624230E-7	2.624230E-7	-6.682531E-9	6.682531E-9
-4.100000E-1	-2.502360E-7	2.502360E-7	-6.372192E-9	6.372192E-9
-4.000000E-1	-2.395480E-7	2.395480E-7	-6.100025E-9	6.100025E-9
-3.900000E-1	-2.286220E-7	2.286220E-7	-5.821798E-9	5.821798E-9
-3.800000E-1	-2.172800E-7	2.172800E-7	-5.532977E-9	5.532977E-9
-3.700000E-1	-2.069130E-7	2.069130E-7	-5.268984E-9	5.268984E-9
-3.600000E-1	-1.975780E-7	1.975780E-7	-5.031271E-9	5.031271E-9
-3.500000E-1	-1.884960E-7	1.884960E-7	-4.800000E-9	4.800000E-9
-3.400000E-1	-1.784490E-7	1.784490E-7	-4.544156E-9	4.544156E-9
-3.300000E-1	-1.679900E-7	1.679900E-7	-4.277820E-9	4.277820E-9
-3.200000E-1	-1.588190E-7	1.588190E-7	-4.044283E-9	4.044283E-9
-3.100000E-1	-1.502430E-7	1.502430E-7	-3.825898E-9	3.825898E-9
-3.000000E-1	-1.416830E-7	1.416830E-7	-3.607919E-9	3.607919E-9
-2.900000E-1	-1.330570E-7	1.330570E-7	-3.388261E-9	3.388261E-9
-2.800000E-1	-1.256370E-7	1.256370E-7	-3.199312E-9	3.199312E-9
-2.700000E-1	-1.169030E-7	1.169030E-7	-2.976903E-9	2.976903E-9
-2.600000E-1	-1.096010E-7	1.096010E-7	-2.790960E-9	2.790960E-9
-2.500000E-1	-1.032838E-7	1.032838E-7	-2.630094E-9	2.630094E-9
-2.400000E-1	-9.720080E-8	9.720080E-8	-2.475192E-9	2.475192E-9
-2.300000E-1	-8.918220E-8	8.918220E-8	-2.271001E-9	2.271001E-9
-2.200000E-1	-8.238270E-8	8.238270E-8	-2.097853E-9	2.097853E-9
-2.100000E-1	-7.600430E-8	7.600430E-8	-1.935429E-9	1.935429E-9
-2.000000E-1	-7.030360E-8	7.030360E-8	-1.790262E-9	1.790262E-9
-1.900000E-1	-6.436820E-8	6.436820E-8	-1.639119E-9	1.639119E-9
-1.800000E-1	-5.890350E-8	5.890350E-8	-1.499962E-9	1.499962E-9
-1.700000E-1	-5.322290E-8	5.322290E-8	-1.355307E-9	1.355307E-9
-1.600000E-1	-4.805940E-8	4.805940E-8	-1.223820E-9	1.223820E-9
-1.500000E-1	-4.351090E-8	4.351090E-8	-1.107993E-9	1.107993E-9
-1.400000E-1	-3.891960E-8	3.891960E-8	-9.910771E-10	9.910771E-10
-1.300000E-1	-3.487480E-8	3.487480E-8	-8.880774E-10	8.880774E-10
-1.200000E-1	-3.075250E-8	3.075250E-8	-7.831041E-10	7.831041E-10
-1.100000E-1	-2.847970E-8	2.847970E-8	-7.252279E-10	7.252279E-10
-1.000000E-1	-2.503250E-8	2.503250E-8	-6.374459E-10	6.374459E-10
-9.000000E-2	-2.155310E-8	2.155310E-8	-5.488439E-10	5.488439E-10
-8.000000E-2	-1.840800E-8	1.840800E-8	-4.687548E-10	4.687548E-10
-7.000000E-2	-1.546840E-8	1.546840E-8	-3.938986E-10	3.938986E-10
-6.000000E-2	-1.277050E-8	1.277050E-8	-3.251973E-10	3.251973E-10
-5.000000E-2	-1.034420E-8	1.034420E-8	-2.634123E-10	2.634123E-10
-4.000000E-2	-7.934640E-9	7.934640E-9	-2.020535E-10	2.020535E-10
-3.000000E-2	-5.711600E-9	5.711600E-9	-1.454444E-10	1.454444E-10
-2.000000E-2	-3.474820E-9	3.474820E-9	-8.848536E-11	8.848536E-11
-1.000000E-2	-1.392910E-9	1.392910E-9	-3.547008E-11	3.547008E-11
0.000000E+0	7.069800E-10	7.069800E-10	1.800306E-11	1.800306E-11
1.000000E-2	2.775800E-9	2.775800E-9	7.068500E-11	7.068500E-11
2.000000E-2	4.871000E-9	4.871000E-9	1.240387E-10	1.240387E-10
3.000000E-2	7.033000E-9	7.033000E-9	1.790935E-10	1.790935E-10
4.000000E-2	9.233800E-9	9.233800E-9	2.351362E-10	2.351362E-10
5.000000E-2	1.177370E-8	1.177370E-8	2.998141E-10	2.998141E-10
6.000000E-2	1.428820E-8	1.428820E-8	3.638452E-10	3.638452E-10
7.000000E-2	1.691220E-8	1.691220E-8	4.306646E-10	4.306646E-10
8.000000E-2	1.970950E-8	1.970950E-8	5.018971E-10	5.018971E-10
9.000000E-2	2.281100E-8	2.281100E-8	5.808760E-10	5.808760E-10
1.000000E-1	2.615270E-8	2.615270E-8	6.659715E-10	6.659715E-10
1.100000E-1	2.945590E-8	2.945590E-8	7.500866E-10	7.500866E-10
1.200000E-1	3.303660E-8	3.303660E-8	8.412681E-10	8.412681E-10
1.300000E-1	3.696750E-8	3.696750E-8	9.413674E-10	9.413674E-10
1.400000E-1	4.114410E-8	4.114410E-8	1.047723E-9	1.047723E-9
1.500000E-1	4.548320E-8	4.548320E-8	1.158217E-9	1.158217E-9
1.600000E-1	5.015320E-8	5.015320E-8	1.277138E-9	1.277138E-9
1.700000E-1	5.496700E-8	5.496700E-8	1.399720E-9	1.399720E-9
1.800000E-1	6.025780E-8	6.025780E-8	1.534449E-9	1.534449E-9
1.900000E-1	6.572590E-8	6.572590E-8	1.673692E-9	1.673692E-9
2.000000E-1	7.138680E-8	7.138680E-8	1.817846E-9	1.817846E-9
2.100000E-1	7.714280E-8	7.714280E-8	1.964421E-9	1.964421E-9
2.200000E-1	8.360190E-8	8.360190E-8	2.128900E-9	2.128900E-9
2.300000E-1	8.990350E-8	8.990350E-8	2.289368E-9	2.289368E-9
2.400000E-1	9.674300E-8	9.674300E-8	2.463534E-9	2.463534E-9
2.500000E-1	1.035800E-7	1.035800E-7	2.637637E-9	2.637637E-9
2.600000E-1	1.120010E-7	1.120010E-7	2.852075E-9	2.852075E-9
2.700000E-1	1.200460E-7	1.200460E-7	3.056939E-9	3.056939E-9
2.800000E-1	1.278690E-7	1.278690E-7	3.256150E-9	3.256150E-9
2.900000E-1	1.354230E-7	1.354230E-7	3.448510E-9	3.448510E-9
3.000000E-1	1.436520E-7	1.436520E-7	3.658060E-9	3.658060E-9
3.100000E-1	1.522760E-7	1.522760E-7	3.877667E-9	3.877667E-9
3.200000E-1	1.610550E-7	1.610550E-7	4.101222E-9	4.101222E-9
3.300000E-1	1.699580E-7	1.699580E-7	4.327935E-9	4.327935E-9
3.400000E-1	1.790170E-7	1.790170E-7	4.558620E-9	4.558620E-9
3.500000E-1	1.884250E-7	1.884250E-7	4.798192E-9	4.798192E-9
3.600000E-1	1.984100E-7	1.984100E-7	5.052457E-9	5.052457E-9
3.700000E-1	2.085160E-7	2.085160E-7	5.309804E-9	5.309804E-9
3.800000E-1	2.188560E-7	2.188560E-7	5.573109E-9	5.573109E-9
3.900000E-1	2.288900E-7	2.288900E-7	5.828622E-9	5.828622E-9
4.000000E-1	2.397590E-7	2.397590E-7	6.105398E-9	6.105398E-9
4.100000E-1	2.511460E-7	2.511460E-7	6.395365E-9	6.395365E-9
4.200000E-1	2.622300E-7	2.622300E-7	6.677616E-9	6.677616E-9
4.300000E-1	2.736940E-7	2.736940E-7	6.969544E-9	6.969544E-9
4.400000E-1	2.855840E-7	2.855840E-7	7.272320E-9	7.272320E-9
4.500000E-1	2.979420E-7	2.979420E-7	7.587013E-9	7.587013E-9
4.600000E-1	3.105630E-7	3.105630E-7	7.908403E-9	7.908403E-9
4.700000E-1	3.232640E-7	3.232640E-7	8.231831E-9	8.231831E-9
4.800000E-1	3.364870E-7	3.364870E-7	8.568551E-9	8.568551E-9
4.900000E-1	3.495590E-7	3.495590E-7	8.901426E-9	8.901426E-9
5.000000E-1	3.642610E-7	3.642610E-7	9.275808E-9	9.275808E-9
