

15:48:22	24/03/21


Ell Cont: 5,0x10,0

SMU1	V name:		V1
	I name:		I1
	Mode:		V
	Function:	VAR1
SMU2	V name:		V2
	I name:		I2
	Mode:		common
	Function:	const.
SMU3	off
SMU4	off
VMUs	off

Primary Source (VAR1):	single
	Sweep Spacing:	linear
	Start:		-0.500000
	Stop:		0.500000
	Step:		0.010000
	Compliance:	0.050000
Power Compliance OFF

Timing:		Integration Time:	medium
	Delay Time (sec):	0.000000
	Hold Time (sec):	0.000000
	Wait Time (sec):	1.000000

Secondary Source (VAR2):	OFF


   V1	   I1	Abs(I)	J (A\um²)	Abs(J)
-5.000000E-1	-1.123480E-5	1.123480E-5	-2.860912E-7	2.860912E-7
-4.900000E-1	-1.085020E-5	1.085020E-5	-2.762974E-7	2.762974E-7
-4.800000E-1	-1.047910E-5	1.047910E-5	-2.668475E-7	2.668475E-7
-4.700000E-1	-1.012490E-5	1.012490E-5	-2.578279E-7	2.578279E-7
-4.600000E-1	-9.766430E-6	9.766430E-6	-2.486995E-7	2.486995E-7
-4.500000E-1	-9.419470E-6	9.419470E-6	-2.398643E-7	2.398643E-7
-4.400000E-1	-9.076220E-6	9.076220E-6	-2.311235E-7	2.311235E-7
-4.300000E-1	-8.741870E-6	8.741870E-6	-2.226094E-7	2.226094E-7
-4.200000E-1	-8.411250E-6	8.411250E-6	-2.141902E-7	2.141902E-7
-4.100000E-1	-8.088700E-6	8.088700E-6	-2.059766E-7	2.059766E-7
-4.000000E-1	-7.772740E-6	7.772740E-6	-1.979307E-7	1.979307E-7
-3.900000E-1	-7.456920E-6	7.456920E-6	-1.898885E-7	1.898885E-7
-3.800000E-1	-7.152480E-6	7.152480E-6	-1.821360E-7	1.821360E-7
-3.700000E-1	-6.851060E-6	6.851060E-6	-1.744604E-7	1.744604E-7
-3.600000E-1	-6.554830E-6	6.554830E-6	-1.669170E-7	1.669170E-7
-3.500000E-1	-6.262950E-6	6.262950E-6	-1.594843E-7	1.594843E-7
-3.400000E-1	-5.976260E-6	5.976260E-6	-1.521839E-7	1.521839E-7
-3.300000E-1	-5.694560E-6	5.694560E-6	-1.450104E-7	1.450104E-7
-3.200000E-1	-5.421210E-6	5.421210E-6	-1.380497E-7	1.380497E-7
-3.100000E-1	-5.152850E-6	5.152850E-6	-1.312159E-7	1.312159E-7
-3.000000E-1	-4.889770E-6	4.889770E-6	-1.245167E-7	1.245167E-7
-2.900000E-1	-4.632730E-6	4.632730E-6	-1.179712E-7	1.179712E-7
-2.800000E-1	-4.381080E-6	4.381080E-6	-1.115630E-7	1.115630E-7
-2.700000E-1	-4.138030E-6	4.138030E-6	-1.053738E-7	1.053738E-7
-2.600000E-1	-3.898070E-6	3.898070E-6	-9.926330E-8	9.926330E-8
-2.500000E-1	-3.664820E-6	3.664820E-6	-9.332366E-8	9.332366E-8
-2.400000E-1	-3.437800E-6	3.437800E-6	-8.754265E-8	8.754265E-8
-2.300000E-1	-3.219260E-6	3.219260E-6	-8.197759E-8	8.197759E-8
-2.200000E-1	-3.006140E-6	3.006140E-6	-7.655055E-8	7.655055E-8
-2.100000E-1	-2.802150E-6	2.802150E-6	-7.135600E-8	7.135600E-8
-2.000000E-1	-2.598850E-6	2.598850E-6	-6.617902E-8	6.617902E-8
-1.900000E-1	-2.405460E-6	2.405460E-6	-6.125439E-8	6.125439E-8
-1.800000E-1	-2.218860E-6	2.218860E-6	-5.650267E-8	5.650267E-8
-1.700000E-1	-2.040070E-6	2.040070E-6	-5.194983E-8	5.194983E-8
-1.600000E-1	-1.867950E-6	1.867950E-6	-4.756684E-8	4.756684E-8
-1.500000E-1	-1.702400E-6	1.702400E-6	-4.335116E-8	4.335116E-8
-1.400000E-1	-1.545900E-6	1.545900E-6	-3.936593E-8	3.936593E-8
-1.300000E-1	-1.394500E-6	1.394500E-6	-3.551057E-8	3.551057E-8
-1.200000E-1	-1.252250E-6	1.252250E-6	-3.188821E-8	3.188821E-8
-1.100000E-1	-1.116240E-6	1.116240E-6	-2.842475E-8	2.842475E-8
-1.000000E-1	-9.891790E-7	9.891790E-7	-2.518918E-8	2.518918E-8
-9.000000E-2	-8.655760E-7	8.655760E-7	-2.204166E-8	2.204166E-8
-8.000000E-2	-7.508030E-7	7.508030E-7	-1.911900E-8	1.911900E-8
-7.000000E-2	-6.410290E-7	6.410290E-7	-1.632363E-8	1.632363E-8
-6.000000E-2	-5.381170E-7	5.381170E-7	-1.370300E-8	1.370300E-8
-5.000000E-2	-4.397760E-7	4.397760E-7	-1.119878E-8	1.119878E-8
-4.000000E-2	-3.462470E-7	3.462470E-7	-8.817087E-9	8.817087E-9
-3.000000E-2	-2.555820E-7	2.555820E-7	-6.508327E-9	6.508327E-9
-2.000000E-2	-1.678130E-7	1.678130E-7	-4.273313E-9	4.273313E-9
-1.000000E-2	-8.340010E-8	8.340010E-8	-2.123761E-9	2.123761E-9
0.000000E+0	3.821300E-10	3.821300E-10	9.730838E-12	9.730838E-12
1.000000E-2	8.447260E-8	8.447260E-8	2.151072E-9	2.151072E-9
2.000000E-2	1.702070E-7	1.702070E-7	4.334275E-9	4.334275E-9
3.000000E-2	2.593540E-7	2.593540E-7	6.604380E-9	6.604380E-9
4.000000E-2	3.491320E-7	3.491320E-7	8.890552E-9	8.890552E-9
5.000000E-2	4.433870E-7	4.433870E-7	1.129073E-8	1.129073E-8
6.000000E-2	5.416380E-7	5.416380E-7	1.379267E-8	1.379267E-8
7.000000E-2	6.452390E-7	6.452390E-7	1.643084E-8	1.643084E-8
8.000000E-2	7.537460E-7	7.537460E-7	1.919394E-8	1.919394E-8
9.000000E-2	8.696830E-7	8.696830E-7	2.214624E-8	2.214624E-8
1.000000E-1	9.898160E-7	9.898160E-7	2.520540E-8	2.520540E-8
1.100000E-1	1.118680E-6	1.118680E-6	2.848689E-8	2.848689E-8
1.200000E-1	1.255150E-6	1.255150E-6	3.196206E-8	3.196206E-8
1.300000E-1	1.399460E-6	1.399460E-6	3.563687E-8	3.563687E-8
1.400000E-1	1.549860E-6	1.549860E-6	3.946677E-8	3.946677E-8
1.500000E-1	1.706170E-6	1.706170E-6	4.344716E-8	4.344716E-8
1.600000E-1	1.871930E-6	1.871930E-6	4.766819E-8	4.766819E-8
1.700000E-1	2.043470E-6	2.043470E-6	5.203641E-8	5.203641E-8
1.800000E-1	2.221240E-6	2.221240E-6	5.656328E-8	5.656328E-8
1.900000E-1	2.408010E-6	2.408010E-6	6.131933E-8	6.131933E-8
2.000000E-1	2.602080E-6	2.602080E-6	6.626127E-8	6.626127E-8
2.100000E-1	2.800710E-6	2.800710E-6	7.131933E-8	7.131933E-8
2.200000E-1	3.008230E-6	3.008230E-6	7.660377E-8	7.660377E-8
2.300000E-1	3.220760E-6	3.220760E-6	8.201579E-8	8.201579E-8
2.400000E-1	3.442330E-6	3.442330E-6	8.765801E-8	8.765801E-8
2.500000E-1	3.669210E-6	3.669210E-6	9.343545E-8	9.343545E-8
2.600000E-1	3.899900E-6	3.899900E-6	9.930990E-8	9.930990E-8
2.700000E-1	4.138030E-6	4.138030E-6	1.053738E-7	1.053738E-7
2.800000E-1	4.381160E-6	4.381160E-6	1.115651E-7	1.115651E-7
2.900000E-1	4.633390E-6	4.633390E-6	1.179880E-7	1.179880E-7
3.000000E-1	4.890390E-6	4.890390E-6	1.245325E-7	1.245325E-7
3.100000E-1	5.154740E-6	5.154740E-6	1.312641E-7	1.312641E-7
3.200000E-1	5.421290E-6	5.421290E-6	1.380517E-7	1.380517E-7
3.300000E-1	5.696820E-6	5.696820E-6	1.450680E-7	1.450680E-7
3.400000E-1	5.975880E-6	5.975880E-6	1.521742E-7	1.521742E-7
3.500000E-1	6.261600E-6	6.261600E-6	1.594500E-7	1.594500E-7
3.600000E-1	6.554590E-6	6.554590E-6	1.669109E-7	1.669109E-7
3.700000E-1	6.850710E-6	6.850710E-6	1.744515E-7	1.744515E-7
3.800000E-1	7.149780E-6	7.149780E-6	1.820672E-7	1.820672E-7
3.900000E-1	7.456600E-6	7.456600E-6	1.898803E-7	1.898803E-7
4.000000E-1	7.771330E-6	7.771330E-6	1.978948E-7	1.978948E-7
4.100000E-1	8.087560E-6	8.087560E-6	2.059475E-7	2.059475E-7
4.200000E-1	8.412080E-6	8.412080E-6	2.142114E-7	2.142114E-7
4.300000E-1	8.743650E-6	8.743650E-6	2.226547E-7	2.226547E-7
4.400000E-1	9.084040E-6	9.084040E-6	2.313226E-7	2.313226E-7
4.500000E-1	9.424170E-6	9.424170E-6	2.399840E-7	2.399840E-7
4.600000E-1	9.776980E-6	9.776980E-6	2.489682E-7	2.489682E-7
4.700000E-1	1.012649E-5	1.012649E-5	2.578683E-7	2.578683E-7
4.800000E-1	1.048089E-5	1.048089E-5	2.668930E-7	2.668930E-7
4.900000E-1	1.084702E-5	1.084702E-5	2.762164E-7	2.762164E-7
5.000000E-1	1.121513E-5	1.121513E-5	2.855903E-7	2.855903E-7
