

15:52:03	24/03/21


Ell Cont: 5,0x10,0

SMU1	V name:		V1
	I name:		I1
	Mode:		V
	Function:	VAR1
SMU2	V name:		V2
	I name:		I2
	Mode:		common
	Function:	const.
SMU3	off
SMU4	off
VMUs	off

Primary Source (VAR1):	single
	Sweep Spacing:	linear
	Start:		-0.500000
	Stop:		0.500000
	Step:		0.010000
	Compliance:	0.050000
Power Compliance OFF

Timing:		Integration Time:	medium
	Delay Time (sec):	0.000000
	Hold Time (sec):	0.000000
	Wait Time (sec):	1.000000

Secondary Source (VAR2):	OFF


   V1	   I1	Abs(I)	J (A\µm²)	Abs(J)
-5.000000E-1	-4.748840E-7	4.748840E-7	-1.209279E-8	1.209279E-8
-4.900000E-1	-4.545650E-7	4.545650E-7	-1.157538E-8	1.157538E-8
-4.800000E-1	-4.372300E-7	4.372300E-7	-1.113394E-8	1.113394E-8
-4.700000E-1	-4.198500E-7	4.198500E-7	-1.069137E-8	1.069137E-8
-4.600000E-1	-4.037600E-7	4.037600E-7	-1.028164E-8	1.028164E-8
-4.500000E-1	-3.880090E-7	3.880090E-7	-9.880545E-9	9.880545E-9
-4.400000E-1	-3.731330E-7	3.731330E-7	-9.501731E-9	9.501731E-9
-4.300000E-1	-3.587410E-7	3.587410E-7	-9.135243E-9	9.135243E-9
-4.200000E-1	-3.441810E-7	3.441810E-7	-8.764477E-9	8.764477E-9
-4.100000E-1	-3.294460E-7	3.294460E-7	-8.389254E-9	8.389254E-9
-4.000000E-1	-3.157120E-7	3.157120E-7	-8.039521E-9	8.039521E-9
-3.900000E-1	-3.024410E-7	3.024410E-7	-7.701579E-9	7.701579E-9
-3.800000E-1	-2.886280E-7	2.886280E-7	-7.349834E-9	7.349834E-9
-3.700000E-1	-2.758720E-7	2.758720E-7	-7.025006E-9	7.025006E-9
-3.600000E-1	-2.629840E-7	2.629840E-7	-6.696817E-9	6.696817E-9
-3.500000E-1	-2.502270E-7	2.502270E-7	-6.371963E-9	6.371963E-9
-3.400000E-1	-2.383110E-7	2.383110E-7	-6.068526E-9	6.068526E-9
-3.300000E-1	-2.261570E-7	2.261570E-7	-5.759027E-9	5.759027E-9
-3.200000E-1	-2.144730E-7	2.144730E-7	-5.461497E-9	5.461497E-9
-3.100000E-1	-2.029600E-7	2.029600E-7	-5.168322E-9	5.168322E-9
-3.000000E-1	-1.919080E-7	1.919080E-7	-4.886886E-9	4.886886E-9
-2.900000E-1	-1.811910E-7	1.811910E-7	-4.613980E-9	4.613980E-9
-2.800000E-1	-1.705890E-7	1.705890E-7	-4.344003E-9	4.344003E-9
-2.700000E-1	-1.605910E-7	1.605910E-7	-4.089407E-9	4.089407E-9
-2.600000E-1	-1.503920E-7	1.503920E-7	-3.829692E-9	3.829692E-9
-2.500000E-1	-1.407930E-7	1.407930E-7	-3.585256E-9	3.585256E-9
-2.400000E-1	-1.316130E-7	1.316130E-7	-3.351490E-9	3.351490E-9
-2.300000E-1	-1.225290E-7	1.225290E-7	-3.120168E-9	3.120168E-9
-2.200000E-1	-1.137680E-7	1.137680E-7	-2.897072E-9	2.897072E-9
-2.100000E-1	-1.053620E-7	1.053620E-7	-2.683015E-9	2.683015E-9
-2.000000E-1	-9.716400E-8	9.716400E-8	-2.474255E-9	2.474255E-9
-1.900000E-1	-9.010160E-8	9.010160E-8	-2.294413E-9	2.294413E-9
-1.800000E-1	-8.193590E-8	8.193590E-8	-2.086476E-9	2.086476E-9
-1.700000E-1	-7.489990E-8	7.489990E-8	-1.907306E-9	1.907306E-9
-1.600000E-1	-6.825350E-8	6.825350E-8	-1.738057E-9	1.738057E-9
-1.500000E-1	-6.160940E-8	6.160940E-8	-1.568867E-9	1.568867E-9
-1.400000E-1	-5.543840E-8	5.543840E-8	-1.411724E-9	1.411724E-9
-1.300000E-1	-5.039230E-8	5.039230E-8	-1.283226E-9	1.283226E-9
-1.200000E-1	-4.556790E-8	4.556790E-8	-1.160374E-9	1.160374E-9
-1.100000E-1	-4.033750E-8	4.033750E-8	-1.027184E-9	1.027184E-9
-1.000000E-1	-3.555440E-8	3.555440E-8	-9.053832E-10	9.053832E-10
-9.000000E-2	-3.094740E-8	3.094740E-8	-7.880672E-10	7.880672E-10
-8.000000E-2	-2.664910E-8	2.664910E-8	-6.786122E-10	6.786122E-10
-7.000000E-2	-2.257010E-8	2.257010E-8	-5.747415E-10	5.747415E-10
-6.000000E-2	-1.870700E-8	1.870700E-8	-4.763687E-10	4.763687E-10
-5.000000E-2	-1.512500E-8	1.512500E-8	-3.851541E-10	3.851541E-10
-4.000000E-2	-1.170310E-8	1.170310E-8	-2.980163E-10	2.980163E-10
-3.000000E-2	-8.414510E-9	8.414510E-9	-2.142732E-10	2.142732E-10
-2.000000E-2	-5.330540E-9	5.330540E-9	-1.357408E-10	1.357408E-10
-1.000000E-2	-2.342230E-9	2.342230E-9	-5.964426E-11	5.964426E-11
0.000000E+0	6.380500E-10	6.380500E-10	1.624777E-11	1.624777E-11
1.000000E-2	3.627480E-9	3.627480E-9	9.237280E-11	9.237280E-11
2.000000E-2	6.708830E-9	6.708830E-9	1.708386E-10	1.708386E-10
3.000000E-2	1.002350E-8	1.002350E-8	2.552457E-10	2.552457E-10
4.000000E-2	1.328700E-8	1.328700E-8	3.383499E-10	3.383499E-10
5.000000E-2	1.677450E-8	1.677450E-8	4.271581E-10	4.271581E-10
6.000000E-2	2.043030E-8	2.043030E-8	5.202521E-10	5.202521E-10
7.000000E-2	2.427980E-8	2.427980E-8	6.182786E-10	6.182786E-10
8.000000E-2	2.834230E-8	2.834230E-8	7.217290E-10	7.217290E-10
9.000000E-2	3.270310E-8	3.270310E-8	8.327756E-10	8.327756E-10
1.000000E-1	3.739280E-8	3.739280E-8	9.521976E-10	9.521976E-10
1.100000E-1	4.236170E-8	4.236170E-8	1.078729E-9	1.078729E-9
1.200000E-1	4.761460E-8	4.761460E-8	1.212493E-9	1.212493E-9
1.300000E-1	5.332060E-8	5.332060E-8	1.357795E-9	1.357795E-9
1.400000E-1	5.931390E-8	5.931390E-8	1.510413E-9	1.510413E-9
1.500000E-1	6.549520E-8	6.549520E-8	1.667818E-9	1.667818E-9
1.600000E-1	7.201440E-8	7.201440E-8	1.833827E-9	1.833827E-9
1.700000E-1	7.883570E-8	7.883570E-8	2.007530E-9	2.007530E-9
1.800000E-1	8.633820E-8	8.633820E-8	2.198579E-9	2.198579E-9
1.900000E-1	9.385060E-8	9.385060E-8	2.389880E-9	2.389880E-9
2.000000E-1	1.015650E-7	1.015650E-7	2.586325E-9	2.586325E-9
2.100000E-1	1.107580E-7	1.107580E-7	2.820423E-9	2.820423E-9
2.200000E-1	1.194640E-7	1.194640E-7	3.042119E-9	3.042119E-9
2.300000E-1	1.284580E-7	1.284580E-7	3.271148E-9	3.271148E-9
2.400000E-1	1.376390E-7	1.376390E-7	3.504940E-9	3.504940E-9
2.500000E-1	1.470890E-7	1.470890E-7	3.745582E-9	3.745582E-9
2.600000E-1	1.570170E-7	1.570170E-7	3.998396E-9	3.998396E-9
2.700000E-1	1.672360E-7	1.672360E-7	4.258620E-9	4.258620E-9
2.800000E-1	1.776550E-7	1.776550E-7	4.523937E-9	4.523937E-9
2.900000E-1	1.883690E-7	1.883690E-7	4.796766E-9	4.796766E-9
3.000000E-1	1.992410E-7	1.992410E-7	5.073618E-9	5.073618E-9
3.100000E-1	2.108870E-7	2.108870E-7	5.370181E-9	5.370181E-9
3.200000E-1	2.225120E-7	2.225120E-7	5.666208E-9	5.666208E-9
3.300000E-1	2.347090E-7	2.347090E-7	5.976802E-9	5.976802E-9
3.400000E-1	2.468790E-7	2.468790E-7	6.286707E-9	6.286707E-9
3.500000E-1	2.599060E-7	2.599060E-7	6.618436E-9	6.618436E-9
3.600000E-1	2.729190E-7	2.729190E-7	6.949809E-9	6.949809E-9
3.700000E-1	2.862790E-7	2.862790E-7	7.290018E-9	7.290018E-9
3.800000E-1	2.996160E-7	2.996160E-7	7.629641E-9	7.629641E-9
3.900000E-1	3.133740E-7	3.133740E-7	7.979985E-9	7.979985E-9
4.000000E-1	3.275900E-7	3.275900E-7	8.341991E-9	8.341991E-9
4.100000E-1	3.423200E-7	3.423200E-7	8.717087E-9	8.717087E-9
4.200000E-1	3.577080E-7	3.577080E-7	9.108938E-9	9.108938E-9
4.300000E-1	3.725180E-7	3.725180E-7	9.486071E-9	9.486071E-9
4.400000E-1	3.888900E-7	3.888900E-7	9.902979E-9	9.902979E-9
4.500000E-1	4.043140E-7	4.043140E-7	1.029575E-8	1.029575E-8
4.600000E-1	4.213600E-7	4.213600E-7	1.072982E-8	1.072982E-8
4.700000E-1	4.375190E-7	4.375190E-7	1.114130E-8	1.114130E-8
4.800000E-1	4.543220E-7	4.543220E-7	1.156919E-8	1.156919E-8
4.900000E-1	4.723530E-7	4.723530E-7	1.202834E-8	1.202834E-8
5.000000E-1	4.920250E-7	4.920250E-7	1.252928E-8	1.252928E-8
