

15:53:04	24/03/21


Ell Cont: 5,0x10,0

SMU1	V name:		V1
	I name:		I1
	Mode:		V
	Function:	VAR1
SMU2	V name:		V2
	I name:		I2
	Mode:		common
	Function:	const.
SMU3	off
SMU4	off
VMUs	off

Primary Source (VAR1):	single
	Sweep Spacing:	linear
	Start:		-0.500000
	Stop:		0.500000
	Step:		0.010000
	Compliance:	0.050000
Power Compliance OFF

Timing:		Integration Time:	medium
	Delay Time (sec):	0.000000
	Hold Time (sec):	0.000000
	Wait Time (sec):	1.000000

Secondary Source (VAR2):	OFF


   V1	   I1	Abs(I)	J (A\um²)	Abs(J)
-5.000000E-1	-6.675410E-6	6.675410E-6	-1.699875E-7	1.699875E-7
-4.900000E-1	-6.450000E-6	6.450000E-6	-1.642475E-7	1.642475E-7
-4.800000E-1	-6.217580E-6	6.217580E-6	-1.583290E-7	1.583290E-7
-4.700000E-1	-5.989510E-6	5.989510E-6	-1.525213E-7	1.525213E-7
-4.600000E-1	-5.774390E-6	5.774390E-6	-1.470433E-7	1.470433E-7
-4.500000E-1	-5.560110E-6	5.560110E-6	-1.415867E-7	1.415867E-7
-4.400000E-1	-5.371520E-6	5.371520E-6	-1.367843E-7	1.367843E-7
-4.300000E-1	-5.155770E-6	5.155770E-6	-1.312903E-7	1.312903E-7
-4.200000E-1	-4.961560E-6	4.961560E-6	-1.263448E-7	1.263448E-7
-4.100000E-1	-4.768810E-6	4.768810E-6	-1.214365E-7	1.214365E-7
-4.000000E-1	-4.578390E-6	4.578390E-6	-1.165875E-7	1.165875E-7
-3.900000E-1	-4.384970E-6	4.384970E-6	-1.116621E-7	1.116621E-7
-3.800000E-1	-4.200370E-6	4.200370E-6	-1.069613E-7	1.069613E-7
-3.700000E-1	-4.019510E-6	4.019510E-6	-1.023557E-7	1.023557E-7
-3.600000E-1	-3.844390E-6	3.844390E-6	-9.789636E-8	9.789636E-8
-3.500000E-1	-3.675060E-6	3.675060E-6	-9.358441E-8	9.358441E-8
-3.400000E-1	-3.508600E-6	3.508600E-6	-8.934556E-8	8.934556E-8
-3.300000E-1	-3.341490E-6	3.341490E-6	-8.509014E-8	8.509014E-8
-3.200000E-1	-3.181250E-6	3.181250E-6	-8.100968E-8	8.100968E-8
-3.100000E-1	-3.021160E-6	3.021160E-6	-7.693303E-8	7.693303E-8
-3.000000E-1	-2.862850E-6	2.862850E-6	-7.290171E-8	7.290171E-8
-2.900000E-1	-2.710520E-6	2.710520E-6	-6.902266E-8	6.902266E-8
-2.800000E-1	-2.562750E-6	2.562750E-6	-6.525974E-8	6.525974E-8
-2.700000E-1	-2.418360E-6	2.418360E-6	-6.158289E-8	6.158289E-8
-2.600000E-1	-2.277180E-6	2.277180E-6	-5.798778E-8	5.798778E-8
-2.500000E-1	-2.140670E-6	2.140670E-6	-5.451159E-8	5.451159E-8
-2.400000E-1	-2.007710E-6	2.007710E-6	-5.112580E-8	5.112580E-8
-2.300000E-1	-1.881570E-6	1.881570E-6	-4.791367E-8	4.791367E-8
-2.200000E-1	-1.752500E-6	1.752500E-6	-4.462694E-8	4.462694E-8
-2.100000E-1	-1.632410E-6	1.632410E-6	-4.156888E-8	4.156888E-8
-2.000000E-1	-1.515590E-6	1.515590E-6	-3.859409E-8	3.859409E-8
-1.900000E-1	-1.400700E-6	1.400700E-6	-3.566845E-8	3.566845E-8
-1.800000E-1	-1.294270E-6	1.294270E-6	-3.295824E-8	3.295824E-8
-1.700000E-1	-1.190060E-6	1.190060E-6	-3.030456E-8	3.030456E-8
-1.600000E-1	-1.088140E-6	1.088140E-6	-2.770919E-8	2.770919E-8
-1.500000E-1	-9.925820E-7	9.925820E-7	-2.527583E-8	2.527583E-8
-1.400000E-1	-9.013090E-7	9.013090E-7	-2.295159E-8	2.295159E-8
-1.300000E-1	-8.139070E-7	8.139070E-7	-2.072592E-8	2.072592E-8
-1.200000E-1	-7.307820E-7	7.307820E-7	-1.860917E-8	1.860917E-8
-1.100000E-1	-6.506570E-7	6.506570E-7	-1.656881E-8	1.656881E-8
-1.000000E-1	-5.753540E-7	5.753540E-7	-1.465123E-8	1.465123E-8
-9.000000E-2	-5.042650E-7	5.042650E-7	-1.284097E-8	1.284097E-8
-8.000000E-2	-4.377060E-7	4.377060E-7	-1.114607E-8	1.114607E-8
-7.000000E-2	-3.733100E-7	3.733100E-7	-9.506239E-9	9.506239E-9
-6.000000E-2	-3.127760E-7	3.127760E-7	-7.964757E-9	7.964757E-9
-5.000000E-2	-2.549610E-7	2.549610E-7	-6.492513E-9	6.492513E-9
-4.000000E-2	-2.004070E-7	2.004070E-7	-5.103310E-9	5.103310E-9
-3.000000E-2	-1.475610E-7	1.475610E-7	-3.757601E-9	3.757601E-9
-2.000000E-2	-9.628900E-8	9.628900E-8	-2.451973E-9	2.451973E-9
-1.000000E-2	-4.761720E-8	4.761720E-8	-1.212559E-9	1.212559E-9
0.000000E+0	9.902500E-10	9.902500E-10	2.521645E-11	2.521645E-11
1.000000E-2	5.002780E-8	5.002780E-8	1.273944E-9	1.273944E-9
2.000000E-2	1.001630E-7	1.001630E-7	2.550624E-9	2.550624E-9
3.000000E-2	1.530330E-7	1.530330E-7	3.896944E-9	3.896944E-9
4.000000E-2	2.056020E-7	2.056020E-7	5.235600E-9	5.235600E-9
5.000000E-2	2.606380E-7	2.606380E-7	6.637077E-9	6.637077E-9
6.000000E-2	3.180990E-7	3.180990E-7	8.100305E-9	8.100305E-9
7.000000E-2	3.781000E-7	3.781000E-7	9.628215E-9	9.628215E-9
8.000000E-2	4.411220E-7	4.411220E-7	1.123305E-8	1.123305E-8
9.000000E-2	5.086280E-7	5.086280E-7	1.295208E-8	1.295208E-8
1.000000E-1	5.791330E-7	5.791330E-7	1.474747E-8	1.474747E-8
1.100000E-1	6.530300E-7	6.530300E-7	1.662923E-8	1.662923E-8
1.200000E-1	7.310910E-7	7.310910E-7	1.861704E-8	1.861704E-8
1.300000E-1	8.132830E-7	8.132830E-7	2.071003E-8	2.071003E-8
1.400000E-1	9.014210E-7	9.014210E-7	2.295444E-8	2.295444E-8
1.500000E-1	9.898810E-7	9.898810E-7	2.520705E-8	2.520705E-8
1.600000E-1	1.085660E-6	1.085660E-6	2.764604E-8	2.764604E-8
1.700000E-1	1.187100E-6	1.187100E-6	3.022918E-8	3.022918E-8
1.800000E-1	1.289530E-6	1.289530E-6	3.283753E-8	3.283753E-8
1.900000E-1	1.399290E-6	1.399290E-6	3.563254E-8	3.563254E-8
2.000000E-1	1.510950E-6	1.510950E-6	3.847594E-8	3.847594E-8
2.100000E-1	1.627010E-6	1.627010E-6	4.143137E-8	4.143137E-8
2.200000E-1	1.746640E-6	1.746640E-6	4.447772E-8	4.447772E-8
2.300000E-1	1.872570E-6	1.872570E-6	4.768449E-8	4.768449E-8
2.400000E-1	1.999940E-6	1.999940E-6	5.092793E-8	5.092793E-8
2.500000E-1	2.130260E-6	2.130260E-6	5.424650E-8	5.424650E-8
2.600000E-1	2.265170E-6	2.265170E-6	5.768194E-8	5.768194E-8
2.700000E-1	2.403970E-6	2.403970E-6	6.121645E-8	6.121645E-8
2.800000E-1	2.549150E-6	2.549150E-6	6.491342E-8	6.491342E-8
2.900000E-1	2.691900E-6	2.691900E-6	6.854851E-8	6.854851E-8
3.000000E-1	2.841520E-6	2.841520E-6	7.235854E-8	7.235854E-8
3.100000E-1	2.996040E-6	2.996040E-6	7.629335E-8	7.629335E-8
3.200000E-1	3.154930E-6	3.154930E-6	8.033944E-8	8.033944E-8
3.300000E-1	3.314680E-6	3.314680E-6	8.440743E-8	8.440743E-8
3.400000E-1	3.480810E-6	3.480810E-6	8.863789E-8	8.863789E-8
3.500000E-1	3.647160E-6	3.647160E-6	9.287395E-8	9.287395E-8
3.600000E-1	3.821430E-6	3.821430E-6	9.731169E-8	9.731169E-8
3.700000E-1	3.994400E-6	3.994400E-6	1.017163E-7	1.017163E-7
3.800000E-1	4.173630E-6	4.173630E-6	1.062804E-7	1.062804E-7
3.900000E-1	4.352290E-6	4.352290E-6	1.108299E-7	1.108299E-7
4.000000E-1	4.531150E-6	4.531150E-6	1.153845E-7	1.153845E-7
4.100000E-1	4.730250E-6	4.730250E-6	1.204545E-7	1.204545E-7
4.200000E-1	4.926540E-6	4.926540E-6	1.254530E-7	1.254530E-7
4.300000E-1	5.125790E-6	5.125790E-6	1.305269E-7	1.305269E-7
4.400000E-1	5.319470E-6	5.319470E-6	1.354589E-7	1.354589E-7
4.500000E-1	5.523930E-6	5.523930E-6	1.406654E-7	1.406654E-7
4.600000E-1	5.727560E-6	5.727560E-6	1.458508E-7	1.458508E-7
4.700000E-1	5.943130E-6	5.943130E-6	1.513402E-7	1.513402E-7
4.800000E-1	6.143360E-6	6.143360E-6	1.564390E-7	1.564390E-7
4.900000E-1	6.358750E-6	6.358750E-6	1.619239E-7	1.619239E-7
5.000000E-1	6.579210E-6	6.579210E-6	1.675378E-7	1.675378E-7
