

10:39:14	08/03/21


Ell Cont: 5,0x10,0

SMU1	V name:		V1
	I name:		I1
	Mode:		V
	Function:	VAR1
SMU2	V name:		V2
	I name:		I2
	Mode:		common
	Function:	const.
SMU3	off
SMU4	off
VMUs	off

Primary Source (VAR1):	single
	Sweep Spacing:	linear
	Start:		-0.500000
	Stop:		0.500000
	Step:		0.010000
	Compliance:	0.050000
Power Compliance OFF

Timing:		Integration Time:	medium
	Delay Time (sec):	0.000000
	Hold Time (sec):	0.000000
	Wait Time (sec):	1.000000

Secondary Source (VAR2):	OFF


   V1	   I1	Abs(I)	J (A\um²)	Abs(J)
-5.000000E-1	-2.484390E-6	2.484390E-6	-6.326432E-8	6.326432E-8
-4.900000E-1	-2.410430E-6	2.410430E-6	-6.138095E-8	6.138095E-8
-4.800000E-1	-2.340410E-6	2.340410E-6	-5.959791E-8	5.959791E-8
-4.700000E-1	-2.271400E-6	2.271400E-6	-5.784059E-8	5.784059E-8
-4.600000E-1	-2.203590E-6	2.203590E-6	-5.611383E-8	5.611383E-8
-4.500000E-1	-2.137470E-6	2.137470E-6	-5.443010E-8	5.443010E-8
-4.400000E-1	-2.072000E-6	2.072000E-6	-5.276292E-8	5.276292E-8
-4.300000E-1	-2.006960E-6	2.006960E-6	-5.110670E-8	5.110670E-8
-4.200000E-1	-1.944520E-6	1.944520E-6	-4.951668E-8	4.951668E-8
-4.100000E-1	-1.880920E-6	1.880920E-6	-4.789712E-8	4.789712E-8
-4.000000E-1	-1.819720E-6	1.819720E-6	-4.633868E-8	4.633868E-8
-3.900000E-1	-1.757420E-6	1.757420E-6	-4.475223E-8	4.475223E-8
-3.800000E-1	-1.697700E-6	1.697700E-6	-4.323147E-8	4.323147E-8
-3.700000E-1	-1.637210E-6	1.637210E-6	-4.169111E-8	4.169111E-8
-3.600000E-1	-1.578760E-6	1.578760E-6	-4.020270E-8	4.020270E-8
-3.500000E-1	-1.519810E-6	1.519810E-6	-3.870155E-8	3.870155E-8
-3.400000E-1	-1.462280E-6	1.462280E-6	-3.723657E-8	3.723657E-8
-3.300000E-1	-1.406020E-6	1.406020E-6	-3.580392E-8	3.580392E-8
-3.200000E-1	-1.350360E-6	1.350360E-6	-3.438655E-8	3.438655E-8
-3.100000E-1	-1.296080E-6	1.296080E-6	-3.300433E-8	3.300433E-8
-3.000000E-1	-1.242950E-6	1.242950E-6	-3.165139E-8	3.165139E-8
-2.900000E-1	-1.189500E-6	1.189500E-6	-3.029030E-8	3.029030E-8
-2.800000E-1	-1.137340E-6	1.137340E-6	-2.896206E-8	2.896206E-8
-2.700000E-1	-1.085510E-6	1.085510E-6	-2.764222E-8	2.764222E-8
-2.600000E-1	-1.034600E-6	1.034600E-6	-2.634581E-8	2.634581E-8
-2.500000E-1	-9.854930E-7	9.854930E-7	-2.509531E-8	2.509531E-8
-2.400000E-1	-9.367090E-7	9.367090E-7	-2.385304E-8	2.385304E-8
-2.300000E-1	-8.881490E-7	8.881490E-7	-2.261648E-8	2.261648E-8
-2.200000E-1	-8.412390E-7	8.412390E-7	-2.142192E-8	2.142192E-8
-2.100000E-1	-7.948110E-7	7.948110E-7	-2.023965E-8	2.023965E-8
-2.000000E-1	-7.483070E-7	7.483070E-7	-1.905544E-8	1.905544E-8
-1.900000E-1	-7.037190E-7	7.037190E-7	-1.792002E-8	1.792002E-8
-1.800000E-1	-6.591350E-7	6.591350E-7	-1.678470E-8	1.678470E-8
-1.700000E-1	-6.158600E-7	6.158600E-7	-1.568271E-8	1.568271E-8
-1.600000E-1	-5.733110E-7	5.733110E-7	-1.459921E-8	1.459921E-8
-1.500000E-1	-5.315930E-7	5.315930E-7	-1.353687E-8	1.353687E-8
-1.400000E-1	-4.910030E-7	4.910030E-7	-1.250326E-8	1.250326E-8
-1.300000E-1	-4.509890E-7	4.509890E-7	-1.148431E-8	1.148431E-8
-1.200000E-1	-4.121500E-7	4.121500E-7	-1.049529E-8	1.049529E-8
-1.100000E-1	-3.738670E-7	3.738670E-7	-9.520423E-9	9.520423E-9
-1.000000E-1	-3.366600E-7	3.366600E-7	-8.572956E-9	8.572956E-9
-9.000000E-2	-3.000240E-7	3.000240E-7	-7.640030E-9	7.640030E-9
-8.000000E-2	-2.642990E-7	2.642990E-7	-6.730303E-9	6.730303E-9
-7.000000E-2	-2.289360E-7	2.289360E-7	-5.829794E-9	5.829794E-9
-6.000000E-2	-1.947720E-7	1.947720E-7	-4.959817E-9	4.959817E-9
-5.000000E-2	-1.610030E-7	1.610030E-7	-4.099898E-9	4.099898E-9
-4.000000E-2	-1.278150E-7	1.278150E-7	-3.254775E-9	3.254775E-9
-3.000000E-2	-9.528970E-8	9.528970E-8	-2.426527E-9	2.426527E-9
-2.000000E-2	-6.243720E-8	6.243720E-8	-1.589947E-9	1.589947E-9
-1.000000E-2	-3.029470E-8	3.029470E-8	-7.714464E-10	7.714464E-10
0.000000E+0	1.341810E-9	1.341810E-9	3.416883E-11	3.416883E-11
1.000000E-2	3.294010E-8	3.294010E-8	8.388108E-10	8.388108E-10
2.000000E-2	6.594230E-8	6.594230E-8	1.679203E-9	1.679203E-9
3.000000E-2	9.852970E-8	9.852970E-8	2.509032E-9	2.509032E-9
4.000000E-2	1.310410E-7	1.310410E-7	3.336924E-9	3.336924E-9
5.000000E-2	1.651780E-7	1.651780E-7	4.206213E-9	4.206213E-9
6.000000E-2	1.991560E-7	1.991560E-7	5.071454E-9	5.071454E-9
7.000000E-2	2.337240E-7	2.337240E-7	5.951719E-9	5.951719E-9
8.000000E-2	2.691900E-7	2.691900E-7	6.854851E-9	6.854851E-9
9.000000E-2	3.054880E-7	3.054880E-7	7.779170E-9	7.779170E-9
1.000000E-1	3.417220E-7	3.417220E-7	8.701859E-9	8.701859E-9
1.100000E-1	3.793710E-7	3.793710E-7	9.660580E-9	9.660580E-9
1.200000E-1	4.174950E-7	4.174950E-7	1.063140E-8	1.063140E-8
1.300000E-1	4.567800E-7	4.567800E-7	1.163178E-8	1.163178E-8
1.400000E-1	4.971140E-7	4.971140E-7	1.265887E-8	1.265887E-8
1.500000E-1	5.384040E-7	5.384040E-7	1.371031E-8	1.371031E-8
1.600000E-1	5.802410E-7	5.802410E-7	1.477568E-8	1.477568E-8
1.700000E-1	6.227610E-7	6.227610E-7	1.585844E-8	1.585844E-8
1.800000E-1	6.668940E-7	6.668940E-7	1.698228E-8	1.698228E-8
1.900000E-1	7.113940E-7	7.113940E-7	1.811546E-8	1.811546E-8
2.000000E-1	7.568890E-7	7.568890E-7	1.927397E-8	1.927397E-8
2.100000E-1	8.031910E-7	8.031910E-7	2.045304E-8	2.045304E-8
2.200000E-1	8.506380E-7	8.506380E-7	2.166127E-8	2.166127E-8
2.300000E-1	8.998890E-7	8.998890E-7	2.291543E-8	2.291543E-8
2.400000E-1	9.482790E-7	9.482790E-7	2.414767E-8	2.414767E-8
2.500000E-1	9.978110E-7	9.978110E-7	2.540899E-8	2.540899E-8
2.600000E-1	1.048588E-6	1.048588E-6	2.670201E-8	2.670201E-8
2.700000E-1	1.100083E-6	1.100083E-6	2.801332E-8	2.801332E-8
2.800000E-1	1.150920E-6	1.150920E-6	2.930787E-8	2.930787E-8
2.900000E-1	1.204810E-6	1.204810E-6	3.068016E-8	3.068016E-8
3.000000E-1	1.257680E-6	1.257680E-6	3.202648E-8	3.202648E-8
3.100000E-1	1.312390E-6	1.312390E-6	3.341966E-8	3.341966E-8
3.200000E-1	1.366730E-6	1.366730E-6	3.480341E-8	3.480341E-8
3.300000E-1	1.424350E-6	1.424350E-6	3.627069E-8	3.627069E-8
3.400000E-1	1.480720E-6	1.480720E-6	3.770614E-8	3.770614E-8
3.500000E-1	1.538410E-6	1.538410E-6	3.917520E-8	3.917520E-8
3.600000E-1	1.596640E-6	1.596640E-6	4.065801E-8	4.065801E-8
3.700000E-1	1.656780E-6	1.656780E-6	4.218946E-8	4.218946E-8
3.800000E-1	1.717030E-6	1.717030E-6	4.372371E-8	4.372371E-8
3.900000E-1	1.777570E-6	1.777570E-6	4.526534E-8	4.526534E-8
4.000000E-1	1.839320E-6	1.839320E-6	4.683779E-8	4.683779E-8
4.100000E-1	1.902240E-6	1.902240E-6	4.844003E-8	4.844003E-8
4.200000E-1	1.966220E-6	1.966220E-6	5.006926E-8	5.006926E-8
4.300000E-1	2.029510E-6	2.029510E-6	5.168093E-8	5.168093E-8
4.400000E-1	2.094760E-6	2.094760E-6	5.334250E-8	5.334250E-8
4.500000E-1	2.160380E-6	2.160380E-6	5.501350E-8	5.501350E-8
4.600000E-1	2.227520E-6	2.227520E-6	5.672320E-8	5.672320E-8
4.700000E-1	2.294800E-6	2.294800E-6	5.843646E-8	5.843646E-8
4.800000E-1	2.363590E-6	2.363590E-6	6.018818E-8	6.018818E-8
4.900000E-1	2.433880E-6	2.433880E-6	6.197810E-8	6.197810E-8
5.000000E-1	2.502960E-6	2.502960E-6	6.373720E-8	6.373720E-8
