

10:45:28	08/03/21


Ell Cont: 5,0x10,0

SMU1	V name:		V1
	I name:		I1
	Mode:		V
	Function:	VAR1
SMU2	V name:		V2
	I name:		I2
	Mode:		common
	Function:	const.
SMU3	off
SMU4	off
VMUs	off

Primary Source (VAR1):	single
	Sweep Spacing:	linear
	Start:		-0.500000
	Stop:		0.500000
	Step:		0.010000
	Compliance:	0.050000
Power Compliance OFF

Timing:		Integration Time:	medium
	Delay Time (sec):	0.000000
	Hold Time (sec):	0.000000
	Wait Time (sec):	1.000000

Secondary Source (VAR2):	OFF


   V1	   I1	Abs(I)	J (A\um²)	Abs(J)
-5.000000E-1	-1.173100E-5	1.173100E-5	-2.987268E-7	2.987268E-7
-4.900000E-1	-1.134540E-5	1.134540E-5	-2.889076E-7	2.889076E-7
-4.800000E-1	-1.096270E-5	1.096270E-5	-2.791622E-7	2.791622E-7
-4.700000E-1	-1.059130E-5	1.059130E-5	-2.697046E-7	2.697046E-7
-4.600000E-1	-1.022310E-5	1.022310E-5	-2.603285E-7	2.603285E-7
-4.500000E-1	-9.867040E-6	9.867040E-6	-2.512615E-7	2.512615E-7
-4.400000E-1	-9.516160E-6	9.516160E-6	-2.423265E-7	2.423265E-7
-4.300000E-1	-9.171490E-6	9.171490E-6	-2.335495E-7	2.335495E-7
-4.200000E-1	-8.835680E-6	8.835680E-6	-2.249982E-7	2.249982E-7
-4.100000E-1	-8.504920E-6	8.504920E-6	-2.165755E-7	2.165755E-7
-4.000000E-1	-8.182980E-6	8.182980E-6	-2.083774E-7	2.083774E-7
-3.900000E-1	-7.866640E-6	7.866640E-6	-2.003219E-7	2.003219E-7
-3.800000E-1	-7.558490E-6	7.558490E-6	-1.924749E-7	1.924749E-7
-3.700000E-1	-7.254980E-6	7.254980E-6	-1.847461E-7	1.847461E-7
-3.600000E-1	-6.959670E-6	6.959670E-6	-1.772261E-7	1.772261E-7
-3.500000E-1	-6.668410E-6	6.668410E-6	-1.698093E-7	1.698093E-7
-3.400000E-1	-6.387100E-6	6.387100E-6	-1.626458E-7	1.626458E-7
-3.300000E-1	-6.109000E-6	6.109000E-6	-1.555640E-7	1.555640E-7
-3.200000E-1	-5.839030E-6	5.839030E-6	-1.486893E-7	1.486893E-7
-3.100000E-1	-5.574060E-6	5.574060E-6	-1.419419E-7	1.419419E-7
-3.000000E-1	-5.314940E-6	5.314940E-6	-1.353435E-7	1.353435E-7
-2.900000E-1	-5.064310E-6	5.064310E-6	-1.289613E-7	1.289613E-7
-2.800000E-1	-4.816770E-6	4.816770E-6	-1.226578E-7	1.226578E-7
-2.700000E-1	-4.577410E-6	4.577410E-6	-1.165625E-7	1.165625E-7
-2.600000E-1	-4.342940E-6	4.342940E-6	-1.105918E-7	1.105918E-7
-2.500000E-1	-4.116330E-6	4.116330E-6	-1.048212E-7	1.048212E-7
-2.400000E-1	-3.892300E-6	3.892300E-6	-9.911637E-8	9.911637E-8
-2.300000E-1	-3.677640E-6	3.677640E-6	-9.365011E-8	9.365011E-8
-2.200000E-1	-3.465090E-6	3.465090E-6	-8.823758E-8	8.823758E-8
-2.100000E-1	-3.260790E-6	3.260790E-6	-8.303514E-8	8.303514E-8
-2.000000E-1	-3.061220E-6	3.061220E-6	-7.795314E-8	7.795314E-8
-1.900000E-1	-2.867520E-6	2.867520E-6	-7.302063E-8	7.302063E-8
-1.800000E-1	-2.677510E-6	2.677510E-6	-6.818207E-8	6.818207E-8
-1.700000E-1	-2.494290E-6	2.494290E-6	-6.351642E-8	6.351642E-8
-1.600000E-1	-2.315120E-6	2.315120E-6	-5.895391E-8	5.895391E-8
-1.500000E-1	-2.141310E-6	2.141310E-6	-5.452788E-8	5.452788E-8
-1.400000E-1	-1.972780E-6	1.972780E-6	-5.023631E-8	5.023631E-8
-1.300000E-1	-1.807560E-6	1.807560E-6	-4.602903E-8	4.602903E-8
-1.200000E-1	-1.648960E-6	1.648960E-6	-4.199032E-8	4.199032E-8
-1.100000E-1	-1.493600E-6	1.493600E-6	-3.803412E-8	3.803412E-8
-1.000000E-1	-1.343260E-6	1.343260E-6	-3.420575E-8	3.420575E-8
-9.000000E-2	-1.195740E-6	1.195740E-6	-3.044920E-8	3.044920E-8
-8.000000E-2	-1.053150E-6	1.053150E-6	-2.681818E-8	2.681818E-8
-7.000000E-2	-9.138150E-7	9.138150E-7	-2.327005E-8	2.327005E-8
-6.000000E-2	-7.771390E-7	7.771390E-7	-1.978964E-8	1.978964E-8
-5.000000E-2	-6.427750E-7	6.427750E-7	-1.636809E-8	1.636809E-8
-4.000000E-2	-5.115070E-7	5.115070E-7	-1.302539E-8	1.302539E-8
-3.000000E-2	-3.813400E-7	3.813400E-7	-9.710721E-9	9.710721E-9
-2.000000E-2	-2.526710E-7	2.526710E-7	-6.434199E-9	6.434199E-9
-1.000000E-2	-1.259970E-7	1.259970E-7	-3.208480E-9	3.208480E-9
0.000000E+0	3.066600E-10	3.066600E-10	7.809014E-12	7.809014E-12
1.000000E-2	1.263470E-7	1.263470E-7	3.217392E-9	3.217392E-9
2.000000E-2	2.546410E-7	2.546410E-7	6.484365E-9	6.484365E-9
3.000000E-2	3.825560E-7	3.825560E-7	9.741686E-9	9.741686E-9
4.000000E-2	5.131000E-7	5.131000E-7	1.306595E-8	1.306595E-8
5.000000E-2	6.453870E-7	6.453870E-7	1.643461E-8	1.643461E-8
6.000000E-2	7.792090E-7	7.792090E-7	1.984235E-8	1.984235E-8
7.000000E-2	9.166800E-7	9.166800E-7	2.334301E-8	2.334301E-8
8.000000E-2	1.056371E-6	1.056371E-6	2.690020E-8	2.690020E-8
9.000000E-2	1.200140E-6	1.200140E-6	3.056124E-8	3.056124E-8
1.000000E-1	1.347570E-6	1.347570E-6	3.431551E-8	3.431551E-8
1.100000E-1	1.499750E-6	1.499750E-6	3.819073E-8	3.819073E-8
1.200000E-1	1.655220E-6	1.655220E-6	4.214973E-8	4.214973E-8
1.300000E-1	1.815960E-6	1.815960E-6	4.624293E-8	4.624293E-8
1.400000E-1	1.979790E-6	1.979790E-6	5.041482E-8	5.041482E-8
1.500000E-1	2.150440E-6	2.150440E-6	5.476038E-8	5.476038E-8
1.600000E-1	2.326000E-6	2.326000E-6	5.923096E-8	5.923096E-8
1.700000E-1	2.504190E-6	2.504190E-6	6.376852E-8	6.376852E-8
1.800000E-1	2.689770E-6	2.689770E-6	6.849427E-8	6.849427E-8
1.900000E-1	2.879720E-6	2.879720E-6	7.333130E-8	7.333130E-8
2.000000E-1	3.075550E-6	3.075550E-6	7.831805E-8	7.831805E-8
2.100000E-1	3.275730E-6	3.275730E-6	8.341558E-8	8.341558E-8
2.200000E-1	3.483520E-6	3.483520E-6	8.870690E-8	8.870690E-8
2.300000E-1	3.694770E-6	3.694770E-6	9.408632E-8	9.408632E-8
2.400000E-1	3.913400E-6	3.913400E-6	9.965368E-8	9.965368E-8
2.500000E-1	4.136830E-6	4.136830E-6	1.053433E-7	1.053433E-7
2.600000E-1	4.366630E-6	4.366630E-6	1.111951E-7	1.111951E-7
2.700000E-1	4.603240E-6	4.603240E-6	1.172203E-7	1.172203E-7
2.800000E-1	4.844200E-6	4.844200E-6	1.233563E-7	1.233563E-7
2.900000E-1	5.092750E-6	5.092750E-6	1.296855E-7	1.296855E-7
3.000000E-1	5.346510E-6	5.346510E-6	1.361474E-7	1.361474E-7
3.100000E-1	5.606260E-6	5.606260E-6	1.427619E-7	1.427619E-7
3.200000E-1	5.871430E-6	5.871430E-6	1.495144E-7	1.495144E-7
3.300000E-1	6.145570E-6	6.145570E-6	1.564953E-7	1.564953E-7
3.400000E-1	6.422830E-6	6.422830E-6	1.635556E-7	1.635556E-7
3.500000E-1	6.710650E-6	6.710650E-6	1.708849E-7	1.708849E-7
3.600000E-1	7.000430E-6	7.000430E-6	1.782641E-7	1.782641E-7
3.700000E-1	7.300240E-6	7.300240E-6	1.858986E-7	1.858986E-7
3.800000E-1	7.605090E-6	7.605090E-6	1.936616E-7	1.936616E-7
3.900000E-1	7.915800E-6	7.915800E-6	2.015737E-7	2.015737E-7
4.000000E-1	8.234880E-6	8.234880E-6	2.096990E-7	2.096990E-7
4.100000E-1	8.558580E-6	8.558580E-6	2.179419E-7	2.179419E-7
4.200000E-1	8.893510E-6	8.893510E-6	2.264708E-7	2.264708E-7
4.300000E-1	9.230740E-6	9.230740E-6	2.350583E-7	2.350583E-7
4.400000E-1	9.577050E-6	9.577050E-6	2.438770E-7	2.438770E-7
4.500000E-1	9.928160E-6	9.928160E-6	2.528179E-7	2.528179E-7
4.600000E-1	1.028923E-5	1.028923E-5	2.620125E-7	2.620125E-7
4.700000E-1	1.065751E-5	1.065751E-5	2.713906E-7	2.713906E-7
4.800000E-1	1.103228E-5	1.103228E-5	2.809340E-7	2.809340E-7
4.900000E-1	1.141690E-5	1.141690E-5	2.907283E-7	2.907283E-7
5.000000E-1	1.180140E-5	1.180140E-5	3.005195E-7	3.005195E-7
