   V1	   I1	Abs(I)	J (A\um²)	Abs(J)
-5.000000E-1	-8.199060E-7	8.199060E-7	-2.087869E-8	2.087869E-8
-4.900000E-1	-7.947290E-7	7.947290E-7	-2.023756E-8	2.023756E-8
-4.800000E-1	-7.702940E-7	7.702940E-7	-1.961533E-8	1.961533E-8
-4.700000E-1	-7.480670E-7	7.480670E-7	-1.904932E-8	1.904932E-8
-4.600000E-1	-7.256350E-7	7.256350E-7	-1.847810E-8	1.847810E-8
-4.500000E-1	-7.046800E-7	7.046800E-7	-1.794449E-8	1.794449E-8
-4.400000E-1	-6.829980E-7	6.829980E-7	-1.739236E-8	1.739236E-8
-4.300000E-1	-6.618110E-7	6.618110E-7	-1.685284E-8	1.685284E-8
-4.200000E-1	-6.412690E-7	6.412690E-7	-1.632974E-8	1.632974E-8
-4.100000E-1	-6.210220E-7	6.210220E-7	-1.581416E-8	1.581416E-8
-4.000000E-1	-6.006960E-7	6.006960E-7	-1.529656E-8	1.529656E-8
-3.900000E-1	-5.806280E-7	5.806280E-7	-1.478554E-8	1.478554E-8
-3.800000E-1	-5.605190E-7	5.605190E-7	-1.427347E-8	1.427347E-8
-3.700000E-1	-5.411330E-7	5.411330E-7	-1.377981E-8	1.377981E-8
-3.600000E-1	-5.219680E-7	5.219680E-7	-1.329177E-8	1.329177E-8
-3.500000E-1	-5.035620E-7	5.035620E-7	-1.282307E-8	1.282307E-8
-3.400000E-1	-4.848500E-7	4.848500E-7	-1.234657E-8	1.234657E-8
-3.300000E-1	-4.665140E-7	4.665140E-7	-1.187965E-8	1.187965E-8
-3.200000E-1	-4.483900E-7	4.483900E-7	-1.141813E-8	1.141813E-8
-3.100000E-1	-4.302260E-7	4.302260E-7	-1.095559E-8	1.095559E-8
-3.000000E-1	-4.123150E-7	4.123150E-7	-1.049949E-8	1.049949E-8
-2.900000E-1	-3.951660E-7	3.951660E-7	-1.006280E-8	1.006280E-8
-2.800000E-1	-3.777310E-7	3.777310E-7	-9.618818E-9	9.618818E-9
-2.700000E-1	-3.608380E-7	3.608380E-7	-9.188643E-9	9.188643E-9
-2.600000E-1	-3.437960E-7	3.437960E-7	-8.754673E-9	8.754673E-9
-2.500000E-1	-3.271720E-7	3.271720E-7	-8.331347E-9	8.331347E-9
-2.400000E-1	-3.107810E-7	3.107810E-7	-7.913955E-9	7.913955E-9
-2.300000E-1	-2.948730E-7	2.948730E-7	-7.508862E-9	7.508862E-9
-2.200000E-1	-2.790980E-7	2.790980E-7	-7.107156E-9	7.107156E-9
-2.100000E-1	-2.633260E-7	2.633260E-7	-6.705526E-9	6.705526E-9
-2.000000E-1	-2.480420E-7	2.480420E-7	-6.316323E-9	6.316323E-9
-1.900000E-1	-2.333310E-7	2.333310E-7	-5.941711E-9	5.941711E-9
-1.800000E-1	-2.184200E-7	2.184200E-7	-5.562007E-9	5.562007E-9
-1.700000E-1	-2.040090E-7	2.040090E-7	-5.195034E-9	5.195034E-9
-1.600000E-1	-1.898240E-7	1.898240E-7	-4.833817E-9	4.833817E-9
-1.500000E-1	-1.756500E-7	1.756500E-7	-4.472880E-9	4.472880E-9
-1.400000E-1	-1.621770E-7	1.621770E-7	-4.129794E-9	4.129794E-9
-1.300000E-1	-1.487020E-7	1.487020E-7	-3.786656E-9	3.786656E-9
-1.200000E-1	-1.355880E-7	1.355880E-7	-3.452712E-9	3.452712E-9
-1.100000E-1	-1.227880E-7	1.227880E-7	-3.126763E-9	3.126763E-9
-1.000000E-1	-1.103490E-7	1.103490E-7	-2.810008E-9	2.810008E-9
-9.000000E-2	-9.832380E-8	9.832380E-8	-2.503789E-9	2.503789E-9
-8.000000E-2	-8.632780E-8	8.632780E-8	-2.198314E-9	2.198314E-9
-7.000000E-2	-7.458710E-8	7.458710E-8	-1.899340E-9	1.899340E-9
-6.000000E-2	-6.320680E-8	6.320680E-8	-1.609544E-9	1.609544E-9
-5.000000E-2	-5.195540E-8	5.195540E-8	-1.323030E-9	1.323030E-9
-4.000000E-2	-4.092410E-8	4.092410E-8	-1.042121E-9	1.042121E-9
-3.000000E-2	-2.999560E-8	2.999560E-8	-7.638299E-10	7.638299E-10
-2.000000E-2	-1.918370E-8	1.918370E-8	-4.885078E-10	4.885078E-10
-1.000000E-2	-9.258660E-9	9.258660E-9	-2.357693E-10	2.357693E-10
0.000000E+0	1.424710E-9	1.424710E-9	3.627986E-11	3.627986E-11
1.000000E-2	1.155470E-8	1.155470E-8	2.942373E-10	2.942373E-10
2.000000E-2	2.288370E-8	2.288370E-8	5.827273E-10	5.827273E-10
3.000000E-2	3.377260E-8	3.377260E-8	8.600102E-10	8.600102E-10
4.000000E-2	4.484320E-8	4.484320E-8	1.141920E-9	1.141920E-9
5.000000E-2	5.609340E-8	5.609340E-8	1.428403E-9	1.428403E-9
6.000000E-2	6.734940E-8	6.734940E-8	1.715034E-9	1.715034E-9
7.000000E-2	7.900590E-8	7.900590E-8	2.011864E-9	2.011864E-9
8.000000E-2	9.074820E-8	9.074820E-8	2.310879E-9	2.310879E-9
9.000000E-2	1.018510E-7	1.018510E-7	2.593608E-9	2.593608E-9
1.000000E-1	1.147760E-7	1.147760E-7	2.922740E-9	2.922740E-9
1.100000E-1	1.276290E-7	1.276290E-7	3.250038E-9	3.250038E-9
1.200000E-1	1.405370E-7	1.405370E-7	3.578737E-9	3.578737E-9
1.300000E-1	1.537710E-7	1.537710E-7	3.915737E-9	3.915737E-9
1.400000E-1	1.673070E-7	1.673070E-7	4.260428E-9	4.260428E-9
1.500000E-1	1.812410E-7	1.812410E-7	4.615253E-9	4.615253E-9
1.600000E-1	1.954090E-7	1.954090E-7	4.976038E-9	4.976038E-9
1.700000E-1	2.098310E-7	2.098310E-7	5.343290E-9	5.343290E-9
1.800000E-1	2.244650E-7	2.244650E-7	5.715941E-9	5.715941E-9
1.900000E-1	2.393820E-7	2.393820E-7	6.095798E-9	6.095798E-9
2.000000E-1	2.544870E-7	2.544870E-7	6.480443E-9	6.480443E-9
2.100000E-1	2.700220E-7	2.700220E-7	6.876038E-9	6.876038E-9
2.200000E-1	2.859010E-7	2.859010E-7	7.280392E-9	7.280392E-9
2.300000E-1	3.018380E-7	3.018380E-7	7.686223E-9	7.686223E-9
2.400000E-1	3.179500E-7	3.179500E-7	8.096511E-9	8.096511E-9
2.500000E-1	3.349370E-7	3.349370E-7	8.529081E-9	8.529081E-9
2.600000E-1	3.514560E-7	3.514560E-7	8.949733E-9	8.949733E-9
2.700000E-1	3.686850E-7	3.686850E-7	9.388464E-9	9.388464E-9
2.800000E-1	3.852820E-7	3.852820E-7	9.811103E-9	9.811103E-9
2.900000E-1	4.031680E-7	4.031680E-7	1.026656E-8	1.026656E-8
3.000000E-1	4.207910E-7	4.207910E-7	1.071533E-8	1.071533E-8
3.100000E-1	4.391670E-7	4.391670E-7	1.118327E-8	1.118327E-8
3.200000E-1	4.573320E-7	4.573320E-7	1.164584E-8	1.164584E-8
3.300000E-1	4.754940E-7	4.754940E-7	1.210833E-8	1.210833E-8
3.400000E-1	4.948610E-7	4.948610E-7	1.260150E-8	1.260150E-8
3.500000E-1	5.135230E-7	5.135230E-7	1.307673E-8	1.307673E-8
3.600000E-1	5.324290E-7	5.324290E-7	1.355816E-8	1.355816E-8
3.700000E-1	5.519890E-7	5.519890E-7	1.405625E-8	1.405625E-8
3.800000E-1	5.721230E-7	5.721230E-7	1.456896E-8	1.456896E-8
3.900000E-1	5.915620E-7	5.915620E-7	1.506397E-8	1.506397E-8
4.000000E-1	6.117050E-7	6.117050E-7	1.557690E-8	1.557690E-8
4.100000E-1	6.315640E-7	6.315640E-7	1.608261E-8	1.608261E-8
4.200000E-1	6.518220E-7	6.518220E-7	1.659847E-8	1.659847E-8
4.300000E-1	6.725450E-7	6.725450E-7	1.712618E-8	1.712618E-8
4.400000E-1	6.932060E-7	6.932060E-7	1.765230E-8	1.765230E-8
4.500000E-1	7.138820E-7	7.138820E-7	1.817881E-8	1.817881E-8
4.600000E-1	7.356340E-7	7.356340E-7	1.873272E-8	1.873272E-8
4.700000E-1	7.576440E-7	7.576440E-7	1.929320E-8	1.929320E-8
4.800000E-1	7.787220E-7	7.787220E-7	1.982995E-8	1.982995E-8
4.900000E-1	8.014330E-7	8.014330E-7	2.040828E-8	2.040828E-8
5.000000E-1	8.232410E-7	8.232410E-7	2.096361E-8	2.096361E-8
