

10:37:11	08/03/21


Ell Cont: 5,0x10,0

SMU1	V name:		V1
	I name:		I1
	Mode:		V
	Function:	VAR1
SMU2	V name:		V2
	I name:		I2
	Mode:		common
	Function:	const.
SMU3	off
SMU4	off
VMUs	off

Primary Source (VAR1):	single
	Sweep Spacing:	linear
	Start:		-0.500000
	Stop:		0.500000
	Step:		0.010000
	Compliance:	0.050000
Power Compliance OFF

Timing:		Integration Time:	medium
	Delay Time (sec):	0.000000
	Hold Time (sec):	0.000000
	Wait Time (sec):	1.000000

Secondary Source (VAR2):	OFF


   V1	   I1	Abs(I)	J (A\um²)	Abs(J)
-5.000000E-1	-1.106220E-6	1.106220E-6	-2.816959E-8	2.816959E-8
-4.900000E-1	-1.074840E-6	1.074840E-6	-2.737051E-8	2.737051E-8
-4.800000E-1	-1.050570E-6	1.050570E-6	-2.675248E-8	2.675248E-8
-4.700000E-1	-1.030370E-6	1.030370E-6	-2.623809E-8	2.623809E-8
-4.600000E-1	-1.000280E-6	1.000280E-6	-2.547186E-8	2.547186E-8
-4.500000E-1	-9.752860E-7	9.752860E-7	-2.483540E-8	2.483540E-8
-4.400000E-1	-9.472770E-7	9.472770E-7	-2.412215E-8	2.412215E-8
-4.300000E-1	-9.193470E-7	9.193470E-7	-2.341092E-8	2.341092E-8
-4.200000E-1	-8.952410E-7	8.952410E-7	-2.279707E-8	2.279707E-8
-4.100000E-1	-8.633540E-7	8.633540E-7	-2.198508E-8	2.198508E-8
-4.000000E-1	-8.412780E-7	8.412780E-7	-2.142292E-8	2.142292E-8
-3.900000E-1	-8.153410E-7	8.153410E-7	-2.076244E-8	2.076244E-8
-3.800000E-1	-7.847640E-7	7.847640E-7	-1.998380E-8	1.998380E-8
-3.700000E-1	-7.487900E-7	7.487900E-7	-1.906774E-8	1.906774E-8
-3.600000E-1	-7.218730E-7	7.218730E-7	-1.838230E-8	1.838230E-8
-3.500000E-1	-6.949480E-7	6.949480E-7	-1.769666E-8	1.769666E-8
-3.400000E-1	-6.690190E-7	6.690190E-7	-1.703639E-8	1.703639E-8
-3.300000E-1	-6.455570E-7	6.455570E-7	-1.643894E-8	1.643894E-8
-3.200000E-1	-6.192640E-7	6.192640E-7	-1.576939E-8	1.576939E-8
-3.100000E-1	-5.938290E-7	5.938290E-7	-1.512170E-8	1.512170E-8
-3.000000E-1	-5.676410E-7	5.676410E-7	-1.445483E-8	1.445483E-8
-2.900000E-1	-5.459490E-7	5.459490E-7	-1.390244E-8	1.390244E-8
-2.800000E-1	-5.226360E-7	5.226360E-7	-1.330879E-8	1.330879E-8
-2.700000E-1	-5.001750E-7	5.001750E-7	-1.273682E-8	1.273682E-8
-2.600000E-1	-4.773720E-7	4.773720E-7	-1.215615E-8	1.215615E-8
-2.500000E-1	-4.537000E-7	4.537000E-7	-1.155335E-8	1.155335E-8
-2.400000E-1	-4.331500E-7	4.331500E-7	-1.103005E-8	1.103005E-8
-2.300000E-1	-4.130170E-7	4.130170E-7	-1.051737E-8	1.051737E-8
-2.200000E-1	-3.905470E-7	3.905470E-7	-9.945174E-9	9.945174E-9
-2.100000E-1	-3.704730E-7	3.704730E-7	-9.433995E-9	9.433995E-9
-2.000000E-1	-3.490430E-7	3.490430E-7	-8.888286E-9	8.888286E-9
-1.900000E-1	-3.289050E-7	3.289050E-7	-8.375477E-9	8.375477E-9
-1.800000E-1	-3.109370E-7	3.109370E-7	-7.917927E-9	7.917927E-9
-1.700000E-1	-2.884750E-7	2.884750E-7	-7.345938E-9	7.345938E-9
-1.600000E-1	-2.688620E-7	2.688620E-7	-6.846499E-9	6.846499E-9
-1.500000E-1	-2.478090E-7	2.478090E-7	-6.310390E-9	6.310390E-9
-1.400000E-1	-2.301480E-7	2.301480E-7	-5.860657E-9	5.860657E-9
-1.300000E-1	-2.134230E-7	2.134230E-7	-5.434759E-9	5.434759E-9
-1.200000E-1	-1.953060E-7	1.953060E-7	-4.973415E-9	4.973415E-9
-1.100000E-1	-1.773760E-7	1.773760E-7	-4.516832E-9	4.516832E-9
-1.000000E-1	-1.605190E-7	1.605190E-7	-4.087573E-9	4.087573E-9
-9.000000E-2	-1.432990E-7	1.432990E-7	-3.649070E-9	3.649070E-9
-8.000000E-2	-1.269690E-7	1.269690E-7	-3.233231E-9	3.233231E-9
-7.000000E-2	-1.100840E-7	1.100840E-7	-2.803259E-9	2.803259E-9
-6.000000E-2	-9.357660E-8	9.357660E-8	-2.382903E-9	2.382903E-9
-5.000000E-2	-7.728180E-8	7.728180E-8	-1.967960E-9	1.967960E-9
-4.000000E-2	-6.153630E-8	6.153630E-8	-1.567005E-9	1.567005E-9
-3.000000E-2	-4.570820E-8	4.570820E-8	-1.163947E-9	1.163947E-9
-2.000000E-2	-3.026450E-8	3.026450E-8	-7.706774E-10	7.706774E-10
-1.000000E-2	-1.484630E-8	1.484630E-8	-3.780570E-10	3.780570E-10
0.000000E+0	2.713800E-10	2.713800E-10	6.910619E-12	6.910619E-12
1.000000E-2	1.609640E-8	1.609640E-8	4.098905E-10	4.098905E-10
2.000000E-2	3.203650E-8	3.203650E-8	8.158009E-10	8.158009E-10
3.000000E-2	4.772820E-8	4.772820E-8	1.215386E-9	1.215386E-9
4.000000E-2	6.426480E-8	6.426480E-8	1.636486E-9	1.636486E-9
5.000000E-2	8.026810E-8	8.026810E-8	2.044006E-9	2.044006E-9
6.000000E-2	9.662120E-8	9.662120E-8	2.460433E-9	2.460433E-9
7.000000E-2	1.129690E-7	1.129690E-7	2.876725E-9	2.876725E-9
8.000000E-2	1.306070E-7	1.306070E-7	3.325872E-9	3.325872E-9
9.000000E-2	1.472410E-7	1.472410E-7	3.749452E-9	3.749452E-9
1.000000E-1	1.631580E-7	1.631580E-7	4.154775E-9	4.154775E-9
1.100000E-1	1.820130E-7	1.820130E-7	4.634912E-9	4.634912E-9
1.200000E-1	1.995430E-7	1.995430E-7	5.081309E-9	5.081309E-9
1.300000E-1	2.148570E-7	2.148570E-7	5.471276E-9	5.471276E-9
1.400000E-1	2.363640E-7	2.363640E-7	6.018946E-9	6.018946E-9
1.500000E-1	2.568130E-7	2.568130E-7	6.539674E-9	6.539674E-9
1.600000E-1	2.764240E-7	2.764240E-7	7.039063E-9	7.039063E-9
1.700000E-1	2.910400E-7	2.910400E-7	7.411255E-9	7.411255E-9
1.800000E-1	3.089100E-7	3.089100E-7	7.866310E-9	7.866310E-9
1.900000E-1	3.343930E-7	3.343930E-7	8.515228E-9	8.515228E-9
2.000000E-1	3.529680E-7	3.529680E-7	8.988235E-9	8.988235E-9
2.100000E-1	3.680960E-7	3.680960E-7	9.373466E-9	9.373466E-9
2.200000E-1	3.907810E-7	3.907810E-7	9.951133E-9	9.951133E-9
2.300000E-1	4.082050E-7	4.082050E-7	1.039483E-8	1.039483E-8
2.400000E-1	4.288610E-7	4.288610E-7	1.092083E-8	1.092083E-8
2.500000E-1	4.521020E-7	4.521020E-7	1.151266E-8	1.151266E-8
2.600000E-1	4.738970E-7	4.738970E-7	1.206766E-8	1.206766E-8
2.700000E-1	4.966020E-7	4.966020E-7	1.264584E-8	1.264584E-8
2.800000E-1	5.206440E-7	5.206440E-7	1.325806E-8	1.325806E-8
2.900000E-1	5.440220E-7	5.440220E-7	1.385337E-8	1.385337E-8
3.000000E-1	5.587030E-7	5.587030E-7	1.422722E-8	1.422722E-8
3.100000E-1	5.830040E-7	5.830040E-7	1.484604E-8	1.484604E-8
3.200000E-1	6.040880E-7	6.040880E-7	1.538294E-8	1.538294E-8
3.300000E-1	6.283890E-7	6.283890E-7	1.600176E-8	1.600176E-8
3.400000E-1	6.453520E-7	6.453520E-7	1.643372E-8	1.643372E-8
3.500000E-1	6.693740E-7	6.693740E-7	1.704543E-8	1.704543E-8
3.600000E-1	7.027960E-7	7.027960E-7	1.789651E-8	1.789651E-8
3.700000E-1	7.253660E-7	7.253660E-7	1.847125E-8	1.847125E-8
3.800000E-1	7.459800E-7	7.459800E-7	1.899618E-8	1.899618E-8
3.900000E-1	7.727120E-7	7.727120E-7	1.967690E-8	1.967690E-8
4.000000E-1	7.957520E-7	7.957520E-7	2.026361E-8	2.026361E-8
4.100000E-1	8.133640E-7	8.133640E-7	2.071210E-8	2.071210E-8
4.200000E-1	8.462030E-7	8.462030E-7	2.154833E-8	2.154833E-8
4.300000E-1	8.667380E-7	8.667380E-7	2.207125E-8	2.207125E-8
4.400000E-1	8.935370E-7	8.935370E-7	2.275368E-8	2.275368E-8
4.500000E-1	9.181530E-7	9.181530E-7	2.338052E-8	2.338052E-8
4.600000E-1	9.503200E-7	9.503200E-7	2.419964E-8	2.419964E-8
4.700000E-1	9.731660E-7	9.731660E-7	2.478141E-8	2.478141E-8
4.800000E-1	1.000648E-6	1.000648E-6	2.548123E-8	2.548123E-8
4.900000E-1	1.033678E-6	1.033678E-6	2.632233E-8	2.632233E-8
5.000000E-1	1.064381E-6	1.064381E-6	2.710418E-8	2.710418E-8
