

10:52:14	08/03/21


Ell Cont: 5,0x10,0

SMU1	V name:		V1
	I name:		I1
	Mode:		V
	Function:	VAR1
SMU2	V name:		V2
	I name:		I2
	Mode:		common
	Function:	const.
SMU3	off
SMU4	off
VMUs	off

Primary Source (VAR1):	single
	Sweep Spacing:	linear
	Start:		-0.500000
	Stop:		0.500000
	Step:		0.010000
	Compliance:	0.050000
Power Compliance OFF

Timing:		Integration Time:	medium
	Delay Time (sec):	0.000000
	Hold Time (sec):	0.000000
	Wait Time (sec):	1.000000

Secondary Source (VAR2):	OFF


   V1	   I1	Abs(I)	J (A\µm²)	Abs(J)
-5.000000E-1	-9.601810E-8	9.601810E-8	-2.445075E-9	2.445075E-9
-4.900000E-1	-8.962390E-8	8.962390E-8	-2.282249E-9	2.282249E-9
-4.800000E-1	-8.501050E-8	8.501050E-8	-2.164770E-9	2.164770E-9
-4.700000E-1	-8.120480E-8	8.120480E-8	-2.067858E-9	2.067858E-9
-4.600000E-1	-7.824570E-8	7.824570E-8	-1.992506E-9	1.992506E-9
-4.500000E-1	-7.518610E-8	7.518610E-8	-1.914594E-9	1.914594E-9
-4.400000E-1	-7.255100E-8	7.255100E-8	-1.847492E-9	1.847492E-9
-4.300000E-1	-6.993430E-8	6.993430E-8	-1.780858E-9	1.780858E-9
-4.200000E-1	-6.748820E-8	6.748820E-8	-1.718569E-9	1.718569E-9
-4.100000E-1	-6.510690E-8	6.510690E-8	-1.657930E-9	1.657930E-9
-4.000000E-1	-6.263990E-8	6.263990E-8	-1.595108E-9	1.595108E-9
-3.900000E-1	-6.058550E-8	6.058550E-8	-1.542793E-9	1.542793E-9
-3.800000E-1	-5.841240E-8	5.841240E-8	-1.487456E-9	1.487456E-9
-3.700000E-1	-5.632770E-8	5.632770E-8	-1.434370E-9	1.434370E-9
-3.600000E-1	-5.417990E-8	5.417990E-8	-1.379677E-9	1.379677E-9
-3.500000E-1	-5.202940E-8	5.202940E-8	-1.324915E-9	1.324915E-9
-3.400000E-1	-4.998130E-8	4.998130E-8	-1.272760E-9	1.272760E-9
-3.300000E-1	-4.802290E-8	4.802290E-8	-1.222890E-9	1.222890E-9
-3.200000E-1	-4.610680E-8	4.610680E-8	-1.174097E-9	1.174097E-9
-3.100000E-1	-4.435880E-8	4.435880E-8	-1.129585E-9	1.129585E-9
-3.000000E-1	-4.249050E-8	4.249050E-8	-1.082009E-9	1.082009E-9
-2.900000E-1	-4.100970E-8	4.100970E-8	-1.044301E-9	1.044301E-9
-2.800000E-1	-3.898280E-8	3.898280E-8	-9.926865E-10	9.926865E-10
-2.700000E-1	-3.741180E-8	3.741180E-8	-9.526814E-10	9.526814E-10
-2.600000E-1	-3.547660E-8	3.547660E-8	-9.034021E-10	9.034021E-10
-2.500000E-1	-3.368850E-8	3.368850E-8	-8.578686E-10	8.578686E-10
-2.400000E-1	-3.182990E-8	3.182990E-8	-8.105398E-10	8.105398E-10
-2.300000E-1	-3.016600E-8	3.016600E-8	-7.681691E-10	7.681691E-10
-2.200000E-1	-2.845830E-8	2.845830E-8	-7.246830E-10	7.246830E-10
-2.100000E-1	-2.692280E-8	2.692280E-8	-6.855819E-10	6.855819E-10
-2.000000E-1	-2.527020E-8	2.527020E-8	-6.434988E-10	6.434988E-10
-1.900000E-1	-2.370560E-8	2.370560E-8	-6.036567E-10	6.036567E-10
-1.800000E-1	-2.207090E-8	2.207090E-8	-5.620295E-10	5.620295E-10
-1.700000E-1	-2.096000E-8	2.096000E-8	-5.337408E-10	5.337408E-10
-1.600000E-1	-1.909530E-8	1.909530E-8	-4.862567E-10	4.862567E-10
-1.500000E-1	-1.751670E-8	1.751670E-8	-4.460581E-10	4.460581E-10
-1.400000E-1	-1.617900E-8	1.617900E-8	-4.119939E-10	4.119939E-10
-1.300000E-1	-1.464270E-8	1.464270E-8	-3.728724E-10	3.728724E-10
-1.200000E-1	-1.323700E-8	1.323700E-8	-3.370766E-10	3.370766E-10
-1.100000E-1	-1.180690E-8	1.180690E-8	-3.006595E-10	3.006595E-10
-1.000000E-1	-1.072340E-8	1.072340E-8	-2.730685E-10	2.730685E-10
-9.000000E-2	-1.003680E-8	1.003680E-8	-2.555844E-10	2.555844E-10
-8.000000E-2	-8.642060E-9	8.642060E-9	-2.200677E-10	2.200677E-10
-7.000000E-2	-7.300380E-9	7.300380E-9	-1.859022E-10	1.859022E-10
-6.000000E-2	-6.023260E-9	6.023260E-9	-1.533807E-10	1.533807E-10
-5.000000E-2	-4.720540E-9	4.720540E-9	-1.202073E-10	1.202073E-10
-4.000000E-2	-3.470800E-9	3.470800E-9	-8.838299E-11	8.838299E-11
-3.000000E-2	-2.192830E-9	2.192830E-9	-5.583983E-11	5.583983E-11
-2.000000E-2	-1.023810E-9	1.023810E-9	-2.607105E-11	2.607105E-11
-1.000000E-2	-2.531200E-10	2.531200E-10	-6.445633E-12	6.445633E-12
0.000000E+0	5.948900E-10	5.948900E-10	1.514871E-11	1.514871E-11
1.000000E-2	1.882990E-9	1.882990E-9	4.794983E-11	4.794983E-11
2.000000E-2	3.540260E-9	3.540260E-9	9.015177E-11	9.015177E-11
3.000000E-2	4.982620E-9	4.982620E-9	1.268811E-10	1.268811E-10
4.000000E-2	6.367030E-9	6.367030E-9	1.621347E-10	1.621347E-10
5.000000E-2	7.728020E-9	7.728020E-9	1.967920E-10	1.967920E-10
6.000000E-2	8.425790E-9	8.425790E-9	2.145605E-10	2.145605E-10
7.000000E-2	9.564940E-9	9.564940E-9	2.435686E-10	2.435686E-10
8.000000E-2	1.094110E-8	1.094110E-8	2.786122E-10	2.786122E-10
9.000000E-2	1.316230E-8	1.316230E-8	3.351744E-10	3.351744E-10
1.000000E-1	1.485000E-8	1.485000E-8	3.781513E-10	3.781513E-10
1.100000E-1	1.648080E-8	1.648080E-8	4.196791E-10	4.196791E-10
1.200000E-1	1.800870E-8	1.800870E-8	4.585867E-10	4.585867E-10
1.300000E-1	1.950970E-8	1.950970E-8	4.968093E-10	4.968093E-10
1.400000E-1	2.112200E-8	2.112200E-8	5.378660E-10	5.378660E-10
1.500000E-1	2.262640E-8	2.262640E-8	5.761752E-10	5.761752E-10
1.600000E-1	2.428060E-8	2.428060E-8	6.182989E-10	6.182989E-10
1.700000E-1	2.590000E-8	2.590000E-8	6.595365E-10	6.595365E-10
1.800000E-1	2.758010E-8	2.758010E-8	7.023198E-10	7.023198E-10
1.900000E-1	2.902850E-8	2.902850E-8	7.392029E-10	7.392029E-10
2.000000E-1	3.077510E-8	3.077510E-8	7.836796E-10	7.836796E-10
2.100000E-1	3.237940E-8	3.237940E-8	8.245327E-10	8.245327E-10
2.200000E-1	3.395870E-8	3.395870E-8	8.647492E-10	8.647492E-10
2.300000E-1	3.571110E-8	3.571110E-8	9.093736E-10	9.093736E-10
2.400000E-1	3.759080E-8	3.759080E-8	9.572396E-10	9.572396E-10
2.500000E-1	3.932350E-8	3.932350E-8	1.001362E-9	1.001362E-9
2.600000E-1	4.109830E-8	4.109830E-8	1.046557E-9	1.046557E-9
2.700000E-1	4.279560E-8	4.279560E-8	1.089778E-9	1.089778E-9
2.800000E-1	4.455850E-8	4.455850E-8	1.134670E-9	1.134670E-9
2.900000E-1	4.656270E-8	4.656270E-8	1.185707E-9	1.185707E-9
3.000000E-1	4.847600E-8	4.847600E-8	1.234428E-9	1.234428E-9
3.100000E-1	5.020380E-8	5.020380E-8	1.278426E-9	1.278426E-9
3.200000E-1	5.211480E-8	5.211480E-8	1.327089E-9	1.327089E-9
3.300000E-1	5.410840E-8	5.410840E-8	1.377856E-9	1.377856E-9
3.400000E-1	5.594060E-8	5.594060E-8	1.424512E-9	1.424512E-9
3.500000E-1	5.784110E-8	5.784110E-8	1.472908E-9	1.472908E-9
3.600000E-1	6.007150E-8	6.007150E-8	1.529705E-9	1.529705E-9
3.700000E-1	6.210050E-8	6.210050E-8	1.581373E-9	1.581373E-9
3.800000E-1	6.406100E-8	6.406100E-8	1.631296E-9	1.631296E-9
3.900000E-1	6.582490E-8	6.582490E-8	1.676213E-9	1.676213E-9
4.000000E-1	6.777080E-8	6.777080E-8	1.725765E-9	1.725765E-9
4.100000E-1	6.975270E-8	6.975270E-8	1.776234E-9	1.776234E-9
4.200000E-1	7.173400E-8	7.173400E-8	1.826687E-9	1.826687E-9
4.300000E-1	7.401450E-8	7.401450E-8	1.884759E-9	1.884759E-9
4.400000E-1	7.619510E-8	7.619510E-8	1.940288E-9	1.940288E-9
4.500000E-1	7.842930E-8	7.842930E-8	1.997181E-9	1.997181E-9
4.600000E-1	8.057560E-8	8.057560E-8	2.051836E-9	2.051836E-9
4.700000E-1	8.237750E-8	8.237750E-8	2.097721E-9	2.097721E-9
4.800000E-1	8.480410E-8	8.480410E-8	2.159514E-9	2.159514E-9
4.900000E-1	8.710250E-8	8.710250E-8	2.218042E-9	2.218042E-9
5.000000E-1	8.908580E-8	8.908580E-8	2.268546E-9	2.268546E-9
