

10:44:49	08/03/21


Ell Cont: 5,0x10,0

SMU1	V name:		V1
	I name:		I1
	Mode:		V
	Function:	VAR1
SMU2	V name:		V2
	I name:		I2
	Mode:		common
	Function:	const.
SMU3	off
SMU4	off
VMUs	off

Primary Source (VAR1):	single
	Sweep Spacing:	linear
	Start:		-0.500000
	Stop:		0.500000
	Step:		0.010000
	Compliance:	0.050000
Power Compliance OFF

Timing:		Integration Time:	medium
	Delay Time (sec):	0.000000
	Hold Time (sec):	0.000000
	Wait Time (sec):	1.000000

Secondary Source (VAR2):	OFF


   V1	   I1	Abs(I)	J (A\um²)	Abs(J)
-5.000000E-1	-2.152990E-7	2.152990E-7	-5.482531E-9	5.482531E-9
-4.900000E-1	-2.079320E-7	2.079320E-7	-5.294932E-9	5.294932E-9
-4.800000E-1	-2.020020E-7	2.020020E-7	-5.143927E-9	5.143927E-9
-4.700000E-1	-1.953270E-7	1.953270E-7	-4.973950E-9	4.973950E-9
-4.600000E-1	-1.897700E-7	1.897700E-7	-4.832442E-9	4.832442E-9
-4.500000E-1	-1.845650E-7	1.845650E-7	-4.699898E-9	4.699898E-9
-4.400000E-1	-1.786590E-7	1.786590E-7	-4.549503E-9	4.549503E-9
-4.300000E-1	-1.730180E-7	1.730180E-7	-4.405857E-9	4.405857E-9
-4.200000E-1	-1.676340E-7	1.676340E-7	-4.268755E-9	4.268755E-9
-4.100000E-1	-1.626010E-7	1.626010E-7	-4.140591E-9	4.140591E-9
-4.000000E-1	-1.573520E-7	1.573520E-7	-4.006926E-9	4.006926E-9
-3.900000E-1	-1.517910E-7	1.517910E-7	-3.865317E-9	3.865317E-9
-3.800000E-1	-1.467130E-7	1.467130E-7	-3.736007E-9	3.736007E-9
-3.700000E-1	-1.416750E-7	1.416750E-7	-3.607716E-9	3.607716E-9
-3.600000E-1	-1.366190E-7	1.366190E-7	-3.478966E-9	3.478966E-9
-3.500000E-1	-1.322010E-7	1.322010E-7	-3.366463E-9	3.366463E-9
-3.400000E-1	-1.272230E-7	1.272230E-7	-3.239699E-9	3.239699E-9
-3.300000E-1	-1.224010E-7	1.224010E-7	-3.116909E-9	3.116909E-9
-3.200000E-1	-1.176550E-7	1.176550E-7	-2.996053E-9	2.996053E-9
-3.100000E-1	-1.129590E-7	1.129590E-7	-2.876471E-9	2.876471E-9
-3.000000E-1	-1.083810E-7	1.083810E-7	-2.759893E-9	2.759893E-9
-2.900000E-1	-1.036630E-7	1.036630E-7	-2.639750E-9	2.639750E-9
-2.800000E-1	-9.956660E-8	9.956660E-8	-2.535437E-9	2.535437E-9
-2.700000E-1	-9.521820E-8	9.521820E-8	-2.424706E-9	2.424706E-9
-2.600000E-1	-9.069090E-8	9.069090E-8	-2.309419E-9	2.309419E-9
-2.500000E-1	-8.652250E-8	8.652250E-8	-2.203272E-9	2.203272E-9
-2.400000E-1	-8.227560E-8	8.227560E-8	-2.095126E-9	2.095126E-9
-2.300000E-1	-7.807650E-8	7.807650E-8	-1.988197E-9	1.988197E-9
-2.200000E-1	-7.415040E-8	7.415040E-8	-1.888220E-9	1.888220E-9
-2.100000E-1	-6.990070E-8	6.990070E-8	-1.780003E-9	1.780003E-9
-2.000000E-1	-6.590690E-8	6.590690E-8	-1.678301E-9	1.678301E-9
-1.900000E-1	-6.193220E-8	6.193220E-8	-1.577087E-9	1.577087E-9
-1.800000E-1	-5.816630E-8	5.816630E-8	-1.481189E-9	1.481189E-9
-1.700000E-1	-5.440760E-8	5.440760E-8	-1.385475E-9	1.385475E-9
-1.600000E-1	-5.062210E-8	5.062210E-8	-1.289078E-9	1.289078E-9
-1.500000E-1	-4.701470E-8	4.701470E-8	-1.197217E-9	1.197217E-9
-1.400000E-1	-4.343860E-8	4.343860E-8	-1.106152E-9	1.106152E-9
-1.300000E-1	-3.981910E-8	3.981910E-8	-1.013983E-9	1.013983E-9
-1.200000E-1	-3.636390E-8	3.636390E-8	-9.259969E-10	9.259969E-10
-1.100000E-1	-3.297480E-8	3.297480E-8	-8.396944E-10	8.396944E-10
-1.000000E-1	-2.962840E-8	2.962840E-8	-7.544792E-10	7.544792E-10
-9.000000E-2	-2.636100E-8	2.636100E-8	-6.712758E-10	6.712758E-10
-8.000000E-2	-2.318530E-8	2.318530E-8	-5.904074E-10	5.904074E-10
-7.000000E-2	-1.998060E-8	1.998060E-8	-5.088006E-10	5.088006E-10
-6.000000E-2	-1.682530E-8	1.682530E-8	-4.284517E-10	4.284517E-10
-5.000000E-2	-1.374780E-8	1.374780E-8	-3.500840E-10	3.500840E-10
-4.000000E-2	-1.079270E-8	1.079270E-8	-2.748332E-10	2.748332E-10
-3.000000E-2	-8.066950E-9	8.066950E-9	-2.054227E-10	2.054227E-10
-2.000000E-2	-5.076800E-9	5.076800E-9	-1.292793E-10	1.292793E-10
-1.000000E-2	-2.131030E-9	2.131030E-9	-5.426611E-11	5.426611E-11
0.000000E+0	8.242800E-10	8.242800E-10	2.099007E-11	2.099007E-11
1.000000E-2	3.771360E-9	3.771360E-9	9.603667E-11	9.603667E-11
2.000000E-2	6.749230E-9	6.749230E-9	1.718673E-10	1.718673E-10
3.000000E-2	9.721730E-9	9.721730E-9	2.475612E-10	2.475612E-10
4.000000E-2	1.253220E-8	1.253220E-8	3.191291E-10	3.191291E-10
5.000000E-2	1.599170E-8	1.599170E-8	4.072243E-10	4.072243E-10
6.000000E-2	1.919210E-8	1.919210E-8	4.887217E-10	4.887217E-10
7.000000E-2	2.237620E-8	2.237620E-8	5.698039E-10	5.698039E-10
8.000000E-2	2.555620E-8	2.555620E-8	6.507818E-10	6.507818E-10
9.000000E-2	2.884740E-8	2.884740E-8	7.345913E-10	7.345913E-10
1.000000E-1	3.209960E-8	3.209960E-8	8.174077E-10	8.174077E-10
1.100000E-1	3.549920E-8	3.549920E-8	9.039776E-10	9.039776E-10
1.200000E-1	3.890080E-8	3.890080E-8	9.905984E-10	9.905984E-10
1.300000E-1	4.238120E-8	4.238120E-8	1.079226E-9	1.079226E-9
1.400000E-1	4.588120E-8	4.588120E-8	1.168352E-9	1.168352E-9
1.500000E-1	4.955420E-8	4.955420E-8	1.261884E-9	1.261884E-9
1.600000E-1	5.327310E-8	5.327310E-8	1.356585E-9	1.356585E-9
1.700000E-1	5.691980E-8	5.691980E-8	1.449447E-9	1.449447E-9
1.800000E-1	6.074110E-8	6.074110E-8	1.546756E-9	1.546756E-9
1.900000E-1	6.468330E-8	6.468330E-8	1.647143E-9	1.647143E-9
2.000000E-1	6.865990E-8	6.865990E-8	1.748406E-9	1.748406E-9
2.100000E-1	7.281260E-8	7.281260E-8	1.854153E-9	1.854153E-9
2.200000E-1	7.679580E-8	7.679580E-8	1.955584E-9	1.955584E-9
2.300000E-1	8.088860E-8	8.088860E-8	2.059806E-9	2.059806E-9
2.400000E-1	8.508140E-8	8.508140E-8	2.166575E-9	2.166575E-9
2.500000E-1	8.944840E-8	8.944840E-8	2.277779E-9	2.277779E-9
2.600000E-1	9.364880E-8	9.364880E-8	2.384742E-9	2.384742E-9
2.700000E-1	9.801660E-8	9.801660E-8	2.495966E-9	2.495966E-9
2.800000E-1	1.024271E-7	1.024271E-7	2.608279E-9	2.608279E-9
2.900000E-1	1.066981E-7	1.066981E-7	2.717038E-9	2.717038E-9
3.000000E-1	1.109600E-7	1.109600E-7	2.825567E-9	2.825567E-9
3.100000E-1	1.156100E-7	1.156100E-7	2.943978E-9	2.943978E-9
3.200000E-1	1.204080E-7	1.204080E-7	3.066157E-9	3.066157E-9
3.300000E-1	1.251710E-7	1.251710E-7	3.187446E-9	3.187446E-9
3.400000E-1	1.299630E-7	1.299630E-7	3.309473E-9	3.309473E-9
3.500000E-1	1.346760E-7	1.346760E-7	3.429488E-9	3.429488E-9
3.600000E-1	1.394820E-7	1.394820E-7	3.551872E-9	3.551872E-9
3.700000E-1	1.443630E-7	1.443630E-7	3.676165E-9	3.676165E-9
3.800000E-1	1.492210E-7	1.492210E-7	3.799873E-9	3.799873E-9
3.900000E-1	1.543400E-7	1.543400E-7	3.930227E-9	3.930227E-9
4.000000E-1	1.595670E-7	1.595670E-7	4.063331E-9	4.063331E-9
4.100000E-1	1.648610E-7	1.648610E-7	4.198141E-9	4.198141E-9
4.200000E-1	1.694680E-7	1.694680E-7	4.315457E-9	4.315457E-9
4.300000E-1	1.752190E-7	1.752190E-7	4.461905E-9	4.461905E-9
4.400000E-1	1.808900E-7	1.808900E-7	4.606315E-9	4.606315E-9
4.500000E-1	1.858580E-7	1.858580E-7	4.732824E-9	4.732824E-9
4.600000E-1	1.912970E-7	1.912970E-7	4.871327E-9	4.871327E-9
4.700000E-1	1.965930E-7	1.965930E-7	5.006188E-9	5.006188E-9
4.800000E-1	2.019650E-7	2.019650E-7	5.142984E-9	5.142984E-9
4.900000E-1	2.073000E-7	2.073000E-7	5.278839E-9	5.278839E-9
5.000000E-1	2.131670E-7	2.131670E-7	5.428240E-9	5.428240E-9
