

10:37:49	08/03/21


Ell Cont: 5,0x10,0

SMU1	V name:		V1
	I name:		I1
	Mode:		V
	Function:	VAR1
SMU2	V name:		V2
	I name:		I2
	Mode:		common
	Function:	const.
SMU3	off
SMU4	off
VMUs	off

Primary Source (VAR1):	single
	Sweep Spacing:	linear
	Start:		-0.500000
	Stop:		0.500000
	Step:		0.010000
	Compliance:	0.050000
Power Compliance OFF

Timing:		Integration Time:	medium
	Delay Time (sec):	0.000000
	Hold Time (sec):	0.000000
	Wait Time (sec):	1.000000

Secondary Source (VAR2):	OFF


   V1	   I1	Abs(I)	J (A\um²)	Abs(J)
-5.000000E-1	-5.599890E-9	5.599890E-9	-1.425997E-10	1.425997E-10
-4.900000E-1	-4.436230E-9	4.436230E-9	-1.129674E-10	1.129674E-10
-4.800000E-1	-4.910220E-9	4.910220E-9	-1.250374E-10	1.250374E-10
-4.700000E-1	-4.529440E-9	4.529440E-9	-1.153410E-10	1.153410E-10
-4.600000E-1	-4.457280E-9	4.457280E-9	-1.135034E-10	1.135034E-10
-4.500000E-1	-4.220300E-9	4.220300E-9	-1.074688E-10	1.074688E-10
-4.400000E-1	-4.179600E-9	4.179600E-9	-1.064324E-10	1.064324E-10
-4.300000E-1	-4.997430E-9	4.997430E-9	-1.272582E-10	1.272582E-10
-4.200000E-1	-4.621680E-9	4.621680E-9	-1.176898E-10	1.176898E-10
-4.100000E-1	-4.059940E-9	4.059940E-9	-1.033853E-10	1.033853E-10
-4.000000E-1	-3.903970E-9	3.903970E-9	-9.941355E-11	9.941355E-11
-3.900000E-1	-3.741980E-9	3.741980E-9	-9.528851E-11	9.528851E-11
-3.800000E-1	-3.747510E-9	3.747510E-9	-9.542933E-11	9.542933E-11
-3.700000E-1	-3.412560E-9	3.412560E-9	-8.689992E-11	8.689992E-11
-3.600000E-1	-3.478780E-9	3.478780E-9	-8.858620E-11	8.858620E-11
-3.500000E-1	-2.991630E-9	2.991630E-9	-7.618105E-11	7.618105E-11
-3.400000E-1	-2.566650E-9	2.566650E-9	-6.535905E-11	6.535905E-11
-3.300000E-1	-2.876170E-9	2.876170E-9	-7.324090E-11	7.324090E-11
-3.200000E-1	-2.975190E-9	2.975190E-9	-7.576241E-11	7.576241E-11
-3.100000E-1	-2.811120E-9	2.811120E-9	-7.158441E-11	7.158441E-11
-3.000000E-1	-2.633470E-9	2.633470E-9	-6.706061E-11	6.706061E-11
-2.900000E-1	-2.655120E-9	2.655120E-9	-6.761192E-11	6.761192E-11
-2.800000E-1	-2.407730E-9	2.407730E-9	-6.131220E-11	6.131220E-11
-2.700000E-1	-2.425670E-9	2.425670E-9	-6.176903E-11	6.176903E-11
-2.600000E-1	-2.406700E-9	2.406700E-9	-6.128597E-11	6.128597E-11
-2.500000E-1	-2.144600E-9	2.144600E-9	-5.461166E-11	5.461166E-11
-2.400000E-1	-1.943890E-9	1.943890E-9	-4.950064E-11	4.950064E-11
-2.300000E-1	-2.210780E-9	2.210780E-9	-5.629692E-11	5.629692E-11
-2.200000E-1	-1.743330E-9	1.743330E-9	-4.439343E-11	4.439343E-11
-2.100000E-1	-1.659320E-9	1.659320E-9	-4.225414E-11	4.225414E-11
-2.000000E-1	-1.524990E-9	1.524990E-9	-3.883346E-11	3.883346E-11
-1.900000E-1	-1.479330E-9	1.479330E-9	-3.767074E-11	3.767074E-11
-1.800000E-1	-1.335270E-9	1.335270E-9	-3.400229E-11	3.400229E-11
-1.700000E-1	-1.280800E-9	1.280800E-9	-3.261523E-11	3.261523E-11
-1.600000E-1	-1.238590E-9	1.238590E-9	-3.154036E-11	3.154036E-11
-1.500000E-1	-1.000400E-9	1.000400E-9	-2.547492E-11	2.547492E-11
-1.400000E-1	-9.204000E-10	9.204000E-10	-2.343774E-11	2.343774E-11
-1.300000E-1	-8.875300E-10	8.875300E-10	-2.260071E-11	2.260071E-11
-1.200000E-1	-8.161300E-10	8.161300E-10	-2.078253E-11	2.078253E-11
-1.100000E-1	-7.732200E-10	7.732200E-10	-1.968984E-11	1.968984E-11
-1.000000E-1	-6.951400E-10	6.951400E-10	-1.770155E-11	1.770155E-11
-9.000000E-2	-6.331300E-10	6.331300E-10	-1.612249E-11	1.612249E-11
-8.000000E-2	-5.539600E-10	5.539600E-10	-1.410644E-11	1.410644E-11
-7.000000E-2	-4.746900E-10	4.746900E-10	-1.208785E-11	1.208785E-11
-6.000000E-2	-3.962900E-10	3.962900E-10	-1.009142E-11	1.009142E-11
-5.000000E-2	-3.252900E-10	3.252900E-10	-8.283422E-12	8.283422E-12
-4.000000E-2	-2.874900E-10	2.874900E-10	-7.320856E-12	7.320856E-12
-3.000000E-2	-2.120500E-10	2.120500E-10	-5.399796E-12	5.399796E-12
-2.000000E-2	-1.432900E-10	1.432900E-10	-3.648841E-12	3.648841E-12
-1.000000E-2	-7.264000E-11	7.264000E-11	-1.849758E-12	1.849758E-12
0.000000E+0	1.000000E-13	1.000000E-13	2.546473E-15	2.546473E-15
1.000000E-2	7.091000E-11	7.091000E-11	1.805704E-12	1.805704E-12
2.000000E-2	1.441600E-10	1.441600E-10	3.670996E-12	3.670996E-12
3.000000E-2	2.175100E-10	2.175100E-10	5.538834E-12	5.538834E-12
4.000000E-2	2.893700E-10	2.893700E-10	7.368729E-12	7.368729E-12
5.000000E-2	3.529900E-10	3.529900E-10	8.988795E-12	8.988795E-12
6.000000E-2	4.204500E-10	4.204500E-10	1.070665E-11	1.070665E-11
7.000000E-2	4.991100E-10	4.991100E-10	1.270970E-11	1.270970E-11
8.000000E-2	5.750900E-10	5.750900E-10	1.464451E-11	1.464451E-11
9.000000E-2	6.885800E-10	6.885800E-10	1.753450E-11	1.753450E-11
1.000000E-1	7.671500E-10	7.671500E-10	1.953527E-11	1.953527E-11
1.100000E-1	8.876700E-10	8.876700E-10	2.260428E-11	2.260428E-11
1.200000E-1	9.425900E-10	9.425900E-10	2.400280E-11	2.400280E-11
1.300000E-1	1.009940E-9	1.009940E-9	2.571785E-11	2.571785E-11
1.400000E-1	1.101990E-9	1.101990E-9	2.806188E-11	2.806188E-11
1.500000E-1	1.248040E-9	1.248040E-9	3.178100E-11	3.178100E-11
1.600000E-1	1.274110E-9	1.274110E-9	3.244487E-11	3.244487E-11
1.700000E-1	1.353780E-9	1.353780E-9	3.447364E-11	3.447364E-11
1.800000E-1	1.466220E-9	1.466220E-9	3.733690E-11	3.733690E-11
1.900000E-1	1.563790E-9	1.563790E-9	3.982149E-11	3.982149E-11
2.000000E-1	1.657220E-9	1.657220E-9	4.220066E-11	4.220066E-11
2.100000E-1	1.727840E-9	1.727840E-9	4.399898E-11	4.399898E-11
2.200000E-1	1.795400E-9	1.795400E-9	4.571938E-11	4.571938E-11
2.300000E-1	1.889630E-9	1.889630E-9	4.811892E-11	4.811892E-11
2.400000E-1	2.103970E-9	2.103970E-9	5.357703E-11	5.357703E-11
2.500000E-1	2.075370E-9	2.075370E-9	5.284874E-11	5.284874E-11
2.600000E-1	2.226220E-9	2.226220E-9	5.669009E-11	5.669009E-11
2.700000E-1	2.264710E-9	2.264710E-9	5.767023E-11	5.767023E-11
2.800000E-1	2.381150E-9	2.381150E-9	6.063534E-11	6.063534E-11
2.900000E-1	2.426540E-9	2.426540E-9	6.179119E-11	6.179119E-11
3.000000E-1	2.578630E-9	2.578630E-9	6.566412E-11	6.566412E-11
3.100000E-1	2.670080E-9	2.670080E-9	6.799287E-11	6.799287E-11
3.200000E-1	2.565800E-9	2.565800E-9	6.533741E-11	6.533741E-11
3.300000E-1	2.761210E-9	2.761210E-9	7.031347E-11	7.031347E-11
3.400000E-1	3.155620E-9	3.155620E-9	8.035701E-11	8.035701E-11
3.500000E-1	3.156800E-9	3.156800E-9	8.038706E-11	8.038706E-11
3.600000E-1	3.256730E-9	3.256730E-9	8.293175E-11	8.293175E-11
3.700000E-1	3.270050E-9	3.270050E-9	8.327094E-11	8.327094E-11
3.800000E-1	3.514050E-9	3.514050E-9	8.948434E-11	8.948434E-11
3.900000E-1	3.491940E-9	3.491940E-9	8.892131E-11	8.892131E-11
4.000000E-1	3.502240E-9	3.502240E-9	8.918360E-11	8.918360E-11
4.100000E-1	3.719540E-9	3.719540E-9	9.471709E-11	9.471709E-11
4.200000E-1	3.821240E-9	3.821240E-9	9.730685E-11	9.730685E-11
4.300000E-1	3.850860E-9	3.850860E-9	9.806111E-11	9.806111E-11
4.400000E-1	4.022580E-9	4.022580E-9	1.024339E-10	1.024339E-10
4.500000E-1	4.199290E-9	4.199290E-9	1.069338E-10	1.069338E-10
4.600000E-1	4.381320E-9	4.381320E-9	1.115691E-10	1.115691E-10
4.700000E-1	4.415460E-9	4.415460E-9	1.124385E-10	1.124385E-10
4.800000E-1	4.441820E-9	4.441820E-9	1.131098E-10	1.131098E-10
4.900000E-1	4.649720E-9	4.649720E-9	1.184039E-10	1.184039E-10
5.000000E-1	4.632300E-9	4.632300E-9	1.179603E-10	1.179603E-10
