

14:49:19	16/03/21


Ell Cont: 5,0x10,0

SMU1	V name:		V1
	I name:		I1
	Mode:		V
	Function:	VAR1
SMU2	V name:		V2
	I name:		I2
	Mode:		common
	Function:	const.
SMU3	off
SMU4	off
VMUs	off

Primary Source (VAR1):	single
	Sweep Spacing:	linear
	Start:		-0.500000
	Stop:		0.500000
	Step:		0.010000
	Compliance:	0.050000
Power Compliance OFF

Timing:		Integration Time:	medium
	Delay Time (sec):	0.000000
	Hold Time (sec):	0.000000
	Wait Time (sec):	1.000000

Secondary Source (VAR2):	OFF


   V1	   I1	Abs(I)	J (A\um²)	Abs(J)
-5.000000E-1	-1.679400E-6	1.679400E-6	-4.276547E-8	4.276547E-8
-4.900000E-1	-1.649310E-6	1.649310E-6	-4.199924E-8	4.199924E-8
-4.800000E-1	-1.615090E-6	1.615090E-6	-4.112783E-8	4.112783E-8
-4.700000E-1	-1.591360E-6	1.591360E-6	-4.052355E-8	4.052355E-8
-4.600000E-1	-1.551890E-6	1.551890E-6	-3.951846E-8	3.951846E-8
-4.500000E-1	-1.505300E-6	1.505300E-6	-3.833206E-8	3.833206E-8
-4.400000E-1	-1.451460E-6	1.451460E-6	-3.696104E-8	3.696104E-8
-4.300000E-1	-1.417440E-6	1.417440E-6	-3.609473E-8	3.609473E-8
-4.200000E-1	-1.328370E-6	1.328370E-6	-3.382658E-8	3.382658E-8
-4.100000E-1	-1.276250E-6	1.276250E-6	-3.249936E-8	3.249936E-8
-4.000000E-1	-1.245560E-6	1.245560E-6	-3.171785E-8	3.171785E-8
-3.900000E-1	-1.186150E-6	1.186150E-6	-3.020499E-8	3.020499E-8
-3.800000E-1	-1.149420E-6	1.149420E-6	-2.926967E-8	2.926967E-8
-3.700000E-1	-1.195060E-6	1.195060E-6	-3.043188E-8	3.043188E-8
-3.600000E-1	-1.167950E-6	1.167950E-6	-2.974153E-8	2.974153E-8
-3.500000E-1	-1.133680E-6	1.133680E-6	-2.886886E-8	2.886886E-8
-3.400000E-1	-1.101670E-6	1.101670E-6	-2.805373E-8	2.805373E-8
-3.300000E-1	-1.089210E-6	1.089210E-6	-2.773644E-8	2.773644E-8
-3.200000E-1	-1.044170E-6	1.044170E-6	-2.658951E-8	2.658951E-8
-3.100000E-1	-9.768200E-7	9.768200E-7	-2.487446E-8	2.487446E-8
-3.000000E-1	-9.747630E-7	9.747630E-7	-2.482208E-8	2.482208E-8
-2.900000E-1	-8.775720E-7	8.775720E-7	-2.234713E-8	2.234713E-8
-2.800000E-1	-8.453350E-7	8.453350E-7	-2.152623E-8	2.152623E-8
-2.700000E-1	-8.129470E-7	8.129470E-7	-2.070148E-8	2.070148E-8
-2.600000E-1	-7.811160E-7	7.811160E-7	-1.989091E-8	1.989091E-8
-2.500000E-1	-7.438590E-7	7.438590E-7	-1.894217E-8	1.894217E-8
-2.400000E-1	-7.193910E-7	7.193910E-7	-1.831910E-8	1.831910E-8
-2.300000E-1	-6.920380E-7	6.920380E-7	-1.762256E-8	1.762256E-8
-2.200000E-1	-6.617860E-7	6.617860E-7	-1.685220E-8	1.685220E-8
-2.100000E-1	-6.228680E-7	6.228680E-7	-1.586117E-8	1.586117E-8
-2.000000E-1	-6.024390E-7	6.024390E-7	-1.534095E-8	1.534095E-8
-1.900000E-1	-5.634020E-7	5.634020E-7	-1.434688E-8	1.434688E-8
-1.800000E-1	-5.233820E-7	5.233820E-7	-1.332778E-8	1.332778E-8
-1.700000E-1	-5.004450E-7	5.004450E-7	-1.274370E-8	1.274370E-8
-1.600000E-1	-4.680530E-7	4.680530E-7	-1.191884E-8	1.191884E-8
-1.500000E-1	-4.444110E-7	4.444110E-7	-1.131681E-8	1.131681E-8
-1.400000E-1	-4.077620E-7	4.077620E-7	-1.038355E-8	1.038355E-8
-1.300000E-1	-3.795880E-7	3.795880E-7	-9.666106E-9	9.666106E-9
-1.200000E-1	-3.503610E-7	3.503610E-7	-8.921849E-9	8.921849E-9
-1.100000E-1	-3.211510E-7	3.211510E-7	-8.178024E-9	8.178024E-9
-1.000000E-1	-2.886340E-7	2.886340E-7	-7.349987E-9	7.349987E-9
-9.000000E-2	-2.575210E-7	2.575210E-7	-6.557703E-9	6.557703E-9
-8.000000E-2	-2.327750E-7	2.327750E-7	-5.927553E-9	5.927553E-9
-7.000000E-2	-2.018930E-7	2.018930E-7	-5.141151E-9	5.141151E-9
-6.000000E-2	-1.725410E-7	1.725410E-7	-4.393710E-9	4.393710E-9
-5.000000E-2	-1.437620E-7	1.437620E-7	-3.660861E-9	3.660861E-9
-4.000000E-2	-1.155220E-7	1.155220E-7	-2.941737E-9	2.941737E-9
-3.000000E-2	-8.548530E-8	8.548530E-8	-2.176860E-9	2.176860E-9
-2.000000E-2	-5.683130E-8	5.683130E-8	-1.447194E-9	1.447194E-9
-1.000000E-2	-2.842620E-8	2.842620E-8	-7.238655E-10	7.238655E-10
0.000000E+0	-1.739800E-10	1.739800E-10	-4.430354E-12	4.430354E-12
1.000000E-2	2.800440E-8	2.800440E-8	7.131245E-10	7.131245E-10
2.000000E-2	5.667340E-8	5.667340E-8	1.443173E-9	1.443173E-9
3.000000E-2	8.452790E-8	8.452790E-8	2.152480E-9	2.152480E-9
4.000000E-2	1.122858E-7	1.122858E-7	2.859328E-9	2.859328E-9
5.000000E-2	1.412420E-7	1.412420E-7	3.596690E-9	3.596690E-9
6.000000E-2	1.684160E-7	1.684160E-7	4.288668E-9	4.288668E-9
7.000000E-2	1.962440E-7	1.962440E-7	4.997301E-9	4.997301E-9
8.000000E-2	2.265150E-7	2.265150E-7	5.768144E-9	5.768144E-9
9.000000E-2	2.543600E-7	2.543600E-7	6.477209E-9	6.477209E-9
1.000000E-1	2.842150E-7	2.842150E-7	7.237459E-9	7.237459E-9
1.100000E-1	3.103120E-7	3.103120E-7	7.902012E-9	7.902012E-9
1.200000E-1	3.375150E-7	3.375150E-7	8.594729E-9	8.594729E-9
1.300000E-1	3.678240E-7	3.678240E-7	9.366539E-9	9.366539E-9
1.400000E-1	3.953460E-7	3.953460E-7	1.006738E-8	1.006738E-8
1.500000E-1	4.273580E-7	4.273580E-7	1.088256E-8	1.088256E-8
1.600000E-1	4.605480E-7	4.605480E-7	1.172773E-8	1.172773E-8
1.700000E-1	4.900840E-7	4.900840E-7	1.247986E-8	1.247986E-8
1.800000E-1	5.187390E-7	5.187390E-7	1.320955E-8	1.320955E-8
1.900000E-1	5.433840E-7	5.433840E-7	1.383713E-8	1.383713E-8
2.000000E-1	5.815880E-7	5.815880E-7	1.480998E-8	1.480998E-8
2.100000E-1	6.086620E-7	6.086620E-7	1.549941E-8	1.549941E-8
2.200000E-1	6.395960E-7	6.395960E-7	1.628714E-8	1.628714E-8
2.300000E-1	6.696260E-7	6.696260E-7	1.705185E-8	1.705185E-8
2.400000E-1	6.961460E-7	6.961460E-7	1.772717E-8	1.772717E-8
2.500000E-1	7.260280E-7	7.260280E-7	1.848811E-8	1.848811E-8
2.600000E-1	7.668610E-7	7.668610E-7	1.952791E-8	1.952791E-8
2.700000E-1	7.962260E-7	7.962260E-7	2.027568E-8	2.027568E-8
2.800000E-1	8.312900E-7	8.312900E-7	2.116858E-8	2.116858E-8
2.900000E-1	8.541960E-7	8.541960E-7	2.175187E-8	2.175187E-8
3.000000E-1	9.061210E-7	9.061210E-7	2.307413E-8	2.307413E-8
3.100000E-1	9.417640E-7	9.417640E-7	2.398177E-8	2.398177E-8
3.200000E-1	9.589910E-7	9.589910E-7	2.442045E-8	2.442045E-8
3.300000E-1	9.989630E-7	9.989630E-7	2.543832E-8	2.543832E-8
3.400000E-1	1.025829E-6	1.025829E-6	2.612246E-8	2.612246E-8
3.500000E-1	1.043370E-6	1.043370E-6	2.656914E-8	2.656914E-8
3.600000E-1	1.064882E-6	1.064882E-6	2.711693E-8	2.711693E-8
3.700000E-1	1.125724E-6	1.125724E-6	2.866626E-8	2.866626E-8
3.800000E-1	1.163350E-6	1.163350E-6	2.962439E-8	2.962439E-8
3.900000E-1	1.191180E-6	1.191180E-6	3.033308E-8	3.033308E-8
4.000000E-1	1.196210E-6	1.196210E-6	3.046117E-8	3.046117E-8
4.100000E-1	1.231740E-6	1.231740E-6	3.136593E-8	3.136593E-8
4.200000E-1	1.236570E-6	1.236570E-6	3.148892E-8	3.148892E-8
4.300000E-1	1.263770E-6	1.263770E-6	3.218156E-8	3.218156E-8
4.400000E-1	1.289940E-6	1.289940E-6	3.284798E-8	3.284798E-8
4.500000E-1	1.319420E-6	1.319420E-6	3.359868E-8	3.359868E-8
4.600000E-1	1.381400E-6	1.381400E-6	3.517698E-8	3.517698E-8
4.700000E-1	1.422640E-6	1.422640E-6	3.622714E-8	3.622714E-8
4.800000E-1	1.448850E-6	1.448850E-6	3.689458E-8	3.689458E-8
4.900000E-1	1.533940E-6	1.533940E-6	3.906137E-8	3.906137E-8
5.000000E-1	1.525770E-6	1.525770E-6	3.885332E-8	3.885332E-8
