

14:41:40	16/03/21


Ell Cont: 5,0x10,0

SMU1	V name:		V1
	I name:		I1
	Mode:		V
	Function:	VAR1
SMU2	V name:		V2
	I name:		I2
	Mode:		common
	Function:	const.
SMU3	off
SMU4	off
VMUs	off

Primary Source (VAR1):	single
	Sweep Spacing:	linear
	Start:		-0.500000
	Stop:		0.500000
	Step:		0.010000
	Compliance:	0.050000
Power Compliance OFF

Timing:		Integration Time:	medium
	Delay Time (sec):	0.000000
	Hold Time (sec):	0.000000
	Wait Time (sec):	1.000000

Secondary Source (VAR2):	OFF


   V1	   I1	Abs(I)	J (A\µm²)	Abs(J)
-5.000000E-1	-1.122830E-4	1.122830E-4	-2.859256E-6	2.859256E-6
-4.900000E-1	-1.091160E-4	1.091160E-4	-2.778610E-6	2.778610E-6
-4.800000E-1	-1.059530E-4	1.059530E-4	-2.698065E-6	2.698065E-6
-4.700000E-1	-1.028700E-4	1.028700E-4	-2.619557E-6	2.619557E-6
-4.600000E-1	-9.980120E-5	9.980120E-5	-2.541411E-6	2.541411E-6
-4.500000E-1	-9.680070E-5	9.680070E-5	-2.465004E-6	2.465004E-6
-4.400000E-1	-9.382700E-5	9.382700E-5	-2.389279E-6	2.389279E-6
-4.300000E-1	-9.089140E-5	9.089140E-5	-2.314525E-6	2.314525E-6
-4.200000E-1	-8.803170E-5	8.803170E-5	-2.241704E-6	2.241704E-6
-4.100000E-1	-8.518290E-5	8.518290E-5	-2.169160E-6	2.169160E-6
-4.000000E-1	-8.239730E-5	8.239730E-5	-2.098225E-6	2.098225E-6
-3.900000E-1	-7.963820E-5	7.963820E-5	-2.027965E-6	2.027965E-6
-3.800000E-1	-7.693100E-5	7.693100E-5	-1.959027E-6	1.959027E-6
-3.700000E-1	-7.424560E-5	7.424560E-5	-1.890644E-6	1.890644E-6
-3.600000E-1	-7.162230E-5	7.162230E-5	-1.823843E-6	1.823843E-6
-3.500000E-1	-6.901800E-5	6.901800E-5	-1.757525E-6	1.757525E-6
-3.400000E-1	-6.647210E-5	6.647210E-5	-1.692694E-6	1.692694E-6
-3.300000E-1	-6.394840E-5	6.394840E-5	-1.628429E-6	1.628429E-6
-3.200000E-1	-6.148090E-5	6.148090E-5	-1.565595E-6	1.565595E-6
-3.100000E-1	-5.903760E-5	5.903760E-5	-1.503377E-6	1.503377E-6
-3.000000E-1	-5.665080E-5	5.665080E-5	-1.442597E-6	1.442597E-6
-2.900000E-1	-5.428160E-5	5.428160E-5	-1.382266E-6	1.382266E-6
-2.800000E-1	-5.194990E-5	5.194990E-5	-1.322890E-6	1.322890E-6
-2.700000E-1	-4.967490E-5	4.967490E-5	-1.264958E-6	1.264958E-6
-2.600000E-1	-4.741870E-5	4.741870E-5	-1.207504E-6	1.207504E-6
-2.500000E-1	-4.521710E-5	4.521710E-5	-1.151441E-6	1.151441E-6
-2.400000E-1	-4.303100E-5	4.303100E-5	-1.095773E-6	1.095773E-6
-2.300000E-1	-4.090390E-5	4.090390E-5	-1.041607E-6	1.041607E-6
-2.200000E-1	-3.878910E-5	3.878910E-5	-9.877540E-7	9.877540E-7
-2.100000E-1	-3.672950E-5	3.672950E-5	-9.353068E-7	9.353068E-7
-2.000000E-1	-3.468510E-5	3.468510E-5	-8.832467E-7	8.832467E-7
-1.900000E-1	-3.269370E-5	3.269370E-5	-8.325363E-7	8.325363E-7
-1.800000E-1	-3.071930E-5	3.071930E-5	-7.822587E-7	7.822587E-7
-1.700000E-1	-2.879260E-5	2.879260E-5	-7.331958E-7	7.331958E-7
-1.600000E-1	-2.688650E-5	2.688650E-5	-6.846575E-7	6.846575E-7
-1.500000E-1	-2.500870E-5	2.500870E-5	-6.368398E-7	6.368398E-7
-1.400000E-1	-2.317870E-5	2.317870E-5	-5.902394E-7	5.902394E-7
-1.300000E-1	-2.136440E-5	2.136440E-5	-5.440387E-7	5.440387E-7
-1.200000E-1	-1.959570E-5	1.959570E-5	-4.989992E-7	4.989992E-7
-1.100000E-1	-1.784330E-5	1.784330E-5	-4.543748E-7	4.543748E-7
-1.000000E-1	-1.612960E-5	1.612960E-5	-4.107359E-7	4.107359E-7
-9.000000E-2	-1.443070E-5	1.443070E-5	-3.674739E-7	3.674739E-7
-8.000000E-2	-1.276770E-5	1.276770E-5	-3.251260E-7	3.251260E-7
-7.000000E-2	-1.111550E-5	1.111550E-5	-2.830532E-7	2.830532E-7
-6.000000E-2	-9.496990E-6	9.496990E-6	-2.418383E-7	2.418383E-7
-5.000000E-2	-7.882270E-6	7.882270E-6	-2.007199E-7	2.007199E-7
-4.000000E-2	-6.296500E-6	6.296500E-6	-1.603387E-7	1.603387E-7
-3.000000E-2	-4.711760E-6	4.711760E-6	-1.199837E-7	1.199837E-7
-2.000000E-2	-3.134900E-6	3.134900E-6	-7.982939E-8	7.982939E-8
-1.000000E-2	-1.576110E-6	1.576110E-6	-4.013522E-8	4.013522E-8
0.000000E+0	-9.043700E-9	9.043700E-9	-2.302954E-10	2.302954E-10
1.000000E-2	1.546450E-6	1.546450E-6	3.937993E-8	3.937993E-8
2.000000E-2	3.119590E-6	3.119590E-6	7.943952E-8	7.943952E-8
3.000000E-2	4.688260E-6	4.688260E-6	1.193853E-7	1.193853E-7
4.000000E-2	6.279840E-6	6.279840E-6	1.599144E-7	1.599144E-7
5.000000E-2	7.886450E-6	7.886450E-6	2.008263E-7	2.008263E-7
6.000000E-2	9.498280E-6	9.498280E-6	2.418711E-7	2.418711E-7
7.000000E-2	1.114336E-5	1.114336E-5	2.837627E-7	2.837627E-7
8.000000E-2	1.279460E-5	1.279460E-5	3.258110E-7	3.258110E-7
9.000000E-2	1.448550E-5	1.448550E-5	3.688694E-7	3.688694E-7
1.000000E-1	1.619020E-5	1.619020E-5	4.122791E-7	4.122791E-7
1.100000E-1	1.793630E-5	1.793630E-5	4.567431E-7	4.567431E-7
1.200000E-1	1.969890E-5	1.969890E-5	5.016272E-7	5.016272E-7
1.300000E-1	2.150420E-5	2.150420E-5	5.475987E-7	5.475987E-7
1.400000E-1	2.332520E-5	2.332520E-5	5.939699E-7	5.939699E-7
1.500000E-1	2.519390E-5	2.519390E-5	6.415559E-7	6.415559E-7
1.600000E-1	2.710130E-5	2.710130E-5	6.901273E-7	6.901273E-7
1.700000E-1	2.902150E-5	2.902150E-5	7.390247E-7	7.390247E-7
1.800000E-1	3.099550E-5	3.099550E-5	7.892921E-7	7.892921E-7
1.900000E-1	3.298940E-5	3.298940E-5	8.400662E-7	8.400662E-7
2.000000E-1	3.503120E-5	3.503120E-5	8.920601E-7	8.920601E-7
2.100000E-1	3.709450E-5	3.709450E-5	9.446015E-7	9.446015E-7
2.200000E-1	3.920850E-5	3.920850E-5	9.984339E-7	9.984339E-7
2.300000E-1	4.134650E-5	4.134650E-5	1.052878E-6	1.052878E-6
2.400000E-1	4.353510E-5	4.353510E-5	1.108610E-6	1.108610E-6
2.500000E-1	4.574490E-5	4.574490E-5	1.164882E-6	1.164882E-6
2.600000E-1	4.801150E-5	4.801150E-5	1.222600E-6	1.222600E-6
2.700000E-1	5.031590E-5	5.031590E-5	1.281281E-6	1.281281E-6
2.800000E-1	5.263840E-5	5.263840E-5	1.340423E-6	1.340423E-6
2.900000E-1	5.502360E-5	5.502360E-5	1.401161E-6	1.401161E-6
3.000000E-1	5.742670E-5	5.742670E-5	1.462355E-6	1.462355E-6
3.100000E-1	5.989050E-5	5.989050E-5	1.525095E-6	1.525095E-6
3.200000E-1	6.236520E-5	6.236520E-5	1.588113E-6	1.588113E-6
3.300000E-1	6.490700E-5	6.490700E-5	1.652839E-6	1.652839E-6
3.400000E-1	6.746890E-5	6.746890E-5	1.718077E-6	1.718077E-6
3.500000E-1	7.008920E-5	7.008920E-5	1.784803E-6	1.784803E-6
3.600000E-1	7.272730E-5	7.272730E-5	1.851981E-6	1.851981E-6
3.700000E-1	7.543570E-5	7.543570E-5	1.920950E-6	1.920950E-6
3.800000E-1	7.818060E-5	7.818060E-5	1.990848E-6	1.990848E-6
3.900000E-1	8.094640E-5	8.094640E-5	2.061278E-6	2.061278E-6
4.000000E-1	8.377120E-5	8.377120E-5	2.133211E-6	2.133211E-6
4.100000E-1	8.661740E-5	8.661740E-5	2.205689E-6	2.205689E-6
4.200000E-1	8.953570E-5	8.953570E-5	2.280003E-6	2.280003E-6
4.300000E-1	9.246840E-5	9.246840E-5	2.354683E-6	2.354683E-6
4.400000E-1	9.547460E-5	9.547460E-5	2.431235E-6	2.431235E-6
4.500000E-1	9.849480E-5	9.849480E-5	2.508144E-6	2.508144E-6
4.600000E-1	1.015815E-4	1.015815E-4	2.586746E-6	2.586746E-6
4.700000E-1	1.046931E-4	1.046931E-4	2.665982E-6	2.665982E-6
4.800000E-1	1.078772E-4	1.078772E-4	2.747064E-6	2.747064E-6
4.900000E-1	1.111016E-4	1.111016E-4	2.829172E-6	2.829172E-6
5.000000E-1	1.143460E-4	1.143460E-4	2.911790E-6	2.911790E-6
