

14:20:18	16/03/21


Ell Cont: 5,0x10,0

SMU1	V name:		V1
	I name:		I1
	Mode:		V
	Function:	VAR1
SMU2	V name:		V2
	I name:		I2
	Mode:		common
	Function:	const.
SMU3	off
SMU4	off
VMUs	off

Primary Source (VAR1):	single
	Sweep Spacing:	linear
	Start:		-0.500000
	Stop:		0.500000
	Step:		0.010000
	Compliance:	0.050000
Power Compliance OFF

Timing:		Integration Time:	medium
	Delay Time (sec):	0.000000
	Hold Time (sec):	0.000000
	Wait Time (sec):	1.000000

Secondary Source (VAR2):	OFF


   V1	   I1	Abs(I)	J (A\µm²)	Abs(J)
-5.000000E-1	-3.450580E-6	3.450580E-6	-8.786809E-8	8.786809E-8
-4.900000E-1	-3.355620E-6	3.355620E-6	-8.544996E-8	8.544996E-8
-4.800000E-1	-3.263480E-6	3.263480E-6	-8.310364E-8	8.310364E-8
-4.700000E-1	-3.174570E-6	3.174570E-6	-8.083957E-8	8.083957E-8
-4.600000E-1	-3.085200E-6	3.085200E-6	-7.856379E-8	7.856379E-8
-4.500000E-1	-2.997160E-6	2.997160E-6	-7.632187E-8	7.632187E-8
-4.400000E-1	-2.909430E-6	2.909430E-6	-7.408785E-8	7.408785E-8
-4.300000E-1	-2.823680E-6	2.823680E-6	-7.190425E-8	7.190425E-8
-4.200000E-1	-2.738310E-6	2.738310E-6	-6.973033E-8	6.973033E-8
-4.100000E-1	-2.653970E-6	2.653970E-6	-6.758263E-8	6.758263E-8
-4.000000E-1	-2.571310E-6	2.571310E-6	-6.547772E-8	6.547772E-8
-3.900000E-1	-2.489180E-6	2.489180E-6	-6.338630E-8	6.338630E-8
-3.800000E-1	-2.408360E-6	2.408360E-6	-6.132824E-8	6.132824E-8
-3.700000E-1	-2.328120E-6	2.328120E-6	-5.928495E-8	5.928495E-8
-3.600000E-1	-2.249590E-6	2.249590E-6	-5.728520E-8	5.728520E-8
-3.500000E-1	-2.171510E-6	2.171510E-6	-5.529692E-8	5.529692E-8
-3.400000E-1	-2.094920E-6	2.094920E-6	-5.334657E-8	5.334657E-8
-3.300000E-1	-2.018110E-6	2.018110E-6	-5.139063E-8	5.139063E-8
-3.200000E-1	-1.943060E-6	1.943060E-6	-4.947950E-8	4.947950E-8
-3.100000E-1	-1.868720E-6	1.868720E-6	-4.758645E-8	4.758645E-8
-3.000000E-1	-1.795650E-6	1.795650E-6	-4.572574E-8	4.572574E-8
-2.900000E-1	-1.723790E-6	1.723790E-6	-4.389585E-8	4.389585E-8
-2.800000E-1	-1.651750E-6	1.651750E-6	-4.206137E-8	4.206137E-8
-2.700000E-1	-1.581730E-6	1.581730E-6	-4.027833E-8	4.027833E-8
-2.600000E-1	-1.511500E-6	1.511500E-6	-3.848994E-8	3.848994E-8
-2.500000E-1	-1.443310E-6	1.443310E-6	-3.675350E-8	3.675350E-8
-2.400000E-1	-1.375550E-6	1.375550E-6	-3.502801E-8	3.502801E-8
-2.300000E-1	-1.309350E-6	1.309350E-6	-3.334225E-8	3.334225E-8
-2.200000E-1	-1.242660E-6	1.242660E-6	-3.164400E-8	3.164400E-8
-2.100000E-1	-1.178500E-6	1.178500E-6	-3.001019E-8	3.001019E-8
-2.000000E-1	-1.114070E-6	1.114070E-6	-2.836949E-8	2.836949E-8
-1.900000E-1	-1.051640E-6	1.051640E-6	-2.677973E-8	2.677973E-8
-1.800000E-1	-9.899510E-7	9.899510E-7	-2.520884E-8	2.520884E-8
-1.700000E-1	-9.282010E-7	9.282010E-7	-2.363639E-8	2.363639E-8
-1.600000E-1	-8.677650E-7	8.677650E-7	-2.209740E-8	2.209740E-8
-1.500000E-1	-8.075520E-7	8.075520E-7	-2.056409E-8	2.056409E-8
-1.400000E-1	-7.492360E-7	7.492360E-7	-1.907909E-8	1.907909E-8
-1.300000E-1	-6.908940E-7	6.908940E-7	-1.759343E-8	1.759343E-8
-1.200000E-1	-6.341290E-7	6.341290E-7	-1.614792E-8	1.614792E-8
-1.100000E-1	-5.778230E-7	5.778230E-7	-1.471411E-8	1.471411E-8
-1.000000E-1	-5.228710E-7	5.228710E-7	-1.331477E-8	1.331477E-8
-9.000000E-2	-4.677280E-7	4.677280E-7	-1.191057E-8	1.191057E-8
-8.000000E-2	-4.141180E-7	4.141180E-7	-1.054540E-8	1.054540E-8
-7.000000E-2	-3.605450E-7	3.605450E-7	-9.181181E-9	9.181181E-9
-6.000000E-2	-3.079440E-7	3.079440E-7	-7.841711E-9	7.841711E-9
-5.000000E-2	-2.554850E-7	2.554850E-7	-6.505857E-9	6.505857E-9
-4.000000E-2	-2.038490E-7	2.038490E-7	-5.190960E-9	5.190960E-9
-3.000000E-2	-1.522580E-7	1.522580E-7	-3.877209E-9	3.877209E-9
-2.000000E-2	-1.010934E-7	1.010934E-7	-2.574316E-9	2.574316E-9
-1.000000E-2	-5.017910E-8	5.017910E-8	-1.277797E-9	1.277797E-9
0.000000E+0	3.019700E-10	3.019700E-10	7.689585E-12	7.689585E-12
1.000000E-2	5.095110E-8	5.095110E-8	1.297456E-9	1.297456E-9
2.000000E-2	1.026411E-7	1.026411E-7	2.613728E-9	2.613728E-9
3.000000E-2	1.534900E-7	1.534900E-7	3.908582E-9	3.908582E-9
4.000000E-2	2.058030E-7	2.058030E-7	5.240718E-9	5.240718E-9
5.000000E-2	2.583080E-7	2.583080E-7	6.577744E-9	6.577744E-9
6.000000E-2	3.108750E-7	3.108750E-7	7.916348E-9	7.916348E-9
7.000000E-2	3.644380E-7	3.644380E-7	9.280316E-9	9.280316E-9
8.000000E-2	4.181570E-7	4.181570E-7	1.064826E-8	1.064826E-8
9.000000E-2	4.729960E-7	4.729960E-7	1.204472E-8	1.204472E-8
1.000000E-1	5.282220E-7	5.282220E-7	1.345103E-8	1.345103E-8
1.100000E-1	5.850950E-7	5.850950E-7	1.489929E-8	1.489929E-8
1.200000E-1	6.420270E-7	6.420270E-7	1.634904E-8	1.634904E-8
1.300000E-1	7.004170E-7	7.004170E-7	1.783593E-8	1.783593E-8
1.400000E-1	7.592920E-7	7.592920E-7	1.933517E-8	1.933517E-8
1.500000E-1	8.198070E-7	8.198070E-7	2.087616E-8	2.087616E-8
1.600000E-1	8.809910E-7	8.809910E-7	2.243420E-8	2.243420E-8
1.700000E-1	9.426190E-7	9.426190E-7	2.400354E-8	2.400354E-8
1.800000E-1	1.006502E-6	1.006502E-6	2.563030E-8	2.563030E-8
1.900000E-1	1.069697E-6	1.069697E-6	2.723955E-8	2.723955E-8
2.000000E-1	1.134375E-6	1.134375E-6	2.888655E-8	2.888655E-8
2.100000E-1	1.199870E-6	1.199870E-6	3.055437E-8	3.055437E-8
2.200000E-1	1.267320E-6	1.267320E-6	3.227196E-8	3.227196E-8
2.300000E-1	1.335400E-6	1.335400E-6	3.400560E-8	3.400560E-8
2.400000E-1	1.404390E-6	1.404390E-6	3.576241E-8	3.576241E-8
2.500000E-1	1.474200E-6	1.474200E-6	3.754011E-8	3.754011E-8
2.600000E-1	1.545810E-6	1.545810E-6	3.936364E-8	3.936364E-8
2.700000E-1	1.617570E-6	1.617570E-6	4.119099E-8	4.119099E-8
2.800000E-1	1.689070E-6	1.689070E-6	4.301171E-8	4.301171E-8
2.900000E-1	1.763560E-6	1.763560E-6	4.490858E-8	4.490858E-8
3.000000E-1	1.838140E-6	1.838140E-6	4.680774E-8	4.680774E-8
3.100000E-1	1.914290E-6	1.914290E-6	4.874688E-8	4.874688E-8
3.200000E-1	1.990670E-6	1.990670E-6	5.069188E-8	5.069188E-8
3.300000E-1	2.068830E-6	2.068830E-6	5.268220E-8	5.268220E-8
3.400000E-1	2.147800E-6	2.147800E-6	5.469315E-8	5.469315E-8
3.500000E-1	2.228470E-6	2.228470E-6	5.674739E-8	5.674739E-8
3.600000E-1	2.310360E-6	2.310360E-6	5.883270E-8	5.883270E-8
3.700000E-1	2.390880E-6	2.390880E-6	6.088312E-8	6.088312E-8
3.800000E-1	2.475380E-6	2.475380E-6	6.303489E-8	6.303489E-8
3.900000E-1	2.559140E-6	2.559140E-6	6.516781E-8	6.516781E-8
4.000000E-1	2.644280E-6	2.644280E-6	6.733588E-8	6.733588E-8
4.100000E-1	2.730750E-6	2.730750E-6	6.953781E-8	6.953781E-8
4.200000E-1	2.818000E-6	2.818000E-6	7.175961E-8	7.175961E-8
4.300000E-1	2.904750E-6	2.904750E-6	7.396868E-8	7.396868E-8
4.400000E-1	2.993150E-6	2.993150E-6	7.621976E-8	7.621976E-8
4.500000E-1	3.084190E-6	3.084190E-6	7.853807E-8	7.853807E-8
4.600000E-1	3.176210E-6	3.176210E-6	8.088133E-8	8.088133E-8
4.700000E-1	3.267740E-6	3.267740E-6	8.321212E-8	8.321212E-8
4.800000E-1	3.362850E-6	3.362850E-6	8.563407E-8	8.563407E-8
4.900000E-1	3.458320E-6	3.458320E-6	8.806519E-8	8.806519E-8
5.000000E-1	3.552890E-6	3.552890E-6	9.047339E-8	9.047339E-8
