

14:51:44	16/03/21


Ell Cont: 5,0x10,0

SMU1	V name:		V1
	I name:		I1
	Mode:		V
	Function:	VAR1
SMU2	V name:		V2
	I name:		I2
	Mode:		common
	Function:	const.
SMU3	off
SMU4	off
VMUs	off

Primary Source (VAR1):	single
	Sweep Spacing:	linear
	Start:		-0.500000
	Stop:		0.500000
	Step:		0.010000
	Compliance:	0.050000
Power Compliance OFF

Timing:		Integration Time:	medium
	Delay Time (sec):	0.000000
	Hold Time (sec):	0.000000
	Wait Time (sec):	1.000000

Secondary Source (VAR2):	OFF


   V1	   I1	Abs(I)	J (A\um²)	Abs(J)
-5.000000E-1	-5.376090E-5	5.376090E-5	-1.369007E-6	1.369007E-6
-4.900000E-1	-5.240200E-5	5.240200E-5	-1.334403E-6	1.334403E-6
-4.800000E-1	-5.106050E-5	5.106050E-5	-1.300242E-6	1.300242E-6
-4.700000E-1	-4.974360E-5	4.974360E-5	-1.266707E-6	1.266707E-6
-4.600000E-1	-4.841930E-5	4.841930E-5	-1.232984E-6	1.232984E-6
-4.500000E-1	-4.712500E-5	4.712500E-5	-1.200025E-6	1.200025E-6
-4.400000E-1	-4.583040E-5	4.583040E-5	-1.167059E-6	1.167059E-6
-4.300000E-1	-4.454780E-5	4.454780E-5	-1.134398E-6	1.134398E-6
-4.200000E-1	-4.328590E-5	4.328590E-5	-1.102264E-6	1.102264E-6
-4.100000E-1	-4.202740E-5	4.202740E-5	-1.070216E-6	1.070216E-6
-4.000000E-1	-4.078820E-5	4.078820E-5	-1.038661E-6	1.038661E-6
-3.900000E-1	-3.955110E-5	3.955110E-5	-1.007158E-6	1.007158E-6
-3.800000E-1	-3.833490E-5	3.833490E-5	-9.761879E-7	9.761879E-7
-3.700000E-1	-3.712140E-5	3.712140E-5	-9.452865E-7	9.452865E-7
-3.600000E-1	-3.593120E-5	3.593120E-5	-9.149783E-7	9.149783E-7
-3.500000E-1	-3.473990E-5	3.473990E-5	-8.846422E-7	8.846422E-7
-3.400000E-1	-3.357010E-5	3.357010E-5	-8.548536E-7	8.548536E-7
-3.300000E-1	-3.240090E-5	3.240090E-5	-8.250802E-7	8.250802E-7
-3.200000E-1	-3.125430E-5	3.125430E-5	-7.958823E-7	7.958823E-7
-3.100000E-1	-3.010960E-5	3.010960E-5	-7.667329E-7	7.667329E-7
-3.000000E-1	-2.898410E-5	2.898410E-5	-7.380723E-7	7.380723E-7
-2.900000E-1	-2.786300E-5	2.786300E-5	-7.095238E-7	7.095238E-7
-2.800000E-1	-2.674920E-5	2.674920E-5	-6.811612E-7	6.811612E-7
-2.700000E-1	-2.565790E-5	2.565790E-5	-6.533715E-7	6.533715E-7
-2.600000E-1	-2.456930E-5	2.456930E-5	-6.256506E-7	6.256506E-7
-2.500000E-1	-2.350060E-5	2.350060E-5	-5.984365E-7	5.984365E-7
-2.400000E-1	-2.243540E-5	2.243540E-5	-5.713114E-7	5.713114E-7
-2.300000E-1	-2.139060E-5	2.139060E-5	-5.447059E-7	5.447059E-7
-2.200000E-1	-2.034640E-5	2.034640E-5	-5.181156E-7	5.181156E-7
-2.100000E-1	-1.931900E-5	1.931900E-5	-4.919531E-7	4.919531E-7
-2.000000E-1	-1.829650E-5	1.829650E-5	-4.659155E-7	4.659155E-7
-1.900000E-1	-1.729790E-5	1.729790E-5	-4.404864E-7	4.404864E-7
-1.800000E-1	-1.629880E-5	1.629880E-5	-4.150446E-7	4.150446E-7
-1.700000E-1	-1.531890E-5	1.531890E-5	-3.900917E-7	3.900917E-7
-1.600000E-1	-1.434250E-5	1.434250E-5	-3.652279E-7	3.652279E-7
-1.500000E-1	-1.337670E-5	1.337670E-5	-3.406341E-7	3.406341E-7
-1.400000E-1	-1.243030E-5	1.243030E-5	-3.165342E-7	3.165342E-7
-1.300000E-1	-1.148670E-5	1.148670E-5	-2.925057E-7	2.925057E-7
-1.200000E-1	-1.056130E-5	1.056130E-5	-2.689407E-7	2.689407E-7
-1.100000E-1	-9.638990E-6	9.638990E-6	-2.454543E-7	2.454543E-7
-1.000000E-1	-8.732230E-6	8.732230E-6	-2.223639E-7	2.223639E-7
-9.000000E-2	-7.827590E-6	7.827590E-6	-1.993275E-7	1.993275E-7
-8.000000E-2	-6.938590E-6	6.938590E-6	-1.766893E-7	1.766893E-7
-7.000000E-2	-6.051950E-6	6.051950E-6	-1.541113E-7	1.541113E-7
-6.000000E-2	-5.178200E-6	5.178200E-6	-1.318615E-7	1.318615E-7
-5.000000E-2	-4.304610E-6	4.304610E-6	-1.096157E-7	1.096157E-7
-4.000000E-2	-3.442430E-6	3.442430E-6	-8.766055E-8	8.766055E-8
-3.000000E-2	-2.578690E-6	2.578690E-6	-6.566565E-8	6.566565E-8
-2.000000E-2	-1.716900E-6	1.716900E-6	-4.372040E-8	4.372040E-8
-1.000000E-2	-8.640180E-7	8.640180E-7	-2.200199E-8	2.200199E-8
0.000000E+0	-1.900310E-9	1.900310E-9	-4.839088E-11	4.839088E-11
1.000000E-2	8.489480E-7	8.489480E-7	2.161823E-8	2.161823E-8
2.000000E-2	1.712420E-6	1.712420E-6	4.360631E-8	4.360631E-8
3.000000E-2	2.572950E-6	2.572950E-6	6.551948E-8	6.551948E-8
4.000000E-2	3.445340E-6	3.445340E-6	8.773466E-8	8.773466E-8
5.000000E-2	4.323910E-6	4.323910E-6	1.101072E-7	1.101072E-7
6.000000E-2	5.203860E-6	5.203860E-6	1.325149E-7	1.325149E-7
7.000000E-2	6.098570E-6	6.098570E-6	1.552984E-7	1.552984E-7
8.000000E-2	6.996580E-6	6.996580E-6	1.781660E-7	1.781660E-7
9.000000E-2	7.912030E-6	7.912030E-6	2.014777E-7	2.014777E-7
1.000000E-1	8.830060E-6	8.830060E-6	2.248551E-7	2.248551E-7
1.100000E-1	9.767810E-6	9.767810E-6	2.487347E-7	2.487347E-7
1.200000E-1	1.070879E-5	1.070879E-5	2.726965E-7	2.726965E-7
1.300000E-1	1.166800E-5	1.166800E-5	2.971225E-7	2.971225E-7
1.400000E-1	1.263420E-5	1.263420E-5	3.217265E-7	3.217265E-7
1.500000E-1	1.361770E-5	1.361770E-5	3.467711E-7	3.467711E-7
1.600000E-1	1.461870E-5	1.461870E-5	3.722613E-7	3.722613E-7
1.700000E-1	1.562390E-5	1.562390E-5	3.978584E-7	3.978584E-7
1.800000E-1	1.664800E-5	1.664800E-5	4.239368E-7	4.239368E-7
1.900000E-1	1.768040E-5	1.768040E-5	4.502266E-7	4.502266E-7
2.000000E-1	1.873210E-5	1.873210E-5	4.770079E-7	4.770079E-7
2.100000E-1	1.978720E-5	1.978720E-5	5.038757E-7	5.038757E-7
2.200000E-1	2.086230E-5	2.086230E-5	5.312529E-7	5.312529E-7
2.300000E-1	2.194530E-5	2.194530E-5	5.588312E-7	5.588312E-7
2.400000E-1	2.304500E-5	2.304500E-5	5.868347E-7	5.868347E-7
2.500000E-1	2.415530E-5	2.415530E-5	6.151082E-7	6.151082E-7
2.600000E-1	2.528330E-5	2.528330E-5	6.438324E-7	6.438324E-7
2.700000E-1	2.642350E-5	2.642350E-5	6.728673E-7	6.728673E-7
2.800000E-1	2.757490E-5	2.757490E-5	7.021874E-7	7.021874E-7
2.900000E-1	2.874240E-5	2.874240E-5	7.319175E-7	7.319175E-7
3.000000E-1	2.991380E-5	2.991380E-5	7.617469E-7	7.617469E-7
3.100000E-1	3.110900E-5	3.110900E-5	7.921823E-7	7.921823E-7
3.200000E-1	3.230240E-5	3.230240E-5	8.225719E-7	8.225719E-7
3.300000E-1	3.352140E-5	3.352140E-5	8.536134E-7	8.536134E-7
3.400000E-1	3.473960E-5	3.473960E-5	8.846346E-7	8.846346E-7
3.500000E-1	3.598300E-5	3.598300E-5	9.162974E-7	9.162974E-7
3.600000E-1	3.722780E-5	3.722780E-5	9.479959E-7	9.479959E-7
3.700000E-1	3.849810E-5	3.849810E-5	9.803438E-7	9.803438E-7
3.800000E-1	3.978450E-5	3.978450E-5	1.013102E-6	1.013102E-6
3.900000E-1	4.107300E-5	4.107300E-5	1.045913E-6	1.045913E-6
4.000000E-1	4.238180E-5	4.238180E-5	1.079241E-6	1.079241E-6
4.100000E-1	4.369950E-5	4.369950E-5	1.112796E-6	1.112796E-6
4.200000E-1	4.503350E-5	4.503350E-5	1.146766E-6	1.146766E-6
4.300000E-1	4.637610E-5	4.637610E-5	1.180955E-6	1.180955E-6
4.400000E-1	4.773440E-5	4.773440E-5	1.215544E-6	1.215544E-6
4.500000E-1	4.909320E-5	4.909320E-5	1.250145E-6	1.250145E-6
4.600000E-1	5.048090E-5	5.048090E-5	1.285483E-6	1.285483E-6
4.700000E-1	5.187340E-5	5.187340E-5	1.320942E-6	1.320942E-6
4.800000E-1	5.328340E-5	5.328340E-5	1.356847E-6	1.356847E-6
4.900000E-1	5.470320E-5	5.470320E-5	1.393002E-6	1.393002E-6
5.000000E-1	5.613710E-5	5.613710E-5	1.429516E-6	1.429516E-6
