

14:17:42	16/03/21


Ell Cont: 5,0x10,0

SMU1	V name:		V1
	I name:		I1
	Mode:		V
	Function:	VAR1
SMU2	V name:		V2
	I name:		I2
	Mode:		common
	Function:	const.
SMU3	off
SMU4	off
VMUs	off

Primary Source (VAR1):	single
	Sweep Spacing:	linear
	Start:		-0.500000
	Stop:		0.500000
	Step:		0.010000
	Compliance:	0.050000
Power Compliance OFF

Timing:		Integration Time:	medium
	Delay Time (sec):	0.000000
	Hold Time (sec):	0.000000
	Wait Time (sec):	1.000000

Secondary Source (VAR2):	OFF


   V1	   I1	Abs(I)	J (A\µm²)	Abs(J)
-5.000000E-1	-1.609420E-2	1.609420E-2	-4.098345E-4	4.098345E-4
-4.900000E-1	-1.573940E-2	1.573940E-2	-4.007996E-4	4.007996E-4
-4.800000E-1	-1.538050E-2	1.538050E-2	-3.916603E-4	3.916603E-4
-4.700000E-1	-1.503080E-2	1.503080E-2	-3.827553E-4	3.827553E-4
-4.600000E-1	-1.467900E-2	1.467900E-2	-3.737968E-4	3.737968E-4
-4.500000E-1	-1.433050E-2	1.433050E-2	-3.649223E-4	3.649223E-4
-4.400000E-1	-1.398670E-2	1.398670E-2	-3.561676E-4	3.561676E-4
-4.300000E-1	-1.364390E-2	1.364390E-2	-3.474382E-4	3.474382E-4
-4.200000E-1	-1.330840E-2	1.330840E-2	-3.388948E-4	3.388948E-4
-4.100000E-1	-1.296990E-2	1.296990E-2	-3.302750E-4	3.302750E-4
-4.000000E-1	-1.262940E-2	1.262940E-2	-3.216043E-4	3.216043E-4
-3.900000E-1	-1.229540E-2	1.229540E-2	-3.130991E-4	3.130991E-4
-3.800000E-1	-1.198240E-2	1.198240E-2	-3.051286E-4	3.051286E-4
-3.700000E-1	-1.165520E-2	1.165520E-2	-2.967965E-4	2.967965E-4
-3.600000E-1	-1.133720E-2	1.133720E-2	-2.886987E-4	2.886987E-4
-3.500000E-1	-1.100440E-2	1.100440E-2	-2.802241E-4	2.802241E-4
-3.400000E-1	-1.067830E-2	1.067830E-2	-2.719200E-4	2.719200E-4
-3.300000E-1	-1.034520E-2	1.034520E-2	-2.634377E-4	2.634377E-4
-3.200000E-1	-1.001530E-2	1.001530E-2	-2.550369E-4	2.550369E-4
-3.100000E-1	-9.685570E-3	9.685570E-3	-2.466404E-4	2.466404E-4
-3.000000E-1	-9.364030E-3	9.364030E-3	-2.384525E-4	2.384525E-4
-2.900000E-1	-9.034380E-3	9.034380E-3	-2.300581E-4	2.300581E-4
-2.800000E-1	-8.712310E-3	8.712310E-3	-2.218566E-4	2.218566E-4
-2.700000E-1	-8.390460E-3	8.390460E-3	-2.136608E-4	2.136608E-4
-2.600000E-1	-8.067620E-3	8.067620E-3	-2.054398E-4	2.054398E-4
-2.500000E-1	-7.746050E-3	7.746050E-3	-1.972511E-4	1.972511E-4
-2.400000E-1	-7.427510E-3	7.427510E-3	-1.891395E-4	1.891395E-4
-2.300000E-1	-7.107070E-3	7.107070E-3	-1.809796E-4	1.809796E-4
-2.200000E-1	-6.788290E-3	6.788290E-3	-1.728620E-4	1.728620E-4
-2.100000E-1	-6.471650E-3	6.471650E-3	-1.647988E-4	1.647988E-4
-2.000000E-1	-6.155010E-3	6.155010E-3	-1.567357E-4	1.567357E-4
-1.900000E-1	-5.841910E-3	5.841910E-3	-1.487627E-4	1.487627E-4
-1.800000E-1	-5.525530E-3	5.525530E-3	-1.407061E-4	1.407061E-4
-1.700000E-1	-5.213630E-3	5.213630E-3	-1.327637E-4	1.327637E-4
-1.600000E-1	-4.900190E-3	4.900190E-3	-1.247820E-4	1.247820E-4
-1.500000E-1	-4.587350E-3	4.587350E-3	-1.168156E-4	1.168156E-4
-1.400000E-1	-4.277890E-3	4.277890E-3	-1.089353E-4	1.089353E-4
-1.300000E-1	-3.965790E-3	3.965790E-3	-1.009878E-4	1.009878E-4
-1.200000E-1	-3.658370E-3	3.658370E-3	-9.315941E-5	9.315941E-5
-1.100000E-1	-3.350360E-3	3.350360E-3	-8.531602E-5	8.531602E-5
-1.000000E-1	-3.045210E-3	3.045210E-3	-7.754545E-5	7.754545E-5
-9.000000E-2	-2.737250E-3	2.737250E-3	-6.970334E-5	6.970334E-5
-8.000000E-2	-2.433170E-3	2.433170E-3	-6.196002E-5	6.196002E-5
-7.000000E-2	-2.126580E-3	2.126580E-3	-5.415279E-5	5.415279E-5
-6.000000E-2	-1.822420E-3	1.822420E-3	-4.640744E-5	4.640744E-5
-5.000000E-2	-1.517490E-3	1.517490E-3	-3.864247E-5	3.864247E-5
-4.000000E-2	-1.214870E-3	1.214870E-3	-3.093634E-5	3.093634E-5
-3.000000E-2	-9.110940E-4	9.110940E-4	-2.320076E-5	2.320076E-5
-2.000000E-2	-6.069820E-4	6.069820E-4	-1.545663E-5	1.545663E-5
-1.000000E-2	-3.056280E-4	3.056280E-4	-7.782735E-6	7.782735E-6
0.000000E+0	-2.089420E-6	2.089420E-6	-5.320652E-8	5.320652E-8
1.000000E-2	2.987840E-4	2.987840E-4	7.608454E-6	7.608454E-6
2.000000E-2	6.023240E-4	6.023240E-4	1.533802E-5	1.533802E-5
3.000000E-2	9.038710E-4	9.038710E-4	2.301683E-5	2.301683E-5
4.000000E-2	1.207350E-3	1.207350E-3	3.074484E-5	3.074484E-5
5.000000E-2	1.511240E-3	1.511240E-3	3.848332E-5	3.848332E-5
6.000000E-2	1.813130E-3	1.813130E-3	4.617087E-5	4.617087E-5
7.000000E-2	2.118330E-3	2.118330E-3	5.394270E-5	5.394270E-5
8.000000E-2	2.419880E-3	2.419880E-3	6.162159E-5	6.162159E-5
9.000000E-2	2.726460E-3	2.726460E-3	6.942857E-5	6.942857E-5
1.000000E-1	3.031280E-3	3.031280E-3	7.719073E-5	7.719073E-5
1.100000E-1	3.336920E-3	3.336920E-3	8.497377E-5	8.497377E-5
1.200000E-1	3.640980E-3	3.640980E-3	9.271658E-5	9.271658E-5
1.300000E-1	3.949130E-3	3.949130E-3	1.005635E-4	1.005635E-4
1.400000E-1	4.256280E-3	4.256280E-3	1.083850E-4	1.083850E-4
1.500000E-1	4.564780E-3	4.564780E-3	1.162409E-4	1.162409E-4
1.600000E-1	4.876640E-3	4.876640E-3	1.241823E-4	1.241823E-4
1.700000E-1	5.187870E-3	5.187870E-3	1.321077E-4	1.321077E-4
1.800000E-1	5.501990E-3	5.501990E-3	1.401067E-4	1.401067E-4
1.900000E-1	5.815050E-3	5.815050E-3	1.480787E-4	1.480787E-4
2.000000E-1	6.135760E-3	6.135760E-3	1.562455E-4	1.562455E-4
2.100000E-1	6.450930E-3	6.450930E-3	1.642712E-4	1.642712E-4
2.200000E-1	6.766640E-3	6.766640E-3	1.723107E-4	1.723107E-4
2.300000E-1	7.083460E-3	7.083460E-3	1.803784E-4	1.803784E-4
2.400000E-1	7.400060E-3	7.400060E-3	1.884405E-4	1.884405E-4
2.500000E-1	7.719410E-3	7.719410E-3	1.965727E-4	1.965727E-4
2.600000E-1	8.039350E-3	8.039350E-3	2.047199E-4	2.047199E-4
2.700000E-1	8.380660E-3	8.380660E-3	2.134113E-4	2.134113E-4
2.800000E-1	8.826640E-3	8.826640E-3	2.247680E-4	2.247680E-4
2.900000E-1	9.161960E-3	9.161960E-3	2.333068E-4	2.333068E-4
3.000000E-1	9.487480E-3	9.487480E-3	2.415961E-4	2.415961E-4
3.100000E-1	9.818700E-3	9.818700E-3	2.500306E-4	2.500306E-4
3.200000E-1	1.013085E-2	1.013085E-2	2.579794E-4	2.579794E-4
3.300000E-1	1.044524E-2	1.044524E-2	2.659852E-4	2.659852E-4
3.400000E-1	1.078143E-2	1.078143E-2	2.745462E-4	2.745462E-4
3.500000E-1	1.111122E-2	1.111122E-2	2.829442E-4	2.829442E-4
3.600000E-1	1.142790E-2	1.142790E-2	2.910084E-4	2.910084E-4
3.700000E-1	1.175030E-2	1.175030E-2	2.992182E-4	2.992182E-4
3.800000E-1	1.208030E-2	1.208030E-2	3.076216E-4	3.076216E-4
3.900000E-1	1.242240E-2	1.242240E-2	3.163331E-4	3.163331E-4
4.000000E-1	1.275940E-2	1.275940E-2	3.249147E-4	3.249147E-4
4.100000E-1	1.310030E-2	1.310030E-2	3.335956E-4	3.335956E-4
4.200000E-1	1.342900E-2	1.342900E-2	3.419659E-4	3.419659E-4
4.300000E-1	1.377240E-2	1.377240E-2	3.507105E-4	3.507105E-4
4.400000E-1	1.417650E-2	1.417650E-2	3.610008E-4	3.610008E-4
4.500000E-1	1.453500E-2	1.453500E-2	3.701299E-4	3.701299E-4
4.600000E-1	1.487930E-2	1.487930E-2	3.788974E-4	3.788974E-4
4.700000E-1	1.521320E-2	1.521320E-2	3.874000E-4	3.874000E-4
4.800000E-1	1.556110E-2	1.556110E-2	3.962592E-4	3.962592E-4
4.900000E-1	1.701390E-2	1.701390E-2	4.332544E-4	4.332544E-4
5.000000E-1	1.777150E-2	1.777150E-2	4.525465E-4	4.525465E-4
