

14:40:57	16/03/21


Ell Cont: 5,0x10,0

SMU1	V name:		V1
	I name:		I1
	Mode:		V
	Function:	VAR1
SMU2	V name:		V2
	I name:		I2
	Mode:		common
	Function:	const.
SMU3	off
SMU4	off
VMUs	off

Primary Source (VAR1):	single
	Sweep Spacing:	linear
	Start:		-0.500000
	Stop:		0.500000
	Step:		0.010000
	Compliance:	0.050000
Power Compliance OFF

Timing:		Integration Time:	medium
	Delay Time (sec):	0.000000
	Hold Time (sec):	0.000000
	Wait Time (sec):	1.000000

Secondary Source (VAR2):	OFF


   V1	   I1	Abs(I)	J (A\um²)	Abs(J)
-5.000000E-1	-1.005500E-4	1.005500E-4	-2.560479E-6	2.560479E-6
-4.900000E-1	-9.789090E-5	9.789090E-5	-2.492765E-6	2.492765E-6
-4.800000E-1	-9.524280E-5	9.524280E-5	-2.425332E-6	2.425332E-6
-4.700000E-1	-9.264890E-5	9.264890E-5	-2.359279E-6	2.359279E-6
-4.600000E-1	-9.006110E-5	9.006110E-5	-2.293382E-6	2.293382E-6
-4.500000E-1	-8.752020E-5	8.752020E-5	-2.228678E-6	2.228678E-6
-4.400000E-1	-8.498950E-5	8.498950E-5	-2.164235E-6	2.164235E-6
-4.300000E-1	-8.249210E-5	8.249210E-5	-2.100639E-6	2.100639E-6
-4.200000E-1	-8.003840E-5	8.003840E-5	-2.038156E-6	2.038156E-6
-4.100000E-1	-7.759660E-5	7.759660E-5	-1.975977E-6	1.975977E-6
-4.000000E-1	-7.520320E-5	7.520320E-5	-1.915029E-6	1.915029E-6
-3.900000E-1	-7.281890E-5	7.281890E-5	-1.854314E-6	1.854314E-6
-3.800000E-1	-7.047490E-5	7.047490E-5	-1.794624E-6	1.794624E-6
-3.700000E-1	-6.814800E-5	6.814800E-5	-1.735370E-6	1.735370E-6
-3.600000E-1	-6.586150E-5	6.586150E-5	-1.677145E-6	1.677145E-6
-3.500000E-1	-6.358380E-5	6.358380E-5	-1.619144E-6	1.619144E-6
-3.400000E-1	-6.135280E-5	6.135280E-5	-1.562333E-6	1.562333E-6
-3.300000E-1	-5.913190E-5	5.913190E-5	-1.505778E-6	1.505778E-6
-3.200000E-1	-5.695090E-5	5.695090E-5	-1.450239E-6	1.450239E-6
-3.100000E-1	-5.478400E-5	5.478400E-5	-1.395060E-6	1.395060E-6
-3.000000E-1	-5.265490E-5	5.265490E-5	-1.340843E-6	1.340843E-6
-2.900000E-1	-5.054450E-5	5.054450E-5	-1.287102E-6	1.287102E-6
-2.800000E-1	-4.845830E-5	4.845830E-5	-1.233978E-6	1.233978E-6
-2.700000E-1	-4.641230E-5	4.641230E-5	-1.181877E-6	1.181877E-6
-2.600000E-1	-4.438130E-5	4.438130E-5	-1.130158E-6	1.130158E-6
-2.500000E-1	-4.238670E-5	4.238670E-5	-1.079366E-6	1.079366E-6
-2.400000E-1	-4.040440E-5	4.040440E-5	-1.028887E-6	1.028887E-6
-2.300000E-1	-3.846500E-5	3.846500E-5	-9.795009E-7	9.795009E-7
-2.200000E-1	-3.653510E-5	3.653510E-5	-9.303565E-7	9.303565E-7
-2.100000E-1	-3.464640E-5	3.464640E-5	-8.822613E-7	8.822613E-7
-2.000000E-1	-3.276720E-5	3.276720E-5	-8.344079E-7	8.344079E-7
-1.900000E-1	-3.093230E-5	3.093230E-5	-7.876827E-7	7.876827E-7
-1.800000E-1	-2.910650E-5	2.910650E-5	-7.411892E-7	7.411892E-7
-1.700000E-1	-2.732040E-5	2.732040E-5	-6.957066E-7	6.957066E-7
-1.600000E-1	-2.554430E-5	2.554430E-5	-6.504787E-7	6.504787E-7
-1.500000E-1	-2.379430E-5	2.379430E-5	-6.059155E-7	6.059155E-7
-1.400000E-1	-2.208050E-5	2.208050E-5	-5.622740E-7	5.622740E-7
-1.300000E-1	-2.038040E-5	2.038040E-5	-5.189814E-7	5.189814E-7
-1.200000E-1	-1.871450E-5	1.871450E-5	-4.765597E-7	4.765597E-7
-1.100000E-1	-1.706020E-5	1.706020E-5	-4.344334E-7	4.344334E-7
-1.000000E-1	-1.544030E-5	1.544030E-5	-3.931831E-7	3.931831E-7
-9.000000E-2	-1.382640E-5	1.382640E-5	-3.520856E-7	3.520856E-7
-8.000000E-2	-1.224420E-5	1.224420E-5	-3.117953E-7	3.117953E-7
-7.000000E-2	-1.066960E-5	1.066960E-5	-2.716985E-7	2.716985E-7
-6.000000E-2	-9.122570E-6	9.122570E-6	-2.323038E-7	2.323038E-7
-5.000000E-2	-7.577440E-6	7.577440E-6	-1.929575E-7	1.929575E-7
-4.000000E-2	-6.056380E-6	6.056380E-6	-1.542241E-7	1.542241E-7
-3.000000E-2	-4.534320E-6	4.534320E-6	-1.154652E-7	1.154652E-7
-2.000000E-2	-3.018140E-6	3.018140E-6	-7.685612E-8	7.685612E-8
-1.000000E-2	-1.518350E-6	1.518350E-6	-3.866437E-8	3.866437E-8
0.000000E+0	-8.759800E-9	8.759800E-9	-2.230660E-10	2.230660E-10
1.000000E-2	1.489720E-6	1.489720E-6	3.793532E-8	3.793532E-8
2.000000E-2	3.005900E-6	3.005900E-6	7.654444E-8	7.654444E-8
3.000000E-2	4.516080E-6	4.516080E-6	1.150008E-7	1.150008E-7
4.000000E-2	6.047910E-6	6.047910E-6	1.540084E-7	1.540084E-7
5.000000E-2	7.593020E-6	7.593020E-6	1.933542E-7	1.933542E-7
6.000000E-2	9.141340E-6	9.141340E-6	2.327818E-7	2.327818E-7
7.000000E-2	1.071885E-5	1.071885E-5	2.729526E-7	2.729526E-7
8.000000E-2	1.230130E-5	1.230130E-5	3.132493E-7	3.132493E-7
9.000000E-2	1.391880E-5	1.391880E-5	3.544385E-7	3.544385E-7
1.000000E-1	1.554510E-5	1.554510E-5	3.958518E-7	3.958518E-7
1.100000E-1	1.720820E-5	1.720820E-5	4.382022E-7	4.382022E-7
1.200000E-1	1.888070E-5	1.888070E-5	4.807919E-7	4.807919E-7
1.300000E-1	2.059220E-5	2.059220E-5	5.243748E-7	5.243748E-7
1.400000E-1	2.231640E-5	2.231640E-5	5.682811E-7	5.682811E-7
1.500000E-1	2.408110E-5	2.408110E-5	6.132187E-7	6.132187E-7
1.600000E-1	2.587370E-5	2.587370E-5	6.588668E-7	6.588668E-7
1.700000E-1	2.767900E-5	2.767900E-5	7.048383E-7	7.048383E-7
1.800000E-1	2.952510E-5	2.952510E-5	7.518487E-7	7.518487E-7
1.900000E-1	3.138280E-5	3.138280E-5	7.991546E-7	7.991546E-7
2.000000E-1	3.328260E-5	3.328260E-5	8.475325E-7	8.475325E-7
2.100000E-1	3.520130E-5	3.520130E-5	8.963916E-7	8.963916E-7
2.200000E-1	3.716120E-5	3.716120E-5	9.463000E-7	9.463000E-7
2.300000E-1	3.913480E-5	3.913480E-5	9.965572E-7	9.965572E-7
2.400000E-1	4.114810E-5	4.114810E-5	1.047825E-6	1.047825E-6
2.500000E-1	4.317300E-5	4.317300E-5	1.099389E-6	1.099389E-6
2.600000E-1	4.524530E-5	4.524530E-5	1.152159E-6	1.152159E-6
2.700000E-1	4.734820E-5	4.734820E-5	1.205709E-6	1.205709E-6
2.800000E-1	4.946080E-5	4.946080E-5	1.259506E-6	1.259506E-6
2.900000E-1	5.161720E-5	5.161720E-5	1.314418E-6	1.314418E-6
3.000000E-1	5.379270E-5	5.379270E-5	1.369817E-6	1.369817E-6
3.100000E-1	5.601450E-5	5.601450E-5	1.426394E-6	1.426394E-6
3.200000E-1	5.824420E-5	5.824420E-5	1.483173E-6	1.483173E-6
3.300000E-1	6.051760E-5	6.051760E-5	1.541064E-6	1.541064E-6
3.400000E-1	6.280820E-5	6.280820E-5	1.599394E-6	1.599394E-6
3.500000E-1	6.514220E-5	6.514220E-5	1.658829E-6	1.658829E-6
3.600000E-1	6.748470E-5	6.748470E-5	1.718480E-6	1.718480E-6
3.700000E-1	6.987660E-5	6.987660E-5	1.779389E-6	1.779389E-6
3.800000E-1	7.229750E-5	7.229750E-5	1.841036E-6	1.841036E-6
3.900000E-1	7.473320E-5	7.473320E-5	1.903061E-6	1.903061E-6
4.000000E-1	7.721250E-5	7.721250E-5	1.966196E-6	1.966196E-6
4.100000E-1	7.970100E-5	7.970100E-5	2.029565E-6	2.029565E-6
4.200000E-1	8.224850E-5	8.224850E-5	2.094436E-6	2.094436E-6
4.300000E-1	8.480370E-5	8.480370E-5	2.159503E-6	2.159503E-6
4.400000E-1	8.740620E-5	8.740620E-5	2.225775E-6	2.225775E-6
4.500000E-1	9.002080E-5	9.002080E-5	2.292355E-6	2.292355E-6
4.600000E-1	9.267990E-5	9.267990E-5	2.360069E-6	2.360069E-6
4.700000E-1	9.535570E-5	9.535570E-5	2.428207E-6	2.428207E-6
4.800000E-1	9.808380E-5	9.808380E-5	2.497678E-6	2.497678E-6
4.900000E-1	1.008384E-4	1.008384E-4	2.567823E-6	2.567823E-6
5.000000E-1	1.036012E-4	1.036012E-4	2.638177E-6	2.638177E-6
