

14:56:24	16/03/21


Ell Cont: 5,0x10,0

SMU1	V name:		V1
	I name:		I1
	Mode:		V
	Function:	VAR1
SMU2	V name:		V2
	I name:		I2
	Mode:		common
	Function:	const.
SMU3	off
SMU4	off
VMUs	off

Primary Source (VAR1):	single
	Sweep Spacing:	linear
	Start:		-0.500000
	Stop:		0.500000
	Step:		0.010000
	Compliance:	0.050000
Power Compliance OFF

Timing:		Integration Time:	medium
	Delay Time (sec):	0.000000
	Hold Time (sec):	0.000000
	Wait Time (sec):	1.000000

Secondary Source (VAR2):	OFF


   V1	   I1	Abs(I)	J (A\um²)	Abs(J)
-5.000000E-1	-3.783830E-5	3.783830E-5	-9.635421E-7	9.635421E-7
-4.900000E-1	-3.688410E-5	3.688410E-5	-9.392437E-7	9.392437E-7
-4.800000E-1	-3.593400E-5	3.593400E-5	-9.150496E-7	9.150496E-7
-4.700000E-1	-3.500180E-5	3.500180E-5	-8.913114E-7	8.913114E-7
-4.600000E-1	-3.407610E-5	3.407610E-5	-8.677387E-7	8.677387E-7
-4.500000E-1	-3.316430E-5	3.316430E-5	-8.445200E-7	8.445200E-7
-4.400000E-1	-3.225480E-5	3.225480E-5	-8.213598E-7	8.213598E-7
-4.300000E-1	-3.135160E-5	3.135160E-5	-7.983601E-7	7.983601E-7
-4.200000E-1	-3.046350E-5	3.046350E-5	-7.757448E-7	7.757448E-7
-4.100000E-1	-2.957790E-5	2.957790E-5	-7.531933E-7	7.531933E-7
-4.000000E-1	-2.870330E-5	2.870330E-5	-7.309218E-7	7.309218E-7
-3.900000E-1	-2.783650E-5	2.783650E-5	-7.088490E-7	7.088490E-7
-3.800000E-1	-2.698390E-5	2.698390E-5	-6.871378E-7	6.871378E-7
-3.700000E-1	-2.612830E-5	2.612830E-5	-6.653501E-7	6.653501E-7
-3.600000E-1	-2.528560E-5	2.528560E-5	-6.438910E-7	6.438910E-7
-3.500000E-1	-2.444920E-5	2.444920E-5	-6.225923E-7	6.225923E-7
-3.400000E-1	-2.362580E-5	2.362580E-5	-6.016246E-7	6.016246E-7
-3.300000E-1	-2.280500E-5	2.280500E-5	-5.807232E-7	5.807232E-7
-3.200000E-1	-2.199640E-5	2.199640E-5	-5.601324E-7	5.601324E-7
-3.100000E-1	-2.119110E-5	2.119110E-5	-5.396257E-7	5.396257E-7
-3.000000E-1	-2.040080E-5	2.040080E-5	-5.195009E-7	5.195009E-7
-2.900000E-1	-1.961030E-5	1.961030E-5	-4.993710E-7	4.993710E-7
-2.800000E-1	-1.882830E-5	1.882830E-5	-4.794576E-7	4.794576E-7
-2.700000E-1	-1.805900E-5	1.805900E-5	-4.598676E-7	4.598676E-7
-2.600000E-1	-1.729080E-5	1.729080E-5	-4.403056E-7	4.403056E-7
-2.500000E-1	-1.653750E-5	1.653750E-5	-4.211230E-7	4.211230E-7
-2.400000E-1	-1.578460E-5	1.578460E-5	-4.019506E-7	4.019506E-7
-2.300000E-1	-1.504790E-5	1.504790E-5	-3.831907E-7	3.831907E-7
-2.200000E-1	-1.431230E-5	1.431230E-5	-3.644589E-7	3.644589E-7
-2.100000E-1	-1.359100E-5	1.359100E-5	-3.460912E-7	3.460912E-7
-2.000000E-1	-1.287160E-5	1.287160E-5	-3.277718E-7	3.277718E-7
-1.900000E-1	-1.216530E-5	1.216530E-5	-3.097861E-7	3.097861E-7
-1.800000E-1	-1.146120E-5	1.146120E-5	-2.918564E-7	2.918564E-7
-1.700000E-1	-1.077030E-5	1.077030E-5	-2.742628E-7	2.742628E-7
-1.600000E-1	-1.008320E-5	1.008320E-5	-2.567660E-7	2.567660E-7
-1.500000E-1	-9.401490E-6	9.401490E-6	-2.394064E-7	2.394064E-7
-1.400000E-1	-8.733900E-6	8.733900E-6	-2.224064E-7	2.224064E-7
-1.300000E-1	-8.069570E-6	8.069570E-6	-2.054894E-7	2.054894E-7
-1.200000E-1	-7.418640E-6	7.418640E-6	-1.889137E-7	1.889137E-7
-1.100000E-1	-6.768060E-6	6.768060E-6	-1.723468E-7	1.723468E-7
-1.000000E-1	-6.129800E-6	6.129800E-6	-1.560937E-7	1.560937E-7
-9.000000E-2	-5.493910E-6	5.493910E-6	-1.399009E-7	1.399009E-7
-8.000000E-2	-4.868450E-6	4.868450E-6	-1.239738E-7	1.239738E-7
-7.000000E-2	-4.245240E-6	4.245240E-6	-1.081039E-7	1.081039E-7
-6.000000E-2	-3.632030E-6	3.632030E-6	-9.248867E-8	9.248867E-8
-5.000000E-2	-3.018640E-6	3.018640E-6	-7.686886E-8	7.686886E-8
-4.000000E-2	-2.413170E-6	2.413170E-6	-6.145073E-8	6.145073E-8
-3.000000E-2	-1.807230E-6	1.807230E-6	-4.602063E-8	4.602063E-8
-2.000000E-2	-1.202890E-6	1.202890E-6	-3.063127E-8	3.063127E-8
-1.000000E-2	-6.051140E-7	6.051140E-7	-1.540907E-8	1.540907E-8
0.000000E+0	-1.604550E-9	1.604550E-9	-4.085943E-11	4.085943E-11
1.000000E-2	5.952200E-7	5.952200E-7	1.515712E-8	1.515712E-8
2.000000E-2	1.200290E-6	1.200290E-6	3.056506E-8	3.056506E-8
3.000000E-2	1.804300E-6	1.804300E-6	4.594601E-8	4.594601E-8
4.000000E-2	2.415960E-6	2.415960E-6	6.152177E-8	6.152177E-8
5.000000E-2	3.032170E-6	3.032170E-6	7.721339E-8	7.721339E-8
6.000000E-2	3.649370E-6	3.649370E-6	9.293023E-8	9.293023E-8
7.000000E-2	4.278690E-6	4.278690E-6	1.089557E-7	1.089557E-7
8.000000E-2	4.910190E-6	4.910190E-6	1.250367E-7	1.250367E-7
9.000000E-2	5.553200E-6	5.553200E-6	1.414107E-7	1.414107E-7
1.000000E-1	6.198170E-6	6.198170E-6	1.578347E-7	1.578347E-7
1.100000E-1	6.856880E-6	6.856880E-6	1.746086E-7	1.746086E-7
1.200000E-1	7.520100E-6	7.520100E-6	1.914973E-7	1.914973E-7
1.300000E-1	8.197360E-6	8.197360E-6	2.087436E-7	2.087436E-7
1.400000E-1	8.877050E-6	8.877050E-6	2.260517E-7	2.260517E-7
1.500000E-1	9.571990E-6	9.571990E-6	2.437482E-7	2.437482E-7
1.600000E-1	1.027674E-5	1.027674E-5	2.616944E-7	2.616944E-7
1.700000E-1	1.098278E-5	1.098278E-5	2.796735E-7	2.796735E-7
1.800000E-1	1.170530E-5	1.170530E-5	2.980723E-7	2.980723E-7
1.900000E-1	1.243090E-5	1.243090E-5	3.165495E-7	3.165495E-7
2.000000E-1	1.317320E-5	1.317320E-5	3.354520E-7	3.354520E-7
2.100000E-1	1.391640E-5	1.391640E-5	3.543774E-7	3.543774E-7
2.200000E-1	1.467600E-5	1.467600E-5	3.737204E-7	3.737204E-7
2.300000E-1	1.543820E-5	1.543820E-5	3.931296E-7	3.931296E-7
2.400000E-1	1.621230E-5	1.621230E-5	4.128419E-7	4.128419E-7
2.500000E-1	1.699210E-5	1.699210E-5	4.326993E-7	4.326993E-7
2.600000E-1	1.778830E-5	1.778830E-5	4.529743E-7	4.529743E-7
2.700000E-1	1.859350E-5	1.859350E-5	4.734785E-7	4.734785E-7
2.800000E-1	1.940070E-5	1.940070E-5	4.940336E-7	4.940336E-7
2.900000E-1	2.022320E-5	2.022320E-5	5.149783E-7	5.149783E-7
3.000000E-1	2.105130E-5	2.105130E-5	5.360657E-7	5.360657E-7
3.100000E-1	2.189200E-5	2.189200E-5	5.574739E-7	5.574739E-7
3.200000E-1	2.273720E-5	2.273720E-5	5.789967E-7	5.789967E-7
3.300000E-1	2.359320E-5	2.359320E-5	6.007945E-7	6.007945E-7
3.400000E-1	2.445350E-5	2.445350E-5	6.227018E-7	6.227018E-7
3.500000E-1	2.533010E-5	2.533010E-5	6.450242E-7	6.450242E-7
3.600000E-1	2.620620E-5	2.620620E-5	6.673338E-7	6.673338E-7
3.700000E-1	2.710160E-5	2.710160E-5	6.901350E-7	6.901350E-7
3.800000E-1	2.800630E-5	2.800630E-5	7.131729E-7	7.131729E-7
3.900000E-1	2.890850E-5	2.890850E-5	7.361472E-7	7.361472E-7
4.000000E-1	2.982870E-5	2.982870E-5	7.595798E-7	7.595798E-7
4.100000E-1	3.075100E-5	3.075100E-5	7.830659E-7	7.830659E-7
4.200000E-1	3.169640E-5	3.169640E-5	8.071403E-7	8.071403E-7
4.300000E-1	3.263860E-5	3.263860E-5	8.311332E-7	8.311332E-7
4.400000E-1	3.359120E-5	3.359120E-5	8.553909E-7	8.553909E-7
4.500000E-1	3.455230E-5	3.455230E-5	8.798650E-7	8.798650E-7
4.600000E-1	3.552290E-5	3.552290E-5	9.045811E-7	9.045811E-7
4.700000E-1	3.650890E-5	3.650890E-5	9.296893E-7	9.296893E-7
4.800000E-1	3.750080E-5	3.750080E-5	9.549478E-7	9.549478E-7
4.900000E-1	3.850380E-5	3.850380E-5	9.804889E-7	9.804889E-7
5.000000E-1	3.950800E-5	3.950800E-5	1.006061E-6	1.006061E-6
