

14:22:15	16/03/21


Ell Cont: 5,0x10,0

SMU1	V name:		V1
	I name:		I1
	Mode:		V
	Function:	VAR1
SMU2	V name:		V2
	I name:		I2
	Mode:		common
	Function:	const.
SMU3	off
SMU4	off
VMUs	off

Primary Source (VAR1):	single
	Sweep Spacing:	linear
	Start:		-0.500000
	Stop:		0.500000
	Step:		0.010000
	Compliance:	0.050000
Power Compliance OFF

Timing:		Integration Time:	medium
	Delay Time (sec):	0.000000
	Hold Time (sec):	0.000000
	Wait Time (sec):	1.000000

Secondary Source (VAR2):	OFF


   V1	   I1	Abs(I)	J (A\um²)	Abs(J)
-5.000000E-1	-4.495410E-6	4.495410E-6	-1.144744E-7	1.144744E-7
-4.900000E-1	-4.372650E-6	4.372650E-6	-1.113484E-7	1.113484E-7
-4.800000E-1	-4.253900E-6	4.253900E-6	-1.083244E-7	1.083244E-7
-4.700000E-1	-4.135330E-6	4.135330E-6	-1.053051E-7	1.053051E-7
-4.600000E-1	-4.017920E-6	4.017920E-6	-1.023153E-7	1.023153E-7
-4.500000E-1	-3.903890E-6	3.903890E-6	-9.941151E-8	9.941151E-8
-4.400000E-1	-3.789360E-6	3.789360E-6	-9.649503E-8	9.649503E-8
-4.300000E-1	-3.678170E-6	3.678170E-6	-9.366361E-8	9.366361E-8
-4.200000E-1	-3.567770E-6	3.567770E-6	-9.085230E-8	9.085230E-8
-4.100000E-1	-3.456390E-6	3.456390E-6	-8.801604E-8	8.801604E-8
-4.000000E-1	-3.349170E-6	3.349170E-6	-8.528571E-8	8.528571E-8
-3.900000E-1	-3.242800E-6	3.242800E-6	-8.257703E-8	8.257703E-8
-3.800000E-1	-3.138590E-6	3.138590E-6	-7.992335E-8	7.992335E-8
-3.700000E-1	-3.033940E-6	3.033940E-6	-7.725847E-8	7.725847E-8
-3.600000E-1	-2.932140E-6	2.932140E-6	-7.466616E-8	7.466616E-8
-3.500000E-1	-2.830500E-6	2.830500E-6	-7.207792E-8	7.207792E-8
-3.400000E-1	-2.731470E-6	2.731470E-6	-6.955615E-8	6.955615E-8
-3.300000E-1	-2.631090E-6	2.631090E-6	-6.700000E-8	6.700000E-8
-3.200000E-1	-2.533150E-6	2.533150E-6	-6.450598E-8	6.450598E-8
-3.100000E-1	-2.436310E-6	2.436310E-6	-6.203998E-8	6.203998E-8
-3.000000E-1	-2.341270E-6	2.341270E-6	-5.961981E-8	5.961981E-8
-2.900000E-1	-2.247720E-6	2.247720E-6	-5.723759E-8	5.723759E-8
-2.800000E-1	-2.154220E-6	2.154220E-6	-5.485663E-8	5.485663E-8
-2.700000E-1	-2.062870E-6	2.062870E-6	-5.253043E-8	5.253043E-8
-2.600000E-1	-1.972100E-6	1.972100E-6	-5.021900E-8	5.021900E-8
-2.500000E-1	-1.882790E-6	1.882790E-6	-4.794474E-8	4.794474E-8
-2.400000E-1	-1.794670E-6	1.794670E-6	-4.570079E-8	4.570079E-8
-2.300000E-1	-1.708200E-6	1.708200E-6	-4.349885E-8	4.349885E-8
-2.200000E-1	-1.622170E-6	1.622170E-6	-4.130812E-8	4.130812E-8
-2.100000E-1	-1.537890E-6	1.537890E-6	-3.916196E-8	3.916196E-8
-2.000000E-1	-1.454550E-6	1.454550E-6	-3.703972E-8	3.703972E-8
-1.900000E-1	-1.372940E-6	1.372940E-6	-3.496155E-8	3.496155E-8
-1.800000E-1	-1.291830E-6	1.291830E-6	-3.289610E-8	3.289610E-8
-1.700000E-1	-1.212030E-6	1.212030E-6	-3.086402E-8	3.086402E-8
-1.600000E-1	-1.132810E-6	1.132810E-6	-2.884670E-8	2.884670E-8
-1.500000E-1	-1.055120E-6	1.055120E-6	-2.686835E-8	2.686835E-8
-1.400000E-1	-9.793900E-7	9.793900E-7	-2.493990E-8	2.493990E-8
-1.300000E-1	-9.035460E-7	9.035460E-7	-2.300856E-8	2.300856E-8
-1.200000E-1	-8.294530E-7	8.294530E-7	-2.112180E-8	2.112180E-8
-1.100000E-1	-7.556670E-7	7.556670E-7	-1.924286E-8	1.924286E-8
-1.000000E-1	-6.836460E-7	6.836460E-7	-1.740886E-8	1.740886E-8
-9.000000E-2	-6.118540E-7	6.118540E-7	-1.558070E-8	1.558070E-8
-8.000000E-2	-5.417140E-7	5.417140E-7	-1.379460E-8	1.379460E-8
-7.000000E-2	-4.717040E-7	4.717040E-7	-1.201182E-8	1.201182E-8
-6.000000E-2	-4.030750E-7	4.030750E-7	-1.026420E-8	1.026420E-8
-5.000000E-2	-3.344290E-7	3.344290E-7	-8.516145E-9	8.516145E-9
-4.000000E-2	-2.669950E-7	2.669950E-7	-6.798956E-9	6.798956E-9
-3.000000E-2	-1.995610E-7	1.995610E-7	-5.081767E-9	5.081767E-9
-2.000000E-2	-1.323140E-7	1.323140E-7	-3.369340E-9	3.369340E-9
-1.000000E-2	-6.600790E-8	6.600790E-8	-1.680873E-9	1.680873E-9
0.000000E+0	3.948800E-10	3.948800E-10	1.005551E-11	1.005551E-11
1.000000E-2	6.675870E-8	6.675870E-8	1.699992E-9	1.699992E-9
2.000000E-2	1.339920E-7	1.339920E-7	3.412070E-9	3.412070E-9
3.000000E-2	2.014750E-7	2.014750E-7	5.130507E-9	5.130507E-9
4.000000E-2	2.696280E-7	2.696280E-7	6.866005E-9	6.866005E-9
5.000000E-2	3.384710E-7	3.384710E-7	8.619073E-9	8.619073E-9
6.000000E-2	4.072880E-7	4.072880E-7	1.037148E-8	1.037148E-8
7.000000E-2	4.774820E-7	4.774820E-7	1.215895E-8	1.215895E-8
8.000000E-2	5.482030E-7	5.482030E-7	1.395984E-8	1.395984E-8
9.000000E-2	6.200600E-7	6.200600E-7	1.578966E-8	1.578966E-8
1.000000E-1	6.928090E-7	6.928090E-7	1.764219E-8	1.764219E-8
1.100000E-1	7.671420E-7	7.671420E-7	1.953506E-8	1.953506E-8
1.200000E-1	8.418920E-7	8.418920E-7	2.143855E-8	2.143855E-8
1.300000E-1	9.182050E-7	9.182050E-7	2.338184E-8	2.338184E-8
1.400000E-1	9.951720E-7	9.951720E-7	2.534179E-8	2.534179E-8
1.500000E-1	1.074482E-6	1.074482E-6	2.736140E-8	2.736140E-8
1.600000E-1	1.154100E-6	1.154100E-6	2.938885E-8	2.938885E-8
1.700000E-1	1.235370E-6	1.235370E-6	3.145836E-8	3.145836E-8
1.800000E-1	1.318300E-6	1.318300E-6	3.357015E-8	3.357015E-8
1.900000E-1	1.401610E-6	1.401610E-6	3.569162E-8	3.569162E-8
2.000000E-1	1.486820E-6	1.486820E-6	3.786147E-8	3.786147E-8
2.100000E-1	1.572560E-6	1.572560E-6	4.004482E-8	4.004482E-8
2.200000E-1	1.660370E-6	1.660370E-6	4.228088E-8	4.228088E-8
2.300000E-1	1.748850E-6	1.748850E-6	4.453399E-8	4.453399E-8
2.400000E-1	1.839610E-6	1.839610E-6	4.684517E-8	4.684517E-8
2.500000E-1	1.930490E-6	1.930490E-6	4.915941E-8	4.915941E-8
2.600000E-1	2.023650E-6	2.023650E-6	5.153170E-8	5.153170E-8
2.700000E-1	2.118180E-6	2.118180E-6	5.393888E-8	5.393888E-8
2.800000E-1	2.213240E-6	2.213240E-6	5.635956E-8	5.635956E-8
2.900000E-1	2.310090E-6	2.310090E-6	5.882582E-8	5.882582E-8
3.000000E-1	2.407620E-6	2.407620E-6	6.130940E-8	6.130940E-8
3.100000E-1	2.507430E-6	2.507430E-6	6.385103E-8	6.385103E-8
3.200000E-1	2.607880E-6	2.607880E-6	6.640896E-8	6.640896E-8
3.300000E-1	2.709790E-6	2.709790E-6	6.900407E-8	6.900407E-8
3.400000E-1	2.811310E-6	2.811310E-6	7.158925E-8	7.158925E-8
3.500000E-1	2.917170E-6	2.917170E-6	7.428495E-8	7.428495E-8
3.600000E-1	3.022080E-6	3.022080E-6	7.695645E-8	7.695645E-8
3.700000E-1	3.130380E-6	3.130380E-6	7.971428E-8	7.971428E-8
3.800000E-1	3.238850E-6	3.238850E-6	8.247644E-8	8.247644E-8
3.900000E-1	3.348660E-6	3.348660E-6	8.527273E-8	8.527273E-8
4.000000E-1	3.459810E-6	3.459810E-6	8.810313E-8	8.810313E-8
4.100000E-1	3.572370E-6	3.572370E-6	9.096944E-8	9.096944E-8
4.200000E-1	3.687470E-6	3.687470E-6	9.390043E-8	9.390043E-8
4.300000E-1	3.802350E-6	3.802350E-6	9.682582E-8	9.682582E-8
4.400000E-1	3.920320E-6	3.920320E-6	9.982989E-8	9.982989E-8
4.500000E-1	4.038390E-6	4.038390E-6	1.028365E-7	1.028365E-7
4.600000E-1	4.157730E-6	4.157730E-6	1.058755E-7	1.058755E-7
4.700000E-1	4.278770E-6	4.278770E-6	1.089577E-7	1.089577E-7
4.800000E-1	4.401590E-6	4.401590E-6	1.120853E-7	1.120853E-7
4.900000E-1	4.526410E-6	4.526410E-6	1.152638E-7	1.152638E-7
5.000000E-1	4.650880E-6	4.650880E-6	1.184334E-7	1.184334E-7
