

14:48:06	16/03/21


Ell Cont: 5,0x10,0

SMU1	V name:		V1
	I name:		I1
	Mode:		V
	Function:	VAR1
SMU2	V name:		V2
	I name:		I2
	Mode:		common
	Function:	const.
SMU3	off
SMU4	off
VMUs	off

Primary Source (VAR1):	single
	Sweep Spacing:	linear
	Start:		-0.500000
	Stop:		0.500000
	Step:		0.010000
	Compliance:	0.050000
Power Compliance OFF

Timing:		Integration Time:	medium
	Delay Time (sec):	0.000000
	Hold Time (sec):	0.000000
	Wait Time (sec):	1.000000

Secondary Source (VAR2):	OFF


   V1	   I1	Abs(I)	J (A\µm²)	Abs(J)
-5.000000E-1	-5.746460E-5	5.746460E-5	-1.463321E-6	1.463321E-6
-4.900000E-1	-5.586510E-5	5.586510E-5	-1.422590E-6	1.422590E-6
-4.800000E-1	-5.427890E-5	5.427890E-5	-1.382198E-6	1.382198E-6
-4.700000E-1	-5.272550E-5	5.272550E-5	-1.342641E-6	1.342641E-6
-4.600000E-1	-5.117960E-5	5.117960E-5	-1.303275E-6	1.303275E-6
-4.500000E-1	-4.967060E-5	4.967060E-5	-1.264848E-6	1.264848E-6
-4.400000E-1	-4.816580E-5	4.816580E-5	-1.226529E-6	1.226529E-6
-4.300000E-1	-4.668890E-5	4.668890E-5	-1.188920E-6	1.188920E-6
-4.200000E-1	-4.523690E-5	4.523690E-5	-1.151945E-6	1.151945E-6
-4.100000E-1	-4.379490E-5	4.379490E-5	-1.115225E-6	1.115225E-6
-4.000000E-1	-4.238260E-5	4.238260E-5	-1.079262E-6	1.079262E-6
-3.900000E-1	-4.097990E-5	4.097990E-5	-1.043542E-6	1.043542E-6
-3.800000E-1	-3.960350E-5	3.960350E-5	-1.008492E-6	1.008492E-6
-3.700000E-1	-3.823650E-5	3.823650E-5	-9.736822E-7	9.736822E-7
-3.600000E-1	-3.690170E-5	3.690170E-5	-9.396919E-7	9.396919E-7
-3.500000E-1	-3.557310E-5	3.557310E-5	-9.058594E-7	9.058594E-7
-3.400000E-1	-3.427670E-5	3.427670E-5	-8.728469E-7	8.728469E-7
-3.300000E-1	-3.298740E-5	3.298740E-5	-8.400153E-7	8.400153E-7
-3.200000E-1	-3.172030E-5	3.172030E-5	-8.077489E-7	8.077489E-7
-3.100000E-1	-3.046690E-5	3.046690E-5	-7.758314E-7	7.758314E-7
-3.000000E-1	-2.923820E-5	2.923820E-5	-7.445429E-7	7.445429E-7
-2.900000E-1	-2.802280E-5	2.802280E-5	-7.135931E-7	7.135931E-7
-2.800000E-1	-2.682520E-5	2.682520E-5	-6.830965E-7	6.830965E-7
-2.700000E-1	-2.565180E-5	2.565180E-5	-6.532162E-7	6.532162E-7
-2.600000E-1	-2.448860E-5	2.448860E-5	-6.235956E-7	6.235956E-7
-2.500000E-1	-2.335420E-5	2.335420E-5	-5.947084E-7	5.947084E-7
-2.400000E-1	-2.222650E-5	2.222650E-5	-5.659918E-7	5.659918E-7
-2.300000E-1	-2.112730E-5	2.112730E-5	-5.380010E-7	5.380010E-7
-2.200000E-1	-2.003530E-5	2.003530E-5	-5.101935E-7	5.101935E-7
-2.100000E-1	-1.896820E-5	1.896820E-5	-4.830201E-7	4.830201E-7
-2.000000E-1	-1.791360E-5	1.791360E-5	-4.561650E-7	4.561650E-7
-1.900000E-1	-1.688250E-5	1.688250E-5	-4.299083E-7	4.299083E-7
-1.800000E-1	-1.586270E-5	1.586270E-5	-4.039394E-7	4.039394E-7
-1.700000E-1	-1.486560E-5	1.486560E-5	-3.785485E-7	3.785485E-7
-1.600000E-1	-1.387750E-5	1.387750E-5	-3.533868E-7	3.533868E-7
-1.500000E-1	-1.290690E-5	1.290690E-5	-3.286707E-7	3.286707E-7
-1.400000E-1	-1.196000E-5	1.196000E-5	-3.045582E-7	3.045582E-7
-1.300000E-1	-1.102280E-5	1.102280E-5	-2.806926E-7	2.806926E-7
-1.200000E-1	-1.010680E-5	1.010680E-5	-2.573669E-7	2.573669E-7
-1.100000E-1	-9.201220E-6	9.201220E-6	-2.343066E-7	2.343066E-7
-1.000000E-1	-8.314770E-6	8.314770E-6	-2.117334E-7	2.117334E-7
-9.000000E-2	-7.436580E-6	7.436580E-6	-1.893705E-7	1.893705E-7
-8.000000E-2	-6.576900E-6	6.576900E-6	-1.674790E-7	1.674790E-7
-7.000000E-2	-5.724870E-6	5.724870E-6	-1.457823E-7	1.457823E-7
-6.000000E-2	-4.889590E-6	4.889590E-6	-1.245121E-7	1.245121E-7
-5.000000E-2	-4.057690E-6	4.057690E-6	-1.033280E-7	1.033280E-7
-4.000000E-2	-3.240240E-6	3.240240E-6	-8.251184E-8	8.251184E-8
-3.000000E-2	-2.423720E-6	2.423720E-6	-6.171938E-8	6.171938E-8
-2.000000E-2	-1.612190E-6	1.612190E-6	-4.105398E-8	4.105398E-8
-1.000000E-2	-8.106400E-7	8.106400E-7	-2.064273E-8	2.064273E-8
0.000000E+0	-1.784690E-9	1.784690E-9	-4.544665E-11	4.544665E-11
1.000000E-2	7.967230E-7	7.967230E-7	2.028834E-8	2.028834E-8
2.000000E-2	1.606550E-6	1.606550E-6	4.091036E-8	4.091036E-8
3.000000E-2	2.415190E-6	2.415190E-6	6.150216E-8	6.150216E-8
4.000000E-2	3.236240E-6	3.236240E-6	8.240998E-8	8.240998E-8
5.000000E-2	4.064800E-6	4.064800E-6	1.035090E-7	1.035090E-7
6.000000E-2	4.897340E-6	4.897340E-6	1.247094E-7	1.247094E-7
7.000000E-2	5.746860E-6	5.746860E-6	1.463422E-7	1.463422E-7
8.000000E-2	6.601670E-6	6.601670E-6	1.681098E-7	1.681098E-7
9.000000E-2	7.476950E-6	7.476950E-6	1.903985E-7	1.903985E-7
1.000000E-1	8.360270E-6	8.360270E-6	2.128920E-7	2.128920E-7
1.100000E-1	9.264260E-6	9.264260E-6	2.359119E-7	2.359119E-7
1.200000E-1	1.017779E-5	1.017779E-5	2.591747E-7	2.591747E-7
1.300000E-1	1.111567E-5	1.111567E-5	2.830575E-7	2.830575E-7
1.400000E-1	1.206240E-5	1.206240E-5	3.071658E-7	3.071658E-7
1.500000E-1	1.303460E-5	1.303460E-5	3.319226E-7	3.319226E-7
1.600000E-1	1.402230E-5	1.402230E-5	3.570741E-7	3.570741E-7
1.700000E-1	1.502250E-5	1.502250E-5	3.825439E-7	3.825439E-7
1.800000E-1	1.604830E-5	1.604830E-5	4.086656E-7	4.086656E-7
1.900000E-1	1.708190E-5	1.708190E-5	4.349860E-7	4.349860E-7
2.000000E-1	1.814250E-5	1.814250E-5	4.619939E-7	4.619939E-7
2.100000E-1	1.921450E-5	1.921450E-5	4.892921E-7	4.892921E-7
2.200000E-1	2.031180E-5	2.031180E-5	5.172345E-7	5.172345E-7
2.300000E-1	2.141800E-5	2.141800E-5	5.454036E-7	5.454036E-7
2.400000E-1	2.255220E-5	2.255220E-5	5.742857E-7	5.742857E-7
2.500000E-1	2.369800E-5	2.369800E-5	6.034632E-7	6.034632E-7
2.600000E-1	2.487260E-5	2.487260E-5	6.333741E-7	6.333741E-7
2.700000E-1	2.606560E-5	2.606560E-5	6.637535E-7	6.637535E-7
2.800000E-1	2.726590E-5	2.726590E-5	6.943188E-7	6.943188E-7
2.900000E-1	2.849960E-5	2.849960E-5	7.257346E-7	7.257346E-7
3.000000E-1	2.973520E-5	2.973520E-5	7.571989E-7	7.571989E-7
3.100000E-1	3.100250E-5	3.100250E-5	7.894703E-7	7.894703E-7
3.200000E-1	3.228080E-5	3.228080E-5	8.220219E-7	8.220219E-7
3.300000E-1	3.359040E-5	3.359040E-5	8.553705E-7	8.553705E-7
3.400000E-1	3.491090E-5	3.491090E-5	8.889967E-7	8.889967E-7
3.500000E-1	3.625790E-5	3.625790E-5	9.232977E-7	9.232977E-7
3.600000E-1	3.761150E-5	3.761150E-5	9.577667E-7	9.577667E-7
3.700000E-1	3.899960E-5	3.899960E-5	9.931143E-7	9.931143E-7
3.800000E-1	4.040380E-5	4.040380E-5	1.028872E-6	1.028872E-6
3.900000E-1	4.181930E-5	4.181930E-5	1.064917E-6	1.064917E-6
4.000000E-1	4.326270E-5	4.326270E-5	1.101673E-6	1.101673E-6
4.100000E-1	4.472050E-5	4.472050E-5	1.138796E-6	1.138796E-6
4.200000E-1	4.620480E-5	4.620480E-5	1.176593E-6	1.176593E-6
4.300000E-1	4.769920E-5	4.769920E-5	1.214647E-6	1.214647E-6
4.400000E-1	4.922990E-5	4.922990E-5	1.253626E-6	1.253626E-6
4.500000E-1	5.076920E-5	5.076920E-5	1.292824E-6	1.292824E-6
4.600000E-1	5.233490E-5	5.233490E-5	1.332694E-6	1.332694E-6
4.700000E-1	5.391590E-5	5.391590E-5	1.372954E-6	1.372954E-6
4.800000E-1	5.552900E-5	5.552900E-5	1.414031E-6	1.414031E-6
4.900000E-1	5.715690E-5	5.715690E-5	1.455485E-6	1.455485E-6
5.000000E-1	5.880130E-5	5.880130E-5	1.497359E-6	1.497359E-6
