

14:48:44	16/03/21


Ell Cont: 5,0x10,0

SMU1	V name:		V1
	I name:		I1
	Mode:		V
	Function:	VAR1
SMU2	V name:		V2
	I name:		I2
	Mode:		common
	Function:	const.
SMU3	off
SMU4	off
VMUs	off

Primary Source (VAR1):	single
	Sweep Spacing:	linear
	Start:		-0.500000
	Stop:		0.500000
	Step:		0.010000
	Compliance:	0.050000
Power Compliance OFF

Timing:		Integration Time:	medium
	Delay Time (sec):	0.000000
	Hold Time (sec):	0.000000
	Wait Time (sec):	1.000000

Secondary Source (VAR2):	OFF


   V1	   I1	Abs(I)	J (A\µm²)	Abs(J)
-5.000000E-1	-9.774700E-6	9.774700E-6	-2.489101E-7	2.489101E-7
-4.900000E-1	-9.506450E-6	9.506450E-6	-2.420792E-7	2.420792E-7
-4.800000E-1	-9.242800E-6	9.242800E-6	-2.353654E-7	2.353654E-7
-4.700000E-1	-8.984340E-6	8.984340E-6	-2.287838E-7	2.287838E-7
-4.600000E-1	-8.726820E-6	8.726820E-6	-2.222261E-7	2.222261E-7
-4.500000E-1	-8.475860E-6	8.475860E-6	-2.158355E-7	2.158355E-7
-4.400000E-1	-8.224370E-6	8.224370E-6	-2.094314E-7	2.094314E-7
-4.300000E-1	-7.975140E-6	7.975140E-6	-2.030848E-7	2.030848E-7
-4.200000E-1	-7.733320E-6	7.733320E-6	-1.969269E-7	1.969269E-7
-4.100000E-1	-7.491730E-6	7.491730E-6	-1.907749E-7	1.907749E-7
-4.000000E-1	-7.256620E-6	7.256620E-6	-1.847879E-7	1.847879E-7
-3.900000E-1	-7.021430E-6	7.021430E-6	-1.787988E-7	1.787988E-7
-3.800000E-1	-6.792760E-6	6.792760E-6	-1.729758E-7	1.729758E-7
-3.700000E-1	-6.562630E-6	6.562630E-6	-1.671156E-7	1.671156E-7
-3.600000E-1	-6.339230E-6	6.339230E-6	-1.614268E-7	1.614268E-7
-3.500000E-1	-6.114970E-6	6.114970E-6	-1.557161E-7	1.557161E-7
-3.400000E-1	-5.896650E-6	5.896650E-6	-1.501566E-7	1.501566E-7
-3.300000E-1	-5.679880E-6	5.679880E-6	-1.446366E-7	1.446366E-7
-3.200000E-1	-5.466800E-6	5.466800E-6	-1.392106E-7	1.392106E-7
-3.100000E-1	-5.255060E-6	5.255060E-6	-1.338187E-7	1.338187E-7
-3.000000E-1	-5.049200E-6	5.049200E-6	-1.285765E-7	1.285765E-7
-2.900000E-1	-4.843180E-6	4.843180E-6	-1.233303E-7	1.233303E-7
-2.800000E-1	-4.640580E-6	4.640580E-6	-1.181711E-7	1.181711E-7
-2.700000E-1	-4.442100E-6	4.442100E-6	-1.131169E-7	1.131169E-7
-2.600000E-1	-4.244800E-6	4.244800E-6	-1.080927E-7	1.080927E-7
-2.500000E-1	-4.051960E-6	4.051960E-6	-1.031821E-7	1.031821E-7
-2.400000E-1	-3.859110E-6	3.859110E-6	-9.827120E-8	9.827120E-8
-2.300000E-1	-3.672140E-6	3.672140E-6	-9.351006E-8	9.351006E-8
-2.200000E-1	-3.485430E-6	3.485430E-6	-8.875554E-8	8.875554E-8
-2.100000E-1	-3.302430E-6	3.302430E-6	-8.409549E-8	8.409549E-8
-2.000000E-1	-3.121040E-6	3.121040E-6	-7.947644E-8	7.947644E-8
-1.900000E-1	-2.944300E-6	2.944300E-6	-7.497581E-8	7.497581E-8
-1.800000E-1	-2.767750E-6	2.767750E-6	-7.048001E-8	7.048001E-8
-1.700000E-1	-2.596670E-6	2.596670E-6	-6.612350E-8	6.612350E-8
-1.600000E-1	-2.426020E-6	2.426020E-6	-6.177795E-8	6.177795E-8
-1.500000E-1	-2.258040E-6	2.258040E-6	-5.750038E-8	5.750038E-8
-1.400000E-1	-2.094080E-6	2.094080E-6	-5.332518E-8	5.332518E-8
-1.300000E-1	-1.931640E-6	1.931640E-6	-4.918869E-8	4.918869E-8
-1.200000E-1	-1.772280E-6	1.772280E-6	-4.513063E-8	4.513063E-8
-1.100000E-1	-1.614440E-6	1.614440E-6	-4.111128E-8	4.111128E-8
-1.000000E-1	-1.459990E-6	1.459990E-6	-3.717825E-8	3.717825E-8
-9.000000E-2	-1.306080E-6	1.306080E-6	-3.325898E-8	3.325898E-8
-8.000000E-2	-1.155640E-6	1.155640E-6	-2.942806E-8	2.942806E-8
-7.000000E-2	-1.006390E-6	1.006390E-6	-2.562745E-8	2.562745E-8
-6.000000E-2	-8.603740E-7	8.603740E-7	-2.190919E-8	2.190919E-8
-5.000000E-2	-7.138220E-7	7.138220E-7	-1.817729E-8	1.817729E-8
-4.000000E-2	-5.698760E-7	5.698760E-7	-1.451174E-8	1.451174E-8
-3.000000E-2	-4.262160E-7	4.262160E-7	-1.085348E-8	1.085348E-8
-2.000000E-2	-2.831790E-7	2.831790E-7	-7.211077E-9	7.211077E-9
-1.000000E-2	-1.418110E-7	1.418110E-7	-3.611179E-9	3.611179E-9
0.000000E+0	-2.747100E-10	2.747100E-10	-6.995416E-12	6.995416E-12
1.000000E-2	1.408970E-7	1.408970E-7	3.587904E-9	3.587904E-9
2.000000E-2	2.841390E-7	2.841390E-7	7.235523E-9	7.235523E-9
3.000000E-2	4.265490E-7	4.265490E-7	1.086196E-8	1.086196E-8
4.000000E-2	5.711000E-7	5.711000E-7	1.454291E-8	1.454291E-8
5.000000E-2	7.167690E-7	7.167690E-7	1.825233E-8	1.825233E-8
6.000000E-2	8.630150E-7	8.630150E-7	2.197644E-8	2.197644E-8
7.000000E-2	1.011826E-6	1.011826E-6	2.576588E-8	2.576588E-8
8.000000E-2	1.161210E-6	1.161210E-6	2.956990E-8	2.956990E-8
9.000000E-2	1.314570E-6	1.314570E-6	3.347517E-8	3.347517E-8
1.000000E-1	1.468650E-6	1.468650E-6	3.739878E-8	3.739878E-8
1.100000E-1	1.626240E-6	1.626240E-6	4.141176E-8	4.141176E-8
1.200000E-1	1.784780E-6	1.784780E-6	4.544894E-8	4.544894E-8
1.300000E-1	1.947520E-6	1.947520E-6	4.959307E-8	4.959307E-8
1.400000E-1	2.111830E-6	2.111830E-6	5.377718E-8	5.377718E-8
1.500000E-1	2.280330E-6	2.280330E-6	5.806799E-8	5.806799E-8
1.600000E-1	2.450690E-6	2.450690E-6	6.240616E-8	6.240616E-8
1.700000E-1	2.622880E-6	2.622880E-6	6.679093E-8	6.679093E-8
1.800000E-1	2.799290E-6	2.799290E-6	7.128317E-8	7.128317E-8
1.900000E-1	2.976530E-6	2.976530E-6	7.579654E-8	7.579654E-8
2.000000E-1	3.158380E-6	3.158380E-6	8.042730E-8	8.042730E-8
2.100000E-1	3.341070E-6	3.341070E-6	8.507945E-8	8.507945E-8
2.200000E-1	3.529200E-6	3.529200E-6	8.987013E-8	8.987013E-8
2.300000E-1	3.718350E-6	3.718350E-6	9.468678E-8	9.468678E-8
2.400000E-1	3.911530E-6	3.911530E-6	9.960606E-8	9.960606E-8
2.500000E-1	4.107180E-6	4.107180E-6	1.045882E-7	1.045882E-7
2.600000E-1	4.305800E-6	4.305800E-6	1.096460E-7	1.096460E-7
2.700000E-1	4.507670E-6	4.507670E-6	1.147866E-7	1.147866E-7
2.800000E-1	4.711970E-6	4.711970E-6	1.199890E-7	1.199890E-7
2.900000E-1	4.919670E-6	4.919670E-6	1.252781E-7	1.252781E-7
3.000000E-1	5.128660E-6	5.128660E-6	1.305999E-7	1.305999E-7
3.100000E-1	5.342860E-6	5.342860E-6	1.360545E-7	1.360545E-7
3.200000E-1	5.558170E-6	5.558170E-6	1.415373E-7	1.415373E-7
3.300000E-1	5.778340E-6	5.778340E-6	1.471439E-7	1.471439E-7
3.400000E-1	5.998760E-6	5.998760E-6	1.527568E-7	1.527568E-7
3.500000E-1	6.224010E-6	6.224010E-6	1.584927E-7	1.584927E-7
3.600000E-1	6.450960E-6	6.450960E-6	1.642720E-7	1.642720E-7
3.700000E-1	6.682040E-6	6.682040E-6	1.701564E-7	1.701564E-7
3.800000E-1	6.916180E-6	6.916180E-6	1.761187E-7	1.761187E-7
3.900000E-1	7.152500E-6	7.152500E-6	1.821365E-7	1.821365E-7
4.000000E-1	7.392940E-6	7.392940E-6	1.882592E-7	1.882592E-7
4.100000E-1	7.636570E-6	7.636570E-6	1.944632E-7	1.944632E-7
4.200000E-1	7.884430E-6	7.884430E-6	2.007749E-7	2.007749E-7
4.300000E-1	8.133100E-6	8.133100E-6	2.071072E-7	2.071072E-7
4.400000E-1	8.388550E-6	8.388550E-6	2.136122E-7	2.136122E-7
4.500000E-1	8.643070E-6	8.643070E-6	2.200935E-7	2.200935E-7
4.600000E-1	8.902670E-6	8.902670E-6	2.267041E-7	2.267041E-7
4.700000E-1	9.162240E-6	9.162240E-6	2.333140E-7	2.333140E-7
4.800000E-1	9.428450E-6	9.428450E-6	2.400929E-7	2.400929E-7
4.900000E-1	9.698540E-6	9.698540E-6	2.469707E-7	2.469707E-7
5.000000E-1	9.967610E-6	9.967610E-6	2.538225E-7	2.538225E-7
