

14:29:30	16/03/21


Ell Cont: 5,0x10,0

SMU1	V name:		V1
	I name:		I1
	Mode:		V
	Function:	VAR1
SMU2	V name:		V2
	I name:		I2
	Mode:		common
	Function:	const.
SMU3	off
SMU4	off
VMUs	off

Primary Source (VAR1):	single
	Sweep Spacing:	linear
	Start:		-0.500000
	Stop:		0.500000
	Step:		0.010000
	Compliance:	0.050000
Power Compliance OFF

Timing:		Integration Time:	medium
	Delay Time (sec):	0.000000
	Hold Time (sec):	0.000000
	Wait Time (sec):	1.000000

Secondary Source (VAR2):	OFF


   V1	   I1	Abs(I)	J (A\µm²)	Abs(J)
-5.000000E-1	-3.737890E-5	3.737890E-5	-9.518436E-7	9.518436E-7
-4.900000E-1	-3.629890E-5	3.629890E-5	-9.243417E-7	9.243417E-7
-4.800000E-1	-3.523020E-5	3.523020E-5	-8.971276E-7	8.971276E-7
-4.700000E-1	-3.418240E-5	3.418240E-5	-8.704456E-7	8.704456E-7
-4.600000E-1	-3.314510E-5	3.314510E-5	-8.440311E-7	8.440311E-7
-4.500000E-1	-3.212940E-5	3.212940E-5	-8.181665E-7	8.181665E-7
-4.400000E-1	-3.112000E-5	3.112000E-5	-7.924624E-7	7.924624E-7
-4.300000E-1	-3.012580E-5	3.012580E-5	-7.671454E-7	7.671454E-7
-4.200000E-1	-2.915330E-5	2.915330E-5	-7.423809E-7	7.423809E-7
-4.100000E-1	-2.819020E-5	2.819020E-5	-7.178559E-7	7.178559E-7
-4.000000E-1	-2.724900E-5	2.724900E-5	-6.938885E-7	6.938885E-7
-3.900000E-1	-2.631100E-5	2.631100E-5	-6.700025E-7	6.700025E-7
-3.800000E-1	-2.539710E-5	2.539710E-5	-6.467303E-7	6.467303E-7
-3.700000E-1	-2.448820E-5	2.448820E-5	-6.235854E-7	6.235854E-7
-3.600000E-1	-2.360250E-5	2.360250E-5	-6.010313E-7	6.010313E-7
-3.500000E-1	-2.272310E-5	2.272310E-5	-5.786376E-7	5.786376E-7
-3.400000E-1	-2.186330E-5	2.186330E-5	-5.567431E-7	5.567431E-7
-3.300000E-1	-2.100830E-5	2.100830E-5	-5.349707E-7	5.349707E-7
-3.200000E-1	-2.017640E-5	2.017640E-5	-5.137866E-7	5.137866E-7
-3.100000E-1	-1.935240E-5	1.935240E-5	-4.928037E-7	4.928037E-7
-3.000000E-1	-1.854640E-5	1.854640E-5	-4.722791E-7	4.722791E-7
-2.900000E-1	-1.774730E-5	1.774730E-5	-4.519302E-7	4.519302E-7
-2.800000E-1	-1.696430E-5	1.696430E-5	-4.319913E-7	4.319913E-7
-2.700000E-1	-1.620070E-5	1.620070E-5	-4.125465E-7	4.125465E-7
-2.600000E-1	-1.544410E-5	1.544410E-5	-3.932799E-7	3.932799E-7
-2.500000E-1	-1.470580E-5	1.470580E-5	-3.744792E-7	3.744792E-7
-2.400000E-1	-1.397550E-5	1.397550E-5	-3.558823E-7	3.558823E-7
-2.300000E-1	-1.326460E-5	1.326460E-5	-3.377795E-7	3.377795E-7
-2.200000E-1	-1.256010E-5	1.256010E-5	-3.198396E-7	3.198396E-7
-2.100000E-1	-1.187450E-5	1.187450E-5	-3.023809E-7	3.023809E-7
-2.000000E-1	-1.119730E-5	1.119730E-5	-2.851362E-7	2.851362E-7
-1.900000E-1	-1.053750E-5	1.053750E-5	-2.683346E-7	2.683346E-7
-1.800000E-1	-9.885030E-6	9.885030E-6	-2.517196E-7	2.517196E-7
-1.700000E-1	-9.249120E-6	9.249120E-6	-2.355264E-7	2.355264E-7
-1.600000E-1	-8.622120E-6	8.622120E-6	-2.195600E-7	2.195600E-7
-1.500000E-1	-8.006880E-6	8.006880E-6	-2.038930E-7	2.038930E-7
-1.400000E-1	-7.409800E-6	7.409800E-6	-1.886886E-7	1.886886E-7
-1.300000E-1	-6.819020E-6	6.819020E-6	-1.736445E-7	1.736445E-7
-1.200000E-1	-6.244430E-6	6.244430E-6	-1.590127E-7	1.590127E-7
-1.100000E-1	-5.676620E-6	5.676620E-6	-1.445536E-7	1.445536E-7
-1.000000E-1	-5.124040E-6	5.124040E-6	-1.304823E-7	1.304823E-7
-9.000000E-2	-4.577870E-6	4.577870E-6	-1.165742E-7	1.165742E-7
-8.000000E-2	-4.043930E-6	4.043930E-6	-1.029776E-7	1.029776E-7
-7.000000E-2	-3.516110E-6	3.516110E-6	-8.953680E-8	8.953680E-8
-6.000000E-2	-3.000260E-6	3.000260E-6	-7.640081E-8	7.640081E-8
-5.000000E-2	-2.487810E-6	2.487810E-6	-6.335141E-8	6.335141E-8
-4.000000E-2	-1.984950E-6	1.984950E-6	-5.054622E-8	5.054622E-8
-3.000000E-2	-1.484000E-6	1.484000E-6	-3.778966E-8	3.778966E-8
-2.000000E-2	-9.868460E-7	9.868460E-7	-2.512977E-8	2.512977E-8
-1.000000E-2	-4.955180E-7	4.955180E-7	-1.261823E-8	1.261823E-8
0.000000E+0	-1.441100E-9	1.441100E-9	-3.669722E-11	3.669722E-11
1.000000E-2	4.874240E-7	4.874240E-7	1.241212E-8	1.241212E-8
2.000000E-2	9.833690E-7	9.833690E-7	2.504123E-8	2.504123E-8
3.000000E-2	1.477430E-6	1.477430E-6	3.762236E-8	3.762236E-8
4.000000E-2	1.980440E-6	1.980440E-6	5.043137E-8	5.043137E-8
5.000000E-2	2.488860E-6	2.488860E-6	6.337815E-8	6.337815E-8
6.000000E-2	2.999350E-6	2.999350E-6	7.637764E-8	7.637764E-8
7.000000E-2	3.521680E-6	3.521680E-6	8.967863E-8	8.967863E-8
8.000000E-2	4.048670E-6	4.048670E-6	1.030983E-7	1.030983E-7
9.000000E-2	4.589390E-6	4.589390E-6	1.168676E-7	1.168676E-7
1.000000E-1	5.136070E-6	5.136070E-6	1.307886E-7	1.307886E-7
1.100000E-1	5.697030E-6	5.697030E-6	1.450733E-7	1.450733E-7
1.200000E-1	6.265080E-6	6.265080E-6	1.595386E-7	1.595386E-7
1.300000E-1	6.849050E-6	6.849050E-6	1.744092E-7	1.744092E-7
1.400000E-1	7.441410E-6	7.441410E-6	1.894935E-7	1.894935E-7
1.500000E-1	8.050040E-6	8.050040E-6	2.049921E-7	2.049921E-7
1.600000E-1	8.671970E-6	8.671970E-6	2.208294E-7	2.208294E-7
1.700000E-1	9.299970E-6	9.299970E-6	2.368212E-7	2.368212E-7
1.800000E-1	9.946910E-6	9.946910E-6	2.532954E-7	2.532954E-7
1.900000E-1	1.060119E-5	1.060119E-5	2.699565E-7	2.699565E-7
2.000000E-1	1.127497E-5	1.127497E-5	2.871141E-7	2.871141E-7
2.100000E-1	1.195500E-5	1.195500E-5	3.044309E-7	3.044309E-7
2.200000E-1	1.265370E-5	1.265370E-5	3.222231E-7	3.222231E-7
2.300000E-1	1.336090E-5	1.336090E-5	3.402317E-7	3.402317E-7
2.400000E-1	1.408700E-5	1.408700E-5	3.587217E-7	3.587217E-7
2.500000E-1	1.482240E-5	1.482240E-5	3.774484E-7	3.774484E-7
2.600000E-1	1.557700E-5	1.557700E-5	3.966641E-7	3.966641E-7
2.700000E-1	1.634400E-5	1.634400E-5	4.161956E-7	4.161956E-7
2.800000E-1	1.712030E-5	1.712030E-5	4.359638E-7	4.359638E-7
2.900000E-1	1.791460E-5	1.791460E-5	4.561905E-7	4.561905E-7
3.000000E-1	1.871740E-5	1.871740E-5	4.766336E-7	4.766336E-7
3.100000E-1	1.953930E-5	1.953930E-5	4.975630E-7	4.975630E-7
3.200000E-1	2.037090E-5	2.037090E-5	5.187395E-7	5.187395E-7
3.300000E-1	2.122080E-5	2.122080E-5	5.403820E-7	5.403820E-7
3.400000E-1	2.208050E-5	2.208050E-5	5.622740E-7	5.622740E-7
3.500000E-1	2.295940E-5	2.295940E-5	5.846549E-7	5.846549E-7
3.600000E-1	2.384530E-5	2.384530E-5	6.072142E-7	6.072142E-7
3.700000E-1	2.475600E-5	2.475600E-5	6.304049E-7	6.304049E-7
3.800000E-1	2.567790E-5	2.567790E-5	6.538808E-7	6.538808E-7
3.900000E-1	2.660770E-5	2.660770E-5	6.775579E-7	6.775579E-7
4.000000E-1	2.755970E-5	2.755970E-5	7.018003E-7	7.018003E-7
4.100000E-1	2.852050E-5	2.852050E-5	7.262669E-7	7.262669E-7
4.200000E-1	2.950080E-5	2.950080E-5	7.512299E-7	7.512299E-7
4.300000E-1	3.048790E-5	3.048790E-5	7.763662E-7	7.763662E-7
4.400000E-1	3.149790E-5	3.149790E-5	8.020856E-7	8.020856E-7
4.500000E-1	3.251570E-5	3.251570E-5	8.280036E-7	8.280036E-7
4.600000E-1	3.355010E-5	3.355010E-5	8.543443E-7	8.543443E-7
4.700000E-1	3.459620E-5	3.459620E-5	8.809829E-7	8.809829E-7
4.800000E-1	3.566420E-5	3.566420E-5	9.081793E-7	9.081793E-7
4.900000E-1	3.675460E-5	3.675460E-5	9.359460E-7	9.359460E-7
5.000000E-1	3.784350E-5	3.784350E-5	9.636745E-7	9.636745E-7
