

14:26:48	16/03/21


Ell Cont: 5,0x10,0

SMU1	V name:		V1
	I name:		I1
	Mode:		V
	Function:	VAR1
SMU2	V name:		V2
	I name:		I2
	Mode:		common
	Function:	const.
SMU3	off
SMU4	off
VMUs	off

Primary Source (VAR1):	single
	Sweep Spacing:	linear
	Start:		-0.500000
	Stop:		0.500000
	Step:		0.010000
	Compliance:	0.050000
Power Compliance OFF

Timing:		Integration Time:	medium
	Delay Time (sec):	0.000000
	Hold Time (sec):	0.000000
	Wait Time (sec):	1.000000

Secondary Source (VAR2):	OFF


   V1	   I1	Abs(I)	J (A\µm²)	Abs(J)
-5.000000E-1	-1.629280E-6	1.629280E-6	-4.148918E-8	4.148918E-8
-4.900000E-1	-1.585840E-6	1.585840E-6	-4.038299E-8	4.038299E-8
-4.800000E-1	-1.543470E-6	1.543470E-6	-3.930405E-8	3.930405E-8
-4.700000E-1	-1.501530E-6	1.501530E-6	-3.823606E-8	3.823606E-8
-4.600000E-1	-1.460680E-6	1.460680E-6	-3.719582E-8	3.719582E-8
-4.500000E-1	-1.419590E-6	1.419590E-6	-3.614948E-8	3.614948E-8
-4.400000E-1	-1.378960E-6	1.378960E-6	-3.511485E-8	3.511485E-8
-4.300000E-1	-1.339930E-6	1.339930E-6	-3.412096E-8	3.412096E-8
-4.200000E-1	-1.300400E-6	1.300400E-6	-3.311434E-8	3.311434E-8
-4.100000E-1	-1.260440E-6	1.260440E-6	-3.209677E-8	3.209677E-8
-4.000000E-1	-1.222770E-6	1.222770E-6	-3.113751E-8	3.113751E-8
-3.900000E-1	-1.184640E-6	1.184640E-6	-3.016654E-8	3.016654E-8
-3.800000E-1	-1.147460E-6	1.147460E-6	-2.921976E-8	2.921976E-8
-3.700000E-1	-1.110330E-6	1.110330E-6	-2.827425E-8	2.827425E-8
-3.600000E-1	-1.073170E-6	1.073170E-6	-2.732799E-8	2.732799E-8
-3.500000E-1	-1.036950E-6	1.036950E-6	-2.640565E-8	2.640565E-8
-3.400000E-1	-1.001379E-6	1.001379E-6	-2.549985E-8	2.549985E-8
-3.300000E-1	-9.652610E-7	9.652610E-7	-2.458011E-8	2.458011E-8
-3.200000E-1	-9.301740E-7	9.301740E-7	-2.368663E-8	2.368663E-8
-3.100000E-1	-8.949520E-7	8.949520E-7	-2.278971E-8	2.278971E-8
-3.000000E-1	-8.605190E-7	8.605190E-7	-2.191288E-8	2.191288E-8
-2.900000E-1	-8.266500E-7	8.266500E-7	-2.105042E-8	2.105042E-8
-2.800000E-1	-7.931260E-7	7.931260E-7	-2.019674E-8	2.019674E-8
-2.700000E-1	-7.598240E-7	7.598240E-7	-1.934871E-8	1.934871E-8
-2.600000E-1	-7.269560E-7	7.269560E-7	-1.851174E-8	1.851174E-8
-2.500000E-1	-6.945350E-7	6.945350E-7	-1.768615E-8	1.768615E-8
-2.400000E-1	-6.624100E-7	6.624100E-7	-1.686809E-8	1.686809E-8
-2.300000E-1	-6.307390E-7	6.307390E-7	-1.606160E-8	1.606160E-8
-2.200000E-1	-5.990240E-7	5.990240E-7	-1.525399E-8	1.525399E-8
-2.100000E-1	-5.680380E-7	5.680380E-7	-1.446493E-8	1.446493E-8
-2.000000E-1	-5.376980E-7	5.376980E-7	-1.369233E-8	1.369233E-8
-1.900000E-1	-5.076560E-7	5.076560E-7	-1.292732E-8	1.292732E-8
-1.800000E-1	-4.781230E-7	4.781230E-7	-1.217527E-8	1.217527E-8
-1.700000E-1	-4.487770E-7	4.487770E-7	-1.142799E-8	1.142799E-8
-1.600000E-1	-4.195630E-7	4.195630E-7	-1.068406E-8	1.068406E-8
-1.500000E-1	-3.906600E-7	3.906600E-7	-9.948052E-9	9.948052E-9
-1.400000E-1	-3.626640E-7	3.626640E-7	-9.235141E-9	9.235141E-9
-1.300000E-1	-3.346840E-7	3.346840E-7	-8.522638E-9	8.522638E-9
-1.200000E-1	-3.073090E-7	3.073090E-7	-7.825541E-9	7.825541E-9
-1.100000E-1	-2.798650E-7	2.798650E-7	-7.126687E-9	7.126687E-9
-1.000000E-1	-2.533450E-7	2.533450E-7	-6.451362E-9	6.451362E-9
-9.000000E-2	-2.265990E-7	2.265990E-7	-5.770283E-9	5.770283E-9
-8.000000E-2	-2.006400E-7	2.006400E-7	-5.109244E-9	5.109244E-9
-7.000000E-2	-1.745850E-7	1.745850E-7	-4.445760E-9	4.445760E-9
-6.000000E-2	-1.491510E-7	1.491510E-7	-3.798090E-9	3.798090E-9
-5.000000E-2	-1.237680E-7	1.237680E-7	-3.151719E-9	3.151719E-9
-4.000000E-2	-9.888230E-8	9.888230E-8	-2.518011E-9	2.518011E-9
-3.000000E-2	-7.376660E-8	7.376660E-8	-1.878447E-9	1.878447E-9
-2.000000E-2	-4.883710E-8	4.883710E-8	-1.243624E-9	1.243624E-9
-1.000000E-2	-2.419730E-8	2.419730E-8	-6.161777E-10	6.161777E-10
0.000000E+0	1.984800E-10	1.984800E-10	5.054240E-12	5.054240E-12
1.000000E-2	2.473150E-8	2.473150E-8	6.297810E-10	6.297810E-10
2.000000E-2	4.980950E-8	4.980950E-8	1.268386E-9	1.268386E-9
3.000000E-2	7.457960E-8	7.457960E-8	1.899149E-9	1.899149E-9
4.000000E-2	9.968170E-8	9.968170E-8	2.538368E-9	2.538368E-9
5.000000E-2	1.246780E-7	1.246780E-7	3.174892E-9	3.174892E-9
6.000000E-2	1.502000E-7	1.502000E-7	3.824803E-9	3.824803E-9
7.000000E-2	1.760590E-7	1.760590E-7	4.483295E-9	4.483295E-9
8.000000E-2	2.018020E-7	2.018020E-7	5.138834E-9	5.138834E-9
9.000000E-2	2.283300E-7	2.283300E-7	5.814362E-9	5.814362E-9
1.000000E-1	2.547520E-7	2.547520E-7	6.487191E-9	6.487191E-9
1.100000E-1	2.818390E-7	2.818390E-7	7.176954E-9	7.176954E-9
1.200000E-1	3.090440E-7	3.090440E-7	7.869722E-9	7.869722E-9
1.300000E-1	3.368590E-7	3.368590E-7	8.578024E-9	8.578024E-9
1.400000E-1	3.645740E-7	3.645740E-7	9.283779E-9	9.283779E-9
1.500000E-1	3.931880E-7	3.931880E-7	1.001243E-8	1.001243E-8
1.600000E-1	4.222130E-7	4.222130E-7	1.075154E-8	1.075154E-8
1.700000E-1	4.513740E-7	4.513740E-7	1.149412E-8	1.149412E-8
1.800000E-1	4.809320E-7	4.809320E-7	1.224680E-8	1.224680E-8
1.900000E-1	5.107120E-7	5.107120E-7	1.300514E-8	1.300514E-8
2.000000E-1	5.410070E-7	5.410070E-7	1.377660E-8	1.377660E-8
2.100000E-1	5.718050E-7	5.718050E-7	1.456086E-8	1.456086E-8
2.200000E-1	6.032600E-7	6.032600E-7	1.536185E-8	1.536185E-8
2.300000E-1	6.349590E-7	6.349590E-7	1.616906E-8	1.616906E-8
2.400000E-1	6.667100E-7	6.667100E-7	1.697759E-8	1.697759E-8
2.500000E-1	6.991220E-7	6.991220E-7	1.780295E-8	1.780295E-8
2.600000E-1	7.321890E-7	7.321890E-7	1.864500E-8	1.864500E-8
2.700000E-1	7.651100E-7	7.651100E-7	1.948332E-8	1.948332E-8
2.800000E-1	7.985620E-7	7.985620E-7	2.033517E-8	2.033517E-8
2.900000E-1	8.324320E-7	8.324320E-7	2.119766E-8	2.119766E-8
3.000000E-1	8.667360E-7	8.667360E-7	2.207120E-8	2.207120E-8
3.100000E-1	9.010380E-7	9.010380E-7	2.294469E-8	2.294469E-8
3.200000E-1	9.357590E-7	9.357590E-7	2.382885E-8	2.382885E-8
3.300000E-1	9.710550E-7	9.710550E-7	2.472765E-8	2.472765E-8
3.400000E-1	1.007014E-6	1.007014E-6	2.564334E-8	2.564334E-8
3.500000E-1	1.043964E-6	1.043964E-6	2.658426E-8	2.658426E-8
3.600000E-1	1.080976E-6	1.080976E-6	2.752676E-8	2.752676E-8
3.700000E-1	1.118012E-6	1.118012E-6	2.846987E-8	2.846987E-8
3.800000E-1	1.155740E-6	1.155740E-6	2.943061E-8	2.943061E-8
3.900000E-1	1.193170E-6	1.193170E-6	3.038375E-8	3.038375E-8
4.000000E-1	1.231490E-6	1.231490E-6	3.135956E-8	3.135956E-8
4.100000E-1	1.270120E-6	1.270120E-6	3.234326E-8	3.234326E-8
4.200000E-1	1.309480E-6	1.309480E-6	3.334556E-8	3.334556E-8
4.300000E-1	1.347780E-6	1.347780E-6	3.432086E-8	3.432086E-8
4.400000E-1	1.388910E-6	1.388910E-6	3.536822E-8	3.536822E-8
4.500000E-1	1.429220E-6	1.429220E-6	3.639470E-8	3.639470E-8
4.600000E-1	1.469790E-6	1.469790E-6	3.742781E-8	3.742781E-8
4.700000E-1	1.511730E-6	1.511730E-6	3.849580E-8	3.849580E-8
4.800000E-1	1.552340E-6	1.552340E-6	3.952992E-8	3.952992E-8
4.900000E-1	1.594650E-6	1.594650E-6	4.060733E-8	4.060733E-8
5.000000E-1	1.636810E-6	1.636810E-6	4.168093E-8	4.168093E-8
