

14:50:28	16/03/21


Ell Cont: 5,0x10,0

SMU1	V name:		V1
	I name:		I1
	Mode:		V
	Function:	VAR1
SMU2	V name:		V2
	I name:		I2
	Mode:		common
	Function:	const.
SMU3	off
SMU4	off
VMUs	off

Primary Source (VAR1):	single
	Sweep Spacing:	linear
	Start:		-0.500000
	Stop:		0.500000
	Step:		0.010000
	Compliance:	0.050000
Power Compliance OFF

Timing:		Integration Time:	medium
	Delay Time (sec):	0.000000
	Hold Time (sec):	0.000000
	Wait Time (sec):	1.000000

Secondary Source (VAR2):	OFF


   V1	   I1	Abs(I)	J (A\um²)	Abs(J)
-5.000000E-1	-1.327070E-4	1.327070E-4	-3.379348E-6	3.379348E-6
-4.900000E-1	-1.290950E-4	1.290950E-4	-3.287369E-6	3.287369E-6
-4.800000E-1	-1.255140E-4	1.255140E-4	-3.196180E-6	3.196180E-6
-4.700000E-1	-1.219910E-4	1.219910E-4	-3.106468E-6	3.106468E-6
-4.600000E-1	-1.184970E-4	1.184970E-4	-3.017494E-6	3.017494E-6
-4.500000E-1	-1.150640E-4	1.150640E-4	-2.930074E-6	2.930074E-6
-4.400000E-1	-1.116570E-4	1.116570E-4	-2.843315E-6	2.843315E-6
-4.300000E-1	-1.082960E-4	1.082960E-4	-2.757729E-6	2.757729E-6
-4.200000E-1	-1.049930E-4	1.049930E-4	-2.673619E-6	2.673619E-6
-4.100000E-1	-1.017080E-4	1.017080E-4	-2.589967E-6	2.589967E-6
-4.000000E-1	-9.850240E-5	9.850240E-5	-2.508337E-6	2.508337E-6
-3.900000E-1	-9.530070E-5	9.530070E-5	-2.426807E-6	2.426807E-6
-3.800000E-1	-9.216290E-5	9.216290E-5	-2.346903E-6	2.346903E-6
-3.700000E-1	-8.904800E-5	8.904800E-5	-2.267583E-6	2.267583E-6
-3.600000E-1	-8.599110E-5	8.599110E-5	-2.189740E-6	2.189740E-6
-3.500000E-1	-8.295280E-5	8.295280E-5	-2.112371E-6	2.112371E-6
-3.400000E-1	-7.997780E-5	7.997780E-5	-2.036613E-6	2.036613E-6
-3.300000E-1	-7.702280E-5	7.702280E-5	-1.961365E-6	1.961365E-6
-3.200000E-1	-7.412570E-5	7.412570E-5	-1.887591E-6	1.887591E-6
-3.100000E-1	-7.125430E-5	7.125430E-5	-1.814472E-6	1.814472E-6
-3.000000E-1	-6.843630E-5	6.843630E-5	-1.742712E-6	1.742712E-6
-2.900000E-1	-6.563610E-5	6.563610E-5	-1.671406E-6	1.671406E-6
-2.800000E-1	-6.287610E-5	6.287610E-5	-1.601123E-6	1.601123E-6
-2.700000E-1	-6.018180E-5	6.018180E-5	-1.532513E-6	1.532513E-6
-2.600000E-1	-5.750020E-5	5.750020E-5	-1.464227E-6	1.464227E-6
-2.500000E-1	-5.487590E-5	5.487590E-5	-1.397400E-6	1.397400E-6
-2.400000E-1	-5.227540E-5	5.227540E-5	-1.331179E-6	1.331179E-6
-2.300000E-1	-4.972990E-5	4.972990E-5	-1.266359E-6	1.266359E-6
-2.200000E-1	-4.720670E-5	4.720670E-5	-1.202106E-6	1.202106E-6
-2.100000E-1	-4.473330E-5	4.473330E-5	-1.139121E-6	1.139121E-6
-2.000000E-1	-4.228430E-5	4.228430E-5	-1.076758E-6	1.076758E-6
-1.900000E-1	-3.988880E-5	3.988880E-5	-1.015758E-6	1.015758E-6
-1.800000E-1	-3.751070E-5	3.751070E-5	-9.551999E-7	9.551999E-7
-1.700000E-1	-3.518670E-5	3.518670E-5	-8.960199E-7	8.960199E-7
-1.600000E-1	-3.288140E-5	3.288140E-5	-8.373160E-7	8.373160E-7
-1.500000E-1	-3.060790E-5	3.060790E-5	-7.794219E-7	7.794219E-7
-1.400000E-1	-2.839120E-5	2.839120E-5	-7.229743E-7	7.229743E-7
-1.300000E-1	-2.619150E-5	2.619150E-5	-6.669595E-7	6.669595E-7
-1.200000E-1	-2.403830E-5	2.403830E-5	-6.121288E-7	6.121288E-7
-1.100000E-1	-2.190280E-5	2.190280E-5	-5.577489E-7	5.577489E-7
-1.000000E-1	-1.981230E-5	1.981230E-5	-5.045149E-7	5.045149E-7
-9.000000E-2	-1.773470E-5	1.773470E-5	-4.516094E-7	4.516094E-7
-8.000000E-2	-1.569880E-5	1.569880E-5	-3.997657E-7	3.997657E-7
-7.000000E-2	-1.367610E-5	1.367610E-5	-3.482582E-7	3.482582E-7
-6.000000E-2	-1.168850E-5	1.168850E-5	-2.976445E-7	2.976445E-7
-5.000000E-2	-9.706110E-6	9.706110E-6	-2.471635E-7	2.471635E-7
-4.000000E-2	-7.755650E-6	7.755650E-6	-1.974955E-7	1.974955E-7
-3.000000E-2	-5.805020E-6	5.805020E-6	-1.478233E-7	1.478233E-7
-2.000000E-2	-3.862880E-6	3.862880E-6	-9.836720E-8	9.836720E-8
-1.000000E-2	-1.942360E-6	1.942360E-6	-4.946168E-8	4.946168E-8
0.000000E+0	-1.003380E-8	1.003380E-8	-2.555080E-10	2.555080E-10
1.000000E-2	1.907740E-6	1.907740E-6	4.858009E-8	4.858009E-8
2.000000E-2	3.847580E-6	3.847580E-6	9.797759E-8	9.797759E-8
3.000000E-2	5.780780E-6	5.780780E-6	1.472060E-7	1.472060E-7
4.000000E-2	7.742220E-6	7.742220E-6	1.971536E-7	1.971536E-7
5.000000E-2	9.719950E-6	9.719950E-6	2.475159E-7	2.475159E-7
6.000000E-2	1.170100E-5	1.170100E-5	2.979628E-7	2.979628E-7
7.000000E-2	1.372370E-5	1.372370E-5	3.494703E-7	3.494703E-7
8.000000E-2	1.575390E-5	1.575390E-5	4.011688E-7	4.011688E-7
9.000000E-2	1.782710E-5	1.782710E-5	4.539623E-7	4.539623E-7
1.000000E-1	1.991530E-5	1.991530E-5	5.071378E-7	5.071378E-7
1.100000E-1	2.204960E-5	2.204960E-5	5.614871E-7	5.614871E-7
1.200000E-1	2.420140E-5	2.420140E-5	6.162821E-7	6.162821E-7
1.300000E-1	2.640540E-5	2.640540E-5	6.724064E-7	6.724064E-7
1.400000E-1	2.862760E-5	2.862760E-5	7.289941E-7	7.289941E-7
1.500000E-1	3.090420E-5	3.090420E-5	7.869671E-7	7.869671E-7
1.600000E-1	3.321950E-5	3.321950E-5	8.459256E-7	8.459256E-7
1.700000E-1	3.554930E-5	3.554930E-5	9.052534E-7	9.052534E-7
1.800000E-1	3.793790E-5	3.793790E-5	9.660784E-7	9.660784E-7
1.900000E-1	4.034970E-5	4.034970E-5	1.027494E-6	1.027494E-6
2.000000E-1	4.281540E-5	4.281540E-5	1.090283E-6	1.090283E-6
2.100000E-1	4.530160E-5	4.530160E-5	1.153593E-6	1.153593E-6
2.200000E-1	4.785070E-5	4.785070E-5	1.218505E-6	1.218505E-6
2.300000E-1	5.041880E-5	5.041880E-5	1.283901E-6	1.283901E-6
2.400000E-1	5.304270E-5	5.304270E-5	1.350718E-6	1.350718E-6
2.500000E-1	5.568720E-5	5.568720E-5	1.418060E-6	1.418060E-6
2.600000E-1	5.840380E-5	5.840380E-5	1.487237E-6	1.487237E-6
2.700000E-1	6.115340E-5	6.115340E-5	1.557255E-6	1.557255E-6
2.800000E-1	6.392430E-5	6.392430E-5	1.627815E-6	1.627815E-6
2.900000E-1	6.675900E-5	6.675900E-5	1.700000E-6	1.700000E-6
3.000000E-1	6.960900E-5	6.960900E-5	1.772574E-6	1.772574E-6
3.100000E-1	7.252470E-5	7.252470E-5	1.846822E-6	1.846822E-6
3.200000E-1	7.545980E-5	7.545980E-5	1.921564E-6	1.921564E-6
3.300000E-1	7.846220E-5	7.846220E-5	1.998019E-6	1.998019E-6
3.400000E-1	8.147940E-5	8.147940E-5	2.074851E-6	2.074851E-6
3.500000E-1	8.456370E-5	8.456370E-5	2.153392E-6	2.153392E-6
3.600000E-1	8.767120E-5	8.767120E-5	2.232524E-6	2.232524E-6
3.700000E-1	9.083890E-5	9.083890E-5	2.313188E-6	2.313188E-6
3.800000E-1	9.405380E-5	9.405380E-5	2.395055E-6	2.395055E-6
3.900000E-1	9.728910E-5	9.728910E-5	2.477441E-6	2.477441E-6
4.000000E-1	1.005825E-4	1.005825E-4	2.561306E-6	2.561306E-6
4.100000E-1	1.038982E-4	1.038982E-4	2.645740E-6	2.645740E-6
4.200000E-1	1.072846E-4	1.072846E-4	2.731973E-6	2.731973E-6
4.300000E-1	1.106949E-4	1.106949E-4	2.818816E-6	2.818816E-6
4.400000E-1	1.141780E-4	1.141780E-4	2.907512E-6	2.907512E-6
4.500000E-1	1.176690E-4	1.176690E-4	2.996409E-6	2.996409E-6
4.600000E-1	1.212370E-4	1.212370E-4	3.087268E-6	3.087268E-6
4.700000E-1	1.248130E-4	1.248130E-4	3.178329E-6	3.178329E-6
4.800000E-1	1.284800E-4	1.284800E-4	3.271709E-6	3.271709E-6
4.900000E-1	1.321710E-4	1.321710E-4	3.365699E-6	3.365699E-6
5.000000E-1	1.358940E-4	1.358940E-4	3.460504E-6	3.460504E-6
