

14:20:58	16/03/21


Ell Cont: 5,0x10,0

SMU1	V name:		V1
	I name:		I1
	Mode:		V
	Function:	VAR1
SMU2	V name:		V2
	I name:		I2
	Mode:		common
	Function:	const.
SMU3	off
SMU4	off
VMUs	off

Primary Source (VAR1):	single
	Sweep Spacing:	linear
	Start:		-0.500000
	Stop:		0.500000
	Step:		0.010000
	Compliance:	0.050000
Power Compliance OFF

Timing:		Integration Time:	medium
	Delay Time (sec):	0.000000
	Hold Time (sec):	0.000000
	Wait Time (sec):	1.000000

Secondary Source (VAR2):	OFF


   V1	   I1	Abs(I)	J (A\µm²)	Abs(J)
-5.000000E-1	-3.009770E-6	3.009770E-6	-7.664298E-8	7.664298E-8
-4.900000E-1	-2.928280E-6	2.928280E-6	-7.456786E-8	7.456786E-8
-4.800000E-1	-2.845910E-6	2.845910E-6	-7.247033E-8	7.247033E-8
-4.700000E-1	-2.766890E-6	2.766890E-6	-7.045811E-8	7.045811E-8
-4.600000E-1	-2.686830E-6	2.686830E-6	-6.841940E-8	6.841940E-8
-4.500000E-1	-2.609800E-6	2.609800E-6	-6.645786E-8	6.645786E-8
-4.400000E-1	-2.533060E-6	2.533060E-6	-6.450369E-8	6.450369E-8
-4.300000E-1	-2.456410E-6	2.456410E-6	-6.255182E-8	6.255182E-8
-4.200000E-1	-2.382000E-6	2.382000E-6	-6.065699E-8	6.065699E-8
-4.100000E-1	-2.306520E-6	2.306520E-6	-5.873491E-8	5.873491E-8
-4.000000E-1	-2.234250E-6	2.234250E-6	-5.689458E-8	5.689458E-8
-3.900000E-1	-2.162220E-6	2.162220E-6	-5.506035E-8	5.506035E-8
-3.800000E-1	-2.091550E-6	2.091550E-6	-5.326076E-8	5.326076E-8
-3.700000E-1	-2.022240E-6	2.022240E-6	-5.149580E-8	5.149580E-8
-3.600000E-1	-1.953810E-6	1.953810E-6	-4.975325E-8	4.975325E-8
-3.500000E-1	-1.884890E-6	1.884890E-6	-4.799822E-8	4.799822E-8
-3.400000E-1	-1.817130E-6	1.817130E-6	-4.627273E-8	4.627273E-8
-3.300000E-1	-1.750400E-6	1.750400E-6	-4.457347E-8	4.457347E-8
-3.200000E-1	-1.684860E-6	1.684860E-6	-4.290451E-8	4.290451E-8
-3.100000E-1	-1.619410E-6	1.619410E-6	-4.123784E-8	4.123784E-8
-3.000000E-1	-1.555550E-6	1.555550E-6	-3.961166E-8	3.961166E-8
-2.900000E-1	-1.492030E-6	1.492030E-6	-3.799414E-8	3.799414E-8
-2.800000E-1	-1.429720E-6	1.429720E-6	-3.640744E-8	3.640744E-8
-2.700000E-1	-1.368440E-6	1.368440E-6	-3.484696E-8	3.484696E-8
-2.600000E-1	-1.307570E-6	1.307570E-6	-3.329692E-8	3.329692E-8
-2.500000E-1	-1.248200E-6	1.248200E-6	-3.178508E-8	3.178508E-8
-2.400000E-1	-1.189230E-6	1.189230E-6	-3.028342E-8	3.028342E-8
-2.300000E-1	-1.131250E-6	1.131250E-6	-2.880698E-8	2.880698E-8
-2.200000E-1	-1.073730E-6	1.073730E-6	-2.734225E-8	2.734225E-8
-2.100000E-1	-1.016890E-6	1.016890E-6	-2.589483E-8	2.589483E-8
-2.000000E-1	-9.611930E-7	9.611930E-7	-2.447652E-8	2.447652E-8
-1.900000E-1	-9.072590E-7	9.072590E-7	-2.310311E-8	2.310311E-8
-1.800000E-1	-8.527210E-7	8.527210E-7	-2.171431E-8	2.171431E-8
-1.700000E-1	-7.995290E-7	7.995290E-7	-2.035979E-8	2.035979E-8
-1.600000E-1	-7.469130E-7	7.469130E-7	-1.901994E-8	1.901994E-8
-1.500000E-1	-6.949910E-7	6.949910E-7	-1.769776E-8	1.769776E-8
-1.400000E-1	-6.445310E-7	6.445310E-7	-1.641281E-8	1.641281E-8
-1.300000E-1	-5.945910E-7	5.945910E-7	-1.514110E-8	1.514110E-8
-1.200000E-1	-5.454640E-7	5.454640E-7	-1.389009E-8	1.389009E-8
-1.100000E-1	-4.967190E-7	4.967190E-7	-1.264882E-8	1.264882E-8
-1.000000E-1	-4.491220E-7	4.491220E-7	-1.143677E-8	1.143677E-8
-9.000000E-2	-4.018860E-7	4.018860E-7	-1.023392E-8	1.023392E-8
-8.000000E-2	-3.555610E-7	3.555610E-7	-9.054265E-9	9.054265E-9
-7.000000E-2	-3.094810E-7	3.094810E-7	-7.880850E-9	7.880850E-9
-6.000000E-2	-2.642350E-7	2.642350E-7	-6.728673E-9	6.728673E-9
-5.000000E-2	-2.191600E-7	2.191600E-7	-5.580850E-9	5.580850E-9
-4.000000E-2	-1.749400E-7	1.749400E-7	-4.454800E-9	4.454800E-9
-3.000000E-2	-1.306870E-7	1.306870E-7	-3.327909E-9	3.327909E-9
-2.000000E-2	-8.676750E-8	8.676750E-8	-2.209511E-9	2.209511E-9
-1.000000E-2	-4.310360E-8	4.310360E-8	-1.097622E-9	1.097622E-9
0.000000E+0	2.248500E-10	2.248500E-10	5.725745E-12	5.725745E-12
1.000000E-2	4.363840E-8	4.363840E-8	1.111240E-9	1.111240E-9
2.000000E-2	8.796950E-8	8.796950E-8	2.240120E-9	2.240120E-9
3.000000E-2	1.315240E-7	1.315240E-7	3.349223E-9	3.349223E-9
4.000000E-2	1.763400E-7	1.763400E-7	4.490451E-9	4.490451E-9
5.000000E-2	2.213070E-7	2.213070E-7	5.635523E-9	5.635523E-9
6.000000E-2	2.665150E-7	2.665150E-7	6.786733E-9	6.786733E-9
7.000000E-2	3.123790E-7	3.123790E-7	7.954647E-9	7.954647E-9
8.000000E-2	3.586000E-7	3.586000E-7	9.131653E-9	9.131653E-9
9.000000E-2	4.057700E-7	4.057700E-7	1.033282E-8	1.033282E-8
1.000000E-1	4.535130E-7	4.535130E-7	1.154859E-8	1.154859E-8
1.100000E-1	5.021770E-7	5.021770E-7	1.278780E-8	1.278780E-8
1.200000E-1	5.512520E-7	5.512520E-7	1.403748E-8	1.403748E-8
1.300000E-1	6.014450E-7	6.014450E-7	1.531564E-8	1.531564E-8
1.400000E-1	6.524250E-7	6.524250E-7	1.661383E-8	1.661383E-8
1.500000E-1	7.043310E-7	7.043310E-7	1.793560E-8	1.793560E-8
1.600000E-1	7.573070E-7	7.573070E-7	1.928462E-8	1.928462E-8
1.700000E-1	8.102930E-7	8.102930E-7	2.063389E-8	2.063389E-8
1.800000E-1	8.650550E-7	8.650550E-7	2.202839E-8	2.202839E-8
1.900000E-1	9.199220E-7	9.199220E-7	2.342557E-8	2.342557E-8
2.000000E-1	9.763420E-7	9.763420E-7	2.486229E-8	2.486229E-8
2.100000E-1	1.033201E-6	1.033201E-6	2.631019E-8	2.631019E-8
2.200000E-1	1.091359E-6	1.091359E-6	2.779116E-8	2.779116E-8
2.300000E-1	1.149520E-6	1.149520E-6	2.927222E-8	2.927222E-8
2.400000E-1	1.209630E-6	1.209630E-6	3.080290E-8	3.080290E-8
2.500000E-1	1.270470E-6	1.270470E-6	3.235218E-8	3.235218E-8
2.600000E-1	1.331840E-6	1.331840E-6	3.391495E-8	3.391495E-8
2.700000E-1	1.394360E-6	1.394360E-6	3.550700E-8	3.550700E-8
2.800000E-1	1.457550E-6	1.457550E-6	3.711612E-8	3.711612E-8
2.900000E-1	1.521660E-6	1.521660E-6	3.874866E-8	3.874866E-8
3.000000E-1	1.586270E-6	1.586270E-6	4.039394E-8	4.039394E-8
3.100000E-1	1.652700E-6	1.652700E-6	4.208556E-8	4.208556E-8
3.200000E-1	1.719450E-6	1.719450E-6	4.378533E-8	4.378533E-8
3.300000E-1	1.787860E-6	1.787860E-6	4.552737E-8	4.552737E-8
3.400000E-1	1.856170E-6	1.856170E-6	4.726687E-8	4.726687E-8
3.500000E-1	1.925790E-6	1.925790E-6	4.903972E-8	4.903972E-8
3.600000E-1	1.996230E-6	1.996230E-6	5.083346E-8	5.083346E-8
3.700000E-1	2.068200E-6	2.068200E-6	5.266616E-8	5.266616E-8
3.800000E-1	2.141110E-6	2.141110E-6	5.452279E-8	5.452279E-8
3.900000E-1	2.214420E-6	2.214420E-6	5.638961E-8	5.638961E-8
4.000000E-1	2.289210E-6	2.289210E-6	5.829412E-8	5.829412E-8
4.100000E-1	2.364140E-6	2.364140E-6	6.020219E-8	6.020219E-8
4.200000E-1	2.440180E-6	2.440180E-6	6.213853E-8	6.213853E-8
4.300000E-1	2.517110E-6	2.517110E-6	6.409753E-8	6.409753E-8
4.400000E-1	2.596160E-6	2.596160E-6	6.611052E-8	6.611052E-8
4.500000E-1	2.674790E-6	2.674790E-6	6.811281E-8	6.811281E-8
4.600000E-1	2.754810E-6	2.754810E-6	7.015050E-8	7.015050E-8
4.700000E-1	2.835280E-6	2.835280E-6	7.219964E-8	7.219964E-8
4.800000E-1	2.918640E-6	2.918640E-6	7.432238E-8	7.432238E-8
4.900000E-1	3.001790E-6	3.001790E-6	7.643978E-8	7.643978E-8
5.000000E-1	3.085020E-6	3.085020E-6	7.855920E-8	7.855920E-8
