

14:57:38	16/03/21


Ell Cont: 5,0x10,0

SMU1	V name:		V1
	I name:		I1
	Mode:		V
	Function:	VAR1
SMU2	V name:		V2
	I name:		I2
	Mode:		common
	Function:	const.
SMU3	off
SMU4	off
VMUs	off

Primary Source (VAR1):	single
	Sweep Spacing:	linear
	Start:		-0.500000
	Stop:		0.500000
	Step:		0.010000
	Compliance:	0.050000
Power Compliance OFF

Timing:		Integration Time:	medium
	Delay Time (sec):	0.000000
	Hold Time (sec):	0.000000
	Wait Time (sec):	1.000000

Secondary Source (VAR2):	OFF


   V1	   I1	Abs(I)	J (A\um²)	Abs(J)
-5.000000E-1	-5.431740E-5	5.431740E-5	-1.383178E-6	1.383178E-6
-4.900000E-1	-5.274850E-5	5.274850E-5	-1.343226E-6	1.343226E-6
-4.800000E-1	-5.118610E-5	5.118610E-5	-1.303440E-6	1.303440E-6
-4.700000E-1	-4.965530E-5	4.965530E-5	-1.264459E-6	1.264459E-6
-4.600000E-1	-4.814190E-5	4.814190E-5	-1.225921E-6	1.225921E-6
-4.500000E-1	-4.665550E-5	4.665550E-5	-1.188070E-6	1.188070E-6
-4.400000E-1	-4.518310E-5	4.518310E-5	-1.150575E-6	1.150575E-6
-4.300000E-1	-4.372290E-5	4.372290E-5	-1.113392E-6	1.113392E-6
-4.200000E-1	-4.231390E-5	4.231390E-5	-1.077512E-6	1.077512E-6
-4.100000E-1	-4.090620E-5	4.090620E-5	-1.041665E-6	1.041665E-6
-4.000000E-1	-3.953670E-5	3.953670E-5	-1.006791E-6	1.006791E-6
-3.900000E-1	-3.817500E-5	3.817500E-5	-9.721161E-7	9.721161E-7
-3.800000E-1	-3.684610E-5	3.684610E-5	-9.382760E-7	9.382760E-7
-3.700000E-1	-3.552010E-5	3.552010E-5	-9.045098E-7	9.045098E-7
-3.600000E-1	-3.423530E-5	3.423530E-5	-8.717927E-7	8.717927E-7
-3.500000E-1	-3.295620E-5	3.295620E-5	-8.392208E-7	8.392208E-7
-3.400000E-1	-3.170770E-5	3.170770E-5	-8.074281E-7	8.074281E-7
-3.300000E-1	-3.046550E-5	3.046550E-5	-7.757958E-7	7.757958E-7
-3.200000E-1	-2.926540E-5	2.926540E-5	-7.452355E-7	7.452355E-7
-3.100000E-1	-2.806490E-5	2.806490E-5	-7.146651E-7	7.146651E-7
-3.000000E-1	-2.690020E-5	2.690020E-5	-6.850064E-7	6.850064E-7
-2.900000E-1	-2.574290E-5	2.574290E-5	-6.555360E-7	6.555360E-7
-2.800000E-1	-2.460760E-5	2.460760E-5	-6.266259E-7	6.266259E-7
-2.700000E-1	-2.349760E-5	2.349760E-5	-5.983601E-7	5.983601E-7
-2.600000E-1	-2.240260E-5	2.240260E-5	-5.704762E-7	5.704762E-7
-2.500000E-1	-2.133150E-5	2.133150E-5	-5.432009E-7	5.432009E-7
-2.400000E-1	-2.027610E-5	2.027610E-5	-5.163254E-7	5.163254E-7
-2.300000E-1	-1.924670E-5	1.924670E-5	-4.901120E-7	4.901120E-7
-2.200000E-1	-1.822500E-5	1.822500E-5	-4.640947E-7	4.640947E-7
-2.100000E-1	-1.723090E-5	1.723090E-5	-4.387802E-7	4.387802E-7
-2.000000E-1	-1.625250E-5	1.625250E-5	-4.138655E-7	4.138655E-7
-1.900000E-1	-1.529960E-5	1.529960E-5	-3.896002E-7	3.896002E-7
-1.800000E-1	-1.435460E-5	1.435460E-5	-3.655360E-7	3.655360E-7
-1.700000E-1	-1.343600E-5	1.343600E-5	-3.421441E-7	3.421441E-7
-1.600000E-1	-1.252880E-5	1.252880E-5	-3.190425E-7	3.190425E-7
-1.500000E-1	-1.163770E-5	1.163770E-5	-2.963509E-7	2.963509E-7
-1.400000E-1	-1.077290E-5	1.077290E-5	-2.743290E-7	2.743290E-7
-1.300000E-1	-9.917650E-6	9.917650E-6	-2.525503E-7	2.525503E-7
-1.200000E-1	-9.084010E-6	9.084010E-6	-2.313219E-7	2.313219E-7
-1.100000E-1	-8.261080E-6	8.261080E-6	-2.103662E-7	2.103662E-7
-1.000000E-1	-7.458780E-6	7.458780E-6	-1.899358E-7	1.899358E-7
-9.000000E-2	-6.665130E-6	6.665130E-6	-1.697257E-7	1.697257E-7
-8.000000E-2	-5.891280E-6	5.891280E-6	-1.500199E-7	1.500199E-7
-7.000000E-2	-5.124010E-6	5.124010E-6	-1.304815E-7	1.304815E-7
-6.000000E-2	-4.372980E-6	4.372980E-6	-1.113568E-7	1.113568E-7
-5.000000E-2	-3.626760E-6	3.626760E-6	-9.235447E-8	9.235447E-8
-4.000000E-2	-2.894990E-6	2.894990E-6	-7.372014E-8	7.372014E-8
-3.000000E-2	-2.164850E-6	2.164850E-6	-5.512732E-8	5.512732E-8
-2.000000E-2	-1.439230E-6	1.439230E-6	-3.664960E-8	3.664960E-8
-1.000000E-2	-7.234460E-7	7.234460E-7	-1.842236E-8	1.842236E-8
0.000000E+0	-1.756960E-9	1.756960E-9	-4.474051E-11	4.474051E-11
1.000000E-2	7.107160E-7	7.107160E-7	1.809819E-8	1.809819E-8
2.000000E-2	1.433520E-6	1.433520E-6	3.650420E-8	3.650420E-8
3.000000E-2	2.154980E-6	2.154980E-6	5.487599E-8	5.487599E-8
4.000000E-2	2.887420E-6	2.887420E-6	7.352737E-8	7.352737E-8
5.000000E-2	3.627380E-6	3.627380E-6	9.237026E-8	9.237026E-8
6.000000E-2	4.371340E-6	4.371340E-6	1.113150E-7	1.113150E-7
7.000000E-2	5.131750E-6	5.131750E-6	1.306786E-7	1.306786E-7
8.000000E-2	5.897840E-6	5.897840E-6	1.501869E-7	1.501869E-7
9.000000E-2	6.683210E-6	6.683210E-6	1.701861E-7	1.701861E-7
1.000000E-1	7.475210E-6	7.475210E-6	1.903542E-7	1.903542E-7
1.100000E-1	8.290310E-6	8.290310E-6	2.111105E-7	2.111105E-7
1.200000E-1	9.113720E-6	9.113720E-6	2.320784E-7	2.320784E-7
1.300000E-1	9.960380E-6	9.960380E-6	2.536384E-7	2.536384E-7
1.400000E-1	1.081674E-5	1.081674E-5	2.754454E-7	2.754454E-7
1.500000E-1	1.169850E-5	1.169850E-5	2.978992E-7	2.978992E-7
1.600000E-1	1.259780E-5	1.259780E-5	3.207996E-7	3.207996E-7
1.700000E-1	1.350950E-5	1.350950E-5	3.440158E-7	3.440158E-7
1.800000E-1	1.444540E-5	1.444540E-5	3.678482E-7	3.678482E-7
1.900000E-1	1.539230E-5	1.539230E-5	3.919608E-7	3.919608E-7
2.000000E-1	1.636680E-5	1.636680E-5	4.167762E-7	4.167762E-7
2.100000E-1	1.735180E-5	1.735180E-5	4.418589E-7	4.418589E-7
2.200000E-1	1.836360E-5	1.836360E-5	4.676241E-7	4.676241E-7
2.300000E-1	1.939040E-5	1.939040E-5	4.937713E-7	4.937713E-7
2.400000E-1	2.044170E-5	2.044170E-5	5.205424E-7	5.205424E-7
2.500000E-1	2.150780E-5	2.150780E-5	5.476903E-7	5.476903E-7
2.600000E-1	2.259940E-5	2.259940E-5	5.754876E-7	5.754876E-7
2.700000E-1	2.371350E-5	2.371350E-5	6.038579E-7	6.038579E-7
2.800000E-1	2.483410E-5	2.483410E-5	6.323937E-7	6.323937E-7
2.900000E-1	2.598930E-5	2.598930E-5	6.618105E-7	6.618105E-7
3.000000E-1	2.715450E-5	2.715450E-5	6.914820E-7	6.914820E-7
3.100000E-1	2.834840E-5	2.834840E-5	7.218844E-7	7.218844E-7
3.200000E-1	2.955680E-5	2.955680E-5	7.526560E-7	7.526560E-7
3.300000E-1	3.078870E-5	3.078870E-5	7.840260E-7	7.840260E-7
3.400000E-1	3.203690E-5	3.203690E-5	8.158110E-7	8.158110E-7
3.500000E-1	3.331300E-5	3.331300E-5	8.483066E-7	8.483066E-7
3.600000E-1	3.460070E-5	3.460070E-5	8.810975E-7	8.810975E-7
3.700000E-1	3.592340E-5	3.592340E-5	9.147797E-7	9.147797E-7
3.800000E-1	3.726560E-5	3.726560E-5	9.489585E-7	9.489585E-7
3.900000E-1	3.862570E-5	3.862570E-5	9.835931E-7	9.835931E-7
4.000000E-1	4.000890E-5	4.000890E-5	1.018816E-6	1.018816E-6
4.100000E-1	4.140170E-5	4.140170E-5	1.054283E-6	1.054283E-6
4.200000E-1	4.282570E-5	4.282570E-5	1.090545E-6	1.090545E-6
4.300000E-1	4.426620E-5	4.426620E-5	1.127227E-6	1.127227E-6
4.400000E-1	4.573440E-5	4.573440E-5	1.164614E-6	1.164614E-6
4.500000E-1	4.722650E-5	4.722650E-5	1.202610E-6	1.202610E-6
4.600000E-1	4.874390E-5	4.874390E-5	1.241250E-6	1.241250E-6
4.700000E-1	5.027110E-5	5.027110E-5	1.280140E-6	1.280140E-6
4.800000E-1	5.183580E-5	5.183580E-5	1.319985E-6	1.319985E-6
4.900000E-1	5.341950E-5	5.341950E-5	1.360313E-6	1.360313E-6
5.000000E-1	5.502060E-5	5.502060E-5	1.401085E-6	1.401085E-6
