

14:55:46	16/03/21


Ell Cont: 5,0x10,0

SMU1	V name:		V1
	I name:		I1
	Mode:		V
	Function:	VAR1
SMU2	V name:		V2
	I name:		I2
	Mode:		common
	Function:	const.
SMU3	off
SMU4	off
VMUs	off

Primary Source (VAR1):	single
	Sweep Spacing:	linear
	Start:		-0.500000
	Stop:		0.500000
	Step:		0.010000
	Compliance:	0.050000
Power Compliance OFF

Timing:		Integration Time:	medium
	Delay Time (sec):	0.000000
	Hold Time (sec):	0.000000
	Wait Time (sec):	1.000000

Secondary Source (VAR2):	OFF


   V1	   I1	Abs(I)	J (A\um²)	Abs(J)
-5.000000E-1	-1.587640E-4	1.587640E-4	-4.042883E-6	4.042883E-6
-4.900000E-1	-1.535210E-4	1.535210E-4	-3.909371E-6	3.909371E-6
-4.800000E-1	-1.483490E-4	1.483490E-4	-3.777667E-6	3.777667E-6
-4.700000E-1	-1.433060E-4	1.433060E-4	-3.649249E-6	3.649249E-6
-4.600000E-1	-1.383360E-4	1.383360E-4	-3.522689E-6	3.522689E-6
-4.500000E-1	-1.334820E-4	1.334820E-4	-3.399083E-6	3.399083E-6
-4.400000E-1	-1.286940E-4	1.286940E-4	-3.277158E-6	3.277158E-6
-4.300000E-1	-1.240040E-4	1.240040E-4	-3.157729E-6	3.157729E-6
-4.200000E-1	-1.194380E-4	1.194380E-4	-3.041457E-6	3.041457E-6
-4.100000E-1	-1.149340E-4	1.149340E-4	-2.926763E-6	2.926763E-6
-4.000000E-1	-1.105580E-4	1.105580E-4	-2.815330E-6	2.815330E-6
-3.900000E-1	-1.062460E-4	1.062460E-4	-2.705526E-6	2.705526E-6
-3.800000E-1	-1.020590E-4	1.020590E-4	-2.598905E-6	2.598905E-6
-3.700000E-1	-9.793120E-5	9.793120E-5	-2.493792E-6	2.493792E-6
-3.600000E-1	-9.392200E-5	9.392200E-5	-2.391698E-6	2.391698E-6
-3.500000E-1	-8.997110E-5	8.997110E-5	-2.291090E-6	2.291090E-6
-3.400000E-1	-8.614750E-5	8.614750E-5	-2.193723E-6	2.193723E-6
-3.300000E-1	-8.237180E-5	8.237180E-5	-2.097576E-6	2.097576E-6
-3.200000E-1	-7.871320E-5	7.871320E-5	-2.004410E-6	2.004410E-6
-3.100000E-1	-7.512100E-5	7.512100E-5	-1.912936E-6	1.912936E-6
-3.000000E-1	-7.163490E-5	7.163490E-5	-1.824163E-6	1.824163E-6
-2.900000E-1	-6.820690E-5	6.820690E-5	-1.736870E-6	1.736870E-6
-2.800000E-1	-6.486720E-5	6.486720E-5	-1.651826E-6	1.651826E-6
-2.700000E-1	-6.163330E-5	6.163330E-5	-1.569475E-6	1.569475E-6
-2.600000E-1	-5.845480E-5	5.845480E-5	-1.488536E-6	1.488536E-6
-2.500000E-1	-5.537830E-5	5.537830E-5	-1.410194E-6	1.410194E-6
-2.400000E-1	-5.236760E-5	5.236760E-5	-1.333527E-6	1.333527E-6
-2.300000E-1	-4.945700E-5	4.945700E-5	-1.259409E-6	1.259409E-6
-2.200000E-1	-4.660330E-5	4.660330E-5	-1.186741E-6	1.186741E-6
-2.100000E-1	-4.384580E-5	4.384580E-5	-1.116522E-6	1.116522E-6
-2.000000E-1	-4.114350E-5	4.114350E-5	-1.047708E-6	1.047708E-6
-1.900000E-1	-3.853910E-5	3.853910E-5	-9.813878E-7	9.813878E-7
-1.800000E-1	-3.598120E-5	3.598120E-5	-9.162516E-7	9.162516E-7
-1.700000E-1	-3.351920E-5	3.351920E-5	-8.535574E-7	8.535574E-7
-1.600000E-1	-3.110690E-5	3.110690E-5	-7.921288E-7	7.921288E-7
-1.500000E-1	-2.876340E-5	2.876340E-5	-7.324522E-7	7.324522E-7
-1.400000E-1	-2.650220E-5	2.650220E-5	-6.748714E-7	6.748714E-7
-1.300000E-1	-2.428800E-5	2.428800E-5	-6.184874E-7	6.184874E-7
-1.200000E-1	-2.215310E-5	2.215310E-5	-5.641227E-7	5.641227E-7
-1.100000E-1	-2.006790E-5	2.006790E-5	-5.110237E-7	5.110237E-7
-1.000000E-1	-1.805110E-5	1.805110E-5	-4.596664E-7	4.596664E-7
-9.000000E-2	-1.607000E-5	1.607000E-5	-4.092182E-7	4.092182E-7
-8.000000E-2	-1.415410E-5	1.415410E-5	-3.604303E-7	3.604303E-7
-7.000000E-2	-1.227260E-5	1.227260E-5	-3.125185E-7	3.125185E-7
-6.000000E-2	-1.044630E-5	1.044630E-5	-2.660122E-7	2.660122E-7
-5.000000E-2	-8.642680E-6	8.642680E-6	-2.200835E-7	2.200835E-7
-4.000000E-2	-6.883680E-6	6.883680E-6	-1.752911E-7	1.752911E-7
-3.000000E-2	-5.138870E-6	5.138870E-6	-1.308599E-7	1.308599E-7
-2.000000E-2	-3.412690E-6	3.412690E-6	-8.690323E-8	8.690323E-8
-1.000000E-2	-1.713600E-6	1.713600E-6	-4.363636E-8	4.363636E-8
0.000000E+0	-9.246800E-9	9.246800E-9	-2.354673E-10	2.354673E-10
1.000000E-2	1.681160E-6	1.681160E-6	4.281029E-8	4.281029E-8
2.000000E-2	3.392770E-6	3.392770E-6	8.639598E-8	8.639598E-8
3.000000E-2	5.103620E-6	5.103620E-6	1.299623E-7	1.299623E-7
4.000000E-2	6.846260E-6	6.846260E-6	1.743382E-7	1.743382E-7
5.000000E-2	8.616170E-6	8.616170E-6	2.194085E-7	2.194085E-7
6.000000E-2	1.040288E-5	1.040288E-5	2.649065E-7	2.649065E-7
7.000000E-2	1.223770E-5	1.223770E-5	3.116297E-7	3.116297E-7
8.000000E-2	1.410230E-5	1.410230E-5	3.591113E-7	3.591113E-7
9.000000E-2	1.602560E-5	1.602560E-5	4.080876E-7	4.080876E-7
1.000000E-1	1.798310E-5	1.798310E-5	4.579348E-7	4.579348E-7
1.100000E-1	2.001080E-5	2.001080E-5	5.095696E-7	5.095696E-7
1.200000E-1	2.207880E-5	2.207880E-5	5.622307E-7	5.622307E-7
1.300000E-1	2.422120E-5	2.422120E-5	6.167863E-7	6.167863E-7
1.400000E-1	2.641140E-5	2.641140E-5	6.725592E-7	6.725592E-7
1.500000E-1	2.868040E-5	2.868040E-5	7.303387E-7	7.303387E-7
1.600000E-1	3.101680E-5	3.101680E-5	7.898345E-7	7.898345E-7
1.700000E-1	3.339760E-5	3.339760E-5	8.504609E-7	8.504609E-7
1.800000E-1	3.587170E-5	3.587170E-5	9.134632E-7	9.134632E-7
1.900000E-1	3.839330E-5	3.839330E-5	9.776751E-7	9.776751E-7
2.000000E-1	4.100760E-5	4.100760E-5	1.044248E-6	1.044248E-6
2.100000E-1	4.367720E-5	4.367720E-5	1.112228E-6	1.112228E-6
2.200000E-1	4.644140E-5	4.644140E-5	1.182618E-6	1.182618E-6
2.300000E-1	4.925160E-5	4.925160E-5	1.254179E-6	1.254179E-6
2.400000E-1	5.217060E-5	5.217060E-5	1.328510E-6	1.328510E-6
2.500000E-1	5.514300E-5	5.514300E-5	1.404202E-6	1.404202E-6
2.600000E-1	5.822690E-5	5.822690E-5	1.482732E-6	1.482732E-6
2.700000E-1	6.138340E-5	6.138340E-5	1.563112E-6	1.563112E-6
2.800000E-1	6.459890E-5	6.459890E-5	1.644994E-6	1.644994E-6
2.900000E-1	6.792160E-5	6.792160E-5	1.729605E-6	1.729605E-6
3.000000E-1	7.130070E-5	7.130070E-5	1.815653E-6	1.815653E-6
3.100000E-1	7.479400E-5	7.479400E-5	1.904609E-6	1.904609E-6
3.200000E-1	7.834060E-5	7.834060E-5	1.994922E-6	1.994922E-6
3.300000E-1	8.200950E-5	8.200950E-5	2.088350E-6	2.088350E-6
3.400000E-1	8.572360E-5	8.572360E-5	2.182928E-6	2.182928E-6
3.500000E-1	8.955510E-5	8.955510E-5	2.280497E-6	2.280497E-6
3.600000E-1	9.345440E-5	9.345440E-5	2.379791E-6	2.379791E-6
3.700000E-1	9.745100E-5	9.745100E-5	2.481564E-6	2.481564E-6
3.800000E-1	1.015525E-4	1.015525E-4	2.586007E-6	2.586007E-6
3.900000E-1	1.057330E-4	1.057330E-4	2.692462E-6	2.692462E-6
4.000000E-1	1.100171E-4	1.100171E-4	2.801556E-6	2.801556E-6
4.100000E-1	1.143620E-4	1.143620E-4	2.912198E-6	2.912198E-6
4.200000E-1	1.188430E-4	1.188430E-4	3.026305E-6	3.026305E-6
4.300000E-1	1.233720E-4	1.233720E-4	3.141635E-6	3.141635E-6
4.400000E-1	1.280330E-4	1.280330E-4	3.260326E-6	3.260326E-6
4.500000E-1	1.327490E-4	1.327490E-4	3.380418E-6	3.380418E-6
4.600000E-1	1.376020E-4	1.376020E-4	3.503998E-6	3.503998E-6
4.700000E-1	1.425190E-4	1.425190E-4	3.629208E-6	3.629208E-6
4.800000E-1	1.475720E-4	1.475720E-4	3.757881E-6	3.757881E-6
4.900000E-1	1.527180E-4	1.527180E-4	3.888923E-6	3.888923E-6
5.000000E-1	1.579140E-4	1.579140E-4	4.021238E-6	4.021238E-6
